model,match_date,match_round,match_id,match_home_team,match_away_team,player_id,player_first_name,player_last_name,player_team,brownlow_votes
FeelingDusty,7/03/2024,0,16586,Sydney,Melbourne,11945,Steven,May,Melbourne,0.012204993
FeelingDusty,7/03/2024,0,16586,Sydney,Melbourne,13048,Jacob,van Rooyen,Melbourne,0
FeelingDusty,7/03/2024,0,16586,Sydney,Melbourne,12280,Christian,Salem,Melbourne,0.040514813
FeelingDusty,7/03/2024,0,16586,Sydney,Melbourne,13036,Judd,McVee,Melbourne,0
FeelingDusty,7/03/2024,0,16586,Sydney,Melbourne,12437,Christian,Petracca,Melbourne,0.045844905
FeelingDusty,7/03/2024,0,16586,Sydney,Melbourne,13099,Caleb,Windsor,Melbourne,0.001499702
FeelingDusty,7/03/2024,0,16586,Sydney,Melbourne,12152,Jack,Viney,Melbourne,1.415330097
FeelingDusty,7/03/2024,0,16586,Sydney,Melbourne,12359,Jake,Lever,Melbourne,0.000144447
FeelingDusty,7/03/2024,0,16586,Sydney,Melbourne,12628,Charlie,Spargo,Melbourne,0
FeelingDusty,7/03/2024,0,16586,Sydney,Melbourne,11972,Max,Gawn,Melbourne,0.017790394
FeelingDusty,7/03/2024,0,16586,Sydney,Melbourne,12411,Clayton,Oliver,Melbourne,0.144152381
FeelingDusty,7/03/2024,0,16586,Sydney,Melbourne,12255,Jack,Billings,Melbourne,0
FeelingDusty,7/03/2024,0,16586,Sydney,Melbourne,12401,Ed,Langdon,Melbourne,0.001499702
FeelingDusty,7/03/2024,0,16586,Sydney,Melbourne,13035,Bailey,Laurie,Melbourne,0
FeelingDusty,7/03/2024,0,16586,Sydney,Melbourne,12933,Jake,Bowey,Melbourne,0
FeelingDusty,7/03/2024,0,16586,Sydney,Melbourne,12423,Josh,Schache,Melbourne,0
FeelingDusty,7/03/2024,0,16586,Sydney,Melbourne,12034,Adam,Tomlinson,Melbourne,0.000144447
FeelingDusty,7/03/2024,0,16586,Sydney,Melbourne,13098,Blake,Howes,Melbourne,0.000144447
FeelingDusty,7/03/2024,0,16586,Sydney,Melbourne,12778,Trent,Rivers,Melbourne,0
FeelingDusty,7/03/2024,0,16586,Sydney,Melbourne,12375,Alex,Neal-Bullen,Melbourne,0
FeelingDusty,7/03/2024,0,16586,Sydney,Melbourne,12603,Bayley,Fritsch,Melbourne,0.040865502
FeelingDusty,7/03/2024,0,16586,Sydney,Melbourne,12692,Tom,Sparrow,Melbourne,0
FeelingDusty,7/03/2024,0,16586,Sydney,Melbourne,12756,Kade,Chandler,Melbourne,0
FeelingDusty,7/03/2024,0,16586,Sydney,Melbourne,12799,Chad,Warner,Sydney,0.3304408
FeelingDusty,7/03/2024,0,16586,Sydney,Melbourne,12745,Hayden,McLean,Sydney,0.001468304
FeelingDusty,7/03/2024,0,16586,Sydney,Melbourne,12223,Brodie,Grundy,Sydney,1.589024353
FeelingDusty,7/03/2024,0,16586,Sydney,Melbourne,12331,Isaac,Heeney,Sydney,2.010821039
FeelingDusty,7/03/2024,0,16586,Sydney,Melbourne,12863,Logan,McDonald,Sydney,0.001468304
FeelingDusty,7/03/2024,0,16586,Sydney,Melbourne,12038,Harry,Cunningham,Sydney,0.005616102
FeelingDusty,7/03/2024,0,16586,Sydney,Melbourne,12715,James,Rowbottom,Sydney,0.014517315
FeelingDusty,7/03/2024,0,16586,Sydney,Melbourne,12516,Will,Hayward,Sydney,0.001468304
FeelingDusty,7/03/2024,0,16586,Sydney,Melbourne,12419,Tom,Papley,Sydney,0.0209484
FeelingDusty,7/03/2024,0,16586,Sydney,Melbourne,12501,Oliver,Florent,Sydney,0.001468304
FeelingDusty,7/03/2024,0,16586,Sydney,Melbourne,12820,Sam,Wicks,Sydney,0.001468304
FeelingDusty,7/03/2024,0,16586,Sydney,Melbourne,12865,Braeden,Campbell,Sydney,0.001468304
FeelingDusty,7/03/2024,0,16586,Sydney,Melbourne,12853,James,Jordon,Sydney,0.003692868
FeelingDusty,7/03/2024,0,16586,Sydney,Melbourne,12864,Errol,Gulden,Sydney,0.003450898
FeelingDusty,7/03/2024,0,16586,Sydney,Melbourne,12699,Nick,Blakey,Sydney,0.277535288
FeelingDusty,7/03/2024,0,16586,Sydney,Melbourne,12148,Dane,Rampe,Sydney,0.003336589
FeelingDusty,7/03/2024,0,16586,Sydney,Melbourne,12711,Justin,McInerney,Sydney,0.003684804
FeelingDusty,7/03/2024,0,16586,Sydney,Melbourne,12634,Tom,McCartin,Sydney,0.002711671
FeelingDusty,7/03/2024,0,16586,Sydney,Melbourne,12993,Matt,Roberts,Sydney,0
FeelingDusty,7/03/2024,0,16586,Sydney,Melbourne,12847,Joel,Amartey,Sydney,0.001468304
FeelingDusty,7/03/2024,0,16586,Sydney,Melbourne,12515,Robbie,Fox,Sydney,0
FeelingDusty,7/03/2024,0,16586,Sydney,Melbourne,12533,Lewis,Melican,Sydney,0.002337613
FeelingDusty,7/03/2024,0,16586,Sydney,Melbourne,12275,Jake,Lloyd,Sydney,0.001468304
FeelingDusty,8/03/2024,0,16587,Brisbane,Carlton,12969,Kai,Lohmann,Brisbane,0.000561244
FeelingDusty,8/03/2024,0,16587,Brisbane,Carlton,12205,Joe,Daniher,Brisbane,0.001097436
FeelingDusty,8/03/2024,0,16587,Brisbane,Carlton,12412,Callum,Ah Chee,Brisbane,0.008769187
FeelingDusty,8/03/2024,0,16587,Brisbane,Carlton,12421,Josh,Dunkley,Brisbane,0.595074935
FeelingDusty,8/03/2024,0,16587,Brisbane,Carlton,12526,Hugh,McCluggage,Brisbane,0.000182765
FeelingDusty,8/03/2024,0,16587,Brisbane,Carlton,12525,Jarrod,Berry,Brisbane,0.000561244
FeelingDusty,8/03/2024,0,16587,Brisbane,Carlton,12061,Lachie,Neale,Brisbane,0.193203971
FeelingDusty,8/03/2024,0,16587,Brisbane,Carlton,12094,Lincoln,McCarthy,Brisbane,0
FeelingDusty,8/03/2024,0,16587,Brisbane,Carlton,12082,Dayne,Zorko,Brisbane,0.31766351
FeelingDusty,8/03/2024,0,16587,Brisbane,Carlton,12594,Cam,Rayner,Brisbane,0.005561309
FeelingDusty,8/03/2024,0,16587,Brisbane,Carlton,12073,Jarryd,Lyons,Brisbane,0.04474294
FeelingDusty,8/03/2024,0,16587,Brisbane,Carlton,12838,Keidean,Coleman,Brisbane,0.001822132
FeelingDusty,8/03/2024,0,16587,Brisbane,Carlton,12284,Charlie,Cameron,Brisbane,0.000561244
FeelingDusty,8/03/2024,0,16587,Brisbane,Carlton,12274,Darcy,Gardiner,Brisbane,0.000561244
FeelingDusty,8/03/2024,0,16587,Brisbane,Carlton,13072,Jaspa,Fletcher,Brisbane,0.00378786
FeelingDusty,8/03/2024,0,16587,Brisbane,Carlton,12462,Eric,Hipwood,Brisbane,0.000561244
FeelingDusty,8/03/2024,0,16587,Brisbane,Carlton,12347,Harris,Andrews,Brisbane,0.027737943
FeelingDusty,8/03/2024,0,16587,Brisbane,Carlton,12617,Zac,Bailey,Brisbane,0.009269772
FeelingDusty,8/03/2024,0,16587,Brisbane,Carlton,11901,Ryan,Lester,Brisbane,0.001822132
FeelingDusty,8/03/2024,0,16587,Brisbane,Carlton,12673,Brandon,Starcevich,Brisbane,0.000561244
FeelingDusty,8/03/2024,0,16587,Brisbane,Carlton,12815,Jack,Payne,Brisbane,0.001822132
FeelingDusty,8/03/2024,0,16587,Brisbane,Carlton,13027,Darcy,Wilmot,Brisbane,0.1173119
FeelingDusty,8/03/2024,0,16587,Brisbane,Carlton,12625,Oscar,McInerney,Brisbane,0.040152728
FeelingDusty,8/03/2024,0,16587,Brisbane,Carlton,13029,Oliver,Hollands,Carlton,0.00253456
FeelingDusty,8/03/2024,0,16587,Brisbane,Carlton,12610,Adam,Cerra,Carlton,0.305609689
FeelingDusty,8/03/2024,0,16587,Brisbane,Carlton,12181,Zac,Williams,Carlton,0.004551136
FeelingDusty,8/03/2024,0,16587,Brisbane,Carlton,12463,Matthew,Kennedy,Carlton,0.001652483
FeelingDusty,8/03/2024,0,16587,Brisbane,Carlton,12604,Lachie,Fogarty,Carlton,0.082627925
FeelingDusty,8/03/2024,0,16587,Brisbane,Carlton,12269,Patrick,Cripps,Carlton,0.104050554
FeelingDusty,8/03/2024,0,16587,Brisbane,Carlton,12575,Harry,McKay,Carlton,2.088484286
FeelingDusty,8/03/2024,0,16587,Brisbane,Carlton,12415,Mitch,McGovern,Carlton,0.0507137
FeelingDusty,8/03/2024,0,16587,Brisbane,Carlton,12681,Tom,De Koning,Carlton,0.004879099
FeelingDusty,8/03/2024,0,16587,Brisbane,Carlton,12282,Blake,Acres,Carlton,0.168196432
FeelingDusty,8/03/2024,0,16587,Brisbane,Carlton,12308,Orazio,Fantasia,Carlton,0.001652483
FeelingDusty,8/03/2024,0,16587,Brisbane,Carlton,12175,Sam,Docherty,Carlton,0.004879099
FeelingDusty,8/03/2024,0,16587,Brisbane,Carlton,12980,Jack,Carroll,Carlton,0.001652483
FeelingDusty,8/03/2024,0,16587,Brisbane,Carlton,12938,Brodie,Kemp,Carlton,0.001652483
FeelingDusty,8/03/2024,0,16587,Brisbane,Carlton,12517,Nic,Newman,Carlton,0.02395732
FeelingDusty,8/03/2024,0,16587,Brisbane,Carlton,12484,David,Cuningham,Carlton,0.000807488
FeelingDusty,8/03/2024,0,16587,Brisbane,Carlton,12417,George,Hewett,Carlton,1.082770125
FeelingDusty,8/03/2024,0,16587,Brisbane,Carlton,12428,Charlie,Curnow,Carlton,0.676684436
FeelingDusty,8/03/2024,0,16587,Brisbane,Carlton,12567,Lewis,Young,Carlton,0.002461528
FeelingDusty,8/03/2024,0,16587,Brisbane,Carlton,12965,Jordan,Boyd,Carlton,0.010574238
FeelingDusty,8/03/2024,0,16587,Brisbane,Carlton,12330,Adam,Saad,Carlton,0.002913371
FeelingDusty,8/03/2024,0,16587,Brisbane,Carlton,12842,Matthew,Owies,Carlton,0.001652483
FeelingDusty,8/03/2024,0,16587,Brisbane,Carlton,12823,Matthew,Cottrell,Carlton,0.001652483
FeelingDusty,9/03/2024,0,16588,Gold Coast,Richmond,12825,Sam,Flanders,Gold Coast,0.190077669
FeelingDusty,9/03/2024,0,16588,Gold Coast,Richmond,12039,Brandon,Ellis,Gold Coast,0.005006644
FeelingDusty,9/03/2024,0,16588,Gold Coast,Richmond,12086,Alex,Sexton,Gold Coast,0.011013768
FeelingDusty,9/03/2024,0,16588,Gold Coast,Richmond,12314,Nick,Holman,Gold Coast,0.000768455
FeelingDusty,9/03/2024,0,16588,Gold Coast,Richmond,12489,Brayden,Fiorini,Gold Coast,0.07876572
FeelingDusty,9/03/2024,0,16588,Gold Coast,Richmond,12506,Ben,Ainsworth,Gold Coast,0.001990668
FeelingDusty,9/03/2024,0,16588,Gold Coast,Richmond,12631,Charlie,Ballard,Gold Coast,0.006942094
FeelingDusty,9/03/2024,0,16588,Gold Coast,Richmond,12329,Touk,Miller,Gold Coast,0.83817115
FeelingDusty,9/03/2024,0,16588,Gold Coast,Richmond,12703,Jack,Lukosius,Gold Coast,0.006011627
FeelingDusty,9/03/2024,0,16588,Gold Coast,Richmond,12767,Noah,Anderson,Gold Coast,0.19009951
FeelingDusty,9/03/2024,0,16588,Gold Coast,Richmond,12776,Thomas,Berry,Gold Coast,0.001990668
FeelingDusty,9/03/2024,0,16588,Gold Coast,Richmond,12769,Matt,Rowell,Gold Coast,2.92235951
FeelingDusty,9/03/2024,0,16588,Gold Coast,Richmond,13050,Bailey,Humphrey,Gold Coast,0.001990668
FeelingDusty,9/03/2024,0,16588,Gold Coast,Richmond,11923,David,Swallow,Gold Coast,0.001990668
FeelingDusty,9/03/2024,0,16588,Gold Coast,Richmond,12453,Sam,Collins,Gold Coast,0.045152407
FeelingDusty,9/03/2024,0,16588,Gold Coast,Richmond,12658,Wil,Powell,Gold Coast,1.027057455
FeelingDusty,9/03/2024,0,16588,Gold Coast,Richmond,12184,Jarrod,Witts,Gold Coast,0.13599246
FeelingDusty,9/03/2024,0,16588,Gold Coast,Richmond,12121,Levi,Casboult,Gold Coast,0.001243415
FeelingDusty,9/03/2024,0,16588,Gold Coast,Richmond,13037,Bodhi,Uwland,Gold Coast,0.001990668
FeelingDusty,9/03/2024,0,16588,Gold Coast,Richmond,12728,Ben,King,Gold Coast,0.429768319
FeelingDusty,9/03/2024,0,16588,Gold Coast,Richmond,12768,Connor,Budarick,Gold Coast,0
FeelingDusty,9/03/2024,0,16588,Gold Coast,Richmond,12903,Malcolm,Rosas,Gold Coast,0.016267149
FeelingDusty,9/03/2024,0,16588,Gold Coast,Richmond,12446,Darcy,Macpherson,Gold Coast,0.001990668
FeelingDusty,9/03/2024,0,16588,Gold Coast,Richmond,12180,Nick,Vlastuin,Richmond,0.02271331
FeelingDusty,9/03/2024,0,16588,Gold Coast,Richmond,11887,Dylan,Grimes,Richmond,0
FeelingDusty,9/03/2024,0,16588,Gold Coast,Richmond,11921,Dion,Prestia,Richmond,0.002483628
FeelingDusty,9/03/2024,0,16588,Gold Coast,Richmond,12712,Jack,Ross,Richmond,0
FeelingDusty,9/03/2024,0,16588,Gold Coast,Richmond,12668,Liam,Baker,Richmond,0
FeelingDusty,9/03/2024,0,16588,Gold Coast,Richmond,12935,Maurice,Rioli,Richmond,0
FeelingDusty,9/03/2024,0,16588,Gold Coast,Richmond,12512,Tim,Taranto,Richmond,0.002034785
FeelingDusty,9/03/2024,0,16588,Gold Coast,Richmond,12425,Jayden,Short,Richmond,0.018671889
FeelingDusty,9/03/2024,0,16588,Gold Coast,Richmond,12409,Daniel,Rioli,Richmond,0
FeelingDusty,9/03/2024,0,16588,Gold Coast,Richmond,12944,Josh,Gibcus,Richmond,0
FeelingDusty,9/03/2024,0,16588,Gold Coast,Richmond,12861,Jacob,Koschitzke,Richmond,0
FeelingDusty,9/03/2024,0,16588,Gold Coast,Richmond,12686,Noah,Balta,Richmond,0
FeelingDusty,9/03/2024,0,16588,Gold Coast,Richmond,12447,Jacob,Hopper,Richmond,0.030566599
FeelingDusty,9/03/2024,0,16588,Gold Coast,Richmond,12319,Sam,Naismith,Richmond,0.002118988
FeelingDusty,9/03/2024,0,16588,Gold Coast,Richmond,12836,Thomson,Dow,Richmond,0
FeelingDusty,9/03/2024,0,16588,Gold Coast,Richmond,12542,Shai,Bolton,Richmond,0
FeelingDusty,9/03/2024,0,16588,Gold Coast,Richmond,12918,Samson,Ryan,Richmond,0
FeelingDusty,9/03/2024,0,16588,Gold Coast,Richmond,12324,Kamdyn,McIntosh,Richmond,0.002033237
FeelingDusty,9/03/2024,0,16588,Gold Coast,Richmond,12464,Nathan,Broad,Richmond,0.000702968
FeelingDusty,9/03/2024,0,16588,Gold Coast,Richmond,13076,Sam,Banks,Richmond,0.002033237
FeelingDusty,9/03/2024,0,16588,Gold Coast,Richmond,13100,Seth,Campbell,Richmond,0
FeelingDusty,9/03/2024,0,16588,Gold Coast,Richmond,13044,Tylar,Young,Richmond,0
FeelingDusty,9/03/2024,0,16588,Gold Coast,Richmond,12761,Marlion,Pickett,Richmond,0
FeelingDusty,9/03/2024,0,16589,GWS,Collingwood,12586,Patrick,Lipinski,Collingwood,0
FeelingDusty,9/03/2024,0,16589,GWS,Collingwood,12333,Jordan,De Goey,Collingwood,0.001862627
FeelingDusty,9/03/2024,0,16589,GWS,Collingwood,12740,Isaac,Quaynor,Collingwood,0
FeelingDusty,9/03/2024,0,16589,GWS,Collingwood,12380,Brayden,Maynard,Collingwood,0.002138688
FeelingDusty,9/03/2024,0,16589,GWS,Collingwood,12091,Jamie,Elliott,Collingwood,0
FeelingDusty,9/03/2024,0,16589,GWS,Collingwood,12201,Tom,Mitchell,Collingwood,0.001453263
FeelingDusty,9/03/2024,0,16589,GWS,Collingwood,12582,Josh,Daicos,Collingwood,0.056260731
FeelingDusty,9/03/2024,0,16589,GWS,Collingwood,12704,Lachie,Schultz,Collingwood,0
FeelingDusty,9/03/2024,0,16589,GWS,Collingwood,12743,John,Noble,Collingwood,0
FeelingDusty,9/03/2024,0,16589,GWS,Collingwood,11506,Scott,Pendlebury,Collingwood,0
FeelingDusty,9/03/2024,0,16589,GWS,Collingwood,12666,Darcy,Cameron,Collingwood,0.165593397
FeelingDusty,9/03/2024,0,16589,GWS,Collingwood,11759,Steele,Sidebottom,Collingwood,0
FeelingDusty,9/03/2024,0,16589,GWS,Collingwood,12744,Bobby,Hill,Collingwood,0
FeelingDusty,9/03/2024,0,16589,GWS,Collingwood,12067,Jack,Crisp,Collingwood,0
FeelingDusty,9/03/2024,0,16589,GWS,Collingwood,12381,Darcy,Moore,Collingwood,0.000139974
FeelingDusty,9/03/2024,0,16589,GWS,Collingwood,12877,Beau,McCreery,Collingwood,0
FeelingDusty,9/03/2024,0,16589,GWS,Collingwood,12029,Will,Hoskin-Elliott,Collingwood,0.000139974
FeelingDusty,9/03/2024,0,16589,GWS,Collingwood,12948,Nick,Daicos,Collingwood,0.316432455
FeelingDusty,9/03/2024,0,16589,GWS,Collingwood,12468,Oleg,Markov,Collingwood,0
FeelingDusty,9/03/2024,0,16589,GWS,Collingwood,13014,Ash,Johnson,Collingwood,0
FeelingDusty,9/03/2024,0,16589,GWS,Collingwood,12648,Brody,Mihocek,Collingwood,0.000207259
FeelingDusty,9/03/2024,0,16589,GWS,Collingwood,13102,Charlie,Dean,Collingwood,0
FeelingDusty,9/03/2024,0,16589,GWS,Collingwood,12435,Mason,Cox,Collingwood,0
FeelingDusty,9/03/2024,0,16589,GWS,Collingwood,12023,Stephen,Coniglio,GWS,0.120916712
FeelingDusty,9/03/2024,0,16589,GWS,Collingwood,12026,Toby,Greene,GWS,0.001422836
FeelingDusty,9/03/2024,0,16589,GWS,Collingwood,13054,Aaron,Cadman,GWS,0.001422836
FeelingDusty,9/03/2024,0,16589,GWS,Collingwood,12147,Lachie,Whitfield,GWS,0.892485777
FeelingDusty,9/03/2024,0,16589,GWS,Collingwood,12782,Lachie,Ash,GWS,0.017801644
FeelingDusty,9/03/2024,0,16589,GWS,Collingwood,11683,Callan,Ward,GWS,0.000888735
FeelingDusty,9/03/2024,0,16589,GWS,Collingwood,12992,Jacob,Wehr,GWS,0.003578515
FeelingDusty,9/03/2024,0,16589,GWS,Collingwood,12766,Tom,Green,GWS,0.821086396
FeelingDusty,9/03/2024,0,16589,GWS,Collingwood,12773,Toby,Bedford,GWS,0.001422836
FeelingDusty,9/03/2024,0,16589,GWS,Collingwood,12651,Sam,Taylor,GWS,0.002265226
FeelingDusty,9/03/2024,0,16589,GWS,Collingwood,12663,Brent,Daniels,GWS,0.769392118
FeelingDusty,9/03/2024,0,16589,GWS,Collingwood,12096,Nick,Haynes,GWS,0.004090308
FeelingDusty,9/03/2024,0,16589,GWS,Collingwood,12262,Josh,Kelly,GWS,0.680269283
FeelingDusty,9/03/2024,0,16589,GWS,Collingwood,12326,Jesse,Hogan,GWS,0.717387217
FeelingDusty,9/03/2024,0,16589,GWS,Collingwood,12835,Jake,Riccardi,GWS,0.001422836
FeelingDusty,9/03/2024,0,16589,GWS,Collingwood,12470,Harry,Himmelberg,GWS,0.006739309
FeelingDusty,9/03/2024,0,16589,GWS,Collingwood,13101,Harvey,Thomas,GWS,0.001422836
FeelingDusty,9/03/2024,0,16589,GWS,Collingwood,13089,Toby,McMullin,GWS,0.001422836
FeelingDusty,9/03/2024,0,16589,GWS,Collingwood,12905,Kieren,Briggs,GWS,0.013619259
FeelingDusty,9/03/2024,0,16589,GWS,Collingwood,12822,Xavier,OHalloran,GWS,0.004986086
FeelingDusty,9/03/2024,0,16589,GWS,Collingwood,12749,Connor,Idun,GWS,0.002265226
FeelingDusty,9/03/2024,0,16589,GWS,Collingwood,12845,Jack,Buckley,GWS,0.001422836
FeelingDusty,9/03/2024,0,16589,GWS,Collingwood,12910,Callum M.,Brown,GWS,1.388039969
FeelingDusty,14/03/2024,1,16590,Carlton,Richmond,13029,Oliver,Hollands,Carlton,0.00393788
FeelingDusty,14/03/2024,1,16590,Carlton,Richmond,12610,Adam,Cerra,Carlton,0.011739755
FeelingDusty,14/03/2024,1,16590,Carlton,Richmond,12181,Zac,Williams,Carlton,0.00392844
FeelingDusty,14/03/2024,1,16590,Carlton,Richmond,12463,Matthew,Kennedy,Carlton,0.001333705
FeelingDusty,14/03/2024,1,16590,Carlton,Richmond,12604,Lachie,Fogarty,Carlton,0.001333705
FeelingDusty,14/03/2024,1,16590,Carlton,Richmond,12269,Patrick,Cripps,Carlton,1.855019677
FeelingDusty,14/03/2024,1,16590,Carlton,Richmond,12575,Harry,McKay,Carlton,0.531415941
FeelingDusty,14/03/2024,1,16590,Carlton,Richmond,12415,Mitch,McGovern,Carlton,0.870365492
FeelingDusty,14/03/2024,1,16590,Carlton,Richmond,12681,Tom,De Koning,Carlton,0.241517052
FeelingDusty,14/03/2024,1,16590,Carlton,Richmond,12282,Blake,Acres,Carlton,0.003692557
FeelingDusty,14/03/2024,1,16590,Carlton,Richmond,12308,Orazio,Fantasia,Carlton,0.001333705
FeelingDusty,14/03/2024,1,16590,Carlton,Richmond,12980,Jack,Carroll,Carlton,0.001754197
FeelingDusty,14/03/2024,1,16590,Carlton,Richmond,12938,Brodie,Kemp,Carlton,0.010245177
FeelingDusty,14/03/2024,1,16590,Carlton,Richmond,12937,Corey,Durdin,Carlton,0.001333705
FeelingDusty,14/03/2024,1,16590,Carlton,Richmond,12517,Nic,Newman,Carlton,0.142185566
FeelingDusty,14/03/2024,1,16590,Carlton,Richmond,12484,David,Cuningham,Carlton,0.001745389
FeelingDusty,14/03/2024,1,16590,Carlton,Richmond,12417,George,Hewett,Carlton,0.007018342
FeelingDusty,14/03/2024,1,16590,Carlton,Richmond,12428,Charlie,Curnow,Carlton,0.017000391
FeelingDusty,14/03/2024,1,16590,Carlton,Richmond,12567,Lewis,Young,Carlton,0.002371021
FeelingDusty,14/03/2024,1,16590,Carlton,Richmond,12965,Jordan,Boyd,Carlton,0.002351358
FeelingDusty,14/03/2024,1,16590,Carlton,Richmond,12330,Adam,Saad,Carlton,0.019971968
FeelingDusty,14/03/2024,1,16590,Carlton,Richmond,12842,Matthew,Owies,Carlton,0.00318374
FeelingDusty,14/03/2024,1,16590,Carlton,Richmond,12823,Matthew,Cottrell,Carlton,0.001333705
FeelingDusty,14/03/2024,1,16590,Carlton,Richmond,12180,Nick,Vlastuin,Richmond,0.664935085
FeelingDusty,14/03/2024,1,16590,Carlton,Richmond,11887,Dylan,Grimes,Richmond,0
FeelingDusty,14/03/2024,1,16590,Carlton,Richmond,11921,Dion,Prestia,Richmond,0.002739249
FeelingDusty,14/03/2024,1,16590,Carlton,Richmond,11801,Dustin,Martin,Richmond,0.0080154
FeelingDusty,14/03/2024,1,16590,Carlton,Richmond,12712,Jack,Ross,Richmond,0.002409653
FeelingDusty,14/03/2024,1,16590,Carlton,Richmond,12668,Liam,Baker,Richmond,0.005871005
FeelingDusty,14/03/2024,1,16590,Carlton,Richmond,12935,Maurice,Rioli,Richmond,0.000135073
FeelingDusty,14/03/2024,1,16590,Carlton,Richmond,12512,Tim,Taranto,Richmond,0.062764388
FeelingDusty,14/03/2024,1,16590,Carlton,Richmond,12425,Jayden,Short,Richmond,7.11E-06
FeelingDusty,14/03/2024,1,16590,Carlton,Richmond,12409,Daniel,Rioli,Richmond,0.000135073
FeelingDusty,14/03/2024,1,16590,Carlton,Richmond,12944,Josh,Gibcus,Richmond,0.000135073
FeelingDusty,14/03/2024,1,16590,Carlton,Richmond,11953,Tom,Lynch,Richmond,0.003175976
FeelingDusty,14/03/2024,1,16590,Carlton,Richmond,12686,Noah,Balta,Richmond,1.216330611
FeelingDusty,14/03/2024,1,16590,Carlton,Richmond,12447,Jacob,Hopper,Richmond,0.003729247
FeelingDusty,14/03/2024,1,16590,Carlton,Richmond,12379,Toby,Nankervis,Richmond,0.283624071
FeelingDusty,14/03/2024,1,16590,Carlton,Richmond,12836,Thomson,Dow,Richmond,0.000135073
FeelingDusty,14/03/2024,1,16590,Carlton,Richmond,12542,Shai,Bolton,Richmond,0.002724125
FeelingDusty,14/03/2024,1,16590,Carlton,Richmond,12884,Rhyan,Mansell,Richmond,0.000135073
FeelingDusty,14/03/2024,1,16590,Carlton,Richmond,12324,Kamdyn,McIntosh,Richmond,0.002739249
FeelingDusty,14/03/2024,1,16590,Carlton,Richmond,12464,Nathan,Broad,Richmond,0.001152726
FeelingDusty,14/03/2024,1,16590,Carlton,Richmond,13100,Seth,Campbell,Richmond,0.002724125
FeelingDusty,14/03/2024,1,16590,Carlton,Richmond,13044,Tylar,Young,Richmond,0.000135073
FeelingDusty,14/03/2024,1,16590,Carlton,Richmond,12761,Marlion,Pickett,Richmond,0.000135073
FeelingDusty,15/03/2024,1,16591,Collingwood,Sydney,12586,Patrick,Lipinski,Collingwood,0
FeelingDusty,15/03/2024,1,16591,Collingwood,Sydney,12333,Jordan,De Goey,Collingwood,0.001300419
FeelingDusty,15/03/2024,1,16591,Collingwood,Sydney,12740,Isaac,Quaynor,Collingwood,0.00015758
FeelingDusty,15/03/2024,1,16591,Collingwood,Sydney,12380,Brayden,Maynard,Collingwood,0.019421012
FeelingDusty,15/03/2024,1,16591,Collingwood,Sydney,12091,Jamie,Elliott,Collingwood,0
FeelingDusty,15/03/2024,1,16591,Collingwood,Sydney,12582,Josh,Daicos,Collingwood,0.001636052
FeelingDusty,15/03/2024,1,16591,Collingwood,Sydney,12704,Lachie,Schultz,Collingwood,0
FeelingDusty,15/03/2024,1,16591,Collingwood,Sydney,11506,Scott,Pendlebury,Collingwood,0.136896861
FeelingDusty,15/03/2024,1,16591,Collingwood,Sydney,12666,Darcy,Cameron,Collingwood,0.002537487
FeelingDusty,15/03/2024,1,16591,Collingwood,Sydney,12889,Finlay,Macrae,Collingwood,0
FeelingDusty,15/03/2024,1,16591,Collingwood,Sydney,11759,Steele,Sidebottom,Collingwood,0.001034772
FeelingDusty,15/03/2024,1,16591,Collingwood,Sydney,12744,Bobby,Hill,Collingwood,0
FeelingDusty,15/03/2024,1,16591,Collingwood,Sydney,12067,Jack,Crisp,Collingwood,0.001636052
FeelingDusty,15/03/2024,1,16591,Collingwood,Sydney,12381,Darcy,Moore,Collingwood,0.00015758
FeelingDusty,15/03/2024,1,16591,Collingwood,Sydney,12877,Beau,McCreery,Collingwood,0
FeelingDusty,15/03/2024,1,16591,Collingwood,Sydney,12029,Will,Hoskin-Elliott,Collingwood,0
FeelingDusty,15/03/2024,1,16591,Collingwood,Sydney,12948,Nick,Daicos,Collingwood,0.861261025
FeelingDusty,15/03/2024,1,16591,Collingwood,Sydney,12468,Oleg,Markov,Collingwood,0
FeelingDusty,15/03/2024,1,16591,Collingwood,Sydney,11973,Jeremy,Howe,Collingwood,0
FeelingDusty,15/03/2024,1,16591,Collingwood,Sydney,13014,Ash,Johnson,Collingwood,0
FeelingDusty,15/03/2024,1,16591,Collingwood,Sydney,12648,Brody,Mihocek,Collingwood,0
FeelingDusty,15/03/2024,1,16591,Collingwood,Sydney,13102,Charlie,Dean,Collingwood,0.00015758
FeelingDusty,15/03/2024,1,16591,Collingwood,Sydney,12435,Mason,Cox,Collingwood,0
FeelingDusty,15/03/2024,1,16591,Collingwood,Sydney,12799,Chad,Warner,Sydney,0.924100352
FeelingDusty,15/03/2024,1,16591,Collingwood,Sydney,12745,Hayden,McLean,Sydney,0.001601798
FeelingDusty,15/03/2024,1,16591,Collingwood,Sydney,12223,Brodie,Grundy,Sydney,0.005613228
FeelingDusty,15/03/2024,1,16591,Collingwood,Sydney,12331,Isaac,Heeney,Sydney,2.750962926
FeelingDusty,15/03/2024,1,16591,Collingwood,Sydney,12863,Logan,McDonald,Sydney,0.299504063
FeelingDusty,15/03/2024,1,16591,Collingwood,Sydney,12038,Harry,Cunningham,Sydney,0.001601798
FeelingDusty,15/03/2024,1,16591,Collingwood,Sydney,12715,James,Rowbottom,Sydney,0.327054136
FeelingDusty,15/03/2024,1,16591,Collingwood,Sydney,12516,Will,Hayward,Sydney,0
FeelingDusty,15/03/2024,1,16591,Collingwood,Sydney,12419,Tom,Papley,Sydney,0.001601798
FeelingDusty,15/03/2024,1,16591,Collingwood,Sydney,12501,Oliver,Florent,Sydney,0.00232452
FeelingDusty,15/03/2024,1,16591,Collingwood,Sydney,12820,Sam,Wicks,Sydney,0.001601798
FeelingDusty,15/03/2024,1,16591,Collingwood,Sydney,12865,Braeden,Campbell,Sydney,0.001601798
FeelingDusty,15/03/2024,1,16591,Collingwood,Sydney,12853,James,Jordon,Sydney,0.003200768
FeelingDusty,15/03/2024,1,16591,Collingwood,Sydney,12864,Errol,Gulden,Sydney,0.627784893
FeelingDusty,15/03/2024,1,16591,Collingwood,Sydney,12699,Nick,Blakey,Sydney,0
FeelingDusty,15/03/2024,1,16591,Collingwood,Sydney,12148,Dane,Rampe,Sydney,0.001000519
FeelingDusty,15/03/2024,1,16591,Collingwood,Sydney,12711,Justin,McInerney,Sydney,0.009498754
FeelingDusty,15/03/2024,1,16591,Collingwood,Sydney,12634,Tom,McCartin,Sydney,0.00295821
FeelingDusty,15/03/2024,1,16591,Collingwood,Sydney,12993,Matt,Roberts,Sydney,0.001601798
FeelingDusty,15/03/2024,1,16591,Collingwood,Sydney,12847,Joel,Amartey,Sydney,0.001601798
FeelingDusty,15/03/2024,1,16591,Collingwood,Sydney,12515,Robbie,Fox,Sydney,0.001601798
FeelingDusty,15/03/2024,1,16591,Collingwood,Sydney,12533,Lewis,Melican,Sydney,0.00295821
FeelingDusty,15/03/2024,1,16591,Collingwood,Sydney,12275,Jake,Lloyd,Sydney,0.004028615
FeelingDusty,16/03/2024,1,16594,Essendon,Hawthorn,12505,Andrew,McGrath,Essendon,1.033037767
FeelingDusty,16/03/2024,1,16594,Essendon,Hawthorn,12358,Kyle,Langford,Essendon,0.007236686
FeelingDusty,16/03/2024,1,16594,Essendon,Hawthorn,13087,Elijah,Tsatas,Essendon,0.001967716
FeelingDusty,16/03/2024,1,16594,Essendon,Hawthorn,12752,Jye,Caldwell,Essendon,0
FeelingDusty,16/03/2024,1,16594,Essendon,Hawthorn,12249,Zach,Merrett,Essendon,0.723140403
FeelingDusty,16/03/2024,1,16594,Essendon,Hawthorn,12422,Jade,Gresham,Essendon,0.001967716
FeelingDusty,16/03/2024,1,16594,Essendon,Hawthorn,12574,Will,Setterfield,Essendon,0.269574348
FeelingDusty,16/03/2024,1,16594,Essendon,Hawthorn,12858,Nik,Cox,Essendon,0.006113906
FeelingDusty,16/03/2024,1,16594,Essendon,Hawthorn,12880,Archie,Perkins,Essendon,2.800886422
FeelingDusty,16/03/2024,1,16594,Essendon,Hawthorn,11692,Todd,Goldstein,Essendon,0.015080884
FeelingDusty,16/03/2024,1,16594,Essendon,Hawthorn,12371,Peter,Wright,Essendon,0.001967716
FeelingDusty,16/03/2024,1,16594,Essendon,Hawthorn,11903,Dyson,Heppell,Essendon,0.015987841
FeelingDusty,16/03/2024,1,16594,Essendon,Hawthorn,12926,Sam,Durham,Essendon,0.040954283
FeelingDusty,16/03/2024,1,16594,Essendon,Hawthorn,12857,Harrison,Jones,Essendon,0.001967716
FeelingDusty,16/03/2024,1,16594,Essendon,Hawthorn,12173,Jake,Stringer,Essendon,0.569683441
FeelingDusty,16/03/2024,1,16594,Essendon,Hawthorn,12445,Mason,Redman,Essendon,0
FeelingDusty,16/03/2024,1,16594,Essendon,Hawthorn,12695,Xavier,Duursma,Essendon,0.00494892
FeelingDusty,16/03/2024,1,16594,Essendon,Hawthorn,12345,Jake,Kelly,Essendon,0.001967716
FeelingDusty,16/03/2024,1,16594,Essendon,Hawthorn,12891,Zach,Reid,Essendon,0.001967716
FeelingDusty,16/03/2024,1,16594,Essendon,Hawthorn,12588,Ben,McKay,Essendon,0.004103787
FeelingDusty,16/03/2024,1,16594,Essendon,Hawthorn,12619,Matt,Guelfi,Essendon,0.004931607
FeelingDusty,16/03/2024,1,16594,Essendon,Hawthorn,12950,Nic,Martin,Essendon,0.023774211
FeelingDusty,16/03/2024,1,16594,Essendon,Hawthorn,13020,Jye,Menzie,Essendon,0.001967716
FeelingDusty,16/03/2024,1,16594,Essendon,Hawthorn,12643,Mitch,Lewis,Hawthorn,0.001822909
FeelingDusty,16/03/2024,1,16594,Essendon,Hawthorn,12913,Jai,Newcombe,Hawthorn,0.003833544
FeelingDusty,16/03/2024,1,16594,Essendon,Hawthorn,12245,Jarman,Impey,Hawthorn,0
FeelingDusty,16/03/2024,1,16594,Essendon,Hawthorn,12626,James,Worpel,Hawthorn,0.182636105
FeelingDusty,16/03/2024,1,16594,Essendon,Hawthorn,12342,James,Sicily,Hawthorn,0
FeelingDusty,16/03/2024,1,16594,Essendon,Hawthorn,12907,Ned,Reeves,Hawthorn,0.003833544
FeelingDusty,16/03/2024,1,16594,Essendon,Hawthorn,12124,Sam,Frost,Hawthorn,0
FeelingDusty,16/03/2024,1,16594,Essendon,Hawthorn,12365,Karl,Amon,Hawthorn,0.006283646
FeelingDusty,16/03/2024,1,16594,Essendon,Hawthorn,12678,Conor,Nash,Hawthorn,0
FeelingDusty,16/03/2024,1,16594,Essendon,Hawthorn,12710,Dylan,Moore,Hawthorn,0.129001238
FeelingDusty,16/03/2024,1,16594,Essendon,Hawthorn,12571,Jack,Scrimshaw,Hawthorn,0
FeelingDusty,16/03/2024,1,16594,Essendon,Hawthorn,12477,Blake,Hardwick,Hawthorn,0
FeelingDusty,16/03/2024,1,16594,Essendon,Hawthorn,12999,Massimo,DAmbrosio,Hawthorn,0.133099583
FeelingDusty,16/03/2024,1,16594,Essendon,Hawthorn,12491,Mabior,Chol,Hawthorn,0
FeelingDusty,16/03/2024,1,16594,Essendon,Hawthorn,11854,Jack,Gunston,Hawthorn,0
FeelingDusty,16/03/2024,1,16594,Essendon,Hawthorn,11960,Luke,Breust,Hawthorn,0
FeelingDusty,16/03/2024,1,16594,Essendon,Hawthorn,13059,Josh,Weddle,Hawthorn,0
FeelingDusty,16/03/2024,1,16594,Essendon,Hawthorn,12954,Josh,Ward,Hawthorn,0.002804684
FeelingDusty,16/03/2024,1,16594,Essendon,Hawthorn,13039,Cam,Mackenzie,Hawthorn,0
FeelingDusty,16/03/2024,1,16594,Essendon,Hawthorn,12953,Connor,Macdonald,Hawthorn,0.003456229
FeelingDusty,16/03/2024,1,16594,Essendon,Hawthorn,12846,Finn,Maginness,Hawthorn,0
FeelingDusty,16/03/2024,1,16594,Essendon,Hawthorn,12928,Jack,Ginnivan,Hawthorn,0
FeelingDusty,16/03/2024,1,16594,Essendon,Hawthorn,13103,Nick,Watson,Hawthorn,0
FeelingDusty,16/03/2024,1,16595,GWS,North Melbourne,12023,Stephen,Coniglio,GWS,0.117601833
FeelingDusty,16/03/2024,1,16595,GWS,North Melbourne,12026,Toby,Greene,GWS,0.001725147
FeelingDusty,16/03/2024,1,16595,GWS,North Melbourne,13054,Aaron,Cadman,GWS,0.000252767
FeelingDusty,16/03/2024,1,16595,GWS,North Melbourne,12147,Lachie,Whitfield,GWS,0.010576058
FeelingDusty,16/03/2024,1,16595,GWS,North Melbourne,12782,Lachie,Ash,GWS,0.003406433
FeelingDusty,16/03/2024,1,16595,GWS,North Melbourne,12992,Jacob,Wehr,GWS,0.004338844
FeelingDusty,16/03/2024,1,16595,GWS,North Melbourne,12766,Tom,Green,GWS,2.55843135
FeelingDusty,16/03/2024,1,16595,GWS,North Melbourne,12773,Toby,Bedford,GWS,0.001725147
FeelingDusty,16/03/2024,1,16595,GWS,North Melbourne,12651,Sam,Taylor,GWS,0.178504655
FeelingDusty,16/03/2024,1,16595,GWS,North Melbourne,12663,Brent,Daniels,GWS,0.005857579
FeelingDusty,16/03/2024,1,16595,GWS,North Melbourne,12970,Finn,Callaghan,GWS,0.008060509
FeelingDusty,16/03/2024,1,16595,GWS,North Melbourne,12096,Nick,Haynes,GWS,0.001725147
FeelingDusty,16/03/2024,1,16595,GWS,North Melbourne,12262,Josh,Kelly,GWS,0.042492097
FeelingDusty,16/03/2024,1,16595,GWS,North Melbourne,12326,Jesse,Hogan,GWS,2.463460013
FeelingDusty,16/03/2024,1,16595,GWS,North Melbourne,12835,Jake,Riccardi,GWS,0.034480947
FeelingDusty,16/03/2024,1,16595,GWS,North Melbourne,12470,Harry,Himmelberg,GWS,0.005094386
FeelingDusty,16/03/2024,1,16595,GWS,North Melbourne,13101,Harvey,Thomas,GWS,0.001725147
FeelingDusty,16/03/2024,1,16595,GWS,North Melbourne,12905,Kieren,Briggs,GWS,0.006937363
FeelingDusty,16/03/2024,1,16595,GWS,North Melbourne,12822,Xavier,OHalloran,GWS,0.001725147
FeelingDusty,16/03/2024,1,16595,GWS,North Melbourne,12541,Harry,Perryman,GWS,0.001725147
FeelingDusty,16/03/2024,1,16595,GWS,North Melbourne,12749,Connor,Idun,GWS,0.001725147
FeelingDusty,16/03/2024,1,16595,GWS,North Melbourne,12845,Jack,Buckley,GWS,0.106769329
FeelingDusty,16/03/2024,1,16595,GWS,North Melbourne,12910,Callum M.,Brown,GWS,0.002137031
FeelingDusty,16/03/2024,1,16595,GWS,North Melbourne,12598,Jaidyn,Stephenson,North Melbourne,0
FeelingDusty,16/03/2024,1,16595,GWS,North Melbourne,13030,Harry,Sheezel,North Melbourne,0.152329162
FeelingDusty,16/03/2024,1,16595,GWS,North Melbourne,12185,Aidan,Corr,North Melbourne,0
FeelingDusty,16/03/2024,1,16595,GWS,North Melbourne,13065,George,Wardlaw,North Melbourne,0.001762038
FeelingDusty,16/03/2024,1,16595,GWS,North Melbourne,13104,Zane,Duursma,North Melbourne,0
FeelingDusty,16/03/2024,1,16595,GWS,North Melbourne,12705,Bailey,Scott,North Melbourne,0.005294731
FeelingDusty,16/03/2024,1,16595,GWS,North Melbourne,12599,Luke,Davies-Uniacke,North Melbourne,0.004584234
FeelingDusty,16/03/2024,1,16595,GWS,North Melbourne,13105,Colby,McKercher,North Melbourne,0
FeelingDusty,16/03/2024,1,16595,GWS,North Melbourne,12434,Darcy,Tucker,North Melbourne,0
FeelingDusty,16/03/2024,1,16595,GWS,North Melbourne,11766,Liam,Shiels,North Melbourne,0
FeelingDusty,16/03/2024,1,16595,GWS,North Melbourne,12798,Dylan,Stephens,North Melbourne,0.001762038
FeelingDusty,16/03/2024,1,16595,GWS,North Melbourne,12528,Zac,Fisher,North Melbourne,0.001181607
FeelingDusty,16/03/2024,1,16595,GWS,North Melbourne,12569,Nick,Larkey,North Melbourne,0
FeelingDusty,16/03/2024,1,16595,GWS,North Melbourne,12730,Callum,Coleman-Jones,North Melbourne,0
FeelingDusty,16/03/2024,1,16595,GWS,North Melbourne,12867,Tom,Powell,North Melbourne,0
FeelingDusty,16/03/2024,1,16595,GWS,North Melbourne,12975,Paul,Curtis,North Melbourne,0
FeelingDusty,16/03/2024,1,16595,GWS,North Melbourne,13024,Josh,Goater,North Melbourne,0
FeelingDusty,16/03/2024,1,16595,GWS,North Melbourne,13106,Toby,Pink,North Melbourne,0
FeelingDusty,16/03/2024,1,16595,GWS,North Melbourne,12866,Charlie,Lazzaro,North Melbourne,0
FeelingDusty,16/03/2024,1,16595,GWS,North Melbourne,12789,Tristan,Xerri,North Melbourne,0.272608965
FeelingDusty,16/03/2024,1,16595,GWS,North Melbourne,12923,Eddie,Ford,North Melbourne,0
FeelingDusty,16/03/2024,1,16595,GWS,North Melbourne,13021,Kallan,Dawson,North Melbourne,0
FeelingDusty,16/03/2024,1,16595,GWS,North Melbourne,12566,Cameron,Zurhaar,North Melbourne,0
FeelingDusty,16/03/2024,1,16597,Gold Coast,Adelaide,12697,Chayce,Jones,Adelaide,0.002052757
FeelingDusty,16/03/2024,1,16597,Gold Coast,Adelaide,12441,Ben,Keays,Adelaide,0.001487614
FeelingDusty,16/03/2024,1,16597,Gold Coast,Adelaide,12855,Sam,Berry,Adelaide,0.002052757
FeelingDusty,16/03/2024,1,16597,Gold Coast,Adelaide,12592,Lachlan,Murphy,Adelaide,0.000101222
FeelingDusty,16/03/2024,1,16597,Gold Coast,Adelaide,12265,Matt,Crouch,Adelaide,0.416033926
FeelingDusty,16/03/2024,1,16597,Gold Coast,Adelaide,12957,Josh,Rachele,Adelaide,0.032755515
FeelingDusty,16/03/2024,1,16597,Gold Coast,Adelaide,12922,Luke,Pedlar,Adelaide,0.000101222
FeelingDusty,16/03/2024,1,16597,Gold Coast,Adelaide,12519,Jordan,Dawson,Adelaide,0.038656135
FeelingDusty,16/03/2024,1,16597,Gold Coast,Adelaide,12956,Jake,Soligo,Adelaide,0.000101222
FeelingDusty,16/03/2024,1,16597,Gold Coast,Adelaide,13038,Max,Michalanney,Adelaide,0.001191986
FeelingDusty,16/03/2024,1,16597,Gold Coast,Adelaide,12725,Mitchell,Hinge,Adelaide,0.005499742
FeelingDusty,16/03/2024,1,16597,Gold Coast,Adelaide,12702,Chris,Burgess,Adelaide,0.000101222
FeelingDusty,16/03/2024,1,16597,Gold Coast,Adelaide,12797,Izak,Rankine,Adelaide,0.008518583
FeelingDusty,16/03/2024,1,16597,Gold Coast,Adelaide,12916,Josh,Worrell,Adelaide,0.00190682
FeelingDusty,16/03/2024,1,16597,Gold Coast,Adelaide,12171,Rory,Laird,Adelaide,0.198798122
FeelingDusty,16/03/2024,1,16597,Gold Coast,Adelaide,12416,Wayne,Milera,Adelaide,0.000590552
FeelingDusty,16/03/2024,1,16597,Gold Coast,Adelaide,12591,Darcy,Fogarty,Adelaide,0.000101222
FeelingDusty,16/03/2024,1,16597,Gold Coast,Adelaide,11898,Brodie,Smith,Adelaide,0.000425524
FeelingDusty,16/03/2024,1,16597,Gold Coast,Adelaide,13088,James,Borlase,Adelaide,0.000101222
FeelingDusty,16/03/2024,1,16597,Gold Coast,Adelaide,12818,Lachlan,Sholl,Adelaide,0.002052757
FeelingDusty,16/03/2024,1,16597,Gold Coast,Adelaide,12832,Jordon,Butts,Adelaide,0.000101222
FeelingDusty,16/03/2024,1,16597,Gold Coast,Adelaide,12483,Reilly,OBrien,Adelaide,0.002052757
FeelingDusty,16/03/2024,1,16597,Gold Coast,Adelaide,12942,Lachlan,Gollant,Adelaide,0.000101222
FeelingDusty,16/03/2024,1,16597,Gold Coast,Adelaide,12825,Sam,Flanders,Gold Coast,0.790315263
FeelingDusty,16/03/2024,1,16597,Gold Coast,Adelaide,12039,Brandon,Ellis,Gold Coast,0.002950996
FeelingDusty,16/03/2024,1,16597,Gold Coast,Adelaide,12086,Alex,Sexton,Gold Coast,0.003305924
FeelingDusty,16/03/2024,1,16597,Gold Coast,Adelaide,12314,Nick,Holman,Gold Coast,0.000999461
FeelingDusty,16/03/2024,1,16597,Gold Coast,Adelaide,12489,Brayden,Fiorini,Gold Coast,0.024602833
FeelingDusty,16/03/2024,1,16597,Gold Coast,Adelaide,12506,Ben,Ainsworth,Gold Coast,0.005369596
FeelingDusty,16/03/2024,1,16597,Gold Coast,Adelaide,12631,Charlie,Ballard,Gold Coast,0.002070587
FeelingDusty,16/03/2024,1,16597,Gold Coast,Adelaide,12329,Touk,Miller,Gold Coast,1.020549201
FeelingDusty,16/03/2024,1,16597,Gold Coast,Adelaide,12703,Jack,Lukosius,Gold Coast,0.000999461
FeelingDusty,16/03/2024,1,16597,Gold Coast,Adelaide,12767,Noah,Anderson,Gold Coast,1.944771322
FeelingDusty,16/03/2024,1,16597,Gold Coast,Adelaide,12776,Thomas,Berry,Gold Coast,0.010281909
FeelingDusty,16/03/2024,1,16597,Gold Coast,Adelaide,12769,Matt,Rowell,Gold Coast,1.416401518
FeelingDusty,16/03/2024,1,16597,Gold Coast,Adelaide,13050,Bailey,Humphrey,Gold Coast,0.000999461
FeelingDusty,16/03/2024,1,16597,Gold Coast,Adelaide,11923,David,Swallow,Gold Coast,0.000999461
FeelingDusty,16/03/2024,1,16597,Gold Coast,Adelaide,12453,Sam,Collins,Gold Coast,0.000999461
FeelingDusty,16/03/2024,1,16597,Gold Coast,Adelaide,12658,Wil,Powell,Gold Coast,0.044060209
FeelingDusty,16/03/2024,1,16597,Gold Coast,Adelaide,12184,Jarrod,Witts,Gold Coast,0.008538373
FeelingDusty,16/03/2024,1,16597,Gold Coast,Adelaide,12121,Levi,Casboult,Gold Coast,0.00051594
FeelingDusty,16/03/2024,1,16597,Gold Coast,Adelaide,13037,Bodhi,Uwland,Gold Coast,0.000999461
FeelingDusty,16/03/2024,1,16597,Gold Coast,Adelaide,12728,Ben,King,Gold Coast,0.000999461
FeelingDusty,16/03/2024,1,16597,Gold Coast,Adelaide,12768,Connor,Budarick,Gold Coast,0.000999461
FeelingDusty,16/03/2024,1,16597,Gold Coast,Adelaide,12903,Malcolm,Rosas,Gold Coast,0.002385853
FeelingDusty,16/03/2024,1,16597,Gold Coast,Adelaide,12446,Darcy,Macpherson,Gold Coast,0.000999461
FeelingDusty,16/03/2024,1,16596,Geelong,St Kilda,11855,Rhys,Stanley,Geelong,0.004332744
FeelingDusty,16/03/2024,1,16596,Geelong,St Kilda,11979,Zach,Tuohy,Geelong,0.001818461
FeelingDusty,16/03/2024,1,16596,Geelong,St Kilda,12870,Tanner,Bruhn,Geelong,0.018477833
FeelingDusty,16/03/2024,1,16596,Geelong,St Kilda,12022,Jeremy,Cameron,Geelong,1.213536492
FeelingDusty,16/03/2024,1,16596,Geelong,St Kilda,13107,Shaun,Mannagh,Geelong,0.00202495
FeelingDusty,16/03/2024,1,16596,Geelong,St Kilda,12378,Jake,Kolodjashnij,Geelong,0.012523339
FeelingDusty,16/03/2024,1,16596,Geelong,St Kilda,12882,Max,Holmes,Geelong,0.497883049
FeelingDusty,16/03/2024,1,16596,Geelong,St Kilda,13062,Jhye,Clark,Geelong,0.004028174
FeelingDusty,16/03/2024,1,16596,Geelong,St Kilda,12892,Sam,De Koning,Geelong,0.005075049
FeelingDusty,16/03/2024,1,16596,Geelong,St Kilda,12561,Tyson,Stengle,Geelong,0.00202495
FeelingDusty,16/03/2024,1,16596,Geelong,St Kilda,11804,Mitch,Duncan,Geelong,0.080126258
FeelingDusty,16/03/2024,1,16596,Geelong,St Kilda,11554,Tom,Hawkins,Geelong,0.004314928
FeelingDusty,16/03/2024,1,16596,Geelong,St Kilda,12976,Oliver,Dempsey,Geelong,0.105731557
FeelingDusty,16/03/2024,1,16596,Geelong,St Kilda,12687,Tom,Atkins,Geelong,0.015967712
FeelingDusty,16/03/2024,1,16596,Geelong,St Kilda,12690,Gryan,Miers,Geelong,0.004685684
FeelingDusty,16/03/2024,1,16596,Geelong,St Kilda,11706,Patrick,Dangerfield,Geelong,2.673006678
FeelingDusty,16/03/2024,1,16596,Geelong,St Kilda,12850,Oliver,Henry,Geelong,0.00202495
FeelingDusty,16/03/2024,1,16596,Geelong,St Kilda,12614,Jack,Henry,Geelong,0.00202495
FeelingDusty,16/03/2024,1,16596,Geelong,St Kilda,12559,Zach,Guthrie,Geelong,0.006273921
FeelingDusty,16/03/2024,1,16596,Geelong,St Kilda,12540,Mark,OConnor,Geelong,0.00202495
FeelingDusty,16/03/2024,1,16596,Geelong,St Kilda,12514,Tom,Stewart,Geelong,0.027328799
FeelingDusty,16/03/2024,1,16596,Geelong,St Kilda,12808,Brad,Close,Geelong,0.000296693
FeelingDusty,16/03/2024,1,16596,Geelong,St Kilda,12160,Mark,Blicavs,Geelong,0.187103298
FeelingDusty,16/03/2024,1,16596,Geelong,St Kilda,12616,Jack,Higgins,St Kilda,0.00204409
FeelingDusty,16/03/2024,1,16596,Geelong,St Kilda,12968,Marcus,Windhager,St Kilda,0.000645596
FeelingDusty,16/03/2024,1,16596,Geelong,St Kilda,13108,Lance,Collard,St Kilda,0.000159127
FeelingDusty,16/03/2024,1,16596,Geelong,St Kilda,12161,Brad,Crouch,St Kilda,0.000159127
FeelingDusty,16/03/2024,1,16596,Geelong,St Kilda,12138,Sebastian,Ross,St Kilda,0.003227042
FeelingDusty,16/03/2024,1,16596,Geelong,St Kilda,12947,Nasiah,Wanganeen-Milera,St Kilda,0.03923237
FeelingDusty,16/03/2024,1,16596,Geelong,St Kilda,12066,Bradley,Hill,St Kilda,0.003227042
FeelingDusty,16/03/2024,1,16596,Geelong,St Kilda,12377,Jack,Steele,St Kilda,0.238255729
FeelingDusty,16/03/2024,1,16596,Geelong,St Kilda,12945,Mitch,Owens,St Kilda,0.015318251
FeelingDusty,16/03/2024,1,16596,Geelong,St Kilda,12771,Max,King,St Kilda,0.077818438
FeelingDusty,16/03/2024,1,16596,Geelong,St Kilda,12804,Ryan,Byrnes,St Kilda,0.000645596
FeelingDusty,16/03/2024,1,16596,Geelong,St Kilda,12721,Liam,Stocker,St Kilda,0.000159127
FeelingDusty,16/03/2024,1,16596,Geelong,St Kilda,12572,Rowan,Marshall,St Kilda,0.606016459
FeelingDusty,16/03/2024,1,16596,Geelong,St Kilda,12399,Zaine,Cordy,St Kilda,0.001357998
FeelingDusty,16/03/2024,1,16596,Geelong,St Kilda,13109,Darcy,Wilson,St Kilda,0.002338607
FeelingDusty,16/03/2024,1,16596,Geelong,St Kilda,12831,Liam,Henry,St Kilda,0.079236262
FeelingDusty,16/03/2024,1,16596,Geelong,St Kilda,13042,Mattaes,Phillipou,St Kilda,0.003227042
FeelingDusty,16/03/2024,1,16596,Geelong,St Kilda,12565,Josh,Battle,St Kilda,0.003209226
FeelingDusty,16/03/2024,1,16596,Geelong,St Kilda,12307,Tim,Membrey,St Kilda,0.006246075
FeelingDusty,16/03/2024,1,16596,Geelong,St Kilda,12321,Mason,Wood,St Kilda,0.004425914
FeelingDusty,16/03/2024,1,16596,Geelong,St Kilda,12492,Riley,Bonner,St Kilda,0.03662721
FeelingDusty,16/03/2024,1,16596,Geelong,St Kilda,12930,Cooper,Sharman,St Kilda,0.002430255
FeelingDusty,16/03/2024,1,16596,Geelong,St Kilda,12701,Callum,Wilkie,St Kilda,0.001357998
FeelingDusty,17/03/2024,1,16598,Melbourne,Western Bulldogs,11945,Steven,May,Melbourne,0.562355989
FeelingDusty,17/03/2024,1,16598,Melbourne,Western Bulldogs,13048,Jacob,van Rooyen,Melbourne,0.006384168
FeelingDusty,17/03/2024,1,16598,Melbourne,Western Bulldogs,12280,Christian,Salem,Melbourne,0.001593661
FeelingDusty,17/03/2024,1,16598,Melbourne,Western Bulldogs,13036,Judd,McVee,Melbourne,0.001971476
FeelingDusty,17/03/2024,1,16598,Melbourne,Western Bulldogs,12437,Christian,Petracca,Melbourne,1.001676327
FeelingDusty,17/03/2024,1,16598,Melbourne,Western Bulldogs,13099,Caleb,Windsor,Melbourne,0.004727201
FeelingDusty,17/03/2024,1,16598,Melbourne,Western Bulldogs,12152,Jack,Viney,Melbourne,0.018896395
FeelingDusty,17/03/2024,1,16598,Melbourne,Western Bulldogs,12359,Jake,Lever,Melbourne,0.005023922
FeelingDusty,17/03/2024,1,16598,Melbourne,Western Bulldogs,11972,Max,Gawn,Melbourne,1.520593644
FeelingDusty,17/03/2024,1,16598,Melbourne,Western Bulldogs,12411,Clayton,Oliver,Melbourne,1.88093581
FeelingDusty,17/03/2024,1,16598,Melbourne,Western Bulldogs,12255,Jack,Billings,Melbourne,0.757326026
FeelingDusty,17/03/2024,1,16598,Melbourne,Western Bulldogs,12401,Ed,Langdon,Melbourne,0.00400815
FeelingDusty,17/03/2024,1,16598,Melbourne,Western Bulldogs,13098,Blake,Howes,Melbourne,0.001593661
FeelingDusty,17/03/2024,1,16598,Melbourne,Western Bulldogs,12778,Trent,Rivers,Melbourne,0.005343649
FeelingDusty,17/03/2024,1,16598,Melbourne,Western Bulldogs,12015,Tom,McDonald,Melbourne,0.006826735
FeelingDusty,17/03/2024,1,16598,Melbourne,Western Bulldogs,12691,Marty,Hore,Melbourne,0.002537189
FeelingDusty,17/03/2024,1,16598,Melbourne,Western Bulldogs,12375,Alex,Neal-Bullen,Melbourne,0.003308941
FeelingDusty,17/03/2024,1,16598,Melbourne,Western Bulldogs,12603,Bayley,Fritsch,Melbourne,0.001593661
FeelingDusty,17/03/2024,1,16598,Melbourne,Western Bulldogs,12692,Tom,Sparrow,Melbourne,0.00400815
FeelingDusty,17/03/2024,1,16598,Melbourne,Western Bulldogs,12774,Kysaiah,Pickett,Melbourne,0.001072104
FeelingDusty,17/03/2024,1,16598,Melbourne,Western Bulldogs,12756,Kade,Chandler,Melbourne,0.006384168
FeelingDusty,17/03/2024,1,16598,Melbourne,Western Bulldogs,13078,Taj,Woewodin,Melbourne,0.001593661
FeelingDusty,17/03/2024,1,16598,Melbourne,Western Bulldogs,12296,Ben,Brown,Melbourne,0.004793559
FeelingDusty,17/03/2024,1,16598,Melbourne,Western Bulldogs,12058,Adam,Treloar,Western Bulldogs,0.001600764
FeelingDusty,17/03/2024,1,16598,Melbourne,Western Bulldogs,12924,Jamarra,Ugle-Hagan,Western Bulldogs,0.001391545
FeelingDusty,17/03/2024,1,16598,Melbourne,Western Bulldogs,12801,Cody,Weightman,Western Bulldogs,0
FeelingDusty,17/03/2024,1,16598,Melbourne,Western Bulldogs,12277,Marcus,Bontempelli,Western Bulldogs,0.050054512
FeelingDusty,17/03/2024,1,16598,Melbourne,Western Bulldogs,12289,Rory,Lobb,Western Bulldogs,0
FeelingDusty,17/03/2024,1,16598,Melbourne,Western Bulldogs,13111,Ryley,Sanders,Western Bulldogs,0
FeelingDusty,17/03/2024,1,16598,Melbourne,Western Bulldogs,13110,Harvey,Gallagher,Western Bulldogs,0.001627741
FeelingDusty,17/03/2024,1,16598,Melbourne,Western Bulldogs,12748,Rhylee,West,Western Bulldogs,0
FeelingDusty,17/03/2024,1,16598,Melbourne,Western Bulldogs,12615,Nick,Coffield,Western Bulldogs,0
FeelingDusty,17/03/2024,1,16598,Melbourne,Western Bulldogs,11874,Liam,Jones,Western Bulldogs,0
FeelingDusty,17/03/2024,1,16598,Melbourne,Western Bulldogs,12612,Ed,Richards,Western Bulldogs,0.000562773
FeelingDusty,17/03/2024,1,16598,Melbourne,Western Bulldogs,11904,Tom,Liberatore,Western Bulldogs,0.054221936
FeelingDusty,17/03/2024,1,16598,Melbourne,Western Bulldogs,12385,James,Harmes,Western Bulldogs,0.000690314
FeelingDusty,17/03/2024,1,16598,Melbourne,Western Bulldogs,12781,Laitham,Vandermeer,Western Bulldogs,0
FeelingDusty,17/03/2024,1,16598,Melbourne,Western Bulldogs,12901,Buku,Khamis,Western Bulldogs,0
FeelingDusty,17/03/2024,1,16598,Melbourne,Western Bulldogs,12917,Lachlan,Bramble,Western Bulldogs,0.045564906
FeelingDusty,17/03/2024,1,16598,Melbourne,Western Bulldogs,12851,Lachlan,McNeil,Western Bulldogs,0.002280899
FeelingDusty,17/03/2024,1,16598,Melbourne,Western Bulldogs,12362,Bailey,Dale,Western Bulldogs,0
FeelingDusty,17/03/2024,1,16598,Melbourne,Western Bulldogs,12602,Aaron,Naughton,Western Bulldogs,0
FeelingDusty,17/03/2024,1,16598,Melbourne,Western Bulldogs,12449,Bailey,Williams,Western Bulldogs,0
FeelingDusty,17/03/2024,1,16598,Melbourne,Western Bulldogs,12382,Caleb,Daniel,Western Bulldogs,0
FeelingDusty,17/03/2024,1,16598,Melbourne,Western Bulldogs,12128,Jason,Johannisen,Western Bulldogs,0
FeelingDusty,17/03/2024,1,16598,Melbourne,Western Bulldogs,12548,Tim,English,Western Bulldogs,0.037456361
FeelingDusty,17/03/2024,1,16599,Port Adelaide,West Coast,12696,Connor,Rozee,Port Adelaide,2.761621634
FeelingDusty,17/03/2024,1,16599,Port Adelaide,West Coast,12485,Ryan,Burton,Port Adelaide,0.222233822
FeelingDusty,17/03/2024,1,16599,Port Adelaide,West Coast,12581,Todd,Marshall,Port Adelaide,0.01767901
FeelingDusty,17/03/2024,1,16599,Port Adelaide,West Coast,12503,Dan,Houston,Port Adelaide,0.014546122
FeelingDusty,17/03/2024,1,16599,Port Adelaide,West Coast,12671,Kane,Farrell,Port Adelaide,0.232929839
FeelingDusty,17/03/2024,1,16599,Port Adelaide,West Coast,12693,Zak,Butters,Port Adelaide,1.487873449
FeelingDusty,17/03/2024,1,16599,Port Adelaide,West Coast,11591,Travis,Boak,Port Adelaide,0.016229304
FeelingDusty,17/03/2024,1,16599,Port Adelaide,West Coast,12557,Jeremy,Finlayson,Port Adelaide,0.002994758
FeelingDusty,17/03/2024,1,16599,Port Adelaide,West Coast,12537,Ivan,Soldo,Port Adelaide,0.492464614
FeelingDusty,17/03/2024,1,16599,Port Adelaide,West Coast,12868,Miles,Bergman,Port Adelaide,0.056837165
FeelingDusty,17/03/2024,1,16599,Port Adelaide,West Coast,12613,Willie,Rioli,Port Adelaide,0.001637301
FeelingDusty,17/03/2024,1,16599,Port Adelaide,West Coast,12155,Ollie,Wines,Port Adelaide,0.194572227
FeelingDusty,17/03/2024,1,16599,Port Adelaide,West Coast,12955,Jason,Horne-Francis,Port Adelaide,0.294657786
FeelingDusty,17/03/2024,1,16599,Port Adelaide,West Coast,12442,Aliir,Aliir,Port Adelaide,0.002998815
FeelingDusty,17/03/2024,1,16599,Port Adelaide,West Coast,11915,Charlie,Dixon,Port Adelaide,0.05549398
FeelingDusty,17/03/2024,1,16599,Port Adelaide,West Coast,12757,Brandon,Zerk-Thatcher,Port Adelaide,0.002354696
FeelingDusty,17/03/2024,1,16599,Port Adelaide,West Coast,12606,Esava,Ratugolea,Port Adelaide,0.002606666
FeelingDusty,17/03/2024,1,16599,Port Adelaide,West Coast,12694,Willem,Drew,Port Adelaide,0.055115478
FeelingDusty,17/03/2024,1,16599,Port Adelaide,West Coast,12873,Francis,Evans,Port Adelaide,0.001637301
FeelingDusty,17/03/2024,1,16599,Port Adelaide,West Coast,12429,Darcy,Byrne-Jones,Port Adelaide,0.000239896
FeelingDusty,17/03/2024,1,16599,Port Adelaide,West Coast,12883,Lachie,Jones,Port Adelaide,0.001637301
FeelingDusty,17/03/2024,1,16599,Port Adelaide,West Coast,12925,Jed,McEntee,Port Adelaide,0.001637301
FeelingDusty,17/03/2024,1,16599,Port Adelaide,West Coast,12952,Jackson,Mead,Port Adelaide,0.001637301
FeelingDusty,17/03/2024,1,16599,Port Adelaide,West Coast,12609,Jake,Waterman,West Coast,0.000953957
FeelingDusty,17/03/2024,1,16599,Port Adelaide,West Coast,11909,Andrew,Gaff,West Coast,0.001672314
FeelingDusty,17/03/2024,1,16599,Port Adelaide,West Coast,12433,Jayden,Hunt,West Coast,0.008281261
FeelingDusty,17/03/2024,1,16599,Port Adelaide,West Coast,12093,Elliot,Yeo,West Coast,0.010433075
FeelingDusty,17/03/2024,1,16599,Port Adelaide,West Coast,13032,Reuben,Ginbey,West Coast,0
FeelingDusty,17/03/2024,1,16599,Port Adelaide,West Coast,13112,Harley,Reid,West Coast,0.00983142
FeelingDusty,17/03/2024,1,16599,Port Adelaide,West Coast,12860,Tyler,Brockman,West Coast,0
FeelingDusty,17/03/2024,1,16599,Port Adelaide,West Coast,12605,Tim,Kelly,West Coast,0.002411055
FeelingDusty,17/03/2024,1,16599,Port Adelaide,West Coast,12662,Oscar,Allen,West Coast,0
FeelingDusty,17/03/2024,1,16599,Port Adelaide,West Coast,13031,Noah,Long,West Coast,0
FeelingDusty,17/03/2024,1,16599,Port Adelaide,West Coast,12340,Liam,Duggan,West Coast,0.000822726
FeelingDusty,17/03/2024,1,16599,Port Adelaide,West Coast,11942,Jamie,Cripps,West Coast,0
FeelingDusty,17/03/2024,1,16599,Port Adelaide,West Coast,12912,Luke,Edwards,West Coast,0
FeelingDusty,17/03/2024,1,16599,Port Adelaide,West Coast,13033,Campbell,Chesser,West Coast,0
FeelingDusty,17/03/2024,1,16599,Port Adelaide,West Coast,12958,Brady,Hough,West Coast,0
FeelingDusty,17/03/2024,1,16599,Port Adelaide,West Coast,12279,Jeremy,McGovern,West Coast,0.001581952
FeelingDusty,17/03/2024,1,16599,Port Adelaide,West Coast,12630,Jack,Petruccelle,West Coast,0.032024646
FeelingDusty,17/03/2024,1,16599,Port Adelaide,West Coast,12554,Alex,Witherden,West Coast,0
FeelingDusty,17/03/2024,1,16599,Port Adelaide,West Coast,11908,Jack,Darling,West Coast,0
FeelingDusty,17/03/2024,1,16599,Port Adelaide,West Coast,12454,Tom,Cole,West Coast,0
FeelingDusty,17/03/2024,1,16599,Port Adelaide,West Coast,12837,Bailey J.,Williams,West Coast,0.010351826
FeelingDusty,17/03/2024,1,16599,Port Adelaide,West Coast,12391,Tom,Barrass,West Coast,0
FeelingDusty,17/03/2024,1,16599,Port Adelaide,West Coast,12959,Callum,Jamieson,West Coast,0
FeelingDusty,17/03/2024,1,16600,Fremantle,Brisbane,12969,Kai,Lohmann,Brisbane,0
FeelingDusty,17/03/2024,1,16600,Fremantle,Brisbane,12772,Deven,Robertson,Brisbane,0
FeelingDusty,17/03/2024,1,16600,Fremantle,Brisbane,12205,Joe,Daniher,Brisbane,0.323033266
FeelingDusty,17/03/2024,1,16600,Fremantle,Brisbane,12412,Callum,Ah Chee,Brisbane,0
FeelingDusty,17/03/2024,1,16600,Fremantle,Brisbane,12421,Josh,Dunkley,Brisbane,0.109741
FeelingDusty,17/03/2024,1,16600,Fremantle,Brisbane,12526,Hugh,McCluggage,Brisbane,0.007338318
FeelingDusty,17/03/2024,1,16600,Fremantle,Brisbane,12525,Jarrod,Berry,Brisbane,0.002502378
FeelingDusty,17/03/2024,1,16600,Fremantle,Brisbane,12094,Lincoln,McCarthy,Brisbane,0
FeelingDusty,17/03/2024,1,16600,Fremantle,Brisbane,12082,Dayne,Zorko,Brisbane,0.006418647
FeelingDusty,17/03/2024,1,16600,Fremantle,Brisbane,12594,Cam,Rayner,Brisbane,0.002502378
FeelingDusty,17/03/2024,1,16600,Fremantle,Brisbane,12073,Jarryd,Lyons,Brisbane,0.002502378
FeelingDusty,17/03/2024,1,16600,Fremantle,Brisbane,12284,Charlie,Cameron,Brisbane,0
FeelingDusty,17/03/2024,1,16600,Fremantle,Brisbane,12400,Conor,McKenna,Brisbane,0
FeelingDusty,17/03/2024,1,16600,Fremantle,Brisbane,12274,Darcy,Gardiner,Brisbane,0
FeelingDusty,17/03/2024,1,16600,Fremantle,Brisbane,13072,Jaspa,Fletcher,Brisbane,0.002502378
FeelingDusty,17/03/2024,1,16600,Fremantle,Brisbane,12462,Eric,Hipwood,Brisbane,0.001699274
FeelingDusty,17/03/2024,1,16600,Fremantle,Brisbane,12347,Harris,Andrews,Brisbane,0.026642759
FeelingDusty,17/03/2024,1,16600,Fremantle,Brisbane,12617,Zac,Bailey,Brisbane,0
FeelingDusty,17/03/2024,1,16600,Fremantle,Brisbane,11901,Ryan,Lester,Brisbane,0
FeelingDusty,17/03/2024,1,16600,Fremantle,Brisbane,12673,Brandon,Starcevich,Brisbane,0
FeelingDusty,17/03/2024,1,16600,Fremantle,Brisbane,12719,Noah,Answerth,Brisbane,0
FeelingDusty,17/03/2024,1,16600,Fremantle,Brisbane,13027,Darcy,Wilmot,Brisbane,0
FeelingDusty,17/03/2024,1,16600,Fremantle,Brisbane,12625,Oscar,McInerney,Brisbane,0.003713333
FeelingDusty,17/03/2024,1,16600,Fremantle,Brisbane,12786,Caleb,Serong,Fremantle,3
FeelingDusty,17/03/2024,1,16600,Fremantle,Brisbane,12688,Jordan,Clark,Fremantle,0.003864764
FeelingDusty,17/03/2024,1,16600,Fremantle,Brisbane,11844,Nat,Fyfe,Fremantle,0.026829226
FeelingDusty,17/03/2024,1,16600,Fremantle,Brisbane,12596,Andrew,Brayshaw,Fremantle,0.308755364
FeelingDusty,17/03/2024,1,16600,Fremantle,Brisbane,12779,Luke,Jackson,Fremantle,0.79700156
FeelingDusty,17/03/2024,1,16600,Fremantle,Brisbane,11770,Michael,Walters,Fremantle,0.001530316
FeelingDusty,17/03/2024,1,16600,Fremantle,Brisbane,12252,James,Aish,Fremantle,0.118162182
FeelingDusty,17/03/2024,1,16600,Fremantle,Brisbane,12550,Luke,Ryan,Fremantle,0.79733264
FeelingDusty,17/03/2024,1,16600,Fremantle,Brisbane,12821,Jeremy,Sharp,Fremantle,0.003066817
FeelingDusty,17/03/2024,1,16600,Fremantle,Brisbane,12406,Ethan,Hughes,Fremantle,0.002449986
FeelingDusty,17/03/2024,1,16600,Fremantle,Brisbane,13093,Tom,Emmett,Fremantle,0.002449986
FeelingDusty,17/03/2024,1,16600,Fremantle,Brisbane,12402,Oscar,McDonald,Fremantle,0.002449986
FeelingDusty,17/03/2024,1,16600,Fremantle,Brisbane,13080,Karl,Worner,Fremantle,0.002927702
FeelingDusty,17/03/2024,1,16600,Fremantle,Brisbane,12983,Jye,Amiss,Fremantle,0.256749047
FeelingDusty,17/03/2024,1,16600,Fremantle,Brisbane,12361,Alex,Pearce,Fremantle,0.100286441
FeelingDusty,17/03/2024,1,16600,Fremantle,Brisbane,12777,Hayden,Young,Fremantle,0.015227195
FeelingDusty,17/03/2024,1,16600,Fremantle,Brisbane,12967,Neil,Erasmus,Fremantle,0.002449986
FeelingDusty,17/03/2024,1,16600,Fremantle,Brisbane,12803,Michael,Frederick,Fremantle,0.002449986
FeelingDusty,17/03/2024,1,16600,Fremantle,Brisbane,12888,Josh,Treacy,Fremantle,0.052668564
FeelingDusty,17/03/2024,1,16600,Fremantle,Brisbane,12552,Brennan,Cox,Fremantle,0.002449986
FeelingDusty,17/03/2024,1,16600,Fremantle,Brisbane,12679,Sam,Switkowski,Fremantle,0
FeelingDusty,17/03/2024,1,16600,Fremantle,Brisbane,12595,Bailey,Banfield,Fremantle,0.002449986
FeelingDusty,17/03/2024,1,16600,Fremantle,Brisbane,13049,Matthew,Johnson,Fremantle,0.009852171
FeelingDusty,21/03/2024,2,16601,St Kilda,Collingwood,12586,Patrick,Lipinski,Collingwood,0.007275057
FeelingDusty,21/03/2024,2,16601,St Kilda,Collingwood,12333,Jordan,De Goey,Collingwood,0.00347215
FeelingDusty,21/03/2024,2,16601,St Kilda,Collingwood,12740,Isaac,Quaynor,Collingwood,0.000171213
FeelingDusty,21/03/2024,2,16601,St Kilda,Collingwood,12380,Brayden,Maynard,Collingwood,0
FeelingDusty,21/03/2024,2,16601,St Kilda,Collingwood,12091,Jamie,Elliott,Collingwood,0.03952237
FeelingDusty,21/03/2024,2,16601,St Kilda,Collingwood,12201,Tom,Mitchell,Collingwood,0.001918896
FeelingDusty,21/03/2024,2,16601,St Kilda,Collingwood,12582,Josh,Daicos,Collingwood,0.094185379
FeelingDusty,21/03/2024,2,16601,St Kilda,Collingwood,12704,Lachie,Schultz,Collingwood,0.000171213
FeelingDusty,21/03/2024,2,16601,St Kilda,Collingwood,11506,Scott,Pendlebury,Collingwood,0.004413209
FeelingDusty,21/03/2024,2,16601,St Kilda,Collingwood,12666,Darcy,Cameron,Collingwood,0.120450886
FeelingDusty,21/03/2024,2,16601,St Kilda,Collingwood,12682,Billy,Frampton,Collingwood,0.002016193
FeelingDusty,21/03/2024,2,16601,St Kilda,Collingwood,12889,Finlay,Macrae,Collingwood,0.000171213
FeelingDusty,21/03/2024,2,16601,St Kilda,Collingwood,11759,Steele,Sidebottom,Collingwood,0.002654294
FeelingDusty,21/03/2024,2,16601,St Kilda,Collingwood,12744,Bobby,Hill,Collingwood,0.000171213
FeelingDusty,21/03/2024,2,16601,St Kilda,Collingwood,12067,Jack,Crisp,Collingwood,0.000171213
FeelingDusty,21/03/2024,2,16601,St Kilda,Collingwood,12966,Reef,McInnes,Collingwood,0.003475274
FeelingDusty,21/03/2024,2,16601,St Kilda,Collingwood,12381,Darcy,Moore,Collingwood,0.000998894
FeelingDusty,21/03/2024,2,16601,St Kilda,Collingwood,12877,Beau,McCreery,Collingwood,0.000171213
FeelingDusty,21/03/2024,2,16601,St Kilda,Collingwood,12948,Nick,Daicos,Collingwood,0.00347215
FeelingDusty,21/03/2024,2,16601,St Kilda,Collingwood,12468,Oleg,Markov,Collingwood,0.000171213
FeelingDusty,21/03/2024,2,16601,St Kilda,Collingwood,11973,Jeremy,Howe,Collingwood,0
FeelingDusty,21/03/2024,2,16601,St Kilda,Collingwood,12648,Brody,Mihocek,Collingwood,0.000691397
FeelingDusty,21/03/2024,2,16601,St Kilda,Collingwood,12435,Mason,Cox,Collingwood,0
FeelingDusty,21/03/2024,2,16601,St Kilda,Collingwood,12616,Jack,Higgins,St Kilda,0.803483665
FeelingDusty,21/03/2024,2,16601,St Kilda,Collingwood,12968,Marcus,Windhager,St Kilda,0.30997563
FeelingDusty,21/03/2024,2,16601,St Kilda,Collingwood,12294,Zak,Jones,St Kilda,0.002178753
FeelingDusty,21/03/2024,2,16601,St Kilda,Collingwood,12138,Sebastian,Ross,St Kilda,0.014930496
FeelingDusty,21/03/2024,2,16601,St Kilda,Collingwood,12947,Nasiah,Wanganeen-Milera,St Kilda,2.889154975
FeelingDusty,21/03/2024,2,16601,St Kilda,Collingwood,12066,Bradley,Hill,St Kilda,0.00547969
FeelingDusty,21/03/2024,2,16601,St Kilda,Collingwood,12377,Jack,Steele,St Kilda,0.841101563
FeelingDusty,21/03/2024,2,16601,St Kilda,Collingwood,12945,Mitch,Owens,St Kilda,0.115865681
FeelingDusty,21/03/2024,2,16601,St Kilda,Collingwood,12771,Max,King,St Kilda,0.21597237
FeelingDusty,21/03/2024,2,16601,St Kilda,Collingwood,12804,Ryan,Byrnes,St Kilda,0.048338708
FeelingDusty,21/03/2024,2,16601,St Kilda,Collingwood,12721,Liam,Stocker,St Kilda,0.002178753
FeelingDusty,21/03/2024,2,16601,St Kilda,Collingwood,12572,Rowan,Marshall,St Kilda,0.368146802
FeelingDusty,21/03/2024,2,16601,St Kilda,Collingwood,12399,Zaine,Cordy,St Kilda,0.002603581
FeelingDusty,21/03/2024,2,16601,St Kilda,Collingwood,13109,Darcy,Wilson,St Kilda,0.002603581
FeelingDusty,21/03/2024,2,16601,St Kilda,Collingwood,12831,Liam,Henry,St Kilda,0.008284524
FeelingDusty,21/03/2024,2,16601,St Kilda,Collingwood,13042,Mattaes,Phillipou,St Kilda,0.00547969
FeelingDusty,21/03/2024,2,16601,St Kilda,Collingwood,12565,Josh,Battle,St Kilda,0.060444685
FeelingDusty,21/03/2024,2,16601,St Kilda,Collingwood,12307,Tim,Membrey,St Kilda,0.002178753
FeelingDusty,21/03/2024,2,16601,St Kilda,Collingwood,12321,Mason,Wood,St Kilda,0.00547969
FeelingDusty,21/03/2024,2,16601,St Kilda,Collingwood,12337,Jack,Sinclair,St Kilda,0.005467724
FeelingDusty,21/03/2024,2,16601,St Kilda,Collingwood,12492,Riley,Bonner,St Kilda,0.002727296
FeelingDusty,21/03/2024,2,16601,St Kilda,Collingwood,12930,Cooper,Sharman,St Kilda,0.002178753
FeelingDusty,21/03/2024,2,16601,St Kilda,Collingwood,12701,Callum,Wilkie,St Kilda,0
FeelingDusty,22/03/2024,2,16602,Adelaide,Geelong,12697,Chayce,Jones,Adelaide,0.001854152
FeelingDusty,22/03/2024,2,16602,Adelaide,Geelong,12441,Ben,Keays,Adelaide,0.001854152
FeelingDusty,22/03/2024,2,16602,Adelaide,Geelong,12855,Sam,Berry,Adelaide,0
FeelingDusty,22/03/2024,2,16602,Adelaide,Geelong,12592,Lachlan,Murphy,Adelaide,0
FeelingDusty,22/03/2024,2,16602,Adelaide,Geelong,12265,Matt,Crouch,Adelaide,0.568702821
FeelingDusty,22/03/2024,2,16602,Adelaide,Geelong,12957,Josh,Rachele,Adelaide,0
FeelingDusty,22/03/2024,2,16602,Adelaide,Geelong,12922,Luke,Pedlar,Adelaide,0
FeelingDusty,22/03/2024,2,16602,Adelaide,Geelong,12519,Jordan,Dawson,Adelaide,0.620792051
FeelingDusty,22/03/2024,2,16602,Adelaide,Geelong,11724,Taylor,Walker,Adelaide,0
FeelingDusty,22/03/2024,2,16602,Adelaide,Geelong,12956,Jake,Soligo,Adelaide,0
FeelingDusty,22/03/2024,2,16602,Adelaide,Geelong,13038,Max,Michalanney,Adelaide,0
FeelingDusty,22/03/2024,2,16602,Adelaide,Geelong,12725,Mitchell,Hinge,Adelaide,0.002841532
FeelingDusty,22/03/2024,2,16602,Adelaide,Geelong,12702,Chris,Burgess,Adelaide,0
FeelingDusty,22/03/2024,2,16602,Adelaide,Geelong,12797,Izak,Rankine,Adelaide,0
FeelingDusty,22/03/2024,2,16602,Adelaide,Geelong,12916,Josh,Worrell,Adelaide,0
FeelingDusty,22/03/2024,2,16602,Adelaide,Geelong,12780,Ned,McHenry,Adelaide,0
FeelingDusty,22/03/2024,2,16602,Adelaide,Geelong,12171,Rory,Laird,Adelaide,0.055951715
FeelingDusty,22/03/2024,2,16602,Adelaide,Geelong,12416,Wayne,Milera,Adelaide,0
FeelingDusty,22/03/2024,2,16602,Adelaide,Geelong,12591,Darcy,Fogarty,Adelaide,0
FeelingDusty,22/03/2024,2,16602,Adelaide,Geelong,11898,Brodie,Smith,Adelaide,0
FeelingDusty,22/03/2024,2,16602,Adelaide,Geelong,12832,Jordon,Butts,Adelaide,0
FeelingDusty,22/03/2024,2,16602,Adelaide,Geelong,12483,Reilly,OBrien,Adelaide,0
FeelingDusty,22/03/2024,2,16602,Adelaide,Geelong,12813,Mark,Keane,Adelaide,0
FeelingDusty,22/03/2024,2,16602,Adelaide,Geelong,11855,Rhys,Stanley,Geelong,0.00388423
FeelingDusty,22/03/2024,2,16602,Adelaide,Geelong,11979,Zach,Tuohy,Geelong,0.001564263
FeelingDusty,22/03/2024,2,16602,Adelaide,Geelong,12513,Brandan,Parfitt,Geelong,0.012017231
FeelingDusty,22/03/2024,2,16602,Adelaide,Geelong,12022,Jeremy,Cameron,Geelong,0.001815332
FeelingDusty,22/03/2024,2,16602,Adelaide,Geelong,13107,Shaun,Mannagh,Geelong,0.001815332
FeelingDusty,22/03/2024,2,16602,Adelaide,Geelong,12378,Jake,Kolodjashnij,Geelong,0.002169298
FeelingDusty,22/03/2024,2,16602,Adelaide,Geelong,12882,Max,Holmes,Geelong,0.005027774
FeelingDusty,22/03/2024,2,16602,Adelaide,Geelong,12985,Mitch,Knevitt,Geelong,0.001815332
FeelingDusty,22/03/2024,2,16602,Adelaide,Geelong,13062,Jhye,Clark,Geelong,0.004565665
FeelingDusty,22/03/2024,2,16602,Adelaide,Geelong,12892,Sam,De Koning,Geelong,0.002169298
FeelingDusty,22/03/2024,2,16602,Adelaide,Geelong,12561,Tyson,Stengle,Geelong,0.001815332
FeelingDusty,22/03/2024,2,16602,Adelaide,Geelong,11554,Tom,Hawkins,Geelong,1.284102666
FeelingDusty,22/03/2024,2,16602,Adelaide,Geelong,12976,Oliver,Dempsey,Geelong,0.001815332
FeelingDusty,22/03/2024,2,16602,Adelaide,Geelong,12690,Gryan,Miers,Geelong,1.242498559
FeelingDusty,22/03/2024,2,16602,Adelaide,Geelong,13067,Oisin,Mullin,Geelong,0.001815332
FeelingDusty,22/03/2024,2,16602,Adelaide,Geelong,11706,Patrick,Dangerfield,Geelong,0.064210816
FeelingDusty,22/03/2024,2,16602,Adelaide,Geelong,12850,Oliver,Henry,Geelong,0.006073244
FeelingDusty,22/03/2024,2,16602,Adelaide,Geelong,12614,Jack,Henry,Geelong,0.001815332
FeelingDusty,22/03/2024,2,16602,Adelaide,Geelong,12559,Zach,Guthrie,Geelong,0.001815332
FeelingDusty,22/03/2024,2,16602,Adelaide,Geelong,12540,Mark,OConnor,Geelong,0.004550628
FeelingDusty,22/03/2024,2,16602,Adelaide,Geelong,12514,Tom,Stewart,Geelong,1.996855185
FeelingDusty,22/03/2024,2,16602,Adelaide,Geelong,12808,Brad,Close,Geelong,0.001815332
FeelingDusty,22/03/2024,2,16602,Adelaide,Geelong,12160,Mark,Blicavs,Geelong,0.101976732
FeelingDusty,23/03/2024,2,16603,North Melbourne,Fremantle,12149,Jaeger,OMeara,Fremantle,0.00151599
FeelingDusty,23/03/2024,2,16603,North Melbourne,Fremantle,12786,Caleb,Serong,Fremantle,1.9340101
FeelingDusty,23/03/2024,2,16603,North Melbourne,Fremantle,12688,Jordan,Clark,Fremantle,0.022412278
FeelingDusty,23/03/2024,2,16603,North Melbourne,Fremantle,11844,Nat,Fyfe,Fremantle,0.004502718
FeelingDusty,23/03/2024,2,16603,North Melbourne,Fremantle,12596,Andrew,Brayshaw,Fremantle,0.276353136
FeelingDusty,23/03/2024,2,16603,North Melbourne,Fremantle,12779,Luke,Jackson,Fremantle,1.881540962
FeelingDusty,23/03/2024,2,16603,North Melbourne,Fremantle,11770,Michael,Walters,Fremantle,0.000946921
FeelingDusty,23/03/2024,2,16603,North Melbourne,Fremantle,12252,James,Aish,Fremantle,0.00787795
FeelingDusty,23/03/2024,2,16603,North Melbourne,Fremantle,12550,Luke,Ryan,Fremantle,0.010888574
FeelingDusty,23/03/2024,2,16603,North Melbourne,Fremantle,12821,Jeremy,Sharp,Fremantle,0.00189767
FeelingDusty,23/03/2024,2,16603,North Melbourne,Fremantle,12406,Ethan,Hughes,Fremantle,0.00151599
FeelingDusty,23/03/2024,2,16603,North Melbourne,Fremantle,13093,Tom,Emmett,Fremantle,0.00151599
FeelingDusty,23/03/2024,2,16603,North Melbourne,Fremantle,12211,Matt,Taberner,Fremantle,0.004370361
FeelingDusty,23/03/2024,2,16603,North Melbourne,Fremantle,12983,Jye,Amiss,Fremantle,0.00151599
FeelingDusty,23/03/2024,2,16603,North Melbourne,Fremantle,12361,Alex,Pearce,Fremantle,0.002413532
FeelingDusty,23/03/2024,2,16603,North Melbourne,Fremantle,12777,Hayden,Young,Fremantle,0.005312528
FeelingDusty,23/03/2024,2,16603,North Melbourne,Fremantle,12915,Brandon,Walker,Fremantle,0.00151599
FeelingDusty,23/03/2024,2,16603,North Melbourne,Fremantle,12803,Michael,Frederick,Fremantle,0.004370361
FeelingDusty,23/03/2024,2,16603,North Melbourne,Fremantle,12888,Josh,Treacy,Fremantle,0.00151599
FeelingDusty,23/03/2024,2,16603,North Melbourne,Fremantle,13113,Joshua,Draper,Fremantle,0.00151599
FeelingDusty,23/03/2024,2,16603,North Melbourne,Fremantle,12679,Sam,Switkowski,Fremantle,0
FeelingDusty,23/03/2024,2,16603,North Melbourne,Fremantle,12595,Bailey,Banfield,Fremantle,0.055503833
FeelingDusty,23/03/2024,2,16603,North Melbourne,Fremantle,13049,Matthew,Johnson,Fremantle,0.006101289
FeelingDusty,23/03/2024,2,16603,North Melbourne,Fremantle,12598,Jaidyn,Stephenson,North Melbourne,0
FeelingDusty,23/03/2024,2,16603,North Melbourne,Fremantle,13030,Harry,Sheezel,North Melbourne,0.400996815
FeelingDusty,23/03/2024,2,16603,North Melbourne,Fremantle,12185,Aidan,Corr,North Melbourne,0
FeelingDusty,23/03/2024,2,16603,North Melbourne,Fremantle,13065,George,Wardlaw,North Melbourne,0.003124817
FeelingDusty,23/03/2024,2,16603,North Melbourne,Fremantle,13104,Zane,Duursma,North Melbourne,0
FeelingDusty,23/03/2024,2,16603,North Melbourne,Fremantle,12705,Bailey,Scott,North Melbourne,0.001533738
FeelingDusty,23/03/2024,2,16603,North Melbourne,Fremantle,12599,Luke,Davies-Uniacke,North Melbourne,0.38642526
FeelingDusty,23/03/2024,2,16603,North Melbourne,Fremantle,13105,Colby,McKercher,North Melbourne,0.001372989
FeelingDusty,23/03/2024,2,16603,North Melbourne,Fremantle,12246,Luke,McDonald,North Melbourne,0
FeelingDusty,23/03/2024,2,16603,North Melbourne,Fremantle,12511,Jy,Simpkin,North Melbourne,0.003419801
FeelingDusty,23/03/2024,2,16603,North Melbourne,Fremantle,12434,Darcy,Tucker,North Melbourne,0
FeelingDusty,23/03/2024,2,16603,North Melbourne,Fremantle,12798,Dylan,Stephens,North Melbourne,0.001548409
FeelingDusty,23/03/2024,2,16603,North Melbourne,Fremantle,12528,Zac,Fisher,North Melbourne,0
FeelingDusty,23/03/2024,2,16603,North Melbourne,Fremantle,12569,Nick,Larkey,North Melbourne,0
FeelingDusty,23/03/2024,2,16603,North Melbourne,Fremantle,12730,Callum,Coleman-Jones,North Melbourne,0
FeelingDusty,23/03/2024,2,16603,North Melbourne,Fremantle,12867,Tom,Powell,North Melbourne,0.849242091
FeelingDusty,23/03/2024,2,16603,North Melbourne,Fremantle,12975,Paul,Curtis,North Melbourne,0.002105968
FeelingDusty,23/03/2024,2,16603,North Melbourne,Fremantle,13106,Toby,Pink,North Melbourne,0.000535345
FeelingDusty,23/03/2024,2,16603,North Melbourne,Fremantle,12866,Charlie,Lazzaro,North Melbourne,0
FeelingDusty,23/03/2024,2,16603,North Melbourne,Fremantle,12789,Tristan,Xerri,North Melbourne,0.120214937
FeelingDusty,23/03/2024,2,16603,North Melbourne,Fremantle,12923,Eddie,Ford,North Melbourne,0
FeelingDusty,23/03/2024,2,16603,North Melbourne,Fremantle,13021,Kallan,Dawson,North Melbourne,0.000149138
FeelingDusty,23/03/2024,2,16603,North Melbourne,Fremantle,12566,Cameron,Zurhaar,North Melbourne,0.00021655
FeelingDusty,23/03/2024,2,16604,Hawthorn,Melbourne,12643,Mitch,Lewis,Hawthorn,0
FeelingDusty,23/03/2024,2,16604,Hawthorn,Melbourne,12913,Jai,Newcombe,Hawthorn,0.001823446
FeelingDusty,23/03/2024,2,16604,Hawthorn,Melbourne,12245,Jarman,Impey,Hawthorn,0
FeelingDusty,23/03/2024,2,16604,Hawthorn,Melbourne,12626,James,Worpel,Hawthorn,0.02315995
FeelingDusty,23/03/2024,2,16604,Hawthorn,Melbourne,12342,James,Sicily,Hawthorn,0.095954221
FeelingDusty,23/03/2024,2,16604,Hawthorn,Melbourne,12907,Ned,Reeves,Hawthorn,0.003478096
FeelingDusty,23/03/2024,2,16604,Hawthorn,Melbourne,12124,Sam,Frost,Hawthorn,0
FeelingDusty,23/03/2024,2,16604,Hawthorn,Melbourne,12365,Karl,Amon,Hawthorn,0.000975745
FeelingDusty,23/03/2024,2,16604,Hawthorn,Melbourne,12678,Conor,Nash,Hawthorn,0.001578813
FeelingDusty,23/03/2024,2,16604,Hawthorn,Melbourne,12710,Dylan,Moore,Hawthorn,0.001115109
FeelingDusty,23/03/2024,2,16604,Hawthorn,Melbourne,12571,Jack,Scrimshaw,Hawthorn,0.004661076
FeelingDusty,23/03/2024,2,16604,Hawthorn,Melbourne,12477,Blake,Hardwick,Hawthorn,0.000175629
FeelingDusty,23/03/2024,2,16604,Hawthorn,Melbourne,12999,Massimo,DAmbrosio,Hawthorn,0.006487065
FeelingDusty,23/03/2024,2,16604,Hawthorn,Melbourne,12491,Mabior,Chol,Hawthorn,0
FeelingDusty,23/03/2024,2,16604,Hawthorn,Melbourne,11854,Jack,Gunston,Hawthorn,0
FeelingDusty,23/03/2024,2,16604,Hawthorn,Melbourne,11960,Luke,Breust,Hawthorn,0
FeelingDusty,23/03/2024,2,16604,Hawthorn,Melbourne,13059,Josh,Weddle,Hawthorn,0.02413321
FeelingDusty,23/03/2024,2,16604,Hawthorn,Melbourne,12954,Josh,Ward,Hawthorn,0.001823446
FeelingDusty,23/03/2024,2,16604,Hawthorn,Melbourne,13039,Cam,Mackenzie,Hawthorn,0
FeelingDusty,23/03/2024,2,16604,Hawthorn,Melbourne,12953,Connor,Macdonald,Hawthorn,0
FeelingDusty,23/03/2024,2,16604,Hawthorn,Melbourne,12846,Finn,Maginness,Hawthorn,0
FeelingDusty,23/03/2024,2,16604,Hawthorn,Melbourne,12928,Jack,Ginnivan,Hawthorn,0
FeelingDusty,23/03/2024,2,16604,Hawthorn,Melbourne,13103,Nick,Watson,Hawthorn,0
FeelingDusty,23/03/2024,2,16604,Hawthorn,Melbourne,11945,Steven,May,Melbourne,0.001785269
FeelingDusty,23/03/2024,2,16604,Hawthorn,Melbourne,13048,Jacob,van Rooyen,Melbourne,0.001785269
FeelingDusty,23/03/2024,2,16604,Hawthorn,Melbourne,12280,Christian,Salem,Melbourne,0.047332815
FeelingDusty,23/03/2024,2,16604,Hawthorn,Melbourne,13036,Judd,McVee,Melbourne,0
FeelingDusty,23/03/2024,2,16604,Hawthorn,Melbourne,12437,Christian,Petracca,Melbourne,2.242793423
FeelingDusty,23/03/2024,2,16604,Hawthorn,Melbourne,13099,Caleb,Windsor,Melbourne,0.004490054
FeelingDusty,23/03/2024,2,16604,Hawthorn,Melbourne,12152,Jack,Viney,Melbourne,0.109100648
FeelingDusty,23/03/2024,2,16604,Hawthorn,Melbourne,12359,Jake,Lever,Melbourne,0.001785269
FeelingDusty,23/03/2024,2,16604,Hawthorn,Melbourne,11972,Max,Gawn,Melbourne,0.37588471
FeelingDusty,23/03/2024,2,16604,Hawthorn,Melbourne,12411,Clayton,Oliver,Melbourne,0.10704533
FeelingDusty,23/03/2024,2,16604,Hawthorn,Melbourne,12255,Jack,Billings,Melbourne,0.001785269
FeelingDusty,23/03/2024,2,16604,Hawthorn,Melbourne,12401,Ed,Langdon,Melbourne,0.243824602
FeelingDusty,23/03/2024,2,16604,Hawthorn,Melbourne,13098,Blake,Howes,Melbourne,0.005537217
FeelingDusty,23/03/2024,2,16604,Hawthorn,Melbourne,12778,Trent,Rivers,Melbourne,0.01058622
FeelingDusty,23/03/2024,2,16604,Hawthorn,Melbourne,12015,Tom,McDonald,Melbourne,0.001785269
FeelingDusty,23/03/2024,2,16604,Hawthorn,Melbourne,12691,Marty,Hore,Melbourne,0.005531314
FeelingDusty,23/03/2024,2,16604,Hawthorn,Melbourne,12375,Alex,Neal-Bullen,Melbourne,0.419065191
FeelingDusty,23/03/2024,2,16604,Hawthorn,Melbourne,12603,Bayley,Fritsch,Melbourne,1.929354945
FeelingDusty,23/03/2024,2,16604,Hawthorn,Melbourne,12692,Tom,Sparrow,Melbourne,0.012837275
FeelingDusty,23/03/2024,2,16604,Hawthorn,Melbourne,12660,Harrison,Petty,Melbourne,0.002842237
FeelingDusty,23/03/2024,2,16604,Hawthorn,Melbourne,12774,Kysaiah,Pickett,Melbourne,0.24647782
FeelingDusty,23/03/2024,2,16604,Hawthorn,Melbourne,12756,Kade,Chandler,Melbourne,0.061218781
FeelingDusty,23/03/2024,2,16604,Hawthorn,Melbourne,12296,Ben,Brown,Melbourne,0.001785269
FeelingDusty,23/03/2024,2,16605,Sydney,Essendon,12505,Andrew,McGrath,Essendon,0
FeelingDusty,23/03/2024,2,16605,Sydney,Essendon,12809,Sam,Draper,Essendon,0.001322394
FeelingDusty,23/03/2024,2,16605,Sydney,Essendon,12358,Kyle,Langford,Essendon,0
FeelingDusty,23/03/2024,2,16605,Sydney,Essendon,13087,Elijah,Tsatas,Essendon,0.001268879
FeelingDusty,23/03/2024,2,16605,Sydney,Essendon,12752,Jye,Caldwell,Essendon,0.001268879
FeelingDusty,23/03/2024,2,16605,Sydney,Essendon,12249,Zach,Merrett,Essendon,1.12940651
FeelingDusty,23/03/2024,2,16605,Sydney,Essendon,12972,Ben,Hobbs,Essendon,0
FeelingDusty,23/03/2024,2,16605,Sydney,Essendon,12422,Jade,Gresham,Essendon,0.091974045
FeelingDusty,23/03/2024,2,16605,Sydney,Essendon,12574,Will,Setterfield,Essendon,0.059034009
FeelingDusty,23/03/2024,2,16605,Sydney,Essendon,12858,Nik,Cox,Essendon,0.001268879
FeelingDusty,23/03/2024,2,16605,Sydney,Essendon,12384,Jayden,Laverde,Essendon,0
FeelingDusty,23/03/2024,2,16605,Sydney,Essendon,12880,Archie,Perkins,Essendon,0
FeelingDusty,23/03/2024,2,16605,Sydney,Essendon,11692,Todd,Goldstein,Essendon,0
FeelingDusty,23/03/2024,2,16605,Sydney,Essendon,12734,Nick,Hind,Essendon,0
FeelingDusty,23/03/2024,2,16605,Sydney,Essendon,12371,Peter,Wright,Essendon,0
FeelingDusty,23/03/2024,2,16605,Sydney,Essendon,11903,Dyson,Heppell,Essendon,0
FeelingDusty,23/03/2024,2,16605,Sydney,Essendon,12926,Sam,Durham,Essendon,0.027961189
FeelingDusty,23/03/2024,2,16605,Sydney,Essendon,12173,Jake,Stringer,Essendon,0.000186028
FeelingDusty,23/03/2024,2,16605,Sydney,Essendon,12695,Xavier,Duursma,Essendon,0
FeelingDusty,23/03/2024,2,16605,Sydney,Essendon,12588,Ben,McKay,Essendon,0
FeelingDusty,23/03/2024,2,16605,Sydney,Essendon,13040,Alwyn,Davey Jnr,Essendon,0
FeelingDusty,23/03/2024,2,16605,Sydney,Essendon,12950,Nic,Martin,Essendon,0.010055054
FeelingDusty,23/03/2024,2,16605,Sydney,Essendon,13020,Jye,Menzie,Essendon,0
FeelingDusty,23/03/2024,2,16605,Sydney,Essendon,12799,Chad,Warner,Sydney,0.431440039
FeelingDusty,23/03/2024,2,16605,Sydney,Essendon,12745,Hayden,McLean,Sydney,0.003113559
FeelingDusty,23/03/2024,2,16605,Sydney,Essendon,12223,Brodie,Grundy,Sydney,0.026681391
FeelingDusty,23/03/2024,2,16605,Sydney,Essendon,12331,Isaac,Heeney,Sydney,1.565404863
FeelingDusty,23/03/2024,2,16605,Sydney,Essendon,12863,Logan,McDonald,Sydney,0.001242313
FeelingDusty,23/03/2024,2,16605,Sydney,Essendon,12038,Harry,Cunningham,Sydney,0.001242313
FeelingDusty,23/03/2024,2,16605,Sydney,Essendon,12715,James,Rowbottom,Sydney,0.002249763
FeelingDusty,23/03/2024,2,16605,Sydney,Essendon,12516,Will,Hayward,Sydney,0.001933477
FeelingDusty,23/03/2024,2,16605,Sydney,Essendon,12419,Tom,Papley,Sydney,1.773987062
FeelingDusty,23/03/2024,2,16605,Sydney,Essendon,12501,Oliver,Florent,Sydney,0.003592686
FeelingDusty,23/03/2024,2,16605,Sydney,Essendon,12820,Sam,Wicks,Sydney,0.001242313
FeelingDusty,23/03/2024,2,16605,Sydney,Essendon,12865,Braeden,Campbell,Sydney,0.001242313
FeelingDusty,23/03/2024,2,16605,Sydney,Essendon,12853,James,Jordon,Sydney,0.002033136
FeelingDusty,23/03/2024,2,16605,Sydney,Essendon,12864,Errol,Gulden,Sydney,0.838103688
FeelingDusty,23/03/2024,2,16605,Sydney,Essendon,12699,Nick,Blakey,Sydney,0.000960484
FeelingDusty,23/03/2024,2,16605,Sydney,Essendon,12148,Dane,Rampe,Sydney,0.001269253
FeelingDusty,23/03/2024,2,16605,Sydney,Essendon,12711,Justin,McInerney,Sydney,0.001528924
FeelingDusty,23/03/2024,2,16605,Sydney,Essendon,12634,Tom,McCartin,Sydney,0.001977825
FeelingDusty,23/03/2024,2,16605,Sydney,Essendon,12993,Matt,Roberts,Sydney,0.001973779
FeelingDusty,23/03/2024,2,16605,Sydney,Essendon,12847,Joel,Amartey,Sydney,0.001242313
FeelingDusty,23/03/2024,2,16605,Sydney,Essendon,13053,Corey,Warner,Sydney,0.001242313
FeelingDusty,23/03/2024,2,16605,Sydney,Essendon,12533,Lewis,Melican,Sydney,0.00173559
FeelingDusty,23/03/2024,2,16605,Sydney,Essendon,12275,Jake,Lloyd,Sydney,0.010814735
FeelingDusty,24/03/2024,2,16606,Western Bulldogs,Gold Coast,12389,Rory,Atkins,Gold Coast,0
FeelingDusty,24/03/2024,2,16606,Western Bulldogs,Gold Coast,12825,Sam,Flanders,Gold Coast,0
FeelingDusty,24/03/2024,2,16606,Western Bulldogs,Gold Coast,12039,Brandon,Ellis,Gold Coast,0.001633686
FeelingDusty,24/03/2024,2,16606,Western Bulldogs,Gold Coast,12086,Alex,Sexton,Gold Coast,0
FeelingDusty,24/03/2024,2,16606,Western Bulldogs,Gold Coast,12314,Nick,Holman,Gold Coast,0
FeelingDusty,24/03/2024,2,16606,Western Bulldogs,Gold Coast,12489,Brayden,Fiorini,Gold Coast,0.001298538
FeelingDusty,24/03/2024,2,16606,Western Bulldogs,Gold Coast,12506,Ben,Ainsworth,Gold Coast,0
FeelingDusty,24/03/2024,2,16606,Western Bulldogs,Gold Coast,12631,Charlie,Ballard,Gold Coast,0.000564828
FeelingDusty,24/03/2024,2,16606,Western Bulldogs,Gold Coast,12329,Touk,Miller,Gold Coast,0.290187513
FeelingDusty,24/03/2024,2,16606,Western Bulldogs,Gold Coast,12703,Jack,Lukosius,Gold Coast,0
FeelingDusty,24/03/2024,2,16606,Western Bulldogs,Gold Coast,12767,Noah,Anderson,Gold Coast,0.009673928
FeelingDusty,24/03/2024,2,16606,Western Bulldogs,Gold Coast,12776,Thomas,Berry,Gold Coast,0
FeelingDusty,24/03/2024,2,16606,Western Bulldogs,Gold Coast,13114,Jed,Walter,Gold Coast,0
FeelingDusty,24/03/2024,2,16606,Western Bulldogs,Gold Coast,12769,Matt,Rowell,Gold Coast,0.019672534
FeelingDusty,24/03/2024,2,16606,Western Bulldogs,Gold Coast,12529,Ben,Long,Gold Coast,0
FeelingDusty,24/03/2024,2,16606,Western Bulldogs,Gold Coast,11923,David,Swallow,Gold Coast,0
FeelingDusty,24/03/2024,2,16606,Western Bulldogs,Gold Coast,12453,Sam,Collins,Gold Coast,0.056060456
FeelingDusty,24/03/2024,2,16606,Western Bulldogs,Gold Coast,12658,Wil,Powell,Gold Coast,0
FeelingDusty,24/03/2024,2,16606,Western Bulldogs,Gold Coast,12121,Levi,Casboult,Gold Coast,0
FeelingDusty,24/03/2024,2,16606,Western Bulldogs,Gold Coast,13037,Bodhi,Uwland,Gold Coast,0
FeelingDusty,24/03/2024,2,16606,Western Bulldogs,Gold Coast,12728,Ben,King,Gold Coast,0
FeelingDusty,24/03/2024,2,16606,Western Bulldogs,Gold Coast,12768,Connor,Budarick,Gold Coast,0
FeelingDusty,24/03/2024,2,16606,Western Bulldogs,Gold Coast,13051,Ned,Moyle,Gold Coast,0.001682794
FeelingDusty,24/03/2024,2,16606,Western Bulldogs,Gold Coast,12058,Adam,Treloar,Western Bulldogs,0.266770569
FeelingDusty,24/03/2024,2,16606,Western Bulldogs,Gold Coast,12924,Jamarra,Ugle-Hagan,Western Bulldogs,0.001599482
FeelingDusty,24/03/2024,2,16606,Western Bulldogs,Gold Coast,12801,Cody,Weightman,Western Bulldogs,1.589367888
FeelingDusty,24/03/2024,2,16606,Western Bulldogs,Gold Coast,12277,Marcus,Bontempelli,Western Bulldogs,2.465448396
FeelingDusty,24/03/2024,2,16606,Western Bulldogs,Gold Coast,13111,Ryley,Sanders,Western Bulldogs,0.010538967
FeelingDusty,24/03/2024,2,16606,Western Bulldogs,Gold Coast,13023,Sam,Darcy,Western Bulldogs,0.029448227
FeelingDusty,24/03/2024,2,16606,Western Bulldogs,Gold Coast,13110,Harvey,Gallagher,Western Bulldogs,0.004022789
FeelingDusty,24/03/2024,2,16606,Western Bulldogs,Gold Coast,12723,Oskar,Baker,Western Bulldogs,0.084273442
FeelingDusty,24/03/2024,2,16606,Western Bulldogs,Gold Coast,12748,Rhylee,West,Western Bulldogs,0.001599482
FeelingDusty,24/03/2024,2,16606,Western Bulldogs,Gold Coast,12615,Nick,Coffield,Western Bulldogs,0.001599482
FeelingDusty,24/03/2024,2,16606,Western Bulldogs,Gold Coast,11874,Liam,Jones,Western Bulldogs,0.135851818
FeelingDusty,24/03/2024,2,16606,Western Bulldogs,Gold Coast,12612,Ed,Richards,Western Bulldogs,0.005029104
FeelingDusty,24/03/2024,2,16606,Western Bulldogs,Gold Coast,11904,Tom,Liberatore,Western Bulldogs,0.303608141
FeelingDusty,24/03/2024,2,16606,Western Bulldogs,Gold Coast,12781,Laitham,Vandermeer,Western Bulldogs,0
FeelingDusty,24/03/2024,2,16606,Western Bulldogs,Gold Coast,12901,Buku,Khamis,Western Bulldogs,0.002953931
FeelingDusty,24/03/2024,2,16606,Western Bulldogs,Gold Coast,12897,Caleb,Poulter,Western Bulldogs,0.001599482
FeelingDusty,24/03/2024,2,16606,Western Bulldogs,Gold Coast,12917,Lachlan,Bramble,Western Bulldogs,0.001594273
FeelingDusty,24/03/2024,2,16606,Western Bulldogs,Gold Coast,12362,Bailey,Dale,Western Bulldogs,0.055995386
FeelingDusty,24/03/2024,2,16606,Western Bulldogs,Gold Coast,12602,Aaron,Naughton,Western Bulldogs,0.008535164
FeelingDusty,24/03/2024,2,16606,Western Bulldogs,Gold Coast,12449,Bailey,Williams,Western Bulldogs,0.004041086
FeelingDusty,24/03/2024,2,16606,Western Bulldogs,Gold Coast,12382,Caleb,Daniel,Western Bulldogs,0.001599482
FeelingDusty,24/03/2024,2,16606,Western Bulldogs,Gold Coast,12128,Jason,Johannisen,Western Bulldogs,0.024421821
FeelingDusty,24/03/2024,2,16606,Western Bulldogs,Gold Coast,12548,Tim,English,Western Bulldogs,0.619327314
FeelingDusty,24/03/2024,2,16608,West Coast,GWS,12023,Stephen,Coniglio,GWS,0.401138357
FeelingDusty,24/03/2024,2,16608,West Coast,GWS,12026,Toby,Greene,GWS,0.00192688
FeelingDusty,24/03/2024,2,16608,West Coast,GWS,13054,Aaron,Cadman,GWS,0.014930872
FeelingDusty,24/03/2024,2,16608,West Coast,GWS,12147,Lachie,Whitfield,GWS,0.882641178
FeelingDusty,24/03/2024,2,16608,West Coast,GWS,12782,Lachie,Ash,GWS,0.00192688
FeelingDusty,24/03/2024,2,16608,West Coast,GWS,12992,Jacob,Wehr,GWS,0.004846215
FeelingDusty,24/03/2024,2,16608,West Coast,GWS,12766,Tom,Green,GWS,1.78595487
FeelingDusty,24/03/2024,2,16608,West Coast,GWS,12773,Toby,Bedford,GWS,0.017370441
FeelingDusty,24/03/2024,2,16608,West Coast,GWS,12651,Sam,Taylor,GWS,0.836157142
FeelingDusty,24/03/2024,2,16608,West Coast,GWS,12663,Brent,Daniels,GWS,0.017091107
FeelingDusty,24/03/2024,2,16608,West Coast,GWS,12970,Finn,Callaghan,GWS,0.006630758
FeelingDusty,24/03/2024,2,16608,West Coast,GWS,12934,James,Peatling,GWS,0.00192688
FeelingDusty,24/03/2024,2,16608,West Coast,GWS,12262,Josh,Kelly,GWS,0.349407639
FeelingDusty,24/03/2024,2,16608,West Coast,GWS,12326,Jesse,Hogan,GWS,0
FeelingDusty,24/03/2024,2,16608,West Coast,GWS,12835,Jake,Riccardi,GWS,0.00192688
FeelingDusty,24/03/2024,2,16608,West Coast,GWS,12470,Harry,Himmelberg,GWS,0.00192688
FeelingDusty,24/03/2024,2,16608,West Coast,GWS,13101,Harvey,Thomas,GWS,0.125227367
FeelingDusty,24/03/2024,2,16608,West Coast,GWS,12905,Kieren,Briggs,GWS,1.254514205
FeelingDusty,24/03/2024,2,16608,West Coast,GWS,12822,Xavier,OHalloran,GWS,0.00192688
FeelingDusty,24/03/2024,2,16608,West Coast,GWS,12541,Harry,Perryman,GWS,0.011881641
FeelingDusty,24/03/2024,2,16608,West Coast,GWS,12749,Connor,Idun,GWS,0.059725155
FeelingDusty,24/03/2024,2,16608,West Coast,GWS,12845,Jack,Buckley,GWS,0.002324639
FeelingDusty,24/03/2024,2,16608,West Coast,GWS,12910,Callum M.,Brown,GWS,0.004829261
FeelingDusty,24/03/2024,2,16608,West Coast,GWS,12609,Jake,Waterman,West Coast,0
FeelingDusty,24/03/2024,2,16608,West Coast,GWS,12433,Jayden,Hunt,West Coast,0.000138594
FeelingDusty,24/03/2024,2,16608,West Coast,GWS,12093,Elliot,Yeo,West Coast,0.072102427
FeelingDusty,24/03/2024,2,16608,West Coast,GWS,13032,Reuben,Ginbey,West Coast,0
FeelingDusty,24/03/2024,2,16608,West Coast,GWS,13112,Harley,Reid,West Coast,0.001968085
FeelingDusty,24/03/2024,2,16608,West Coast,GWS,12860,Tyler,Brockman,West Coast,0
FeelingDusty,24/03/2024,2,16608,West Coast,GWS,12605,Tim,Kelly,West Coast,0.001860398
FeelingDusty,24/03/2024,2,16608,West Coast,GWS,13031,Noah,Long,West Coast,0
FeelingDusty,24/03/2024,2,16608,West Coast,GWS,12340,Liam,Duggan,West Coast,0.024922405
FeelingDusty,24/03/2024,2,16608,West Coast,GWS,11942,Jamie,Cripps,West Coast,0
FeelingDusty,24/03/2024,2,16608,West Coast,GWS,12912,Luke,Edwards,West Coast,0.001968085
FeelingDusty,24/03/2024,2,16608,West Coast,GWS,13033,Campbell,Chesser,West Coast,0.000834652
FeelingDusty,24/03/2024,2,16608,West Coast,GWS,12958,Brady,Hough,West Coast,0
FeelingDusty,24/03/2024,2,16608,West Coast,GWS,12279,Jeremy,McGovern,West Coast,0.106054086
FeelingDusty,24/03/2024,2,16608,West Coast,GWS,12630,Jack,Petruccelle,West Coast,0
FeelingDusty,24/03/2024,2,16608,West Coast,GWS,11908,Jack,Darling,West Coast,0
FeelingDusty,24/03/2024,2,16608,West Coast,GWS,12454,Tom,Cole,West Coast,0.000834652
FeelingDusty,24/03/2024,2,16608,West Coast,GWS,13075,Harry,Barnett,West Coast,0
FeelingDusty,24/03/2024,2,16608,West Coast,GWS,12645,Jamaine,Jones,West Coast,0
FeelingDusty,24/03/2024,2,16608,West Coast,GWS,12837,Bailey J.,Williams,West Coast,0.002746478
FeelingDusty,24/03/2024,2,16608,West Coast,GWS,12391,Tom,Barrass,West Coast,0.000338009
FeelingDusty,24/03/2024,2,16608,West Coast,GWS,12959,Callum,Jamieson,West Coast,0
FeelingDusty,24/03/2024,2,16608,West Coast,GWS,13071,Ryan,Maric,West Coast,0
FeelingDusty,24/03/2024,2,16607,Richmond,Port Adelaide,12696,Connor,Rozee,Port Adelaide,0.610366154
FeelingDusty,24/03/2024,2,16607,Richmond,Port Adelaide,12485,Ryan,Burton,Port Adelaide,0.013219467
FeelingDusty,24/03/2024,2,16607,Richmond,Port Adelaide,12581,Todd,Marshall,Port Adelaide,0.320544554
FeelingDusty,24/03/2024,2,16607,Richmond,Port Adelaide,12503,Dan,Houston,Port Adelaide,0.049710457
FeelingDusty,24/03/2024,2,16607,Richmond,Port Adelaide,12671,Kane,Farrell,Port Adelaide,0.028095219
FeelingDusty,24/03/2024,2,16607,Richmond,Port Adelaide,13011,Jase,Burgoyne,Port Adelaide,0.001820774
FeelingDusty,24/03/2024,2,16607,Richmond,Port Adelaide,12693,Zak,Butters,Port Adelaide,2.76627306
FeelingDusty,24/03/2024,2,16607,Richmond,Port Adelaide,11591,Travis,Boak,Port Adelaide,0.003895874
FeelingDusty,24/03/2024,2,16607,Richmond,Port Adelaide,12557,Jeremy,Finlayson,Port Adelaide,0
FeelingDusty,24/03/2024,2,16607,Richmond,Port Adelaide,12537,Ivan,Soldo,Port Adelaide,0.005657342
FeelingDusty,24/03/2024,2,16607,Richmond,Port Adelaide,12868,Miles,Bergman,Port Adelaide,0.003046185
FeelingDusty,24/03/2024,2,16607,Richmond,Port Adelaide,12613,Willie,Rioli,Port Adelaide,0.001820774
FeelingDusty,24/03/2024,2,16607,Richmond,Port Adelaide,12155,Ollie,Wines,Port Adelaide,0.258304669
FeelingDusty,24/03/2024,2,16607,Richmond,Port Adelaide,12442,Aliir,Aliir,Port Adelaide,0.002898764
FeelingDusty,24/03/2024,2,16607,Richmond,Port Adelaide,11915,Charlie,Dixon,Port Adelaide,0.003181671
FeelingDusty,24/03/2024,2,16607,Richmond,Port Adelaide,12920,Dylan,Williams,Port Adelaide,0.001820774
FeelingDusty,24/03/2024,2,16607,Richmond,Port Adelaide,12757,Brandon,Zerk-Thatcher,Port Adelaide,0.07635009
FeelingDusty,24/03/2024,2,16607,Richmond,Port Adelaide,12606,Esava,Ratugolea,Port Adelaide,0.002898764
FeelingDusty,24/03/2024,2,16607,Richmond,Port Adelaide,12694,Willem,Drew,Port Adelaide,0.843359928
FeelingDusty,24/03/2024,2,16607,Richmond,Port Adelaide,12873,Francis,Evans,Port Adelaide,0.000266778
FeelingDusty,24/03/2024,2,16607,Richmond,Port Adelaide,12429,Darcy,Byrne-Jones,Port Adelaide,0.006261561
FeelingDusty,24/03/2024,2,16607,Richmond,Port Adelaide,12883,Lachie,Jones,Port Adelaide,0.001820774
FeelingDusty,24/03/2024,2,16607,Richmond,Port Adelaide,12952,Jackson,Mead,Port Adelaide,0.001820774
FeelingDusty,24/03/2024,2,16607,Richmond,Port Adelaide,12180,Nick,Vlastuin,Richmond,0
FeelingDusty,24/03/2024,2,16607,Richmond,Port Adelaide,11887,Dylan,Grimes,Richmond,0
FeelingDusty,24/03/2024,2,16607,Richmond,Port Adelaide,11801,Dustin,Martin,Richmond,0
FeelingDusty,24/03/2024,2,16607,Richmond,Port Adelaide,12712,Jack,Ross,Richmond,0.031437574
FeelingDusty,24/03/2024,2,16607,Richmond,Port Adelaide,12668,Liam,Baker,Richmond,0.925478295
FeelingDusty,24/03/2024,2,16607,Richmond,Port Adelaide,12512,Tim,Taranto,Richmond,0.02032565
FeelingDusty,24/03/2024,2,16607,Richmond,Port Adelaide,12425,Jayden,Short,Richmond,0.002102317
FeelingDusty,24/03/2024,2,16607,Richmond,Port Adelaide,12409,Daniel,Rioli,Richmond,0.007731017
FeelingDusty,24/03/2024,2,16607,Richmond,Port Adelaide,11953,Tom,Lynch,Richmond,0
FeelingDusty,24/03/2024,2,16607,Richmond,Port Adelaide,12686,Noah,Balta,Richmond,0
FeelingDusty,24/03/2024,2,16607,Richmond,Port Adelaide,12997,Judson,Clarke,Richmond,0
FeelingDusty,24/03/2024,2,16607,Richmond,Port Adelaide,12379,Toby,Nankervis,Richmond,0.003569811
FeelingDusty,24/03/2024,2,16607,Richmond,Port Adelaide,12836,Thomson,Dow,Richmond,0.00185971
FeelingDusty,24/03/2024,2,16607,Richmond,Port Adelaide,12542,Shai,Bolton,Richmond,0.000162675
FeelingDusty,24/03/2024,2,16607,Richmond,Port Adelaide,13097,Tom,Brown,Richmond,0
FeelingDusty,24/03/2024,2,16607,Richmond,Port Adelaide,12884,Rhyan,Mansell,Richmond,0
FeelingDusty,24/03/2024,2,16607,Richmond,Port Adelaide,12324,Kamdyn,McIntosh,Richmond,0.00185971
FeelingDusty,24/03/2024,2,16607,Richmond,Port Adelaide,13096,James,Trezise,Richmond,0
FeelingDusty,24/03/2024,2,16607,Richmond,Port Adelaide,13076,Sam,Banks,Richmond,0.00185971
FeelingDusty,24/03/2024,2,16607,Richmond,Port Adelaide,13115,Mykelti,Lefau,Richmond,0
FeelingDusty,24/03/2024,2,16607,Richmond,Port Adelaide,13100,Seth,Campbell,Richmond,0
FeelingDusty,24/03/2024,2,16607,Richmond,Port Adelaide,12940,Ben,Miller,Richmond,0.000179122
FeelingDusty,24/03/2024,2,16607,Richmond,Port Adelaide,12761,Marlion,Pickett,Richmond,0
FeelingDusty,28/03/2024,3,16609,Brisbane,Collingwood,12969,Kai,Lohmann,Brisbane,0
FeelingDusty,28/03/2024,3,16609,Brisbane,Collingwood,12772,Deven,Robertson,Brisbane,0
FeelingDusty,28/03/2024,3,16609,Brisbane,Collingwood,12205,Joe,Daniher,Brisbane,0
FeelingDusty,28/03/2024,3,16609,Brisbane,Collingwood,12412,Callum,Ah Chee,Brisbane,0
FeelingDusty,28/03/2024,3,16609,Brisbane,Collingwood,12421,Josh,Dunkley,Brisbane,0.028267569
FeelingDusty,28/03/2024,3,16609,Brisbane,Collingwood,12526,Hugh,McCluggage,Brisbane,0.375568153
FeelingDusty,28/03/2024,3,16609,Brisbane,Collingwood,12525,Jarrod,Berry,Brisbane,0.001880266
FeelingDusty,28/03/2024,3,16609,Brisbane,Collingwood,12061,Lachie,Neale,Brisbane,2.545228857
FeelingDusty,28/03/2024,3,16609,Brisbane,Collingwood,12094,Lincoln,McCarthy,Brisbane,0
FeelingDusty,28/03/2024,3,16609,Brisbane,Collingwood,12082,Dayne,Zorko,Brisbane,0.116888967
FeelingDusty,28/03/2024,3,16609,Brisbane,Collingwood,12594,Cam,Rayner,Brisbane,0.014257178
FeelingDusty,28/03/2024,3,16609,Brisbane,Collingwood,12284,Charlie,Cameron,Brisbane,0
FeelingDusty,28/03/2024,3,16609,Brisbane,Collingwood,13072,Jaspa,Fletcher,Brisbane,0.002636322
FeelingDusty,28/03/2024,3,16609,Brisbane,Collingwood,12462,Eric,Hipwood,Brisbane,0
FeelingDusty,28/03/2024,3,16609,Brisbane,Collingwood,12347,Harris,Andrews,Brisbane,0.001094748
FeelingDusty,28/03/2024,3,16609,Brisbane,Collingwood,12726,Darcy,Fort,Brisbane,0
FeelingDusty,28/03/2024,3,16609,Brisbane,Collingwood,12617,Zac,Bailey,Brisbane,0.001560449
FeelingDusty,28/03/2024,3,16609,Brisbane,Collingwood,11901,Ryan,Lester,Brisbane,0.000324452
FeelingDusty,28/03/2024,3,16609,Brisbane,Collingwood,12673,Brandon,Starcevich,Brisbane,0.000181957
FeelingDusty,28/03/2024,3,16609,Brisbane,Collingwood,12815,Jack,Payne,Brisbane,0
FeelingDusty,28/03/2024,3,16609,Brisbane,Collingwood,12719,Noah,Answerth,Brisbane,0
FeelingDusty,28/03/2024,3,16609,Brisbane,Collingwood,13027,Darcy,Wilmot,Brisbane,0.000285912
FeelingDusty,28/03/2024,3,16609,Brisbane,Collingwood,12625,Oscar,McInerney,Brisbane,0.01127595
FeelingDusty,28/03/2024,3,16609,Brisbane,Collingwood,12586,Patrick,Lipinski,Collingwood,0.001849597
FeelingDusty,28/03/2024,3,16609,Brisbane,Collingwood,12333,Jordan,De Goey,Collingwood,0.01934574
FeelingDusty,28/03/2024,3,16609,Brisbane,Collingwood,12740,Isaac,Quaynor,Collingwood,0.001849597
FeelingDusty,28/03/2024,3,16609,Brisbane,Collingwood,12380,Brayden,Maynard,Collingwood,0.003728569
FeelingDusty,28/03/2024,3,16609,Brisbane,Collingwood,12091,Jamie,Elliott,Collingwood,1.937019825
FeelingDusty,28/03/2024,3,16609,Brisbane,Collingwood,12201,Tom,Mitchell,Collingwood,0.33982941
FeelingDusty,28/03/2024,3,16609,Brisbane,Collingwood,12582,Josh,Daicos,Collingwood,0.022995452
FeelingDusty,28/03/2024,3,16609,Brisbane,Collingwood,12704,Lachie,Schultz,Collingwood,0.001849597
FeelingDusty,28/03/2024,3,16609,Brisbane,Collingwood,12743,John,Noble,Collingwood,0.048197973
FeelingDusty,28/03/2024,3,16609,Brisbane,Collingwood,11506,Scott,Pendlebury,Collingwood,0.019912218
FeelingDusty,28/03/2024,3,16609,Brisbane,Collingwood,12666,Darcy,Cameron,Collingwood,0.001849597
FeelingDusty,28/03/2024,3,16609,Brisbane,Collingwood,12682,Billy,Frampton,Collingwood,0.045930273
FeelingDusty,28/03/2024,3,16609,Brisbane,Collingwood,12889,Finlay,Macrae,Collingwood,0.005104316
FeelingDusty,28/03/2024,3,16609,Brisbane,Collingwood,12744,Bobby,Hill,Collingwood,0.002878623
FeelingDusty,28/03/2024,3,16609,Brisbane,Collingwood,12067,Jack,Crisp,Collingwood,0.000432612
FeelingDusty,28/03/2024,3,16609,Brisbane,Collingwood,12966,Reef,McInnes,Collingwood,0.001849597
FeelingDusty,28/03/2024,3,16609,Brisbane,Collingwood,12381,Darcy,Moore,Collingwood,0.00294465
FeelingDusty,28/03/2024,3,16609,Brisbane,Collingwood,12877,Beau,McCreery,Collingwood,0.002292593
FeelingDusty,28/03/2024,3,16609,Brisbane,Collingwood,12029,Will,Hoskin-Elliott,Collingwood,0.004651842
FeelingDusty,28/03/2024,3,16609,Brisbane,Collingwood,12948,Nick,Daicos,Collingwood,0.398516585
FeelingDusty,28/03/2024,3,16609,Brisbane,Collingwood,11973,Jeremy,Howe,Collingwood,0.002250353
FeelingDusty,28/03/2024,3,16609,Brisbane,Collingwood,12648,Brody,Mihocek,Collingwood,0.02499629
FeelingDusty,28/03/2024,3,16609,Brisbane,Collingwood,12435,Mason,Cox,Collingwood,0.010273914
FeelingDusty,29/03/2024,3,16610,North Melbourne,Carlton,13029,Oliver,Hollands,Carlton,0.003690103
FeelingDusty,29/03/2024,3,16610,North Melbourne,Carlton,12610,Adam,Cerra,Carlton,0.166340894
FeelingDusty,29/03/2024,3,16610,North Melbourne,Carlton,12181,Zac,Williams,Carlton,0.002049777
FeelingDusty,29/03/2024,3,16610,North Melbourne,Carlton,12463,Matthew,Kennedy,Carlton,0.00306318
FeelingDusty,29/03/2024,3,16610,North Melbourne,Carlton,12604,Lachie,Fogarty,Carlton,0.001236475
FeelingDusty,29/03/2024,3,16610,North Melbourne,Carlton,12269,Patrick,Cripps,Carlton,0.895943707
FeelingDusty,29/03/2024,3,16610,North Melbourne,Carlton,12575,Harry,McKay,Carlton,2.555358596
FeelingDusty,29/03/2024,3,16610,North Melbourne,Carlton,12415,Mitch,McGovern,Carlton,0.002049777
FeelingDusty,29/03/2024,3,16610,North Melbourne,Carlton,12681,Tom,De Koning,Carlton,0.005904943
FeelingDusty,29/03/2024,3,16610,North Melbourne,Carlton,12282,Blake,Acres,Carlton,0.015212197
FeelingDusty,29/03/2024,3,16610,North Melbourne,Carlton,12308,Orazio,Fantasia,Carlton,0.001467204
FeelingDusty,29/03/2024,3,16610,North Melbourne,Carlton,12980,Jack,Carroll,Carlton,0.003677193
FeelingDusty,29/03/2024,3,16610,North Melbourne,Carlton,12937,Corey,Durdin,Carlton,0.001467204
FeelingDusty,29/03/2024,3,16610,North Melbourne,Carlton,13017,Elijah,Hollands,Carlton,0.181623751
FeelingDusty,29/03/2024,3,16610,North Melbourne,Carlton,12376,Caleb,Marchbank,Carlton,0.004259766
FeelingDusty,29/03/2024,3,16610,North Melbourne,Carlton,12410,Jacob,Weitering,Carlton,0.003081544
FeelingDusty,29/03/2024,3,16610,North Melbourne,Carlton,12517,Nic,Newman,Carlton,0.002028215
FeelingDusty,29/03/2024,3,16610,North Melbourne,Carlton,12417,George,Hewett,Carlton,1.60188077
FeelingDusty,29/03/2024,3,16610,North Melbourne,Carlton,12428,Charlie,Curnow,Carlton,0.329986388
FeelingDusty,29/03/2024,3,16610,North Melbourne,Carlton,12965,Jordan,Boyd,Carlton,0.001467204
FeelingDusty,29/03/2024,3,16610,North Melbourne,Carlton,12330,Adam,Saad,Carlton,0.003519095
FeelingDusty,29/03/2024,3,16610,North Melbourne,Carlton,12842,Matthew,Owies,Carlton,0.004079406
FeelingDusty,29/03/2024,3,16610,North Melbourne,Carlton,12823,Matthew,Cottrell,Carlton,0.001467204
FeelingDusty,29/03/2024,3,16610,North Melbourne,Carlton,12598,Jaidyn,Stephenson,North Melbourne,0
FeelingDusty,29/03/2024,3,16610,North Melbourne,Carlton,13030,Harry,Sheezel,North Melbourne,0.138718671
FeelingDusty,29/03/2024,3,16610,North Melbourne,Carlton,12185,Aidan,Corr,North Melbourne,0
FeelingDusty,29/03/2024,3,16610,North Melbourne,Carlton,13065,George,Wardlaw,North Melbourne,0
FeelingDusty,29/03/2024,3,16610,North Melbourne,Carlton,13104,Zane,Duursma,North Melbourne,0
FeelingDusty,29/03/2024,3,16610,North Melbourne,Carlton,12705,Bailey,Scott,North Melbourne,0
FeelingDusty,29/03/2024,3,16610,North Melbourne,Carlton,12599,Luke,Davies-Uniacke,North Melbourne,0.02361067
FeelingDusty,29/03/2024,3,16610,North Melbourne,Carlton,13105,Colby,McKercher,North Melbourne,0.001911377
FeelingDusty,29/03/2024,3,16610,North Melbourne,Carlton,12246,Luke,McDonald,North Melbourne,0.000144339
FeelingDusty,29/03/2024,3,16610,North Melbourne,Carlton,12511,Jy,Simpkin,North Melbourne,0.002081152
FeelingDusty,29/03/2024,3,16610,North Melbourne,Carlton,12434,Darcy,Tucker,North Melbourne,0.001498579
FeelingDusty,29/03/2024,3,16610,North Melbourne,Carlton,12798,Dylan,Stephens,North Melbourne,0
FeelingDusty,29/03/2024,3,16610,North Melbourne,Carlton,12528,Zac,Fisher,North Melbourne,0
FeelingDusty,29/03/2024,3,16610,North Melbourne,Carlton,12569,Nick,Larkey,North Melbourne,0
FeelingDusty,29/03/2024,3,16610,North Melbourne,Carlton,12730,Callum,Coleman-Jones,North Melbourne,0
FeelingDusty,29/03/2024,3,16610,North Melbourne,Carlton,12867,Tom,Powell,North Melbourne,0.026417973
FeelingDusty,29/03/2024,3,16610,North Melbourne,Carlton,12975,Paul,Curtis,North Melbourne,0
FeelingDusty,29/03/2024,3,16610,North Melbourne,Carlton,13106,Toby,Pink,North Melbourne,0
FeelingDusty,29/03/2024,3,16610,North Melbourne,Carlton,12866,Charlie,Lazzaro,North Melbourne,0
FeelingDusty,29/03/2024,3,16610,North Melbourne,Carlton,12789,Tristan,Xerri,North Melbourne,0.013544537
FeelingDusty,29/03/2024,3,16610,North Melbourne,Carlton,12923,Eddie,Ford,North Melbourne,0
FeelingDusty,29/03/2024,3,16610,North Melbourne,Carlton,13021,Kallan,Dawson,North Melbourne,0.00121811
FeelingDusty,29/03/2024,3,16610,North Melbourne,Carlton,12566,Cameron,Zurhaar,North Melbourne,0
FeelingDusty,29/03/2024,3,16611,Fremantle,Adelaide,12697,Chayce,Jones,Adelaide,0.003294029
FeelingDusty,29/03/2024,3,16611,Fremantle,Adelaide,12441,Ben,Keays,Adelaide,0.003780793
FeelingDusty,29/03/2024,3,16611,Fremantle,Adelaide,12592,Lachlan,Murphy,Adelaide,0
FeelingDusty,29/03/2024,3,16611,Fremantle,Adelaide,12265,Matt,Crouch,Adelaide,0.111708727
FeelingDusty,29/03/2024,3,16611,Fremantle,Adelaide,12957,Josh,Rachele,Adelaide,0
FeelingDusty,29/03/2024,3,16611,Fremantle,Adelaide,12922,Luke,Pedlar,Adelaide,0
FeelingDusty,29/03/2024,3,16611,Fremantle,Adelaide,12519,Jordan,Dawson,Adelaide,0.040661718
FeelingDusty,29/03/2024,3,16611,Fremantle,Adelaide,11724,Taylor,Walker,Adelaide,0
FeelingDusty,29/03/2024,3,16611,Fremantle,Adelaide,12956,Jake,Soligo,Adelaide,0
FeelingDusty,29/03/2024,3,16611,Fremantle,Adelaide,13038,Max,Michalanney,Adelaide,0
FeelingDusty,29/03/2024,3,16611,Fremantle,Adelaide,12725,Mitchell,Hinge,Adelaide,0
FeelingDusty,29/03/2024,3,16611,Fremantle,Adelaide,12702,Chris,Burgess,Adelaide,0
FeelingDusty,29/03/2024,3,16611,Fremantle,Adelaide,12797,Izak,Rankine,Adelaide,0
FeelingDusty,29/03/2024,3,16611,Fremantle,Adelaide,12916,Josh,Worrell,Adelaide,0
FeelingDusty,29/03/2024,3,16611,Fremantle,Adelaide,12780,Ned,McHenry,Adelaide,0
FeelingDusty,29/03/2024,3,16611,Fremantle,Adelaide,12171,Rory,Laird,Adelaide,0.029926285
FeelingDusty,29/03/2024,3,16611,Fremantle,Adelaide,12416,Wayne,Milera,Adelaide,0
FeelingDusty,29/03/2024,3,16611,Fremantle,Adelaide,12591,Darcy,Fogarty,Adelaide,0
FeelingDusty,29/03/2024,3,16611,Fremantle,Adelaide,11898,Brodie,Smith,Adelaide,0
FeelingDusty,29/03/2024,3,16611,Fremantle,Adelaide,13088,James,Borlase,Adelaide,0
FeelingDusty,29/03/2024,3,16611,Fremantle,Adelaide,12818,Lachlan,Sholl,Adelaide,0.003780793
FeelingDusty,29/03/2024,3,16611,Fremantle,Adelaide,12483,Reilly,OBrien,Adelaide,0.003977536
FeelingDusty,29/03/2024,3,16611,Fremantle,Adelaide,12813,Mark,Keane,Adelaide,0.077136161
FeelingDusty,29/03/2024,3,16611,Fremantle,Adelaide,12149,Jaeger,OMeara,Fremantle,0.002041626
FeelingDusty,29/03/2024,3,16611,Fremantle,Adelaide,12786,Caleb,Serong,Fremantle,0.614005117
FeelingDusty,29/03/2024,3,16611,Fremantle,Adelaide,12688,Jordan,Clark,Fremantle,0.336451761
FeelingDusty,29/03/2024,3,16611,Fremantle,Adelaide,11844,Nat,Fyfe,Fremantle,0.051113241
FeelingDusty,29/03/2024,3,16611,Fremantle,Adelaide,12596,Andrew,Brayshaw,Fremantle,0.008914585
FeelingDusty,29/03/2024,3,16611,Fremantle,Adelaide,12779,Luke,Jackson,Fremantle,0.027201225
FeelingDusty,29/03/2024,3,16611,Fremantle,Adelaide,11770,Michael,Walters,Fremantle,1.118761335
FeelingDusty,29/03/2024,3,16611,Fremantle,Adelaide,12252,James,Aish,Fremantle,0.073073889
FeelingDusty,29/03/2024,3,16611,Fremantle,Adelaide,12550,Luke,Ryan,Fremantle,0.388863562
FeelingDusty,29/03/2024,3,16611,Fremantle,Adelaide,12821,Jeremy,Sharp,Fremantle,0.002555644
FeelingDusty,29/03/2024,3,16611,Fremantle,Adelaide,12406,Ethan,Hughes,Fremantle,0.002041626
FeelingDusty,29/03/2024,3,16611,Fremantle,Adelaide,13093,Tom,Emmett,Fremantle,0.005116843
FeelingDusty,29/03/2024,3,16611,Fremantle,Adelaide,12211,Matt,Taberner,Fremantle,0.005885686
FeelingDusty,29/03/2024,3,16611,Fremantle,Adelaide,12983,Jye,Amiss,Fremantle,0.027158985
FeelingDusty,29/03/2024,3,16611,Fremantle,Adelaide,12361,Alex,Pearce,Fremantle,0.439574429
FeelingDusty,29/03/2024,3,16611,Fremantle,Adelaide,12777,Hayden,Young,Fremantle,2.590070241
FeelingDusty,29/03/2024,3,16611,Fremantle,Adelaide,12915,Brandon,Walker,Fremantle,0.002041626
FeelingDusty,29/03/2024,3,16611,Fremantle,Adelaide,12803,Michael,Frederick,Fremantle,0.002041626
FeelingDusty,29/03/2024,3,16611,Fremantle,Adelaide,12888,Josh,Treacy,Fremantle,0.002041626
FeelingDusty,29/03/2024,3,16611,Fremantle,Adelaide,13113,Joshua,Draper,Fremantle,0.002041626
FeelingDusty,29/03/2024,3,16611,Fremantle,Adelaide,12679,Sam,Switkowski,Fremantle,0
FeelingDusty,29/03/2024,3,16611,Fremantle,Adelaide,12595,Bailey,Banfield,Fremantle,0.019602856
FeelingDusty,29/03/2024,3,16611,Fremantle,Adelaide,13049,Matthew,Johnson,Fremantle,0.005134806
FeelingDusty,30/03/2024,3,16612,Essendon,St Kilda,12505,Andrew,McGrath,Essendon,1.815848334
FeelingDusty,30/03/2024,3,16612,Essendon,St Kilda,12809,Sam,Draper,Essendon,0.00518112
FeelingDusty,30/03/2024,3,16612,Essendon,St Kilda,12414,Darcy,Parish,Essendon,0.043769418
FeelingDusty,30/03/2024,3,16612,Essendon,St Kilda,12358,Kyle,Langford,Essendon,0.007743347
FeelingDusty,30/03/2024,3,16612,Essendon,St Kilda,12752,Jye,Caldwell,Essendon,0.011646067
FeelingDusty,30/03/2024,3,16612,Essendon,St Kilda,12249,Zach,Merrett,Essendon,0.56692882
FeelingDusty,30/03/2024,3,16612,Essendon,St Kilda,12972,Ben,Hobbs,Essendon,0.001588685
FeelingDusty,30/03/2024,3,16612,Essendon,St Kilda,12422,Jade,Gresham,Essendon,0.001588685
FeelingDusty,30/03/2024,3,16612,Essendon,St Kilda,12858,Nik,Cox,Essendon,0.00508996
FeelingDusty,30/03/2024,3,16612,Essendon,St Kilda,12384,Jayden,Laverde,Essendon,0.001588685
FeelingDusty,30/03/2024,3,16612,Essendon,St Kilda,12880,Archie,Perkins,Essendon,0.001588685
FeelingDusty,30/03/2024,3,16612,Essendon,St Kilda,11692,Todd,Goldstein,Essendon,0.000820108
FeelingDusty,30/03/2024,3,16612,Essendon,St Kilda,12734,Nick,Hind,Essendon,0.001588685
FeelingDusty,30/03/2024,3,16612,Essendon,St Kilda,11903,Dyson,Heppell,Essendon,0.271376314
FeelingDusty,30/03/2024,3,16612,Essendon,St Kilda,12926,Sam,Durham,Essendon,0.004690729
FeelingDusty,30/03/2024,3,16612,Essendon,St Kilda,12857,Harrison,Jones,Essendon,0.003792411
FeelingDusty,30/03/2024,3,16612,Essendon,St Kilda,12173,Jake,Stringer,Essendon,0.007743347
FeelingDusty,30/03/2024,3,16612,Essendon,St Kilda,12445,Mason,Redman,Essendon,0
FeelingDusty,30/03/2024,3,16612,Essendon,St Kilda,12695,Xavier,Duursma,Essendon,0.073810541
FeelingDusty,30/03/2024,3,16612,Essendon,St Kilda,12345,Jake,Kelly,Essendon,0.004690729
FeelingDusty,30/03/2024,3,16612,Essendon,St Kilda,12588,Ben,McKay,Essendon,0.07438841
FeelingDusty,30/03/2024,3,16612,Essendon,St Kilda,12950,Nic,Martin,Essendon,1.83961567
FeelingDusty,30/03/2024,3,16612,Essendon,St Kilda,13020,Jye,Menzie,Essendon,0.001588685
FeelingDusty,30/03/2024,3,16612,Essendon,St Kilda,12616,Jack,Higgins,St Kilda,0.004119668
FeelingDusty,30/03/2024,3,16612,Essendon,St Kilda,12968,Marcus,Windhager,St Kilda,0.00364162
FeelingDusty,30/03/2024,3,16612,Essendon,St Kilda,12294,Zak,Jones,St Kilda,0.001463385
FeelingDusty,30/03/2024,3,16612,Essendon,St Kilda,12138,Sebastian,Ross,St Kilda,0.350322944
FeelingDusty,30/03/2024,3,16612,Essendon,St Kilda,12947,Nasiah,Wanganeen-Milera,St Kilda,0
FeelingDusty,30/03/2024,3,16612,Essendon,St Kilda,12066,Bradley,Hill,St Kilda,0.077095708
FeelingDusty,30/03/2024,3,16612,Essendon,St Kilda,12377,Jack,Steele,St Kilda,0.299547572
FeelingDusty,30/03/2024,3,16612,Essendon,St Kilda,12945,Mitch,Owens,St Kilda,0.000539575
FeelingDusty,30/03/2024,3,16612,Essendon,St Kilda,12804,Ryan,Byrnes,St Kilda,0.00364162
FeelingDusty,30/03/2024,3,16612,Essendon,St Kilda,12721,Liam,Stocker,St Kilda,0.000539575
FeelingDusty,30/03/2024,3,16612,Essendon,St Kilda,12498,Dan,Butler,St Kilda,0.000539575
FeelingDusty,30/03/2024,3,16612,Essendon,St Kilda,12572,Rowan,Marshall,St Kilda,0.18518567
FeelingDusty,30/03/2024,3,16612,Essendon,St Kilda,12399,Zaine,Cordy,St Kilda,0.000539575
FeelingDusty,30/03/2024,3,16612,Essendon,St Kilda,13109,Darcy,Wilson,St Kilda,0.000539575
FeelingDusty,30/03/2024,3,16612,Essendon,St Kilda,13116,Angus,Hastie,St Kilda,0.000539575
FeelingDusty,30/03/2024,3,16612,Essendon,St Kilda,13042,Mattaes,Phillipou,St Kilda,0
FeelingDusty,30/03/2024,3,16612,Essendon,St Kilda,12565,Josh,Battle,St Kilda,0.001909523
FeelingDusty,30/03/2024,3,16612,Essendon,St Kilda,12307,Tim,Membrey,St Kilda,0.000539575
FeelingDusty,30/03/2024,3,16612,Essendon,St Kilda,12337,Jack,Sinclair,St Kilda,0.003211364
FeelingDusty,30/03/2024,3,16612,Essendon,St Kilda,12492,Riley,Bonner,St Kilda,0.31463484
FeelingDusty,30/03/2024,3,16612,Essendon,St Kilda,12930,Cooper,Sharman,St Kilda,0.000539575
FeelingDusty,30/03/2024,3,16612,Essendon,St Kilda,12701,Callum,Wilkie,St Kilda,0.00149875
FeelingDusty,30/03/2024,3,16612,Essendon,St Kilda,13041,Anthony,Caminiti,St Kilda,0.002743302
FeelingDusty,30/03/2024,3,16613,Port Adelaide,Melbourne,13048,Jacob,van Rooyen,Melbourne,0.001422549
FeelingDusty,30/03/2024,3,16613,Port Adelaide,Melbourne,12280,Christian,Salem,Melbourne,0.001422549
FeelingDusty,30/03/2024,3,16613,Port Adelaide,Melbourne,13036,Judd,McVee,Melbourne,0.001422549
FeelingDusty,30/03/2024,3,16613,Port Adelaide,Melbourne,12437,Christian,Petracca,Melbourne,0.223047388
FeelingDusty,30/03/2024,3,16613,Port Adelaide,Melbourne,13099,Caleb,Windsor,Melbourne,0.003577792
FeelingDusty,30/03/2024,3,16613,Port Adelaide,Melbourne,12152,Jack,Viney,Melbourne,0.154857099
FeelingDusty,30/03/2024,3,16613,Port Adelaide,Melbourne,12359,Jake,Lever,Melbourne,0.011778017
FeelingDusty,30/03/2024,3,16613,Port Adelaide,Melbourne,11972,Max,Gawn,Melbourne,1.870238336
FeelingDusty,30/03/2024,3,16613,Port Adelaide,Melbourne,12411,Clayton,Oliver,Melbourne,0.280516586
FeelingDusty,30/03/2024,3,16613,Port Adelaide,Melbourne,12255,Jack,Billings,Melbourne,0.001422549
FeelingDusty,30/03/2024,3,16613,Port Adelaide,Melbourne,12401,Ed,Langdon,Melbourne,0.003577792
FeelingDusty,30/03/2024,3,16613,Port Adelaide,Melbourne,13098,Blake,Howes,Melbourne,0.001422549
FeelingDusty,30/03/2024,3,16613,Port Adelaide,Melbourne,12778,Trent,Rivers,Melbourne,0.264705576
FeelingDusty,30/03/2024,3,16613,Port Adelaide,Melbourne,12015,Tom,McDonald,Melbourne,0.001422549
FeelingDusty,30/03/2024,3,16613,Port Adelaide,Melbourne,12691,Marty,Hore,Melbourne,0.001699927
FeelingDusty,30/03/2024,3,16613,Port Adelaide,Melbourne,12375,Alex,Neal-Bullen,Melbourne,1.451623514
FeelingDusty,30/03/2024,3,16613,Port Adelaide,Melbourne,12603,Bayley,Fritsch,Melbourne,0.002953657
FeelingDusty,30/03/2024,3,16613,Port Adelaide,Melbourne,12692,Tom,Sparrow,Melbourne,0.002953657
FeelingDusty,30/03/2024,3,16613,Port Adelaide,Melbourne,12660,Harrison,Petty,Melbourne,0.001699927
FeelingDusty,30/03/2024,3,16613,Port Adelaide,Melbourne,12774,Kysaiah,Pickett,Melbourne,0.001422549
FeelingDusty,30/03/2024,3,16613,Port Adelaide,Melbourne,12756,Kade,Chandler,Melbourne,0.008646006
FeelingDusty,30/03/2024,3,16613,Port Adelaide,Melbourne,13078,Taj,Woewodin,Melbourne,0.001422549
FeelingDusty,30/03/2024,3,16613,Port Adelaide,Melbourne,12296,Ben,Brown,Melbourne,0.006684269
FeelingDusty,30/03/2024,3,16613,Port Adelaide,Melbourne,12696,Connor,Rozee,Port Adelaide,0.32718288
FeelingDusty,30/03/2024,3,16613,Port Adelaide,Melbourne,12485,Ryan,Burton,Port Adelaide,0.000469942
FeelingDusty,30/03/2024,3,16613,Port Adelaide,Melbourne,12581,Todd,Marshall,Port Adelaide,0.000111788
FeelingDusty,30/03/2024,3,16613,Port Adelaide,Melbourne,12503,Dan,Houston,Port Adelaide,0.04486256
FeelingDusty,30/03/2024,3,16613,Port Adelaide,Melbourne,12671,Kane,Farrell,Port Adelaide,0.000469942
FeelingDusty,30/03/2024,3,16613,Port Adelaide,Melbourne,13011,Jase,Burgoyne,Port Adelaide,0.000111788
FeelingDusty,30/03/2024,3,16613,Port Adelaide,Melbourne,12693,Zak,Butters,Port Adelaide,0.106647672
FeelingDusty,30/03/2024,3,16613,Port Adelaide,Melbourne,11591,Travis,Boak,Port Adelaide,0.148447101
FeelingDusty,30/03/2024,3,16613,Port Adelaide,Melbourne,12557,Jeremy,Finlayson,Port Adelaide,0.001642896
FeelingDusty,30/03/2024,3,16613,Port Adelaide,Melbourne,12537,Ivan,Soldo,Port Adelaide,0.025956661
FeelingDusty,30/03/2024,3,16613,Port Adelaide,Melbourne,12868,Miles,Bergman,Port Adelaide,0.002267031
FeelingDusty,30/03/2024,3,16613,Port Adelaide,Melbourne,12613,Willie,Rioli,Port Adelaide,0.001642896
FeelingDusty,30/03/2024,3,16613,Port Adelaide,Melbourne,12155,Ollie,Wines,Port Adelaide,0.020768007
FeelingDusty,30/03/2024,3,16613,Port Adelaide,Melbourne,12442,Aliir,Aliir,Port Adelaide,0.002531893
FeelingDusty,30/03/2024,3,16613,Port Adelaide,Melbourne,11915,Charlie,Dixon,Port Adelaide,0.002345072
FeelingDusty,30/03/2024,3,16613,Port Adelaide,Melbourne,12757,Brandon,Zerk-Thatcher,Port Adelaide,0.000111788
FeelingDusty,30/03/2024,3,16613,Port Adelaide,Melbourne,12606,Esava,Ratugolea,Port Adelaide,0.000389167
FeelingDusty,30/03/2024,3,16613,Port Adelaide,Melbourne,12694,Willem,Drew,Port Adelaide,1.012122722
FeelingDusty,30/03/2024,3,16613,Port Adelaide,Melbourne,12873,Francis,Evans,Port Adelaide,0.000111788
FeelingDusty,30/03/2024,3,16613,Port Adelaide,Melbourne,12429,Darcy,Byrne-Jones,Port Adelaide,0.001642896
FeelingDusty,30/03/2024,3,16613,Port Adelaide,Melbourne,12883,Lachie,Jones,Port Adelaide,0.000111788
FeelingDusty,30/03/2024,3,16613,Port Adelaide,Melbourne,12925,Jed,McEntee,Port Adelaide,0
FeelingDusty,30/03/2024,3,16613,Port Adelaide,Melbourne,12952,Jackson,Mead,Port Adelaide,0.000111788
FeelingDusty,31/03/2024,3,16614,Western Bulldogs,West Coast,12609,Jake,Waterman,West Coast,0
FeelingDusty,31/03/2024,3,16614,Western Bulldogs,West Coast,12433,Jayden,Hunt,West Coast,0
FeelingDusty,31/03/2024,3,16614,Western Bulldogs,West Coast,12093,Elliot,Yeo,West Coast,0.071749409
FeelingDusty,31/03/2024,3,16614,Western Bulldogs,West Coast,13032,Reuben,Ginbey,West Coast,0.00219915
FeelingDusty,31/03/2024,3,16614,Western Bulldogs,West Coast,13112,Harley,Reid,West Coast,0
FeelingDusty,31/03/2024,3,16614,Western Bulldogs,West Coast,12860,Tyler,Brockman,West Coast,0.00219915
FeelingDusty,31/03/2024,3,16614,Western Bulldogs,West Coast,12605,Tim,Kelly,West Coast,0.063472988
FeelingDusty,31/03/2024,3,16614,Western Bulldogs,West Coast,13031,Noah,Long,West Coast,0
FeelingDusty,31/03/2024,3,16614,Western Bulldogs,West Coast,12340,Liam,Duggan,West Coast,0.02744105
FeelingDusty,31/03/2024,3,16614,Western Bulldogs,West Coast,11942,Jamie,Cripps,West Coast,0
FeelingDusty,31/03/2024,3,16614,Western Bulldogs,West Coast,12912,Luke,Edwards,West Coast,0
FeelingDusty,31/03/2024,3,16614,Western Bulldogs,West Coast,13033,Campbell,Chesser,West Coast,0
FeelingDusty,31/03/2024,3,16614,Western Bulldogs,West Coast,12958,Brady,Hough,West Coast,0
FeelingDusty,31/03/2024,3,16614,Western Bulldogs,West Coast,12279,Jeremy,McGovern,West Coast,0.141716675
FeelingDusty,31/03/2024,3,16614,Western Bulldogs,West Coast,12630,Jack,Petruccelle,West Coast,0
FeelingDusty,31/03/2024,3,16614,Western Bulldogs,West Coast,11908,Jack,Darling,West Coast,0
FeelingDusty,31/03/2024,3,16614,Western Bulldogs,West Coast,12454,Tom,Cole,West Coast,0
FeelingDusty,31/03/2024,3,16614,Western Bulldogs,West Coast,12645,Jamaine,Jones,West Coast,0
FeelingDusty,31/03/2024,3,16614,Western Bulldogs,West Coast,12837,Bailey J.,Williams,West Coast,0.002291898
FeelingDusty,31/03/2024,3,16614,Western Bulldogs,West Coast,12960,Jack,Williams,West Coast,0
FeelingDusty,31/03/2024,3,16614,Western Bulldogs,West Coast,12391,Tom,Barrass,West Coast,0.000211816
FeelingDusty,31/03/2024,3,16614,Western Bulldogs,West Coast,12959,Callum,Jamieson,West Coast,0.000211816
FeelingDusty,31/03/2024,3,16614,Western Bulldogs,West Coast,13071,Ryan,Maric,West Coast,0
FeelingDusty,31/03/2024,3,16614,Western Bulldogs,West Coast,12058,Adam,Treloar,Western Bulldogs,3
FeelingDusty,31/03/2024,3,16614,Western Bulldogs,West Coast,12924,Jamarra,Ugle-Hagan,Western Bulldogs,0.005403364
FeelingDusty,31/03/2024,3,16614,Western Bulldogs,West Coast,12801,Cody,Weightman,Western Bulldogs,0.001787053
FeelingDusty,31/03/2024,3,16614,Western Bulldogs,West Coast,12277,Marcus,Bontempelli,Western Bulldogs,0.337410031
FeelingDusty,31/03/2024,3,16614,Western Bulldogs,West Coast,13111,Ryley,Sanders,Western Bulldogs,0.006429406
FeelingDusty,31/03/2024,3,16614,Western Bulldogs,West Coast,13023,Sam,Darcy,Western Bulldogs,0.002153107
FeelingDusty,31/03/2024,3,16614,Western Bulldogs,West Coast,12172,Jack,Macrae,Western Bulldogs,0.005403364
FeelingDusty,31/03/2024,3,16614,Western Bulldogs,West Coast,13110,Harvey,Gallagher,Western Bulldogs,0.040027165
FeelingDusty,31/03/2024,3,16614,Western Bulldogs,West Coast,12723,Oskar,Baker,Western Bulldogs,0.005415189
FeelingDusty,31/03/2024,3,16614,Western Bulldogs,West Coast,12748,Rhylee,West,Western Bulldogs,0.000315471
FeelingDusty,31/03/2024,3,16614,Western Bulldogs,West Coast,12169,Taylor,Duryea,Western Bulldogs,0.003208298
FeelingDusty,31/03/2024,3,16614,Western Bulldogs,West Coast,11874,Liam,Jones,Western Bulldogs,0.005178797
FeelingDusty,31/03/2024,3,16614,Western Bulldogs,West Coast,11904,Tom,Liberatore,Western Bulldogs,0.020134446
FeelingDusty,31/03/2024,3,16614,Western Bulldogs,West Coast,12781,Laitham,Vandermeer,Western Bulldogs,0.252348125
FeelingDusty,31/03/2024,3,16614,Western Bulldogs,West Coast,12901,Buku,Khamis,Western Bulldogs,0.006678111
FeelingDusty,31/03/2024,3,16614,Western Bulldogs,West Coast,12897,Caleb,Poulter,Western Bulldogs,0.002153107
FeelingDusty,31/03/2024,3,16614,Western Bulldogs,West Coast,12917,Lachlan,Bramble,Western Bulldogs,0.268047456
FeelingDusty,31/03/2024,3,16614,Western Bulldogs,West Coast,12362,Bailey,Dale,Western Bulldogs,0.066528069
FeelingDusty,31/03/2024,3,16614,Western Bulldogs,West Coast,12602,Aaron,Naughton,Western Bulldogs,0.316581738
FeelingDusty,31/03/2024,3,16614,Western Bulldogs,West Coast,12449,Bailey,Williams,Western Bulldogs,0.875912769
FeelingDusty,31/03/2024,3,16614,Western Bulldogs,West Coast,12382,Caleb,Daniel,Western Bulldogs,0.002177738
FeelingDusty,31/03/2024,3,16614,Western Bulldogs,West Coast,12128,Jason,Johannisen,Western Bulldogs,0.033485731
FeelingDusty,31/03/2024,3,16614,Western Bulldogs,West Coast,12548,Tim,English,Western Bulldogs,0.431727513
FeelingDusty,31/03/2024,3,16615,Richmond,Sydney,12180,Nick,Vlastuin,Richmond,0.970427278
FeelingDusty,31/03/2024,3,16615,Richmond,Sydney,12712,Jack,Ross,Richmond,0.001083555
FeelingDusty,31/03/2024,3,16615,Richmond,Sydney,12668,Liam,Baker,Richmond,0.117994465
FeelingDusty,31/03/2024,3,16615,Richmond,Sydney,12935,Maurice,Rioli,Richmond,0.001083555
FeelingDusty,31/03/2024,3,16615,Richmond,Sydney,12512,Tim,Taranto,Richmond,2.233804867
FeelingDusty,31/03/2024,3,16615,Richmond,Sydney,12425,Jayden,Short,Richmond,0.001083555
FeelingDusty,31/03/2024,3,16615,Richmond,Sydney,12409,Daniel,Rioli,Richmond,0.027542556
FeelingDusty,31/03/2024,3,16615,Richmond,Sydney,11953,Tom,Lynch,Richmond,0.012867991
FeelingDusty,31/03/2024,3,16615,Richmond,Sydney,12686,Noah,Balta,Richmond,0
FeelingDusty,31/03/2024,3,16615,Richmond,Sydney,12379,Toby,Nankervis,Richmond,0.003471583
FeelingDusty,31/03/2024,3,16615,Richmond,Sydney,12836,Thomson,Dow,Richmond,0.017573212
FeelingDusty,31/03/2024,3,16615,Richmond,Sydney,12542,Shai,Bolton,Richmond,1.551035704
FeelingDusty,31/03/2024,3,16615,Richmond,Sydney,13097,Tom,Brown,Richmond,0.001083555
FeelingDusty,31/03/2024,3,16615,Richmond,Sydney,12884,Rhyan,Mansell,Richmond,0.034551243
FeelingDusty,31/03/2024,3,16615,Richmond,Sydney,12324,Kamdyn,McIntosh,Richmond,0.005302737
FeelingDusty,31/03/2024,3,16615,Richmond,Sydney,12464,Nathan,Broad,Richmond,0.001083555
FeelingDusty,31/03/2024,3,16615,Richmond,Sydney,13015,Tyler,Sonsie,Richmond,0.001083555
FeelingDusty,31/03/2024,3,16615,Richmond,Sydney,13076,Sam,Banks,Richmond,0.001083555
FeelingDusty,31/03/2024,3,16615,Richmond,Sydney,13115,Mykelti,Lefau,Richmond,0.002586595
FeelingDusty,31/03/2024,3,16615,Richmond,Sydney,13100,Seth,Campbell,Richmond,0.001083555
FeelingDusty,31/03/2024,3,16615,Richmond,Sydney,13044,Tylar,Young,Richmond,0.001083555
FeelingDusty,31/03/2024,3,16615,Richmond,Sydney,12940,Ben,Miller,Richmond,0.010359469
FeelingDusty,31/03/2024,3,16615,Richmond,Sydney,12761,Marlion,Pickett,Richmond,0.01760064
FeelingDusty,31/03/2024,3,16615,Richmond,Sydney,12799,Chad,Warner,Sydney,0.006764821
FeelingDusty,31/03/2024,3,16615,Richmond,Sydney,12745,Hayden,McLean,Sydney,0.000109739
FeelingDusty,31/03/2024,3,16615,Richmond,Sydney,12223,Brodie,Grundy,Sydney,0.032694987
FeelingDusty,31/03/2024,3,16615,Richmond,Sydney,12331,Isaac,Heeney,Sydney,0.81876379
FeelingDusty,31/03/2024,3,16615,Richmond,Sydney,12863,Logan,McDonald,Sydney,0.004307496
FeelingDusty,31/03/2024,3,16615,Richmond,Sydney,12715,James,Rowbottom,Sydney,0.045565907
FeelingDusty,31/03/2024,3,16615,Richmond,Sydney,12516,Will,Hayward,Sydney,0.000109739
FeelingDusty,31/03/2024,3,16615,Richmond,Sydney,12419,Tom,Papley,Sydney,0
FeelingDusty,31/03/2024,3,16615,Richmond,Sydney,12501,Oliver,Florent,Sydney,0.000109739
FeelingDusty,31/03/2024,3,16615,Richmond,Sydney,12865,Braeden,Campbell,Sydney,0.002225473
FeelingDusty,31/03/2024,3,16615,Richmond,Sydney,12853,James,Jordon,Sydney,0.000109739
FeelingDusty,31/03/2024,3,16615,Richmond,Sydney,12864,Errol,Gulden,Sydney,0.024381497
FeelingDusty,31/03/2024,3,16615,Richmond,Sydney,12699,Nick,Blakey,Sydney,0
FeelingDusty,31/03/2024,3,16615,Richmond,Sydney,12148,Dane,Rampe,Sydney,0
FeelingDusty,31/03/2024,3,16615,Richmond,Sydney,12711,Justin,McInerney,Sydney,0.0027896
FeelingDusty,31/03/2024,3,16615,Richmond,Sydney,12634,Tom,McCartin,Sydney,0.002213187
FeelingDusty,31/03/2024,3,16615,Richmond,Sydney,12993,Matt,Roberts,Sydney,0
FeelingDusty,31/03/2024,3,16615,Richmond,Sydney,13117,Caleb,Mitchell,Sydney,0.000109739
FeelingDusty,31/03/2024,3,16615,Richmond,Sydney,12847,Joel,Amartey,Sydney,0.00161278
FeelingDusty,31/03/2024,3,16615,Richmond,Sydney,13053,Corey,Warner,Sydney,0.000109739
FeelingDusty,31/03/2024,3,16615,Richmond,Sydney,12515,Robbie,Fox,Sydney,0.000109739
FeelingDusty,31/03/2024,3,16615,Richmond,Sydney,12533,Lewis,Melican,Sydney,0.000109739
FeelingDusty,31/03/2024,3,16615,Richmond,Sydney,12275,Jake,Lloyd,Sydney,0.04293222
FeelingDusty,1/04/2024,3,16616,Hawthorn,Geelong,12513,Brandan,Parfitt,Geelong,0.008282837
FeelingDusty,1/04/2024,3,16616,Hawthorn,Geelong,12870,Tanner,Bruhn,Geelong,0.240952164
FeelingDusty,1/04/2024,3,16616,Hawthorn,Geelong,12022,Jeremy,Cameron,Geelong,0.005630915
FeelingDusty,1/04/2024,3,16616,Hawthorn,Geelong,13095,Toby,Conway,Geelong,0.006088768
FeelingDusty,1/04/2024,3,16616,Hawthorn,Geelong,12378,Jake,Kolodjashnij,Geelong,0.002246741
FeelingDusty,1/04/2024,3,16616,Hawthorn,Geelong,12882,Max,Holmes,Geelong,0.256898252
FeelingDusty,1/04/2024,3,16616,Hawthorn,Geelong,12507,Jack,Bowes,Geelong,0.002246741
FeelingDusty,1/04/2024,3,16616,Hawthorn,Geelong,13062,Jhye,Clark,Geelong,0.002246741
FeelingDusty,1/04/2024,3,16616,Hawthorn,Geelong,12892,Sam,De Koning,Geelong,0.002684826
FeelingDusty,1/04/2024,3,16616,Hawthorn,Geelong,12561,Tyson,Stengle,Geelong,0.291791817
FeelingDusty,1/04/2024,3,16616,Hawthorn,Geelong,11804,Mitch,Duncan,Geelong,1.027642015
FeelingDusty,1/04/2024,3,16616,Hawthorn,Geelong,11554,Tom,Hawkins,Geelong,0.20241406
FeelingDusty,1/04/2024,3,16616,Hawthorn,Geelong,12976,Oliver,Dempsey,Geelong,0.013248966
FeelingDusty,1/04/2024,3,16616,Hawthorn,Geelong,12687,Tom,Atkins,Geelong,0.004068728
FeelingDusty,1/04/2024,3,16616,Hawthorn,Geelong,12690,Gryan,Miers,Geelong,0.002246741
FeelingDusty,1/04/2024,3,16616,Hawthorn,Geelong,13067,Oisin,Mullin,Geelong,0.002246741
FeelingDusty,1/04/2024,3,16616,Hawthorn,Geelong,12850,Oliver,Henry,Geelong,0.833646135
FeelingDusty,1/04/2024,3,16616,Hawthorn,Geelong,12614,Jack,Henry,Geelong,0.003576924
FeelingDusty,1/04/2024,3,16616,Hawthorn,Geelong,12559,Zach,Guthrie,Geelong,0.007712811
FeelingDusty,1/04/2024,3,16616,Hawthorn,Geelong,12540,Mark,OConnor,Geelong,0.002246741
FeelingDusty,1/04/2024,3,16616,Hawthorn,Geelong,12514,Tom,Stewart,Geelong,0.004595177
FeelingDusty,1/04/2024,3,16616,Hawthorn,Geelong,12808,Brad,Close,Geelong,0.005630915
FeelingDusty,1/04/2024,3,16616,Hawthorn,Geelong,12160,Mark,Blicavs,Geelong,0.004807307
FeelingDusty,1/04/2024,3,16616,Hawthorn,Geelong,12585,Harry,Morrison,Hawthorn,0
FeelingDusty,1/04/2024,3,16616,Hawthorn,Geelong,12643,Mitch,Lewis,Hawthorn,0
FeelingDusty,1/04/2024,3,16616,Hawthorn,Geelong,12913,Jai,Newcombe,Hawthorn,0.004312889
FeelingDusty,1/04/2024,3,16616,Hawthorn,Geelong,12245,Jarman,Impey,Hawthorn,0.003192852
FeelingDusty,1/04/2024,3,16616,Hawthorn,Geelong,12626,James,Worpel,Hawthorn,3
FeelingDusty,1/04/2024,3,16616,Hawthorn,Geelong,12342,James,Sicily,Hawthorn,0.003541284
FeelingDusty,1/04/2024,3,16616,Hawthorn,Geelong,12124,Sam,Frost,Hawthorn,0.000221027
FeelingDusty,1/04/2024,3,16616,Hawthorn,Geelong,12365,Karl,Amon,Hawthorn,0
FeelingDusty,1/04/2024,3,16616,Hawthorn,Geelong,12678,Conor,Nash,Hawthorn,0.044869761
FeelingDusty,1/04/2024,3,16616,Hawthorn,Geelong,12710,Dylan,Moore,Hawthorn,0
FeelingDusty,1/04/2024,3,16616,Hawthorn,Geelong,12571,Jack,Scrimshaw,Hawthorn,9.97E-05
FeelingDusty,1/04/2024,3,16616,Hawthorn,Geelong,12477,Blake,Hardwick,Hawthorn,0.001411288
FeelingDusty,1/04/2024,3,16616,Hawthorn,Geelong,12999,Massimo,DAmbrosio,Hawthorn,0
FeelingDusty,1/04/2024,3,16616,Hawthorn,Geelong,12854,Lloyd,Meek,Hawthorn,0.001423107
FeelingDusty,1/04/2024,3,16616,Hawthorn,Geelong,12491,Mabior,Chol,Hawthorn,0
FeelingDusty,1/04/2024,3,16616,Hawthorn,Geelong,11960,Luke,Breust,Hawthorn,0
FeelingDusty,1/04/2024,3,16616,Hawthorn,Geelong,13059,Josh,Weddle,Hawthorn,0
FeelingDusty,1/04/2024,3,16616,Hawthorn,Geelong,12954,Josh,Ward,Hawthorn,0
FeelingDusty,1/04/2024,3,16616,Hawthorn,Geelong,13039,Cam,Mackenzie,Hawthorn,0.004572593
FeelingDusty,1/04/2024,3,16616,Hawthorn,Geelong,12953,Connor,Macdonald,Hawthorn,0.003202392
FeelingDusty,1/04/2024,3,16616,Hawthorn,Geelong,12928,Jack,Ginnivan,Hawthorn,0
FeelingDusty,1/04/2024,3,16616,Hawthorn,Geelong,13103,Nick,Watson,Hawthorn,0
FeelingDusty,1/04/2024,3,16616,Hawthorn,Geelong,13092,Henry,Hustwaite,Hawthorn,0
FeelingDusty,4/04/2024,4,16617,Adelaide,Melbourne,12697,Chayce,Jones,Adelaide,0.003335295
FeelingDusty,4/04/2024,4,16617,Adelaide,Melbourne,12441,Ben,Keays,Adelaide,0.003335295
FeelingDusty,4/04/2024,4,16617,Adelaide,Melbourne,12855,Sam,Berry,Adelaide,0.000164465
FeelingDusty,4/04/2024,4,16617,Adelaide,Melbourne,12265,Matt,Crouch,Adelaide,0.233737764
FeelingDusty,4/04/2024,4,16617,Adelaide,Melbourne,12957,Josh,Rachele,Adelaide,0.000164465
FeelingDusty,4/04/2024,4,16617,Adelaide,Melbourne,12519,Jordan,Dawson,Adelaide,0.305232888
FeelingDusty,4/04/2024,4,16617,Adelaide,Melbourne,11724,Taylor,Walker,Adelaide,0
FeelingDusty,4/04/2024,4,16617,Adelaide,Melbourne,12956,Jake,Soligo,Adelaide,0.729634726
FeelingDusty,4/04/2024,4,16617,Adelaide,Melbourne,12936,Brayden,Cook,Adelaide,0.000164465
FeelingDusty,4/04/2024,4,16617,Adelaide,Melbourne,13038,Max,Michalanney,Adelaide,0.000164465
FeelingDusty,4/04/2024,4,16617,Adelaide,Melbourne,12725,Mitchell,Hinge,Adelaide,0.058521507
FeelingDusty,4/04/2024,4,16617,Adelaide,Melbourne,12702,Chris,Burgess,Adelaide,0.000164465
FeelingDusty,4/04/2024,4,16617,Adelaide,Melbourne,12797,Izak,Rankine,Adelaide,0
FeelingDusty,4/04/2024,4,16617,Adelaide,Melbourne,12916,Josh,Worrell,Adelaide,0.000164465
FeelingDusty,4/04/2024,4,16617,Adelaide,Melbourne,12780,Ned,McHenry,Adelaide,0.000164465
FeelingDusty,4/04/2024,4,16617,Adelaide,Melbourne,13084,Luke,Nankervis,Adelaide,0.000164465
FeelingDusty,4/04/2024,4,16617,Adelaide,Melbourne,12171,Rory,Laird,Adelaide,0.06890978
FeelingDusty,4/04/2024,4,16617,Adelaide,Melbourne,12591,Darcy,Fogarty,Adelaide,0.002045123
FeelingDusty,4/04/2024,4,16617,Adelaide,Melbourne,11898,Brodie,Smith,Adelaide,0.088376259
FeelingDusty,4/04/2024,4,16617,Adelaide,Melbourne,12996,Patrick,Parnell,Adelaide,0.000164465
FeelingDusty,4/04/2024,4,16617,Adelaide,Melbourne,12832,Jordon,Butts,Adelaide,0.000164465
FeelingDusty,4/04/2024,4,16617,Adelaide,Melbourne,12483,Reilly,OBrien,Adelaide,0.003335295
FeelingDusty,4/04/2024,4,16617,Adelaide,Melbourne,12813,Mark,Keane,Adelaide,0.126021316
FeelingDusty,4/04/2024,4,16617,Adelaide,Melbourne,11945,Steven,May,Melbourne,0.103591747
FeelingDusty,4/04/2024,4,16617,Adelaide,Melbourne,13048,Jacob,van Rooyen,Melbourne,0.000906677
FeelingDusty,4/04/2024,4,16617,Adelaide,Melbourne,12280,Christian,Salem,Melbourne,0.002092878
FeelingDusty,4/04/2024,4,16617,Adelaide,Melbourne,13036,Judd,McVee,Melbourne,0.177626495
FeelingDusty,4/04/2024,4,16617,Adelaide,Melbourne,12437,Christian,Petracca,Melbourne,3
FeelingDusty,4/04/2024,4,16617,Adelaide,Melbourne,13099,Caleb,Windsor,Melbourne,0.013773439
FeelingDusty,4/04/2024,4,16617,Adelaide,Melbourne,12152,Jack,Viney,Melbourne,0.052108294
FeelingDusty,4/04/2024,4,16617,Adelaide,Melbourne,12359,Jake,Lever,Melbourne,0.097157589
FeelingDusty,4/04/2024,4,16617,Adelaide,Melbourne,11972,Max,Gawn,Melbourne,0.828557782
FeelingDusty,4/04/2024,4,16617,Adelaide,Melbourne,12411,Clayton,Oliver,Melbourne,0.016813573
FeelingDusty,4/04/2024,4,16617,Adelaide,Melbourne,12255,Jack,Billings,Melbourne,0.002092878
FeelingDusty,4/04/2024,4,16617,Adelaide,Melbourne,12401,Ed,Langdon,Melbourne,0.008416125
FeelingDusty,4/04/2024,4,16617,Adelaide,Melbourne,13098,Blake,Howes,Melbourne,0.002092878
FeelingDusty,4/04/2024,4,16617,Adelaide,Melbourne,12778,Trent,Rivers,Melbourne,0.002092878
FeelingDusty,4/04/2024,4,16617,Adelaide,Melbourne,12015,Tom,McDonald,Melbourne,0.003331966
FeelingDusty,4/04/2024,4,16617,Adelaide,Melbourne,12375,Alex,Neal-Bullen,Melbourne,0.003837334
FeelingDusty,4/04/2024,4,16617,Adelaide,Melbourne,12603,Bayley,Fritsch,Melbourne,0.008384016
FeelingDusty,4/04/2024,4,16617,Adelaide,Melbourne,12692,Tom,Sparrow,Melbourne,0.041106958
FeelingDusty,4/04/2024,4,16617,Adelaide,Melbourne,12660,Harrison,Petty,Melbourne,0.002092878
FeelingDusty,4/04/2024,4,16617,Adelaide,Melbourne,12774,Kysaiah,Pickett,Melbourne,0.004345471
FeelingDusty,4/04/2024,4,16617,Adelaide,Melbourne,12756,Kade,Chandler,Melbourne,0.001262492
FeelingDusty,4/04/2024,4,16617,Adelaide,Melbourne,13078,Taj,Woewodin,Melbourne,0.002092878
FeelingDusty,4/04/2024,4,16617,Adelaide,Melbourne,12296,Ben,Brown,Melbourne,0.002092878
FeelingDusty,5/04/2024,4,16618,Brisbane,North Melbourne,12969,Kai,Lohmann,Brisbane,0.003617687
FeelingDusty,5/04/2024,4,16618,Brisbane,North Melbourne,12205,Joe,Daniher,Brisbane,2.115240848
FeelingDusty,5/04/2024,4,16618,Brisbane,North Melbourne,12412,Callum,Ah Chee,Brisbane,0.001443461
FeelingDusty,5/04/2024,4,16618,Brisbane,North Melbourne,12421,Josh,Dunkley,Brisbane,1.039259107
FeelingDusty,5/04/2024,4,16618,Brisbane,North Melbourne,12526,Hugh,McCluggage,Brisbane,1.670684222
FeelingDusty,5/04/2024,4,16618,Brisbane,North Melbourne,12525,Jarrod,Berry,Brisbane,0.004627392
FeelingDusty,5/04/2024,4,16618,Brisbane,North Melbourne,12061,Lachie,Neale,Brisbane,0.724917754
FeelingDusty,5/04/2024,4,16618,Brisbane,North Melbourne,12094,Lincoln,McCarthy,Brisbane,0.005695659
FeelingDusty,5/04/2024,4,16618,Brisbane,North Melbourne,12082,Dayne,Zorko,Brisbane,0.234228499
FeelingDusty,5/04/2024,4,16618,Brisbane,North Melbourne,12594,Cam,Rayner,Brisbane,0.001443461
FeelingDusty,5/04/2024,4,16618,Brisbane,North Melbourne,12284,Charlie,Cameron,Brisbane,0.001443461
FeelingDusty,5/04/2024,4,16618,Brisbane,North Melbourne,12274,Darcy,Gardiner,Brisbane,0.001443461
FeelingDusty,5/04/2024,4,16618,Brisbane,North Melbourne,13072,Jaspa,Fletcher,Brisbane,0.003630388
FeelingDusty,5/04/2024,4,16618,Brisbane,North Melbourne,13003,James,Tunstill,Brisbane,0.001443461
FeelingDusty,5/04/2024,4,16618,Brisbane,North Melbourne,12462,Eric,Hipwood,Brisbane,0.020383479
FeelingDusty,5/04/2024,4,16618,Brisbane,North Melbourne,12347,Harris,Andrews,Brisbane,0.002643785
FeelingDusty,5/04/2024,4,16618,Brisbane,North Melbourne,12617,Zac,Bailey,Brisbane,0.00237919
FeelingDusty,5/04/2024,4,16618,Brisbane,North Melbourne,11901,Ryan,Lester,Brisbane,0.001724917
FeelingDusty,5/04/2024,4,16618,Brisbane,North Melbourne,12673,Brandon,Starcevich,Brisbane,0.001443461
FeelingDusty,5/04/2024,4,16618,Brisbane,North Melbourne,12815,Jack,Payne,Brisbane,0.041925155
FeelingDusty,5/04/2024,4,16618,Brisbane,North Melbourne,12719,Noah,Answerth,Brisbane,0.001443461
FeelingDusty,5/04/2024,4,16618,Brisbane,North Melbourne,13027,Darcy,Wilmot,Brisbane,0.006912845
FeelingDusty,5/04/2024,4,16618,Brisbane,North Melbourne,12625,Oscar,McInerney,Brisbane,0.006090843
FeelingDusty,5/04/2024,4,16618,Brisbane,North Melbourne,12544,Hugh,Greenwood,North Melbourne,0
FeelingDusty,5/04/2024,4,16618,Brisbane,North Melbourne,12598,Jaidyn,Stephenson,North Melbourne,0
FeelingDusty,5/04/2024,4,16618,Brisbane,North Melbourne,13030,Harry,Sheezel,North Melbourne,0.011004565
FeelingDusty,5/04/2024,4,16618,Brisbane,North Melbourne,12185,Aidan,Corr,North Melbourne,0
FeelingDusty,5/04/2024,4,16618,Brisbane,North Melbourne,13065,George,Wardlaw,North Melbourne,0.001474328
FeelingDusty,5/04/2024,4,16618,Brisbane,North Melbourne,13104,Zane,Duursma,North Melbourne,0
FeelingDusty,5/04/2024,4,16618,Brisbane,North Melbourne,12705,Bailey,Scott,North Melbourne,0.000569624
FeelingDusty,5/04/2024,4,16618,Brisbane,North Melbourne,12599,Luke,Davies-Uniacke,North Melbourne,0.018801617
FeelingDusty,5/04/2024,4,16618,Brisbane,North Melbourne,13105,Colby,McKercher,North Melbourne,0
FeelingDusty,5/04/2024,4,16618,Brisbane,North Melbourne,12246,Luke,McDonald,North Melbourne,0
FeelingDusty,5/04/2024,4,16618,Brisbane,North Melbourne,12511,Jy,Simpkin,North Melbourne,0.002125609
FeelingDusty,5/04/2024,4,16618,Brisbane,North Melbourne,12434,Darcy,Tucker,North Melbourne,0.003995657
FeelingDusty,5/04/2024,4,16618,Brisbane,North Melbourne,11766,Liam,Shiels,North Melbourne,0
FeelingDusty,5/04/2024,4,16618,Brisbane,North Melbourne,12798,Dylan,Stephens,North Melbourne,0.001474328
FeelingDusty,5/04/2024,4,16618,Brisbane,North Melbourne,12528,Zac,Fisher,North Melbourne,0
FeelingDusty,5/04/2024,4,16618,Brisbane,North Melbourne,12569,Nick,Larkey,North Melbourne,0
FeelingDusty,5/04/2024,4,16618,Brisbane,North Melbourne,12867,Tom,Powell,North Melbourne,0
FeelingDusty,5/04/2024,4,16618,Brisbane,North Melbourne,12975,Paul,Curtis,North Melbourne,0
FeelingDusty,5/04/2024,4,16618,Brisbane,North Melbourne,12939,Charlie,Comben,North Melbourne,0.051981282
FeelingDusty,5/04/2024,4,16618,Brisbane,North Melbourne,12789,Tristan,Xerri,North Melbourne,0.013881741
FeelingDusty,5/04/2024,4,16618,Brisbane,North Melbourne,12923,Eddie,Ford,North Melbourne,0.000625253
FeelingDusty,5/04/2024,4,16618,Brisbane,North Melbourne,13021,Kallan,Dawson,North Melbourne,0
FeelingDusty,5/04/2024,4,16618,Brisbane,North Melbourne,12566,Cameron,Zurhaar,North Melbourne,0
FeelingDusty,5/04/2024,4,16619,Port Adelaide,Essendon,12505,Andrew,McGrath,Essendon,0
FeelingDusty,5/04/2024,4,16619,Port Adelaide,Essendon,12809,Sam,Draper,Essendon,0.002657288
FeelingDusty,5/04/2024,4,16619,Port Adelaide,Essendon,12414,Darcy,Parish,Essendon,0.003831138
FeelingDusty,5/04/2024,4,16619,Port Adelaide,Essendon,12358,Kyle,Langford,Essendon,0
FeelingDusty,5/04/2024,4,16619,Port Adelaide,Essendon,12752,Jye,Caldwell,Essendon,0.006664742
FeelingDusty,5/04/2024,4,16619,Port Adelaide,Essendon,12249,Zach,Merrett,Essendon,0.653174916
FeelingDusty,5/04/2024,4,16619,Port Adelaide,Essendon,12972,Ben,Hobbs,Essendon,0
FeelingDusty,5/04/2024,4,16619,Port Adelaide,Essendon,12422,Jade,Gresham,Essendon,0.004176324
FeelingDusty,5/04/2024,4,16619,Port Adelaide,Essendon,12574,Will,Setterfield,Essendon,0.001126938
FeelingDusty,5/04/2024,4,16619,Port Adelaide,Essendon,12858,Nik,Cox,Essendon,0.001781954
FeelingDusty,5/04/2024,4,16619,Port Adelaide,Essendon,12384,Jayden,Laverde,Essendon,0.000255942
FeelingDusty,5/04/2024,4,16619,Port Adelaide,Essendon,12880,Archie,Perkins,Essendon,0
FeelingDusty,5/04/2024,4,16619,Port Adelaide,Essendon,11692,Todd,Goldstein,Essendon,0.001680685
FeelingDusty,5/04/2024,4,16619,Port Adelaide,Essendon,12734,Nick,Hind,Essendon,0
FeelingDusty,5/04/2024,4,16619,Port Adelaide,Essendon,11903,Dyson,Heppell,Essendon,0.002657288
FeelingDusty,5/04/2024,4,16619,Port Adelaide,Essendon,12857,Harrison,Jones,Essendon,0
FeelingDusty,5/04/2024,4,16619,Port Adelaide,Essendon,12173,Jake,Stringer,Essendon,0
FeelingDusty,5/04/2024,4,16619,Port Adelaide,Essendon,12445,Mason,Redman,Essendon,0
FeelingDusty,5/04/2024,4,16619,Port Adelaide,Essendon,12695,Xavier,Duursma,Essendon,0.021943308
FeelingDusty,5/04/2024,4,16619,Port Adelaide,Essendon,12345,Jake,Kelly,Essendon,0.002657288
FeelingDusty,5/04/2024,4,16619,Port Adelaide,Essendon,12588,Ben,McKay,Essendon,0.049235396
FeelingDusty,5/04/2024,4,16619,Port Adelaide,Essendon,12950,Nic,Martin,Essendon,0.029346814
FeelingDusty,5/04/2024,4,16619,Port Adelaide,Essendon,13020,Jye,Menzie,Essendon,0
FeelingDusty,5/04/2024,4,16619,Port Adelaide,Essendon,12696,Connor,Rozee,Port Adelaide,3
FeelingDusty,5/04/2024,4,16619,Port Adelaide,Essendon,12485,Ryan,Burton,Port Adelaide,0.006888627
FeelingDusty,5/04/2024,4,16619,Port Adelaide,Essendon,12581,Todd,Marshall,Port Adelaide,0.002601653
FeelingDusty,5/04/2024,4,16619,Port Adelaide,Essendon,12503,Dan,Houston,Port Adelaide,0
FeelingDusty,5/04/2024,4,16619,Port Adelaide,Essendon,12671,Kane,Farrell,Port Adelaide,0.002601653
FeelingDusty,5/04/2024,4,16619,Port Adelaide,Essendon,13011,Jase,Burgoyne,Port Adelaide,0.002601653
FeelingDusty,5/04/2024,4,16619,Port Adelaide,Essendon,12693,Zak,Butters,Port Adelaide,0.169659577
FeelingDusty,5/04/2024,4,16619,Port Adelaide,Essendon,11591,Travis,Boak,Port Adelaide,0.005566705
FeelingDusty,5/04/2024,4,16619,Port Adelaide,Essendon,12557,Jeremy,Finlayson,Port Adelaide,0.081794612
FeelingDusty,5/04/2024,4,16619,Port Adelaide,Essendon,12537,Ivan,Soldo,Port Adelaide,0.510079752
FeelingDusty,5/04/2024,4,16619,Port Adelaide,Essendon,12868,Miles,Bergman,Port Adelaide,0.011124345
FeelingDusty,5/04/2024,4,16619,Port Adelaide,Essendon,12613,Willie,Rioli,Port Adelaide,0.01434092
FeelingDusty,5/04/2024,4,16619,Port Adelaide,Essendon,12955,Jason,Horne-Francis,Port Adelaide,1.098800917
FeelingDusty,5/04/2024,4,16619,Port Adelaide,Essendon,12770,Mitch,Georgiades,Port Adelaide,0.012442767
FeelingDusty,5/04/2024,4,16619,Port Adelaide,Essendon,12442,Aliir,Aliir,Port Adelaide,0.004804746
FeelingDusty,5/04/2024,4,16619,Port Adelaide,Essendon,11915,Charlie,Dixon,Port Adelaide,0.00685992
FeelingDusty,5/04/2024,4,16619,Port Adelaide,Essendon,12757,Brandon,Zerk-Thatcher,Port Adelaide,0.002601653
FeelingDusty,5/04/2024,4,16619,Port Adelaide,Essendon,12606,Esava,Ratugolea,Port Adelaide,0.004804746
FeelingDusty,5/04/2024,4,16619,Port Adelaide,Essendon,12694,Willem,Drew,Port Adelaide,0.029911204
FeelingDusty,5/04/2024,4,16619,Port Adelaide,Essendon,12429,Darcy,Byrne-Jones,Port Adelaide,0.240945831
FeelingDusty,5/04/2024,4,16619,Port Adelaide,Essendon,12883,Lachie,Jones,Port Adelaide,0.002601653
FeelingDusty,5/04/2024,4,16619,Port Adelaide,Essendon,12925,Jed,McEntee,Port Adelaide,0.002601653
FeelingDusty,5/04/2024,4,16619,Port Adelaide,Essendon,12952,Jackson,Mead,Port Adelaide,0.005175393
FeelingDusty,6/04/2024,4,16620,West Coast,Sydney,12799,Chad,Warner,Sydney,0.073285909
FeelingDusty,6/04/2024,4,16620,West Coast,Sydney,12745,Hayden,McLean,Sydney,0.00156256
FeelingDusty,6/04/2024,4,16620,West Coast,Sydney,12070,Taylor,Adams,Sydney,0.003752897
FeelingDusty,6/04/2024,4,16620,West Coast,Sydney,12223,Brodie,Grundy,Sydney,0.031596837
FeelingDusty,6/04/2024,4,16620,West Coast,Sydney,12331,Isaac,Heeney,Sydney,2.511168397
FeelingDusty,6/04/2024,4,16620,West Coast,Sydney,12863,Logan,McDonald,Sydney,0.004504617
FeelingDusty,6/04/2024,4,16620,West Coast,Sydney,12038,Harry,Cunningham,Sydney,0.00156256
FeelingDusty,6/04/2024,4,16620,West Coast,Sydney,12715,James,Rowbottom,Sydney,0.004702257
FeelingDusty,6/04/2024,4,16620,West Coast,Sydney,12516,Will,Hayward,Sydney,0.019165617
FeelingDusty,6/04/2024,4,16620,West Coast,Sydney,12419,Tom,Papley,Sydney,0.003108356
FeelingDusty,6/04/2024,4,16620,West Coast,Sydney,12501,Oliver,Florent,Sydney,0.001580435
FeelingDusty,6/04/2024,4,16620,West Coast,Sydney,12865,Braeden,Campbell,Sydney,0.00156256
FeelingDusty,6/04/2024,4,16620,West Coast,Sydney,12853,James,Jordon,Sydney,0.00156256
FeelingDusty,6/04/2024,4,16620,West Coast,Sydney,12864,Errol,Gulden,Sydney,2.100687123
FeelingDusty,6/04/2024,4,16620,West Coast,Sydney,12699,Nick,Blakey,Sydney,0.003550108
FeelingDusty,6/04/2024,4,16620,West Coast,Sydney,12711,Justin,McInerney,Sydney,0.004855044
FeelingDusty,6/04/2024,4,16620,West Coast,Sydney,12634,Tom,McCartin,Sydney,0.002487674
FeelingDusty,6/04/2024,4,16620,West Coast,Sydney,12993,Matt,Roberts,Sydney,0.00156256
FeelingDusty,6/04/2024,4,16620,West Coast,Sydney,13117,Caleb,Mitchell,Sydney,0.00156256
FeelingDusty,6/04/2024,4,16620,West Coast,Sydney,12847,Joel,Amartey,Sydney,0.004504617
FeelingDusty,6/04/2024,4,16620,West Coast,Sydney,12515,Robbie,Fox,Sydney,0
FeelingDusty,6/04/2024,4,16620,West Coast,Sydney,12533,Lewis,Melican,Sydney,0.00156256
FeelingDusty,6/04/2024,4,16620,West Coast,Sydney,12275,Jake,Lloyd,Sydney,0.00156256
FeelingDusty,6/04/2024,4,16620,West Coast,Sydney,12609,Jake,Waterman,West Coast,0.002170662
FeelingDusty,6/04/2024,4,16620,West Coast,Sydney,12433,Jayden,Hunt,West Coast,0.041358371
FeelingDusty,6/04/2024,4,16620,West Coast,Sydney,12093,Elliot,Yeo,West Coast,0.665016885
FeelingDusty,6/04/2024,4,16620,West Coast,Sydney,13032,Reuben,Ginbey,West Coast,0.001595975
FeelingDusty,6/04/2024,4,16620,West Coast,Sydney,13112,Harley,Reid,West Coast,0
FeelingDusty,6/04/2024,4,16620,West Coast,Sydney,12605,Tim,Kelly,West Coast,0.006626505
FeelingDusty,6/04/2024,4,16620,West Coast,Sydney,13031,Noah,Long,West Coast,0
FeelingDusty,6/04/2024,4,16620,West Coast,Sydney,12340,Liam,Duggan,West Coast,0.354533507
FeelingDusty,6/04/2024,4,16620,West Coast,Sydney,11942,Jamie,Cripps,West Coast,0.006918269
FeelingDusty,6/04/2024,4,16620,West Coast,Sydney,12912,Luke,Edwards,West Coast,0
FeelingDusty,6/04/2024,4,16620,West Coast,Sydney,13033,Campbell,Chesser,West Coast,0
FeelingDusty,6/04/2024,4,16620,West Coast,Sydney,12958,Brady,Hough,West Coast,0
FeelingDusty,6/04/2024,4,16620,West Coast,Sydney,12279,Jeremy,McGovern,West Coast,0.126578213
FeelingDusty,6/04/2024,4,16620,West Coast,Sydney,12630,Jack,Petruccelle,West Coast,0
FeelingDusty,6/04/2024,4,16620,West Coast,Sydney,11908,Jack,Darling,West Coast,0
FeelingDusty,6/04/2024,4,16620,West Coast,Sydney,12454,Tom,Cole,West Coast,0.00015372
FeelingDusty,6/04/2024,4,16620,West Coast,Sydney,12837,Bailey J.,Williams,West Coast,0.013290084
FeelingDusty,6/04/2024,4,16620,West Coast,Sydney,12960,Jack,Williams,West Coast,0
FeelingDusty,6/04/2024,4,16620,West Coast,Sydney,12709,Josh,Rotham,West Coast,0.00015372
FeelingDusty,6/04/2024,4,16620,West Coast,Sydney,13118,Loch,Rawlinson,West Coast,0
FeelingDusty,6/04/2024,4,16620,West Coast,Sydney,12391,Tom,Barrass,West Coast,0.00015372
FeelingDusty,6/04/2024,4,16620,West Coast,Sydney,12959,Callum,Jamieson,West Coast,0
FeelingDusty,6/04/2024,4,16620,West Coast,Sydney,13071,Ryan,Maric,West Coast,0
FeelingDusty,6/04/2024,4,16621,Fremantle,Carlton,13029,Oliver,Hollands,Carlton,0.007735734
FeelingDusty,6/04/2024,4,16621,Fremantle,Carlton,12610,Adam,Cerra,Carlton,0.02366419
FeelingDusty,6/04/2024,4,16621,Fremantle,Carlton,12181,Zac,Williams,Carlton,0.003075768
FeelingDusty,6/04/2024,4,16621,Fremantle,Carlton,12463,Matthew,Kennedy,Carlton,0.006386258
FeelingDusty,6/04/2024,4,16621,Fremantle,Carlton,12604,Lachie,Fogarty,Carlton,0.003075768
FeelingDusty,6/04/2024,4,16621,Fremantle,Carlton,12269,Patrick,Cripps,Carlton,0.079722431
FeelingDusty,6/04/2024,4,16621,Fremantle,Carlton,12575,Harry,McKay,Carlton,0.003075768
FeelingDusty,6/04/2024,4,16621,Fremantle,Carlton,12415,Mitch,McGovern,Carlton,0.003030567
FeelingDusty,6/04/2024,4,16621,Fremantle,Carlton,12681,Tom,De Koning,Carlton,0.055593867
FeelingDusty,6/04/2024,4,16621,Fremantle,Carlton,12282,Blake,Acres,Carlton,0.039713838
FeelingDusty,6/04/2024,4,16621,Fremantle,Carlton,12308,Orazio,Fantasia,Carlton,0.001855404
FeelingDusty,6/04/2024,4,16621,Fremantle,Carlton,12980,Jack,Carroll,Carlton,0.003075768
FeelingDusty,6/04/2024,4,16621,Fremantle,Carlton,12938,Brodie,Kemp,Carlton,0.120734773
FeelingDusty,6/04/2024,4,16621,Fremantle,Carlton,12937,Corey,Durdin,Carlton,0
FeelingDusty,6/04/2024,4,16621,Fremantle,Carlton,13017,Elijah,Hollands,Carlton,0.003075768
FeelingDusty,6/04/2024,4,16621,Fremantle,Carlton,12410,Jacob,Weitering,Carlton,0.438331714
FeelingDusty,6/04/2024,4,16621,Fremantle,Carlton,12517,Nic,Newman,Carlton,0.004851575
FeelingDusty,6/04/2024,4,16621,Fremantle,Carlton,12417,George,Hewett,Carlton,0.042771448
FeelingDusty,6/04/2024,4,16621,Fremantle,Carlton,12428,Charlie,Curnow,Carlton,0.692019445
FeelingDusty,6/04/2024,4,16621,Fremantle,Carlton,12965,Jordan,Boyd,Carlton,0.004896777
FeelingDusty,6/04/2024,4,16621,Fremantle,Carlton,12330,Adam,Saad,Carlton,0.027109763
FeelingDusty,6/04/2024,4,16621,Fremantle,Carlton,12842,Matthew,Owies,Carlton,0.001855404
FeelingDusty,6/04/2024,4,16621,Fremantle,Carlton,12823,Matthew,Cottrell,Carlton,0.008275279
FeelingDusty,6/04/2024,4,16621,Fremantle,Carlton,12149,Jaeger,OMeara,Fremantle,0.000241703
FeelingDusty,6/04/2024,4,16621,Fremantle,Carlton,12786,Caleb,Serong,Fremantle,0.174676676
FeelingDusty,6/04/2024,4,16621,Fremantle,Carlton,12688,Jordan,Clark,Fremantle,0.353698616
FeelingDusty,6/04/2024,4,16621,Fremantle,Carlton,11844,Nat,Fyfe,Fremantle,0.069543213
FeelingDusty,6/04/2024,4,16621,Fremantle,Carlton,12596,Andrew,Brayshaw,Fremantle,3
FeelingDusty,6/04/2024,4,16621,Fremantle,Carlton,12779,Luke,Jackson,Fremantle,0.02858762
FeelingDusty,6/04/2024,4,16621,Fremantle,Carlton,11770,Michael,Walters,Fremantle,0
FeelingDusty,6/04/2024,4,16621,Fremantle,Carlton,12252,James,Aish,Fremantle,0.12230708
FeelingDusty,6/04/2024,4,16621,Fremantle,Carlton,12550,Luke,Ryan,Fremantle,0.075458443
FeelingDusty,6/04/2024,4,16621,Fremantle,Carlton,12821,Jeremy,Sharp,Fremantle,0.190492237
FeelingDusty,6/04/2024,4,16621,Fremantle,Carlton,12406,Ethan,Hughes,Fremantle,0.000241703
FeelingDusty,6/04/2024,4,16621,Fremantle,Carlton,13093,Tom,Emmett,Fremantle,0.003552194
FeelingDusty,6/04/2024,4,16621,Fremantle,Carlton,12211,Matt,Taberner,Fremantle,0
FeelingDusty,6/04/2024,4,16621,Fremantle,Carlton,12983,Jye,Amiss,Fremantle,0
FeelingDusty,6/04/2024,4,16621,Fremantle,Carlton,12361,Alex,Pearce,Fremantle,0.000241703
FeelingDusty,6/04/2024,4,16621,Fremantle,Carlton,12777,Hayden,Young,Fremantle,0.399678816
FeelingDusty,6/04/2024,4,16621,Fremantle,Carlton,12915,Brandon,Walker,Fremantle,0.000241703
FeelingDusty,6/04/2024,4,16621,Fremantle,Carlton,12803,Michael,Frederick,Fremantle,0.000241703
FeelingDusty,6/04/2024,4,16621,Fremantle,Carlton,12888,Josh,Treacy,Fremantle,0.000241703
FeelingDusty,6/04/2024,4,16621,Fremantle,Carlton,13113,Joshua,Draper,Fremantle,0.000241703
FeelingDusty,6/04/2024,4,16621,Fremantle,Carlton,12679,Sam,Switkowski,Fremantle,0
FeelingDusty,6/04/2024,4,16621,Fremantle,Carlton,12595,Bailey,Banfield,Fremantle,0.006144173
FeelingDusty,6/04/2024,4,16621,Fremantle,Carlton,13049,Matthew,Johnson,Fremantle,0.000241703
FeelingDusty,6/04/2024,4,16622,Western Bulldogs,Geelong,11855,Rhys,Stanley,Geelong,0.015731062
FeelingDusty,6/04/2024,4,16622,Western Bulldogs,Geelong,11979,Zach,Tuohy,Geelong,0.003053364
FeelingDusty,6/04/2024,4,16622,Western Bulldogs,Geelong,12513,Brandan,Parfitt,Geelong,0.00046472
FeelingDusty,6/04/2024,4,16622,Western Bulldogs,Geelong,12870,Tanner,Bruhn,Geelong,0.003529081
FeelingDusty,6/04/2024,4,16622,Western Bulldogs,Geelong,12022,Jeremy,Cameron,Geelong,0.968633236
FeelingDusty,6/04/2024,4,16622,Western Bulldogs,Geelong,12378,Jake,Kolodjashnij,Geelong,0.001547576
FeelingDusty,6/04/2024,4,16622,Western Bulldogs,Geelong,12882,Max,Holmes,Geelong,0.00448269
FeelingDusty,6/04/2024,4,16622,Western Bulldogs,Geelong,12507,Jack,Bowes,Geelong,0.009204085
FeelingDusty,6/04/2024,4,16622,Western Bulldogs,Geelong,13062,Jhye,Clark,Geelong,0.001236778
FeelingDusty,6/04/2024,4,16622,Western Bulldogs,Geelong,12892,Sam,De Koning,Geelong,0.001236778
FeelingDusty,6/04/2024,4,16622,Western Bulldogs,Geelong,12561,Tyson,Stengle,Geelong,0.118509243
FeelingDusty,6/04/2024,4,16622,Western Bulldogs,Geelong,11804,Mitch,Duncan,Geelong,0.000638447
FeelingDusty,6/04/2024,4,16622,Western Bulldogs,Geelong,11554,Tom,Hawkins,Geelong,0.000638447
FeelingDusty,6/04/2024,4,16622,Western Bulldogs,Geelong,12976,Oliver,Dempsey,Geelong,0.006052587
FeelingDusty,6/04/2024,4,16622,Western Bulldogs,Geelong,12687,Tom,Atkins,Geelong,0.000114465
FeelingDusty,6/04/2024,4,16622,Western Bulldogs,Geelong,12690,Gryan,Miers,Geelong,0.612192259
FeelingDusty,6/04/2024,4,16622,Western Bulldogs,Geelong,12850,Oliver,Henry,Geelong,0.001236778
FeelingDusty,6/04/2024,4,16622,Western Bulldogs,Geelong,12614,Jack,Henry,Geelong,0.001547576
FeelingDusty,6/04/2024,4,16622,Western Bulldogs,Geelong,12559,Zach,Guthrie,Geelong,0.01191489
FeelingDusty,6/04/2024,4,16622,Western Bulldogs,Geelong,12540,Mark,OConnor,Geelong,0.001236778
FeelingDusty,6/04/2024,4,16622,Western Bulldogs,Geelong,12514,Tom,Stewart,Geelong,0.001948882
FeelingDusty,6/04/2024,4,16622,Western Bulldogs,Geelong,12808,Brad,Close,Geelong,0.001236778
FeelingDusty,6/04/2024,4,16622,Western Bulldogs,Geelong,12160,Mark,Blicavs,Geelong,0.003364162
FeelingDusty,6/04/2024,4,16622,Western Bulldogs,Geelong,12058,Adam,Treloar,Western Bulldogs,0.558622394
FeelingDusty,6/04/2024,4,16622,Western Bulldogs,Geelong,12924,Jamarra,Ugle-Hagan,Western Bulldogs,0.000800614
FeelingDusty,6/04/2024,4,16622,Western Bulldogs,Geelong,12801,Cody,Weightman,Western Bulldogs,0
FeelingDusty,6/04/2024,4,16622,Western Bulldogs,Geelong,12277,Marcus,Bontempelli,Western Bulldogs,1.531848062
FeelingDusty,6/04/2024,4,16622,Western Bulldogs,Geelong,13111,Ryley,Sanders,Western Bulldogs,0.000420055
FeelingDusty,6/04/2024,4,16622,Western Bulldogs,Geelong,13023,Sam,Darcy,Western Bulldogs,0.006326739
FeelingDusty,6/04/2024,4,16622,Western Bulldogs,Geelong,12172,Jack,Macrae,Western Bulldogs,0.000420055
FeelingDusty,6/04/2024,4,16622,Western Bulldogs,Geelong,13110,Harvey,Gallagher,Western Bulldogs,0.002834972
FeelingDusty,6/04/2024,4,16622,Western Bulldogs,Geelong,12723,Oskar,Baker,Western Bulldogs,0.002834972
FeelingDusty,6/04/2024,4,16622,Western Bulldogs,Geelong,12748,Rhylee,West,Western Bulldogs,0.000420055
FeelingDusty,6/04/2024,4,16622,Western Bulldogs,Geelong,12169,Taylor,Duryea,Western Bulldogs,0.001171484
FeelingDusty,6/04/2024,4,16622,Western Bulldogs,Geelong,11874,Liam,Jones,Western Bulldogs,0.053878365
FeelingDusty,6/04/2024,4,16622,Western Bulldogs,Geelong,12612,Ed,Richards,Western Bulldogs,0.000821361
FeelingDusty,6/04/2024,4,16622,Western Bulldogs,Geelong,11904,Tom,Liberatore,Western Bulldogs,2.04719379
FeelingDusty,6/04/2024,4,16622,Western Bulldogs,Geelong,12781,Laitham,Vandermeer,Western Bulldogs,0.000420055
FeelingDusty,6/04/2024,4,16622,Western Bulldogs,Geelong,12901,Buku,Khamis,Western Bulldogs,0.001769815
FeelingDusty,6/04/2024,4,16622,Western Bulldogs,Geelong,12917,Lachlan,Bramble,Western Bulldogs,0.000420055
FeelingDusty,6/04/2024,4,16622,Western Bulldogs,Geelong,12362,Bailey,Dale,Western Bulldogs,0.000420055
FeelingDusty,6/04/2024,4,16622,Western Bulldogs,Geelong,12602,Aaron,Naughton,Western Bulldogs,0
FeelingDusty,6/04/2024,4,16622,Western Bulldogs,Geelong,12449,Bailey,Williams,Western Bulldogs,0.000420055
FeelingDusty,6/04/2024,4,16622,Western Bulldogs,Geelong,12382,Caleb,Daniel,Western Bulldogs,0.000420055
FeelingDusty,6/04/2024,4,16622,Western Bulldogs,Geelong,12128,Jason,Johannisen,Western Bulldogs,0.000420055
FeelingDusty,6/04/2024,4,16622,Western Bulldogs,Geelong,12548,Tim,English,Western Bulldogs,0.018366275
FeelingDusty,7/04/2024,4,16623,Gold Coast,GWS,12825,Sam,Flanders,Gold Coast,0.247623419
FeelingDusty,7/04/2024,4,16623,Gold Coast,GWS,12314,Nick,Holman,Gold Coast,0
FeelingDusty,7/04/2024,4,16623,Gold Coast,GWS,12489,Brayden,Fiorini,Gold Coast,0.00184573
FeelingDusty,7/04/2024,4,16623,Gold Coast,GWS,12506,Ben,Ainsworth,Gold Coast,0
FeelingDusty,7/04/2024,4,16623,Gold Coast,GWS,12631,Charlie,Ballard,Gold Coast,0.000177775
FeelingDusty,7/04/2024,4,16623,Gold Coast,GWS,12329,Touk,Miller,Gold Coast,0.002197082
FeelingDusty,7/04/2024,4,16623,Gold Coast,GWS,12703,Jack,Lukosius,Gold Coast,0
FeelingDusty,7/04/2024,4,16623,Gold Coast,GWS,12767,Noah,Anderson,Gold Coast,0.374638714
FeelingDusty,7/04/2024,4,16623,Gold Coast,GWS,12776,Thomas,Berry,Gold Coast,0
FeelingDusty,7/04/2024,4,16623,Gold Coast,GWS,13114,Jed,Walter,Gold Coast,0
FeelingDusty,7/04/2024,4,16623,Gold Coast,GWS,12769,Matt,Rowell,Gold Coast,0.182785605
FeelingDusty,7/04/2024,4,16623,Gold Coast,GWS,13050,Bailey,Humphrey,Gold Coast,0
FeelingDusty,7/04/2024,4,16623,Gold Coast,GWS,13121,Ethan,Read,Gold Coast,0
FeelingDusty,7/04/2024,4,16623,Gold Coast,GWS,11923,David,Swallow,Gold Coast,0
FeelingDusty,7/04/2024,4,16623,Gold Coast,GWS,12453,Sam,Collins,Gold Coast,0.000316995
FeelingDusty,7/04/2024,4,16623,Gold Coast,GWS,13120,Will,Graham,Gold Coast,0
FeelingDusty,7/04/2024,4,16623,Gold Coast,GWS,12658,Wil,Powell,Gold Coast,0
FeelingDusty,7/04/2024,4,16623,Gold Coast,GWS,12184,Jarrod,Witts,Gold Coast,0.02143484
FeelingDusty,7/04/2024,4,16623,Gold Coast,GWS,13019,Mac,Andrew,Gold Coast,0.487754163
FeelingDusty,7/04/2024,4,16623,Gold Coast,GWS,13037,Bodhi,Uwland,Gold Coast,0
FeelingDusty,7/04/2024,4,16623,Gold Coast,GWS,13119,Sam,Clohesy,Gold Coast,0.03494138
FeelingDusty,7/04/2024,4,16623,Gold Coast,GWS,12728,Ben,King,Gold Coast,6.47E-05
FeelingDusty,7/04/2024,4,16623,Gold Coast,GWS,12903,Malcolm,Rosas,Gold Coast,0
FeelingDusty,7/04/2024,4,16623,Gold Coast,GWS,12023,Stephen,Coniglio,GWS,1.918905878
FeelingDusty,7/04/2024,4,16623,Gold Coast,GWS,12026,Toby,Greene,GWS,2.114297316
FeelingDusty,7/04/2024,4,16623,Gold Coast,GWS,13054,Aaron,Cadman,GWS,0.001807087
FeelingDusty,7/04/2024,4,16623,Gold Coast,GWS,12147,Lachie,Whitfield,GWS,0.109585067
FeelingDusty,7/04/2024,4,16623,Gold Coast,GWS,12782,Lachie,Ash,GWS,0.001807087
FeelingDusty,7/04/2024,4,16623,Gold Coast,GWS,12992,Jacob,Wehr,GWS,0.004544927
FeelingDusty,7/04/2024,4,16623,Gold Coast,GWS,12766,Tom,Green,GWS,0.030592116
FeelingDusty,7/04/2024,4,16623,Gold Coast,GWS,12773,Toby,Bedford,GWS,0.001807087
FeelingDusty,7/04/2024,4,16623,Gold Coast,GWS,12651,Sam,Taylor,GWS,0.062278287
FeelingDusty,7/04/2024,4,16623,Gold Coast,GWS,12663,Brent,Daniels,GWS,0.001807087
FeelingDusty,7/04/2024,4,16623,Gold Coast,GWS,12970,Finn,Callaghan,GWS,0.004544927
FeelingDusty,7/04/2024,4,16623,Gold Coast,GWS,12934,James,Peatling,GWS,0.001807087
FeelingDusty,7/04/2024,4,16623,Gold Coast,GWS,12262,Josh,Kelly,GWS,0.094931439
FeelingDusty,7/04/2024,4,16623,Gold Coast,GWS,12326,Jesse,Hogan,GWS,0.172295491
FeelingDusty,7/04/2024,4,16623,Gold Coast,GWS,12835,Jake,Riccardi,GWS,0.001807087
FeelingDusty,7/04/2024,4,16623,Gold Coast,GWS,12470,Harry,Himmelberg,GWS,0.072453055
FeelingDusty,7/04/2024,4,16623,Gold Coast,GWS,13101,Harvey,Thomas,GWS,0.001807087
FeelingDusty,7/04/2024,4,16623,Gold Coast,GWS,12905,Kieren,Briggs,GWS,0.032203761
FeelingDusty,7/04/2024,4,16623,Gold Coast,GWS,12822,Xavier,OHalloran,GWS,0.001807087
FeelingDusty,7/04/2024,4,16623,Gold Coast,GWS,12541,Harry,Perryman,GWS,0.001807087
FeelingDusty,7/04/2024,4,16623,Gold Coast,GWS,12749,Connor,Idun,GWS,0.004529027
FeelingDusty,7/04/2024,4,16623,Gold Coast,GWS,12845,Jack,Buckley,GWS,0.003770152
FeelingDusty,7/04/2024,4,16623,Gold Coast,GWS,12910,Callum M.,Brown,GWS,0.005024414
FeelingDusty,7/04/2024,4,16631,Richmond,St Kilda,12180,Nick,Vlastuin,Richmond,0.002026411
FeelingDusty,7/04/2024,4,16631,Richmond,St Kilda,11801,Dustin,Martin,Richmond,0.453122042
FeelingDusty,7/04/2024,4,16631,Richmond,St Kilda,12712,Jack,Ross,Richmond,0.005849094
FeelingDusty,7/04/2024,4,16631,Richmond,St Kilda,12935,Maurice,Rioli,Richmond,0.000120672
FeelingDusty,7/04/2024,4,16631,Richmond,St Kilda,12512,Tim,Taranto,Richmond,0.135781346
FeelingDusty,7/04/2024,4,16631,Richmond,St Kilda,12425,Jayden,Short,Richmond,0
FeelingDusty,7/04/2024,4,16631,Richmond,St Kilda,12409,Daniel,Rioli,Richmond,0.002273214
FeelingDusty,7/04/2024,4,16631,Richmond,St Kilda,12861,Jacob,Koschitzke,Richmond,0.000120672
FeelingDusty,7/04/2024,4,16631,Richmond,St Kilda,12379,Toby,Nankervis,Richmond,0.241971512
FeelingDusty,7/04/2024,4,16631,Richmond,St Kilda,12836,Thomson,Dow,Richmond,0.002447192
FeelingDusty,7/04/2024,4,16631,Richmond,St Kilda,13122,Kane,McAuliffe,Richmond,0.000120672
FeelingDusty,7/04/2024,4,16631,Richmond,St Kilda,12542,Shai,Bolton,Richmond,2.055891239
FeelingDusty,7/04/2024,4,16631,Richmond,St Kilda,13097,Tom,Brown,Richmond,0.001029823
FeelingDusty,7/04/2024,4,16631,Richmond,St Kilda,12884,Rhyan,Mansell,Richmond,0.000120672
FeelingDusty,7/04/2024,4,16631,Richmond,St Kilda,12324,Kamdyn,McIntosh,Richmond,0.002447192
FeelingDusty,7/04/2024,4,16631,Richmond,St Kilda,12584,Jack,Graham,Richmond,0.000120672
FeelingDusty,7/04/2024,4,16631,Richmond,St Kilda,12464,Nathan,Broad,Richmond,0.001421025
FeelingDusty,7/04/2024,4,16631,Richmond,St Kilda,13015,Tyler,Sonsie,Richmond,0.000120672
FeelingDusty,7/04/2024,4,16631,Richmond,St Kilda,13115,Mykelti,Lefau,Richmond,0
FeelingDusty,7/04/2024,4,16631,Richmond,St Kilda,13100,Seth,Campbell,Richmond,0.000120672
FeelingDusty,7/04/2024,4,16631,Richmond,St Kilda,13044,Tylar,Young,Richmond,0.000120672
FeelingDusty,7/04/2024,4,16631,Richmond,St Kilda,12940,Ben,Miller,Richmond,0.000420094
FeelingDusty,7/04/2024,4,16631,Richmond,St Kilda,12761,Marlion,Pickett,Richmond,0.002447192
FeelingDusty,7/04/2024,4,16631,Richmond,St Kilda,12616,Jack,Higgins,St Kilda,0.001535598
FeelingDusty,7/04/2024,4,16631,Richmond,St Kilda,12294,Zak,Jones,St Kilda,0.001535598
FeelingDusty,7/04/2024,4,16631,Richmond,St Kilda,12138,Sebastian,Ross,St Kilda,0.022846766
FeelingDusty,7/04/2024,4,16631,Richmond,St Kilda,12947,Nasiah,Wanganeen-Milera,St Kilda,0.15617261
FeelingDusty,7/04/2024,4,16631,Richmond,St Kilda,12066,Bradley,Hill,St Kilda,0.182819732
FeelingDusty,7/04/2024,4,16631,Richmond,St Kilda,12377,Jack,Steele,St Kilda,1.619767387
FeelingDusty,7/04/2024,4,16631,Richmond,St Kilda,12945,Mitch,Owens,St Kilda,0
FeelingDusty,7/04/2024,4,16631,Richmond,St Kilda,12771,Max,King,St Kilda,0.015940484
FeelingDusty,7/04/2024,4,16631,Richmond,St Kilda,12804,Ryan,Byrnes,St Kilda,0.003862118
FeelingDusty,7/04/2024,4,16631,Richmond,St Kilda,12721,Liam,Stocker,St Kilda,0.002444749
FeelingDusty,7/04/2024,4,16631,Richmond,St Kilda,12498,Dan,Butler,St Kilda,0
FeelingDusty,7/04/2024,4,16631,Richmond,St Kilda,12572,Rowan,Marshall,St Kilda,0.55004938
FeelingDusty,7/04/2024,4,16631,Richmond,St Kilda,12399,Zaine,Cordy,St Kilda,0.002444749
FeelingDusty,7/04/2024,4,16631,Richmond,St Kilda,13109,Darcy,Wilson,St Kilda,0.001535598
FeelingDusty,7/04/2024,4,16631,Richmond,St Kilda,13116,Angus,Hastie,St Kilda,0.001535598
FeelingDusty,7/04/2024,4,16631,Richmond,St Kilda,13042,Mattaes,Phillipou,St Kilda,0.001942239
FeelingDusty,7/04/2024,4,16631,Richmond,St Kilda,12565,Josh,Battle,St Kilda,0.079336403
FeelingDusty,7/04/2024,4,16631,Richmond,St Kilda,12307,Tim,Membrey,St Kilda,0.001535598
FeelingDusty,7/04/2024,4,16631,Richmond,St Kilda,12337,Jack,Sinclair,St Kilda,0.407712294
FeelingDusty,7/04/2024,4,16631,Richmond,St Kilda,12492,Riley,Bonner,St Kilda,0
FeelingDusty,7/04/2024,4,16631,Richmond,St Kilda,12930,Cooper,Sharman,St Kilda,0.001897889
FeelingDusty,7/04/2024,4,16631,Richmond,St Kilda,12701,Callum,Wilkie,St Kilda,0.035456859
FeelingDusty,7/04/2024,4,16631,Richmond,St Kilda,13041,Anthony,Caminiti,St Kilda,0.001535598
FeelingDusty,7/04/2024,4,16632,Collingwood,Hawthorn,12586,Patrick,Lipinski,Collingwood,0.003980979
FeelingDusty,7/04/2024,4,16632,Collingwood,Hawthorn,12333,Jordan,De Goey,Collingwood,2.84547409
FeelingDusty,7/04/2024,4,16632,Collingwood,Hawthorn,12740,Isaac,Quaynor,Collingwood,0.002124619
FeelingDusty,7/04/2024,4,16632,Collingwood,Hawthorn,12380,Brayden,Maynard,Collingwood,0.001348302
FeelingDusty,7/04/2024,4,16632,Collingwood,Hawthorn,12091,Jamie,Elliott,Collingwood,0.001348302
FeelingDusty,7/04/2024,4,16632,Collingwood,Hawthorn,12201,Tom,Mitchell,Collingwood,1.380374642
FeelingDusty,7/04/2024,4,16632,Collingwood,Hawthorn,12582,Josh,Daicos,Collingwood,0.543338763
FeelingDusty,7/04/2024,4,16632,Collingwood,Hawthorn,12704,Lachie,Schultz,Collingwood,0.004802077
FeelingDusty,7/04/2024,4,16632,Collingwood,Hawthorn,12743,John,Noble,Collingwood,0.039079538
FeelingDusty,7/04/2024,4,16632,Collingwood,Hawthorn,11506,Scott,Pendlebury,Collingwood,0.003328695
FeelingDusty,7/04/2024,4,16632,Collingwood,Hawthorn,12666,Darcy,Cameron,Collingwood,0.080091919
FeelingDusty,7/04/2024,4,16632,Collingwood,Hawthorn,12682,Billy,Frampton,Collingwood,0.034615824
FeelingDusty,7/04/2024,4,16632,Collingwood,Hawthorn,11759,Steele,Sidebottom,Collingwood,0.000696018
FeelingDusty,7/04/2024,4,16632,Collingwood,Hawthorn,12744,Bobby,Hill,Collingwood,0.001348302
FeelingDusty,7/04/2024,4,16632,Collingwood,Hawthorn,12067,Jack,Crisp,Collingwood,0.006051015
FeelingDusty,7/04/2024,4,16632,Collingwood,Hawthorn,12966,Reef,McInnes,Collingwood,0.001348302
FeelingDusty,7/04/2024,4,16632,Collingwood,Hawthorn,12381,Darcy,Moore,Collingwood,0.001687126
FeelingDusty,7/04/2024,4,16632,Collingwood,Hawthorn,12877,Beau,McCreery,Collingwood,0.001348302
FeelingDusty,7/04/2024,4,16632,Collingwood,Hawthorn,12029,Will,Hoskin-Elliott,Collingwood,0.001687126
FeelingDusty,7/04/2024,4,16632,Collingwood,Hawthorn,12948,Nick,Daicos,Collingwood,0.067515149
FeelingDusty,7/04/2024,4,16632,Collingwood,Hawthorn,11973,Jeremy,Howe,Collingwood,0.00278271
FeelingDusty,7/04/2024,4,16632,Collingwood,Hawthorn,12648,Brody,Mihocek,Collingwood,0
FeelingDusty,7/04/2024,4,16632,Collingwood,Hawthorn,12435,Mason,Cox,Collingwood,0.000696018
FeelingDusty,7/04/2024,4,16632,Collingwood,Hawthorn,12913,Jai,Newcombe,Hawthorn,0.167441864
FeelingDusty,7/04/2024,4,16632,Collingwood,Hawthorn,12245,Jarman,Impey,Hawthorn,0
FeelingDusty,7/04/2024,4,16632,Collingwood,Hawthorn,12626,James,Worpel,Hawthorn,0.002769229
FeelingDusty,7/04/2024,4,16632,Collingwood,Hawthorn,12342,James,Sicily,Hawthorn,0.003347615
FeelingDusty,7/04/2024,4,16632,Collingwood,Hawthorn,12124,Sam,Frost,Hawthorn,0.000475375
FeelingDusty,7/04/2024,4,16632,Collingwood,Hawthorn,12365,Karl,Amon,Hawthorn,0.306697172
FeelingDusty,7/04/2024,4,16632,Collingwood,Hawthorn,12678,Conor,Nash,Hawthorn,0.017134657
FeelingDusty,7/04/2024,4,16632,Collingwood,Hawthorn,12710,Dylan,Moore,Hawthorn,0.014810799
FeelingDusty,7/04/2024,4,16632,Collingwood,Hawthorn,12571,Jack,Scrimshaw,Hawthorn,0.002022899
FeelingDusty,7/04/2024,4,16632,Collingwood,Hawthorn,12477,Blake,Hardwick,Hawthorn,0.434999338
FeelingDusty,7/04/2024,4,16632,Collingwood,Hawthorn,12999,Massimo,DAmbrosio,Hawthorn,0.000136552
FeelingDusty,7/04/2024,4,16632,Collingwood,Hawthorn,12854,Lloyd,Meek,Hawthorn,0.020759666
FeelingDusty,7/04/2024,4,16632,Collingwood,Hawthorn,12491,Mabior,Chol,Hawthorn,0
FeelingDusty,7/04/2024,4,16632,Collingwood,Hawthorn,13059,Josh,Weddle,Hawthorn,0.000136552
FeelingDusty,7/04/2024,4,16632,Collingwood,Hawthorn,12954,Josh,Ward,Hawthorn,0.000136552
FeelingDusty,7/04/2024,4,16632,Collingwood,Hawthorn,13039,Cam,Mackenzie,Hawthorn,0.002769229
FeelingDusty,7/04/2024,4,16632,Collingwood,Hawthorn,12989,Sam,Butler,Hawthorn,0.000136552
FeelingDusty,7/04/2024,4,16632,Collingwood,Hawthorn,12953,Connor,Macdonald,Hawthorn,0.000136552
FeelingDusty,7/04/2024,4,16632,Collingwood,Hawthorn,12846,Finn,Maginness,Hawthorn,0.000136552
FeelingDusty,7/04/2024,4,16632,Collingwood,Hawthorn,12928,Jack,Ginnivan,Hawthorn,0.000136552
FeelingDusty,7/04/2024,4,16632,Collingwood,Hawthorn,13060,Max,Ramsden,Hawthorn,0.000475375
FeelingDusty,7/04/2024,4,16632,Collingwood,Hawthorn,13055,Seamus,Mitchell,Hawthorn,0.000136552
FeelingDusty,7/04/2024,4,16632,Collingwood,Hawthorn,13092,Henry,Hustwaite,Hawthorn,0.000136552
FeelingDusty,11/04/2024,5,16633,Melbourne,Brisbane,12969,Kai,Lohmann,Brisbane,0
FeelingDusty,11/04/2024,5,16633,Melbourne,Brisbane,12205,Joe,Daniher,Brisbane,0.005921315
FeelingDusty,11/04/2024,5,16633,Melbourne,Brisbane,12412,Callum,Ah Chee,Brisbane,0.001931545
FeelingDusty,11/04/2024,5,16633,Melbourne,Brisbane,12421,Josh,Dunkley,Brisbane,1.387761878
FeelingDusty,11/04/2024,5,16633,Melbourne,Brisbane,12526,Hugh,McCluggage,Brisbane,0.853278978
FeelingDusty,11/04/2024,5,16633,Melbourne,Brisbane,12525,Jarrod,Berry,Brisbane,0.203467183
FeelingDusty,11/04/2024,5,16633,Melbourne,Brisbane,12061,Lachie,Neale,Brisbane,0.244347362
FeelingDusty,11/04/2024,5,16633,Melbourne,Brisbane,12094,Lincoln,McCarthy,Brisbane,0.001931545
FeelingDusty,11/04/2024,5,16633,Melbourne,Brisbane,12082,Dayne,Zorko,Brisbane,0.371435935
FeelingDusty,11/04/2024,5,16633,Melbourne,Brisbane,12594,Cam,Rayner,Brisbane,1.481874186
FeelingDusty,11/04/2024,5,16633,Melbourne,Brisbane,12284,Charlie,Cameron,Brisbane,0.115929568
FeelingDusty,11/04/2024,5,16633,Melbourne,Brisbane,12274,Darcy,Gardiner,Brisbane,0.001931545
FeelingDusty,11/04/2024,5,16633,Melbourne,Brisbane,13072,Jaspa,Fletcher,Brisbane,0.004857948
FeelingDusty,11/04/2024,5,16633,Melbourne,Brisbane,13003,James,Tunstill,Brisbane,0.001931545
FeelingDusty,11/04/2024,5,16633,Melbourne,Brisbane,12462,Eric,Hipwood,Brisbane,0.004010493
FeelingDusty,11/04/2024,5,16633,Melbourne,Brisbane,12347,Harris,Andrews,Brisbane,0.082093968
FeelingDusty,11/04/2024,5,16633,Melbourne,Brisbane,12617,Zac,Bailey,Brisbane,0.003270163
FeelingDusty,11/04/2024,5,16633,Melbourne,Brisbane,11901,Ryan,Lester,Brisbane,0.100648547
FeelingDusty,11/04/2024,5,16633,Melbourne,Brisbane,12673,Brandon,Starcevich,Brisbane,0.002308171
FeelingDusty,11/04/2024,5,16633,Melbourne,Brisbane,12815,Jack,Payne,Brisbane,0.003075117
FeelingDusty,11/04/2024,5,16633,Melbourne,Brisbane,12719,Noah,Answerth,Brisbane,0.005712454
FeelingDusty,11/04/2024,5,16633,Melbourne,Brisbane,13027,Darcy,Wilmot,Brisbane,0
FeelingDusty,11/04/2024,5,16633,Melbourne,Brisbane,12625,Oscar,McInerney,Brisbane,0.004857948
FeelingDusty,11/04/2024,5,16633,Melbourne,Brisbane,11945,Steven,May,Melbourne,0.006465343
FeelingDusty,11/04/2024,5,16633,Melbourne,Brisbane,13048,Jacob,van Rooyen,Melbourne,0
FeelingDusty,11/04/2024,5,16633,Melbourne,Brisbane,12280,Christian,Salem,Melbourne,0.00197285
FeelingDusty,11/04/2024,5,16633,Melbourne,Brisbane,13036,Judd,McVee,Melbourne,0
FeelingDusty,11/04/2024,5,16633,Melbourne,Brisbane,12437,Christian,Petracca,Melbourne,0.002382749
FeelingDusty,11/04/2024,5,16633,Melbourne,Brisbane,13099,Caleb,Windsor,Melbourne,0.00197285
FeelingDusty,11/04/2024,5,16633,Melbourne,Brisbane,12152,Jack,Viney,Melbourne,0.012957863
FeelingDusty,11/04/2024,5,16633,Melbourne,Brisbane,12359,Jake,Lever,Melbourne,0.00263659
FeelingDusty,11/04/2024,5,16633,Melbourne,Brisbane,11972,Max,Gawn,Melbourne,1.081709419
FeelingDusty,11/04/2024,5,16633,Melbourne,Brisbane,12411,Clayton,Oliver,Melbourne,0
FeelingDusty,11/04/2024,5,16633,Melbourne,Brisbane,12255,Jack,Billings,Melbourne,0
FeelingDusty,11/04/2024,5,16633,Melbourne,Brisbane,12401,Ed,Langdon,Melbourne,0.001629587
FeelingDusty,11/04/2024,5,16633,Melbourne,Brisbane,13098,Blake,Howes,Melbourne,0
FeelingDusty,11/04/2024,5,16633,Melbourne,Brisbane,12778,Trent,Rivers,Melbourne,0.003426707
FeelingDusty,11/04/2024,5,16633,Melbourne,Brisbane,12015,Tom,McDonald,Melbourne,0.001143253
FeelingDusty,11/04/2024,5,16633,Melbourne,Brisbane,12375,Alex,Neal-Bullen,Melbourne,0
FeelingDusty,11/04/2024,5,16633,Melbourne,Brisbane,12603,Bayley,Fritsch,Melbourne,0.001125396
FeelingDusty,11/04/2024,5,16633,Melbourne,Brisbane,12692,Tom,Sparrow,Melbourne,0
FeelingDusty,11/04/2024,5,16633,Melbourne,Brisbane,12660,Harrison,Petty,Melbourne,0
FeelingDusty,11/04/2024,5,16633,Melbourne,Brisbane,12756,Kade,Chandler,Melbourne,0
FeelingDusty,11/04/2024,5,16633,Melbourne,Brisbane,13123,Koltyn,Tholstrup,Melbourne,0
FeelingDusty,11/04/2024,5,16633,Melbourne,Brisbane,13078,Taj,Woewodin,Melbourne,0
FeelingDusty,11/04/2024,5,16633,Melbourne,Brisbane,12296,Ben,Brown,Melbourne,0
FeelingDusty,12/04/2024,5,16634,Western Bulldogs,Essendon,12505,Andrew,McGrath,Essendon,0.037635963
FeelingDusty,12/04/2024,5,16634,Western Bulldogs,Essendon,12809,Sam,Draper,Essendon,0.020888417
FeelingDusty,12/04/2024,5,16634,Western Bulldogs,Essendon,12414,Darcy,Parish,Essendon,0.056514114
FeelingDusty,12/04/2024,5,16634,Western Bulldogs,Essendon,12358,Kyle,Langford,Essendon,0.147056561
FeelingDusty,12/04/2024,5,16634,Western Bulldogs,Essendon,12752,Jye,Caldwell,Essendon,0.217441795
FeelingDusty,12/04/2024,5,16634,Western Bulldogs,Essendon,12249,Zach,Merrett,Essendon,1.024162306
FeelingDusty,12/04/2024,5,16634,Western Bulldogs,Essendon,12972,Ben,Hobbs,Essendon,0.009277466
FeelingDusty,12/04/2024,5,16634,Western Bulldogs,Essendon,12422,Jade,Gresham,Essendon,0.00224602
FeelingDusty,12/04/2024,5,16634,Western Bulldogs,Essendon,12858,Nik,Cox,Essendon,0.00224602
FeelingDusty,12/04/2024,5,16634,Western Bulldogs,Essendon,12384,Jayden,Laverde,Essendon,0.00224602
FeelingDusty,12/04/2024,5,16634,Western Bulldogs,Essendon,11692,Todd,Goldstein,Essendon,0.012317681
FeelingDusty,12/04/2024,5,16634,Western Bulldogs,Essendon,12734,Nick,Hind,Essendon,0.000329084
FeelingDusty,12/04/2024,5,16634,Western Bulldogs,Essendon,11903,Dyson,Heppell,Essendon,0.003197122
FeelingDusty,12/04/2024,5,16634,Western Bulldogs,Essendon,12926,Sam,Durham,Essendon,1.507030893
FeelingDusty,12/04/2024,5,16634,Western Bulldogs,Essendon,12857,Harrison,Jones,Essendon,0.125845629
FeelingDusty,12/04/2024,5,16634,Western Bulldogs,Essendon,12173,Jake,Stringer,Essendon,0.002402113
FeelingDusty,12/04/2024,5,16634,Western Bulldogs,Essendon,12445,Mason,Redman,Essendon,0.177685954
FeelingDusty,12/04/2024,5,16634,Western Bulldogs,Essendon,12695,Xavier,Duursma,Essendon,1.894086791
FeelingDusty,12/04/2024,5,16634,Western Bulldogs,Essendon,12345,Jake,Kelly,Essendon,0.005648871
FeelingDusty,12/04/2024,5,16634,Western Bulldogs,Essendon,12588,Ben,McKay,Essendon,0.004559886
FeelingDusty,12/04/2024,5,16634,Western Bulldogs,Essendon,13040,Alwyn,Davey Jnr,Essendon,0.00224602
FeelingDusty,12/04/2024,5,16634,Western Bulldogs,Essendon,12950,Nic,Martin,Essendon,0.252534408
FeelingDusty,12/04/2024,5,16634,Western Bulldogs,Essendon,13020,Jye,Menzie,Essendon,0.00224602
FeelingDusty,12/04/2024,5,16634,Western Bulldogs,Essendon,12058,Adam,Treloar,Western Bulldogs,0.138471967
FeelingDusty,12/04/2024,5,16634,Western Bulldogs,Essendon,12924,Jamarra,Ugle-Hagan,Western Bulldogs,0.073854644
FeelingDusty,12/04/2024,5,16634,Western Bulldogs,Essendon,12801,Cody,Weightman,Western Bulldogs,0
FeelingDusty,12/04/2024,5,16634,Western Bulldogs,Essendon,12277,Marcus,Bontempelli,Western Bulldogs,0.0018949
FeelingDusty,12/04/2024,5,16634,Western Bulldogs,Essendon,13111,Ryley,Sanders,Western Bulldogs,0
FeelingDusty,12/04/2024,5,16634,Western Bulldogs,Essendon,13023,Sam,Darcy,Western Bulldogs,0.055456763
FeelingDusty,12/04/2024,5,16634,Western Bulldogs,Essendon,12172,Jack,Macrae,Western Bulldogs,0.030737281
FeelingDusty,12/04/2024,5,16634,Western Bulldogs,Essendon,13110,Harvey,Gallagher,Western Bulldogs,0.004375742
FeelingDusty,12/04/2024,5,16634,Western Bulldogs,Essendon,12723,Oskar,Baker,Western Bulldogs,0
FeelingDusty,12/04/2024,5,16634,Western Bulldogs,Essendon,12748,Rhylee,West,Western Bulldogs,0.001308622
FeelingDusty,12/04/2024,5,16634,Western Bulldogs,Essendon,12169,Taylor,Duryea,Western Bulldogs,0.119826538
FeelingDusty,12/04/2024,5,16634,Western Bulldogs,Essendon,13063,James,ODonnell,Western Bulldogs,0
FeelingDusty,12/04/2024,5,16634,Western Bulldogs,Essendon,11874,Liam,Jones,Western Bulldogs,0
FeelingDusty,12/04/2024,5,16634,Western Bulldogs,Essendon,12612,Ed,Richards,Western Bulldogs,0
FeelingDusty,12/04/2024,5,16634,Western Bulldogs,Essendon,11904,Tom,Liberatore,Western Bulldogs,0.054199007
FeelingDusty,12/04/2024,5,16634,Western Bulldogs,Essendon,12781,Laitham,Vandermeer,Western Bulldogs,0
FeelingDusty,12/04/2024,5,16634,Western Bulldogs,Essendon,12901,Buku,Khamis,Western Bulldogs,0.000220956
FeelingDusty,12/04/2024,5,16634,Western Bulldogs,Essendon,12917,Lachlan,Bramble,Western Bulldogs,0
FeelingDusty,12/04/2024,5,16634,Western Bulldogs,Essendon,12362,Bailey,Dale,Western Bulldogs,0
FeelingDusty,12/04/2024,5,16634,Western Bulldogs,Essendon,12602,Aaron,Naughton,Western Bulldogs,0.001308622
FeelingDusty,12/04/2024,5,16634,Western Bulldogs,Essendon,12449,Bailey,Williams,Western Bulldogs,0
FeelingDusty,12/04/2024,5,16634,Western Bulldogs,Essendon,12128,Jason,Johannisen,Western Bulldogs,0.003216746
FeelingDusty,12/04/2024,5,16634,Western Bulldogs,Essendon,12548,Tim,English,Western Bulldogs,0.005283056
FeelingDusty,13/04/2024,5,16635,GWS,St Kilda,12023,Stephen,Coniglio,GWS,0.018288561
FeelingDusty,13/04/2024,5,16635,GWS,St Kilda,12026,Toby,Greene,GWS,0.019081607
FeelingDusty,13/04/2024,5,16635,GWS,St Kilda,13054,Aaron,Cadman,GWS,0.001341357
FeelingDusty,13/04/2024,5,16635,GWS,St Kilda,12147,Lachie,Whitfield,GWS,0.560123509
FeelingDusty,13/04/2024,5,16635,GWS,St Kilda,12782,Lachie,Ash,GWS,0.437333064
FeelingDusty,13/04/2024,5,16635,GWS,St Kilda,12992,Jacob,Wehr,GWS,0.003960475
FeelingDusty,13/04/2024,5,16635,GWS,St Kilda,12766,Tom,Green,GWS,0.015644173
FeelingDusty,13/04/2024,5,16635,GWS,St Kilda,12773,Toby,Bedford,GWS,0.001341357
FeelingDusty,13/04/2024,5,16635,GWS,St Kilda,12651,Sam,Taylor,GWS,0.001341357
FeelingDusty,13/04/2024,5,16635,GWS,St Kilda,12663,Brent,Daniels,GWS,0.001341357
FeelingDusty,13/04/2024,5,16635,GWS,St Kilda,12970,Finn,Callaghan,GWS,0.009864065
FeelingDusty,13/04/2024,5,16635,GWS,St Kilda,12934,James,Peatling,GWS,0.00202777
FeelingDusty,13/04/2024,5,16635,GWS,St Kilda,12262,Josh,Kelly,GWS,0.022646315
FeelingDusty,13/04/2024,5,16635,GWS,St Kilda,12326,Jesse,Hogan,GWS,0.004596274
FeelingDusty,13/04/2024,5,16635,GWS,St Kilda,12835,Jake,Riccardi,GWS,0.001341357
FeelingDusty,13/04/2024,5,16635,GWS,St Kilda,12470,Harry,Himmelberg,GWS,0.044718025
FeelingDusty,13/04/2024,5,16635,GWS,St Kilda,13101,Harvey,Thomas,GWS,0.000655456
FeelingDusty,13/04/2024,5,16635,GWS,St Kilda,12905,Kieren,Briggs,GWS,0.003960475
FeelingDusty,13/04/2024,5,16635,GWS,St Kilda,12822,Xavier,OHalloran,GWS,0.001341357
FeelingDusty,13/04/2024,5,16635,GWS,St Kilda,12541,Harry,Perryman,GWS,0.00202777
FeelingDusty,13/04/2024,5,16635,GWS,St Kilda,12749,Connor,Idun,GWS,0.013931014
FeelingDusty,13/04/2024,5,16635,GWS,St Kilda,12845,Jack,Buckley,GWS,0.045784567
FeelingDusty,13/04/2024,5,16635,GWS,St Kilda,12910,Callum M.,Brown,GWS,0.001341357
FeelingDusty,13/04/2024,5,16635,GWS,St Kilda,12616,Jack,Higgins,St Kilda,0.003710491
FeelingDusty,13/04/2024,5,16635,GWS,St Kilda,12968,Marcus,Windhager,St Kilda,0.003074691
FeelingDusty,13/04/2024,5,16635,GWS,St Kilda,12138,Sebastian,Ross,St Kilda,0.001857477
FeelingDusty,13/04/2024,5,16635,GWS,St Kilda,12947,Nasiah,Wanganeen-Milera,St Kilda,0.000834768
FeelingDusty,13/04/2024,5,16635,GWS,St Kilda,12066,Bradley,Hill,St Kilda,2.304268701
FeelingDusty,13/04/2024,5,16635,GWS,St Kilda,12377,Jack,Steele,St Kilda,0.759685224
FeelingDusty,13/04/2024,5,16635,GWS,St Kilda,12945,Mitch,Owens,St Kilda,0.045983215
FeelingDusty,13/04/2024,5,16635,GWS,St Kilda,12771,Max,King,St Kilda,0.000455574
FeelingDusty,13/04/2024,5,16635,GWS,St Kilda,12804,Ryan,Byrnes,St Kilda,0.003074691
FeelingDusty,13/04/2024,5,16635,GWS,St Kilda,12721,Liam,Stocker,St Kilda,0.001479065
FeelingDusty,13/04/2024,5,16635,GWS,St Kilda,12498,Dan,Butler,St Kilda,0.000455574
FeelingDusty,13/04/2024,5,16635,GWS,St Kilda,12572,Rowan,Marshall,St Kilda,1.647834401
FeelingDusty,13/04/2024,5,16635,GWS,St Kilda,12399,Zaine,Cordy,St Kilda,0.000455574
FeelingDusty,13/04/2024,5,16635,GWS,St Kilda,13109,Darcy,Wilson,St Kilda,0.000455574
FeelingDusty,13/04/2024,5,16635,GWS,St Kilda,13042,Mattaes,Phillipou,St Kilda,0
FeelingDusty,13/04/2024,5,16635,GWS,St Kilda,12565,Josh,Battle,St Kilda,0.001141987
FeelingDusty,13/04/2024,5,16635,GWS,St Kilda,12307,Tim,Membrey,St Kilda,0.003710491
FeelingDusty,13/04/2024,5,16635,GWS,St Kilda,13124,Hugo,Garcia,St Kilda,0
FeelingDusty,13/04/2024,5,16635,GWS,St Kilda,12337,Jack,Sinclair,St Kilda,0.001141987
FeelingDusty,13/04/2024,5,16635,GWS,St Kilda,12492,Riley,Bonner,St Kilda,0
FeelingDusty,13/04/2024,5,16635,GWS,St Kilda,12930,Cooper,Sharman,St Kilda,0.000455574
FeelingDusty,13/04/2024,5,16635,GWS,St Kilda,12701,Callum,Wilkie,St Kilda,0.000455574
FeelingDusty,13/04/2024,5,16635,GWS,St Kilda,13041,Anthony,Caminiti,St Kilda,0.005436747
FeelingDusty,13/04/2024,5,16636,Carlton,Adelaide,12697,Chayce,Jones,Adelaide,0.010346401
FeelingDusty,13/04/2024,5,16636,Carlton,Adelaide,12441,Ben,Keays,Adelaide,0.175529522
FeelingDusty,13/04/2024,5,16636,Carlton,Adelaide,12855,Sam,Berry,Adelaide,0.001411392
FeelingDusty,13/04/2024,5,16636,Carlton,Adelaide,12265,Matt,Crouch,Adelaide,0.106466914
FeelingDusty,13/04/2024,5,16636,Carlton,Adelaide,12957,Josh,Rachele,Adelaide,0.001411392
FeelingDusty,13/04/2024,5,16636,Carlton,Adelaide,12519,Jordan,Dawson,Adelaide,0.004167258
FeelingDusty,13/04/2024,5,16636,Carlton,Adelaide,11724,Taylor,Walker,Adelaide,1.302594237
FeelingDusty,13/04/2024,5,16636,Carlton,Adelaide,12956,Jake,Soligo,Adelaide,0.11992196
FeelingDusty,13/04/2024,5,16636,Carlton,Adelaide,12936,Brayden,Cook,Adelaide,0.001411392
FeelingDusty,13/04/2024,5,16636,Carlton,Adelaide,13038,Max,Michalanney,Adelaide,0.001411392
FeelingDusty,13/04/2024,5,16636,Carlton,Adelaide,12783,Will,Hamill,Adelaide,0.001411392
FeelingDusty,13/04/2024,5,16636,Carlton,Adelaide,12725,Mitchell,Hinge,Adelaide,0.107995581
FeelingDusty,13/04/2024,5,16636,Carlton,Adelaide,12797,Izak,Rankine,Adelaide,1.537401926
FeelingDusty,13/04/2024,5,16636,Carlton,Adelaide,12916,Josh,Worrell,Adelaide,0.002488322
FeelingDusty,13/04/2024,5,16636,Carlton,Adelaide,12780,Ned,McHenry,Adelaide,0.001411392
FeelingDusty,13/04/2024,5,16636,Carlton,Adelaide,13084,Luke,Nankervis,Adelaide,0.001411392
FeelingDusty,13/04/2024,5,16636,Carlton,Adelaide,12171,Rory,Laird,Adelaide,0.004167258
FeelingDusty,13/04/2024,5,16636,Carlton,Adelaide,12591,Darcy,Fogarty,Adelaide,0.001411392
FeelingDusty,13/04/2024,5,16636,Carlton,Adelaide,11898,Brodie,Smith,Adelaide,0.002305021
FeelingDusty,13/04/2024,5,16636,Carlton,Adelaide,12832,Jordon,Butts,Adelaide,0.001411392
FeelingDusty,13/04/2024,5,16636,Carlton,Adelaide,12483,Reilly,OBrien,Adelaide,0.012710533
FeelingDusty,13/04/2024,5,16636,Carlton,Adelaide,12942,Lachlan,Gollant,Adelaide,0.001411392
FeelingDusty,13/04/2024,5,16636,Carlton,Adelaide,12813,Mark,Keane,Adelaide,0.002488322
FeelingDusty,13/04/2024,5,16636,Carlton,Adelaide,13029,Oliver,Hollands,Carlton,0.003235226
FeelingDusty,13/04/2024,5,16636,Carlton,Adelaide,12181,Zac,Williams,Carlton,0
FeelingDusty,13/04/2024,5,16636,Carlton,Adelaide,12463,Matthew,Kennedy,Carlton,0.002019686
FeelingDusty,13/04/2024,5,16636,Carlton,Adelaide,12269,Patrick,Cripps,Carlton,0.021582616
FeelingDusty,13/04/2024,5,16636,Carlton,Adelaide,12575,Harry,McKay,Carlton,0.007268278
FeelingDusty,13/04/2024,5,16636,Carlton,Adelaide,12415,Mitch,McGovern,Carlton,0.00047936
FeelingDusty,13/04/2024,5,16636,Carlton,Adelaide,12681,Tom,De Koning,Carlton,0.003732682
FeelingDusty,13/04/2024,5,16636,Carlton,Adelaide,12282,Blake,Acres,Carlton,0.03334966
FeelingDusty,13/04/2024,5,16636,Carlton,Adelaide,12308,Orazio,Fantasia,Carlton,0.00047936
FeelingDusty,13/04/2024,5,16636,Carlton,Adelaide,12980,Jack,Carroll,Carlton,0.00047936
FeelingDusty,13/04/2024,5,16636,Carlton,Adelaide,12938,Brodie,Kemp,Carlton,0.00155629
FeelingDusty,13/04/2024,5,16636,Carlton,Adelaide,12685,Sam,Walsh,Carlton,2.316131681
FeelingDusty,13/04/2024,5,16636,Carlton,Adelaide,12937,Corey,Durdin,Carlton,0
FeelingDusty,13/04/2024,5,16636,Carlton,Adelaide,13017,Elijah,Hollands,Carlton,0.000156101
FeelingDusty,13/04/2024,5,16636,Carlton,Adelaide,12410,Jacob,Weitering,Carlton,0.00047936
FeelingDusty,13/04/2024,5,16636,Carlton,Adelaide,12517,Nic,Newman,Carlton,0.00047936
FeelingDusty,13/04/2024,5,16636,Carlton,Adelaide,12424,Marc,Pittonet,Carlton,0.001002701
FeelingDusty,13/04/2024,5,16636,Carlton,Adelaide,12417,George,Hewett,Carlton,0.026485627
FeelingDusty,13/04/2024,5,16636,Carlton,Adelaide,12428,Charlie,Curnow,Carlton,0.17646803
FeelingDusty,13/04/2024,5,16636,Carlton,Adelaide,12965,Jordan,Boyd,Carlton,0.00047936
FeelingDusty,13/04/2024,5,16636,Carlton,Adelaide,12330,Adam,Saad,Carlton,0.00047936
FeelingDusty,13/04/2024,5,16636,Carlton,Adelaide,12842,Matthew,Owies,Carlton,0.00047936
FeelingDusty,13/04/2024,5,16636,Carlton,Adelaide,12823,Matthew,Cottrell,Carlton,0.00047936
FeelingDusty,13/04/2024,5,16638,Port Adelaide,Fremantle,12149,Jaeger,OMeara,Fremantle,0.000527055
FeelingDusty,13/04/2024,5,16638,Port Adelaide,Fremantle,12786,Caleb,Serong,Fremantle,0.605174745
FeelingDusty,13/04/2024,5,16638,Port Adelaide,Fremantle,12688,Jordan,Clark,Fremantle,0.002218209
FeelingDusty,13/04/2024,5,16638,Port Adelaide,Fremantle,11844,Nat,Fyfe,Fremantle,0.006176516
FeelingDusty,13/04/2024,5,16638,Port Adelaide,Fremantle,12596,Andrew,Brayshaw,Fremantle,0.038701986
FeelingDusty,13/04/2024,5,16638,Port Adelaide,Fremantle,12779,Luke,Jackson,Fremantle,0.007496938
FeelingDusty,13/04/2024,5,16638,Port Adelaide,Fremantle,11770,Michael,Walters,Fremantle,0
FeelingDusty,13/04/2024,5,16638,Port Adelaide,Fremantle,12252,James,Aish,Fremantle,0.001286816
FeelingDusty,13/04/2024,5,16638,Port Adelaide,Fremantle,12550,Luke,Ryan,Fremantle,0.360225761
FeelingDusty,13/04/2024,5,16638,Port Adelaide,Fremantle,12821,Jeremy,Sharp,Fremantle,0.006186086
FeelingDusty,13/04/2024,5,16638,Port Adelaide,Fremantle,12406,Ethan,Hughes,Fremantle,0.000527055
FeelingDusty,13/04/2024,5,16638,Port Adelaide,Fremantle,13093,Tom,Emmett,Fremantle,0.000527055
FeelingDusty,13/04/2024,5,16638,Port Adelaide,Fremantle,12211,Matt,Taberner,Fremantle,0.003539521
FeelingDusty,13/04/2024,5,16638,Port Adelaide,Fremantle,12983,Jye,Amiss,Fremantle,0.002679645
FeelingDusty,13/04/2024,5,16638,Port Adelaide,Fremantle,12361,Alex,Pearce,Fremantle,1.135699493
FeelingDusty,13/04/2024,5,16638,Port Adelaide,Fremantle,12777,Hayden,Young,Fremantle,0.11082155
FeelingDusty,13/04/2024,5,16638,Port Adelaide,Fremantle,12967,Neil,Erasmus,Fremantle,0.000527055
FeelingDusty,13/04/2024,5,16638,Port Adelaide,Fremantle,12915,Brandon,Walker,Fremantle,0.000527055
FeelingDusty,13/04/2024,5,16638,Port Adelaide,Fremantle,12888,Josh,Treacy,Fremantle,0.956090546
FeelingDusty,13/04/2024,5,16638,Port Adelaide,Fremantle,13113,Joshua,Draper,Fremantle,0.000527055
FeelingDusty,13/04/2024,5,16638,Port Adelaide,Fremantle,12679,Sam,Switkowski,Fremantle,0.000527055
FeelingDusty,13/04/2024,5,16638,Port Adelaide,Fremantle,12595,Bailey,Banfield,Fremantle,0.003539521
FeelingDusty,13/04/2024,5,16638,Port Adelaide,Fremantle,13049,Matthew,Johnson,Fremantle,0.003557118
FeelingDusty,13/04/2024,5,16638,Port Adelaide,Fremantle,12696,Connor,Rozee,Port Adelaide,0.438228308
FeelingDusty,13/04/2024,5,16638,Port Adelaide,Fremantle,12504,Sam,Powell-Pepper,Port Adelaide,0.00155182
FeelingDusty,13/04/2024,5,16638,Port Adelaide,Fremantle,12485,Ryan,Burton,Port Adelaide,0.005067816
FeelingDusty,13/04/2024,5,16638,Port Adelaide,Fremantle,12581,Todd,Marshall,Port Adelaide,0.000758299
FeelingDusty,13/04/2024,5,16638,Port Adelaide,Fremantle,12503,Dan,Houston,Port Adelaide,0.473218791
FeelingDusty,13/04/2024,5,16638,Port Adelaide,Fremantle,12671,Kane,Farrell,Port Adelaide,0.22402652
FeelingDusty,13/04/2024,5,16638,Port Adelaide,Fremantle,13011,Jase,Burgoyne,Port Adelaide,0.013041673
FeelingDusty,13/04/2024,5,16638,Port Adelaide,Fremantle,12693,Zak,Butters,Port Adelaide,1.006769855
FeelingDusty,13/04/2024,5,16638,Port Adelaide,Fremantle,12537,Ivan,Soldo,Port Adelaide,0.05243611
FeelingDusty,13/04/2024,5,16638,Port Adelaide,Fremantle,12868,Miles,Bergman,Port Adelaide,0.065086114
FeelingDusty,13/04/2024,5,16638,Port Adelaide,Fremantle,12613,Willie,Rioli,Port Adelaide,0.000758299
FeelingDusty,13/04/2024,5,16638,Port Adelaide,Fremantle,12155,Ollie,Wines,Port Adelaide,0.339983039
FeelingDusty,13/04/2024,5,16638,Port Adelaide,Fremantle,12955,Jason,Horne-Francis,Port Adelaide,0.012274216
FeelingDusty,13/04/2024,5,16638,Port Adelaide,Fremantle,12770,Mitch,Georgiades,Port Adelaide,0.00370441
FeelingDusty,13/04/2024,5,16638,Port Adelaide,Fremantle,12442,Aliir,Aliir,Port Adelaide,0.092396181
FeelingDusty,13/04/2024,5,16638,Port Adelaide,Fremantle,11915,Charlie,Dixon,Port Adelaide,0.002657054
FeelingDusty,13/04/2024,5,16638,Port Adelaide,Fremantle,12757,Brandon,Zerk-Thatcher,Port Adelaide,0.003213398
FeelingDusty,13/04/2024,5,16638,Port Adelaide,Fremantle,12606,Esava,Ratugolea,Port Adelaide,0.001941787
FeelingDusty,13/04/2024,5,16638,Port Adelaide,Fremantle,12694,Willem,Drew,Port Adelaide,0.006192765
FeelingDusty,13/04/2024,5,16638,Port Adelaide,Fremantle,12429,Darcy,Byrne-Jones,Port Adelaide,0.00155182
FeelingDusty,13/04/2024,5,16638,Port Adelaide,Fremantle,12883,Lachie,Jones,Port Adelaide,0.004954254
FeelingDusty,13/04/2024,5,16638,Port Adelaide,Fremantle,12925,Jed,McEntee,Port Adelaide,0.00155182
FeelingDusty,13/04/2024,5,16638,Port Adelaide,Fremantle,12952,Jackson,Mead,Port Adelaide,0.00155182
FeelingDusty,13/04/2024,5,16637,Gold Coast,Hawthorn,12825,Sam,Flanders,Gold Coast,0.81704615
FeelingDusty,13/04/2024,5,16637,Gold Coast,Hawthorn,12314,Nick,Holman,Gold Coast,0
FeelingDusty,13/04/2024,5,16637,Gold Coast,Hawthorn,12489,Brayden,Fiorini,Gold Coast,0.006448593
FeelingDusty,13/04/2024,5,16637,Gold Coast,Hawthorn,12506,Ben,Ainsworth,Gold Coast,0.009502997
FeelingDusty,13/04/2024,5,16637,Gold Coast,Hawthorn,12631,Charlie,Ballard,Gold Coast,0.004735198
FeelingDusty,13/04/2024,5,16637,Gold Coast,Hawthorn,12329,Touk,Miller,Gold Coast,0.335353735
FeelingDusty,13/04/2024,5,16637,Gold Coast,Hawthorn,12703,Jack,Lukosius,Gold Coast,0.006424054
FeelingDusty,13/04/2024,5,16637,Gold Coast,Hawthorn,12767,Noah,Anderson,Gold Coast,3
FeelingDusty,13/04/2024,5,16637,Gold Coast,Hawthorn,12776,Thomas,Berry,Gold Coast,0.002563994
FeelingDusty,13/04/2024,5,16637,Gold Coast,Hawthorn,13114,Jed,Walter,Gold Coast,0.002563994
FeelingDusty,13/04/2024,5,16637,Gold Coast,Hawthorn,12769,Matt,Rowell,Gold Coast,0.432849677
FeelingDusty,13/04/2024,5,16637,Gold Coast,Hawthorn,13050,Bailey,Humphrey,Gold Coast,0.015204629
FeelingDusty,13/04/2024,5,16637,Gold Coast,Hawthorn,13121,Ethan,Read,Gold Coast,0.002563994
FeelingDusty,13/04/2024,5,16637,Gold Coast,Hawthorn,11923,David,Swallow,Gold Coast,0.009979755
FeelingDusty,13/04/2024,5,16637,Gold Coast,Hawthorn,12453,Sam,Collins,Gold Coast,0.1280562
FeelingDusty,13/04/2024,5,16637,Gold Coast,Hawthorn,13120,Will,Graham,Gold Coast,0
FeelingDusty,13/04/2024,5,16637,Gold Coast,Hawthorn,12658,Wil,Powell,Gold Coast,0.003209529
FeelingDusty,13/04/2024,5,16637,Gold Coast,Hawthorn,12184,Jarrod,Witts,Gold Coast,0.033092194
FeelingDusty,13/04/2024,5,16637,Gold Coast,Hawthorn,13019,Mac,Andrew,Gold Coast,0.090093319
FeelingDusty,13/04/2024,5,16637,Gold Coast,Hawthorn,13037,Bodhi,Uwland,Gold Coast,0.004082007
FeelingDusty,13/04/2024,5,16637,Gold Coast,Hawthorn,13119,Sam,Clohesy,Gold Coast,0.060595889
FeelingDusty,13/04/2024,5,16637,Gold Coast,Hawthorn,12728,Ben,King,Gold Coast,1.000552493
FeelingDusty,13/04/2024,5,16637,Gold Coast,Hawthorn,12903,Malcolm,Rosas,Gold Coast,0.002563994
FeelingDusty,13/04/2024,5,16637,Gold Coast,Hawthorn,12913,Jai,Newcombe,Hawthorn,0
FeelingDusty,13/04/2024,5,16637,Gold Coast,Hawthorn,12245,Jarman,Impey,Hawthorn,0
FeelingDusty,13/04/2024,5,16637,Gold Coast,Hawthorn,12626,James,Worpel,Hawthorn,0.009422705
FeelingDusty,13/04/2024,5,16637,Gold Coast,Hawthorn,12342,James,Sicily,Hawthorn,0.00402652
FeelingDusty,13/04/2024,5,16637,Gold Coast,Hawthorn,12124,Sam,Frost,Hawthorn,0
FeelingDusty,13/04/2024,5,16637,Gold Coast,Hawthorn,12365,Karl,Amon,Hawthorn,0
FeelingDusty,13/04/2024,5,16637,Gold Coast,Hawthorn,12678,Conor,Nash,Hawthorn,0.002618824
FeelingDusty,13/04/2024,5,16637,Gold Coast,Hawthorn,12710,Dylan,Moore,Hawthorn,0.003654589
FeelingDusty,13/04/2024,5,16637,Gold Coast,Hawthorn,12571,Jack,Scrimshaw,Hawthorn,0.001303084
FeelingDusty,13/04/2024,5,16637,Gold Coast,Hawthorn,12477,Blake,Hardwick,Hawthorn,0
FeelingDusty,13/04/2024,5,16637,Gold Coast,Hawthorn,12999,Massimo,DAmbrosio,Hawthorn,0.002996825
FeelingDusty,13/04/2024,5,16637,Gold Coast,Hawthorn,12854,Lloyd,Meek,Hawthorn,0.00451337
FeelingDusty,13/04/2024,5,16637,Gold Coast,Hawthorn,12491,Mabior,Chol,Hawthorn,0
FeelingDusty,13/04/2024,5,16637,Gold Coast,Hawthorn,13059,Josh,Weddle,Hawthorn,0
FeelingDusty,13/04/2024,5,16637,Gold Coast,Hawthorn,12954,Josh,Ward,Hawthorn,0.002618824
FeelingDusty,13/04/2024,5,16637,Gold Coast,Hawthorn,13039,Cam,Mackenzie,Hawthorn,0
FeelingDusty,13/04/2024,5,16637,Gold Coast,Hawthorn,12989,Sam,Butler,Hawthorn,0
FeelingDusty,13/04/2024,5,16637,Gold Coast,Hawthorn,12953,Connor,Macdonald,Hawthorn,0
FeelingDusty,13/04/2024,5,16637,Gold Coast,Hawthorn,12846,Finn,Maginness,Hawthorn,0
FeelingDusty,13/04/2024,5,16637,Gold Coast,Hawthorn,12928,Jack,Ginnivan,Hawthorn,0.001110625
FeelingDusty,13/04/2024,5,16637,Gold Coast,Hawthorn,13060,Max,Ramsden,Hawthorn,0
FeelingDusty,13/04/2024,5,16637,Gold Coast,Hawthorn,13055,Seamus,Mitchell,Hawthorn,0.000252237
FeelingDusty,13/04/2024,5,16637,Gold Coast,Hawthorn,13092,Henry,Hustwaite,Hawthorn,0
FeelingDusty,14/04/2024,5,16639,Geelong,North Melbourne,11855,Rhys,Stanley,Geelong,0.03639658
FeelingDusty,14/04/2024,5,16639,Geelong,North Melbourne,11979,Zach,Tuohy,Geelong,0.006347527
FeelingDusty,14/04/2024,5,16639,Geelong,North Melbourne,12513,Brandan,Parfitt,Geelong,0.009317027
FeelingDusty,14/04/2024,5,16639,Geelong,North Melbourne,12870,Tanner,Bruhn,Geelong,0.010921238
FeelingDusty,14/04/2024,5,16639,Geelong,North Melbourne,12022,Jeremy,Cameron,Geelong,3
FeelingDusty,14/04/2024,5,16639,Geelong,North Melbourne,12882,Max,Holmes,Geelong,0.277063335
FeelingDusty,14/04/2024,5,16639,Geelong,North Melbourne,12507,Jack,Bowes,Geelong,0.689018855
FeelingDusty,14/04/2024,5,16639,Geelong,North Melbourne,13062,Jhye,Clark,Geelong,0.002966578
FeelingDusty,14/04/2024,5,16639,Geelong,North Melbourne,13125,Connor,OSullivan,Geelong,0.002966578
FeelingDusty,14/04/2024,5,16639,Geelong,North Melbourne,12892,Sam,De Koning,Geelong,0.002966578
FeelingDusty,14/04/2024,5,16639,Geelong,North Melbourne,12561,Tyson,Stengle,Geelong,0.004524662
FeelingDusty,14/04/2024,5,16639,Geelong,North Melbourne,11804,Mitch,Duncan,Geelong,0.00185299
FeelingDusty,14/04/2024,5,16639,Geelong,North Melbourne,12976,Oliver,Dempsey,Geelong,0.002966578
FeelingDusty,14/04/2024,5,16639,Geelong,North Melbourne,12687,Tom,Atkins,Geelong,0.025125245
FeelingDusty,14/04/2024,5,16639,Geelong,North Melbourne,12690,Gryan,Miers,Geelong,0.152023999
FeelingDusty,14/04/2024,5,16639,Geelong,North Melbourne,12995,Shannon,Neale,Geelong,0.002589476
FeelingDusty,14/04/2024,5,16639,Geelong,North Melbourne,12850,Oliver,Henry,Geelong,0.002966578
FeelingDusty,14/04/2024,5,16639,Geelong,North Melbourne,12614,Jack,Henry,Geelong,0.002966578
FeelingDusty,14/04/2024,5,16639,Geelong,North Melbourne,12559,Zach,Guthrie,Geelong,0.003545022
FeelingDusty,14/04/2024,5,16639,Geelong,North Melbourne,12540,Mark,OConnor,Geelong,0.003545022
FeelingDusty,14/04/2024,5,16639,Geelong,North Melbourne,12514,Tom,Stewart,Geelong,0.123557281
FeelingDusty,14/04/2024,5,16639,Geelong,North Melbourne,12808,Brad,Close,Geelong,0.405869206
FeelingDusty,14/04/2024,5,16639,Geelong,North Melbourne,12160,Mark,Blicavs,Geelong,0.007060211
FeelingDusty,14/04/2024,5,16639,Geelong,North Melbourne,12544,Hugh,Greenwood,North Melbourne,0
FeelingDusty,14/04/2024,5,16639,Geelong,North Melbourne,13030,Harry,Sheezel,North Melbourne,1.064595299
FeelingDusty,14/04/2024,5,16639,Geelong,North Melbourne,12185,Aidan,Corr,North Melbourne,0
FeelingDusty,14/04/2024,5,16639,Geelong,North Melbourne,13065,George,Wardlaw,North Melbourne,0
FeelingDusty,14/04/2024,5,16639,Geelong,North Melbourne,13104,Zane,Duursma,North Melbourne,0
FeelingDusty,14/04/2024,5,16639,Geelong,North Melbourne,12705,Bailey,Scott,North Melbourne,0.064462848
FeelingDusty,14/04/2024,5,16639,Geelong,North Melbourne,12599,Luke,Davies-Uniacke,North Melbourne,0.001680612
FeelingDusty,14/04/2024,5,16639,Geelong,North Melbourne,13105,Colby,McKercher,North Melbourne,0
FeelingDusty,14/04/2024,5,16639,Geelong,North Melbourne,12246,Luke,McDonald,North Melbourne,0
FeelingDusty,14/04/2024,5,16639,Geelong,North Melbourne,12511,Jy,Simpkin,North Melbourne,0.004368518
FeelingDusty,14/04/2024,5,16639,Geelong,North Melbourne,12434,Darcy,Tucker,North Melbourne,0.002461167
FeelingDusty,14/04/2024,5,16639,Geelong,North Melbourne,12798,Dylan,Stephens,North Melbourne,0.003030016
FeelingDusty,14/04/2024,5,16639,Geelong,North Melbourne,12528,Zac,Fisher,North Melbourne,0
FeelingDusty,14/04/2024,5,16639,Geelong,North Melbourne,12569,Nick,Larkey,North Melbourne,0
FeelingDusty,14/04/2024,5,16639,Geelong,North Melbourne,12867,Tom,Powell,North Melbourne,0.050261641
FeelingDusty,14/04/2024,5,16639,Geelong,North Melbourne,12975,Paul,Curtis,North Melbourne,0
FeelingDusty,14/04/2024,5,16639,Geelong,North Melbourne,12990,Bigoa,Nyuon,North Melbourne,0.001004527
FeelingDusty,14/04/2024,5,16639,Geelong,North Melbourne,12939,Charlie,Comben,North Melbourne,0.001755873
FeelingDusty,14/04/2024,5,16639,Geelong,North Melbourne,12866,Charlie,Lazzaro,North Melbourne,0.006279878
FeelingDusty,14/04/2024,5,16639,Geelong,North Melbourne,13126,Tyler,Sellers,North Melbourne,0
FeelingDusty,14/04/2024,5,16639,Geelong,North Melbourne,12789,Tristan,Xerri,North Melbourne,0.016902964
FeelingDusty,14/04/2024,5,16639,Geelong,North Melbourne,12923,Eddie,Ford,North Melbourne,0.00386197
FeelingDusty,14/04/2024,5,16639,Geelong,North Melbourne,13061,Blake,Drury,North Melbourne,0.002777544
FeelingDusty,14/04/2024,5,16640,West Coast,Richmond,12180,Nick,Vlastuin,Richmond,0
FeelingDusty,14/04/2024,5,16640,West Coast,Richmond,11801,Dustin,Martin,Richmond,0
FeelingDusty,14/04/2024,5,16640,West Coast,Richmond,12668,Liam,Baker,Richmond,0.028906248
FeelingDusty,14/04/2024,5,16640,West Coast,Richmond,12935,Maurice,Rioli,Richmond,0
FeelingDusty,14/04/2024,5,16640,West Coast,Richmond,12904,Hugo,Ralphsmith,Richmond,0.001607472
FeelingDusty,14/04/2024,5,16640,West Coast,Richmond,12425,Jayden,Short,Richmond,0
FeelingDusty,14/04/2024,5,16640,West Coast,Richmond,12409,Daniel,Rioli,Richmond,0.011181003
FeelingDusty,14/04/2024,5,16640,West Coast,Richmond,12861,Jacob,Koschitzke,Richmond,0
FeelingDusty,14/04/2024,5,16640,West Coast,Richmond,12379,Toby,Nankervis,Richmond,0.003894371
FeelingDusty,14/04/2024,5,16640,West Coast,Richmond,12836,Thomson,Dow,Richmond,0.001607472
FeelingDusty,14/04/2024,5,16640,West Coast,Richmond,13122,Kane,McAuliffe,Richmond,0
FeelingDusty,14/04/2024,5,16640,West Coast,Richmond,12542,Shai,Bolton,Richmond,0.058802468
FeelingDusty,14/04/2024,5,16640,West Coast,Richmond,13097,Tom,Brown,Richmond,0
FeelingDusty,14/04/2024,5,16640,West Coast,Richmond,12884,Rhyan,Mansell,Richmond,0
FeelingDusty,14/04/2024,5,16640,West Coast,Richmond,12324,Kamdyn,McIntosh,Richmond,0.001607472
FeelingDusty,14/04/2024,5,16640,West Coast,Richmond,12584,Jack,Graham,Richmond,0.00049933
FeelingDusty,14/04/2024,5,16640,West Coast,Richmond,12464,Nathan,Broad,Richmond,0.000154827
FeelingDusty,14/04/2024,5,16640,West Coast,Richmond,13015,Tyler,Sonsie,Richmond,0
FeelingDusty,14/04/2024,5,16640,West Coast,Richmond,13115,Mykelti,Lefau,Richmond,0.065488796
FeelingDusty,14/04/2024,5,16640,West Coast,Richmond,13100,Seth,Campbell,Richmond,0
FeelingDusty,14/04/2024,5,16640,West Coast,Richmond,13044,Tylar,Young,Richmond,0
FeelingDusty,14/04/2024,5,16640,West Coast,Richmond,12940,Ben,Miller,Richmond,0.00149471
FeelingDusty,14/04/2024,5,16640,West Coast,Richmond,12761,Marlion,Pickett,Richmond,0
FeelingDusty,14/04/2024,5,16640,West Coast,Richmond,12609,Jake,Waterman,West Coast,2.215477158
FeelingDusty,14/04/2024,5,16640,West Coast,Richmond,12433,Jayden,Hunt,West Coast,0.00395824
FeelingDusty,14/04/2024,5,16640,West Coast,Richmond,12093,Elliot,Yeo,West Coast,1.780716861
FeelingDusty,14/04/2024,5,16640,West Coast,Richmond,13032,Reuben,Ginbey,West Coast,0.001573817
FeelingDusty,14/04/2024,5,16640,West Coast,Richmond,13112,Harley,Reid,West Coast,0.718695362
FeelingDusty,14/04/2024,5,16640,West Coast,Richmond,12860,Tyler,Brockman,West Coast,0.001573817
FeelingDusty,14/04/2024,5,16640,West Coast,Richmond,12605,Tim,Kelly,West Coast,1.048493735
FeelingDusty,14/04/2024,5,16640,West Coast,Richmond,13031,Noah,Long,West Coast,0.001573817
FeelingDusty,14/04/2024,5,16640,West Coast,Richmond,12340,Liam,Duggan,West Coast,0.020254971
FeelingDusty,14/04/2024,5,16640,West Coast,Richmond,11942,Jamie,Cripps,West Coast,0.001573817
FeelingDusty,14/04/2024,5,16640,West Coast,Richmond,12912,Luke,Edwards,West Coast,0.001573817
FeelingDusty,14/04/2024,5,16640,West Coast,Richmond,13033,Campbell,Chesser,West Coast,0.00395824
FeelingDusty,14/04/2024,5,16640,West Coast,Richmond,12958,Brady,Hough,West Coast,0.001573817
FeelingDusty,14/04/2024,5,16640,West Coast,Richmond,12279,Jeremy,McGovern,West Coast,0.001573817
FeelingDusty,14/04/2024,5,16640,West Coast,Richmond,12630,Jack,Petruccelle,West Coast,0.006210021
FeelingDusty,14/04/2024,5,16640,West Coast,Richmond,12554,Alex,Witherden,West Coast,0.001573817
FeelingDusty,14/04/2024,5,16640,West Coast,Richmond,11908,Jack,Darling,West Coast,0.001573817
FeelingDusty,14/04/2024,5,16640,West Coast,Richmond,12454,Tom,Cole,West Coast,0.001573817
FeelingDusty,14/04/2024,5,16640,West Coast,Richmond,12837,Bailey J.,Williams,West Coast,0.004026034
FeelingDusty,14/04/2024,5,16640,West Coast,Richmond,12960,Jack,Williams,West Coast,0.001573817
FeelingDusty,14/04/2024,5,16640,West Coast,Richmond,12709,Josh,Rotham,West Coast,0.002505595
FeelingDusty,14/04/2024,5,16640,West Coast,Richmond,12391,Tom,Barrass,West Coast,0.001573817
FeelingDusty,14/04/2024,5,16640,West Coast,Richmond,13071,Ryan,Maric,West Coast,0.001573817
FeelingDusty,18/04/2024,6,16641,St Kilda,Western Bulldogs,12616,Jack,Higgins,St Kilda,0
FeelingDusty,18/04/2024,6,16641,St Kilda,Western Bulldogs,12968,Marcus,Windhager,St Kilda,0.03234542
FeelingDusty,18/04/2024,6,16641,St Kilda,Western Bulldogs,12294,Zak,Jones,St Kilda,0
FeelingDusty,18/04/2024,6,16641,St Kilda,Western Bulldogs,12138,Sebastian,Ross,St Kilda,0.001496703
FeelingDusty,18/04/2024,6,16641,St Kilda,Western Bulldogs,12947,Nasiah,Wanganeen-Milera,St Kilda,0
FeelingDusty,18/04/2024,6,16641,St Kilda,Western Bulldogs,12066,Bradley,Hill,St Kilda,0
FeelingDusty,18/04/2024,6,16641,St Kilda,Western Bulldogs,12377,Jack,Steele,St Kilda,0.043148077
FeelingDusty,18/04/2024,6,16641,St Kilda,Western Bulldogs,12945,Mitch,Owens,St Kilda,0
FeelingDusty,18/04/2024,6,16641,St Kilda,Western Bulldogs,12804,Ryan,Byrnes,St Kilda,0.001496703
FeelingDusty,18/04/2024,6,16641,St Kilda,Western Bulldogs,12721,Liam,Stocker,St Kilda,0
FeelingDusty,18/04/2024,6,16641,St Kilda,Western Bulldogs,12498,Dan,Butler,St Kilda,0
FeelingDusty,18/04/2024,6,16641,St Kilda,Western Bulldogs,12572,Rowan,Marshall,St Kilda,0.002854857
FeelingDusty,18/04/2024,6,16641,St Kilda,Western Bulldogs,12399,Zaine,Cordy,St Kilda,0
FeelingDusty,18/04/2024,6,16641,St Kilda,Western Bulldogs,13109,Darcy,Wilson,St Kilda,0
FeelingDusty,18/04/2024,6,16641,St Kilda,Western Bulldogs,13042,Mattaes,Phillipou,St Kilda,0
FeelingDusty,18/04/2024,6,16641,St Kilda,Western Bulldogs,12565,Josh,Battle,St Kilda,0
FeelingDusty,18/04/2024,6,16641,St Kilda,Western Bulldogs,12307,Tim,Membrey,St Kilda,0
FeelingDusty,18/04/2024,6,16641,St Kilda,Western Bulldogs,13124,Hugo,Garcia,St Kilda,0
FeelingDusty,18/04/2024,6,16641,St Kilda,Western Bulldogs,12337,Jack,Sinclair,St Kilda,0.000412445
FeelingDusty,18/04/2024,6,16641,St Kilda,Western Bulldogs,12492,Riley,Bonner,St Kilda,0
FeelingDusty,18/04/2024,6,16641,St Kilda,Western Bulldogs,12930,Cooper,Sharman,St Kilda,0
FeelingDusty,18/04/2024,6,16641,St Kilda,Western Bulldogs,12701,Callum,Wilkie,St Kilda,0.000634742
FeelingDusty,18/04/2024,6,16641,St Kilda,Western Bulldogs,13041,Anthony,Caminiti,St Kilda,0.000634742
FeelingDusty,18/04/2024,6,16641,St Kilda,Western Bulldogs,12058,Adam,Treloar,Western Bulldogs,0.774524673
FeelingDusty,18/04/2024,6,16641,St Kilda,Western Bulldogs,12801,Cody,Weightman,Western Bulldogs,0.007076927
FeelingDusty,18/04/2024,6,16641,St Kilda,Western Bulldogs,12277,Marcus,Bontempelli,Western Bulldogs,0.585787152
FeelingDusty,18/04/2024,6,16641,St Kilda,Western Bulldogs,12289,Rory,Lobb,Western Bulldogs,0.001465367
FeelingDusty,18/04/2024,6,16641,St Kilda,Western Bulldogs,13111,Ryley,Sanders,Western Bulldogs,0.001465367
FeelingDusty,18/04/2024,6,16641,St Kilda,Western Bulldogs,13023,Sam,Darcy,Western Bulldogs,0.001815228
FeelingDusty,18/04/2024,6,16641,St Kilda,Western Bulldogs,12172,Jack,Macrae,Western Bulldogs,0.179799055
FeelingDusty,18/04/2024,6,16641,St Kilda,Western Bulldogs,13110,Harvey,Gallagher,Western Bulldogs,0.003685482
FeelingDusty,18/04/2024,6,16641,St Kilda,Western Bulldogs,12748,Rhylee,West,Western Bulldogs,0.001465367
FeelingDusty,18/04/2024,6,16641,St Kilda,Western Bulldogs,12169,Taylor,Duryea,Western Bulldogs,0.000915301
FeelingDusty,18/04/2024,6,16641,St Kilda,Western Bulldogs,13063,James,ODonnell,Western Bulldogs,0.001751094
FeelingDusty,18/04/2024,6,16641,St Kilda,Western Bulldogs,11874,Liam,Jones,Western Bulldogs,0.034620251
FeelingDusty,18/04/2024,6,16641,St Kilda,Western Bulldogs,12612,Ed,Richards,Western Bulldogs,0.001465367
FeelingDusty,18/04/2024,6,16641,St Kilda,Western Bulldogs,12385,James,Harmes,Western Bulldogs,0.001465367
FeelingDusty,18/04/2024,6,16641,St Kilda,Western Bulldogs,12781,Laitham,Vandermeer,Western Bulldogs,0.001465367
FeelingDusty,18/04/2024,6,16641,St Kilda,Western Bulldogs,12901,Buku,Khamis,Western Bulldogs,0.002706247
FeelingDusty,18/04/2024,6,16641,St Kilda,Western Bulldogs,12917,Lachlan,Bramble,Western Bulldogs,0.001465367
FeelingDusty,18/04/2024,6,16641,St Kilda,Western Bulldogs,12362,Bailey,Dale,Western Bulldogs,2.002038405
FeelingDusty,18/04/2024,6,16641,St Kilda,Western Bulldogs,12602,Aaron,Naughton,Western Bulldogs,1.992159772
FeelingDusty,18/04/2024,6,16641,St Kilda,Western Bulldogs,12449,Bailey,Williams,Western Bulldogs,0.003685482
FeelingDusty,18/04/2024,6,16641,St Kilda,Western Bulldogs,12908,Riley,Garcia,Western Bulldogs,0.002126532
FeelingDusty,18/04/2024,6,16641,St Kilda,Western Bulldogs,12128,Jason,Johannisen,Western Bulldogs,0.191419765
FeelingDusty,18/04/2024,6,16641,St Kilda,Western Bulldogs,12548,Tim,English,Western Bulldogs,0.122607377
FeelingDusty,19/04/2024,6,16642,Adelaide,Essendon,12697,Chayce,Jones,Adelaide,0.007013298
FeelingDusty,19/04/2024,6,16642,Adelaide,Essendon,12441,Ben,Keays,Adelaide,0.010201226
FeelingDusty,19/04/2024,6,16642,Adelaide,Essendon,12855,Sam,Berry,Adelaide,0.000446198
FeelingDusty,19/04/2024,6,16642,Adelaide,Essendon,12957,Josh,Rachele,Adelaide,0.003418763
FeelingDusty,19/04/2024,6,16642,Adelaide,Essendon,12519,Jordan,Dawson,Adelaide,2.002243541
FeelingDusty,19/04/2024,6,16642,Adelaide,Essendon,11724,Taylor,Walker,Adelaide,0
FeelingDusty,19/04/2024,6,16642,Adelaide,Essendon,12956,Jake,Soligo,Adelaide,0.596275251
FeelingDusty,19/04/2024,6,16642,Adelaide,Essendon,12936,Brayden,Cook,Adelaide,0.000446198
FeelingDusty,19/04/2024,6,16642,Adelaide,Essendon,13038,Max,Michalanney,Adelaide,0.000446198
FeelingDusty,19/04/2024,6,16642,Adelaide,Essendon,12783,Will,Hamill,Adelaide,0.000446198
FeelingDusty,19/04/2024,6,16642,Adelaide,Essendon,12725,Mitchell,Hinge,Adelaide,0.048775218
FeelingDusty,19/04/2024,6,16642,Adelaide,Essendon,12797,Izak,Rankine,Adelaide,0.001749661
FeelingDusty,19/04/2024,6,16642,Adelaide,Essendon,12916,Josh,Worrell,Adelaide,0.015901365
FeelingDusty,19/04/2024,6,16642,Adelaide,Essendon,12780,Ned,McHenry,Adelaide,0.000446198
FeelingDusty,19/04/2024,6,16642,Adelaide,Essendon,13084,Luke,Nankervis,Adelaide,0.000446198
FeelingDusty,19/04/2024,6,16642,Adelaide,Essendon,12171,Rory,Laird,Adelaide,0
FeelingDusty,19/04/2024,6,16642,Adelaide,Essendon,12591,Darcy,Fogarty,Adelaide,0.000446198
FeelingDusty,19/04/2024,6,16642,Adelaide,Essendon,11898,Brodie,Smith,Adelaide,0.004094104
FeelingDusty,19/04/2024,6,16642,Adelaide,Essendon,13088,James,Borlase,Adelaide,0.000446198
FeelingDusty,19/04/2024,6,16642,Adelaide,Essendon,12818,Lachlan,Sholl,Adelaide,0.000446198
FeelingDusty,19/04/2024,6,16642,Adelaide,Essendon,12483,Reilly,OBrien,Adelaide,0.003656037
FeelingDusty,19/04/2024,6,16642,Adelaide,Essendon,12942,Lachlan,Gollant,Adelaide,0.000446198
FeelingDusty,19/04/2024,6,16642,Adelaide,Essendon,12813,Mark,Keane,Adelaide,0.000446198
FeelingDusty,19/04/2024,6,16642,Adelaide,Essendon,12505,Andrew,McGrath,Essendon,0.001313752
FeelingDusty,19/04/2024,6,16642,Adelaide,Essendon,12809,Sam,Draper,Essendon,0.001726098
FeelingDusty,19/04/2024,6,16642,Adelaide,Essendon,12414,Darcy,Parish,Essendon,0.057673877
FeelingDusty,19/04/2024,6,16642,Adelaide,Essendon,12358,Kyle,Langford,Essendon,0
FeelingDusty,19/04/2024,6,16642,Adelaide,Essendon,13087,Elijah,Tsatas,Essendon,0.001313752
FeelingDusty,19/04/2024,6,16642,Adelaide,Essendon,12752,Jye,Caldwell,Essendon,0.319461515
FeelingDusty,19/04/2024,6,16642,Adelaide,Essendon,12249,Zach,Merrett,Essendon,1.971554977
FeelingDusty,19/04/2024,6,16642,Adelaide,Essendon,12972,Ben,Hobbs,Essendon,0.003082453
FeelingDusty,19/04/2024,6,16642,Adelaide,Essendon,12422,Jade,Gresham,Essendon,0.36963371
FeelingDusty,19/04/2024,6,16642,Adelaide,Essendon,12858,Nik,Cox,Essendon,0.001313752
FeelingDusty,19/04/2024,6,16642,Adelaide,Essendon,12384,Jayden,Laverde,Essendon,0.002316179
FeelingDusty,19/04/2024,6,16642,Adelaide,Essendon,11692,Todd,Goldstein,Essendon,0.003243396
FeelingDusty,19/04/2024,6,16642,Adelaide,Essendon,12734,Nick,Hind,Essendon,0.001313752
FeelingDusty,19/04/2024,6,16642,Adelaide,Essendon,11903,Dyson,Heppell,Essendon,0.001313752
FeelingDusty,19/04/2024,6,16642,Adelaide,Essendon,12926,Sam,Durham,Essendon,0.018907273
FeelingDusty,19/04/2024,6,16642,Adelaide,Essendon,12857,Harrison,Jones,Essendon,0.027709083
FeelingDusty,19/04/2024,6,16642,Adelaide,Essendon,12173,Jake,Stringer,Essendon,0.000641966
FeelingDusty,19/04/2024,6,16642,Adelaide,Essendon,12445,Mason,Redman,Essendon,0.004345504
FeelingDusty,19/04/2024,6,16642,Adelaide,Essendon,12695,Xavier,Duursma,Essendon,0.001313752
FeelingDusty,19/04/2024,6,16642,Adelaide,Essendon,12345,Jake,Kelly,Essendon,0.004881393
FeelingDusty,19/04/2024,6,16642,Adelaide,Essendon,12588,Ben,McKay,Essendon,0.033297449
FeelingDusty,19/04/2024,6,16642,Adelaide,Essendon,13040,Alwyn,Davey Jnr,Essendon,0.001313752
FeelingDusty,19/04/2024,6,16642,Adelaide,Essendon,12950,Nic,Martin,Essendon,0.474092225
FeelingDusty,20/04/2024,6,16643,Collingwood,Port Adelaide,12586,Patrick,Lipinski,Collingwood,0.920373442
FeelingDusty,20/04/2024,6,16643,Collingwood,Port Adelaide,12333,Jordan,De Goey,Collingwood,2.159852144
FeelingDusty,20/04/2024,6,16643,Collingwood,Port Adelaide,12740,Isaac,Quaynor,Collingwood,0.001878128
FeelingDusty,20/04/2024,6,16643,Collingwood,Port Adelaide,12380,Brayden,Maynard,Collingwood,0.017413265
FeelingDusty,20/04/2024,6,16643,Collingwood,Port Adelaide,12091,Jamie,Elliott,Collingwood,0.004707077
FeelingDusty,20/04/2024,6,16643,Collingwood,Port Adelaide,12201,Tom,Mitchell,Collingwood,0.0702478
FeelingDusty,20/04/2024,6,16643,Collingwood,Port Adelaide,12582,Josh,Daicos,Collingwood,0.004745086
FeelingDusty,20/04/2024,6,16643,Collingwood,Port Adelaide,12704,Lachie,Schultz,Collingwood,0.000275181
FeelingDusty,20/04/2024,6,16643,Collingwood,Port Adelaide,12743,John,Noble,Collingwood,0.001878128
FeelingDusty,20/04/2024,6,16643,Collingwood,Port Adelaide,11506,Scott,Pendlebury,Collingwood,0.01439427
FeelingDusty,20/04/2024,6,16643,Collingwood,Port Adelaide,12666,Darcy,Cameron,Collingwood,0.140134575
FeelingDusty,20/04/2024,6,16643,Collingwood,Port Adelaide,12682,Billy,Frampton,Collingwood,0.001878128
FeelingDusty,20/04/2024,6,16643,Collingwood,Port Adelaide,11759,Steele,Sidebottom,Collingwood,0.004018594
FeelingDusty,20/04/2024,6,16643,Collingwood,Port Adelaide,12744,Bobby,Hill,Collingwood,0.001878128
FeelingDusty,20/04/2024,6,16643,Collingwood,Port Adelaide,12067,Jack,Crisp,Collingwood,0.004723602
FeelingDusty,20/04/2024,6,16643,Collingwood,Port Adelaide,12966,Reef,McInnes,Collingwood,0.001878128
FeelingDusty,20/04/2024,6,16643,Collingwood,Port Adelaide,12381,Darcy,Moore,Collingwood,0.003468538
FeelingDusty,20/04/2024,6,16643,Collingwood,Port Adelaide,12877,Beau,McCreery,Collingwood,0.001878128
FeelingDusty,20/04/2024,6,16643,Collingwood,Port Adelaide,12029,Will,Hoskin-Elliott,Collingwood,0.442346381
FeelingDusty,20/04/2024,6,16643,Collingwood,Port Adelaide,12948,Nick,Daicos,Collingwood,1.515966237
FeelingDusty,20/04/2024,6,16643,Collingwood,Port Adelaide,11973,Jeremy,Howe,Collingwood,0.001173121
FeelingDusty,20/04/2024,6,16643,Collingwood,Port Adelaide,12648,Brody,Mihocek,Collingwood,0.007310181
FeelingDusty,20/04/2024,6,16643,Collingwood,Port Adelaide,12435,Mason,Cox,Collingwood,0.037262159
FeelingDusty,20/04/2024,6,16643,Collingwood,Port Adelaide,12696,Connor,Rozee,Port Adelaide,0.000402892
FeelingDusty,20/04/2024,6,16643,Collingwood,Port Adelaide,12504,Sam,Powell-Pepper,Port Adelaide,0
FeelingDusty,20/04/2024,6,16643,Collingwood,Port Adelaide,12485,Ryan,Burton,Port Adelaide,0
FeelingDusty,20/04/2024,6,16643,Collingwood,Port Adelaide,12581,Todd,Marshall,Port Adelaide,0.000813534
FeelingDusty,20/04/2024,6,16643,Collingwood,Port Adelaide,12503,Dan,Houston,Port Adelaide,0.144073425
FeelingDusty,20/04/2024,6,16643,Collingwood,Port Adelaide,12671,Kane,Farrell,Port Adelaide,0.0024358
FeelingDusty,20/04/2024,6,16643,Collingwood,Port Adelaide,13011,Jase,Burgoyne,Port Adelaide,0.000571678
FeelingDusty,20/04/2024,6,16643,Collingwood,Port Adelaide,12693,Zak,Butters,Port Adelaide,0.471736237
FeelingDusty,20/04/2024,6,16643,Collingwood,Port Adelaide,12537,Ivan,Soldo,Port Adelaide,0
FeelingDusty,20/04/2024,6,16643,Collingwood,Port Adelaide,12868,Miles,Bergman,Port Adelaide,0
FeelingDusty,20/04/2024,6,16643,Collingwood,Port Adelaide,12613,Willie,Rioli,Port Adelaide,0
FeelingDusty,20/04/2024,6,16643,Collingwood,Port Adelaide,12155,Ollie,Wines,Port Adelaide,0
FeelingDusty,20/04/2024,6,16643,Collingwood,Port Adelaide,12955,Jason,Horne-Francis,Port Adelaide,0.016828615
FeelingDusty,20/04/2024,6,16643,Collingwood,Port Adelaide,12770,Mitch,Georgiades,Port Adelaide,0.000854233
FeelingDusty,20/04/2024,6,16643,Collingwood,Port Adelaide,12442,Aliir,Aliir,Port Adelaide,0
FeelingDusty,20/04/2024,6,16643,Collingwood,Port Adelaide,12890,Jordon,Sweet,Port Adelaide,0.000315344
FeelingDusty,20/04/2024,6,16643,Collingwood,Port Adelaide,12757,Brandon,Zerk-Thatcher,Port Adelaide,0.000184764
FeelingDusty,20/04/2024,6,16643,Collingwood,Port Adelaide,12606,Esava,Ratugolea,Port Adelaide,0.000184764
FeelingDusty,20/04/2024,6,16643,Collingwood,Port Adelaide,12694,Willem,Drew,Port Adelaide,0.001918291
FeelingDusty,20/04/2024,6,16643,Collingwood,Port Adelaide,12429,Darcy,Byrne-Jones,Port Adelaide,0
FeelingDusty,20/04/2024,6,16643,Collingwood,Port Adelaide,12883,Lachie,Jones,Port Adelaide,0
FeelingDusty,20/04/2024,6,16643,Collingwood,Port Adelaide,12925,Jed,McEntee,Port Adelaide,0
FeelingDusty,20/04/2024,6,16643,Collingwood,Port Adelaide,12952,Jackson,Mead,Port Adelaide,0
FeelingDusty,20/04/2024,6,16644,Carlton,GWS,13028,Lachlan,Cowan,Carlton,0.001638121
FeelingDusty,20/04/2024,6,16644,Carlton,GWS,13029,Oliver,Hollands,Carlton,0.004119968
FeelingDusty,20/04/2024,6,16644,Carlton,GWS,12181,Zac,Williams,Carlton,0.001638121
FeelingDusty,20/04/2024,6,16644,Carlton,GWS,12463,Matthew,Kennedy,Carlton,0.109400212
FeelingDusty,20/04/2024,6,16644,Carlton,GWS,12269,Patrick,Cripps,Carlton,2.69229433
FeelingDusty,20/04/2024,6,16644,Carlton,GWS,12575,Harry,McKay,Carlton,0.006944908
FeelingDusty,20/04/2024,6,16644,Carlton,GWS,12681,Tom,De Koning,Carlton,0.459397061
FeelingDusty,20/04/2024,6,16644,Carlton,GWS,12282,Blake,Acres,Carlton,0.006592819
FeelingDusty,20/04/2024,6,16644,Carlton,GWS,12308,Orazio,Fantasia,Carlton,0.001638121
FeelingDusty,20/04/2024,6,16644,Carlton,GWS,12980,Jack,Carroll,Carlton,0.001638121
FeelingDusty,20/04/2024,6,16644,Carlton,GWS,12938,Brodie,Kemp,Carlton,0.001614047
FeelingDusty,20/04/2024,6,16644,Carlton,GWS,12685,Sam,Walsh,Carlton,1.564055012
FeelingDusty,20/04/2024,6,16644,Carlton,GWS,12937,Corey,Durdin,Carlton,0.003401252
FeelingDusty,20/04/2024,6,16644,Carlton,GWS,13017,Elijah,Hollands,Carlton,0.003401252
FeelingDusty,20/04/2024,6,16644,Carlton,GWS,12410,Jacob,Weitering,Carlton,0.001638121
FeelingDusty,20/04/2024,6,16644,Carlton,GWS,12517,Nic,Newman,Carlton,0.024514379
FeelingDusty,20/04/2024,6,16644,Carlton,GWS,12424,Marc,Pittonet,Carlton,0.089421335
FeelingDusty,20/04/2024,6,16644,Carlton,GWS,12417,George,Hewett,Carlton,0.05432738
FeelingDusty,20/04/2024,6,16644,Carlton,GWS,12428,Charlie,Curnow,Carlton,0.00656227
FeelingDusty,20/04/2024,6,16644,Carlton,GWS,12567,Lewis,Young,Carlton,0.001638121
FeelingDusty,20/04/2024,6,16644,Carlton,GWS,12965,Jordan,Boyd,Carlton,0.001638121
FeelingDusty,20/04/2024,6,16644,Carlton,GWS,12842,Matthew,Owies,Carlton,0.001638121
FeelingDusty,20/04/2024,6,16644,Carlton,GWS,12823,Matthew,Cottrell,Carlton,0.001638121
FeelingDusty,20/04/2024,6,16644,Carlton,GWS,12026,Toby,Greene,GWS,0
FeelingDusty,20/04/2024,6,16644,Carlton,GWS,13054,Aaron,Cadman,GWS,0
FeelingDusty,20/04/2024,6,16644,Carlton,GWS,12147,Lachie,Whitfield,GWS,0
FeelingDusty,20/04/2024,6,16644,Carlton,GWS,12782,Lachie,Ash,GWS,0.001287404
FeelingDusty,20/04/2024,6,16644,Carlton,GWS,11683,Callan,Ward,GWS,0
FeelingDusty,20/04/2024,6,16644,Carlton,GWS,12992,Jacob,Wehr,GWS,0.001673151
FeelingDusty,20/04/2024,6,16644,Carlton,GWS,12766,Tom,Green,GWS,0.011229432
FeelingDusty,20/04/2024,6,16644,Carlton,GWS,12773,Toby,Bedford,GWS,0
FeelingDusty,20/04/2024,6,16644,Carlton,GWS,12663,Brent,Daniels,GWS,0
FeelingDusty,20/04/2024,6,16644,Carlton,GWS,12970,Finn,Callaghan,GWS,0.001673151
FeelingDusty,20/04/2024,6,16644,Carlton,GWS,12934,James,Peatling,GWS,0
FeelingDusty,20/04/2024,6,16644,Carlton,GWS,13018,Leek,Aleer,GWS,0
FeelingDusty,20/04/2024,6,16644,Carlton,GWS,12262,Josh,Kelly,GWS,0.890524302
FeelingDusty,20/04/2024,6,16644,Carlton,GWS,12326,Jesse,Hogan,GWS,0.018968625
FeelingDusty,20/04/2024,6,16644,Carlton,GWS,12835,Jake,Riccardi,GWS,0.009149652
FeelingDusty,20/04/2024,6,16644,Carlton,GWS,12470,Harry,Himmelberg,GWS,0.0039329
FeelingDusty,20/04/2024,6,16644,Carlton,GWS,13101,Harvey,Thomas,GWS,0
FeelingDusty,20/04/2024,6,16644,Carlton,GWS,12905,Kieren,Briggs,GWS,0.018829635
FeelingDusty,20/04/2024,6,16644,Carlton,GWS,12822,Xavier,OHalloran,GWS,0
FeelingDusty,20/04/2024,6,16644,Carlton,GWS,12541,Harry,Perryman,GWS,0.000161153
FeelingDusty,20/04/2024,6,16644,Carlton,GWS,12749,Connor,Idun,GWS,0
FeelingDusty,20/04/2024,6,16644,Carlton,GWS,12845,Jack,Buckley,GWS,0.001781283
FeelingDusty,20/04/2024,6,16644,Carlton,GWS,12910,Callum M.,Brown,GWS,0
FeelingDusty,20/04/2024,6,16646,West Coast,Fremantle,12764,Sam,Sturt,Fremantle,0
FeelingDusty,20/04/2024,6,16646,West Coast,Fremantle,12149,Jaeger,OMeara,Fremantle,0
FeelingDusty,20/04/2024,6,16646,West Coast,Fremantle,12786,Caleb,Serong,Fremantle,0.140787554
FeelingDusty,20/04/2024,6,16646,West Coast,Fremantle,12555,Sean,Darcy,Fremantle,0.024310789
FeelingDusty,20/04/2024,6,16646,West Coast,Fremantle,12688,Jordan,Clark,Fremantle,0.034795369
FeelingDusty,20/04/2024,6,16646,West Coast,Fremantle,11844,Nat,Fyfe,Fremantle,0.033680074
FeelingDusty,20/04/2024,6,16646,West Coast,Fremantle,12596,Andrew,Brayshaw,Fremantle,0.113068449
FeelingDusty,20/04/2024,6,16646,West Coast,Fremantle,12779,Luke,Jackson,Fremantle,0.001798095
FeelingDusty,20/04/2024,6,16646,West Coast,Fremantle,11770,Michael,Walters,Fremantle,0
FeelingDusty,20/04/2024,6,16646,West Coast,Fremantle,12252,James,Aish,Fremantle,0
FeelingDusty,20/04/2024,6,16646,West Coast,Fremantle,12550,Luke,Ryan,Fremantle,0
FeelingDusty,20/04/2024,6,16646,West Coast,Fremantle,12821,Jeremy,Sharp,Fremantle,0.002158516
FeelingDusty,20/04/2024,6,16646,West Coast,Fremantle,12406,Ethan,Hughes,Fremantle,0
FeelingDusty,20/04/2024,6,16646,West Coast,Fremantle,13093,Tom,Emmett,Fremantle,0
FeelingDusty,20/04/2024,6,16646,West Coast,Fremantle,12983,Jye,Amiss,Fremantle,0
FeelingDusty,20/04/2024,6,16646,West Coast,Fremantle,12361,Alex,Pearce,Fremantle,0.000252795
FeelingDusty,20/04/2024,6,16646,West Coast,Fremantle,12777,Hayden,Young,Fremantle,0.013638248
FeelingDusty,20/04/2024,6,16646,West Coast,Fremantle,12967,Neil,Erasmus,Fremantle,0
FeelingDusty,20/04/2024,6,16646,West Coast,Fremantle,12915,Brandon,Walker,Fremantle,0
FeelingDusty,20/04/2024,6,16646,West Coast,Fremantle,12888,Josh,Treacy,Fremantle,0
FeelingDusty,20/04/2024,6,16646,West Coast,Fremantle,13113,Joshua,Draper,Fremantle,0
FeelingDusty,20/04/2024,6,16646,West Coast,Fremantle,12595,Bailey,Banfield,Fremantle,0.002509256
FeelingDusty,20/04/2024,6,16646,West Coast,Fremantle,13049,Matthew,Johnson,Fremantle,0
FeelingDusty,20/04/2024,6,16646,West Coast,Fremantle,12609,Jake,Waterman,West Coast,2.024567867
FeelingDusty,20/04/2024,6,16646,West Coast,Fremantle,12260,Dom,Sheed,West Coast,0.001760449
FeelingDusty,20/04/2024,6,16646,West Coast,Fremantle,12433,Jayden,Hunt,West Coast,0.001760449
FeelingDusty,20/04/2024,6,16646,West Coast,Fremantle,12093,Elliot,Yeo,West Coast,1.721347401
FeelingDusty,20/04/2024,6,16646,West Coast,Fremantle,13032,Reuben,Ginbey,West Coast,0.002554753
FeelingDusty,20/04/2024,6,16646,West Coast,Fremantle,13112,Harley,Reid,West Coast,1.056357631
FeelingDusty,20/04/2024,6,16646,West Coast,Fremantle,12860,Tyler,Brockman,West Coast,0.00106196
FeelingDusty,20/04/2024,6,16646,West Coast,Fremantle,12605,Tim,Kelly,West Coast,0.436631832
FeelingDusty,20/04/2024,6,16646,West Coast,Fremantle,13031,Noah,Long,West Coast,0.001760449
FeelingDusty,20/04/2024,6,16646,West Coast,Fremantle,12340,Liam,Duggan,West Coast,0.036266996
FeelingDusty,20/04/2024,6,16646,West Coast,Fremantle,11942,Jamie,Cripps,West Coast,0.004558399
FeelingDusty,20/04/2024,6,16646,West Coast,Fremantle,13033,Campbell,Chesser,West Coast,0.004427631
FeelingDusty,20/04/2024,6,16646,West Coast,Fremantle,12958,Brady,Hough,West Coast,0.001760449
FeelingDusty,20/04/2024,6,16646,West Coast,Fremantle,12279,Jeremy,McGovern,West Coast,0.011086573
FeelingDusty,20/04/2024,6,16646,West Coast,Fremantle,12630,Jack,Petruccelle,West Coast,0.001760449
FeelingDusty,20/04/2024,6,16646,West Coast,Fremantle,12554,Alex,Witherden,West Coast,0.001760449
FeelingDusty,20/04/2024,6,16646,West Coast,Fremantle,11908,Jack,Darling,West Coast,0.004390183
FeelingDusty,20/04/2024,6,16646,West Coast,Fremantle,12454,Tom,Cole,West Coast,0.001760449
FeelingDusty,20/04/2024,6,16646,West Coast,Fremantle,12837,Bailey J.,Williams,West Coast,0.152220716
FeelingDusty,20/04/2024,6,16646,West Coast,Fremantle,12960,Jack,Williams,West Coast,0.001760449
FeelingDusty,20/04/2024,6,16646,West Coast,Fremantle,12709,Josh,Rotham,West Coast,0.002103714
FeelingDusty,20/04/2024,6,16646,West Coast,Fremantle,12391,Tom,Barrass,West Coast,0.159581159
FeelingDusty,20/04/2024,6,16646,West Coast,Fremantle,13071,Ryan,Maric,West Coast,0.001760449
FeelingDusty,20/04/2024,6,16645,Brisbane,Geelong,12969,Kai,Lohmann,Brisbane,0
FeelingDusty,20/04/2024,6,16645,Brisbane,Geelong,12205,Joe,Daniher,Brisbane,0
FeelingDusty,20/04/2024,6,16645,Brisbane,Geelong,12412,Callum,Ah Chee,Brisbane,0.002850701
FeelingDusty,20/04/2024,6,16645,Brisbane,Geelong,12421,Josh,Dunkley,Brisbane,0.06170563
FeelingDusty,20/04/2024,6,16645,Brisbane,Geelong,12526,Hugh,McCluggage,Brisbane,0.053959311
FeelingDusty,20/04/2024,6,16645,Brisbane,Geelong,12525,Jarrod,Berry,Brisbane,0.361114384
FeelingDusty,20/04/2024,6,16645,Brisbane,Geelong,12061,Lachie,Neale,Brisbane,0.317968739
FeelingDusty,20/04/2024,6,16645,Brisbane,Geelong,12094,Lincoln,McCarthy,Brisbane,0
FeelingDusty,20/04/2024,6,16645,Brisbane,Geelong,12082,Dayne,Zorko,Brisbane,1.327275477
FeelingDusty,20/04/2024,6,16645,Brisbane,Geelong,12594,Cam,Rayner,Brisbane,0
FeelingDusty,20/04/2024,6,16645,Brisbane,Geelong,12073,Jarryd,Lyons,Brisbane,0
FeelingDusty,20/04/2024,6,16645,Brisbane,Geelong,12284,Charlie,Cameron,Brisbane,0
FeelingDusty,20/04/2024,6,16645,Brisbane,Geelong,12274,Darcy,Gardiner,Brisbane,0
FeelingDusty,20/04/2024,6,16645,Brisbane,Geelong,13072,Jaspa,Fletcher,Brisbane,0.00315554
FeelingDusty,20/04/2024,6,16645,Brisbane,Geelong,13003,James,Tunstill,Brisbane,0
FeelingDusty,20/04/2024,6,16645,Brisbane,Geelong,12462,Eric,Hipwood,Brisbane,0
FeelingDusty,20/04/2024,6,16645,Brisbane,Geelong,12347,Harris,Andrews,Brisbane,0.000218853
FeelingDusty,20/04/2024,6,16645,Brisbane,Geelong,11901,Ryan,Lester,Brisbane,0
FeelingDusty,20/04/2024,6,16645,Brisbane,Geelong,12673,Brandon,Starcevich,Brisbane,0
FeelingDusty,20/04/2024,6,16645,Brisbane,Geelong,12815,Jack,Payne,Brisbane,0.000696841
FeelingDusty,20/04/2024,6,16645,Brisbane,Geelong,12719,Noah,Answerth,Brisbane,0.0986505
FeelingDusty,20/04/2024,6,16645,Brisbane,Geelong,13027,Darcy,Wilmot,Brisbane,0.033125245
FeelingDusty,20/04/2024,6,16645,Brisbane,Geelong,12625,Oscar,McInerney,Brisbane,0.003589316
FeelingDusty,20/04/2024,6,16645,Brisbane,Geelong,12513,Brandan,Parfitt,Geelong,0.136515969
FeelingDusty,20/04/2024,6,16645,Brisbane,Geelong,12870,Tanner,Bruhn,Geelong,0.024751674
FeelingDusty,20/04/2024,6,16645,Brisbane,Geelong,12022,Jeremy,Cameron,Geelong,0.006458857
FeelingDusty,20/04/2024,6,16645,Brisbane,Geelong,13095,Toby,Conway,Geelong,0.006478431
FeelingDusty,20/04/2024,6,16645,Brisbane,Geelong,12378,Jake,Kolodjashnij,Geelong,0.002224644
FeelingDusty,20/04/2024,6,16645,Brisbane,Geelong,12882,Max,Holmes,Geelong,0.294631596
FeelingDusty,20/04/2024,6,16645,Brisbane,Geelong,12507,Jack,Bowes,Geelong,0.095203615
FeelingDusty,20/04/2024,6,16645,Brisbane,Geelong,13062,Jhye,Clark,Geelong,0.002224644
FeelingDusty,20/04/2024,6,16645,Brisbane,Geelong,12892,Sam,De Koning,Geelong,0.002224644
FeelingDusty,20/04/2024,6,16645,Brisbane,Geelong,12561,Tyson,Stengle,Geelong,2.149332979
FeelingDusty,20/04/2024,6,16645,Brisbane,Geelong,11804,Mitch,Duncan,Geelong,0.166269544
FeelingDusty,20/04/2024,6,16645,Brisbane,Geelong,11554,Tom,Hawkins,Geelong,0.024621666
FeelingDusty,20/04/2024,6,16645,Brisbane,Geelong,12976,Oliver,Dempsey,Geelong,0.0027495
FeelingDusty,20/04/2024,6,16645,Brisbane,Geelong,12687,Tom,Atkins,Geelong,0.014378315
FeelingDusty,20/04/2024,6,16645,Brisbane,Geelong,12690,Gryan,Miers,Geelong,0.03069538
FeelingDusty,20/04/2024,6,16645,Brisbane,Geelong,11706,Patrick,Dangerfield,Geelong,0.169412724
FeelingDusty,20/04/2024,6,16645,Brisbane,Geelong,12850,Oliver,Henry,Geelong,0.006413298
FeelingDusty,20/04/2024,6,16645,Brisbane,Geelong,12614,Jack,Henry,Geelong,0.003541744
FeelingDusty,20/04/2024,6,16645,Brisbane,Geelong,12559,Zach,Guthrie,Geelong,0.564078508
FeelingDusty,20/04/2024,6,16645,Brisbane,Geelong,12540,Mark,OConnor,Geelong,0.021972947
FeelingDusty,20/04/2024,6,16645,Brisbane,Geelong,12514,Tom,Stewart,Geelong,0.003107967
FeelingDusty,20/04/2024,6,16645,Brisbane,Geelong,12808,Brad,Close,Geelong,0.002757468
FeelingDusty,20/04/2024,6,16645,Brisbane,Geelong,12160,Mark,Blicavs,Geelong,0.005643349
FeelingDusty,21/04/2024,6,16647,Sydney,Gold Coast,12825,Sam,Flanders,Gold Coast,0.08810058
FeelingDusty,21/04/2024,6,16647,Sydney,Gold Coast,12314,Nick,Holman,Gold Coast,0
FeelingDusty,21/04/2024,6,16647,Sydney,Gold Coast,12489,Brayden,Fiorini,Gold Coast,0
FeelingDusty,21/04/2024,6,16647,Sydney,Gold Coast,12506,Ben,Ainsworth,Gold Coast,0
FeelingDusty,21/04/2024,6,16647,Sydney,Gold Coast,12631,Charlie,Ballard,Gold Coast,0
FeelingDusty,21/04/2024,6,16647,Sydney,Gold Coast,12329,Touk,Miller,Gold Coast,0.008069486
FeelingDusty,21/04/2024,6,16647,Sydney,Gold Coast,12703,Jack,Lukosius,Gold Coast,0.002778621
FeelingDusty,21/04/2024,6,16647,Sydney,Gold Coast,12767,Noah,Anderson,Gold Coast,0.001839622
FeelingDusty,21/04/2024,6,16647,Sydney,Gold Coast,12776,Thomas,Berry,Gold Coast,0.001065911
FeelingDusty,21/04/2024,6,16647,Sydney,Gold Coast,13114,Jed,Walter,Gold Coast,0
FeelingDusty,21/04/2024,6,16647,Sydney,Gold Coast,12769,Matt,Rowell,Gold Coast,0
FeelingDusty,21/04/2024,6,16647,Sydney,Gold Coast,13050,Bailey,Humphrey,Gold Coast,0
FeelingDusty,21/04/2024,6,16647,Sydney,Gold Coast,13121,Ethan,Read,Gold Coast,0
FeelingDusty,21/04/2024,6,16647,Sydney,Gold Coast,11923,David,Swallow,Gold Coast,0
FeelingDusty,21/04/2024,6,16647,Sydney,Gold Coast,12453,Sam,Collins,Gold Coast,0.000177187
FeelingDusty,21/04/2024,6,16647,Sydney,Gold Coast,13120,Will,Graham,Gold Coast,0
FeelingDusty,21/04/2024,6,16647,Sydney,Gold Coast,12658,Wil,Powell,Gold Coast,0
FeelingDusty,21/04/2024,6,16647,Sydney,Gold Coast,12184,Jarrod,Witts,Gold Coast,0.073256574
FeelingDusty,21/04/2024,6,16647,Sydney,Gold Coast,13127,Jake,Rogers,Gold Coast,0
FeelingDusty,21/04/2024,6,16647,Sydney,Gold Coast,13019,Mac,Andrew,Gold Coast,0.008318782
FeelingDusty,21/04/2024,6,16647,Sydney,Gold Coast,13037,Bodhi,Uwland,Gold Coast,0
FeelingDusty,21/04/2024,6,16647,Sydney,Gold Coast,13119,Sam,Clohesy,Gold Coast,0.001839622
FeelingDusty,21/04/2024,6,16647,Sydney,Gold Coast,12728,Ben,King,Gold Coast,0
FeelingDusty,21/04/2024,6,16647,Sydney,Gold Coast,12799,Chad,Warner,Sydney,0.010701266
FeelingDusty,21/04/2024,6,16647,Sydney,Gold Coast,12745,Hayden,McLean,Sydney,0.002152299
FeelingDusty,21/04/2024,6,16647,Sydney,Gold Coast,12070,Taylor,Adams,Sydney,0.005326688
FeelingDusty,21/04/2024,6,16647,Sydney,Gold Coast,12223,Brodie,Grundy,Sydney,2.840527622
FeelingDusty,21/04/2024,6,16647,Sydney,Gold Coast,12331,Isaac,Heeney,Sydney,0.936224425
FeelingDusty,21/04/2024,6,16647,Sydney,Gold Coast,12863,Logan,McDonald,Sydney,0.001801107
FeelingDusty,21/04/2024,6,16647,Sydney,Gold Coast,12038,Harry,Cunningham,Sydney,0.001801107
FeelingDusty,21/04/2024,6,16647,Sydney,Gold Coast,12715,James,Rowbottom,Sydney,0.018061994
FeelingDusty,21/04/2024,6,16647,Sydney,Gold Coast,12516,Will,Hayward,Sydney,0.001801107
FeelingDusty,21/04/2024,6,16647,Sydney,Gold Coast,12419,Tom,Papley,Sydney,0.009104434
FeelingDusty,21/04/2024,6,16647,Sydney,Gold Coast,12501,Oliver,Florent,Sydney,0.073713972
FeelingDusty,21/04/2024,6,16647,Sydney,Gold Coast,12820,Sam,Wicks,Sydney,0.001801107
FeelingDusty,21/04/2024,6,16647,Sydney,Gold Coast,12865,Braeden,Campbell,Sydney,0.001801107
FeelingDusty,21/04/2024,6,16647,Sydney,Gold Coast,12853,James,Jordon,Sydney,0.004529887
FeelingDusty,21/04/2024,6,16647,Sydney,Gold Coast,12864,Errol,Gulden,Sydney,0.68053856
FeelingDusty,21/04/2024,6,16647,Sydney,Gold Coast,12699,Nick,Blakey,Sydney,0.951682143
FeelingDusty,21/04/2024,6,16647,Sydney,Gold Coast,12711,Justin,McInerney,Sydney,0.095080934
FeelingDusty,21/04/2024,6,16647,Sydney,Gold Coast,12634,Tom,McCartin,Sydney,0.002152299
FeelingDusty,21/04/2024,6,16647,Sydney,Gold Coast,12993,Matt,Roberts,Sydney,0.009688506
FeelingDusty,21/04/2024,6,16647,Sydney,Gold Coast,12847,Joel,Amartey,Sydney,0.160308541
FeelingDusty,21/04/2024,6,16647,Sydney,Gold Coast,12515,Robbie,Fox,Sydney,0.001801107
FeelingDusty,21/04/2024,6,16647,Sydney,Gold Coast,12533,Lewis,Melican,Sydney,0.002152299
FeelingDusty,21/04/2024,6,16647,Sydney,Gold Coast,12275,Jake,Lloyd,Sydney,0.001801107
FeelingDusty,21/04/2024,6,16648,North Melbourne,Hawthorn,12585,Harry,Morrison,Hawthorn,0.401493965
FeelingDusty,21/04/2024,6,16648,North Melbourne,Hawthorn,12913,Jai,Newcombe,Hawthorn,1.778244832
FeelingDusty,21/04/2024,6,16648,North Melbourne,Hawthorn,12245,Jarman,Impey,Hawthorn,0.143245977
FeelingDusty,21/04/2024,6,16648,North Melbourne,Hawthorn,12626,James,Worpel,Hawthorn,0.004161528
FeelingDusty,21/04/2024,6,16648,North Melbourne,Hawthorn,12342,James,Sicily,Hawthorn,0.007157536
FeelingDusty,21/04/2024,6,16648,North Melbourne,Hawthorn,12124,Sam,Frost,Hawthorn,0.002634278
FeelingDusty,21/04/2024,6,16648,North Melbourne,Hawthorn,12365,Karl,Amon,Hawthorn,0.004152441
FeelingDusty,21/04/2024,6,16648,North Melbourne,Hawthorn,12678,Conor,Nash,Hawthorn,1.823556537
FeelingDusty,21/04/2024,6,16648,North Melbourne,Hawthorn,12710,Dylan,Moore,Hawthorn,1.278624154
FeelingDusty,21/04/2024,6,16648,North Melbourne,Hawthorn,12571,Jack,Scrimshaw,Hawthorn,0.019170595
FeelingDusty,21/04/2024,6,16648,North Melbourne,Hawthorn,12477,Blake,Hardwick,Hawthorn,0
FeelingDusty,21/04/2024,6,16648,North Melbourne,Hawthorn,12999,Massimo,DAmbrosio,Hawthorn,0.001654645
FeelingDusty,21/04/2024,6,16648,North Melbourne,Hawthorn,12854,Lloyd,Meek,Hawthorn,0.010788134
FeelingDusty,21/04/2024,6,16648,North Melbourne,Hawthorn,12491,Mabior,Chol,Hawthorn,0.015110929
FeelingDusty,21/04/2024,6,16648,North Melbourne,Hawthorn,11854,Jack,Gunston,Hawthorn,0.003631742
FeelingDusty,21/04/2024,6,16648,North Melbourne,Hawthorn,13059,Josh,Weddle,Hawthorn,0.005141161
FeelingDusty,21/04/2024,6,16648,North Melbourne,Hawthorn,13039,Cam,Mackenzie,Hawthorn,0.001654645
FeelingDusty,21/04/2024,6,16648,North Melbourne,Hawthorn,13022,Jai,Serong,Hawthorn,0.001654645
FeelingDusty,21/04/2024,6,16648,North Melbourne,Hawthorn,12953,Connor,Macdonald,Hawthorn,0.032678746
FeelingDusty,21/04/2024,6,16648,North Melbourne,Hawthorn,12846,Finn,Maginness,Hawthorn,0.004161528
FeelingDusty,21/04/2024,6,16648,North Melbourne,Hawthorn,12928,Jack,Ginnivan,Hawthorn,0.01402894
FeelingDusty,21/04/2024,6,16648,North Melbourne,Hawthorn,13055,Seamus,Mitchell,Hawthorn,0.004161528
FeelingDusty,21/04/2024,6,16648,North Melbourne,Hawthorn,13092,Henry,Hustwaite,Hawthorn,0.001654645
FeelingDusty,21/04/2024,6,16648,North Melbourne,Hawthorn,13030,Harry,Sheezel,North Melbourne,0.033145763
FeelingDusty,21/04/2024,6,16648,North Melbourne,Hawthorn,12185,Aidan,Corr,North Melbourne,0
FeelingDusty,21/04/2024,6,16648,North Melbourne,Hawthorn,13104,Zane,Duursma,North Melbourne,0
FeelingDusty,21/04/2024,6,16648,North Melbourne,Hawthorn,12705,Bailey,Scott,North Melbourne,0
FeelingDusty,21/04/2024,6,16648,North Melbourne,Hawthorn,12599,Luke,Davies-Uniacke,North Melbourne,0
FeelingDusty,21/04/2024,6,16648,North Melbourne,Hawthorn,13105,Colby,McKercher,North Melbourne,0
FeelingDusty,21/04/2024,6,16648,North Melbourne,Hawthorn,12246,Luke,McDonald,North Melbourne,0.000162779
FeelingDusty,21/04/2024,6,16648,North Melbourne,Hawthorn,12511,Jy,Simpkin,North Melbourne,0.002954759
FeelingDusty,21/04/2024,6,16648,North Melbourne,Hawthorn,12434,Darcy,Tucker,North Melbourne,0.001690029
FeelingDusty,21/04/2024,6,16648,North Melbourne,Hawthorn,12798,Dylan,Stephens,North Melbourne,0.001690029
FeelingDusty,21/04/2024,6,16648,North Melbourne,Hawthorn,12528,Zac,Fisher,North Melbourne,0
FeelingDusty,21/04/2024,6,16648,North Melbourne,Hawthorn,12569,Nick,Larkey,North Melbourne,0.037354545
FeelingDusty,21/04/2024,6,16648,North Melbourne,Hawthorn,12867,Tom,Powell,North Melbourne,0
FeelingDusty,21/04/2024,6,16648,North Melbourne,Hawthorn,12975,Paul,Curtis,North Melbourne,0
FeelingDusty,21/04/2024,6,16648,North Melbourne,Hawthorn,12990,Bigoa,Nyuon,North Melbourne,0
FeelingDusty,21/04/2024,6,16648,North Melbourne,Hawthorn,12878,Will,Phillips,North Melbourne,0
FeelingDusty,21/04/2024,6,16648,North Melbourne,Hawthorn,12939,Charlie,Comben,North Melbourne,0.000584308
FeelingDusty,21/04/2024,6,16648,North Melbourne,Hawthorn,12866,Charlie,Lazzaro,North Melbourne,0
FeelingDusty,21/04/2024,6,16648,North Melbourne,Hawthorn,13126,Tyler,Sellers,North Melbourne,0
FeelingDusty,21/04/2024,6,16648,North Melbourne,Hawthorn,12789,Tristan,Xerri,North Melbourne,0.363654656
FeelingDusty,21/04/2024,6,16648,North Melbourne,Hawthorn,12923,Eddie,Ford,North Melbourne,0
FeelingDusty,21/04/2024,6,16648,North Melbourne,Hawthorn,13061,Blake,Drury,North Melbourne,0
FeelingDusty,21/04/2024,6,16648,North Melbourne,Hawthorn,12566,Cameron,Zurhaar,North Melbourne,0
FeelingDusty,24/04/2024,7,16649,Richmond,Melbourne,11945,Steven,May,Melbourne,0.187430777
FeelingDusty,24/04/2024,7,16649,Richmond,Melbourne,13048,Jacob,van Rooyen,Melbourne,0.001716579
FeelingDusty,24/04/2024,7,16649,Richmond,Melbourne,13036,Judd,McVee,Melbourne,0.001716579
FeelingDusty,24/04/2024,7,16649,Richmond,Melbourne,12437,Christian,Petracca,Melbourne,0.202639207
FeelingDusty,24/04/2024,7,16649,Richmond,Melbourne,13099,Caleb,Windsor,Melbourne,0.004317294
FeelingDusty,24/04/2024,7,16649,Richmond,Melbourne,12152,Jack,Viney,Melbourne,0.004317294
FeelingDusty,24/04/2024,7,16649,Richmond,Melbourne,12359,Jake,Lever,Melbourne,1.248702498
FeelingDusty,24/04/2024,7,16649,Richmond,Melbourne,11972,Max,Gawn,Melbourne,2.862944428
FeelingDusty,24/04/2024,7,16649,Richmond,Melbourne,12411,Clayton,Oliver,Melbourne,0.194947819
FeelingDusty,24/04/2024,7,16649,Richmond,Melbourne,12255,Jack,Billings,Melbourne,0.001716579
FeelingDusty,24/04/2024,7,16649,Richmond,Melbourne,12401,Ed,Langdon,Melbourne,0.241823003
FeelingDusty,24/04/2024,7,16649,Richmond,Melbourne,13035,Bailey,Laurie,Melbourne,0.003564155
FeelingDusty,24/04/2024,7,16649,Richmond,Melbourne,13098,Blake,Howes,Melbourne,0.001716579
FeelingDusty,24/04/2024,7,16649,Richmond,Melbourne,12778,Trent,Rivers,Melbourne,0.301346703
FeelingDusty,24/04/2024,7,16649,Richmond,Melbourne,12015,Tom,McDonald,Melbourne,0.003170186
FeelingDusty,24/04/2024,7,16649,Richmond,Melbourne,12375,Alex,Neal-Bullen,Melbourne,0.001716579
FeelingDusty,24/04/2024,7,16649,Richmond,Melbourne,12603,Bayley,Fritsch,Melbourne,0.00827939
FeelingDusty,24/04/2024,7,16649,Richmond,Melbourne,12692,Tom,Sparrow,Melbourne,0.001716579
FeelingDusty,24/04/2024,7,16649,Richmond,Melbourne,12660,Harrison,Petty,Melbourne,0.004302191
FeelingDusty,24/04/2024,7,16649,Richmond,Melbourne,12774,Kysaiah,Pickett,Melbourne,0.120662656
FeelingDusty,24/04/2024,7,16649,Richmond,Melbourne,12756,Kade,Chandler,Melbourne,0.001716579
FeelingDusty,24/04/2024,7,16649,Richmond,Melbourne,13078,Taj,Woewodin,Melbourne,0.001716579
FeelingDusty,24/04/2024,7,16649,Richmond,Melbourne,12998,Daniel,Turner,Melbourne,0.481480755
FeelingDusty,24/04/2024,7,16649,Richmond,Melbourne,12180,Nick,Vlastuin,Richmond,0
FeelingDusty,24/04/2024,7,16649,Richmond,Melbourne,11887,Dylan,Grimes,Richmond,0
FeelingDusty,24/04/2024,7,16649,Richmond,Melbourne,11801,Dustin,Martin,Richmond,0
FeelingDusty,24/04/2024,7,16649,Richmond,Melbourne,12668,Liam,Baker,Richmond,0.025142004
FeelingDusty,24/04/2024,7,16649,Richmond,Melbourne,12935,Maurice,Rioli,Richmond,0.002016448
FeelingDusty,24/04/2024,7,16649,Richmond,Melbourne,12904,Hugo,Ralphsmith,Richmond,0.002378774
FeelingDusty,24/04/2024,7,16649,Richmond,Melbourne,12409,Daniel,Rioli,Richmond,0.022874362
FeelingDusty,24/04/2024,7,16649,Richmond,Melbourne,12447,Jacob,Hopper,Richmond,0.023021979
FeelingDusty,24/04/2024,7,16649,Richmond,Melbourne,12319,Sam,Naismith,Richmond,0
FeelingDusty,24/04/2024,7,16649,Richmond,Melbourne,12379,Toby,Nankervis,Richmond,0.017643955
FeelingDusty,24/04/2024,7,16649,Richmond,Melbourne,12836,Thomson,Dow,Richmond,0.020233239
FeelingDusty,24/04/2024,7,16649,Richmond,Melbourne,12542,Shai,Bolton,Richmond,0.000499918
FeelingDusty,24/04/2024,7,16649,Richmond,Melbourne,13097,Tom,Brown,Richmond,0.000168871
FeelingDusty,24/04/2024,7,16649,Richmond,Melbourne,12884,Rhyan,Mansell,Richmond,0
FeelingDusty,24/04/2024,7,16649,Richmond,Melbourne,12324,Kamdyn,McIntosh,Richmond,0
FeelingDusty,24/04/2024,7,16649,Richmond,Melbourne,12584,Jack,Graham,Richmond,0
FeelingDusty,24/04/2024,7,16649,Richmond,Melbourne,12464,Nathan,Broad,Richmond,0
FeelingDusty,24/04/2024,7,16649,Richmond,Melbourne,13076,Sam,Banks,Richmond,0.001753287
FeelingDusty,24/04/2024,7,16649,Richmond,Melbourne,13115,Mykelti,Lefau,Richmond,0
FeelingDusty,24/04/2024,7,16649,Richmond,Melbourne,13100,Seth,Campbell,Richmond,0
FeelingDusty,24/04/2024,7,16649,Richmond,Melbourne,13044,Tylar,Young,Richmond,0.000606179
FeelingDusty,24/04/2024,7,16649,Richmond,Melbourne,12940,Ben,Miller,Richmond,0
FeelingDusty,24/04/2024,7,16649,Richmond,Melbourne,12761,Marlion,Pickett,Richmond,0
FeelingDusty,25/04/2024,7,16650,Essendon,Collingwood,12586,Patrick,Lipinski,Collingwood,0
FeelingDusty,25/04/2024,7,16650,Essendon,Collingwood,12333,Jordan,De Goey,Collingwood,0.01436766
FeelingDusty,25/04/2024,7,16650,Essendon,Collingwood,12740,Isaac,Quaynor,Collingwood,0.001353356
FeelingDusty,25/04/2024,7,16650,Essendon,Collingwood,12380,Brayden,Maynard,Collingwood,0.002824127
FeelingDusty,25/04/2024,7,16650,Essendon,Collingwood,12091,Jamie,Elliott,Collingwood,0.001353356
FeelingDusty,25/04/2024,7,16650,Essendon,Collingwood,12201,Tom,Mitchell,Collingwood,0.001353356
FeelingDusty,25/04/2024,7,16650,Essendon,Collingwood,12582,Josh,Daicos,Collingwood,0.003995901
FeelingDusty,25/04/2024,7,16650,Essendon,Collingwood,12704,Lachie,Schultz,Collingwood,0.001353356
FeelingDusty,25/04/2024,7,16650,Essendon,Collingwood,12743,John,Noble,Collingwood,0.001353356
FeelingDusty,25/04/2024,7,16650,Essendon,Collingwood,11506,Scott,Pendlebury,Collingwood,0.069222182
FeelingDusty,25/04/2024,7,16650,Essendon,Collingwood,12666,Darcy,Cameron,Collingwood,0.006061469
FeelingDusty,25/04/2024,7,16650,Essendon,Collingwood,12682,Billy,Frampton,Collingwood,0.001353356
FeelingDusty,25/04/2024,7,16650,Essendon,Collingwood,11759,Steele,Sidebottom,Collingwood,0.003341172
FeelingDusty,25/04/2024,7,16650,Essendon,Collingwood,12744,Bobby,Hill,Collingwood,0.001353356
FeelingDusty,25/04/2024,7,16650,Essendon,Collingwood,12067,Jack,Crisp,Collingwood,0.002767799
FeelingDusty,25/04/2024,7,16650,Essendon,Collingwood,12381,Darcy,Moore,Collingwood,0.086104641
FeelingDusty,25/04/2024,7,16650,Essendon,Collingwood,12877,Beau,McCreery,Collingwood,0.001353356
FeelingDusty,25/04/2024,7,16650,Essendon,Collingwood,12029,Will,Hoskin-Elliott,Collingwood,0.001353356
FeelingDusty,25/04/2024,7,16650,Essendon,Collingwood,12948,Nick,Daicos,Collingwood,0.238674322
FeelingDusty,25/04/2024,7,16650,Essendon,Collingwood,13070,Harvey,Harrison,Collingwood,0.001353356
FeelingDusty,25/04/2024,7,16650,Essendon,Collingwood,11973,Jeremy,Howe,Collingwood,0
FeelingDusty,25/04/2024,7,16650,Essendon,Collingwood,12648,Brody,Mihocek,Collingwood,0.64351552
FeelingDusty,25/04/2024,7,16650,Essendon,Collingwood,12435,Mason,Cox,Collingwood,0.00103872
FeelingDusty,25/04/2024,7,16650,Essendon,Collingwood,12505,Andrew,McGrath,Essendon,1.266809961
FeelingDusty,25/04/2024,7,16650,Essendon,Collingwood,12809,Sam,Draper,Essendon,0.00169345
FeelingDusty,25/04/2024,7,16650,Essendon,Collingwood,12414,Darcy,Parish,Essendon,0.078388651
FeelingDusty,25/04/2024,7,16650,Essendon,Collingwood,12358,Kyle,Langford,Essendon,0.494395448
FeelingDusty,25/04/2024,7,16650,Essendon,Collingwood,12752,Jye,Caldwell,Essendon,0.00829657
FeelingDusty,25/04/2024,7,16650,Essendon,Collingwood,12249,Zach,Merrett,Essendon,2.654146975
FeelingDusty,25/04/2024,7,16650,Essendon,Collingwood,12972,Ben,Hobbs,Essendon,0.001353356
FeelingDusty,25/04/2024,7,16650,Essendon,Collingwood,12422,Jade,Gresham,Essendon,0.004700492
FeelingDusty,25/04/2024,7,16650,Essendon,Collingwood,12858,Nik,Cox,Essendon,0.003986322
FeelingDusty,25/04/2024,7,16650,Essendon,Collingwood,12384,Jayden,Laverde,Essendon,0.00169345
FeelingDusty,25/04/2024,7,16650,Essendon,Collingwood,11692,Todd,Goldstein,Essendon,0.000698627
FeelingDusty,25/04/2024,7,16650,Essendon,Collingwood,12734,Nick,Hind,Essendon,0.001353356
FeelingDusty,25/04/2024,7,16650,Essendon,Collingwood,12371,Peter,Wright,Essendon,0.001353356
FeelingDusty,25/04/2024,7,16650,Essendon,Collingwood,11903,Dyson,Heppell,Essendon,0.094176806
FeelingDusty,25/04/2024,7,16650,Essendon,Collingwood,12926,Sam,Durham,Essendon,0.006173941
FeelingDusty,25/04/2024,7,16650,Essendon,Collingwood,12857,Harrison,Jones,Essendon,0.004700492
FeelingDusty,25/04/2024,7,16650,Essendon,Collingwood,12173,Jake,Stringer,Essendon,0.041612541
FeelingDusty,25/04/2024,7,16650,Essendon,Collingwood,12445,Mason,Redman,Essendon,0.001353356
FeelingDusty,25/04/2024,7,16650,Essendon,Collingwood,12695,Xavier,Duursma,Essendon,0.001353356
FeelingDusty,25/04/2024,7,16650,Essendon,Collingwood,12345,Jake,Kelly,Essendon,0.004335995
FeelingDusty,25/04/2024,7,16650,Essendon,Collingwood,12588,Ben,McKay,Essendon,0.001353356
FeelingDusty,25/04/2024,7,16650,Essendon,Collingwood,13040,Alwyn,Davey Jnr,Essendon,0.00307883
FeelingDusty,25/04/2024,7,16650,Essendon,Collingwood,12950,Nic,Martin,Essendon,0.237544242
FeelingDusty,25/04/2024,7,16651,GWS,Brisbane,12969,Kai,Lohmann,Brisbane,0
FeelingDusty,25/04/2024,7,16651,GWS,Brisbane,12205,Joe,Daniher,Brisbane,0
FeelingDusty,25/04/2024,7,16651,GWS,Brisbane,12412,Callum,Ah Chee,Brisbane,0
FeelingDusty,25/04/2024,7,16651,GWS,Brisbane,12421,Josh,Dunkley,Brisbane,0.018661708
FeelingDusty,25/04/2024,7,16651,GWS,Brisbane,12526,Hugh,McCluggage,Brisbane,0.004632015
FeelingDusty,25/04/2024,7,16651,GWS,Brisbane,12525,Jarrod,Berry,Brisbane,0.002274991
FeelingDusty,25/04/2024,7,16651,GWS,Brisbane,12061,Lachie,Neale,Brisbane,0.003292284
FeelingDusty,25/04/2024,7,16651,GWS,Brisbane,12094,Lincoln,McCarthy,Brisbane,0
FeelingDusty,25/04/2024,7,16651,GWS,Brisbane,12082,Dayne,Zorko,Brisbane,0
FeelingDusty,25/04/2024,7,16651,GWS,Brisbane,12594,Cam,Rayner,Brisbane,0.000757336
FeelingDusty,25/04/2024,7,16651,GWS,Brisbane,12284,Charlie,Cameron,Brisbane,0.001089717
FeelingDusty,25/04/2024,7,16651,GWS,Brisbane,12400,Conor,McKenna,Brisbane,0.000314106
FeelingDusty,25/04/2024,7,16651,GWS,Brisbane,12274,Darcy,Gardiner,Brisbane,0
FeelingDusty,25/04/2024,7,16651,GWS,Brisbane,13072,Jaspa,Fletcher,Brisbane,0.001910305
FeelingDusty,25/04/2024,7,16651,GWS,Brisbane,13003,James,Tunstill,Brisbane,0
FeelingDusty,25/04/2024,7,16651,GWS,Brisbane,12462,Eric,Hipwood,Brisbane,0
FeelingDusty,25/04/2024,7,16651,GWS,Brisbane,12347,Harris,Andrews,Brisbane,0.002528148
FeelingDusty,25/04/2024,7,16651,GWS,Brisbane,12726,Darcy,Fort,Brisbane,0.002273949
FeelingDusty,25/04/2024,7,16651,GWS,Brisbane,11901,Ryan,Lester,Brisbane,0
FeelingDusty,25/04/2024,7,16651,GWS,Brisbane,12673,Brandon,Starcevich,Brisbane,0
FeelingDusty,25/04/2024,7,16651,GWS,Brisbane,12815,Jack,Payne,Brisbane,0.000183995
FeelingDusty,25/04/2024,7,16651,GWS,Brisbane,12719,Noah,Answerth,Brisbane,0
FeelingDusty,25/04/2024,7,16651,GWS,Brisbane,13027,Darcy,Wilmot,Brisbane,0
FeelingDusty,25/04/2024,7,16651,GWS,Brisbane,13128,Darcy,Jones,GWS,0.004331306
FeelingDusty,25/04/2024,7,16651,GWS,Brisbane,13054,Aaron,Cadman,GWS,0.001128232
FeelingDusty,25/04/2024,7,16651,GWS,Brisbane,12147,Lachie,Whitfield,GWS,0.090553424
FeelingDusty,25/04/2024,7,16651,GWS,Brisbane,12782,Lachie,Ash,GWS,0.001870309
FeelingDusty,25/04/2024,7,16651,GWS,Brisbane,11683,Callan,Ward,GWS,0.010079379
FeelingDusty,25/04/2024,7,16651,GWS,Brisbane,12992,Jacob,Wehr,GWS,0.004703936
FeelingDusty,25/04/2024,7,16651,GWS,Brisbane,12766,Tom,Green,GWS,3
FeelingDusty,25/04/2024,7,16651,GWS,Brisbane,12773,Toby,Bedford,GWS,0.001870309
FeelingDusty,25/04/2024,7,16651,GWS,Brisbane,12663,Brent,Daniels,GWS,0.001870309
FeelingDusty,25/04/2024,7,16651,GWS,Brisbane,12970,Finn,Callaghan,GWS,1.696240628
FeelingDusty,25/04/2024,7,16651,GWS,Brisbane,12934,James,Peatling,GWS,0.005763201
FeelingDusty,25/04/2024,7,16651,GWS,Brisbane,13018,Leek,Aleer,GWS,0.001870309
FeelingDusty,25/04/2024,7,16651,GWS,Brisbane,12262,Josh,Kelly,GWS,0.380577611
FeelingDusty,25/04/2024,7,16651,GWS,Brisbane,12326,Jesse,Hogan,GWS,0.001870309
FeelingDusty,25/04/2024,7,16651,GWS,Brisbane,12835,Jake,Riccardi,GWS,0.007492412
FeelingDusty,25/04/2024,7,16651,GWS,Brisbane,12470,Harry,Himmelberg,GWS,0.287792459
FeelingDusty,25/04/2024,7,16651,GWS,Brisbane,13101,Harvey,Thomas,GWS,0.000810256
FeelingDusty,25/04/2024,7,16651,GWS,Brisbane,12905,Kieren,Briggs,GWS,0.039019843
FeelingDusty,25/04/2024,7,16651,GWS,Brisbane,12822,Xavier,OHalloran,GWS,0.003530702
FeelingDusty,25/04/2024,7,16651,GWS,Brisbane,12541,Harry,Perryman,GWS,0.318984434
FeelingDusty,25/04/2024,7,16651,GWS,Brisbane,12749,Connor,Idun,GWS,0.001870309
FeelingDusty,25/04/2024,7,16651,GWS,Brisbane,12845,Jack,Buckley,GWS,0.091911398
FeelingDusty,25/04/2024,7,16651,GWS,Brisbane,12910,Callum M.,Brown,GWS,0.007940369
FeelingDusty,26/04/2024,7,16652,Port Adelaide,St Kilda,12696,Connor,Rozee,Port Adelaide,0.019876261
FeelingDusty,26/04/2024,7,16652,Port Adelaide,St Kilda,12504,Sam,Powell-Pepper,Port Adelaide,0.000956963
FeelingDusty,26/04/2024,7,16652,Port Adelaide,St Kilda,12581,Todd,Marshall,Port Adelaide,0.001586392
FeelingDusty,26/04/2024,7,16652,Port Adelaide,St Kilda,12503,Dan,Houston,Port Adelaide,0.339221558
FeelingDusty,26/04/2024,7,16652,Port Adelaide,St Kilda,12671,Kane,Farrell,Port Adelaide,0
FeelingDusty,26/04/2024,7,16652,Port Adelaide,St Kilda,13011,Jase,Burgoyne,Port Adelaide,2.093700445
FeelingDusty,26/04/2024,7,16652,Port Adelaide,St Kilda,12693,Zak,Butters,Port Adelaide,0.767214237
FeelingDusty,26/04/2024,7,16652,Port Adelaide,St Kilda,11591,Travis,Boak,Port Adelaide,0.037513788
FeelingDusty,26/04/2024,7,16652,Port Adelaide,St Kilda,12868,Miles,Bergman,Port Adelaide,0.011199499
FeelingDusty,26/04/2024,7,16652,Port Adelaide,St Kilda,12613,Willie,Rioli,Port Adelaide,0
FeelingDusty,26/04/2024,7,16652,Port Adelaide,St Kilda,12155,Ollie,Wines,Port Adelaide,0.716737344
FeelingDusty,26/04/2024,7,16652,Port Adelaide,St Kilda,12955,Jason,Horne-Francis,Port Adelaide,0.042919299
FeelingDusty,26/04/2024,7,16652,Port Adelaide,St Kilda,12770,Mitch,Georgiades,Port Adelaide,0
FeelingDusty,26/04/2024,7,16652,Port Adelaide,St Kilda,12442,Aliir,Aliir,Port Adelaide,0.001586392
FeelingDusty,26/04/2024,7,16652,Port Adelaide,St Kilda,11915,Charlie,Dixon,Port Adelaide,0.750310664
FeelingDusty,26/04/2024,7,16652,Port Adelaide,St Kilda,12920,Dylan,Williams,Port Adelaide,0.001895718
FeelingDusty,26/04/2024,7,16652,Port Adelaide,St Kilda,12890,Jordon,Sweet,Port Adelaide,0.067624619
FeelingDusty,26/04/2024,7,16652,Port Adelaide,St Kilda,12757,Brandon,Zerk-Thatcher,Port Adelaide,0.004696925
FeelingDusty,26/04/2024,7,16652,Port Adelaide,St Kilda,12606,Esava,Ratugolea,Port Adelaide,0.002302163
FeelingDusty,26/04/2024,7,16652,Port Adelaide,St Kilda,12694,Willem,Drew,Port Adelaide,0.496500601
FeelingDusty,26/04/2024,7,16652,Port Adelaide,St Kilda,12429,Darcy,Byrne-Jones,Port Adelaide,0.000956963
FeelingDusty,26/04/2024,7,16652,Port Adelaide,St Kilda,12883,Lachie,Jones,Port Adelaide,0.002525615
FeelingDusty,26/04/2024,7,16652,Port Adelaide,St Kilda,12952,Jackson,Mead,Port Adelaide,0.001586392
FeelingDusty,26/04/2024,7,16652,Port Adelaide,St Kilda,12616,Jack,Higgins,St Kilda,0.000124663
FeelingDusty,26/04/2024,7,16652,Port Adelaide,St Kilda,12968,Marcus,Windhager,St Kilda,0.032707759
FeelingDusty,26/04/2024,7,16652,Port Adelaide,St Kilda,12138,Sebastian,Ross,St Kilda,0.002528139
FeelingDusty,26/04/2024,7,16652,Port Adelaide,St Kilda,12947,Nasiah,Wanganeen-Milera,St Kilda,0.06465278
FeelingDusty,26/04/2024,7,16652,Port Adelaide,St Kilda,12066,Bradley,Hill,St Kilda,0.003168986
FeelingDusty,26/04/2024,7,16652,Port Adelaide,St Kilda,12377,Jack,Steele,St Kilda,0.01557473
FeelingDusty,26/04/2024,7,16652,Port Adelaide,St Kilda,12945,Mitch,Owens,St Kilda,0.000657531
FeelingDusty,26/04/2024,7,16652,Port Adelaide,St Kilda,12804,Ryan,Byrnes,St Kilda,0.004388655
FeelingDusty,26/04/2024,7,16652,Port Adelaide,St Kilda,12721,Liam,Stocker,St Kilda,0.002514181
FeelingDusty,26/04/2024,7,16652,Port Adelaide,St Kilda,12572,Rowan,Marshall,St Kilda,0.003478312
FeelingDusty,26/04/2024,7,16652,Port Adelaide,St Kilda,12426,Dougal,Howard,St Kilda,0.001694035
FeelingDusty,26/04/2024,7,16652,Port Adelaide,St Kilda,12399,Zaine,Cordy,St Kilda,0.000433989
FeelingDusty,26/04/2024,7,16652,Port Adelaide,St Kilda,13109,Darcy,Wilson,St Kilda,0.029569035
FeelingDusty,26/04/2024,7,16652,Port Adelaide,St Kilda,13116,Angus,Hastie,St Kilda,0.000124663
FeelingDusty,26/04/2024,7,16652,Port Adelaide,St Kilda,13042,Mattaes,Phillipou,St Kilda,0.000124663
FeelingDusty,26/04/2024,7,16652,Port Adelaide,St Kilda,12565,Josh,Battle,St Kilda,0.000124663
FeelingDusty,26/04/2024,7,16652,Port Adelaide,St Kilda,12307,Tim,Membrey,St Kilda,0.000124663
FeelingDusty,26/04/2024,7,16652,Port Adelaide,St Kilda,13124,Hugo,Garcia,St Kilda,0.000124663
FeelingDusty,26/04/2024,7,16652,Port Adelaide,St Kilda,12337,Jack,Sinclair,St Kilda,0.441141602
FeelingDusty,26/04/2024,7,16652,Port Adelaide,St Kilda,12492,Riley,Bonner,St Kilda,0
FeelingDusty,26/04/2024,7,16652,Port Adelaide,St Kilda,12930,Cooper,Sharman,St Kilda,0.000124663
FeelingDusty,26/04/2024,7,16652,Port Adelaide,St Kilda,12701,Callum,Wilkie,St Kilda,0.035581118
FeelingDusty,26/04/2024,7,16652,Port Adelaide,St Kilda,13041,Anthony,Caminiti,St Kilda,0.000124663
FeelingDusty,27/04/2024,7,16653,North Melbourne,Adelaide,12697,Chayce,Jones,Adelaide,0.001994297
FeelingDusty,27/04/2024,7,16653,North Melbourne,Adelaide,12441,Ben,Keays,Adelaide,0.027982188
FeelingDusty,27/04/2024,7,16653,North Melbourne,Adelaide,12265,Matt,Crouch,Adelaide,0.006478412
FeelingDusty,27/04/2024,7,16653,North Melbourne,Adelaide,12957,Josh,Rachele,Adelaide,0.001994297
FeelingDusty,27/04/2024,7,16653,North Melbourne,Adelaide,12922,Luke,Pedlar,Adelaide,0.001994297
FeelingDusty,27/04/2024,7,16653,North Melbourne,Adelaide,12519,Jordan,Dawson,Adelaide,1.657799898
FeelingDusty,27/04/2024,7,16653,North Melbourne,Adelaide,11724,Taylor,Walker,Adelaide,0.227413185
FeelingDusty,27/04/2024,7,16653,North Melbourne,Adelaide,12956,Jake,Soligo,Adelaide,0.021626632
FeelingDusty,27/04/2024,7,16653,North Melbourne,Adelaide,12936,Brayden,Cook,Adelaide,0.034738415
FeelingDusty,27/04/2024,7,16653,North Melbourne,Adelaide,13038,Max,Michalanney,Adelaide,0.00317502
FeelingDusty,27/04/2024,7,16653,North Melbourne,Adelaide,12783,Will,Hamill,Adelaide,0.001994297
FeelingDusty,27/04/2024,7,16653,North Melbourne,Adelaide,12725,Mitchell,Hinge,Adelaide,0.005015771
FeelingDusty,27/04/2024,7,16653,North Melbourne,Adelaide,12797,Izak,Rankine,Adelaide,0.40241078
FeelingDusty,27/04/2024,7,16653,North Melbourne,Adelaide,12916,Josh,Worrell,Adelaide,0.0954772
FeelingDusty,27/04/2024,7,16653,North Melbourne,Adelaide,12780,Ned,McHenry,Adelaide,0.001994297
FeelingDusty,27/04/2024,7,16653,North Melbourne,Adelaide,13084,Luke,Nankervis,Adelaide,0.001994297
FeelingDusty,27/04/2024,7,16653,North Melbourne,Adelaide,12171,Rory,Laird,Adelaide,2.898389569
FeelingDusty,27/04/2024,7,16653,North Melbourne,Adelaide,12591,Darcy,Fogarty,Adelaide,0.000292202
FeelingDusty,27/04/2024,7,16653,North Melbourne,Adelaide,12683,Elliott,Himmelberg,Adelaide,0.005265968
FeelingDusty,27/04/2024,7,16653,North Melbourne,Adelaide,13088,James,Borlase,Adelaide,0.00317502
FeelingDusty,27/04/2024,7,16653,North Melbourne,Adelaide,12818,Lachlan,Sholl,Adelaide,0.143542215
FeelingDusty,27/04/2024,7,16653,North Melbourne,Adelaide,12483,Reilly,OBrien,Adelaide,0.082306918
FeelingDusty,27/04/2024,7,16653,North Melbourne,Adelaide,12813,Mark,Keane,Adelaide,0.00716315
FeelingDusty,27/04/2024,7,16653,North Melbourne,Adelaide,13030,Harry,Sheezel,North Melbourne,0.271230283
FeelingDusty,27/04/2024,7,16653,North Melbourne,Adelaide,12185,Aidan,Corr,North Melbourne,0
FeelingDusty,27/04/2024,7,16653,North Melbourne,Adelaide,13065,George,Wardlaw,North Melbourne,0.000175735
FeelingDusty,27/04/2024,7,16653,North Melbourne,Adelaide,13104,Zane,Duursma,North Melbourne,0
FeelingDusty,27/04/2024,7,16653,North Melbourne,Adelaide,12705,Bailey,Scott,North Melbourne,0
FeelingDusty,27/04/2024,7,16653,North Melbourne,Adelaide,12599,Luke,Davies-Uniacke,North Melbourne,0.039172952
FeelingDusty,27/04/2024,7,16653,North Melbourne,Adelaide,13105,Colby,McKercher,North Melbourne,0.03470606
FeelingDusty,27/04/2024,7,16653,North Melbourne,Adelaide,12246,Luke,McDonald,North Melbourne,0
FeelingDusty,27/04/2024,7,16653,North Melbourne,Adelaide,12511,Jy,Simpkin,North Melbourne,0.004373201
FeelingDusty,27/04/2024,7,16653,North Melbourne,Adelaide,12434,Darcy,Tucker,North Melbourne,0.002036943
FeelingDusty,27/04/2024,7,16653,North Melbourne,Adelaide,12798,Dylan,Stephens,North Melbourne,0
FeelingDusty,27/04/2024,7,16653,North Melbourne,Adelaide,12528,Zac,Fisher,North Melbourne,0
FeelingDusty,27/04/2024,7,16653,North Melbourne,Adelaide,13129,Riley,Hardeman,North Melbourne,0
FeelingDusty,27/04/2024,7,16653,North Melbourne,Adelaide,12569,Nick,Larkey,North Melbourne,0
FeelingDusty,27/04/2024,7,16653,North Melbourne,Adelaide,12867,Tom,Powell,North Melbourne,0
FeelingDusty,27/04/2024,7,16653,North Melbourne,Adelaide,12975,Paul,Curtis,North Melbourne,0
FeelingDusty,27/04/2024,7,16653,North Melbourne,Adelaide,12990,Bigoa,Nyuon,North Melbourne,0.000196192
FeelingDusty,27/04/2024,7,16653,North Melbourne,Adelaide,12878,Will,Phillips,North Melbourne,0
FeelingDusty,27/04/2024,7,16653,North Melbourne,Adelaide,12939,Charlie,Comben,North Melbourne,0
FeelingDusty,27/04/2024,7,16653,North Melbourne,Adelaide,12866,Charlie,Lazzaro,North Melbourne,0
FeelingDusty,27/04/2024,7,16653,North Melbourne,Adelaide,12789,Tristan,Xerri,North Melbourne,0.013337653
FeelingDusty,27/04/2024,7,16653,North Melbourne,Adelaide,13061,Blake,Drury,North Melbourne,0
FeelingDusty,27/04/2024,7,16653,North Melbourne,Adelaide,12566,Cameron,Zurhaar,North Melbourne,0.000552654
FeelingDusty,27/04/2024,7,16654,Geelong,Carlton,13028,Lachlan,Cowan,Carlton,0.000130742
FeelingDusty,27/04/2024,7,16654,Geelong,Carlton,13029,Oliver,Hollands,Carlton,0.002651414
FeelingDusty,27/04/2024,7,16654,Geelong,Carlton,12181,Zac,Williams,Carlton,0.001209273
FeelingDusty,27/04/2024,7,16654,Geelong,Carlton,12463,Matthew,Kennedy,Carlton,0.011562327
FeelingDusty,27/04/2024,7,16654,Geelong,Carlton,12269,Patrick,Cripps,Carlton,1.141950454
FeelingDusty,27/04/2024,7,16654,Geelong,Carlton,12575,Harry,McKay,Carlton,0.236990587
FeelingDusty,27/04/2024,7,16654,Geelong,Carlton,12681,Tom,De Koning,Carlton,0
FeelingDusty,27/04/2024,7,16654,Geelong,Carlton,12282,Blake,Acres,Carlton,0.247072343
FeelingDusty,27/04/2024,7,16654,Geelong,Carlton,12980,Jack,Carroll,Carlton,0.000130742
FeelingDusty,27/04/2024,7,16654,Geelong,Carlton,12938,Brodie,Kemp,Carlton,0.000130742
FeelingDusty,27/04/2024,7,16654,Geelong,Carlton,12685,Sam,Walsh,Carlton,0.425266855
FeelingDusty,27/04/2024,7,16654,Geelong,Carlton,12937,Corey,Durdin,Carlton,0.000130742
FeelingDusty,27/04/2024,7,16654,Geelong,Carlton,13017,Elijah,Hollands,Carlton,0
FeelingDusty,27/04/2024,7,16654,Geelong,Carlton,12410,Jacob,Weitering,Carlton,0.03810316
FeelingDusty,27/04/2024,7,16654,Geelong,Carlton,12517,Nic,Newman,Carlton,0.001884263
FeelingDusty,27/04/2024,7,16654,Geelong,Carlton,13130,Jaxon,Binns,Carlton,0.000130742
FeelingDusty,27/04/2024,7,16654,Geelong,Carlton,12424,Marc,Pittonet,Carlton,0.193081516
FeelingDusty,27/04/2024,7,16654,Geelong,Carlton,12417,George,Hewett,Carlton,0.005078578
FeelingDusty,27/04/2024,7,16654,Geelong,Carlton,12428,Charlie,Curnow,Carlton,0.010537521
FeelingDusty,27/04/2024,7,16654,Geelong,Carlton,12567,Lewis,Young,Carlton,0.000455151
FeelingDusty,27/04/2024,7,16654,Geelong,Carlton,12965,Jordan,Boyd,Carlton,0.000130742
FeelingDusty,27/04/2024,7,16654,Geelong,Carlton,12842,Matthew,Owies,Carlton,0.000130742
FeelingDusty,27/04/2024,7,16654,Geelong,Carlton,12823,Matthew,Cottrell,Carlton,0.000130742
FeelingDusty,27/04/2024,7,16654,Geelong,Carlton,11855,Rhys,Stanley,Geelong,0.003559885
FeelingDusty,27/04/2024,7,16654,Geelong,Carlton,11979,Zach,Tuohy,Geelong,0.159806495
FeelingDusty,27/04/2024,7,16654,Geelong,Carlton,12513,Brandan,Parfitt,Geelong,0.001663746
FeelingDusty,27/04/2024,7,16654,Geelong,Carlton,12870,Tanner,Bruhn,Geelong,0.020868885
FeelingDusty,27/04/2024,7,16654,Geelong,Carlton,12022,Jeremy,Cameron,Geelong,2.251450572
FeelingDusty,27/04/2024,7,16654,Geelong,Carlton,12378,Jake,Kolodjashnij,Geelong,0.001663746
FeelingDusty,27/04/2024,7,16654,Geelong,Carlton,12882,Max,Holmes,Geelong,0.226088383
FeelingDusty,27/04/2024,7,16654,Geelong,Carlton,12507,Jack,Bowes,Geelong,0.003003819
FeelingDusty,27/04/2024,7,16654,Geelong,Carlton,12892,Sam,De Koning,Geelong,0.001663746
FeelingDusty,27/04/2024,7,16654,Geelong,Carlton,12561,Tyson,Stengle,Geelong,0.005289407
FeelingDusty,27/04/2024,7,16654,Geelong,Carlton,11804,Mitch,Duncan,Geelong,0.000100784
FeelingDusty,27/04/2024,7,16654,Geelong,Carlton,11554,Tom,Hawkins,Geelong,0.000379093
FeelingDusty,27/04/2024,7,16654,Geelong,Carlton,12976,Oliver,Dempsey,Geelong,0.001663746
FeelingDusty,27/04/2024,7,16654,Geelong,Carlton,11894,Cameron,Guthrie,Geelong,0.087577533
FeelingDusty,27/04/2024,7,16654,Geelong,Carlton,12687,Tom,Atkins,Geelong,0.001663746
FeelingDusty,27/04/2024,7,16654,Geelong,Carlton,12690,Gryan,Miers,Geelong,0.854343291
FeelingDusty,27/04/2024,7,16654,Geelong,Carlton,11706,Patrick,Dangerfield,Geelong,0.008007343
FeelingDusty,27/04/2024,7,16654,Geelong,Carlton,12850,Oliver,Henry,Geelong,0.004625872
FeelingDusty,27/04/2024,7,16654,Geelong,Carlton,12614,Jack,Henry,Geelong,0.002648768
FeelingDusty,27/04/2024,7,16654,Geelong,Carlton,12559,Zach,Guthrie,Geelong,0.035987812
FeelingDusty,27/04/2024,7,16654,Geelong,Carlton,12540,Mark,OConnor,Geelong,0.004184418
FeelingDusty,27/04/2024,7,16654,Geelong,Carlton,12808,Brad,Close,Geelong,0.001663746
FeelingDusty,27/04/2024,7,16654,Geelong,Carlton,12160,Mark,Blicavs,Geelong,0.005205781
FeelingDusty,27/04/2024,7,16655,Fremantle,Western Bulldogs,12149,Jaeger,OMeara,Fremantle,0.003937361
FeelingDusty,27/04/2024,7,16655,Fremantle,Western Bulldogs,12786,Caleb,Serong,Fremantle,1.954632074
FeelingDusty,27/04/2024,7,16655,Fremantle,Western Bulldogs,12555,Sean,Darcy,Fremantle,0.01597777
FeelingDusty,27/04/2024,7,16655,Fremantle,Western Bulldogs,12876,Heath,Chapman,Fremantle,0.001565515
FeelingDusty,27/04/2024,7,16655,Fremantle,Western Bulldogs,12688,Jordan,Clark,Fremantle,0.006590881
FeelingDusty,27/04/2024,7,16655,Fremantle,Western Bulldogs,11844,Nat,Fyfe,Fremantle,2.355032971
FeelingDusty,27/04/2024,7,16655,Fremantle,Western Bulldogs,12596,Andrew,Brayshaw,Fremantle,0.26858009
FeelingDusty,27/04/2024,7,16655,Fremantle,Western Bulldogs,12779,Luke,Jackson,Fremantle,0.0032505
FeelingDusty,27/04/2024,7,16655,Fremantle,Western Bulldogs,11770,Michael,Walters,Fremantle,0
FeelingDusty,27/04/2024,7,16655,Fremantle,Western Bulldogs,12252,James,Aish,Fremantle,0.29340677
FeelingDusty,27/04/2024,7,16655,Fremantle,Western Bulldogs,12550,Luke,Ryan,Fremantle,0
FeelingDusty,27/04/2024,7,16655,Fremantle,Western Bulldogs,12821,Jeremy,Sharp,Fremantle,0.003937361
FeelingDusty,27/04/2024,7,16655,Fremantle,Western Bulldogs,13093,Tom,Emmett,Fremantle,0.001565515
FeelingDusty,27/04/2024,7,16655,Fremantle,Western Bulldogs,12361,Alex,Pearce,Fremantle,0.00187077
FeelingDusty,27/04/2024,7,16655,Fremantle,Western Bulldogs,12777,Hayden,Young,Fremantle,0.014622105
FeelingDusty,27/04/2024,7,16655,Fremantle,Western Bulldogs,13131,Cooper,Simpson,Fremantle,0.001565515
FeelingDusty,27/04/2024,7,16655,Fremantle,Western Bulldogs,12915,Brandon,Walker,Fremantle,0.001565515
FeelingDusty,27/04/2024,7,16655,Fremantle,Western Bulldogs,12803,Michael,Frederick,Fremantle,0.005608572
FeelingDusty,27/04/2024,7,16655,Fremantle,Western Bulldogs,12888,Josh,Treacy,Fremantle,0.035001858
FeelingDusty,27/04/2024,7,16655,Fremantle,Western Bulldogs,13113,Joshua,Draper,Fremantle,0.001565515
FeelingDusty,27/04/2024,7,16655,Fremantle,Western Bulldogs,13132,Patrick,Voss,Fremantle,0.001565515
FeelingDusty,27/04/2024,7,16655,Fremantle,Western Bulldogs,12595,Bailey,Banfield,Fremantle,0.054487383
FeelingDusty,27/04/2024,7,16655,Fremantle,Western Bulldogs,13049,Matthew,Johnson,Fremantle,0.001565515
FeelingDusty,27/04/2024,7,16655,Fremantle,Western Bulldogs,12058,Adam,Treloar,Western Bulldogs,0.001198381
FeelingDusty,27/04/2024,7,16655,Fremantle,Western Bulldogs,12801,Cody,Weightman,Western Bulldogs,0
FeelingDusty,27/04/2024,7,16655,Fremantle,Western Bulldogs,12277,Marcus,Bontempelli,Western Bulldogs,0.00216995
FeelingDusty,27/04/2024,7,16655,Fremantle,Western Bulldogs,12289,Rory,Lobb,Western Bulldogs,0
FeelingDusty,27/04/2024,7,16655,Fremantle,Western Bulldogs,13023,Sam,Darcy,Western Bulldogs,0.001974681
FeelingDusty,27/04/2024,7,16655,Fremantle,Western Bulldogs,12172,Jack,Macrae,Western Bulldogs,0
FeelingDusty,27/04/2024,7,16655,Fremantle,Western Bulldogs,13110,Harvey,Gallagher,Western Bulldogs,0
FeelingDusty,27/04/2024,7,16655,Fremantle,Western Bulldogs,12748,Rhylee,West,Western Bulldogs,0
FeelingDusty,27/04/2024,7,16655,Fremantle,Western Bulldogs,12169,Taylor,Duryea,Western Bulldogs,0
FeelingDusty,27/04/2024,7,16655,Fremantle,Western Bulldogs,13063,James,ODonnell,Western Bulldogs,0
FeelingDusty,27/04/2024,7,16655,Fremantle,Western Bulldogs,11874,Liam,Jones,Western Bulldogs,0.031219643
FeelingDusty,27/04/2024,7,16655,Fremantle,Western Bulldogs,12612,Ed,Richards,Western Bulldogs,0.000883621
FeelingDusty,27/04/2024,7,16655,Fremantle,Western Bulldogs,12385,James,Harmes,Western Bulldogs,0.001598993
FeelingDusty,27/04/2024,7,16655,Fremantle,Western Bulldogs,12781,Laitham,Vandermeer,Western Bulldogs,0
FeelingDusty,27/04/2024,7,16655,Fremantle,Western Bulldogs,12901,Buku,Khamis,Western Bulldogs,0
FeelingDusty,27/04/2024,7,16655,Fremantle,Western Bulldogs,12917,Lachlan,Bramble,Western Bulldogs,0
FeelingDusty,27/04/2024,7,16655,Fremantle,Western Bulldogs,12362,Bailey,Dale,Western Bulldogs,0.618496691
FeelingDusty,27/04/2024,7,16655,Fremantle,Western Bulldogs,12602,Aaron,Naughton,Western Bulldogs,0.000912132
FeelingDusty,27/04/2024,7,16655,Fremantle,Western Bulldogs,12449,Bailey,Williams,Western Bulldogs,0.001598993
FeelingDusty,27/04/2024,7,16655,Fremantle,Western Bulldogs,12382,Caleb,Daniel,Western Bulldogs,0
FeelingDusty,27/04/2024,7,16655,Fremantle,Western Bulldogs,12908,Riley,Garcia,Western Bulldogs,0.001598993
FeelingDusty,27/04/2024,7,16655,Fremantle,Western Bulldogs,12128,Jason,Johannisen,Western Bulldogs,0
FeelingDusty,27/04/2024,7,16655,Fremantle,Western Bulldogs,12548,Tim,English,Western Bulldogs,0.310452848
FeelingDusty,28/04/2024,7,16656,Gold Coast,West Coast,12389,Rory,Atkins,Gold Coast,0.001533429
FeelingDusty,28/04/2024,7,16656,Gold Coast,West Coast,12825,Sam,Flanders,Gold Coast,0.094763
FeelingDusty,28/04/2024,7,16656,Gold Coast,West Coast,12314,Nick,Holman,Gold Coast,0.001533429
FeelingDusty,28/04/2024,7,16656,Gold Coast,West Coast,12489,Brayden,Fiorini,Gold Coast,0.009093318
FeelingDusty,28/04/2024,7,16656,Gold Coast,West Coast,12506,Ben,Ainsworth,Gold Coast,0.001533429
FeelingDusty,28/04/2024,7,16656,Gold Coast,West Coast,12631,Charlie,Ballard,Gold Coast,0.002441295
FeelingDusty,28/04/2024,7,16656,Gold Coast,West Coast,12329,Touk,Miller,Gold Coast,0.196504526
FeelingDusty,28/04/2024,7,16656,Gold Coast,West Coast,11952,Sam,Day,Gold Coast,0.001533429
FeelingDusty,28/04/2024,7,16656,Gold Coast,West Coast,12703,Jack,Lukosius,Gold Coast,0.002441295
FeelingDusty,28/04/2024,7,16656,Gold Coast,West Coast,12767,Noah,Anderson,Gold Coast,2.12875711
FeelingDusty,28/04/2024,7,16656,Gold Coast,West Coast,12776,Thomas,Berry,Gold Coast,0.001533429
FeelingDusty,28/04/2024,7,16656,Gold Coast,West Coast,13114,Jed,Walter,Gold Coast,0.001533429
FeelingDusty,28/04/2024,7,16656,Gold Coast,West Coast,12769,Matt,Rowell,Gold Coast,1.131665393
FeelingDusty,28/04/2024,7,16656,Gold Coast,West Coast,13050,Bailey,Humphrey,Gold Coast,0.001533429
FeelingDusty,28/04/2024,7,16656,Gold Coast,West Coast,11923,David,Swallow,Gold Coast,0.001533429
FeelingDusty,28/04/2024,7,16656,Gold Coast,West Coast,12453,Sam,Collins,Gold Coast,0.002441295
FeelingDusty,28/04/2024,7,16656,Gold Coast,West Coast,13120,Will,Graham,Gold Coast,0.000453725
FeelingDusty,28/04/2024,7,16656,Gold Coast,West Coast,12658,Wil,Powell,Gold Coast,0.01180614
FeelingDusty,28/04/2024,7,16656,Gold Coast,West Coast,12184,Jarrod,Witts,Gold Coast,2.154129073
FeelingDusty,28/04/2024,7,16656,Gold Coast,West Coast,13127,Jake,Rogers,Gold Coast,0.123431471
FeelingDusty,28/04/2024,7,16656,Gold Coast,West Coast,13019,Mac,Andrew,Gold Coast,0.002441295
FeelingDusty,28/04/2024,7,16656,Gold Coast,West Coast,13119,Sam,Clohesy,Gold Coast,0.003856662
FeelingDusty,28/04/2024,7,16656,Gold Coast,West Coast,12728,Ben,King,Gold Coast,0.004906121
FeelingDusty,28/04/2024,7,16656,Gold Coast,West Coast,12607,Liam,Ryan,West Coast,0
FeelingDusty,28/04/2024,7,16656,Gold Coast,West Coast,12609,Jake,Waterman,West Coast,0.059092366
FeelingDusty,28/04/2024,7,16656,Gold Coast,West Coast,12260,Dom,Sheed,West Coast,0
FeelingDusty,28/04/2024,7,16656,Gold Coast,West Coast,12433,Jayden,Hunt,West Coast,0.00156622
FeelingDusty,28/04/2024,7,16656,Gold Coast,West Coast,12093,Elliot,Yeo,West Coast,0.049040241
FeelingDusty,28/04/2024,7,16656,Gold Coast,West Coast,13032,Reuben,Ginbey,West Coast,0
FeelingDusty,28/04/2024,7,16656,Gold Coast,West Coast,12860,Tyler,Brockman,West Coast,0
FeelingDusty,28/04/2024,7,16656,Gold Coast,West Coast,12605,Tim,Kelly,West Coast,0.002194692
FeelingDusty,28/04/2024,7,16656,Gold Coast,West Coast,12340,Liam,Duggan,West Coast,0
FeelingDusty,28/04/2024,7,16656,Gold Coast,West Coast,11942,Jamie,Cripps,West Coast,0.002839687
FeelingDusty,28/04/2024,7,16656,Gold Coast,West Coast,12912,Luke,Edwards,West Coast,0
FeelingDusty,28/04/2024,7,16656,Gold Coast,West Coast,13033,Campbell,Chesser,West Coast,0.00156622
FeelingDusty,28/04/2024,7,16656,Gold Coast,West Coast,12958,Brady,Hough,West Coast,0
FeelingDusty,28/04/2024,7,16656,Gold Coast,West Coast,12279,Jeremy,McGovern,West Coast,0
FeelingDusty,28/04/2024,7,16656,Gold Coast,West Coast,12630,Jack,Petruccelle,West Coast,0
FeelingDusty,28/04/2024,7,16656,Gold Coast,West Coast,12554,Alex,Witherden,West Coast,0
FeelingDusty,28/04/2024,7,16656,Gold Coast,West Coast,11908,Jack,Darling,West Coast,0
FeelingDusty,28/04/2024,7,16656,Gold Coast,West Coast,12454,Tom,Cole,West Coast,0.000433499
FeelingDusty,28/04/2024,7,16656,Gold Coast,West Coast,12837,Bailey J.,Williams,West Coast,0.00156622
FeelingDusty,28/04/2024,7,16656,Gold Coast,West Coast,12960,Jack,Williams,West Coast,0
FeelingDusty,28/04/2024,7,16656,Gold Coast,West Coast,12709,Josh,Rotham,West Coast,0.000150854
FeelingDusty,28/04/2024,7,16656,Gold Coast,West Coast,13071,Ryan,Maric,West Coast,0
FeelingDusty,28/04/2024,7,16656,Gold Coast,West Coast,12812,Harry,Edwards,West Coast,0.000150854
FeelingDusty,28/04/2024,7,16657,Hawthorn,Sydney,12585,Harry,Morrison,Hawthorn,0
FeelingDusty,28/04/2024,7,16657,Hawthorn,Sydney,12913,Jai,Newcombe,Hawthorn,0
FeelingDusty,28/04/2024,7,16657,Hawthorn,Sydney,12245,Jarman,Impey,Hawthorn,0
FeelingDusty,28/04/2024,7,16657,Hawthorn,Sydney,12626,James,Worpel,Hawthorn,0.044769225
FeelingDusty,28/04/2024,7,16657,Hawthorn,Sydney,12342,James,Sicily,Hawthorn,0.001803857
FeelingDusty,28/04/2024,7,16657,Hawthorn,Sydney,12124,Sam,Frost,Hawthorn,0
FeelingDusty,28/04/2024,7,16657,Hawthorn,Sydney,12365,Karl,Amon,Hawthorn,0
FeelingDusty,28/04/2024,7,16657,Hawthorn,Sydney,12678,Conor,Nash,Hawthorn,0
FeelingDusty,28/04/2024,7,16657,Hawthorn,Sydney,12794,Will,Day,Hawthorn,0.001507667
FeelingDusty,28/04/2024,7,16657,Hawthorn,Sydney,12710,Dylan,Moore,Hawthorn,0.369004114
FeelingDusty,28/04/2024,7,16657,Hawthorn,Sydney,12571,Jack,Scrimshaw,Hawthorn,0
FeelingDusty,28/04/2024,7,16657,Hawthorn,Sydney,12477,Blake,Hardwick,Hawthorn,0
FeelingDusty,28/04/2024,7,16657,Hawthorn,Sydney,12854,Lloyd,Meek,Hawthorn,0.011978949
FeelingDusty,28/04/2024,7,16657,Hawthorn,Sydney,12491,Mabior,Chol,Hawthorn,0
FeelingDusty,28/04/2024,7,16657,Hawthorn,Sydney,11854,Jack,Gunston,Hawthorn,0
FeelingDusty,28/04/2024,7,16657,Hawthorn,Sydney,13059,Josh,Weddle,Hawthorn,0.001507667
FeelingDusty,28/04/2024,7,16657,Hawthorn,Sydney,13039,Cam,Mackenzie,Hawthorn,0.001000496
FeelingDusty,28/04/2024,7,16657,Hawthorn,Sydney,13022,Jai,Serong,Hawthorn,0
FeelingDusty,28/04/2024,7,16657,Hawthorn,Sydney,12953,Connor,Macdonald,Hawthorn,0
FeelingDusty,28/04/2024,7,16657,Hawthorn,Sydney,12846,Finn,Maginness,Hawthorn,0.001507667
FeelingDusty,28/04/2024,7,16657,Hawthorn,Sydney,12928,Jack,Ginnivan,Hawthorn,0
FeelingDusty,28/04/2024,7,16657,Hawthorn,Sydney,13060,Max,Ramsden,Hawthorn,0
FeelingDusty,28/04/2024,7,16657,Hawthorn,Sydney,13055,Seamus,Mitchell,Hawthorn,0.001795488
FeelingDusty,28/04/2024,7,16657,Hawthorn,Sydney,12799,Chad,Warner,Sydney,0.653905526
FeelingDusty,28/04/2024,7,16657,Hawthorn,Sydney,12745,Hayden,McLean,Sydney,0.003897668
FeelingDusty,28/04/2024,7,16657,Hawthorn,Sydney,12070,Taylor,Adams,Sydney,0.001476102
FeelingDusty,28/04/2024,7,16657,Hawthorn,Sydney,12223,Brodie,Grundy,Sydney,0.010416741
FeelingDusty,28/04/2024,7,16657,Hawthorn,Sydney,12331,Isaac,Heeney,Sydney,1.252999789
FeelingDusty,28/04/2024,7,16657,Hawthorn,Sydney,12863,Logan,McDonald,Sydney,0.037949446
FeelingDusty,28/04/2024,7,16657,Hawthorn,Sydney,12038,Harry,Cunningham,Sydney,0.001476102
FeelingDusty,28/04/2024,7,16657,Hawthorn,Sydney,12715,James,Rowbottom,Sydney,0.100785851
FeelingDusty,28/04/2024,7,16657,Hawthorn,Sydney,12516,Will,Hayward,Sydney,0.00306485
FeelingDusty,28/04/2024,7,16657,Hawthorn,Sydney,12419,Tom,Papley,Sydney,0.001476102
FeelingDusty,28/04/2024,7,16657,Hawthorn,Sydney,12501,Oliver,Florent,Sydney,1.176442137
FeelingDusty,28/04/2024,7,16657,Hawthorn,Sydney,12820,Sam,Wicks,Sydney,0.00306485
FeelingDusty,28/04/2024,7,16657,Hawthorn,Sydney,12865,Braeden,Campbell,Sydney,0.001476102
FeelingDusty,28/04/2024,7,16657,Hawthorn,Sydney,12853,James,Jordon,Sydney,0.026793046
FeelingDusty,28/04/2024,7,16657,Hawthorn,Sydney,12864,Errol,Gulden,Sydney,0.65909051
FeelingDusty,28/04/2024,7,16657,Hawthorn,Sydney,12699,Nick,Blakey,Sydney,1.353463095
FeelingDusty,28/04/2024,7,16657,Hawthorn,Sydney,12711,Justin,McInerney,Sydney,0
FeelingDusty,28/04/2024,7,16657,Hawthorn,Sydney,12634,Tom,McCartin,Sydney,0.003078497
FeelingDusty,28/04/2024,7,16657,Hawthorn,Sydney,12993,Matt,Roberts,Sydney,0
FeelingDusty,28/04/2024,7,16657,Hawthorn,Sydney,12847,Joel,Amartey,Sydney,0.001476102
FeelingDusty,28/04/2024,7,16657,Hawthorn,Sydney,12515,Robbie,Fox,Sydney,0.001476102
FeelingDusty,28/04/2024,7,16657,Hawthorn,Sydney,12533,Lewis,Melican,Sydney,0.002350028
FeelingDusty,28/04/2024,7,16657,Hawthorn,Sydney,12275,Jake,Lloyd,Sydney,0.268966223
FeelingDusty,2/05/2024,8,16658,Adelaide,Port Adelaide,12697,Chayce,Jones,Adelaide,0.002072027
FeelingDusty,2/05/2024,8,16658,Adelaide,Port Adelaide,12441,Ben,Keays,Adelaide,0.003442831
FeelingDusty,2/05/2024,8,16658,Adelaide,Port Adelaide,12265,Matt,Crouch,Adelaide,0.758131356
FeelingDusty,2/05/2024,8,16658,Adelaide,Port Adelaide,13133,Daniel,Curtin,Adelaide,0.002072027
FeelingDusty,2/05/2024,8,16658,Adelaide,Port Adelaide,12957,Josh,Rachele,Adelaide,0.045128611
FeelingDusty,2/05/2024,8,16658,Adelaide,Port Adelaide,12519,Jordan,Dawson,Adelaide,0.051873776
FeelingDusty,2/05/2024,8,16658,Adelaide,Port Adelaide,11724,Taylor,Walker,Adelaide,0.004438097
FeelingDusty,2/05/2024,8,16658,Adelaide,Port Adelaide,12956,Jake,Soligo,Adelaide,2.726230891
FeelingDusty,2/05/2024,8,16658,Adelaide,Port Adelaide,12936,Brayden,Cook,Adelaide,0.002072027
FeelingDusty,2/05/2024,8,16658,Adelaide,Port Adelaide,13038,Max,Michalanney,Adelaide,0.007925276
FeelingDusty,2/05/2024,8,16658,Adelaide,Port Adelaide,12725,Mitchell,Hinge,Adelaide,0.058617893
FeelingDusty,2/05/2024,8,16658,Adelaide,Port Adelaide,12797,Izak,Rankine,Adelaide,0.182187703
FeelingDusty,2/05/2024,8,16658,Adelaide,Port Adelaide,12916,Josh,Worrell,Adelaide,0.018011401
FeelingDusty,2/05/2024,8,16658,Adelaide,Port Adelaide,12780,Ned,McHenry,Adelaide,0.002072027
FeelingDusty,2/05/2024,8,16658,Adelaide,Port Adelaide,13084,Luke,Nankervis,Adelaide,0.002072027
FeelingDusty,2/05/2024,8,16658,Adelaide,Port Adelaide,12171,Rory,Laird,Adelaide,0.179328274
FeelingDusty,2/05/2024,8,16658,Adelaide,Port Adelaide,12591,Darcy,Fogarty,Adelaide,0.162195471
FeelingDusty,2/05/2024,8,16658,Adelaide,Port Adelaide,11898,Brodie,Smith,Adelaide,0.002072027
FeelingDusty,2/05/2024,8,16658,Adelaide,Port Adelaide,12683,Elliott,Himmelberg,Adelaide,0.002072027
FeelingDusty,2/05/2024,8,16658,Adelaide,Port Adelaide,12818,Lachlan,Sholl,Adelaide,0.012703651
FeelingDusty,2/05/2024,8,16658,Adelaide,Port Adelaide,12832,Jordon,Butts,Adelaide,0.00329877
FeelingDusty,2/05/2024,8,16658,Adelaide,Port Adelaide,12483,Reilly,OBrien,Adelaide,0.014199124
FeelingDusty,2/05/2024,8,16658,Adelaide,Port Adelaide,12813,Mark,Keane,Adelaide,0.159389283
FeelingDusty,2/05/2024,8,16658,Adelaide,Port Adelaide,12696,Connor,Rozee,Port Adelaide,0.002116336
FeelingDusty,2/05/2024,8,16658,Adelaide,Port Adelaide,12485,Ryan,Burton,Port Adelaide,0.00058576
FeelingDusty,2/05/2024,8,16658,Adelaide,Port Adelaide,12581,Todd,Marshall,Port Adelaide,0
FeelingDusty,2/05/2024,8,16658,Adelaide,Port Adelaide,12503,Dan,Houston,Port Adelaide,0
FeelingDusty,2/05/2024,8,16658,Adelaide,Port Adelaide,12671,Kane,Farrell,Port Adelaide,0.001758727
FeelingDusty,2/05/2024,8,16658,Adelaide,Port Adelaide,13011,Jase,Burgoyne,Port Adelaide,0.0003479
FeelingDusty,2/05/2024,8,16658,Adelaide,Port Adelaide,12693,Zak,Butters,Port Adelaide,1.324296746
FeelingDusty,2/05/2024,8,16658,Adelaide,Port Adelaide,11591,Travis,Boak,Port Adelaide,0.053597
FeelingDusty,2/05/2024,8,16658,Adelaide,Port Adelaide,12868,Miles,Bergman,Port Adelaide,0.023328594
FeelingDusty,2/05/2024,8,16658,Adelaide,Port Adelaide,12613,Willie,Rioli,Port Adelaide,0
FeelingDusty,2/05/2024,8,16658,Adelaide,Port Adelaide,12155,Ollie,Wines,Port Adelaide,0.060699841
FeelingDusty,2/05/2024,8,16658,Adelaide,Port Adelaide,12955,Jason,Horne-Francis,Port Adelaide,0.126312953
FeelingDusty,2/05/2024,8,16658,Adelaide,Port Adelaide,12770,Mitch,Georgiades,Port Adelaide,0
FeelingDusty,2/05/2024,8,16658,Adelaide,Port Adelaide,11915,Charlie,Dixon,Port Adelaide,0.001143362
FeelingDusty,2/05/2024,8,16658,Adelaide,Port Adelaide,12920,Dylan,Williams,Port Adelaide,0
FeelingDusty,2/05/2024,8,16658,Adelaide,Port Adelaide,12890,Jordon,Sweet,Port Adelaide,0.001682173
FeelingDusty,2/05/2024,8,16658,Adelaide,Port Adelaide,12757,Brandon,Zerk-Thatcher,Port Adelaide,0.000203839
FeelingDusty,2/05/2024,8,16658,Adelaide,Port Adelaide,12606,Esava,Ratugolea,Port Adelaide,0.000203839
FeelingDusty,2/05/2024,8,16658,Adelaide,Port Adelaide,12694,Willem,Drew,Port Adelaide,0.002116336
FeelingDusty,2/05/2024,8,16658,Adelaide,Port Adelaide,12429,Darcy,Byrne-Jones,Port Adelaide,0
FeelingDusty,2/05/2024,8,16658,Adelaide,Port Adelaide,12883,Lachie,Jones,Port Adelaide,0
FeelingDusty,2/05/2024,8,16658,Adelaide,Port Adelaide,12925,Jed,McEntee,Port Adelaide,0
FeelingDusty,2/05/2024,8,16658,Adelaide,Port Adelaide,12952,Jackson,Mead,Port Adelaide,0
FeelingDusty,3/05/2024,8,16659,Carlton,Collingwood,13028,Lachlan,Cowan,Carlton,0.000153683
FeelingDusty,3/05/2024,8,16659,Carlton,Collingwood,12610,Adam,Cerra,Carlton,0.005446376
FeelingDusty,3/05/2024,8,16659,Carlton,Collingwood,12181,Zac,Williams,Carlton,0.000153683
FeelingDusty,3/05/2024,8,16659,Carlton,Collingwood,12463,Matthew,Kennedy,Carlton,0.000153683
FeelingDusty,3/05/2024,8,16659,Carlton,Collingwood,12269,Patrick,Cripps,Carlton,0.0045617
FeelingDusty,3/05/2024,8,16659,Carlton,Collingwood,12575,Harry,McKay,Carlton,0.460341822
FeelingDusty,3/05/2024,8,16659,Carlton,Collingwood,12681,Tom,De Koning,Carlton,0.000153683
FeelingDusty,3/05/2024,8,16659,Carlton,Collingwood,12282,Blake,Acres,Carlton,0.253020129
FeelingDusty,3/05/2024,8,16659,Carlton,Collingwood,12308,Orazio,Fantasia,Carlton,0.000153683
FeelingDusty,3/05/2024,8,16659,Carlton,Collingwood,12685,Sam,Walsh,Carlton,0.567277716
FeelingDusty,3/05/2024,8,16659,Carlton,Collingwood,12937,Corey,Durdin,Carlton,0.000153683
FeelingDusty,3/05/2024,8,16659,Carlton,Collingwood,13017,Elijah,Hollands,Carlton,0.000153683
FeelingDusty,3/05/2024,8,16659,Carlton,Collingwood,12410,Jacob,Weitering,Carlton,0.00131154
FeelingDusty,3/05/2024,8,16659,Carlton,Collingwood,12517,Nic,Newman,Carlton,0.907335392
FeelingDusty,3/05/2024,8,16659,Carlton,Collingwood,12424,Marc,Pittonet,Carlton,0.02763632
FeelingDusty,3/05/2024,8,16659,Carlton,Collingwood,12484,David,Cuningham,Carlton,0.000153683
FeelingDusty,3/05/2024,8,16659,Carlton,Collingwood,12417,George,Hewett,Carlton,0.076627133
FeelingDusty,3/05/2024,8,16659,Carlton,Collingwood,12428,Charlie,Curnow,Carlton,0.000620606
FeelingDusty,3/05/2024,8,16659,Carlton,Collingwood,12567,Lewis,Young,Carlton,0.001809759
FeelingDusty,3/05/2024,8,16659,Carlton,Collingwood,12965,Jordan,Boyd,Carlton,0.000153683
FeelingDusty,3/05/2024,8,16659,Carlton,Collingwood,13057,Alex,Cincotta,Carlton,0.000153683
FeelingDusty,3/05/2024,8,16659,Carlton,Collingwood,12842,Matthew,Owies,Carlton,0.002967493
FeelingDusty,3/05/2024,8,16659,Carlton,Collingwood,12823,Matthew,Cottrell,Carlton,0.004274501
FeelingDusty,3/05/2024,8,16659,Carlton,Collingwood,12586,Patrick,Lipinski,Collingwood,0.029213174
FeelingDusty,3/05/2024,8,16659,Carlton,Collingwood,12740,Isaac,Quaynor,Collingwood,0.001517454
FeelingDusty,3/05/2024,8,16659,Carlton,Collingwood,12380,Brayden,Maynard,Collingwood,0.002785228
FeelingDusty,3/05/2024,8,16659,Carlton,Collingwood,12091,Jamie,Elliott,Collingwood,0
FeelingDusty,3/05/2024,8,16659,Carlton,Collingwood,12582,Josh,Daicos,Collingwood,0.004480414
FeelingDusty,3/05/2024,8,16659,Carlton,Collingwood,12704,Lachie,Schultz,Collingwood,0.001517454
FeelingDusty,3/05/2024,8,16659,Carlton,Collingwood,12743,John,Noble,Collingwood,0.005019291
FeelingDusty,3/05/2024,8,16659,Carlton,Collingwood,11506,Scott,Pendlebury,Collingwood,0.158154188
FeelingDusty,3/05/2024,8,16659,Carlton,Collingwood,12666,Darcy,Cameron,Collingwood,0.005627531
FeelingDusty,3/05/2024,8,16659,Carlton,Collingwood,12682,Billy,Frampton,Collingwood,0.002675311
FeelingDusty,3/05/2024,8,16659,Carlton,Collingwood,11759,Steele,Sidebottom,Collingwood,0.003746298
FeelingDusty,3/05/2024,8,16659,Carlton,Collingwood,12744,Bobby,Hill,Collingwood,0.001517454
FeelingDusty,3/05/2024,8,16659,Carlton,Collingwood,12067,Jack,Crisp,Collingwood,0.411341099
FeelingDusty,3/05/2024,8,16659,Carlton,Collingwood,12381,Darcy,Moore,Collingwood,0.038460348
FeelingDusty,3/05/2024,8,16659,Carlton,Collingwood,12877,Beau,McCreery,Collingwood,0.001517454
FeelingDusty,3/05/2024,8,16659,Carlton,Collingwood,12029,Will,Hoskin-Elliott,Collingwood,0.001517454
FeelingDusty,3/05/2024,8,16659,Carlton,Collingwood,13134,Lachlan,Sullivan,Collingwood,0
FeelingDusty,3/05/2024,8,16659,Carlton,Collingwood,12948,Nick,Daicos,Collingwood,3
FeelingDusty,3/05/2024,8,16659,Carlton,Collingwood,13070,Harvey,Harrison,Collingwood,0.001517454
FeelingDusty,3/05/2024,8,16659,Carlton,Collingwood,12468,Oleg,Markov,Collingwood,0.001517454
FeelingDusty,3/05/2024,8,16659,Carlton,Collingwood,11973,Jeremy,Howe,Collingwood,0.001941194
FeelingDusty,3/05/2024,8,16659,Carlton,Collingwood,12648,Brody,Mihocek,Collingwood,0.000741506
FeelingDusty,3/05/2024,8,16659,Carlton,Collingwood,12435,Mason,Cox,Collingwood,0.010424925
FeelingDusty,4/05/2024,8,16660,Sydney,GWS,13128,Darcy,Jones,GWS,0
FeelingDusty,4/05/2024,8,16660,Sydney,GWS,12026,Toby,Greene,GWS,0
FeelingDusty,4/05/2024,8,16660,Sydney,GWS,13054,Aaron,Cadman,GWS,0
FeelingDusty,4/05/2024,8,16660,Sydney,GWS,12147,Lachie,Whitfield,GWS,0
FeelingDusty,4/05/2024,8,16660,Sydney,GWS,12782,Lachie,Ash,GWS,0
FeelingDusty,4/05/2024,8,16660,Sydney,GWS,11683,Callan,Ward,GWS,0.167019091
FeelingDusty,4/05/2024,8,16660,Sydney,GWS,12992,Jacob,Wehr,GWS,0.001752854
FeelingDusty,4/05/2024,8,16660,Sydney,GWS,12766,Tom,Green,GWS,0.001752854
FeelingDusty,4/05/2024,8,16660,Sydney,GWS,12773,Toby,Bedford,GWS,0
FeelingDusty,4/05/2024,8,16660,Sydney,GWS,12651,Sam,Taylor,GWS,0.000606029
FeelingDusty,4/05/2024,8,16660,Sydney,GWS,12663,Brent,Daniels,GWS,0
FeelingDusty,4/05/2024,8,16660,Sydney,GWS,12970,Finn,Callaghan,GWS,0
FeelingDusty,4/05/2024,8,16660,Sydney,GWS,12934,James,Peatling,GWS,0.057486466
FeelingDusty,4/05/2024,8,16660,Sydney,GWS,12262,Josh,Kelly,GWS,0.00571355
FeelingDusty,4/05/2024,8,16660,Sydney,GWS,12326,Jesse,Hogan,GWS,0
FeelingDusty,4/05/2024,8,16660,Sydney,GWS,12835,Jake,Riccardi,GWS,0
FeelingDusty,4/05/2024,8,16660,Sydney,GWS,12470,Harry,Himmelberg,GWS,0.002005861
FeelingDusty,4/05/2024,8,16660,Sydney,GWS,13101,Harvey,Thomas,GWS,0
FeelingDusty,4/05/2024,8,16660,Sydney,GWS,12905,Kieren,Briggs,GWS,0.013622782
FeelingDusty,4/05/2024,8,16660,Sydney,GWS,12541,Harry,Perryman,GWS,0
FeelingDusty,4/05/2024,8,16660,Sydney,GWS,12749,Connor,Idun,GWS,0
FeelingDusty,4/05/2024,8,16660,Sydney,GWS,12845,Jack,Buckley,GWS,0.04055207
FeelingDusty,4/05/2024,8,16660,Sydney,GWS,12910,Callum M.,Brown,GWS,0
FeelingDusty,4/05/2024,8,16660,Sydney,GWS,12799,Chad,Warner,Sydney,1.882693029
FeelingDusty,4/05/2024,8,16660,Sydney,GWS,12745,Hayden,McLean,Sydney,0.002125892
FeelingDusty,4/05/2024,8,16660,Sydney,GWS,12070,Taylor,Adams,Sydney,0.003146605
FeelingDusty,4/05/2024,8,16660,Sydney,GWS,12223,Brodie,Grundy,Sydney,0.655943289
FeelingDusty,4/05/2024,8,16660,Sydney,GWS,12331,Isaac,Heeney,Sydney,0.502325564
FeelingDusty,4/05/2024,8,16660,Sydney,GWS,12863,Logan,McDonald,Sydney,0.001716155
FeelingDusty,4/05/2024,8,16660,Sydney,GWS,12038,Harry,Cunningham,Sydney,0.000507791
FeelingDusty,4/05/2024,8,16660,Sydney,GWS,12715,James,Rowbottom,Sydney,0.075337938
FeelingDusty,4/05/2024,8,16660,Sydney,GWS,12516,Will,Hayward,Sydney,1.098066091
FeelingDusty,4/05/2024,8,16660,Sydney,GWS,12419,Tom,Papley,Sydney,0.001716155
FeelingDusty,4/05/2024,8,16660,Sydney,GWS,12501,Oliver,Florent,Sydney,0.001716155
FeelingDusty,4/05/2024,8,16660,Sydney,GWS,12820,Sam,Wicks,Sydney,0.001716155
FeelingDusty,4/05/2024,8,16660,Sydney,GWS,12853,James,Jordon,Sydney,0
FeelingDusty,4/05/2024,8,16660,Sydney,GWS,12864,Errol,Gulden,Sydney,1.10455309
FeelingDusty,4/05/2024,8,16660,Sydney,GWS,12699,Nick,Blakey,Sydney,0.001716155
FeelingDusty,4/05/2024,8,16660,Sydney,GWS,12148,Dane,Rampe,Sydney,0.360514933
FeelingDusty,4/05/2024,8,16660,Sydney,GWS,12711,Justin,McInerney,Sydney,0.002461818
FeelingDusty,4/05/2024,8,16660,Sydney,GWS,12634,Tom,McCartin,Sydney,0.001716155
FeelingDusty,4/05/2024,8,16660,Sydney,GWS,12993,Matt,Roberts,Sydney,0.001716155
FeelingDusty,4/05/2024,8,16660,Sydney,GWS,12847,Joel,Amartey,Sydney,0.001716155
FeelingDusty,4/05/2024,8,16660,Sydney,GWS,12515,Robbie,Fox,Sydney,0.001716155
FeelingDusty,4/05/2024,8,16660,Sydney,GWS,12533,Lewis,Melican,Sydney,0.002050783
FeelingDusty,4/05/2024,8,16660,Sydney,GWS,12275,Jake,Lloyd,Sydney,0.004316228
FeelingDusty,4/05/2024,8,16661,St Kilda,North Melbourne,12598,Jaidyn,Stephenson,North Melbourne,0
FeelingDusty,4/05/2024,8,16661,St Kilda,North Melbourne,13030,Harry,Sheezel,North Melbourne,0
FeelingDusty,4/05/2024,8,16661,St Kilda,North Melbourne,12185,Aidan,Corr,North Melbourne,0.033084237
FeelingDusty,4/05/2024,8,16661,St Kilda,North Melbourne,13065,George,Wardlaw,North Melbourne,0.001960921
FeelingDusty,4/05/2024,8,16661,St Kilda,North Melbourne,13104,Zane,Duursma,North Melbourne,0
FeelingDusty,4/05/2024,8,16661,St Kilda,North Melbourne,12705,Bailey,Scott,North Melbourne,0
FeelingDusty,4/05/2024,8,16661,St Kilda,North Melbourne,12599,Luke,Davies-Uniacke,North Melbourne,0.001454018
FeelingDusty,4/05/2024,8,16661,St Kilda,North Melbourne,13105,Colby,McKercher,North Melbourne,0.032719181
FeelingDusty,4/05/2024,8,16661,St Kilda,North Melbourne,12246,Luke,McDonald,North Melbourne,0
FeelingDusty,4/05/2024,8,16661,St Kilda,North Melbourne,12511,Jy,Simpkin,North Melbourne,0.002096347
FeelingDusty,4/05/2024,8,16661,St Kilda,North Melbourne,12434,Darcy,Tucker,North Melbourne,0.001760298
FeelingDusty,4/05/2024,8,16661,St Kilda,North Melbourne,11766,Liam,Shiels,North Melbourne,9.96E-05
FeelingDusty,4/05/2024,8,16661,St Kilda,North Melbourne,12528,Zac,Fisher,North Melbourne,0.020024192
FeelingDusty,4/05/2024,8,16661,St Kilda,North Melbourne,13129,Riley,Hardeman,North Melbourne,0
FeelingDusty,4/05/2024,8,16661,St Kilda,North Melbourne,12569,Nick,Larkey,North Melbourne,0.005072818
FeelingDusty,4/05/2024,8,16661,St Kilda,North Melbourne,12867,Tom,Powell,North Melbourne,0
FeelingDusty,4/05/2024,8,16661,St Kilda,North Melbourne,12975,Paul,Curtis,North Melbourne,0.001004147
FeelingDusty,4/05/2024,8,16661,St Kilda,North Melbourne,12939,Charlie,Comben,North Melbourne,0
FeelingDusty,4/05/2024,8,16661,St Kilda,North Melbourne,13106,Toby,Pink,North Melbourne,0
FeelingDusty,4/05/2024,8,16661,St Kilda,North Melbourne,13005,Jackson,Archer,North Melbourne,0.000746531
FeelingDusty,4/05/2024,8,16661,St Kilda,North Melbourne,12789,Tristan,Xerri,North Melbourne,0.114459601
FeelingDusty,4/05/2024,8,16661,St Kilda,North Melbourne,13061,Blake,Drury,North Melbourne,0.001760298
FeelingDusty,4/05/2024,8,16661,St Kilda,North Melbourne,12566,Cameron,Zurhaar,North Melbourne,0.002173885
FeelingDusty,4/05/2024,8,16661,St Kilda,North Melbourne,12968,Marcus,Windhager,St Kilda,0.169413256
FeelingDusty,4/05/2024,8,16661,St Kilda,North Melbourne,12138,Sebastian,Ross,St Kilda,0.01332132
FeelingDusty,4/05/2024,8,16661,St Kilda,North Melbourne,12947,Nasiah,Wanganeen-Milera,St Kilda,0.246820959
FeelingDusty,4/05/2024,8,16661,St Kilda,North Melbourne,12066,Bradley,Hill,St Kilda,0.370314516
FeelingDusty,4/05/2024,8,16661,St Kilda,North Melbourne,12377,Jack,Steele,St Kilda,0.038394973
FeelingDusty,4/05/2024,8,16661,St Kilda,North Melbourne,12945,Mitch,Owens,St Kilda,0.001039637
FeelingDusty,4/05/2024,8,16661,St Kilda,North Melbourne,12771,Max,King,St Kilda,0.001723444
FeelingDusty,4/05/2024,8,16661,St Kilda,North Melbourne,12804,Ryan,Byrnes,St Kilda,0.001723444
FeelingDusty,4/05/2024,8,16661,St Kilda,North Melbourne,12721,Liam,Stocker,St Kilda,0.006930513
FeelingDusty,4/05/2024,8,16661,St Kilda,North Melbourne,12946,Jack,Hayes,St Kilda,0.077246814
FeelingDusty,4/05/2024,8,16661,St Kilda,North Melbourne,12572,Rowan,Marshall,St Kilda,0.214218189
FeelingDusty,4/05/2024,8,16661,St Kilda,North Melbourne,12426,Dougal,Howard,St Kilda,0.050177398
FeelingDusty,4/05/2024,8,16661,St Kilda,North Melbourne,13109,Darcy,Wilson,St Kilda,1.552129075
FeelingDusty,4/05/2024,8,16661,St Kilda,North Melbourne,13116,Angus,Hastie,St Kilda,0.00433456
FeelingDusty,4/05/2024,8,16661,St Kilda,North Melbourne,13042,Mattaes,Phillipou,St Kilda,0.001723444
FeelingDusty,4/05/2024,8,16661,St Kilda,North Melbourne,12565,Josh,Battle,St Kilda,0.003157537
FeelingDusty,4/05/2024,8,16661,St Kilda,North Melbourne,12307,Tim,Membrey,St Kilda,0.001723444
FeelingDusty,4/05/2024,8,16661,St Kilda,North Melbourne,12194,Jimmy,Webster,St Kilda,0.003182865
FeelingDusty,4/05/2024,8,16661,St Kilda,North Melbourne,12321,Mason,Wood,St Kilda,0.021285042
FeelingDusty,4/05/2024,8,16661,St Kilda,North Melbourne,13124,Hugo,Garcia,St Kilda,0
FeelingDusty,4/05/2024,8,16661,St Kilda,North Melbourne,12337,Jack,Sinclair,St Kilda,2.969489741
FeelingDusty,4/05/2024,8,16661,St Kilda,North Melbourne,12492,Riley,Bonner,St Kilda,0
FeelingDusty,4/05/2024,8,16661,St Kilda,North Melbourne,12701,Callum,Wilkie,St Kilda,0.033233769
FeelingDusty,4/05/2024,8,16663,West Coast,Essendon,12505,Andrew,McGrath,Essendon,0.000550451
FeelingDusty,4/05/2024,8,16663,West Coast,Essendon,12414,Darcy,Parish,Essendon,1.907257698
FeelingDusty,4/05/2024,8,16663,West Coast,Essendon,12358,Kyle,Langford,Essendon,0.015722437
FeelingDusty,4/05/2024,8,16663,West Coast,Essendon,12752,Jye,Caldwell,Essendon,0.009937209
FeelingDusty,4/05/2024,8,16663,West Coast,Essendon,12249,Zach,Merrett,Essendon,2.379972352
FeelingDusty,4/05/2024,8,16663,West Coast,Essendon,12972,Ben,Hobbs,Essendon,0.001351304
FeelingDusty,4/05/2024,8,16663,West Coast,Essendon,12422,Jade,Gresham,Essendon,0.001351304
FeelingDusty,4/05/2024,8,16663,West Coast,Essendon,12858,Nik,Cox,Essendon,0.001351304
FeelingDusty,4/05/2024,8,16663,West Coast,Essendon,12384,Jayden,Laverde,Essendon,0.002575545
FeelingDusty,4/05/2024,8,16663,West Coast,Essendon,12880,Archie,Perkins,Essendon,0.001351304
FeelingDusty,4/05/2024,8,16663,West Coast,Essendon,11692,Todd,Goldstein,Essendon,0.004014317
FeelingDusty,4/05/2024,8,16663,West Coast,Essendon,12371,Peter,Wright,Essendon,0.00322575
FeelingDusty,4/05/2024,8,16663,West Coast,Essendon,11903,Dyson,Heppell,Essendon,0.001351304
FeelingDusty,4/05/2024,8,16663,West Coast,Essendon,12926,Sam,Durham,Essendon,0.066688413
FeelingDusty,4/05/2024,8,16663,West Coast,Essendon,12857,Harrison,Jones,Essendon,0.001351304
FeelingDusty,4/05/2024,8,16663,West Coast,Essendon,12173,Jake,Stringer,Essendon,0.003989842
FeelingDusty,4/05/2024,8,16663,West Coast,Essendon,12445,Mason,Redman,Essendon,0.005741829
FeelingDusty,4/05/2024,8,16663,West Coast,Essendon,12695,Xavier,Duursma,Essendon,0.023398199
FeelingDusty,4/05/2024,8,16663,West Coast,Essendon,12345,Jake,Kelly,Essendon,0.006431069
FeelingDusty,4/05/2024,8,16663,West Coast,Essendon,12588,Ben,McKay,Essendon,0
FeelingDusty,4/05/2024,8,16663,West Coast,Essendon,13040,Alwyn,Davey Jnr,Essendon,0.001351304
FeelingDusty,4/05/2024,8,16663,West Coast,Essendon,12619,Matt,Guelfi,Essendon,0.001351304
FeelingDusty,4/05/2024,8,16663,West Coast,Essendon,12950,Nic,Martin,Essendon,0.612317929
FeelingDusty,4/05/2024,8,16663,West Coast,Essendon,12607,Liam,Ryan,West Coast,0.000136856
FeelingDusty,4/05/2024,8,16663,West Coast,Essendon,12609,Jake,Waterman,West Coast,0.361082951
FeelingDusty,4/05/2024,8,16663,West Coast,Essendon,12260,Dom,Sheed,West Coast,0.000136856
FeelingDusty,4/05/2024,8,16663,West Coast,Essendon,12093,Elliot,Yeo,West Coast,0.004885036
FeelingDusty,4/05/2024,8,16663,West Coast,Essendon,13032,Reuben,Ginbey,West Coast,0.003806475
FeelingDusty,4/05/2024,8,16663,West Coast,Essendon,13112,Harley,Reid,West Coast,0.002775394
FeelingDusty,4/05/2024,8,16663,West Coast,Essendon,12605,Tim,Kelly,West Coast,0.501788376
FeelingDusty,4/05/2024,8,16663,West Coast,Essendon,13031,Noah,Long,West Coast,0.000136856
FeelingDusty,4/05/2024,8,16663,West Coast,Essendon,12340,Liam,Duggan,West Coast,0.002081296
FeelingDusty,4/05/2024,8,16663,West Coast,Essendon,11942,Jamie,Cripps,West Coast,0
FeelingDusty,4/05/2024,8,16663,West Coast,Essendon,12912,Luke,Edwards,West Coast,0.002775394
FeelingDusty,4/05/2024,8,16663,West Coast,Essendon,13033,Campbell,Chesser,West Coast,0.000136856
FeelingDusty,4/05/2024,8,16663,West Coast,Essendon,12958,Brady,Hough,West Coast,0.000136856
FeelingDusty,4/05/2024,8,16663,West Coast,Essendon,12279,Jeremy,McGovern,West Coast,0.005571622
FeelingDusty,4/05/2024,8,16663,West Coast,Essendon,12630,Jack,Petruccelle,West Coast,0.000136856
FeelingDusty,4/05/2024,8,16663,West Coast,Essendon,12554,Alex,Witherden,West Coast,0.000136856
FeelingDusty,4/05/2024,8,16663,West Coast,Essendon,13135,Harvey,Johnston,West Coast,0.000136856
FeelingDusty,4/05/2024,8,16663,West Coast,Essendon,11908,Jack,Darling,West Coast,0.001051163
FeelingDusty,4/05/2024,8,16663,West Coast,Essendon,12454,Tom,Cole,West Coast,0.000136856
FeelingDusty,4/05/2024,8,16663,West Coast,Essendon,12837,Bailey J.,Williams,West Coast,0.0175017
FeelingDusty,4/05/2024,8,16663,West Coast,Essendon,12960,Jack,Williams,West Coast,0.023990672
FeelingDusty,4/05/2024,8,16663,West Coast,Essendon,12709,Josh,Rotham,West Coast,0.000136856
FeelingDusty,4/05/2024,8,16663,West Coast,Essendon,12391,Tom,Barrass,West Coast,0.018687894
FeelingDusty,4/05/2024,8,16662,Melbourne,Geelong,11855,Rhys,Stanley,Geelong,0.003284427
FeelingDusty,4/05/2024,8,16662,Melbourne,Geelong,11979,Zach,Tuohy,Geelong,0.000943147
FeelingDusty,4/05/2024,8,16662,Melbourne,Geelong,12870,Tanner,Bruhn,Geelong,0.004296442
FeelingDusty,4/05/2024,8,16662,Melbourne,Geelong,12022,Jeremy,Cameron,Geelong,0.000211859
FeelingDusty,4/05/2024,8,16662,Melbourne,Geelong,12378,Jake,Kolodjashnij,Geelong,0.000211859
FeelingDusty,4/05/2024,8,16662,Melbourne,Geelong,12882,Max,Holmes,Geelong,1.735285621
FeelingDusty,4/05/2024,8,16662,Melbourne,Geelong,12507,Jack,Bowes,Geelong,0.004296442
FeelingDusty,4/05/2024,8,16662,Melbourne,Geelong,13062,Jhye,Clark,Geelong,0.001627829
FeelingDusty,4/05/2024,8,16662,Melbourne,Geelong,12892,Sam,De Koning,Geelong,0.000211859
FeelingDusty,4/05/2024,8,16662,Melbourne,Geelong,12561,Tyson,Stengle,Geelong,0.003113591
FeelingDusty,4/05/2024,8,16662,Melbourne,Geelong,11804,Mitch,Duncan,Geelong,0
FeelingDusty,4/05/2024,8,16662,Melbourne,Geelong,11849,Gary,Rohan,Geelong,0
FeelingDusty,4/05/2024,8,16662,Melbourne,Geelong,11554,Tom,Hawkins,Geelong,0
FeelingDusty,4/05/2024,8,16662,Melbourne,Geelong,12976,Oliver,Dempsey,Geelong,0.000211859
FeelingDusty,4/05/2024,8,16662,Melbourne,Geelong,11894,Cameron,Guthrie,Geelong,0.000211859
FeelingDusty,4/05/2024,8,16662,Melbourne,Geelong,12687,Tom,Atkins,Geelong,0.122138454
FeelingDusty,4/05/2024,8,16662,Melbourne,Geelong,12690,Gryan,Miers,Geelong,0
FeelingDusty,4/05/2024,8,16662,Melbourne,Geelong,12850,Oliver,Henry,Geelong,0.007836826
FeelingDusty,4/05/2024,8,16662,Melbourne,Geelong,12614,Jack,Henry,Geelong,0.000211859
FeelingDusty,4/05/2024,8,16662,Melbourne,Geelong,12559,Zach,Guthrie,Geelong,0.837026279
FeelingDusty,4/05/2024,8,16662,Melbourne,Geelong,12514,Tom,Stewart,Geelong,0.018728981
FeelingDusty,4/05/2024,8,16662,Melbourne,Geelong,12808,Brad,Close,Geelong,0.000211859
FeelingDusty,4/05/2024,8,16662,Melbourne,Geelong,12160,Mark,Blicavs,Geelong,0.003284427
FeelingDusty,4/05/2024,8,16662,Melbourne,Geelong,11945,Steven,May,Melbourne,0.407934842
FeelingDusty,4/05/2024,8,16662,Melbourne,Geelong,13048,Jacob,van Rooyen,Melbourne,0.002695992
FeelingDusty,4/05/2024,8,16662,Melbourne,Geelong,13036,Judd,McVee,Melbourne,0.002695992
FeelingDusty,4/05/2024,8,16662,Melbourne,Geelong,12437,Christian,Petracca,Melbourne,0.037590903
FeelingDusty,4/05/2024,8,16662,Melbourne,Geelong,13099,Caleb,Windsor,Melbourne,0.255946719
FeelingDusty,4/05/2024,8,16662,Melbourne,Geelong,12152,Jack,Viney,Melbourne,0
FeelingDusty,4/05/2024,8,16662,Melbourne,Geelong,12359,Jake,Lever,Melbourne,0.44374045
FeelingDusty,4/05/2024,8,16662,Melbourne,Geelong,11972,Max,Gawn,Melbourne,0.597551382
FeelingDusty,4/05/2024,8,16662,Melbourne,Geelong,12411,Clayton,Oliver,Melbourne,0.806884616
FeelingDusty,4/05/2024,8,16662,Melbourne,Geelong,12255,Jack,Billings,Melbourne,0.002695992
FeelingDusty,4/05/2024,8,16662,Melbourne,Geelong,12401,Ed,Langdon,Melbourne,0.038636786
FeelingDusty,4/05/2024,8,16662,Melbourne,Geelong,13035,Bailey,Laurie,Melbourne,0.002695992
FeelingDusty,4/05/2024,8,16662,Melbourne,Geelong,13098,Blake,Howes,Melbourne,0.002695992
FeelingDusty,4/05/2024,8,16662,Melbourne,Geelong,12778,Trent,Rivers,Melbourne,0.002695992
FeelingDusty,4/05/2024,8,16662,Melbourne,Geelong,12015,Tom,McDonald,Melbourne,0.003341708
FeelingDusty,4/05/2024,8,16662,Melbourne,Geelong,12375,Alex,Neal-Bullen,Melbourne,0
FeelingDusty,4/05/2024,8,16662,Melbourne,Geelong,12603,Bayley,Fritsch,Melbourne,0.117449642
FeelingDusty,4/05/2024,8,16662,Melbourne,Geelong,12692,Tom,Sparrow,Melbourne,0.006765768
FeelingDusty,4/05/2024,8,16662,Melbourne,Geelong,12660,Harrison,Petty,Melbourne,0.085925559
FeelingDusty,4/05/2024,8,16662,Melbourne,Geelong,12774,Kysaiah,Pickett,Melbourne,0.430622219
FeelingDusty,4/05/2024,8,16662,Melbourne,Geelong,12756,Kade,Chandler,Melbourne,0.002695992
FeelingDusty,4/05/2024,8,16662,Melbourne,Geelong,13078,Taj,Woewodin,Melbourne,0.002695992
FeelingDusty,4/05/2024,8,16662,Melbourne,Geelong,12998,Daniel,Turner,Melbourne,0.002695992
FeelingDusty,5/05/2024,8,16664,Richmond,Fremantle,12149,Jaeger,OMeara,Fremantle,0.014248723
FeelingDusty,5/05/2024,8,16664,Richmond,Fremantle,12786,Caleb,Serong,Fremantle,1.874413923
FeelingDusty,5/05/2024,8,16664,Richmond,Fremantle,12555,Sean,Darcy,Fremantle,0.005252592
FeelingDusty,5/05/2024,8,16664,Richmond,Fremantle,12876,Heath,Chapman,Fremantle,0.001570034
FeelingDusty,5/05/2024,8,16664,Richmond,Fremantle,12688,Jordan,Clark,Fremantle,0.03560065
FeelingDusty,5/05/2024,8,16664,Richmond,Fremantle,11844,Nat,Fyfe,Fremantle,0.000980678
FeelingDusty,5/05/2024,8,16664,Richmond,Fremantle,12596,Andrew,Brayshaw,Fremantle,0.483063675
FeelingDusty,5/05/2024,8,16664,Richmond,Fremantle,12779,Luke,Jackson,Fremantle,0.002700571
FeelingDusty,5/05/2024,8,16664,Richmond,Fremantle,11770,Michael,Walters,Fremantle,0.000980678
FeelingDusty,5/05/2024,8,16664,Richmond,Fremantle,12252,James,Aish,Fremantle,0.002499572
FeelingDusty,5/05/2024,8,16664,Richmond,Fremantle,12550,Luke,Ryan,Fremantle,1.370935218
FeelingDusty,5/05/2024,8,16664,Richmond,Fremantle,12821,Jeremy,Sharp,Fremantle,0.003948726
FeelingDusty,5/05/2024,8,16664,Richmond,Fremantle,13093,Tom,Emmett,Fremantle,0.003948726
FeelingDusty,5/05/2024,8,16664,Richmond,Fremantle,12983,Jye,Amiss,Fremantle,0.001570034
FeelingDusty,5/05/2024,8,16664,Richmond,Fremantle,12361,Alex,Pearce,Fremantle,0.001570034
FeelingDusty,5/05/2024,8,16664,Richmond,Fremantle,12777,Hayden,Young,Fremantle,1.956792047
FeelingDusty,5/05/2024,8,16664,Richmond,Fremantle,13131,Cooper,Simpson,Fremantle,0.001570034
FeelingDusty,5/05/2024,8,16664,Richmond,Fremantle,12915,Brandon,Walker,Fremantle,0.002499572
FeelingDusty,5/05/2024,8,16664,Richmond,Fremantle,12803,Michael,Frederick,Fremantle,0.001570034
FeelingDusty,5/05/2024,8,16664,Richmond,Fremantle,12888,Josh,Treacy,Fremantle,0.186438461
FeelingDusty,5/05/2024,8,16664,Richmond,Fremantle,13113,Joshua,Draper,Fremantle,0.001570034
FeelingDusty,5/05/2024,8,16664,Richmond,Fremantle,12595,Bailey,Banfield,Fremantle,0.001570034
FeelingDusty,5/05/2024,8,16664,Richmond,Fremantle,13049,Matthew,Johnson,Fremantle,0.016302634
FeelingDusty,5/05/2024,8,16664,Richmond,Fremantle,12180,Nick,Vlastuin,Richmond,0.015433746
FeelingDusty,5/05/2024,8,16664,Richmond,Fremantle,11887,Dylan,Grimes,Richmond,0
FeelingDusty,5/05/2024,8,16664,Richmond,Fremantle,11801,Dustin,Martin,Richmond,0
FeelingDusty,5/05/2024,8,16664,Richmond,Fremantle,12668,Liam,Baker,Richmond,0.002247082
FeelingDusty,5/05/2024,8,16664,Richmond,Fremantle,12935,Maurice,Rioli,Richmond,0
FeelingDusty,5/05/2024,8,16664,Richmond,Fremantle,12904,Hugo,Ralphsmith,Richmond,0
FeelingDusty,5/05/2024,8,16664,Richmond,Fremantle,12425,Jayden,Short,Richmond,0
FeelingDusty,5/05/2024,8,16664,Richmond,Fremantle,12409,Daniel,Rioli,Richmond,0.002237847
FeelingDusty,5/05/2024,8,16664,Richmond,Fremantle,12319,Sam,Naismith,Richmond,0
FeelingDusty,5/05/2024,8,16664,Richmond,Fremantle,12379,Toby,Nankervis,Richmond,0.001603608
FeelingDusty,5/05/2024,8,16664,Richmond,Fremantle,12836,Thomson,Dow,Richmond,0.001909744
FeelingDusty,5/05/2024,8,16664,Richmond,Fremantle,12542,Shai,Bolton,Richmond,0
FeelingDusty,5/05/2024,8,16664,Richmond,Fremantle,13097,Tom,Brown,Richmond,0
FeelingDusty,5/05/2024,8,16664,Richmond,Fremantle,12884,Rhyan,Mansell,Richmond,0
FeelingDusty,5/05/2024,8,16664,Richmond,Fremantle,12324,Kamdyn,McIntosh,Richmond,0
FeelingDusty,5/05/2024,8,16664,Richmond,Fremantle,12464,Nathan,Broad,Richmond,0.000154455
FeelingDusty,5/05/2024,8,16664,Richmond,Fremantle,13015,Tyler,Sonsie,Richmond,0
FeelingDusty,5/05/2024,8,16664,Richmond,Fremantle,13076,Sam,Banks,Richmond,0.001603608
FeelingDusty,5/05/2024,8,16664,Richmond,Fremantle,13115,Mykelti,Lefau,Richmond,0
FeelingDusty,5/05/2024,8,16664,Richmond,Fremantle,13100,Seth,Campbell,Richmond,0
FeelingDusty,5/05/2024,8,16664,Richmond,Fremantle,13044,Tylar,Young,Richmond,0.000154455
FeelingDusty,5/05/2024,8,16664,Richmond,Fremantle,12940,Ben,Miller,Richmond,0
FeelingDusty,5/05/2024,8,16664,Richmond,Fremantle,12761,Marlion,Pickett,Richmond,0.003058771
FeelingDusty,5/05/2024,8,16665,Western Bulldogs,Hawthorn,12585,Harry,Morrison,Hawthorn,0.001681186
FeelingDusty,5/05/2024,8,16665,Western Bulldogs,Hawthorn,12913,Jai,Newcombe,Hawthorn,0.006517964
FeelingDusty,5/05/2024,8,16665,Western Bulldogs,Hawthorn,12245,Jarman,Impey,Hawthorn,1.834520269
FeelingDusty,5/05/2024,8,16665,Western Bulldogs,Hawthorn,12626,James,Worpel,Hawthorn,0.000927951
FeelingDusty,5/05/2024,8,16665,Western Bulldogs,Hawthorn,12342,James,Sicily,Hawthorn,0.124939006
FeelingDusty,5/05/2024,8,16665,Western Bulldogs,Hawthorn,12124,Sam,Frost,Hawthorn,0.002676532
FeelingDusty,5/05/2024,8,16665,Western Bulldogs,Hawthorn,12365,Karl,Amon,Hawthorn,0.003905907
FeelingDusty,5/05/2024,8,16665,Western Bulldogs,Hawthorn,12678,Conor,Nash,Hawthorn,0.078493332
FeelingDusty,5/05/2024,8,16665,Western Bulldogs,Hawthorn,12794,Will,Day,Hawthorn,0.004228279
FeelingDusty,5/05/2024,8,16665,Western Bulldogs,Hawthorn,12710,Dylan,Moore,Hawthorn,0.700774785
FeelingDusty,5/05/2024,8,16665,Western Bulldogs,Hawthorn,12571,Jack,Scrimshaw,Hawthorn,0.002676532
FeelingDusty,5/05/2024,8,16665,Western Bulldogs,Hawthorn,12477,Blake,Hardwick,Hawthorn,0.054043492
FeelingDusty,5/05/2024,8,16665,Western Bulldogs,Hawthorn,12999,Massimo,DAmbrosio,Hawthorn,0.001681186
FeelingDusty,5/05/2024,8,16665,Western Bulldogs,Hawthorn,12854,Lloyd,Meek,Hawthorn,0.199388109
FeelingDusty,5/05/2024,8,16665,Western Bulldogs,Hawthorn,11854,Jack,Gunston,Hawthorn,0.004384935
FeelingDusty,5/05/2024,8,16665,Western Bulldogs,Hawthorn,13059,Josh,Weddle,Hawthorn,0.002104456
FeelingDusty,5/05/2024,8,16665,Western Bulldogs,Hawthorn,12954,Josh,Ward,Hawthorn,0.004228279
FeelingDusty,5/05/2024,8,16665,Western Bulldogs,Hawthorn,13039,Cam,Mackenzie,Hawthorn,0.001681186
FeelingDusty,5/05/2024,8,16665,Western Bulldogs,Hawthorn,12953,Connor,Macdonald,Hawthorn,0.005754759
FeelingDusty,5/05/2024,8,16665,Western Bulldogs,Hawthorn,12846,Finn,Maginness,Hawthorn,0.004228279
FeelingDusty,5/05/2024,8,16665,Western Bulldogs,Hawthorn,12928,Jack,Ginnivan,Hawthorn,0.001681186
FeelingDusty,5/05/2024,8,16665,Western Bulldogs,Hawthorn,13103,Nick,Watson,Hawthorn,0.001681186
FeelingDusty,5/05/2024,8,16665,Western Bulldogs,Hawthorn,13137,Calsher,Dear,Hawthorn,0.003490668
FeelingDusty,5/05/2024,8,16665,Western Bulldogs,Hawthorn,12058,Adam,Treloar,Western Bulldogs,0.262383984
FeelingDusty,5/05/2024,8,16665,Western Bulldogs,Hawthorn,12924,Jamarra,Ugle-Hagan,Western Bulldogs,0.003604744
FeelingDusty,5/05/2024,8,16665,Western Bulldogs,Hawthorn,12277,Marcus,Bontempelli,Western Bulldogs,1.828960489
FeelingDusty,5/05/2024,8,16665,Western Bulldogs,Hawthorn,13136,Charlie,Clarke,Western Bulldogs,0.002664414
FeelingDusty,5/05/2024,8,16665,Western Bulldogs,Hawthorn,13023,Sam,Darcy,Western Bulldogs,0.000132113
FeelingDusty,5/05/2024,8,16665,Western Bulldogs,Hawthorn,12172,Jack,Macrae,Western Bulldogs,0.000543388
FeelingDusty,5/05/2024,8,16665,Western Bulldogs,Hawthorn,13110,Harvey,Gallagher,Western Bulldogs,0.000132113
FeelingDusty,5/05/2024,8,16665,Western Bulldogs,Hawthorn,12723,Oskar,Baker,Western Bulldogs,0.000132113
FeelingDusty,5/05/2024,8,16665,Western Bulldogs,Hawthorn,12169,Taylor,Duryea,Western Bulldogs,0
FeelingDusty,5/05/2024,8,16665,Western Bulldogs,Hawthorn,13063,James,ODonnell,Western Bulldogs,0.000132113
FeelingDusty,5/05/2024,8,16665,Western Bulldogs,Hawthorn,11874,Liam,Jones,Western Bulldogs,0.000496379
FeelingDusty,5/05/2024,8,16665,Western Bulldogs,Hawthorn,12612,Ed,Richards,Western Bulldogs,0.004552057
FeelingDusty,5/05/2024,8,16665,Western Bulldogs,Hawthorn,11904,Tom,Liberatore,Western Bulldogs,0.006453742
FeelingDusty,5/05/2024,8,16665,Western Bulldogs,Hawthorn,12385,James,Harmes,Western Bulldogs,0.028558328
FeelingDusty,5/05/2024,8,16665,Western Bulldogs,Hawthorn,12781,Laitham,Vandermeer,Western Bulldogs,0.001941595
FeelingDusty,5/05/2024,8,16665,Western Bulldogs,Hawthorn,12901,Buku,Khamis,Western Bulldogs,0.000132113
FeelingDusty,5/05/2024,8,16665,Western Bulldogs,Hawthorn,12917,Lachlan,Bramble,Western Bulldogs,0.000132113
FeelingDusty,5/05/2024,8,16665,Western Bulldogs,Hawthorn,12362,Bailey,Dale,Western Bulldogs,0.069960974
FeelingDusty,5/05/2024,8,16665,Western Bulldogs,Hawthorn,12602,Aaron,Naughton,Western Bulldogs,0.001064171
FeelingDusty,5/05/2024,8,16665,Western Bulldogs,Hawthorn,12449,Bailey,Williams,Western Bulldogs,0.005884863
FeelingDusty,5/05/2024,8,16665,Western Bulldogs,Hawthorn,12908,Riley,Garcia,Western Bulldogs,0.000132113
FeelingDusty,5/05/2024,8,16665,Western Bulldogs,Hawthorn,12128,Jason,Johannisen,Western Bulldogs,0.000132113
FeelingDusty,5/05/2024,8,16665,Western Bulldogs,Hawthorn,12548,Tim,English,Western Bulldogs,0.73618451
FeelingDusty,5/05/2024,8,16682,Brisbane,Gold Coast,12969,Kai,Lohmann,Brisbane,0.004335299
FeelingDusty,5/05/2024,8,16682,Brisbane,Gold Coast,12205,Joe,Daniher,Brisbane,0.018650652
FeelingDusty,5/05/2024,8,16682,Brisbane,Gold Coast,12421,Josh,Dunkley,Brisbane,1.145916261
FeelingDusty,5/05/2024,8,16682,Brisbane,Gold Coast,12526,Hugh,McCluggage,Brisbane,0.945423157
FeelingDusty,5/05/2024,8,16682,Brisbane,Gold Coast,12525,Jarrod,Berry,Brisbane,0.161598992
FeelingDusty,5/05/2024,8,16682,Brisbane,Gold Coast,12061,Lachie,Neale,Brisbane,0.440248027
FeelingDusty,5/05/2024,8,16682,Brisbane,Gold Coast,12094,Lincoln,McCarthy,Brisbane,0.00180505
FeelingDusty,5/05/2024,8,16682,Brisbane,Gold Coast,13138,Logan,Morris,Brisbane,0.00180505
FeelingDusty,5/05/2024,8,16682,Brisbane,Gold Coast,12082,Dayne,Zorko,Brisbane,2.860331982
FeelingDusty,5/05/2024,8,16682,Brisbane,Gold Coast,12594,Cam,Rayner,Brisbane,0.007258678
FeelingDusty,5/05/2024,8,16682,Brisbane,Gold Coast,12862,Harry,Sharp,Brisbane,0.00180505
FeelingDusty,5/05/2024,8,16682,Brisbane,Gold Coast,12284,Charlie,Cameron,Brisbane,0.00180505
FeelingDusty,5/05/2024,8,16682,Brisbane,Gold Coast,12400,Conor,McKenna,Brisbane,0
FeelingDusty,5/05/2024,8,16682,Brisbane,Gold Coast,12274,Darcy,Gardiner,Brisbane,0.00374785
FeelingDusty,5/05/2024,8,16682,Brisbane,Gold Coast,13072,Jaspa,Fletcher,Brisbane,0.004539805
FeelingDusty,5/05/2024,8,16682,Brisbane,Gold Coast,12462,Eric,Hipwood,Brisbane,0.00180505
FeelingDusty,5/05/2024,8,16682,Brisbane,Gold Coast,12347,Harris,Andrews,Brisbane,0.299684832
FeelingDusty,5/05/2024,8,16682,Brisbane,Gold Coast,11901,Ryan,Lester,Brisbane,0.005863824
FeelingDusty,5/05/2024,8,16682,Brisbane,Gold Coast,13139,Bruce,Reville,Brisbane,0.002259506
FeelingDusty,5/05/2024,8,16682,Brisbane,Gold Coast,12815,Jack,Payne,Brisbane,0.002157011
FeelingDusty,5/05/2024,8,16682,Brisbane,Gold Coast,12719,Noah,Answerth,Brisbane,0.00180505
FeelingDusty,5/05/2024,8,16682,Brisbane,Gold Coast,13027,Darcy,Wilmot,Brisbane,0.006916434
FeelingDusty,5/05/2024,8,16682,Brisbane,Gold Coast,12625,Oscar,McInerney,Brisbane,0.007070053
FeelingDusty,5/05/2024,8,16682,Brisbane,Gold Coast,12389,Rory,Atkins,Gold Coast,0.002109763
FeelingDusty,5/05/2024,8,16682,Brisbane,Gold Coast,12825,Sam,Flanders,Gold Coast,0.009548022
FeelingDusty,5/05/2024,8,16682,Brisbane,Gold Coast,12314,Nick,Holman,Gold Coast,0.001127465
FeelingDusty,5/05/2024,8,16682,Brisbane,Gold Coast,12489,Brayden,Fiorini,Gold Coast,0.00184365
FeelingDusty,5/05/2024,8,16682,Brisbane,Gold Coast,12506,Ben,Ainsworth,Gold Coast,0.000915552
FeelingDusty,5/05/2024,8,16682,Brisbane,Gold Coast,12631,Charlie,Ballard,Gold Coast,0
FeelingDusty,5/05/2024,8,16682,Brisbane,Gold Coast,12329,Touk,Miller,Gold Coast,0.005952354
FeelingDusty,5/05/2024,8,16682,Brisbane,Gold Coast,12703,Jack,Lukosius,Gold Coast,0
FeelingDusty,5/05/2024,8,16682,Brisbane,Gold Coast,12767,Noah,Anderson,Gold Coast,0.043406182
FeelingDusty,5/05/2024,8,16682,Brisbane,Gold Coast,12776,Thomas,Berry,Gold Coast,0
FeelingDusty,5/05/2024,8,16682,Brisbane,Gold Coast,13114,Jed,Walter,Gold Coast,0
FeelingDusty,5/05/2024,8,16682,Brisbane,Gold Coast,12769,Matt,Rowell,Gold Coast,0
FeelingDusty,5/05/2024,8,16682,Brisbane,Gold Coast,13121,Ethan,Read,Gold Coast,0
FeelingDusty,5/05/2024,8,16682,Brisbane,Gold Coast,12529,Ben,Long,Gold Coast,0
FeelingDusty,5/05/2024,8,16682,Brisbane,Gold Coast,11923,David,Swallow,Gold Coast,0
FeelingDusty,5/05/2024,8,16682,Brisbane,Gold Coast,12453,Sam,Collins,Gold Coast,0.000275284
FeelingDusty,5/05/2024,8,16682,Brisbane,Gold Coast,13120,Will,Graham,Gold Coast,0
FeelingDusty,5/05/2024,8,16682,Brisbane,Gold Coast,12658,Wil,Powell,Gold Coast,0
FeelingDusty,5/05/2024,8,16682,Brisbane,Gold Coast,12184,Jarrod,Witts,Gold Coast,0.00184365
FeelingDusty,5/05/2024,8,16682,Brisbane,Gold Coast,13127,Jake,Rogers,Gold Coast,0
FeelingDusty,5/05/2024,8,16682,Brisbane,Gold Coast,13019,Mac,Andrew,Gold Coast,0
FeelingDusty,5/05/2024,8,16682,Brisbane,Gold Coast,13119,Sam,Clohesy,Gold Coast,0.003868595
FeelingDusty,5/05/2024,8,16682,Brisbane,Gold Coast,12728,Ben,King,Gold Coast,0.00227682
FeelingDusty,9/05/2024,9,16684,Carlton,Melbourne,13028,Lachlan,Cowan,Carlton,0.001265568
FeelingDusty,9/05/2024,9,16684,Carlton,Melbourne,13029,Oliver,Hollands,Carlton,0.003736698
FeelingDusty,9/05/2024,9,16684,Carlton,Melbourne,12610,Adam,Cerra,Carlton,0.002056417
FeelingDusty,9/05/2024,9,16684,Carlton,Melbourne,12463,Matthew,Kennedy,Carlton,0.004128538
FeelingDusty,9/05/2024,9,16684,Carlton,Melbourne,12269,Patrick,Cripps,Carlton,1.523082483
FeelingDusty,9/05/2024,9,16684,Carlton,Melbourne,12575,Harry,McKay,Carlton,0.001265568
FeelingDusty,9/05/2024,9,16684,Carlton,Melbourne,12415,Mitch,McGovern,Carlton,0.001994248
FeelingDusty,9/05/2024,9,16684,Carlton,Melbourne,12681,Tom,De Koning,Carlton,0.001265568
FeelingDusty,9/05/2024,9,16684,Carlton,Melbourne,12282,Blake,Acres,Carlton,0.003423941
FeelingDusty,9/05/2024,9,16684,Carlton,Melbourne,12938,Brodie,Kemp,Carlton,0.001583601
FeelingDusty,9/05/2024,9,16684,Carlton,Melbourne,12685,Sam,Walsh,Carlton,1.432701375
FeelingDusty,9/05/2024,9,16684,Carlton,Melbourne,12937,Corey,Durdin,Carlton,0.001265568
FeelingDusty,9/05/2024,9,16684,Carlton,Melbourne,13017,Elijah,Hollands,Carlton,0.001265568
FeelingDusty,9/05/2024,9,16684,Carlton,Melbourne,12243,Jack,Martin,Carlton,0.001265568
FeelingDusty,9/05/2024,9,16684,Carlton,Melbourne,12410,Jacob,Weitering,Carlton,0.237108347
FeelingDusty,9/05/2024,9,16684,Carlton,Melbourne,12517,Nic,Newman,Carlton,0.001341385
FeelingDusty,9/05/2024,9,16684,Carlton,Melbourne,12424,Marc,Pittonet,Carlton,0.004128538
FeelingDusty,9/05/2024,9,16684,Carlton,Melbourne,12417,George,Hewett,Carlton,0.001265568
FeelingDusty,9/05/2024,9,16684,Carlton,Melbourne,12428,Charlie,Curnow,Carlton,0.015025499
FeelingDusty,9/05/2024,9,16684,Carlton,Melbourne,12965,Jordan,Boyd,Carlton,0.001265568
FeelingDusty,9/05/2024,9,16684,Carlton,Melbourne,13057,Alex,Cincotta,Carlton,0.001265568
FeelingDusty,9/05/2024,9,16684,Carlton,Melbourne,12842,Matthew,Owies,Carlton,0.004169476
FeelingDusty,9/05/2024,9,16684,Carlton,Melbourne,12823,Matthew,Cottrell,Carlton,0.001265568
FeelingDusty,9/05/2024,9,16684,Carlton,Melbourne,11945,Steven,May,Melbourne,0.001811012
FeelingDusty,9/05/2024,9,16684,Carlton,Melbourne,13048,Jacob,van Rooyen,Melbourne,0.000429833
FeelingDusty,9/05/2024,9,16684,Carlton,Melbourne,13036,Judd,McVee,Melbourne,0.000429833
FeelingDusty,9/05/2024,9,16684,Carlton,Melbourne,12437,Christian,Petracca,Melbourne,2.463580356
FeelingDusty,9/05/2024,9,16684,Carlton,Melbourne,13099,Caleb,Windsor,Melbourne,0.002900964
FeelingDusty,9/05/2024,9,16684,Carlton,Melbourne,12152,Jack,Viney,Melbourne,0.08629815
FeelingDusty,9/05/2024,9,16684,Carlton,Melbourne,12359,Jake,Lever,Melbourne,0.001521152
FeelingDusty,9/05/2024,9,16684,Carlton,Melbourne,11972,Max,Gawn,Melbourne,0.028136425
FeelingDusty,9/05/2024,9,16684,Carlton,Melbourne,12411,Clayton,Oliver,Melbourne,0.010719444
FeelingDusty,9/05/2024,9,16684,Carlton,Melbourne,12255,Jack,Billings,Melbourne,0.000840481
FeelingDusty,9/05/2024,9,16684,Carlton,Melbourne,12401,Ed,Langdon,Melbourne,0.045297525
FeelingDusty,9/05/2024,9,16684,Carlton,Melbourne,12933,Jake,Bowey,Melbourne,0.000429833
FeelingDusty,9/05/2024,9,16684,Carlton,Melbourne,13098,Blake,Howes,Melbourne,0.000429833
FeelingDusty,9/05/2024,9,16684,Carlton,Melbourne,12778,Trent,Rivers,Melbourne,0.000429833
FeelingDusty,9/05/2024,9,16684,Carlton,Melbourne,12015,Tom,McDonald,Melbourne,0.000747866
FeelingDusty,9/05/2024,9,16684,Carlton,Melbourne,12375,Alex,Neal-Bullen,Melbourne,0.103596011
FeelingDusty,9/05/2024,9,16684,Carlton,Melbourne,12603,Bayley,Fritsch,Melbourne,0
FeelingDusty,9/05/2024,9,16684,Carlton,Melbourne,12692,Tom,Sparrow,Melbourne,0.003545895
FeelingDusty,9/05/2024,9,16684,Carlton,Melbourne,12660,Harrison,Petty,Melbourne,0.000429833
FeelingDusty,9/05/2024,9,16684,Carlton,Melbourne,12774,Kysaiah,Pickett,Melbourne,0.000429833
FeelingDusty,9/05/2024,9,16684,Carlton,Melbourne,12756,Kade,Chandler,Melbourne,0
FeelingDusty,9/05/2024,9,16684,Carlton,Melbourne,13078,Taj,Woewodin,Melbourne,0.000429833
FeelingDusty,9/05/2024,9,16684,Carlton,Melbourne,12998,Daniel,Turner,Melbourne,0.000429833
FeelingDusty,10/05/2024,9,16687,Fremantle,Sydney,12149,Jaeger,OMeara,Fremantle,0
FeelingDusty,10/05/2024,9,16687,Fremantle,Sydney,12786,Caleb,Serong,Fremantle,1.10162187
FeelingDusty,10/05/2024,9,16687,Fremantle,Sydney,12876,Heath,Chapman,Fremantle,0
FeelingDusty,10/05/2024,9,16687,Fremantle,Sydney,12688,Jordan,Clark,Fremantle,0
FeelingDusty,10/05/2024,9,16687,Fremantle,Sydney,11844,Nat,Fyfe,Fremantle,0.011132439
FeelingDusty,10/05/2024,9,16687,Fremantle,Sydney,12596,Andrew,Brayshaw,Fremantle,0.006742303
FeelingDusty,10/05/2024,9,16687,Fremantle,Sydney,12779,Luke,Jackson,Fremantle,0.001635202
FeelingDusty,10/05/2024,9,16687,Fremantle,Sydney,11770,Michael,Walters,Fremantle,0
FeelingDusty,10/05/2024,9,16687,Fremantle,Sydney,12252,James,Aish,Fremantle,0.004026789
FeelingDusty,10/05/2024,9,16687,Fremantle,Sydney,12550,Luke,Ryan,Fremantle,0.000513693
FeelingDusty,10/05/2024,9,16687,Fremantle,Sydney,12821,Jeremy,Sharp,Fremantle,0.069515321
FeelingDusty,10/05/2024,9,16687,Fremantle,Sydney,13093,Tom,Emmett,Fremantle,0
FeelingDusty,10/05/2024,9,16687,Fremantle,Sydney,12983,Jye,Amiss,Fremantle,0
FeelingDusty,10/05/2024,9,16687,Fremantle,Sydney,12361,Alex,Pearce,Fremantle,0.000185496
FeelingDusty,10/05/2024,9,16687,Fremantle,Sydney,12777,Hayden,Young,Fremantle,0
FeelingDusty,10/05/2024,9,16687,Fremantle,Sydney,12915,Brandon,Walker,Fremantle,0.000130275
FeelingDusty,10/05/2024,9,16687,Fremantle,Sydney,12803,Michael,Frederick,Fremantle,0
FeelingDusty,10/05/2024,9,16687,Fremantle,Sydney,12888,Josh,Treacy,Fremantle,0
FeelingDusty,10/05/2024,9,16687,Fremantle,Sydney,13113,Joshua,Draper,Fremantle,0
FeelingDusty,10/05/2024,9,16687,Fremantle,Sydney,13132,Patrick,Voss,Fremantle,0
FeelingDusty,10/05/2024,9,16687,Fremantle,Sydney,12679,Sam,Switkowski,Fremantle,0
FeelingDusty,10/05/2024,9,16687,Fremantle,Sydney,12595,Bailey,Banfield,Fremantle,0
FeelingDusty,10/05/2024,9,16687,Fremantle,Sydney,13049,Matthew,Johnson,Fremantle,0.001925888
FeelingDusty,10/05/2024,9,16687,Fremantle,Sydney,12799,Chad,Warner,Sydney,0.556248248
FeelingDusty,10/05/2024,9,16687,Fremantle,Sydney,12745,Hayden,McLean,Sydney,0.001885566
FeelingDusty,10/05/2024,9,16687,Fremantle,Sydney,12070,Taylor,Adams,Sydney,0.001885566
FeelingDusty,10/05/2024,9,16687,Fremantle,Sydney,12223,Brodie,Grundy,Sydney,0.020146489
FeelingDusty,10/05/2024,9,16687,Fremantle,Sydney,12331,Isaac,Heeney,Sydney,1.868485642
FeelingDusty,10/05/2024,9,16687,Fremantle,Sydney,12863,Logan,McDonald,Sydney,0.001885566
FeelingDusty,10/05/2024,9,16687,Fremantle,Sydney,12038,Harry,Cunningham,Sydney,0.001885566
FeelingDusty,10/05/2024,9,16687,Fremantle,Sydney,12715,James,Rowbottom,Sydney,0.003866272
FeelingDusty,10/05/2024,9,16687,Fremantle,Sydney,12516,Will,Hayward,Sydney,0.141929261
FeelingDusty,10/05/2024,9,16687,Fremantle,Sydney,12475,Aaron,Francis,Sydney,0.003001916
FeelingDusty,10/05/2024,9,16687,Fremantle,Sydney,12419,Tom,Papley,Sydney,0.001885566
FeelingDusty,10/05/2024,9,16687,Fremantle,Sydney,12501,Oliver,Florent,Sydney,1.732565
FeelingDusty,10/05/2024,9,16687,Fremantle,Sydney,12820,Sam,Wicks,Sydney,0.002337178
FeelingDusty,10/05/2024,9,16687,Fremantle,Sydney,12853,James,Jordon,Sydney,0.124673641
FeelingDusty,10/05/2024,9,16687,Fremantle,Sydney,12864,Errol,Gulden,Sydney,0.195353638
FeelingDusty,10/05/2024,9,16687,Fremantle,Sydney,12699,Nick,Blakey,Sydney,0.019055886
FeelingDusty,10/05/2024,9,16687,Fremantle,Sydney,12148,Dane,Rampe,Sydney,0.001177767
FeelingDusty,10/05/2024,9,16687,Fremantle,Sydney,12711,Justin,McInerney,Sydney,0.011181514
FeelingDusty,10/05/2024,9,16687,Fremantle,Sydney,12993,Matt,Roberts,Sydney,0.001885566
FeelingDusty,10/05/2024,9,16687,Fremantle,Sydney,12847,Joel,Amartey,Sydney,0
FeelingDusty,10/05/2024,9,16687,Fremantle,Sydney,12515,Robbie,Fox,Sydney,0.001885566
FeelingDusty,10/05/2024,9,16687,Fremantle,Sydney,12533,Lewis,Melican,Sydney,0.001885566
FeelingDusty,10/05/2024,9,16687,Fremantle,Sydney,12275,Jake,Lloyd,Sydney,0.107463742
FeelingDusty,10/05/2024,9,16686,Geelong,Port Adelaide,11855,Rhys,Stanley,Geelong,0.001873441
FeelingDusty,10/05/2024,9,16686,Geelong,Port Adelaide,12513,Brandan,Parfitt,Geelong,0.001367916
FeelingDusty,10/05/2024,9,16686,Geelong,Port Adelaide,12022,Jeremy,Cameron,Geelong,0.001360274
FeelingDusty,10/05/2024,9,16686,Geelong,Port Adelaide,12378,Jake,Kolodjashnij,Geelong,0.000120845
FeelingDusty,10/05/2024,9,16686,Geelong,Port Adelaide,12882,Max,Holmes,Geelong,0.054249067
FeelingDusty,10/05/2024,9,16686,Geelong,Port Adelaide,13062,Jhye,Clark,Geelong,0.000120845
FeelingDusty,10/05/2024,9,16686,Geelong,Port Adelaide,12892,Sam,De Koning,Geelong,0.001031297
FeelingDusty,10/05/2024,9,16686,Geelong,Port Adelaide,12561,Tyson,Stengle,Geelong,0.139403446
FeelingDusty,10/05/2024,9,16686,Geelong,Port Adelaide,11804,Mitch,Duncan,Geelong,0.002188278
FeelingDusty,10/05/2024,9,16686,Geelong,Port Adelaide,11849,Gary,Rohan,Geelong,0
FeelingDusty,10/05/2024,9,16686,Geelong,Port Adelaide,11554,Tom,Hawkins,Geelong,0
FeelingDusty,10/05/2024,9,16686,Geelong,Port Adelaide,12976,Oliver,Dempsey,Geelong,0.002450696
FeelingDusty,10/05/2024,9,16686,Geelong,Port Adelaide,11894,Cameron,Guthrie,Geelong,0.027476781
FeelingDusty,10/05/2024,9,16686,Geelong,Port Adelaide,12687,Tom,Atkins,Geelong,0.00017435
FeelingDusty,10/05/2024,9,16686,Geelong,Port Adelaide,12690,Gryan,Miers,Geelong,0.004163811
FeelingDusty,10/05/2024,9,16686,Geelong,Port Adelaide,13067,Oisin,Mullin,Geelong,0.000120845
FeelingDusty,10/05/2024,9,16686,Geelong,Port Adelaide,12850,Oliver,Henry,Geelong,0.000120845
FeelingDusty,10/05/2024,9,16686,Geelong,Port Adelaide,12614,Jack,Henry,Geelong,0.001031297
FeelingDusty,10/05/2024,9,16686,Geelong,Port Adelaide,12559,Zach,Guthrie,Geelong,0.124955857
FeelingDusty,10/05/2024,9,16686,Geelong,Port Adelaide,12540,Mark,OConnor,Geelong,0.000120845
FeelingDusty,10/05/2024,9,16686,Geelong,Port Adelaide,12514,Tom,Stewart,Geelong,0.000705034
FeelingDusty,10/05/2024,9,16686,Geelong,Port Adelaide,12808,Brad,Close,Geelong,0.000120845
FeelingDusty,10/05/2024,9,16686,Geelong,Port Adelaide,12160,Mark,Blicavs,Geelong,0.001873441
FeelingDusty,10/05/2024,9,16686,Geelong,Port Adelaide,12485,Ryan,Burton,Port Adelaide,0
FeelingDusty,10/05/2024,9,16686,Geelong,Port Adelaide,12581,Todd,Marshall,Port Adelaide,0.001193212
FeelingDusty,10/05/2024,9,16686,Geelong,Port Adelaide,12503,Dan,Houston,Port Adelaide,0.011815695
FeelingDusty,10/05/2024,9,16686,Geelong,Port Adelaide,12671,Kane,Farrell,Port Adelaide,0.001193212
FeelingDusty,10/05/2024,9,16686,Geelong,Port Adelaide,12962,Josh,Sinn,Port Adelaide,0.001580382
FeelingDusty,10/05/2024,9,16686,Geelong,Port Adelaide,12693,Zak,Butters,Port Adelaide,1.963149358
FeelingDusty,10/05/2024,9,16686,Geelong,Port Adelaide,11591,Travis,Boak,Port Adelaide,0.005387695
FeelingDusty,10/05/2024,9,16686,Geelong,Port Adelaide,12557,Jeremy,Finlayson,Port Adelaide,0.003509533
FeelingDusty,10/05/2024,9,16686,Geelong,Port Adelaide,12868,Miles,Bergman,Port Adelaide,0.003523063
FeelingDusty,10/05/2024,9,16686,Geelong,Port Adelaide,12613,Willie,Rioli,Port Adelaide,0.285284295
FeelingDusty,10/05/2024,9,16686,Geelong,Port Adelaide,12155,Ollie,Wines,Port Adelaide,1.732889306
FeelingDusty,10/05/2024,9,16686,Geelong,Port Adelaide,12955,Jason,Horne-Francis,Port Adelaide,1.587874913
FeelingDusty,10/05/2024,9,16686,Geelong,Port Adelaide,12770,Mitch,Georgiades,Port Adelaide,0.001193212
FeelingDusty,10/05/2024,9,16686,Geelong,Port Adelaide,12442,Aliir,Aliir,Port Adelaide,0.002103665
FeelingDusty,10/05/2024,9,16686,Geelong,Port Adelaide,11915,Charlie,Dixon,Port Adelaide,0.000615958
FeelingDusty,10/05/2024,9,16686,Geelong,Port Adelaide,12757,Brandon,Zerk-Thatcher,Port Adelaide,0.001193212
FeelingDusty,10/05/2024,9,16686,Geelong,Port Adelaide,12606,Esava,Ratugolea,Port Adelaide,0.004419986
FeelingDusty,10/05/2024,9,16686,Geelong,Port Adelaide,12694,Willem,Drew,Port Adelaide,0.01007436
FeelingDusty,10/05/2024,9,16686,Geelong,Port Adelaide,12873,Francis,Evans,Port Adelaide,0.001193212
FeelingDusty,10/05/2024,9,16686,Geelong,Port Adelaide,12429,Darcy,Byrne-Jones,Port Adelaide,0.001193212
FeelingDusty,10/05/2024,9,16686,Geelong,Port Adelaide,13074,Dante,Visentini,Port Adelaide,0.003523063
FeelingDusty,10/05/2024,9,16686,Geelong,Port Adelaide,12925,Jed,McEntee,Port Adelaide,0.000583065
FeelingDusty,10/05/2024,9,16686,Geelong,Port Adelaide,12952,Jackson,Mead,Port Adelaide,0.011476334
FeelingDusty,11/05/2024,9,16688,Hawthorn,St Kilda,12913,Jai,Newcombe,Hawthorn,1.654766279
FeelingDusty,11/05/2024,9,16688,Hawthorn,St Kilda,12245,Jarman,Impey,Hawthorn,0.094409168
FeelingDusty,11/05/2024,9,16688,Hawthorn,St Kilda,12626,James,Worpel,Hawthorn,0.002729851
FeelingDusty,11/05/2024,9,16688,Hawthorn,St Kilda,12124,Sam,Frost,Hawthorn,0.002181431
FeelingDusty,11/05/2024,9,16688,Hawthorn,St Kilda,12365,Karl,Amon,Hawthorn,0.954410619
FeelingDusty,11/05/2024,9,16688,Hawthorn,St Kilda,12678,Conor,Nash,Hawthorn,0.002814857
FeelingDusty,11/05/2024,9,16688,Hawthorn,St Kilda,12794,Will,Day,Hawthorn,0.001627425
FeelingDusty,11/05/2024,9,16688,Hawthorn,St Kilda,12710,Dylan,Moore,Hawthorn,0.010424832
FeelingDusty,11/05/2024,9,16688,Hawthorn,St Kilda,12571,Jack,Scrimshaw,Hawthorn,0.049471924
FeelingDusty,11/05/2024,9,16688,Hawthorn,St Kilda,12477,Blake,Hardwick,Hawthorn,0
FeelingDusty,11/05/2024,9,16688,Hawthorn,St Kilda,12999,Massimo,DAmbrosio,Hawthorn,0.001237322
FeelingDusty,11/05/2024,9,16688,Hawthorn,St Kilda,12854,Lloyd,Meek,Hawthorn,0.159771533
FeelingDusty,11/05/2024,9,16688,Hawthorn,St Kilda,11854,Jack,Gunston,Hawthorn,0.000638728
FeelingDusty,11/05/2024,9,16688,Hawthorn,St Kilda,11960,Luke,Breust,Hawthorn,0.000638728
FeelingDusty,11/05/2024,9,16688,Hawthorn,St Kilda,13059,Josh,Weddle,Hawthorn,0.002563364
FeelingDusty,11/05/2024,9,16688,Hawthorn,St Kilda,13039,Cam,Mackenzie,Hawthorn,0.001237322
FeelingDusty,11/05/2024,9,16688,Hawthorn,St Kilda,13022,Jai,Serong,Hawthorn,0.001237322
FeelingDusty,11/05/2024,9,16688,Hawthorn,St Kilda,12953,Connor,Macdonald,Hawthorn,0.001142615
FeelingDusty,11/05/2024,9,16688,Hawthorn,St Kilda,12846,Finn,Maginness,Hawthorn,0.001237322
FeelingDusty,11/05/2024,9,16688,Hawthorn,St Kilda,12928,Jack,Ginnivan,Hawthorn,0.003639269
FeelingDusty,11/05/2024,9,16688,Hawthorn,St Kilda,13103,Nick,Watson,Hawthorn,0.022678157
FeelingDusty,11/05/2024,9,16688,Hawthorn,St Kilda,13137,Calsher,Dear,Hawthorn,0.003639269
FeelingDusty,11/05/2024,9,16688,Hawthorn,St Kilda,13055,Seamus,Mitchell,Hawthorn,0.002181431
FeelingDusty,11/05/2024,9,16688,Hawthorn,St Kilda,12968,Marcus,Windhager,St Kilda,0.002343698
FeelingDusty,11/05/2024,9,16688,Hawthorn,St Kilda,12138,Sebastian,Ross,St Kilda,0.002527259
FeelingDusty,11/05/2024,9,16688,Hawthorn,St Kilda,12947,Nasiah,Wanganeen-Milera,St Kilda,0.103790337
FeelingDusty,11/05/2024,9,16688,Hawthorn,St Kilda,12066,Bradley,Hill,St Kilda,0.000125312
FeelingDusty,11/05/2024,9,16688,Hawthorn,St Kilda,12377,Jack,Steele,St Kilda,0.449537564
FeelingDusty,11/05/2024,9,16688,Hawthorn,St Kilda,12945,Mitch,Owens,St Kilda,0.005529724
FeelingDusty,11/05/2024,9,16688,Hawthorn,St Kilda,12771,Max,King,St Kilda,0.005529724
FeelingDusty,11/05/2024,9,16688,Hawthorn,St Kilda,12721,Liam,Stocker,St Kilda,0.00254129
FeelingDusty,11/05/2024,9,16688,Hawthorn,St Kilda,12946,Jack,Hayes,St Kilda,0.000125312
FeelingDusty,11/05/2024,9,16688,Hawthorn,St Kilda,12572,Rowan,Marshall,St Kilda,1.839095133
FeelingDusty,11/05/2024,9,16688,Hawthorn,St Kilda,12426,Dougal,Howard,St Kilda,0.000125312
FeelingDusty,11/05/2024,9,16688,Hawthorn,St Kilda,13109,Darcy,Wilson,St Kilda,0.000125312
FeelingDusty,11/05/2024,9,16688,Hawthorn,St Kilda,12831,Liam,Henry,St Kilda,0.000125312
FeelingDusty,11/05/2024,9,16688,Hawthorn,St Kilda,13116,Angus,Hastie,St Kilda,0.00254129
FeelingDusty,11/05/2024,9,16688,Hawthorn,St Kilda,12565,Josh,Battle,St Kilda,0.231196436
FeelingDusty,11/05/2024,9,16688,Hawthorn,St Kilda,12307,Tim,Membrey,St Kilda,0.000125312
FeelingDusty,11/05/2024,9,16688,Hawthorn,St Kilda,12194,Jimmy,Webster,St Kilda,0.000125312
FeelingDusty,11/05/2024,9,16688,Hawthorn,St Kilda,12321,Mason,Wood,St Kilda,0.126710189
FeelingDusty,11/05/2024,9,16688,Hawthorn,St Kilda,12677,Ben,Paton,St Kilda,0.000125312
FeelingDusty,11/05/2024,9,16688,Hawthorn,St Kilda,13124,Hugo,Garcia,St Kilda,0
FeelingDusty,11/05/2024,9,16688,Hawthorn,St Kilda,12337,Jack,Sinclair,St Kilda,0.000125312
FeelingDusty,11/05/2024,9,16688,Hawthorn,St Kilda,12492,Riley,Bonner,St Kilda,0.13301198
FeelingDusty,11/05/2024,9,16688,Hawthorn,St Kilda,12701,Callum,Wilkie,St Kilda,0.119838804
FeelingDusty,11/05/2024,9,16689,Essendon,GWS,12505,Andrew,McGrath,Essendon,0.033172934
FeelingDusty,11/05/2024,9,16689,Essendon,GWS,12414,Darcy,Parish,Essendon,0.00631672
FeelingDusty,11/05/2024,9,16689,Essendon,GWS,12358,Kyle,Langford,Essendon,1.773435418
FeelingDusty,11/05/2024,9,16689,Essendon,GWS,12752,Jye,Caldwell,Essendon,0.018793251
FeelingDusty,11/05/2024,9,16689,Essendon,GWS,12249,Zach,Merrett,Essendon,0.033963211
FeelingDusty,11/05/2024,9,16689,Essendon,GWS,12972,Ben,Hobbs,Essendon,0.002511561
FeelingDusty,11/05/2024,9,16689,Essendon,GWS,12422,Jade,Gresham,Essendon,0.010085988
FeelingDusty,11/05/2024,9,16689,Essendon,GWS,12858,Nik,Cox,Essendon,0.002511561
FeelingDusty,11/05/2024,9,16689,Essendon,GWS,12384,Jayden,Laverde,Essendon,0.004638364
FeelingDusty,11/05/2024,9,16689,Essendon,GWS,12880,Archie,Perkins,Essendon,0.010548925
FeelingDusty,11/05/2024,9,16689,Essendon,GWS,11692,Todd,Goldstein,Essendon,0.019935669
FeelingDusty,11/05/2024,9,16689,Essendon,GWS,12734,Nick,Hind,Essendon,0.03645696
FeelingDusty,11/05/2024,9,16689,Essendon,GWS,12371,Peter,Wright,Essendon,0.002511561
FeelingDusty,11/05/2024,9,16689,Essendon,GWS,11903,Dyson,Heppell,Essendon,0.003001282
FeelingDusty,11/05/2024,9,16689,Essendon,GWS,12926,Sam,Durham,Essendon,0.405987326
FeelingDusty,11/05/2024,9,16689,Essendon,GWS,12857,Harrison,Jones,Essendon,0.002511561
FeelingDusty,11/05/2024,9,16689,Essendon,GWS,12173,Jake,Stringer,Essendon,0.0146815
FeelingDusty,11/05/2024,9,16689,Essendon,GWS,12445,Mason,Redman,Essendon,0.916741441
FeelingDusty,11/05/2024,9,16689,Essendon,GWS,12345,Jake,Kelly,Essendon,0.002511561
FeelingDusty,11/05/2024,9,16689,Essendon,GWS,12588,Ben,McKay,Essendon,0.067720293
FeelingDusty,11/05/2024,9,16689,Essendon,GWS,13040,Alwyn,Davey Jnr,Essendon,0.002511561
FeelingDusty,11/05/2024,9,16689,Essendon,GWS,12619,Matt,Guelfi,Essendon,0.143078285
FeelingDusty,11/05/2024,9,16689,Essendon,GWS,12950,Nic,Martin,Essendon,1.847115617
FeelingDusty,11/05/2024,9,16689,Essendon,GWS,13128,Darcy,Jones,GWS,0
FeelingDusty,11/05/2024,9,16689,Essendon,GWS,12023,Stephen,Coniglio,GWS,0.023046229
FeelingDusty,11/05/2024,9,16689,Essendon,GWS,12026,Toby,Greene,GWS,0.001087913
FeelingDusty,11/05/2024,9,16689,Essendon,GWS,13054,Aaron,Cadman,GWS,0
FeelingDusty,11/05/2024,9,16689,Essendon,GWS,12147,Lachie,Whitfield,GWS,0.002814941
FeelingDusty,11/05/2024,9,16689,Essendon,GWS,12782,Lachie,Ash,GWS,0
FeelingDusty,11/05/2024,9,16689,Essendon,GWS,11683,Callan,Ward,GWS,0.002637069
FeelingDusty,11/05/2024,9,16689,Essendon,GWS,12766,Tom,Green,GWS,0.556614823
FeelingDusty,11/05/2024,9,16689,Essendon,GWS,12773,Toby,Bedford,GWS,0.012952333
FeelingDusty,11/05/2024,9,16689,Essendon,GWS,12651,Sam,Taylor,GWS,0
FeelingDusty,11/05/2024,9,16689,Essendon,GWS,12663,Brent,Daniels,GWS,0
FeelingDusty,11/05/2024,9,16689,Essendon,GWS,12970,Finn,Callaghan,GWS,0.003579853
FeelingDusty,11/05/2024,9,16689,Essendon,GWS,12887,Conor,Stone,GWS,0
FeelingDusty,11/05/2024,9,16689,Essendon,GWS,12096,Nick,Haynes,GWS,0.005066823
FeelingDusty,11/05/2024,9,16689,Essendon,GWS,12262,Josh,Kelly,GWS,0.002118929
FeelingDusty,11/05/2024,9,16689,Essendon,GWS,12326,Jesse,Hogan,GWS,0
FeelingDusty,11/05/2024,9,16689,Essendon,GWS,12835,Jake,Riccardi,GWS,0
FeelingDusty,11/05/2024,9,16689,Essendon,GWS,12470,Harry,Himmelberg,GWS,0
FeelingDusty,11/05/2024,9,16689,Essendon,GWS,13101,Harvey,Thomas,GWS,0
FeelingDusty,11/05/2024,9,16689,Essendon,GWS,12905,Kieren,Briggs,GWS,0.0289503
FeelingDusty,11/05/2024,9,16689,Essendon,GWS,12541,Harry,Perryman,GWS,0.000388239
FeelingDusty,11/05/2024,9,16689,Essendon,GWS,12749,Connor,Idun,GWS,0
FeelingDusty,11/05/2024,9,16689,Essendon,GWS,12845,Jack,Buckley,GWS,0
FeelingDusty,11/05/2024,9,16691,Gold Coast,North Melbourne,12825,Sam,Flanders,Gold Coast,0.240188055
FeelingDusty,11/05/2024,9,16691,Gold Coast,North Melbourne,12941,Alex,Davies,Gold Coast,0.030913833
FeelingDusty,11/05/2024,9,16691,Gold Coast,North Melbourne,12086,Alex,Sexton,Gold Coast,0.053004643
FeelingDusty,11/05/2024,9,16691,Gold Coast,North Melbourne,12314,Nick,Holman,Gold Coast,0.002075556
FeelingDusty,11/05/2024,9,16691,Gold Coast,North Melbourne,12506,Ben,Ainsworth,Gold Coast,0.032108413
FeelingDusty,11/05/2024,9,16691,Gold Coast,North Melbourne,12631,Charlie,Ballard,Gold Coast,0.002075556
FeelingDusty,11/05/2024,9,16691,Gold Coast,North Melbourne,12329,Touk,Miller,Gold Coast,2.780305445
FeelingDusty,11/05/2024,9,16691,Gold Coast,North Melbourne,12703,Jack,Lukosius,Gold Coast,0.002075556
FeelingDusty,11/05/2024,9,16691,Gold Coast,North Melbourne,12767,Noah,Anderson,Gold Coast,0.035865775
FeelingDusty,11/05/2024,9,16691,Gold Coast,North Melbourne,12776,Thomas,Berry,Gold Coast,0.002075556
FeelingDusty,11/05/2024,9,16691,Gold Coast,North Melbourne,13114,Jed,Walter,Gold Coast,0.004309504
FeelingDusty,11/05/2024,9,16691,Gold Coast,North Melbourne,12769,Matt,Rowell,Gold Coast,0.083112348
FeelingDusty,11/05/2024,9,16691,Gold Coast,North Melbourne,13050,Bailey,Humphrey,Gold Coast,0.002672714
FeelingDusty,11/05/2024,9,16691,Gold Coast,North Melbourne,12529,Ben,Long,Gold Coast,0.003485991
FeelingDusty,11/05/2024,9,16691,Gold Coast,North Melbourne,12453,Sam,Collins,Gold Coast,0.197791063
FeelingDusty,11/05/2024,9,16691,Gold Coast,North Melbourne,12184,Jarrod,Witts,Gold Coast,0.073779981
FeelingDusty,11/05/2024,9,16691,Gold Coast,North Melbourne,13127,Jake,Rogers,Gold Coast,0.002075556
FeelingDusty,11/05/2024,9,16691,Gold Coast,North Melbourne,13019,Mac,Andrew,Gold Coast,1.175857136
FeelingDusty,11/05/2024,9,16691,Gold Coast,North Melbourne,13037,Bodhi,Uwland,Gold Coast,0.026208344
FeelingDusty,11/05/2024,9,16691,Gold Coast,North Melbourne,13119,Sam,Clohesy,Gold Coast,0.577869703
FeelingDusty,11/05/2024,9,16691,Gold Coast,North Melbourne,12728,Ben,King,Gold Coast,0.0046722
FeelingDusty,11/05/2024,9,16691,Gold Coast,North Melbourne,13091,Lloyd,Johnston,Gold Coast,0.002075556
FeelingDusty,11/05/2024,9,16691,Gold Coast,North Melbourne,12932,Joel,Jeffrey,Gold Coast,0.005526135
FeelingDusty,11/05/2024,9,16691,Gold Coast,North Melbourne,12544,Hugh,Greenwood,North Melbourne,0
FeelingDusty,11/05/2024,9,16691,Gold Coast,North Melbourne,12598,Jaidyn,Stephenson,North Melbourne,0.000405544
FeelingDusty,11/05/2024,9,16691,Gold Coast,North Melbourne,13030,Harry,Sheezel,North Melbourne,0
FeelingDusty,11/05/2024,9,16691,Gold Coast,North Melbourne,12185,Aidan,Corr,North Melbourne,0
FeelingDusty,11/05/2024,9,16691,Gold Coast,North Melbourne,13065,George,Wardlaw,North Melbourne,0
FeelingDusty,11/05/2024,9,16691,Gold Coast,North Melbourne,12705,Bailey,Scott,North Melbourne,0.005310462
FeelingDusty,11/05/2024,9,16691,Gold Coast,North Melbourne,12599,Luke,Davies-Uniacke,North Melbourne,0.537356097
FeelingDusty,11/05/2024,9,16691,Gold Coast,North Melbourne,13105,Colby,McKercher,North Melbourne,0.027721268
FeelingDusty,11/05/2024,9,16691,Gold Coast,North Melbourne,12246,Luke,McDonald,North Melbourne,0
FeelingDusty,11/05/2024,9,16691,Gold Coast,North Melbourne,12434,Darcy,Tucker,North Melbourne,0
FeelingDusty,11/05/2024,9,16691,Gold Coast,North Melbourne,11766,Liam,Shiels,North Melbourne,0.001340823
FeelingDusty,11/05/2024,9,16691,Gold Coast,North Melbourne,12528,Zac,Fisher,North Melbourne,0.025549134
FeelingDusty,11/05/2024,9,16691,Gold Coast,North Melbourne,13129,Riley,Hardeman,North Melbourne,0
FeelingDusty,11/05/2024,9,16691,Gold Coast,North Melbourne,12569,Nick,Larkey,North Melbourne,0
FeelingDusty,11/05/2024,9,16691,Gold Coast,North Melbourne,12867,Tom,Powell,North Melbourne,0.002985109
FeelingDusty,11/05/2024,9,16691,Gold Coast,North Melbourne,12975,Paul,Curtis,North Melbourne,0.000899052
FeelingDusty,11/05/2024,9,16691,Gold Coast,North Melbourne,12878,Will,Phillips,North Melbourne,0.00211994
FeelingDusty,11/05/2024,9,16691,Gold Coast,North Melbourne,12939,Charlie,Comben,North Melbourne,0.051508983
FeelingDusty,11/05/2024,9,16691,Gold Coast,North Melbourne,13005,Jackson,Archer,North Melbourne,0
FeelingDusty,11/05/2024,9,16691,Gold Coast,North Melbourne,12866,Charlie,Lazzaro,North Melbourne,0
FeelingDusty,11/05/2024,9,16691,Gold Coast,North Melbourne,12789,Tristan,Xerri,North Melbourne,0.002559033
FeelingDusty,11/05/2024,9,16691,Gold Coast,North Melbourne,13061,Blake,Drury,North Melbourne,0.00211994
FeelingDusty,11/05/2024,9,16691,Gold Coast,North Melbourne,12566,Cameron,Zurhaar,North Melbourne,0
FeelingDusty,11/05/2024,9,16690,Richmond,Western Bulldogs,12180,Nick,Vlastuin,Richmond,0
FeelingDusty,11/05/2024,9,16690,Richmond,Western Bulldogs,11921,Dion,Prestia,Richmond,0.00203864
FeelingDusty,11/05/2024,9,16690,Richmond,Western Bulldogs,11801,Dustin,Martin,Richmond,0
FeelingDusty,11/05/2024,9,16690,Richmond,Western Bulldogs,12935,Maurice,Rioli,Richmond,0
FeelingDusty,11/05/2024,9,16690,Richmond,Western Bulldogs,12904,Hugo,Ralphsmith,Richmond,0.001342592
FeelingDusty,11/05/2024,9,16690,Richmond,Western Bulldogs,12425,Jayden,Short,Richmond,0
FeelingDusty,11/05/2024,9,16690,Richmond,Western Bulldogs,12409,Daniel,Rioli,Richmond,0.001211807
FeelingDusty,11/05/2024,9,16690,Richmond,Western Bulldogs,12686,Noah,Balta,Richmond,0
FeelingDusty,11/05/2024,9,16690,Richmond,Western Bulldogs,12379,Toby,Nankervis,Richmond,0.001342592
FeelingDusty,11/05/2024,9,16690,Richmond,Western Bulldogs,12836,Thomson,Dow,Richmond,0.001342592
FeelingDusty,11/05/2024,9,16690,Richmond,Western Bulldogs,12542,Shai,Bolton,Richmond,0.000569384
FeelingDusty,11/05/2024,9,16690,Richmond,Western Bulldogs,13097,Tom,Brown,Richmond,0.000129315
FeelingDusty,11/05/2024,9,16690,Richmond,Western Bulldogs,12884,Rhyan,Mansell,Richmond,0
FeelingDusty,11/05/2024,9,16690,Richmond,Western Bulldogs,12584,Jack,Graham,Richmond,0
FeelingDusty,11/05/2024,9,16690,Richmond,Western Bulldogs,12464,Nathan,Broad,Richmond,0.000129315
FeelingDusty,11/05/2024,9,16690,Richmond,Western Bulldogs,12994,Noah,Cumberland,Richmond,0
FeelingDusty,11/05/2024,9,16690,Richmond,Western Bulldogs,13015,Tyler,Sonsie,Richmond,0.000626007
FeelingDusty,11/05/2024,9,16690,Richmond,Western Bulldogs,13076,Sam,Banks,Richmond,0.001342592
FeelingDusty,11/05/2024,9,16690,Richmond,Western Bulldogs,13115,Mykelti,Lefau,Richmond,0.000569384
FeelingDusty,11/05/2024,9,16690,Richmond,Western Bulldogs,13100,Seth,Campbell,Richmond,0
FeelingDusty,11/05/2024,9,16690,Richmond,Western Bulldogs,13044,Tylar,Young,Richmond,0.000129315
FeelingDusty,11/05/2024,9,16690,Richmond,Western Bulldogs,12940,Ben,Miller,Richmond,0.000129315
FeelingDusty,11/05/2024,9,16690,Richmond,Western Bulldogs,12761,Marlion,Pickett,Richmond,0.002560902
FeelingDusty,11/05/2024,9,16690,Richmond,Western Bulldogs,12058,Adam,Treloar,Western Bulldogs,2.116329116
FeelingDusty,11/05/2024,9,16690,Richmond,Western Bulldogs,12924,Jamarra,Ugle-Hagan,Western Bulldogs,0.003294435
FeelingDusty,11/05/2024,9,16690,Richmond,Western Bulldogs,12277,Marcus,Bontempelli,Western Bulldogs,1.473113714
FeelingDusty,11/05/2024,9,16690,Richmond,Western Bulldogs,13023,Sam,Darcy,Western Bulldogs,0.028371714
FeelingDusty,11/05/2024,9,16690,Richmond,Western Bulldogs,12172,Jack,Macrae,Western Bulldogs,0.001314483
FeelingDusty,11/05/2024,9,16690,Richmond,Western Bulldogs,13110,Harvey,Gallagher,Western Bulldogs,0.001314483
FeelingDusty,11/05/2024,9,16690,Richmond,Western Bulldogs,12748,Rhylee,West,Western Bulldogs,0.001314483
FeelingDusty,11/05/2024,9,16690,Richmond,Western Bulldogs,12169,Taylor,Duryea,Western Bulldogs,0.000821055
FeelingDusty,11/05/2024,9,16690,Richmond,Western Bulldogs,13063,James,ODonnell,Western Bulldogs,0.001314483
FeelingDusty,11/05/2024,9,16690,Richmond,Western Bulldogs,11874,Liam,Jones,Western Bulldogs,0.001934166
FeelingDusty,11/05/2024,9,16690,Richmond,Western Bulldogs,12612,Ed,Richards,Western Bulldogs,0.524773145
FeelingDusty,11/05/2024,9,16690,Richmond,Western Bulldogs,12385,James,Harmes,Western Bulldogs,1.234112754
FeelingDusty,11/05/2024,9,16690,Richmond,Western Bulldogs,12781,Laitham,Vandermeer,Western Bulldogs,0.001314483
FeelingDusty,11/05/2024,9,16690,Richmond,Western Bulldogs,13140,Joel,Freijah,Western Bulldogs,0.001314483
FeelingDusty,11/05/2024,9,16690,Richmond,Western Bulldogs,12917,Lachlan,Bramble,Western Bulldogs,0.001314483
FeelingDusty,11/05/2024,9,16690,Richmond,Western Bulldogs,12362,Bailey,Dale,Western Bulldogs,0.025111826
FeelingDusty,11/05/2024,9,16690,Richmond,Western Bulldogs,12602,Aaron,Naughton,Western Bulldogs,0.548506331
FeelingDusty,11/05/2024,9,16690,Richmond,Western Bulldogs,12449,Bailey,Williams,Western Bulldogs,0.014152199
FeelingDusty,11/05/2024,9,16690,Richmond,Western Bulldogs,12988,Luke,Cleary,Western Bulldogs,0.002092723
FeelingDusty,11/05/2024,9,16690,Richmond,Western Bulldogs,12908,Riley,Garcia,Western Bulldogs,0.001314483
FeelingDusty,11/05/2024,9,16690,Richmond,Western Bulldogs,12128,Jason,Johannisen,Western Bulldogs,0.001314483
FeelingDusty,11/05/2024,9,16690,Richmond,Western Bulldogs,12568,Alex,Keath,Western Bulldogs,0.002092723
FeelingDusty,11/05/2024,9,16690,Richmond,Western Bulldogs,12548,Tim,English,Western Bulldogs,0
FeelingDusty,12/05/2024,9,16692,Collingwood,West Coast,12586,Patrick,Lipinski,Collingwood,0.013961061
FeelingDusty,12/05/2024,9,16692,Collingwood,West Coast,12740,Isaac,Quaynor,Collingwood,0.076449307
FeelingDusty,12/05/2024,9,16692,Collingwood,West Coast,12380,Brayden,Maynard,Collingwood,0
FeelingDusty,12/05/2024,9,16692,Collingwood,West Coast,12582,Josh,Daicos,Collingwood,0.308274
FeelingDusty,12/05/2024,9,16692,Collingwood,West Coast,12743,John,Noble,Collingwood,0
FeelingDusty,12/05/2024,9,16692,Collingwood,West Coast,11506,Scott,Pendlebury,Collingwood,0.194417521
FeelingDusty,12/05/2024,9,16692,Collingwood,West Coast,12666,Darcy,Cameron,Collingwood,0.141587135
FeelingDusty,12/05/2024,9,16692,Collingwood,West Coast,12682,Billy,Frampton,Collingwood,0.002178629
FeelingDusty,12/05/2024,9,16692,Collingwood,West Coast,12889,Finlay,Macrae,Collingwood,0.010473467
FeelingDusty,12/05/2024,9,16692,Collingwood,West Coast,11759,Steele,Sidebottom,Collingwood,0.093243888
FeelingDusty,12/05/2024,9,16692,Collingwood,West Coast,12744,Bobby,Hill,Collingwood,0.003785411
FeelingDusty,12/05/2024,9,16692,Collingwood,West Coast,12067,Jack,Crisp,Collingwood,2.080181712
FeelingDusty,12/05/2024,9,16692,Collingwood,West Coast,12966,Reef,McInnes,Collingwood,0.007303455
FeelingDusty,12/05/2024,9,16692,Collingwood,West Coast,12824,Jack,Bytel,Collingwood,0.00182314
FeelingDusty,12/05/2024,9,16692,Collingwood,West Coast,13141,Joe,Richards,Collingwood,0.04714036
FeelingDusty,12/05/2024,9,16692,Collingwood,West Coast,12381,Darcy,Moore,Collingwood,0.00182314
FeelingDusty,12/05/2024,9,16692,Collingwood,West Coast,12029,Will,Hoskin-Elliott,Collingwood,0.00182314
FeelingDusty,12/05/2024,9,16692,Collingwood,West Coast,13134,Lachlan,Sullivan,Collingwood,0.00182314
FeelingDusty,12/05/2024,9,16692,Collingwood,West Coast,12948,Nick,Daicos,Collingwood,2.897810024
FeelingDusty,12/05/2024,9,16692,Collingwood,West Coast,13070,Harvey,Harrison,Collingwood,0.00182314
FeelingDusty,12/05/2024,9,16692,Collingwood,West Coast,12468,Oleg,Markov,Collingwood,0.00182314
FeelingDusty,12/05/2024,9,16692,Collingwood,West Coast,11973,Jeremy,Howe,Collingwood,0.001138774
FeelingDusty,12/05/2024,9,16692,Collingwood,West Coast,12435,Mason,Cox,Collingwood,0.001138774
FeelingDusty,12/05/2024,9,16692,Collingwood,West Coast,12607,Liam,Ryan,West Coast,0
FeelingDusty,12/05/2024,9,16692,Collingwood,West Coast,12260,Dom,Sheed,West Coast,0.003551878
FeelingDusty,12/05/2024,9,16692,Collingwood,West Coast,12433,Jayden,Hunt,West Coast,0.001862127
FeelingDusty,12/05/2024,9,16692,Collingwood,West Coast,13032,Reuben,Ginbey,West Coast,0
FeelingDusty,12/05/2024,9,16692,Collingwood,West Coast,13112,Harley,Reid,West Coast,0.003431927
FeelingDusty,12/05/2024,9,16692,Collingwood,West Coast,12605,Tim,Kelly,West Coast,0.001862127
FeelingDusty,12/05/2024,9,16692,Collingwood,West Coast,12340,Liam,Duggan,West Coast,0
FeelingDusty,12/05/2024,9,16692,Collingwood,West Coast,11942,Jamie,Cripps,West Coast,0
FeelingDusty,12/05/2024,9,16692,Collingwood,West Coast,12912,Luke,Edwards,West Coast,0.001862127
FeelingDusty,12/05/2024,9,16692,Collingwood,West Coast,13033,Campbell,Chesser,West Coast,0
FeelingDusty,12/05/2024,9,16692,Collingwood,West Coast,12958,Brady,Hough,West Coast,0
FeelingDusty,12/05/2024,9,16692,Collingwood,West Coast,12279,Jeremy,McGovern,West Coast,0.014106605
FeelingDusty,12/05/2024,9,16692,Collingwood,West Coast,12630,Jack,Petruccelle,West Coast,0
FeelingDusty,12/05/2024,9,16692,Collingwood,West Coast,12554,Alex,Witherden,West Coast,0.047351299
FeelingDusty,12/05/2024,9,16692,Collingwood,West Coast,13135,Harvey,Johnston,West Coast,0
FeelingDusty,12/05/2024,9,16692,Collingwood,West Coast,11908,Jack,Darling,West Coast,0
FeelingDusty,12/05/2024,9,16692,Collingwood,West Coast,12454,Tom,Cole,West Coast,8.37E-05
FeelingDusty,12/05/2024,9,16692,Collingwood,West Coast,12837,Bailey J.,Williams,West Coast,0.001862127
FeelingDusty,12/05/2024,9,16692,Collingwood,West Coast,12960,Jack,Williams,West Coast,0
FeelingDusty,12/05/2024,9,16692,Collingwood,West Coast,12709,Josh,Rotham,West Coast,0
FeelingDusty,12/05/2024,9,16692,Collingwood,West Coast,12391,Tom,Barrass,West Coast,0.034003719
FeelingDusty,12/05/2024,9,16692,Collingwood,West Coast,13071,Ryan,Maric,West Coast,0
FeelingDusty,12/05/2024,9,16692,Collingwood,West Coast,13142,Tyrell,Dewar,West Coast,0
FeelingDusty,12/05/2024,9,16693,Adelaide,Brisbane,12697,Chayce,Jones,Adelaide,0.001529951
FeelingDusty,12/05/2024,9,16693,Adelaide,Brisbane,12441,Ben,Keays,Adelaide,0.010445436
FeelingDusty,12/05/2024,9,16693,Adelaide,Brisbane,12265,Matt,Crouch,Adelaide,0.459514567
FeelingDusty,12/05/2024,9,16693,Adelaide,Brisbane,13133,Daniel,Curtin,Adelaide,0.001222693
FeelingDusty,12/05/2024,9,16693,Adelaide,Brisbane,12957,Josh,Rachele,Adelaide,0.003596242
FeelingDusty,12/05/2024,9,16693,Adelaide,Brisbane,12519,Jordan,Dawson,Adelaide,2.109035208
FeelingDusty,12/05/2024,9,16693,Adelaide,Brisbane,11724,Taylor,Walker,Adelaide,0.000631176
FeelingDusty,12/05/2024,9,16693,Adelaide,Brisbane,12956,Jake,Soligo,Adelaide,0.207583189
FeelingDusty,12/05/2024,9,16693,Adelaide,Brisbane,12936,Brayden,Cook,Adelaide,0.001222693
FeelingDusty,12/05/2024,9,16693,Adelaide,Brisbane,13038,Max,Michalanney,Adelaide,0.001222693
FeelingDusty,12/05/2024,9,16693,Adelaide,Brisbane,12725,Mitchell,Hinge,Adelaide,0.003610107
FeelingDusty,12/05/2024,9,16693,Adelaide,Brisbane,12797,Izak,Rankine,Adelaide,0.6220735
FeelingDusty,12/05/2024,9,16693,Adelaide,Brisbane,12916,Josh,Worrell,Adelaide,0.001222693
FeelingDusty,12/05/2024,9,16693,Adelaide,Brisbane,12780,Ned,McHenry,Adelaide,0.001222693
FeelingDusty,12/05/2024,9,16693,Adelaide,Brisbane,13084,Luke,Nankervis,Adelaide,0.001222693
FeelingDusty,12/05/2024,9,16693,Adelaide,Brisbane,12171,Rory,Laird,Adelaide,0.296791904
FeelingDusty,12/05/2024,9,16693,Adelaide,Brisbane,12591,Darcy,Fogarty,Adelaide,0.296550052
FeelingDusty,12/05/2024,9,16693,Adelaide,Brisbane,11898,Brodie,Smith,Adelaide,0.001619428
FeelingDusty,12/05/2024,9,16693,Adelaide,Brisbane,12683,Elliott,Himmelberg,Adelaide,0.001222693
FeelingDusty,12/05/2024,9,16693,Adelaide,Brisbane,12818,Lachlan,Sholl,Adelaide,0.001547978
FeelingDusty,12/05/2024,9,16693,Adelaide,Brisbane,12832,Jordon,Butts,Adelaide,0.001222693
FeelingDusty,12/05/2024,9,16693,Adelaide,Brisbane,12483,Reilly,OBrien,Adelaide,0.132122508
FeelingDusty,12/05/2024,9,16693,Adelaide,Brisbane,12813,Mark,Keane,Adelaide,0.002781577
FeelingDusty,12/05/2024,9,16693,Adelaide,Brisbane,12969,Kai,Lohmann,Brisbane,0.001222693
FeelingDusty,12/05/2024,9,16693,Adelaide,Brisbane,12205,Joe,Daniher,Brisbane,0
FeelingDusty,12/05/2024,9,16693,Adelaide,Brisbane,12412,Callum,Ah Chee,Brisbane,0.27888352
FeelingDusty,12/05/2024,9,16693,Adelaide,Brisbane,12421,Josh,Dunkley,Brisbane,0.146813724
FeelingDusty,12/05/2024,9,16693,Adelaide,Brisbane,12526,Hugh,McCluggage,Brisbane,0.719289632
FeelingDusty,12/05/2024,9,16693,Adelaide,Brisbane,12525,Jarrod,Berry,Brisbane,0.238728839
FeelingDusty,12/05/2024,9,16693,Adelaide,Brisbane,12061,Lachie,Neale,Brisbane,0.048869501
FeelingDusty,12/05/2024,9,16693,Adelaide,Brisbane,13138,Logan,Morris,Brisbane,0.001222693
FeelingDusty,12/05/2024,9,16693,Adelaide,Brisbane,12082,Dayne,Zorko,Brisbane,0.100180379
FeelingDusty,12/05/2024,9,16693,Adelaide,Brisbane,12594,Cam,Rayner,Brisbane,0.003610107
FeelingDusty,12/05/2024,9,16693,Adelaide,Brisbane,12874,Jaxon,Prior,Brisbane,0.001222693
FeelingDusty,12/05/2024,9,16693,Adelaide,Brisbane,12862,Harry,Sharp,Brisbane,0.003610107
FeelingDusty,12/05/2024,9,16693,Adelaide,Brisbane,12284,Charlie,Cameron,Brisbane,0.002265533
FeelingDusty,12/05/2024,9,16693,Adelaide,Brisbane,12400,Conor,McKenna,Brisbane,0.001222693
FeelingDusty,12/05/2024,9,16693,Adelaide,Brisbane,13072,Jaspa,Fletcher,Brisbane,0.006421831
FeelingDusty,12/05/2024,9,16693,Adelaide,Brisbane,12462,Eric,Hipwood,Brisbane,0.001222693
FeelingDusty,12/05/2024,9,16693,Adelaide,Brisbane,12347,Harris,Andrews,Brisbane,0
FeelingDusty,12/05/2024,9,16693,Adelaide,Brisbane,13143,Shadeau,Brain,Brisbane,0.001222693
FeelingDusty,12/05/2024,9,16693,Adelaide,Brisbane,11901,Ryan,Lester,Brisbane,0.001222693
FeelingDusty,12/05/2024,9,16693,Adelaide,Brisbane,13139,Bruce,Reville,Brisbane,0.001222693
FeelingDusty,12/05/2024,9,16693,Adelaide,Brisbane,12815,Jack,Payne,Brisbane,0.217253109
FeelingDusty,12/05/2024,9,16693,Adelaide,Brisbane,13027,Darcy,Wilmot,Brisbane,0.001222693
FeelingDusty,12/05/2024,9,16693,Adelaide,Brisbane,12625,Oscar,McInerney,Brisbane,0.063855114
FeelingDusty,16/05/2024,10,16694,Gold Coast,Geelong,11979,Zach,Tuohy,Geelong,0
FeelingDusty,16/05/2024,10,16694,Gold Coast,Geelong,12513,Brandan,Parfitt,Geelong,0.003550931
FeelingDusty,16/05/2024,10,16694,Gold Coast,Geelong,12870,Tanner,Bruhn,Geelong,0
FeelingDusty,16/05/2024,10,16694,Gold Coast,Geelong,13095,Toby,Conway,Geelong,0
FeelingDusty,16/05/2024,10,16694,Gold Coast,Geelong,12378,Jake,Kolodjashnij,Geelong,0
FeelingDusty,16/05/2024,10,16694,Gold Coast,Geelong,12882,Max,Holmes,Geelong,0
FeelingDusty,16/05/2024,10,16694,Gold Coast,Geelong,12507,Jack,Bowes,Geelong,0.002214631
FeelingDusty,16/05/2024,10,16694,Gold Coast,Geelong,13062,Jhye,Clark,Geelong,0
FeelingDusty,16/05/2024,10,16694,Gold Coast,Geelong,12561,Tyson,Stengle,Geelong,0.000349395
FeelingDusty,16/05/2024,10,16694,Gold Coast,Geelong,11849,Gary,Rohan,Geelong,8.40E-05
FeelingDusty,16/05/2024,10,16694,Gold Coast,Geelong,12976,Oliver,Dempsey,Geelong,0.001484905
FeelingDusty,16/05/2024,10,16694,Gold Coast,Geelong,11894,Cameron,Guthrie,Geelong,0.001484905
FeelingDusty,16/05/2024,10,16694,Gold Coast,Geelong,12687,Tom,Atkins,Geelong,0.000143022
FeelingDusty,16/05/2024,10,16694,Gold Coast,Geelong,12690,Gryan,Miers,Geelong,0.002055206
FeelingDusty,16/05/2024,10,16694,Gold Coast,Geelong,12995,Shannon,Neale,Geelong,0.000629738
FeelingDusty,16/05/2024,10,16694,Gold Coast,Geelong,13067,Oisin,Mullin,Geelong,0
FeelingDusty,16/05/2024,10,16694,Gold Coast,Geelong,12850,Oliver,Henry,Geelong,0
FeelingDusty,16/05/2024,10,16694,Gold Coast,Geelong,12614,Jack,Henry,Geelong,0
FeelingDusty,16/05/2024,10,16694,Gold Coast,Geelong,12559,Zach,Guthrie,Geelong,0
FeelingDusty,16/05/2024,10,16694,Gold Coast,Geelong,12540,Mark,OConnor,Geelong,0
FeelingDusty,16/05/2024,10,16694,Gold Coast,Geelong,12514,Tom,Stewart,Geelong,0.000304269
FeelingDusty,16/05/2024,10,16694,Gold Coast,Geelong,12808,Brad,Close,Geelong,0
FeelingDusty,16/05/2024,10,16694,Gold Coast,Geelong,12160,Mark,Blicavs,Geelong,0.000939175
FeelingDusty,16/05/2024,10,16694,Gold Coast,Geelong,12825,Sam,Flanders,Gold Coast,0.276990768
FeelingDusty,16/05/2024,10,16694,Gold Coast,Geelong,12941,Alex,Davies,Gold Coast,0.001453816
FeelingDusty,16/05/2024,10,16694,Gold Coast,Geelong,12086,Alex,Sexton,Gold Coast,0.299195437
FeelingDusty,16/05/2024,10,16694,Gold Coast,Geelong,12489,Brayden,Fiorini,Gold Coast,0.003656431
FeelingDusty,16/05/2024,10,16694,Gold Coast,Geelong,12506,Ben,Ainsworth,Gold Coast,0.001453816
FeelingDusty,16/05/2024,10,16694,Gold Coast,Geelong,12631,Charlie,Ballard,Gold Coast,0.002314548
FeelingDusty,16/05/2024,10,16694,Gold Coast,Geelong,12329,Touk,Miller,Gold Coast,0.128252787
FeelingDusty,16/05/2024,10,16694,Gold Coast,Geelong,11952,Sam,Day,Gold Coast,0.00504942
FeelingDusty,16/05/2024,10,16694,Gold Coast,Geelong,12703,Jack,Lukosius,Gold Coast,0.477827099
FeelingDusty,16/05/2024,10,16694,Gold Coast,Geelong,12767,Noah,Anderson,Gold Coast,2.298524474
FeelingDusty,16/05/2024,10,16694,Gold Coast,Geelong,12776,Thomas,Berry,Gold Coast,0.001453816
FeelingDusty,16/05/2024,10,16694,Gold Coast,Geelong,12769,Matt,Rowell,Gold Coast,1.125976922
FeelingDusty,16/05/2024,10,16694,Gold Coast,Geelong,13050,Bailey,Humphrey,Gold Coast,1.13919886
FeelingDusty,16/05/2024,10,16694,Gold Coast,Geelong,12529,Ben,Long,Gold Coast,0
FeelingDusty,16/05/2024,10,16694,Gold Coast,Geelong,11923,David,Swallow,Gold Coast,0.003267593
FeelingDusty,16/05/2024,10,16694,Gold Coast,Geelong,12453,Sam,Collins,Gold Coast,0.002314548
FeelingDusty,16/05/2024,10,16694,Gold Coast,Geelong,13019,Mac,Andrew,Gold Coast,0.002314548
FeelingDusty,16/05/2024,10,16694,Gold Coast,Geelong,13037,Bodhi,Uwland,Gold Coast,0.002293183
FeelingDusty,16/05/2024,10,16694,Gold Coast,Geelong,13119,Sam,Clohesy,Gold Coast,0.004602929
FeelingDusty,16/05/2024,10,16694,Gold Coast,Geelong,12728,Ben,King,Gold Coast,0.178913891
FeelingDusty,16/05/2024,10,16694,Gold Coast,Geelong,13091,Lloyd,Johnston,Gold Coast,0.001453816
FeelingDusty,16/05/2024,10,16694,Gold Coast,Geelong,12932,Joel,Jeffrey,Gold Coast,0.003566246
FeelingDusty,16/05/2024,10,16694,Gold Coast,Geelong,13051,Ned,Moyle,Gold Coast,0.026684869
FeelingDusty,17/05/2024,10,16695,Sydney,Carlton,13029,Oliver,Hollands,Carlton,0.001485182
FeelingDusty,17/05/2024,10,16695,Sydney,Carlton,12181,Zac,Williams,Carlton,0
FeelingDusty,17/05/2024,10,16695,Sydney,Carlton,12463,Matthew,Kennedy,Carlton,0.003259774
FeelingDusty,17/05/2024,10,16695,Sydney,Carlton,12269,Patrick,Cripps,Carlton,0.009973124
FeelingDusty,17/05/2024,10,16695,Sydney,Carlton,12575,Harry,McKay,Carlton,0.000325173
FeelingDusty,17/05/2024,10,16695,Sydney,Carlton,12415,Mitch,McGovern,Carlton,0
FeelingDusty,17/05/2024,10,16695,Sydney,Carlton,12681,Tom,De Koning,Carlton,0
FeelingDusty,17/05/2024,10,16695,Sydney,Carlton,12282,Blake,Acres,Carlton,0
FeelingDusty,17/05/2024,10,16695,Sydney,Carlton,12308,Orazio,Fantasia,Carlton,0
FeelingDusty,17/05/2024,10,16695,Sydney,Carlton,12980,Jack,Carroll,Carlton,0
FeelingDusty,17/05/2024,10,16695,Sydney,Carlton,12938,Brodie,Kemp,Carlton,0.002181331
FeelingDusty,17/05/2024,10,16695,Sydney,Carlton,12685,Sam,Walsh,Carlton,0.00177357
FeelingDusty,17/05/2024,10,16695,Sydney,Carlton,12937,Corey,Durdin,Carlton,0
FeelingDusty,17/05/2024,10,16695,Sydney,Carlton,13017,Elijah,Hollands,Carlton,0.000629856
FeelingDusty,17/05/2024,10,16695,Sydney,Carlton,12376,Caleb,Marchbank,Carlton,0
FeelingDusty,17/05/2024,10,16695,Sydney,Carlton,12410,Jacob,Weitering,Carlton,0
FeelingDusty,17/05/2024,10,16695,Sydney,Carlton,12517,Nic,Newman,Carlton,0.070317753
FeelingDusty,17/05/2024,10,16695,Sydney,Carlton,12424,Marc,Pittonet,Carlton,0
FeelingDusty,17/05/2024,10,16695,Sydney,Carlton,12417,George,Hewett,Carlton,0
FeelingDusty,17/05/2024,10,16695,Sydney,Carlton,12428,Charlie,Curnow,Carlton,0.001194377
FeelingDusty,17/05/2024,10,16695,Sydney,Carlton,12965,Jordan,Boyd,Carlton,0
FeelingDusty,17/05/2024,10,16695,Sydney,Carlton,13057,Alex,Cincotta,Carlton,0
FeelingDusty,17/05/2024,10,16695,Sydney,Carlton,12842,Matthew,Owies,Carlton,0
FeelingDusty,17/05/2024,10,16695,Sydney,Carlton,12799,Chad,Warner,Sydney,2.253559837
FeelingDusty,17/05/2024,10,16695,Sydney,Carlton,12745,Hayden,McLean,Sydney,0.021881528
FeelingDusty,17/05/2024,10,16695,Sydney,Carlton,12070,Taylor,Adams,Sydney,0.002666098
FeelingDusty,17/05/2024,10,16695,Sydney,Carlton,12223,Brodie,Grundy,Sydney,0.469938551
FeelingDusty,17/05/2024,10,16695,Sydney,Carlton,12331,Isaac,Heeney,Sydney,1.975472337
FeelingDusty,17/05/2024,10,16695,Sydney,Carlton,12863,Logan,McDonald,Sydney,0.001454087
FeelingDusty,17/05/2024,10,16695,Sydney,Carlton,12038,Harry,Cunningham,Sydney,0.002314979
FeelingDusty,17/05/2024,10,16695,Sydney,Carlton,12715,James,Rowbottom,Sydney,0.850715538
FeelingDusty,17/05/2024,10,16695,Sydney,Carlton,12516,Will,Hayward,Sydney,0.001454087
FeelingDusty,17/05/2024,10,16695,Sydney,Carlton,12475,Aaron,Francis,Sydney,0.001454087
FeelingDusty,17/05/2024,10,16695,Sydney,Carlton,12419,Tom,Papley,Sydney,0.003019141
FeelingDusty,17/05/2024,10,16695,Sydney,Carlton,12501,Oliver,Florent,Sydney,0.001820181
FeelingDusty,17/05/2024,10,16695,Sydney,Carlton,12820,Sam,Wicks,Sydney,0.001454087
FeelingDusty,17/05/2024,10,16695,Sydney,Carlton,12865,Braeden,Campbell,Sydney,0.001454087
FeelingDusty,17/05/2024,10,16695,Sydney,Carlton,12853,James,Jordon,Sydney,0.044119756
FeelingDusty,17/05/2024,10,16695,Sydney,Carlton,12864,Errol,Gulden,Sydney,0.259254536
FeelingDusty,17/05/2024,10,16695,Sydney,Carlton,12699,Nick,Blakey,Sydney,0.001454087
FeelingDusty,17/05/2024,10,16695,Sydney,Carlton,12148,Dane,Rampe,Sydney,0.001769148
FeelingDusty,17/05/2024,10,16695,Sydney,Carlton,12711,Justin,McInerney,Sydney,0.001454087
FeelingDusty,17/05/2024,10,16695,Sydney,Carlton,12847,Joel,Amartey,Sydney,0.003019141
FeelingDusty,17/05/2024,10,16695,Sydney,Carlton,12515,Robbie,Fox,Sydney,0.001454087
FeelingDusty,17/05/2024,10,16695,Sydney,Carlton,12533,Lewis,Melican,Sydney,0.001454087
FeelingDusty,17/05/2024,10,16695,Sydney,Carlton,12275,Jake,Lloyd,Sydney,0.006222304
FeelingDusty,18/05/2024,10,16696,Collingwood,Adelaide,12697,Chayce,Jones,Adelaide,0.000631753
FeelingDusty,18/05/2024,10,16696,Collingwood,Adelaide,12441,Ben,Keays,Adelaide,0.002431531
FeelingDusty,18/05/2024,10,16696,Collingwood,Adelaide,12592,Lachlan,Murphy,Adelaide,0.000105211
FeelingDusty,18/05/2024,10,16696,Collingwood,Adelaide,12265,Matt,Crouch,Adelaide,0.165142384
FeelingDusty,18/05/2024,10,16696,Collingwood,Adelaide,12957,Josh,Rachele,Adelaide,0.000617018
FeelingDusty,18/05/2024,10,16696,Collingwood,Adelaide,12519,Jordan,Dawson,Adelaide,0.451203917
FeelingDusty,18/05/2024,10,16696,Collingwood,Adelaide,11724,Taylor,Walker,Adelaide,0.006356436
FeelingDusty,18/05/2024,10,16696,Collingwood,Adelaide,12956,Jake,Soligo,Adelaide,0.002180531
FeelingDusty,18/05/2024,10,16696,Collingwood,Adelaide,12936,Brayden,Cook,Adelaide,0.000323087
FeelingDusty,18/05/2024,10,16696,Collingwood,Adelaide,13038,Max,Michalanney,Adelaide,0.001048934
FeelingDusty,18/05/2024,10,16696,Collingwood,Adelaide,12783,Will,Hamill,Adelaide,0.000323087
FeelingDusty,18/05/2024,10,16696,Collingwood,Adelaide,12725,Mitchell,Hinge,Adelaide,0.035554673
FeelingDusty,18/05/2024,10,16696,Collingwood,Adelaide,12797,Izak,Rankine,Adelaide,0.996304981
FeelingDusty,18/05/2024,10,16696,Collingwood,Adelaide,12780,Ned,McHenry,Adelaide,0.000323087
FeelingDusty,18/05/2024,10,16696,Collingwood,Adelaide,13084,Luke,Nankervis,Adelaide,0.003927287
FeelingDusty,18/05/2024,10,16696,Collingwood,Adelaide,12171,Rory,Laird,Adelaide,0.00273369
FeelingDusty,18/05/2024,10,16696,Collingwood,Adelaide,12591,Darcy,Fogarty,Adelaide,0.002631432
FeelingDusty,18/05/2024,10,16696,Collingwood,Adelaide,11898,Brodie,Smith,Adelaide,0.000323087
FeelingDusty,18/05/2024,10,16696,Collingwood,Adelaide,12683,Elliott,Himmelberg,Adelaide,0.000323087
FeelingDusty,18/05/2024,10,16696,Collingwood,Adelaide,12818,Lachlan,Sholl,Adelaide,0.000323087
FeelingDusty,18/05/2024,10,16696,Collingwood,Adelaide,12832,Jordon,Butts,Adelaide,0.001048934
FeelingDusty,18/05/2024,10,16696,Collingwood,Adelaide,12483,Reilly,OBrien,Adelaide,0.020618424
FeelingDusty,18/05/2024,10,16696,Collingwood,Adelaide,12813,Mark,Keane,Adelaide,0.000105211
FeelingDusty,18/05/2024,10,16696,Collingwood,Adelaide,12586,Patrick,Lipinski,Collingwood,0.002808717
FeelingDusty,18/05/2024,10,16696,Collingwood,Adelaide,12333,Jordan,De Goey,Collingwood,0.097708836
FeelingDusty,18/05/2024,10,16696,Collingwood,Adelaide,12740,Isaac,Quaynor,Collingwood,0.001989447
FeelingDusty,18/05/2024,10,16696,Collingwood,Adelaide,12380,Brayden,Maynard,Collingwood,0.00311065
FeelingDusty,18/05/2024,10,16696,Collingwood,Adelaide,12582,Josh,Daicos,Collingwood,0.217440951
FeelingDusty,18/05/2024,10,16696,Collingwood,Adelaide,12704,Lachie,Schultz,Collingwood,0.000951273
FeelingDusty,18/05/2024,10,16696,Collingwood,Adelaide,12743,John,Noble,Collingwood,0.492242917
FeelingDusty,18/05/2024,10,16696,Collingwood,Adelaide,11506,Scott,Pendlebury,Collingwood,0.896109235
FeelingDusty,18/05/2024,10,16696,Collingwood,Adelaide,12666,Darcy,Cameron,Collingwood,0.061189746
FeelingDusty,18/05/2024,10,16696,Collingwood,Adelaide,12682,Billy,Frampton,Collingwood,0.00167712
FeelingDusty,18/05/2024,10,16696,Collingwood,Adelaide,12889,Finlay,Macrae,Collingwood,0.000951273
FeelingDusty,18/05/2024,10,16696,Collingwood,Adelaide,11759,Steele,Sidebottom,Collingwood,0.001216911
FeelingDusty,18/05/2024,10,16696,Collingwood,Adelaide,12744,Bobby,Hill,Collingwood,0.000951273
FeelingDusty,18/05/2024,10,16696,Collingwood,Adelaide,12067,Jack,Crisp,Collingwood,0.580016748
FeelingDusty,18/05/2024,10,16696,Collingwood,Adelaide,12966,Reef,McInnes,Collingwood,0.003259618
FeelingDusty,18/05/2024,10,16696,Collingwood,Adelaide,13141,Joe,Richards,Collingwood,0.000951273
FeelingDusty,18/05/2024,10,16696,Collingwood,Adelaide,12381,Darcy,Moore,Collingwood,0.00167712
FeelingDusty,18/05/2024,10,16696,Collingwood,Adelaide,12029,Will,Hoskin-Elliott,Collingwood,0.000951273
FeelingDusty,18/05/2024,10,16696,Collingwood,Adelaide,13134,Lachlan,Sullivan,Collingwood,0.000951273
FeelingDusty,18/05/2024,10,16696,Collingwood,Adelaide,12948,Nick,Daicos,Collingwood,1.936869863
FeelingDusty,18/05/2024,10,16696,Collingwood,Adelaide,13070,Harvey,Harrison,Collingwood,0.000951273
FeelingDusty,18/05/2024,10,16696,Collingwood,Adelaide,12468,Oleg,Markov,Collingwood,0.000951273
FeelingDusty,18/05/2024,10,16696,Collingwood,Adelaide,12435,Mason,Cox,Collingwood,0.000491064
FeelingDusty,18/05/2024,10,16697,GWS,Western Bulldogs,13128,Darcy,Jones,GWS,0
FeelingDusty,18/05/2024,10,16697,GWS,Western Bulldogs,12023,Stephen,Coniglio,GWS,0.002735489
FeelingDusty,18/05/2024,10,16697,GWS,Western Bulldogs,12026,Toby,Greene,GWS,0.012161043
FeelingDusty,18/05/2024,10,16697,GWS,Western Bulldogs,13054,Aaron,Cadman,GWS,0
FeelingDusty,18/05/2024,10,16697,GWS,Western Bulldogs,12147,Lachie,Whitfield,GWS,0.057397193
FeelingDusty,18/05/2024,10,16697,GWS,Western Bulldogs,11683,Callan,Ward,GWS,0.004705883
FeelingDusty,18/05/2024,10,16697,GWS,Western Bulldogs,12992,Jacob,Wehr,GWS,0.00264461
FeelingDusty,18/05/2024,10,16697,GWS,Western Bulldogs,12766,Tom,Green,GWS,0.020033555
FeelingDusty,18/05/2024,10,16697,GWS,Western Bulldogs,12773,Toby,Bedford,GWS,0
FeelingDusty,18/05/2024,10,16697,GWS,Western Bulldogs,12651,Sam,Taylor,GWS,0.001532533
FeelingDusty,18/05/2024,10,16697,GWS,Western Bulldogs,12663,Brent,Daniels,GWS,0
FeelingDusty,18/05/2024,10,16697,GWS,Western Bulldogs,12970,Finn,Callaghan,GWS,0.003705804
FeelingDusty,18/05/2024,10,16697,GWS,Western Bulldogs,12887,Conor,Stone,GWS,0
FeelingDusty,18/05/2024,10,16697,GWS,Western Bulldogs,12096,Nick,Haynes,GWS,0.157483418
FeelingDusty,18/05/2024,10,16697,GWS,Western Bulldogs,12326,Jesse,Hogan,GWS,0.16596692
FeelingDusty,18/05/2024,10,16697,GWS,Western Bulldogs,12835,Jake,Riccardi,GWS,0
FeelingDusty,18/05/2024,10,16697,GWS,Western Bulldogs,12470,Harry,Himmelberg,GWS,0.34378685
FeelingDusty,18/05/2024,10,16697,GWS,Western Bulldogs,13101,Harvey,Thomas,GWS,0
FeelingDusty,18/05/2024,10,16697,GWS,Western Bulldogs,12905,Kieren,Briggs,GWS,0.006090375
FeelingDusty,18/05/2024,10,16697,GWS,Western Bulldogs,12822,Xavier,OHalloran,GWS,0
FeelingDusty,18/05/2024,10,16697,GWS,Western Bulldogs,12541,Harry,Perryman,GWS,0.003300471
FeelingDusty,18/05/2024,10,16697,GWS,Western Bulldogs,12749,Connor,Idun,GWS,0
FeelingDusty,18/05/2024,10,16697,GWS,Western Bulldogs,12845,Jack,Buckley,GWS,0
FeelingDusty,18/05/2024,10,16697,GWS,Western Bulldogs,12058,Adam,Treloar,Western Bulldogs,3
FeelingDusty,18/05/2024,10,16697,GWS,Western Bulldogs,12924,Jamarra,Ugle-Hagan,Western Bulldogs,0
FeelingDusty,18/05/2024,10,16697,GWS,Western Bulldogs,12277,Marcus,Bontempelli,Western Bulldogs,0.007257041
FeelingDusty,18/05/2024,10,16697,GWS,Western Bulldogs,13023,Sam,Darcy,Western Bulldogs,0.009284705
FeelingDusty,18/05/2024,10,16697,GWS,Western Bulldogs,12172,Jack,Macrae,Western Bulldogs,0.19184893
FeelingDusty,18/05/2024,10,16697,GWS,Western Bulldogs,13110,Harvey,Gallagher,Western Bulldogs,0.002589241
FeelingDusty,18/05/2024,10,16697,GWS,Western Bulldogs,12748,Rhylee,West,Western Bulldogs,0.002589241
FeelingDusty,18/05/2024,10,16697,GWS,Western Bulldogs,12169,Taylor,Duryea,Western Bulldogs,0.003150258
FeelingDusty,18/05/2024,10,16697,GWS,Western Bulldogs,13063,James,ODonnell,Western Bulldogs,0.004122201
FeelingDusty,18/05/2024,10,16697,GWS,Western Bulldogs,11874,Liam,Jones,Western Bulldogs,0.003150258
FeelingDusty,18/05/2024,10,16697,GWS,Western Bulldogs,12612,Ed,Richards,Western Bulldogs,1.332330954
FeelingDusty,18/05/2024,10,16697,GWS,Western Bulldogs,12385,James,Harmes,Western Bulldogs,0.442785984
FeelingDusty,18/05/2024,10,16697,GWS,Western Bulldogs,12781,Laitham,Vandermeer,Western Bulldogs,0.002589241
FeelingDusty,18/05/2024,10,16697,GWS,Western Bulldogs,13140,Joel,Freijah,Western Bulldogs,0.004122201
FeelingDusty,18/05/2024,10,16697,GWS,Western Bulldogs,12917,Lachlan,Bramble,Western Bulldogs,0.002589241
FeelingDusty,18/05/2024,10,16697,GWS,Western Bulldogs,12362,Bailey,Dale,Western Bulldogs,0.007920409
FeelingDusty,18/05/2024,10,16697,GWS,Western Bulldogs,12602,Aaron,Naughton,Western Bulldogs,0.157522133
FeelingDusty,18/05/2024,10,16697,GWS,Western Bulldogs,12449,Bailey,Williams,Western Bulldogs,0.023205985
FeelingDusty,18/05/2024,10,16697,GWS,Western Bulldogs,12382,Caleb,Daniel,Western Bulldogs,0.002589241
FeelingDusty,18/05/2024,10,16697,GWS,Western Bulldogs,12988,Luke,Cleary,Western Bulldogs,0.002589241
FeelingDusty,18/05/2024,10,16697,GWS,Western Bulldogs,12908,Riley,Garcia,Western Bulldogs,0.002589241
FeelingDusty,18/05/2024,10,16697,GWS,Western Bulldogs,12568,Alex,Keath,Western Bulldogs,0.002589241
FeelingDusty,18/05/2024,10,16697,GWS,Western Bulldogs,12548,Tim,English,Western Bulldogs,0.011040868
FeelingDusty,18/05/2024,10,16699,Brisbane,Richmond,12969,Kai,Lohmann,Brisbane,1.226030548
FeelingDusty,18/05/2024,10,16699,Brisbane,Richmond,12205,Joe,Daniher,Brisbane,0.403464722
FeelingDusty,18/05/2024,10,16699,Brisbane,Richmond,12412,Callum,Ah Chee,Brisbane,0.006907546
FeelingDusty,18/05/2024,10,16699,Brisbane,Richmond,12421,Josh,Dunkley,Brisbane,0.08388569
FeelingDusty,18/05/2024,10,16699,Brisbane,Richmond,12526,Hugh,McCluggage,Brisbane,0.002539404
FeelingDusty,18/05/2024,10,16699,Brisbane,Richmond,12525,Jarrod,Berry,Brisbane,0.001607013
FeelingDusty,18/05/2024,10,16699,Brisbane,Richmond,12061,Lachie,Neale,Brisbane,2.218925288
FeelingDusty,18/05/2024,10,16699,Brisbane,Richmond,13138,Logan,Morris,Brisbane,0.001607013
FeelingDusty,18/05/2024,10,16699,Brisbane,Richmond,12082,Dayne,Zorko,Brisbane,1.788369648
FeelingDusty,18/05/2024,10,16699,Brisbane,Richmond,12594,Cam,Rayner,Brisbane,0.041133569
FeelingDusty,18/05/2024,10,16699,Brisbane,Richmond,12862,Harry,Sharp,Brisbane,0.001607013
FeelingDusty,18/05/2024,10,16699,Brisbane,Richmond,12284,Charlie,Cameron,Brisbane,0.158143139
FeelingDusty,18/05/2024,10,16699,Brisbane,Richmond,12400,Conor,McKenna,Brisbane,0
FeelingDusty,18/05/2024,10,16699,Brisbane,Richmond,13072,Jaspa,Fletcher,Brisbane,0.004041731
FeelingDusty,18/05/2024,10,16699,Brisbane,Richmond,12462,Eric,Hipwood,Brisbane,0.001607013
FeelingDusty,18/05/2024,10,16699,Brisbane,Richmond,12347,Harris,Andrews,Brisbane,0.002558445
FeelingDusty,18/05/2024,10,16699,Brisbane,Richmond,13143,Shadeau,Brain,Brisbane,0.001607013
FeelingDusty,18/05/2024,10,16699,Brisbane,Richmond,11901,Ryan,Lester,Brisbane,0.002558445
FeelingDusty,18/05/2024,10,16699,Brisbane,Richmond,13139,Bruce,Reville,Brisbane,0.004041731
FeelingDusty,18/05/2024,10,16699,Brisbane,Richmond,12815,Jack,Payne,Brisbane,0
FeelingDusty,18/05/2024,10,16699,Brisbane,Richmond,12719,Noah,Answerth,Brisbane,0.001607013
FeelingDusty,18/05/2024,10,16699,Brisbane,Richmond,13027,Darcy,Wilmot,Brisbane,0
FeelingDusty,18/05/2024,10,16699,Brisbane,Richmond,12625,Oscar,McInerney,Brisbane,0.029644921
FeelingDusty,18/05/2024,10,16698,St Kilda,Fremantle,12149,Jaeger,OMeara,Fremantle,0.085463529
FeelingDusty,18/05/2024,10,16698,St Kilda,Fremantle,12786,Caleb,Serong,Fremantle,1.615541871
FeelingDusty,18/05/2024,10,16698,St Kilda,Fremantle,12876,Heath,Chapman,Fremantle,0.0028612
FeelingDusty,18/05/2024,10,16698,St Kilda,Fremantle,12688,Jordan,Clark,Fremantle,0.576201979
FeelingDusty,18/05/2024,10,16698,St Kilda,Fremantle,11844,Nat,Fyfe,Fremantle,0.006636485
FeelingDusty,18/05/2024,10,16698,St Kilda,Fremantle,12596,Andrew,Brayshaw,Fremantle,0.357562809
FeelingDusty,18/05/2024,10,16698,St Kilda,Fremantle,12779,Luke,Jackson,Fremantle,0.988106231
FeelingDusty,18/05/2024,10,16698,St Kilda,Fremantle,11770,Michael,Walters,Fremantle,0.001122559
FeelingDusty,18/05/2024,10,16698,St Kilda,Fremantle,12252,James,Aish,Fremantle,0.00179718
FeelingDusty,18/05/2024,10,16698,St Kilda,Fremantle,12550,Luke,Ryan,Fremantle,0.198115728
FeelingDusty,18/05/2024,10,16698,St Kilda,Fremantle,12821,Jeremy,Sharp,Fremantle,0.015113267
FeelingDusty,18/05/2024,10,16698,St Kilda,Fremantle,13093,Tom,Emmett,Fremantle,0.00179718
FeelingDusty,18/05/2024,10,16698,St Kilda,Fremantle,12983,Jye,Amiss,Fremantle,0
FeelingDusty,18/05/2024,10,16698,St Kilda,Fremantle,12361,Alex,Pearce,Fremantle,0.00179718
FeelingDusty,18/05/2024,10,16698,St Kilda,Fremantle,12777,Hayden,Young,Fremantle,0.571680708
FeelingDusty,18/05/2024,10,16698,St Kilda,Fremantle,12915,Brandon,Walker,Fremantle,0.00179718
FeelingDusty,18/05/2024,10,16698,St Kilda,Fremantle,12803,Michael,Frederick,Fremantle,0.00179718
FeelingDusty,18/05/2024,10,16698,St Kilda,Fremantle,12888,Josh,Treacy,Fremantle,0.0028612
FeelingDusty,18/05/2024,10,16698,St Kilda,Fremantle,13113,Joshua,Draper,Fremantle,0.00179718
FeelingDusty,18/05/2024,10,16698,St Kilda,Fremantle,13132,Patrick,Voss,Fremantle,0.00179718
FeelingDusty,18/05/2024,10,16698,St Kilda,Fremantle,12679,Sam,Switkowski,Fremantle,0.00179718
FeelingDusty,18/05/2024,10,16698,St Kilda,Fremantle,12595,Bailey,Banfield,Fremantle,0.00179718
FeelingDusty,18/05/2024,10,16698,St Kilda,Fremantle,13049,Matthew,Johnson,Fremantle,0.004520011
FeelingDusty,18/05/2024,10,16699,Brisbane,Richmond,12180,Nick,Vlastuin,Richmond,0.000158093
FeelingDusty,18/05/2024,10,16699,Brisbane,Richmond,11921,Dion,Prestia,Richmond,0.001710602
FeelingDusty,18/05/2024,10,16699,Brisbane,Richmond,11801,Dustin,Martin,Richmond,0
FeelingDusty,18/05/2024,10,16699,Brisbane,Richmond,12904,Hugo,Ralphsmith,Richmond,0.001641378
FeelingDusty,18/05/2024,10,16699,Brisbane,Richmond,12425,Jayden,Short,Richmond,0
FeelingDusty,18/05/2024,10,16699,Brisbane,Richmond,12409,Daniel,Rioli,Richmond,7.56E-05
FeelingDusty,18/05/2024,10,16699,Brisbane,Richmond,12686,Noah,Balta,Richmond,0
FeelingDusty,18/05/2024,10,16699,Brisbane,Richmond,12379,Toby,Nankervis,Richmond,0.008412177
FeelingDusty,18/05/2024,10,16699,Brisbane,Richmond,13082,Matthew,Coulthard,Richmond,0
FeelingDusty,18/05/2024,10,16699,Brisbane,Richmond,12836,Thomson,Dow,Richmond,0
FeelingDusty,18/05/2024,10,16699,Brisbane,Richmond,13122,Kane,McAuliffe,Richmond,0
FeelingDusty,18/05/2024,10,16699,Brisbane,Richmond,12542,Shai,Bolton,Richmond,0.002826317
FeelingDusty,18/05/2024,10,16699,Brisbane,Richmond,13097,Tom,Brown,Richmond,0
FeelingDusty,18/05/2024,10,16699,Brisbane,Richmond,12884,Rhyan,Mansell,Richmond,0
FeelingDusty,18/05/2024,10,16699,Brisbane,Richmond,12324,Kamdyn,McIntosh,Richmond,0.001641378
FeelingDusty,18/05/2024,10,16699,Brisbane,Richmond,12464,Nathan,Broad,Richmond,0
FeelingDusty,18/05/2024,10,16699,Brisbane,Richmond,12994,Noah,Cumberland,Richmond,0
FeelingDusty,18/05/2024,10,16699,Brisbane,Richmond,13015,Tyler,Sonsie,Richmond,0
FeelingDusty,18/05/2024,10,16699,Brisbane,Richmond,13115,Mykelti,Lefau,Richmond,0
FeelingDusty,18/05/2024,10,16699,Brisbane,Richmond,13044,Tylar,Young,Richmond,0.001647529
FeelingDusty,18/05/2024,10,16699,Brisbane,Richmond,12940,Ben,Miller,Richmond,0
FeelingDusty,18/05/2024,10,16699,Brisbane,Richmond,13144,Steely,Green,Richmond,0
FeelingDusty,18/05/2024,10,16699,Brisbane,Richmond,12761,Marlion,Pickett,Richmond,0
FeelingDusty,18/05/2024,10,16698,St Kilda,Fremantle,12968,Marcus,Windhager,St Kilda,0.003674936
FeelingDusty,18/05/2024,10,16698,St Kilda,Fremantle,12294,Zak,Jones,St Kilda,0.000141228
FeelingDusty,18/05/2024,10,16698,St Kilda,Fremantle,13108,Lance,Collard,St Kilda,0.000141228
FeelingDusty,18/05/2024,10,16698,St Kilda,Fremantle,12947,Nasiah,Wanganeen-Milera,St Kilda,0.03618819
FeelingDusty,18/05/2024,10,16698,St Kilda,Fremantle,12066,Bradley,Hill,St Kilda,0.009205584
FeelingDusty,18/05/2024,10,16698,St Kilda,Fremantle,12377,Jack,Steele,St Kilda,0.002115712
FeelingDusty,18/05/2024,10,16698,St Kilda,Fremantle,12945,Mitch,Owens,St Kilda,0.005543505
FeelingDusty,18/05/2024,10,16698,St Kilda,Fremantle,12771,Max,King,St Kilda,0.000141228
FeelingDusty,18/05/2024,10,16698,St Kilda,Fremantle,12589,Paddy,Dow,St Kilda,0.002864059
FeelingDusty,18/05/2024,10,16698,St Kilda,Fremantle,12572,Rowan,Marshall,St Kilda,1.392344504
FeelingDusty,18/05/2024,10,16698,St Kilda,Fremantle,12426,Dougal,Howard,St Kilda,0.000141228
FeelingDusty,18/05/2024,10,16698,St Kilda,Fremantle,13109,Darcy,Wilson,St Kilda,0.000141228
FeelingDusty,18/05/2024,10,16698,St Kilda,Fremantle,12831,Liam,Henry,St Kilda,0
FeelingDusty,18/05/2024,10,16698,St Kilda,Fremantle,13042,Mattaes,Phillipou,St Kilda,0.000141228
FeelingDusty,18/05/2024,10,16698,St Kilda,Fremantle,12565,Josh,Battle,St Kilda,0.001205248
FeelingDusty,18/05/2024,10,16698,St Kilda,Fremantle,12194,Jimmy,Webster,St Kilda,0.000141228
FeelingDusty,18/05/2024,10,16698,St Kilda,Fremantle,12321,Mason,Wood,St Kilda,0.002864059
FeelingDusty,18/05/2024,10,16698,St Kilda,Fremantle,12677,Ben,Paton,St Kilda,0.002864059
FeelingDusty,18/05/2024,10,16698,St Kilda,Fremantle,12337,Jack,Sinclair,St Kilda,0.078462317
FeelingDusty,18/05/2024,10,16698,St Kilda,Fremantle,12492,Riley,Bonner,St Kilda,0.016295001
FeelingDusty,18/05/2024,10,16698,St Kilda,Fremantle,12930,Cooper,Sharman,St Kilda,0.000141228
FeelingDusty,18/05/2024,10,16698,St Kilda,Fremantle,12701,Callum,Wilkie,St Kilda,0.001205248
FeelingDusty,18/05/2024,10,16698,St Kilda,Fremantle,13041,Anthony,Caminiti,St Kilda,0.002075557
FeelingDusty,19/05/2024,10,16700,Essendon,North Melbourne,12505,Andrew,McGrath,Essendon,0.098469444
FeelingDusty,19/05/2024,10,16700,Essendon,North Melbourne,12358,Kyle,Langford,Essendon,0.00209901
FeelingDusty,19/05/2024,10,16700,Essendon,North Melbourne,13087,Elijah,Tsatas,Essendon,0.006833402
FeelingDusty,19/05/2024,10,16700,Essendon,North Melbourne,12752,Jye,Caldwell,Essendon,0.362557749
FeelingDusty,19/05/2024,10,16700,Essendon,North Melbourne,12249,Zach,Merrett,Essendon,0.058107223
FeelingDusty,19/05/2024,10,16700,Essendon,North Melbourne,12972,Ben,Hobbs,Essendon,0.00209901
FeelingDusty,19/05/2024,10,16700,Essendon,North Melbourne,12032,Dylan,Shiel,Essendon,0.00209901
FeelingDusty,19/05/2024,10,16700,Essendon,North Melbourne,12422,Jade,Gresham,Essendon,0.00209901
FeelingDusty,19/05/2024,10,16700,Essendon,North Melbourne,12384,Jayden,Laverde,Essendon,0.00209901
FeelingDusty,19/05/2024,10,16700,Essendon,North Melbourne,12880,Archie,Perkins,Essendon,0.072847421
FeelingDusty,19/05/2024,10,16700,Essendon,North Melbourne,11692,Todd,Goldstein,Essendon,0.004491209
FeelingDusty,19/05/2024,10,16700,Essendon,North Melbourne,12734,Nick,Hind,Essendon,0.00209901
FeelingDusty,19/05/2024,10,16700,Essendon,North Melbourne,12371,Peter,Wright,Essendon,3
FeelingDusty,19/05/2024,10,16700,Essendon,North Melbourne,11903,Dyson,Heppell,Essendon,0.018348707
FeelingDusty,19/05/2024,10,16700,Essendon,North Melbourne,12926,Sam,Durham,Essendon,0.00209901
FeelingDusty,19/05/2024,10,16700,Essendon,North Melbourne,12857,Harrison,Jones,Essendon,0.00209901
FeelingDusty,19/05/2024,10,16700,Essendon,North Melbourne,12173,Jake,Stringer,Essendon,0.00209901
FeelingDusty,19/05/2024,10,16700,Essendon,North Melbourne,12445,Mason,Redman,Essendon,0.002889562
FeelingDusty,19/05/2024,10,16700,Essendon,North Melbourne,12345,Jake,Kelly,Essendon,0.022555663
FeelingDusty,19/05/2024,10,16700,Essendon,North Melbourne,12588,Ben,McKay,Essendon,0.003341728
FeelingDusty,19/05/2024,10,16700,Essendon,North Melbourne,13040,Alwyn,Davey Jnr,Essendon,0.00209901
FeelingDusty,19/05/2024,10,16700,Essendon,North Melbourne,12619,Matt,Guelfi,Essendon,0.247997168
FeelingDusty,19/05/2024,10,16700,Essendon,North Melbourne,12950,Nic,Martin,Essendon,0.171751955
FeelingDusty,19/05/2024,10,16700,Essendon,North Melbourne,12598,Jaidyn,Stephenson,North Melbourne,0
FeelingDusty,19/05/2024,10,16700,Essendon,North Melbourne,13030,Harry,Sheezel,North Melbourne,0.175507414
FeelingDusty,19/05/2024,10,16700,Essendon,North Melbourne,12185,Aidan,Corr,North Melbourne,0
FeelingDusty,19/05/2024,10,16700,Essendon,North Melbourne,12722,Curtis,Taylor,North Melbourne,0.002143896
FeelingDusty,19/05/2024,10,16700,Essendon,North Melbourne,13065,George,Wardlaw,North Melbourne,0
FeelingDusty,19/05/2024,10,16700,Essendon,North Melbourne,13104,Zane,Duursma,North Melbourne,0
FeelingDusty,19/05/2024,10,16700,Essendon,North Melbourne,12705,Bailey,Scott,North Melbourne,0.091074842
FeelingDusty,19/05/2024,10,16700,Essendon,North Melbourne,12599,Luke,Davies-Uniacke,North Melbourne,1.205701165
FeelingDusty,19/05/2024,10,16700,Essendon,North Melbourne,12246,Luke,McDonald,North Melbourne,0
FeelingDusty,19/05/2024,10,16700,Essendon,North Melbourne,12434,Darcy,Tucker,North Melbourne,0
FeelingDusty,19/05/2024,10,16700,Essendon,North Melbourne,11766,Liam,Shiels,North Melbourne,0
FeelingDusty,19/05/2024,10,16700,Essendon,North Melbourne,12528,Zac,Fisher,North Melbourne,0.157460272
FeelingDusty,19/05/2024,10,16700,Essendon,North Melbourne,13145,Wil,Dawson,North Melbourne,0
FeelingDusty,19/05/2024,10,16700,Essendon,North Melbourne,12569,Nick,Larkey,North Melbourne,0
FeelingDusty,19/05/2024,10,16700,Essendon,North Melbourne,12867,Tom,Powell,North Melbourne,0.024409288
FeelingDusty,19/05/2024,10,16700,Essendon,North Melbourne,12975,Paul,Curtis,North Melbourne,0
FeelingDusty,19/05/2024,10,16700,Essendon,North Melbourne,12981,Miller,Bergman,North Melbourne,0
FeelingDusty,19/05/2024,10,16700,Essendon,North Melbourne,12939,Charlie,Comben,North Melbourne,0.000741227
FeelingDusty,19/05/2024,10,16700,Essendon,North Melbourne,13106,Toby,Pink,North Melbourne,0
FeelingDusty,19/05/2024,10,16700,Essendon,North Melbourne,12866,Charlie,Lazzaro,North Melbourne,0
FeelingDusty,19/05/2024,10,16700,Essendon,North Melbourne,12789,Tristan,Xerri,North Melbourne,0.251780568
FeelingDusty,19/05/2024,10,16700,Essendon,North Melbourne,12923,Eddie,Ford,North Melbourne,0
FeelingDusty,19/05/2024,10,16700,Essendon,North Melbourne,12566,Cameron,Zurhaar,North Melbourne,0
FeelingDusty,19/05/2024,10,16701,Port Adelaide,Hawthorn,12913,Jai,Newcombe,Hawthorn,0.005243118
FeelingDusty,19/05/2024,10,16701,Port Adelaide,Hawthorn,12245,Jarman,Impey,Hawthorn,0.000352325
FeelingDusty,19/05/2024,10,16701,Port Adelaide,Hawthorn,12626,James,Worpel,Hawthorn,0.002889864
FeelingDusty,19/05/2024,10,16701,Port Adelaide,Hawthorn,12124,Sam,Frost,Hawthorn,0.000352325
FeelingDusty,19/05/2024,10,16701,Port Adelaide,Hawthorn,12753,Changkuoth,Jiath,Hawthorn,0.000352325
FeelingDusty,19/05/2024,10,16701,Port Adelaide,Hawthorn,12365,Karl,Amon,Hawthorn,0.012067725
FeelingDusty,19/05/2024,10,16701,Port Adelaide,Hawthorn,12678,Conor,Nash,Hawthorn,0.000352325
FeelingDusty,19/05/2024,10,16701,Port Adelaide,Hawthorn,12794,Will,Day,Hawthorn,0.28082582
FeelingDusty,19/05/2024,10,16701,Port Adelaide,Hawthorn,12710,Dylan,Moore,Hawthorn,0.005505988
FeelingDusty,19/05/2024,10,16701,Port Adelaide,Hawthorn,12477,Blake,Hardwick,Hawthorn,1.817083058
FeelingDusty,19/05/2024,10,16701,Port Adelaide,Hawthorn,12999,Massimo,DAmbrosio,Hawthorn,0.121798166
FeelingDusty,19/05/2024,10,16701,Port Adelaide,Hawthorn,12854,Lloyd,Meek,Hawthorn,0.042994172
FeelingDusty,19/05/2024,10,16701,Port Adelaide,Hawthorn,12491,Mabior,Chol,Hawthorn,0
FeelingDusty,19/05/2024,10,16701,Port Adelaide,Hawthorn,11960,Luke,Breust,Hawthorn,0
FeelingDusty,19/05/2024,10,16701,Port Adelaide,Hawthorn,13059,Josh,Weddle,Hawthorn,0.000352325
FeelingDusty,19/05/2024,10,16701,Port Adelaide,Hawthorn,13039,Cam,Mackenzie,Hawthorn,0.0010545
FeelingDusty,19/05/2024,10,16701,Port Adelaide,Hawthorn,13022,Jai,Serong,Hawthorn,0.000352325
FeelingDusty,19/05/2024,10,16701,Port Adelaide,Hawthorn,12953,Connor,Macdonald,Hawthorn,0
FeelingDusty,19/05/2024,10,16701,Port Adelaide,Hawthorn,12928,Jack,Ginnivan,Hawthorn,0.000352325
FeelingDusty,19/05/2024,10,16701,Port Adelaide,Hawthorn,13103,Nick,Watson,Hawthorn,0.000352325
FeelingDusty,19/05/2024,10,16701,Port Adelaide,Hawthorn,13137,Calsher,Dear,Hawthorn,0.002366094
FeelingDusty,19/05/2024,10,16701,Port Adelaide,Hawthorn,13146,Ethan,Phillips,Hawthorn,0.001143857
FeelingDusty,19/05/2024,10,16701,Port Adelaide,Hawthorn,13055,Seamus,Mitchell,Hawthorn,0.002377857
FeelingDusty,19/05/2024,10,16701,Port Adelaide,Hawthorn,12485,Ryan,Burton,Port Adelaide,0.001037358
FeelingDusty,19/05/2024,10,16701,Port Adelaide,Hawthorn,12581,Todd,Marshall,Port Adelaide,0.001037358
FeelingDusty,19/05/2024,10,16701,Port Adelaide,Hawthorn,12503,Dan,Houston,Port Adelaide,1.456249082
FeelingDusty,19/05/2024,10,16701,Port Adelaide,Hawthorn,12671,Kane,Farrell,Port Adelaide,0.019333062
FeelingDusty,19/05/2024,10,16701,Port Adelaide,Hawthorn,13011,Jase,Burgoyne,Port Adelaide,0.017141966
FeelingDusty,19/05/2024,10,16701,Port Adelaide,Hawthorn,12962,Josh,Sinn,Port Adelaide,0.001037358
FeelingDusty,19/05/2024,10,16701,Port Adelaide,Hawthorn,12693,Zak,Butters,Port Adelaide,0.944398992
FeelingDusty,19/05/2024,10,16701,Port Adelaide,Hawthorn,11591,Travis,Boak,Port Adelaide,0.068941339
FeelingDusty,19/05/2024,10,16701,Port Adelaide,Hawthorn,12557,Jeremy,Finlayson,Port Adelaide,0.001037358
FeelingDusty,19/05/2024,10,16701,Port Adelaide,Hawthorn,12868,Miles,Bergman,Port Adelaide,9.60E-05
FeelingDusty,19/05/2024,10,16701,Port Adelaide,Hawthorn,12613,Willie,Rioli,Port Adelaide,0.001126782
FeelingDusty,19/05/2024,10,16701,Port Adelaide,Hawthorn,12155,Ollie,Wines,Port Adelaide,0.00306289
FeelingDusty,19/05/2024,10,16701,Port Adelaide,Hawthorn,12955,Jason,Horne-Francis,Port Adelaide,1.163498537
FeelingDusty,19/05/2024,10,16701,Port Adelaide,Hawthorn,12770,Mitch,Georgiades,Port Adelaide,0.001037358
FeelingDusty,19/05/2024,10,16701,Port Adelaide,Hawthorn,12442,Aliir,Aliir,Port Adelaide,0.002359948
FeelingDusty,19/05/2024,10,16701,Port Adelaide,Hawthorn,11915,Charlie,Dixon,Port Adelaide,0.000535503
FeelingDusty,19/05/2024,10,16701,Port Adelaide,Hawthorn,12757,Brandon,Zerk-Thatcher,Port Adelaide,0.001037358
FeelingDusty,19/05/2024,10,16701,Port Adelaide,Hawthorn,12606,Esava,Ratugolea,Port Adelaide,0.00182889
FeelingDusty,19/05/2024,10,16701,Port Adelaide,Hawthorn,12694,Willem,Drew,Port Adelaide,0.011293213
FeelingDusty,19/05/2024,10,16701,Port Adelaide,Hawthorn,12429,Darcy,Byrne-Jones,Port Adelaide,0.001037358
FeelingDusty,19/05/2024,10,16701,Port Adelaide,Hawthorn,13074,Dante,Visentini,Port Adelaide,0.00306289
FeelingDusty,19/05/2024,10,16701,Port Adelaide,Hawthorn,12925,Jed,McEntee,Port Adelaide,0
FeelingDusty,19/05/2024,10,16701,Port Adelaide,Hawthorn,12952,Jackson,Mead,Port Adelaide,0.001640575
FeelingDusty,19/05/2024,10,16702,West Coast,Melbourne,11945,Steven,May,Melbourne,0
FeelingDusty,19/05/2024,10,16702,West Coast,Melbourne,12280,Christian,Salem,Melbourne,0.00354253
FeelingDusty,19/05/2024,10,16702,West Coast,Melbourne,13036,Judd,McVee,Melbourne,0
FeelingDusty,19/05/2024,10,16702,West Coast,Melbourne,12437,Christian,Petracca,Melbourne,0.002089159
FeelingDusty,19/05/2024,10,16702,West Coast,Melbourne,13099,Caleb,Windsor,Melbourne,0.00149706
FeelingDusty,19/05/2024,10,16702,West Coast,Melbourne,12152,Jack,Viney,Melbourne,0.002253818
FeelingDusty,19/05/2024,10,16702,West Coast,Melbourne,12359,Jake,Lever,Melbourne,0
FeelingDusty,19/05/2024,10,16702,West Coast,Melbourne,11972,Max,Gawn,Melbourne,0.00329198
FeelingDusty,19/05/2024,10,16702,West Coast,Melbourne,12411,Clayton,Oliver,Melbourne,0.016042586
FeelingDusty,19/05/2024,10,16702,West Coast,Melbourne,12255,Jack,Billings,Melbourne,0
FeelingDusty,19/05/2024,10,16702,West Coast,Melbourne,12933,Jake,Bowey,Melbourne,0
FeelingDusty,19/05/2024,10,16702,West Coast,Melbourne,13098,Blake,Howes,Melbourne,0
FeelingDusty,19/05/2024,10,16702,West Coast,Melbourne,12787,Shane,McAdam,Melbourne,0
FeelingDusty,19/05/2024,10,16702,West Coast,Melbourne,12778,Trent,Rivers,Melbourne,0
FeelingDusty,19/05/2024,10,16702,West Coast,Melbourne,12015,Tom,McDonald,Melbourne,0.00150267
FeelingDusty,19/05/2024,10,16702,West Coast,Melbourne,12375,Alex,Neal-Bullen,Melbourne,0
FeelingDusty,19/05/2024,10,16702,West Coast,Melbourne,12603,Bayley,Fritsch,Melbourne,0.01290266
FeelingDusty,19/05/2024,10,16702,West Coast,Melbourne,12692,Tom,Sparrow,Melbourne,0
FeelingDusty,19/05/2024,10,16702,West Coast,Melbourne,12660,Harrison,Petty,Melbourne,0
FeelingDusty,19/05/2024,10,16702,West Coast,Melbourne,12774,Kysaiah,Pickett,Melbourne,0
FeelingDusty,19/05/2024,10,16702,West Coast,Melbourne,12756,Kade,Chandler,Melbourne,0
FeelingDusty,19/05/2024,10,16702,West Coast,Melbourne,13078,Taj,Woewodin,Melbourne,0
FeelingDusty,19/05/2024,10,16702,West Coast,Melbourne,12296,Ben,Brown,Melbourne,0
FeelingDusty,19/05/2024,10,16702,West Coast,Melbourne,12607,Liam,Ryan,West Coast,0.001465717
FeelingDusty,19/05/2024,10,16702,West Coast,Melbourne,12609,Jake,Waterman,West Coast,2.033449949
FeelingDusty,19/05/2024,10,16702,West Coast,Melbourne,12260,Dom,Sheed,West Coast,0.001465717
FeelingDusty,19/05/2024,10,16702,West Coast,Melbourne,12433,Jayden,Hunt,West Coast,0.003686362
FeelingDusty,19/05/2024,10,16702,West Coast,Melbourne,13032,Reuben,Ginbey,West Coast,0.004108063
FeelingDusty,19/05/2024,10,16702,West Coast,Melbourne,13112,Harley,Reid,West Coast,1.726781878
FeelingDusty,19/05/2024,10,16702,West Coast,Melbourne,12605,Tim,Kelly,West Coast,1.36319989
FeelingDusty,19/05/2024,10,16702,West Coast,Melbourne,12340,Liam,Duggan,West Coast,0.376633201
FeelingDusty,19/05/2024,10,16702,West Coast,Melbourne,11942,Jamie,Cripps,West Coast,0.052697932
FeelingDusty,19/05/2024,10,16702,West Coast,Melbourne,12912,Luke,Edwards,West Coast,0.001465717
FeelingDusty,19/05/2024,10,16702,West Coast,Melbourne,13033,Campbell,Chesser,West Coast,0.003686362
FeelingDusty,19/05/2024,10,16702,West Coast,Melbourne,12958,Brady,Hough,West Coast,0.027607763
FeelingDusty,19/05/2024,10,16702,West Coast,Melbourne,12279,Jeremy,McGovern,West Coast,0.112293222
FeelingDusty,19/05/2024,10,16702,West Coast,Melbourne,12554,Alex,Witherden,West Coast,0.001751512
FeelingDusty,19/05/2024,10,16702,West Coast,Melbourne,11908,Jack,Darling,West Coast,0.216208354
FeelingDusty,19/05/2024,10,16702,West Coast,Melbourne,12454,Tom,Cole,West Coast,0.001465717
FeelingDusty,19/05/2024,10,16702,West Coast,Melbourne,12645,Jamaine,Jones,West Coast,0.001465717
FeelingDusty,19/05/2024,10,16702,West Coast,Melbourne,12837,Bailey J.,Williams,West Coast,0.003686362
FeelingDusty,19/05/2024,10,16702,West Coast,Melbourne,12960,Jack,Williams,West Coast,0.001465717
FeelingDusty,19/05/2024,10,16702,West Coast,Melbourne,12709,Josh,Rotham,West Coast,0.001465717
FeelingDusty,19/05/2024,10,16702,West Coast,Melbourne,12391,Tom,Barrass,West Coast,0.01789524
FeelingDusty,19/05/2024,10,16702,West Coast,Melbourne,13071,Ryan,Maric,West Coast,0.001465717
FeelingDusty,19/05/2024,10,16702,West Coast,Melbourne,13142,Tyrell,Dewar,West Coast,0.001465717
FeelingDusty,23/05/2024,11,16703,Western Bulldogs,Sydney,12799,Chad,Warner,Sydney,2.70976614
FeelingDusty,23/05/2024,11,16703,Western Bulldogs,Sydney,12745,Hayden,McLean,Sydney,0.001858023
FeelingDusty,23/05/2024,11,16703,Western Bulldogs,Sydney,12070,Taylor,Adams,Sydney,0.004656686
FeelingDusty,23/05/2024,11,16703,Western Bulldogs,Sydney,12223,Brodie,Grundy,Sydney,0.425515016
FeelingDusty,23/05/2024,11,16703,Western Bulldogs,Sydney,12331,Isaac,Heeney,Sydney,0.134898506
FeelingDusty,23/05/2024,11,16703,Western Bulldogs,Sydney,12863,Logan,McDonald,Sydney,0.004656686
FeelingDusty,23/05/2024,11,16703,Western Bulldogs,Sydney,12038,Harry,Cunningham,Sydney,0.001858023
FeelingDusty,23/05/2024,11,16703,Western Bulldogs,Sydney,12715,James,Rowbottom,Sydney,0.00336478
FeelingDusty,23/05/2024,11,16703,Western Bulldogs,Sydney,12516,Will,Hayward,Sydney,0.001879278
FeelingDusty,23/05/2024,11,16703,Western Bulldogs,Sydney,12475,Aaron,Francis,Sydney,0.002958065
FeelingDusty,23/05/2024,11,16703,Western Bulldogs,Sydney,12419,Tom,Papley,Sydney,0.001858023
FeelingDusty,23/05/2024,11,16703,Western Bulldogs,Sydney,12501,Oliver,Florent,Sydney,0.00539193
FeelingDusty,23/05/2024,11,16703,Western Bulldogs,Sydney,12820,Sam,Wicks,Sydney,0.001858023
FeelingDusty,23/05/2024,11,16703,Western Bulldogs,Sydney,12865,Braeden,Campbell,Sydney,0.001858023
FeelingDusty,23/05/2024,11,16703,Western Bulldogs,Sydney,12853,James,Jordon,Sydney,0.001858023
FeelingDusty,23/05/2024,11,16703,Western Bulldogs,Sydney,12864,Errol,Gulden,Sydney,1.171415588
FeelingDusty,23/05/2024,11,16703,Western Bulldogs,Sydney,12699,Nick,Blakey,Sydney,0.001537795
FeelingDusty,23/05/2024,11,16703,Western Bulldogs,Sydney,12148,Dane,Rampe,Sydney,0.001160562
FeelingDusty,23/05/2024,11,16703,Western Bulldogs,Sydney,12711,Justin,McInerney,Sydney,0.009949051
FeelingDusty,23/05/2024,11,16703,Western Bulldogs,Sydney,12993,Matt,Roberts,Sydney,0.001858023
FeelingDusty,23/05/2024,11,16703,Western Bulldogs,Sydney,12847,Joel,Amartey,Sydney,0.001858023
FeelingDusty,23/05/2024,11,16703,Western Bulldogs,Sydney,12533,Lewis,Melican,Sydney,0.002958065
FeelingDusty,23/05/2024,11,16703,Western Bulldogs,Sydney,12275,Jake,Lloyd,Sydney,0
FeelingDusty,23/05/2024,11,16703,Western Bulldogs,Sydney,12058,Adam,Treloar,Western Bulldogs,0.46533059
FeelingDusty,23/05/2024,11,16703,Western Bulldogs,Sydney,12924,Jamarra,Ugle-Hagan,Western Bulldogs,0.089694467
FeelingDusty,23/05/2024,11,16703,Western Bulldogs,Sydney,12277,Marcus,Bontempelli,Western Bulldogs,0.82634216
FeelingDusty,23/05/2024,11,16703,Western Bulldogs,Sydney,13111,Ryley,Sanders,Western Bulldogs,0.000146009
FeelingDusty,23/05/2024,11,16703,Western Bulldogs,Sydney,13023,Sam,Darcy,Western Bulldogs,0.00220747
FeelingDusty,23/05/2024,11,16703,Western Bulldogs,Sydney,12172,Jack,Macrae,Western Bulldogs,0.000146009
FeelingDusty,23/05/2024,11,16703,Western Bulldogs,Sydney,13110,Harvey,Gallagher,Western Bulldogs,0.000146009
FeelingDusty,23/05/2024,11,16703,Western Bulldogs,Sydney,12748,Rhylee,West,Western Bulldogs,0
FeelingDusty,23/05/2024,11,16703,Western Bulldogs,Sydney,12169,Taylor,Duryea,Western Bulldogs,0
FeelingDusty,23/05/2024,11,16703,Western Bulldogs,Sydney,11874,Liam,Jones,Western Bulldogs,0.065202826
FeelingDusty,23/05/2024,11,16703,Western Bulldogs,Sydney,12612,Ed,Richards,Western Bulldogs,0.016827393
FeelingDusty,23/05/2024,11,16703,Western Bulldogs,Sydney,12385,James,Harmes,Western Bulldogs,0.001571722
FeelingDusty,23/05/2024,11,16703,Western Bulldogs,Sydney,12781,Laitham,Vandermeer,Western Bulldogs,0.000146009
FeelingDusty,23/05/2024,11,16703,Western Bulldogs,Sydney,13140,Joel,Freijah,Western Bulldogs,0.000146009
FeelingDusty,23/05/2024,11,16703,Western Bulldogs,Sydney,12852,Anthony,Scott,Western Bulldogs,0.000146009
FeelingDusty,23/05/2024,11,16703,Western Bulldogs,Sydney,12917,Lachlan,Bramble,Western Bulldogs,0.000146009
FeelingDusty,23/05/2024,11,16703,Western Bulldogs,Sydney,12362,Bailey,Dale,Western Bulldogs,0.017258241
FeelingDusty,23/05/2024,11,16703,Western Bulldogs,Sydney,12602,Aaron,Naughton,Western Bulldogs,0.000146009
FeelingDusty,23/05/2024,11,16703,Western Bulldogs,Sydney,12449,Bailey,Williams,Western Bulldogs,0.012378773
FeelingDusty,23/05/2024,11,16703,Western Bulldogs,Sydney,12382,Caleb,Daniel,Western Bulldogs,0.000146009
FeelingDusty,23/05/2024,11,16703,Western Bulldogs,Sydney,12908,Riley,Garcia,Western Bulldogs,0.000146009
FeelingDusty,23/05/2024,11,16703,Western Bulldogs,Sydney,12568,Alex,Keath,Western Bulldogs,0.001246051
FeelingDusty,23/05/2024,11,16703,Western Bulldogs,Sydney,12548,Tim,English,Western Bulldogs,0.005507887
FeelingDusty,24/05/2024,11,16704,Fremantle,Collingwood,12586,Patrick,Lipinski,Collingwood,0.13749327
FeelingDusty,24/05/2024,11,16704,Fremantle,Collingwood,12740,Isaac,Quaynor,Collingwood,0.001587864
FeelingDusty,24/05/2024,11,16704,Fremantle,Collingwood,12380,Brayden,Maynard,Collingwood,0.001587864
FeelingDusty,24/05/2024,11,16704,Fremantle,Collingwood,12582,Josh,Daicos,Collingwood,0.04275793
FeelingDusty,24/05/2024,11,16704,Fremantle,Collingwood,12704,Lachie,Schultz,Collingwood,0.002956457
FeelingDusty,24/05/2024,11,16704,Fremantle,Collingwood,12743,John,Noble,Collingwood,0
FeelingDusty,24/05/2024,11,16704,Fremantle,Collingwood,11506,Scott,Pendlebury,Collingwood,0.003920126
FeelingDusty,24/05/2024,11,16704,Fremantle,Collingwood,12666,Darcy,Cameron,Collingwood,0.425192271
FeelingDusty,24/05/2024,11,16704,Fremantle,Collingwood,13147,Edward,Allan,Collingwood,0.004688306
FeelingDusty,24/05/2024,11,16704,Fremantle,Collingwood,12682,Billy,Frampton,Collingwood,0.003612327
FeelingDusty,24/05/2024,11,16704,Fremantle,Collingwood,11759,Steele,Sidebottom,Collingwood,0.000819684
FeelingDusty,24/05/2024,11,16704,Fremantle,Collingwood,12744,Bobby,Hill,Collingwood,0.001587864
FeelingDusty,24/05/2024,11,16704,Fremantle,Collingwood,12067,Jack,Crisp,Collingwood,0.107037061
FeelingDusty,24/05/2024,11,16704,Fremantle,Collingwood,13141,Joe,Richards,Collingwood,0.0130337
FeelingDusty,24/05/2024,11,16704,Fremantle,Collingwood,12381,Darcy,Moore,Collingwood,0.002799446
FeelingDusty,24/05/2024,11,16704,Fremantle,Collingwood,12877,Beau,McCreery,Collingwood,0.002237707
FeelingDusty,24/05/2024,11,16704,Fremantle,Collingwood,13134,Lachlan,Sullivan,Collingwood,0.011617679
FeelingDusty,24/05/2024,11,16704,Fremantle,Collingwood,12948,Nick,Daicos,Collingwood,2.626599657
FeelingDusty,24/05/2024,11,16704,Fremantle,Collingwood,13070,Harvey,Harrison,Collingwood,0.024436522
FeelingDusty,24/05/2024,11,16704,Fremantle,Collingwood,12648,Brody,Mihocek,Collingwood,0.005208259
FeelingDusty,24/05/2024,11,16704,Fremantle,Collingwood,13102,Charlie,Dean,Collingwood,0.001587864
FeelingDusty,24/05/2024,11,16704,Fremantle,Collingwood,13148,Wil,Parker,Collingwood,0.001587864
FeelingDusty,24/05/2024,11,16704,Fremantle,Collingwood,12435,Mason,Cox,Collingwood,0.000819684
FeelingDusty,24/05/2024,11,16704,Fremantle,Collingwood,12149,Jaeger,OMeara,Fremantle,0.004670301
FeelingDusty,24/05/2024,11,16704,Fremantle,Collingwood,12786,Caleb,Serong,Fremantle,0.02239815
FeelingDusty,24/05/2024,11,16704,Fremantle,Collingwood,12555,Sean,Darcy,Fremantle,0.029084224
FeelingDusty,24/05/2024,11,16704,Fremantle,Collingwood,12876,Heath,Chapman,Fremantle,0.003658602
FeelingDusty,24/05/2024,11,16704,Fremantle,Collingwood,12688,Jordan,Clark,Fremantle,1.560546681
FeelingDusty,24/05/2024,11,16704,Fremantle,Collingwood,11844,Nat,Fyfe,Fremantle,0.005657241
FeelingDusty,24/05/2024,11,16704,Fremantle,Collingwood,12596,Andrew,Brayshaw,Fremantle,0.191674391
FeelingDusty,24/05/2024,11,16704,Fremantle,Collingwood,12779,Luke,Jackson,Fremantle,0.001986889
FeelingDusty,24/05/2024,11,16704,Fremantle,Collingwood,11770,Michael,Walters,Fremantle,0.000819684
FeelingDusty,24/05/2024,11,16704,Fremantle,Collingwood,12252,James,Aish,Fremantle,0.001587864
FeelingDusty,24/05/2024,11,16704,Fremantle,Collingwood,12550,Luke,Ryan,Fremantle,0.504489141
FeelingDusty,24/05/2024,11,16704,Fremantle,Collingwood,12821,Jeremy,Sharp,Fremantle,0.158261901
FeelingDusty,24/05/2024,11,16704,Fremantle,Collingwood,13093,Tom,Emmett,Fremantle,0.001587864
FeelingDusty,24/05/2024,11,16704,Fremantle,Collingwood,12983,Jye,Amiss,Fremantle,0.001587864
FeelingDusty,24/05/2024,11,16704,Fremantle,Collingwood,12361,Alex,Pearce,Fremantle,0.005825694
FeelingDusty,24/05/2024,11,16704,Fremantle,Collingwood,12777,Hayden,Young,Fremantle,0.021732054
FeelingDusty,24/05/2024,11,16704,Fremantle,Collingwood,12915,Brandon,Walker,Fremantle,0.001587864
FeelingDusty,24/05/2024,11,16704,Fremantle,Collingwood,12461,Corey,Wagner,Fremantle,0.001587864
FeelingDusty,24/05/2024,11,16704,Fremantle,Collingwood,12888,Josh,Treacy,Fremantle,0.001587864
FeelingDusty,24/05/2024,11,16704,Fremantle,Collingwood,13113,Joshua,Draper,Fremantle,0.001986889
FeelingDusty,24/05/2024,11,16704,Fremantle,Collingwood,12679,Sam,Switkowski,Fremantle,0
FeelingDusty,24/05/2024,11,16704,Fremantle,Collingwood,12595,Bailey,Banfield,Fremantle,0.049823267
FeelingDusty,24/05/2024,11,16704,Fremantle,Collingwood,13049,Matthew,Johnson,Fremantle,0.004688306
FeelingDusty,25/05/2024,11,16706,Carlton,Gold Coast,13028,Lachlan,Cowan,Carlton,0.028939282
FeelingDusty,25/05/2024,11,16706,Carlton,Gold Coast,13029,Oliver,Hollands,Carlton,0.00803041
FeelingDusty,25/05/2024,11,16706,Carlton,Gold Coast,12181,Zac,Williams,Carlton,0.29727127
FeelingDusty,25/05/2024,11,16706,Carlton,Gold Coast,12463,Matthew,Kennedy,Carlton,0.061275475
FeelingDusty,25/05/2024,11,16706,Carlton,Gold Coast,12604,Lachie,Fogarty,Carlton,0.002969438
FeelingDusty,25/05/2024,11,16706,Carlton,Gold Coast,12269,Patrick,Cripps,Carlton,1.934019909
FeelingDusty,25/05/2024,11,16706,Carlton,Gold Coast,12575,Harry,McKay,Carlton,0.008431779
FeelingDusty,25/05/2024,11,16706,Carlton,Gold Coast,12415,Mitch,McGovern,Carlton,0.029209071
FeelingDusty,25/05/2024,11,16706,Carlton,Gold Coast,12681,Tom,De Koning,Carlton,0.729908164
FeelingDusty,25/05/2024,11,16706,Carlton,Gold Coast,12282,Blake,Acres,Carlton,0.242986807
FeelingDusty,25/05/2024,11,16706,Carlton,Gold Coast,12308,Orazio,Fantasia,Carlton,0.001503837
FeelingDusty,25/05/2024,11,16706,Carlton,Gold Coast,12980,Jack,Carroll,Carlton,0.001503837
FeelingDusty,25/05/2024,11,16706,Carlton,Gold Coast,12938,Brodie,Kemp,Carlton,0.034558416
FeelingDusty,25/05/2024,11,16706,Carlton,Gold Coast,12685,Sam,Walsh,Carlton,1.859010581
FeelingDusty,25/05/2024,11,16706,Carlton,Gold Coast,13017,Elijah,Hollands,Carlton,0.010292216
FeelingDusty,25/05/2024,11,16706,Carlton,Gold Coast,12410,Jacob,Weitering,Carlton,0.002798299
FeelingDusty,25/05/2024,11,16706,Carlton,Gold Coast,12517,Nic,Newman,Carlton,0.045859878
FeelingDusty,25/05/2024,11,16706,Carlton,Gold Coast,12417,George,Hewett,Carlton,0.008605826
FeelingDusty,25/05/2024,11,16706,Carlton,Gold Coast,12428,Charlie,Curnow,Carlton,0.534827127
FeelingDusty,25/05/2024,11,16706,Carlton,Gold Coast,12965,Jordan,Boyd,Carlton,0.001503837
FeelingDusty,25/05/2024,11,16706,Carlton,Gold Coast,13057,Alex,Cincotta,Carlton,0.001503837
FeelingDusty,25/05/2024,11,16706,Carlton,Gold Coast,12330,Adam,Saad,Carlton,0.001503837
FeelingDusty,25/05/2024,11,16706,Carlton,Gold Coast,12842,Matthew,Owies,Carlton,0.001503837
FeelingDusty,25/05/2024,11,16706,Carlton,Gold Coast,12941,Alex,Davies,Gold Coast,0
FeelingDusty,25/05/2024,11,16706,Carlton,Gold Coast,12086,Alex,Sexton,Gold Coast,0
FeelingDusty,25/05/2024,11,16706,Carlton,Gold Coast,12314,Nick,Holman,Gold Coast,0
FeelingDusty,25/05/2024,11,16706,Carlton,Gold Coast,12506,Ben,Ainsworth,Gold Coast,0
FeelingDusty,25/05/2024,11,16706,Carlton,Gold Coast,12631,Charlie,Ballard,Gold Coast,0.000147943
FeelingDusty,25/05/2024,11,16706,Carlton,Gold Coast,12329,Touk,Miller,Gold Coast,0
FeelingDusty,25/05/2024,11,16706,Carlton,Gold Coast,12703,Jack,Lukosius,Gold Coast,0
FeelingDusty,25/05/2024,11,16706,Carlton,Gold Coast,12767,Noah,Anderson,Gold Coast,0.004808402
FeelingDusty,25/05/2024,11,16706,Carlton,Gold Coast,12776,Thomas,Berry,Gold Coast,0.001535995
FeelingDusty,25/05/2024,11,16706,Carlton,Gold Coast,13114,Jed,Walter,Gold Coast,0
FeelingDusty,25/05/2024,11,16706,Carlton,Gold Coast,12769,Matt,Rowell,Gold Coast,0.037571434
FeelingDusty,25/05/2024,11,16706,Carlton,Gold Coast,13050,Bailey,Humphrey,Gold Coast,0.001535995
FeelingDusty,25/05/2024,11,16706,Carlton,Gold Coast,12529,Ben,Long,Gold Coast,0
FeelingDusty,25/05/2024,11,16706,Carlton,Gold Coast,11923,David,Swallow,Gold Coast,0.001535995
FeelingDusty,25/05/2024,11,16706,Carlton,Gold Coast,12453,Sam,Collins,Gold Coast,0
FeelingDusty,25/05/2024,11,16706,Carlton,Gold Coast,12184,Jarrod,Witts,Gold Coast,0.055002884
FeelingDusty,25/05/2024,11,16706,Carlton,Gold Coast,13127,Jake,Rogers,Gold Coast,0
FeelingDusty,25/05/2024,11,16706,Carlton,Gold Coast,13019,Mac,Andrew,Gold Coast,0.047624397
FeelingDusty,25/05/2024,11,16706,Carlton,Gold Coast,13037,Bodhi,Uwland,Gold Coast,0
FeelingDusty,25/05/2024,11,16706,Carlton,Gold Coast,13119,Sam,Clohesy,Gold Coast,0.001535995
FeelingDusty,25/05/2024,11,16706,Carlton,Gold Coast,12728,Ben,King,Gold Coast,0.000683993
FeelingDusty,25/05/2024,11,16706,Carlton,Gold Coast,13091,Lloyd,Johnston,Gold Coast,0
FeelingDusty,25/05/2024,11,16706,Carlton,Gold Coast,12932,Joel,Jeffrey,Gold Coast,0
FeelingDusty,25/05/2024,11,16705,North Melbourne,Port Adelaide,12598,Jaidyn,Stephenson,North Melbourne,0
FeelingDusty,25/05/2024,11,16705,North Melbourne,Port Adelaide,13030,Harry,Sheezel,North Melbourne,0.050082081
FeelingDusty,25/05/2024,11,16705,North Melbourne,Port Adelaide,12185,Aidan,Corr,North Melbourne,0
FeelingDusty,25/05/2024,11,16705,North Melbourne,Port Adelaide,12722,Curtis,Taylor,North Melbourne,0
FeelingDusty,25/05/2024,11,16705,North Melbourne,Port Adelaide,13065,George,Wardlaw,North Melbourne,0
FeelingDusty,25/05/2024,11,16705,North Melbourne,Port Adelaide,13104,Zane,Duursma,North Melbourne,0
FeelingDusty,25/05/2024,11,16705,North Melbourne,Port Adelaide,12705,Bailey,Scott,North Melbourne,0.001989002
FeelingDusty,25/05/2024,11,16705,North Melbourne,Port Adelaide,12599,Luke,Davies-Uniacke,North Melbourne,0.900695067
FeelingDusty,25/05/2024,11,16705,North Melbourne,Port Adelaide,12246,Luke,McDonald,North Melbourne,0
FeelingDusty,25/05/2024,11,16705,North Melbourne,Port Adelaide,12434,Darcy,Tucker,North Melbourne,0.117024228
FeelingDusty,25/05/2024,11,16705,North Melbourne,Port Adelaide,11766,Liam,Shiels,North Melbourne,0.001258007
FeelingDusty,25/05/2024,11,16705,North Melbourne,Port Adelaide,12528,Zac,Fisher,North Melbourne,0
FeelingDusty,25/05/2024,11,16705,North Melbourne,Port Adelaide,13145,Wil,Dawson,North Melbourne,0.001989002
FeelingDusty,25/05/2024,11,16705,North Melbourne,Port Adelaide,12569,Nick,Larkey,North Melbourne,0
FeelingDusty,25/05/2024,11,16705,North Melbourne,Port Adelaide,12867,Tom,Powell,North Melbourne,0.001989002
FeelingDusty,25/05/2024,11,16705,North Melbourne,Port Adelaide,12975,Paul,Curtis,North Melbourne,0
FeelingDusty,25/05/2024,11,16705,North Melbourne,Port Adelaide,12939,Charlie,Comben,North Melbourne,0.000191575
FeelingDusty,25/05/2024,11,16705,North Melbourne,Port Adelaide,13106,Toby,Pink,North Melbourne,0
FeelingDusty,25/05/2024,11,16705,North Melbourne,Port Adelaide,13005,Jackson,Archer,North Melbourne,0
FeelingDusty,25/05/2024,11,16705,North Melbourne,Port Adelaide,12866,Charlie,Lazzaro,North Melbourne,0
FeelingDusty,25/05/2024,11,16705,North Melbourne,Port Adelaide,12789,Tristan,Xerri,North Melbourne,0.188958524
FeelingDusty,25/05/2024,11,16705,North Melbourne,Port Adelaide,12923,Eddie,Ford,North Melbourne,0
FeelingDusty,25/05/2024,11,16705,North Melbourne,Port Adelaide,12566,Cameron,Zurhaar,North Melbourne,0
FeelingDusty,25/05/2024,11,16705,North Melbourne,Port Adelaide,12696,Connor,Rozee,Port Adelaide,0.011547945
FeelingDusty,25/05/2024,11,16705,North Melbourne,Port Adelaide,12485,Ryan,Burton,Port Adelaide,0.001947359
FeelingDusty,25/05/2024,11,16705,North Melbourne,Port Adelaide,12581,Todd,Marshall,Port Adelaide,2.00519353
FeelingDusty,25/05/2024,11,16705,North Melbourne,Port Adelaide,12503,Dan,Houston,Port Adelaide,0.010394441
FeelingDusty,25/05/2024,11,16705,North Melbourne,Port Adelaide,12671,Kane,Farrell,Port Adelaide,0.001947359
FeelingDusty,25/05/2024,11,16705,North Melbourne,Port Adelaide,13011,Jase,Burgoyne,Port Adelaide,0.032211061
FeelingDusty,25/05/2024,11,16705,North Melbourne,Port Adelaide,12693,Zak,Butters,Port Adelaide,0.033241649
FeelingDusty,25/05/2024,11,16705,North Melbourne,Port Adelaide,11591,Travis,Boak,Port Adelaide,0.286955292
FeelingDusty,25/05/2024,11,16705,North Melbourne,Port Adelaide,12557,Jeremy,Finlayson,Port Adelaide,0.001947359
FeelingDusty,25/05/2024,11,16705,North Melbourne,Port Adelaide,12868,Miles,Bergman,Port Adelaide,0.001947359
FeelingDusty,25/05/2024,11,16705,North Melbourne,Port Adelaide,12613,Willie,Rioli,Port Adelaide,0.001947359
FeelingDusty,25/05/2024,11,16705,North Melbourne,Port Adelaide,12155,Ollie,Wines,Port Adelaide,0.734909141
FeelingDusty,25/05/2024,11,16705,North Melbourne,Port Adelaide,12955,Jason,Horne-Francis,Port Adelaide,1.467714823
FeelingDusty,25/05/2024,11,16705,North Melbourne,Port Adelaide,12770,Mitch,Georgiades,Port Adelaide,0.003873824
FeelingDusty,25/05/2024,11,16705,North Melbourne,Port Adelaide,12442,Aliir,Aliir,Port Adelaide,0.003100292
FeelingDusty,25/05/2024,11,16705,North Melbourne,Port Adelaide,12890,Jordon,Sweet,Port Adelaide,0.011547945
FeelingDusty,25/05/2024,11,16705,North Melbourne,Port Adelaide,12757,Brandon,Zerk-Thatcher,Port Adelaide,0.003596392
FeelingDusty,25/05/2024,11,16705,North Melbourne,Port Adelaide,12606,Esava,Ratugolea,Port Adelaide,0.0925634
FeelingDusty,25/05/2024,11,16705,North Melbourne,Port Adelaide,12694,Willem,Drew,Port Adelaide,0.004887024
FeelingDusty,25/05/2024,11,16705,North Melbourne,Port Adelaide,12429,Darcy,Byrne-Jones,Port Adelaide,0.006975778
FeelingDusty,25/05/2024,11,16705,North Melbourne,Port Adelaide,12883,Lachie,Jones,Port Adelaide,0.001947359
FeelingDusty,25/05/2024,11,16705,North Melbourne,Port Adelaide,12925,Jed,McEntee,Port Adelaide,0.001947359
FeelingDusty,25/05/2024,11,16705,North Melbourne,Port Adelaide,12952,Jackson,Mead,Port Adelaide,0.013479467
FeelingDusty,25/05/2024,11,16707,Geelong,GWS,11979,Zach,Tuohy,Geelong,0.02688358
FeelingDusty,25/05/2024,11,16707,Geelong,GWS,12870,Tanner,Bruhn,Geelong,0.005699672
FeelingDusty,25/05/2024,11,16707,Geelong,GWS,12022,Jeremy,Cameron,Geelong,0.000485612
FeelingDusty,25/05/2024,11,16707,Geelong,GWS,13095,Toby,Conway,Geelong,0.003277421
FeelingDusty,25/05/2024,11,16707,Geelong,GWS,12378,Jake,Kolodjashnij,Geelong,0.000158137
FeelingDusty,25/05/2024,11,16707,Geelong,GWS,12882,Max,Holmes,Geelong,1.370561247
FeelingDusty,25/05/2024,11,16707,Geelong,GWS,12507,Jack,Bowes,Geelong,0.000485612
FeelingDusty,25/05/2024,11,16707,Geelong,GWS,13062,Jhye,Clark,Geelong,0
FeelingDusty,25/05/2024,11,16707,Geelong,GWS,12892,Sam,De Koning,Geelong,0.002046027
FeelingDusty,25/05/2024,11,16707,Geelong,GWS,12561,Tyson,Stengle,Geelong,0.112889683
FeelingDusty,25/05/2024,11,16707,Geelong,GWS,11804,Mitch,Duncan,Geelong,0.006911983
FeelingDusty,25/05/2024,11,16707,Geelong,GWS,11554,Tom,Hawkins,Geelong,0
FeelingDusty,25/05/2024,11,16707,Geelong,GWS,12976,Oliver,Dempsey,Geelong,0.003277421
FeelingDusty,25/05/2024,11,16707,Geelong,GWS,12687,Tom,Atkins,Geelong,0.016608848
FeelingDusty,25/05/2024,11,16707,Geelong,GWS,12690,Gryan,Miers,Geelong,0.000485612
FeelingDusty,25/05/2024,11,16707,Geelong,GWS,12995,Shannon,Neale,Geelong,0.000485612
FeelingDusty,25/05/2024,11,16707,Geelong,GWS,13067,Oisin,Mullin,Geelong,0.000485612
FeelingDusty,25/05/2024,11,16707,Geelong,GWS,12850,Oliver,Henry,Geelong,0.000485612
FeelingDusty,25/05/2024,11,16707,Geelong,GWS,12614,Jack,Henry,Geelong,0.023628142
FeelingDusty,25/05/2024,11,16707,Geelong,GWS,12559,Zach,Guthrie,Geelong,0.005902861
FeelingDusty,25/05/2024,11,16707,Geelong,GWS,12514,Tom,Stewart,Geelong,0.024295558
FeelingDusty,25/05/2024,11,16707,Geelong,GWS,12808,Brad,Close,Geelong,0
FeelingDusty,25/05/2024,11,16707,Geelong,GWS,12160,Mark,Blicavs,Geelong,0.003417128
FeelingDusty,25/05/2024,11,16707,Geelong,GWS,12023,Stephen,Coniglio,GWS,0.014401603
FeelingDusty,25/05/2024,11,16707,Geelong,GWS,12026,Toby,Greene,GWS,2.042307015
FeelingDusty,25/05/2024,11,16707,Geelong,GWS,13054,Aaron,Cadman,GWS,0.0014298
FeelingDusty,25/05/2024,11,16707,Geelong,GWS,12147,Lachie,Whitfield,GWS,0.077334471
FeelingDusty,25/05/2024,11,16707,Geelong,GWS,13002,Ryan,Angwin,GWS,0.007947893
FeelingDusty,25/05/2024,11,16707,Geelong,GWS,12992,Jacob,Wehr,GWS,0.004221608
FeelingDusty,25/05/2024,11,16707,Geelong,GWS,12766,Tom,Green,GWS,0.313725154
FeelingDusty,25/05/2024,11,16707,Geelong,GWS,12773,Toby,Bedford,GWS,0.0014298
FeelingDusty,25/05/2024,11,16707,Geelong,GWS,12651,Sam,Taylor,GWS,0.002520775
FeelingDusty,25/05/2024,11,16707,Geelong,GWS,12663,Brent,Daniels,GWS,0.010324518
FeelingDusty,25/05/2024,11,16707,Geelong,GWS,12970,Finn,Callaghan,GWS,0.034425808
FeelingDusty,25/05/2024,11,16707,Geelong,GWS,12096,Nick,Haynes,GWS,0.002271004
FeelingDusty,25/05/2024,11,16707,Geelong,GWS,12934,James,Peatling,GWS,0.0034959
FeelingDusty,25/05/2024,11,16707,Geelong,GWS,13018,Leek,Aleer,GWS,0.089447956
FeelingDusty,25/05/2024,11,16707,Geelong,GWS,12326,Jesse,Hogan,GWS,0.0014298
FeelingDusty,25/05/2024,11,16707,Geelong,GWS,12835,Jake,Riccardi,GWS,0.506508388
FeelingDusty,25/05/2024,11,16707,Geelong,GWS,12470,Harry,Himmelberg,GWS,0.013989012
FeelingDusty,25/05/2024,11,16707,Geelong,GWS,13101,Harvey,Thomas,GWS,0.0014298
FeelingDusty,25/05/2024,11,16707,Geelong,GWS,13089,Toby,McMullin,GWS,0.000132329
FeelingDusty,25/05/2024,11,16707,Geelong,GWS,12905,Kieren,Briggs,GWS,1.17717733
FeelingDusty,25/05/2024,11,16707,Geelong,GWS,12822,Xavier,OHalloran,GWS,0.010514452
FeelingDusty,25/05/2024,11,16707,Geelong,GWS,12541,Harry,Perryman,GWS,0.0014298
FeelingDusty,25/05/2024,11,16707,Geelong,GWS,12749,Connor,Idun,GWS,0.073634405
FeelingDusty,25/05/2024,11,16708,Richmond,Essendon,12505,Andrew,McGrath,Essendon,0.001771052
FeelingDusty,25/05/2024,11,16708,Richmond,Essendon,12358,Kyle,Langford,Essendon,0.071575812
FeelingDusty,25/05/2024,11,16708,Richmond,Essendon,13087,Elijah,Tsatas,Essendon,0.001771052
FeelingDusty,25/05/2024,11,16708,Richmond,Essendon,12752,Jye,Caldwell,Essendon,0.013358449
FeelingDusty,25/05/2024,11,16708,Richmond,Essendon,12249,Zach,Merrett,Essendon,1.33874557
FeelingDusty,25/05/2024,11,16708,Richmond,Essendon,12422,Jade,Gresham,Essendon,0.001771052
FeelingDusty,25/05/2024,11,16708,Richmond,Essendon,12858,Nik,Cox,Essendon,0.004454299
FeelingDusty,25/05/2024,11,16708,Richmond,Essendon,12640,Jordan,Ridley,Essendon,2.320051988
FeelingDusty,25/05/2024,11,16708,Richmond,Essendon,12384,Jayden,Laverde,Essendon,0.007708517
FeelingDusty,25/05/2024,11,16708,Richmond,Essendon,12880,Archie,Perkins,Essendon,0.001771052
FeelingDusty,25/05/2024,11,16708,Richmond,Essendon,11692,Todd,Goldstein,Essendon,0.014006881
FeelingDusty,25/05/2024,11,16708,Richmond,Essendon,12734,Nick,Hind,Essendon,0.228395743
FeelingDusty,25/05/2024,11,16708,Richmond,Essendon,12371,Peter,Wright,Essendon,0.001771052
FeelingDusty,25/05/2024,11,16708,Richmond,Essendon,11903,Dyson,Heppell,Essendon,0.098019213
FeelingDusty,25/05/2024,11,16708,Richmond,Essendon,12926,Sam,Durham,Essendon,0.084251177
FeelingDusty,25/05/2024,11,16708,Richmond,Essendon,12173,Jake,Stringer,Essendon,0.398966067
FeelingDusty,25/05/2024,11,16708,Richmond,Essendon,12445,Mason,Redman,Essendon,0.107291314
FeelingDusty,25/05/2024,11,16708,Richmond,Essendon,12345,Jake,Kelly,Essendon,0.001771052
FeelingDusty,25/05/2024,11,16708,Richmond,Essendon,13149,Nate,Caddy,Essendon,0.001068357
FeelingDusty,25/05/2024,11,16708,Richmond,Essendon,12588,Ben,McKay,Essendon,0.002116384
FeelingDusty,25/05/2024,11,16708,Richmond,Essendon,13040,Alwyn,Davey Jnr,Essendon,0.004454299
FeelingDusty,25/05/2024,11,16708,Richmond,Essendon,12619,Matt,Guelfi,Essendon,0.001771052
FeelingDusty,25/05/2024,11,16708,Richmond,Essendon,12950,Nic,Martin,Essendon,0.323680884
FeelingDusty,25/05/2024,11,16708,Richmond,Essendon,12180,Nick,Vlastuin,Richmond,0.003152171
FeelingDusty,25/05/2024,11,16708,Richmond,Essendon,11921,Dion,Prestia,Richmond,0.062795072
FeelingDusty,25/05/2024,11,16708,Richmond,Essendon,11801,Dustin,Martin,Richmond,0.690191335
FeelingDusty,25/05/2024,11,16708,Richmond,Essendon,12668,Liam,Baker,Richmond,0.007287742
FeelingDusty,25/05/2024,11,16708,Richmond,Essendon,12904,Hugo,Ralphsmith,Richmond,0.001287267
FeelingDusty,25/05/2024,11,16708,Richmond,Essendon,12425,Jayden,Short,Richmond,0.005751186
FeelingDusty,25/05/2024,11,16708,Richmond,Essendon,12409,Daniel,Rioli,Richmond,0.001833879
FeelingDusty,25/05/2024,11,16708,Richmond,Essendon,12686,Noah,Balta,Richmond,0.001515782
FeelingDusty,25/05/2024,11,16708,Richmond,Essendon,12379,Toby,Nankervis,Richmond,0.185554336
FeelingDusty,25/05/2024,11,16708,Richmond,Essendon,12836,Thomson,Dow,Richmond,0.00325568
FeelingDusty,25/05/2024,11,16708,Richmond,Essendon,13122,Kane,McAuliffe,Richmond,0.000139175
FeelingDusty,25/05/2024,11,16708,Richmond,Essendon,12542,Shai,Bolton,Richmond,0.000964735
FeelingDusty,25/05/2024,11,16708,Richmond,Essendon,13097,Tom,Brown,Richmond,0.000139175
FeelingDusty,25/05/2024,11,16708,Richmond,Essendon,12918,Samson,Ryan,Richmond,0.000139175
FeelingDusty,25/05/2024,11,16708,Richmond,Essendon,12324,Kamdyn,McIntosh,Richmond,0.002135297
FeelingDusty,25/05/2024,11,16708,Richmond,Essendon,12464,Nathan,Broad,Richmond,0.000484507
FeelingDusty,25/05/2024,11,16708,Richmond,Essendon,12994,Noah,Cumberland,Richmond,0
FeelingDusty,25/05/2024,11,16708,Richmond,Essendon,13015,Tyler,Sonsie,Richmond,0.000139175
FeelingDusty,25/05/2024,11,16708,Richmond,Essendon,13115,Mykelti,Lefau,Richmond,0.000139175
FeelingDusty,25/05/2024,11,16708,Richmond,Essendon,13100,Seth,Campbell,Richmond,0.000139175
FeelingDusty,25/05/2024,11,16708,Richmond,Essendon,12940,Ben,Miller,Richmond,0.000139175
FeelingDusty,25/05/2024,11,16708,Richmond,Essendon,13144,Steely,Green,Richmond,0.000139175
FeelingDusty,25/05/2024,11,16708,Richmond,Essendon,12761,Marlion,Pickett,Richmond,0.002135297
FeelingDusty,26/05/2024,11,16709,Hawthorn,Brisbane,12969,Kai,Lohmann,Brisbane,0
FeelingDusty,26/05/2024,11,16709,Hawthorn,Brisbane,12205,Joe,Daniher,Brisbane,0
FeelingDusty,26/05/2024,11,16709,Hawthorn,Brisbane,12412,Callum,Ah Chee,Brisbane,0
FeelingDusty,26/05/2024,11,16709,Hawthorn,Brisbane,12421,Josh,Dunkley,Brisbane,0.034958637
FeelingDusty,26/05/2024,11,16709,Hawthorn,Brisbane,12526,Hugh,McCluggage,Brisbane,0
FeelingDusty,26/05/2024,11,16709,Hawthorn,Brisbane,12525,Jarrod,Berry,Brisbane,0.072773711
FeelingDusty,26/05/2024,11,16709,Hawthorn,Brisbane,12061,Lachie,Neale,Brisbane,0.819497499
FeelingDusty,26/05/2024,11,16709,Hawthorn,Brisbane,13138,Logan,Morris,Brisbane,0
FeelingDusty,26/05/2024,11,16709,Hawthorn,Brisbane,12082,Dayne,Zorko,Brisbane,0
FeelingDusty,26/05/2024,11,16709,Hawthorn,Brisbane,12594,Cam,Rayner,Brisbane,0
FeelingDusty,26/05/2024,11,16709,Hawthorn,Brisbane,12862,Harry,Sharp,Brisbane,0
FeelingDusty,26/05/2024,11,16709,Hawthorn,Brisbane,12284,Charlie,Cameron,Brisbane,0
FeelingDusty,26/05/2024,11,16709,Hawthorn,Brisbane,13085,Brandon,Ryan,Brisbane,0
FeelingDusty,26/05/2024,11,16709,Hawthorn,Brisbane,12400,Conor,McKenna,Brisbane,0
FeelingDusty,26/05/2024,11,16709,Hawthorn,Brisbane,13072,Jaspa,Fletcher,Brisbane,0.001688613
FeelingDusty,26/05/2024,11,16709,Hawthorn,Brisbane,12347,Harris,Andrews,Brisbane,0.000583819
FeelingDusty,26/05/2024,11,16709,Hawthorn,Brisbane,12617,Zac,Bailey,Brisbane,0
FeelingDusty,26/05/2024,11,16709,Hawthorn,Brisbane,11901,Ryan,Lester,Brisbane,0.000583819
FeelingDusty,26/05/2024,11,16709,Hawthorn,Brisbane,13139,Bruce,Reville,Brisbane,0.001688613
FeelingDusty,26/05/2024,11,16709,Hawthorn,Brisbane,12815,Jack,Payne,Brisbane,0
FeelingDusty,26/05/2024,11,16709,Hawthorn,Brisbane,12719,Noah,Answerth,Brisbane,0
FeelingDusty,26/05/2024,11,16709,Hawthorn,Brisbane,13027,Darcy,Wilmot,Brisbane,0
FeelingDusty,26/05/2024,11,16709,Hawthorn,Brisbane,12625,Oscar,McInerney,Brisbane,0.140357073
FeelingDusty,26/05/2024,11,16709,Hawthorn,Brisbane,12913,Jai,Newcombe,Hawthorn,0.089058995
FeelingDusty,26/05/2024,11,16709,Hawthorn,Brisbane,12245,Jarman,Impey,Hawthorn,0.003095981
FeelingDusty,26/05/2024,11,16709,Hawthorn,Brisbane,12626,James,Worpel,Hawthorn,1.824187679
FeelingDusty,26/05/2024,11,16709,Hawthorn,Brisbane,12342,James,Sicily,Hawthorn,0.142296097
FeelingDusty,26/05/2024,11,16709,Hawthorn,Brisbane,12124,Sam,Frost,Hawthorn,0.001975623
FeelingDusty,26/05/2024,11,16709,Hawthorn,Brisbane,12753,Changkuoth,Jiath,Hawthorn,0.002049231
FeelingDusty,26/05/2024,11,16709,Hawthorn,Brisbane,12365,Karl,Amon,Hawthorn,0.959495464
FeelingDusty,26/05/2024,11,16709,Hawthorn,Brisbane,12678,Conor,Nash,Hawthorn,0.004158041
FeelingDusty,26/05/2024,11,16709,Hawthorn,Brisbane,12794,Will,Day,Hawthorn,0.520493869
FeelingDusty,26/05/2024,11,16709,Hawthorn,Brisbane,12710,Dylan,Moore,Hawthorn,0.002091057
FeelingDusty,26/05/2024,11,16709,Hawthorn,Brisbane,12571,Jack,Scrimshaw,Hawthorn,0.004480405
FeelingDusty,26/05/2024,11,16709,Hawthorn,Brisbane,12477,Blake,Hardwick,Hawthorn,0.001653259
FeelingDusty,26/05/2024,11,16709,Hawthorn,Brisbane,12999,Massimo,DAmbrosio,Hawthorn,0.16048461
FeelingDusty,26/05/2024,11,16709,Hawthorn,Brisbane,12854,Lloyd,Meek,Hawthorn,0.006653744
FeelingDusty,26/05/2024,11,16709,Hawthorn,Brisbane,12491,Mabior,Chol,Hawthorn,0.005685483
FeelingDusty,26/05/2024,11,16709,Hawthorn,Brisbane,11854,Jack,Gunston,Hawthorn,1.181742647
FeelingDusty,26/05/2024,11,16709,Hawthorn,Brisbane,11960,Luke,Breust,Hawthorn,0.001032662
FeelingDusty,26/05/2024,11,16709,Hawthorn,Brisbane,13059,Josh,Weddle,Hawthorn,0.004554013
FeelingDusty,26/05/2024,11,16709,Hawthorn,Brisbane,13039,Cam,Mackenzie,Hawthorn,0.001653259
FeelingDusty,26/05/2024,11,16709,Hawthorn,Brisbane,12953,Connor,Macdonald,Hawthorn,0.002919042
FeelingDusty,26/05/2024,11,16709,Hawthorn,Brisbane,12928,Jack,Ginnivan,Hawthorn,0.004800539
FeelingDusty,26/05/2024,11,16709,Hawthorn,Brisbane,13137,Calsher,Dear,Hawthorn,0.001653259
FeelingDusty,26/05/2024,11,16709,Hawthorn,Brisbane,13055,Seamus,Mitchell,Hawthorn,0.001653259
FeelingDusty,26/05/2024,11,16710,Melbourne,St Kilda,11945,Steven,May,Melbourne,0
FeelingDusty,26/05/2024,11,16710,Melbourne,St Kilda,13048,Jacob,van Rooyen,Melbourne,0.056407317
FeelingDusty,26/05/2024,11,16710,Melbourne,St Kilda,12280,Christian,Salem,Melbourne,0.853541459
FeelingDusty,26/05/2024,11,16710,Melbourne,St Kilda,13036,Judd,McVee,Melbourne,0.003022146
FeelingDusty,26/05/2024,11,16710,Melbourne,St Kilda,12437,Christian,Petracca,Melbourne,0.480305013
FeelingDusty,26/05/2024,11,16710,Melbourne,St Kilda,13099,Caleb,Windsor,Melbourne,0.006360631
FeelingDusty,26/05/2024,11,16710,Melbourne,St Kilda,12152,Jack,Viney,Melbourne,0.702580713
FeelingDusty,26/05/2024,11,16710,Melbourne,St Kilda,11972,Max,Gawn,Melbourne,3
FeelingDusty,26/05/2024,11,16710,Melbourne,St Kilda,12210,Lachie,Hunter,Melbourne,0.00252902
FeelingDusty,26/05/2024,11,16710,Melbourne,St Kilda,12411,Clayton,Oliver,Melbourne,0.029837596
FeelingDusty,26/05/2024,11,16710,Melbourne,St Kilda,12401,Ed,Langdon,Melbourne,0.031465984
FeelingDusty,26/05/2024,11,16710,Melbourne,St Kilda,12933,Jake,Bowey,Melbourne,0.00252902
FeelingDusty,26/05/2024,11,16710,Melbourne,St Kilda,12034,Adam,Tomlinson,Melbourne,0.23561097
FeelingDusty,26/05/2024,11,16710,Melbourne,St Kilda,12787,Shane,McAdam,Melbourne,0
FeelingDusty,26/05/2024,11,16710,Melbourne,St Kilda,12778,Trent,Rivers,Melbourne,0.007226602
FeelingDusty,26/05/2024,11,16710,Melbourne,St Kilda,12015,Tom,McDonald,Melbourne,0.093067103
FeelingDusty,26/05/2024,11,16710,Melbourne,St Kilda,12375,Alex,Neal-Bullen,Melbourne,0.109229919
FeelingDusty,26/05/2024,11,16710,Melbourne,St Kilda,12603,Bayley,Fritsch,Melbourne,0.005251038
FeelingDusty,26/05/2024,11,16710,Melbourne,St Kilda,12692,Tom,Sparrow,Melbourne,0.00252902
FeelingDusty,26/05/2024,11,16710,Melbourne,St Kilda,12660,Harrison,Petty,Melbourne,0.00252902
FeelingDusty,26/05/2024,11,16710,Melbourne,St Kilda,12774,Kysaiah,Pickett,Melbourne,0
FeelingDusty,26/05/2024,11,16710,Melbourne,St Kilda,12756,Kade,Chandler,Melbourne,0.00252902
FeelingDusty,26/05/2024,11,16710,Melbourne,St Kilda,13078,Taj,Woewodin,Melbourne,0.00252902
FeelingDusty,26/05/2024,11,16710,Melbourne,St Kilda,12616,Jack,Higgins,St Kilda,0.001473509
FeelingDusty,26/05/2024,11,16710,Melbourne,St Kilda,12968,Marcus,Windhager,St Kilda,0.004927087
FeelingDusty,26/05/2024,11,16710,Melbourne,St Kilda,13108,Lance,Collard,St Kilda,0
FeelingDusty,26/05/2024,11,16710,Melbourne,St Kilda,12138,Sebastian,Ross,St Kilda,0.002046538
FeelingDusty,26/05/2024,11,16710,Melbourne,St Kilda,12947,Nasiah,Wanganeen-Milera,St Kilda,0.017493003
FeelingDusty,26/05/2024,11,16710,Melbourne,St Kilda,12066,Bradley,Hill,St Kilda,0
FeelingDusty,26/05/2024,11,16710,Melbourne,St Kilda,12377,Jack,Steele,St Kilda,0.260553756
FeelingDusty,26/05/2024,11,16710,Melbourne,St Kilda,12945,Mitch,Owens,St Kilda,0.001095476
FeelingDusty,26/05/2024,11,16710,Melbourne,St Kilda,12771,Max,King,St Kilda,0.019121057
FeelingDusty,26/05/2024,11,16710,Melbourne,St Kilda,12721,Liam,Stocker,St Kilda,0
FeelingDusty,26/05/2024,11,16710,Melbourne,St Kilda,12589,Paddy,Dow,St Kilda,0
FeelingDusty,26/05/2024,11,16710,Melbourne,St Kilda,12572,Rowan,Marshall,St Kilda,0.00511692
FeelingDusty,26/05/2024,11,16710,Melbourne,St Kilda,12426,Dougal,Howard,St Kilda,0
FeelingDusty,26/05/2024,11,16710,Melbourne,St Kilda,13109,Darcy,Wilson,St Kilda,0
FeelingDusty,26/05/2024,11,16710,Melbourne,St Kilda,12831,Liam,Henry,St Kilda,0
FeelingDusty,26/05/2024,11,16710,Melbourne,St Kilda,12565,Josh,Battle,St Kilda,0
FeelingDusty,26/05/2024,11,16710,Melbourne,St Kilda,12194,Jimmy,Webster,St Kilda,0.000248797
FeelingDusty,26/05/2024,11,16710,Melbourne,St Kilda,12321,Mason,Wood,St Kilda,0.021623981
FeelingDusty,26/05/2024,11,16710,Melbourne,St Kilda,12337,Jack,Sinclair,St Kilda,0.037219267
FeelingDusty,26/05/2024,11,16710,Melbourne,St Kilda,12492,Riley,Bonner,St Kilda,0
FeelingDusty,26/05/2024,11,16710,Melbourne,St Kilda,12930,Cooper,Sharman,St Kilda,0
FeelingDusty,26/05/2024,11,16710,Melbourne,St Kilda,12701,Callum,Wilkie,St Kilda,0
FeelingDusty,26/05/2024,11,16710,Melbourne,St Kilda,13041,Anthony,Caminiti,St Kilda,0
FeelingDusty,26/05/2024,11,16711,Adelaide,West Coast,12697,Chayce,Jones,Adelaide,0.213611096
FeelingDusty,26/05/2024,11,16711,Adelaide,West Coast,12441,Ben,Keays,Adelaide,0.021308072
FeelingDusty,26/05/2024,11,16711,Adelaide,West Coast,12855,Sam,Berry,Adelaide,0.001606536
FeelingDusty,26/05/2024,11,16711,Adelaide,West Coast,12592,Lachlan,Murphy,Adelaide,0.012726941
FeelingDusty,26/05/2024,11,16711,Adelaide,West Coast,12265,Matt,Crouch,Adelaide,0.253341546
FeelingDusty,26/05/2024,11,16711,Adelaide,West Coast,12957,Josh,Rachele,Adelaide,0.004924972
FeelingDusty,26/05/2024,11,16711,Adelaide,West Coast,12519,Jordan,Dawson,Adelaide,2.56108064
FeelingDusty,26/05/2024,11,16711,Adelaide,West Coast,11724,Taylor,Walker,Adelaide,0.051508587
FeelingDusty,26/05/2024,11,16711,Adelaide,West Coast,12956,Jake,Soligo,Adelaide,0.004040531
FeelingDusty,26/05/2024,11,16711,Adelaide,West Coast,12936,Brayden,Cook,Adelaide,0.003335673
FeelingDusty,26/05/2024,11,16711,Adelaide,West Coast,13038,Max,Michalanney,Adelaide,0.004982858
FeelingDusty,26/05/2024,11,16711,Adelaide,West Coast,12725,Mitchell,Hinge,Adelaide,0
FeelingDusty,26/05/2024,11,16711,Adelaide,West Coast,12702,Chris,Burgess,Adelaide,0.001606536
FeelingDusty,26/05/2024,11,16711,Adelaide,West Coast,12817,Harry,Schoenberg,Adelaide,0.005528394
FeelingDusty,26/05/2024,11,16711,Adelaide,West Coast,13084,Luke,Nankervis,Adelaide,0.002557686
FeelingDusty,26/05/2024,11,16711,Adelaide,West Coast,12171,Rory,Laird,Adelaide,0.59980938
FeelingDusty,26/05/2024,11,16711,Adelaide,West Coast,12591,Darcy,Fogarty,Adelaide,0.656358785
FeelingDusty,26/05/2024,11,16711,Adelaide,West Coast,11898,Brodie,Smith,Adelaide,0.001606536
FeelingDusty,26/05/2024,11,16711,Adelaide,West Coast,13088,James,Borlase,Adelaide,0.002557686
FeelingDusty,26/05/2024,11,16711,Adelaide,West Coast,12818,Lachlan,Sholl,Adelaide,1.546821068
FeelingDusty,26/05/2024,11,16711,Adelaide,West Coast,12832,Jordon,Butts,Adelaide,0.001606536
FeelingDusty,26/05/2024,11,16711,Adelaide,West Coast,12483,Reilly,OBrien,Adelaide,0.007416852
FeelingDusty,26/05/2024,11,16711,Adelaide,West Coast,12813,Mark,Keane,Adelaide,0.019364937
FeelingDusty,26/05/2024,11,16711,Adelaide,West Coast,12607,Liam,Ryan,West Coast,0
FeelingDusty,26/05/2024,11,16711,Adelaide,West Coast,12609,Jake,Waterman,West Coast,0
FeelingDusty,26/05/2024,11,16711,Adelaide,West Coast,12260,Dom,Sheed,West Coast,0
FeelingDusty,26/05/2024,11,16711,Adelaide,West Coast,12433,Jayden,Hunt,West Coast,0.001640891
FeelingDusty,26/05/2024,11,16711,Adelaide,West Coast,12093,Elliot,Yeo,West Coast,0.000413835
FeelingDusty,26/05/2024,11,16711,Adelaide,West Coast,13032,Reuben,Ginbey,West Coast,0.001640891
FeelingDusty,26/05/2024,11,16711,Adelaide,West Coast,13112,Harley,Reid,West Coast,0.009903855
FeelingDusty,26/05/2024,11,16711,Adelaide,West Coast,12605,Tim,Kelly,West Coast,0.004458902
FeelingDusty,26/05/2024,11,16711,Adelaide,West Coast,12340,Liam,Duggan,West Coast,0
FeelingDusty,26/05/2024,11,16711,Adelaide,West Coast,11942,Jamie,Cripps,West Coast,0
FeelingDusty,26/05/2024,11,16711,Adelaide,West Coast,13033,Campbell,Chesser,West Coast,0
FeelingDusty,26/05/2024,11,16711,Adelaide,West Coast,12958,Brady,Hough,West Coast,0
FeelingDusty,26/05/2024,11,16711,Adelaide,West Coast,12279,Jeremy,McGovern,West Coast,0
FeelingDusty,26/05/2024,11,16711,Adelaide,West Coast,12554,Alex,Witherden,West Coast,0
FeelingDusty,26/05/2024,11,16711,Adelaide,West Coast,11908,Jack,Darling,West Coast,0
FeelingDusty,26/05/2024,11,16711,Adelaide,West Coast,12454,Tom,Cole,West Coast,0
FeelingDusty,26/05/2024,11,16711,Adelaide,West Coast,12645,Jamaine,Jones,West Coast,0
FeelingDusty,26/05/2024,11,16711,Adelaide,West Coast,12837,Bailey J.,Williams,West Coast,0.002033904
FeelingDusty,26/05/2024,11,16711,Adelaide,West Coast,12960,Jack,Williams,West Coast,0
FeelingDusty,26/05/2024,11,16711,Adelaide,West Coast,12709,Josh,Rotham,West Coast,0.000158046
FeelingDusty,26/05/2024,11,16711,Adelaide,West Coast,12391,Tom,Barrass,West Coast,0.00204783
FeelingDusty,26/05/2024,11,16711,Adelaide,West Coast,13071,Ryan,Maric,West Coast,0
FeelingDusty,26/05/2024,11,16711,Adelaide,West Coast,13142,Tyrell,Dewar,West Coast,0
FeelingDusty,30/05/2024,12,16712,Port Adelaide,Carlton,13028,Lachlan,Cowan,Carlton,0.002117321
FeelingDusty,30/05/2024,12,16712,Port Adelaide,Carlton,13029,Oliver,Hollands,Carlton,0.001187178
FeelingDusty,30/05/2024,12,16712,Port Adelaide,Carlton,12181,Zac,Williams,Carlton,0.006774253
FeelingDusty,30/05/2024,12,16712,Port Adelaide,Carlton,12463,Matthew,Kennedy,Carlton,0.002117321
FeelingDusty,30/05/2024,12,16712,Port Adelaide,Carlton,12604,Lachie,Fogarty,Carlton,0.002117321
FeelingDusty,30/05/2024,12,16712,Port Adelaide,Carlton,12269,Patrick,Cripps,Carlton,1.021146737
FeelingDusty,30/05/2024,12,16712,Port Adelaide,Carlton,12575,Harry,McKay,Carlton,0.008765493
FeelingDusty,30/05/2024,12,16712,Port Adelaide,Carlton,12415,Mitch,McGovern,Carlton,0.002530171
FeelingDusty,30/05/2024,12,16712,Port Adelaide,Carlton,12681,Tom,De Koning,Carlton,1.188774978
FeelingDusty,30/05/2024,12,16712,Port Adelaide,Carlton,12282,Blake,Acres,Carlton,0.021970912
FeelingDusty,30/05/2024,12,16712,Port Adelaide,Carlton,12308,Orazio,Fantasia,Carlton,0.002117321
FeelingDusty,30/05/2024,12,16712,Port Adelaide,Carlton,12980,Jack,Carroll,Carlton,0.002117321
FeelingDusty,30/05/2024,12,16712,Port Adelaide,Carlton,12938,Brodie,Kemp,Carlton,0.00262444
FeelingDusty,30/05/2024,12,16712,Port Adelaide,Carlton,12685,Sam,Walsh,Carlton,2.670311278
FeelingDusty,30/05/2024,12,16712,Port Adelaide,Carlton,13017,Elijah,Hollands,Carlton,0.003458767
FeelingDusty,30/05/2024,12,16712,Port Adelaide,Carlton,12410,Jacob,Weitering,Carlton,0.002117321
FeelingDusty,30/05/2024,12,16712,Port Adelaide,Carlton,12517,Nic,Newman,Carlton,0.355991536
FeelingDusty,30/05/2024,12,16712,Port Adelaide,Carlton,12417,George,Hewett,Carlton,0.002117321
FeelingDusty,30/05/2024,12,16712,Port Adelaide,Carlton,12428,Charlie,Curnow,Carlton,0.006774253
FeelingDusty,30/05/2024,12,16712,Port Adelaide,Carlton,12965,Jordan,Boyd,Carlton,0.002086205
FeelingDusty,30/05/2024,12,16712,Port Adelaide,Carlton,13057,Alex,Cincotta,Carlton,0.005325185
FeelingDusty,30/05/2024,12,16712,Port Adelaide,Carlton,12330,Adam,Saad,Carlton,0.007041737
FeelingDusty,30/05/2024,12,16712,Port Adelaide,Carlton,12842,Matthew,Owies,Carlton,0.002117321
FeelingDusty,30/05/2024,12,16712,Port Adelaide,Carlton,12485,Ryan,Burton,Port Adelaide,0.000208295
FeelingDusty,30/05/2024,12,16712,Port Adelaide,Carlton,12581,Todd,Marshall,Port Adelaide,0
FeelingDusty,30/05/2024,12,16712,Port Adelaide,Carlton,12503,Dan,Houston,Port Adelaide,0.00799062
FeelingDusty,30/05/2024,12,16712,Port Adelaide,Carlton,12671,Kane,Farrell,Port Adelaide,0
FeelingDusty,30/05/2024,12,16712,Port Adelaide,Carlton,13011,Jase,Burgoyne,Port Adelaide,0.002162599
FeelingDusty,30/05/2024,12,16712,Port Adelaide,Carlton,12693,Zak,Butters,Port Adelaide,0.010862013
FeelingDusty,30/05/2024,12,16712,Port Adelaide,Carlton,11591,Travis,Boak,Port Adelaide,0
FeelingDusty,30/05/2024,12,16712,Port Adelaide,Carlton,12557,Jeremy,Finlayson,Port Adelaide,0
FeelingDusty,30/05/2024,12,16712,Port Adelaide,Carlton,12537,Ivan,Soldo,Port Adelaide,0.001718945
FeelingDusty,30/05/2024,12,16712,Port Adelaide,Carlton,12868,Miles,Bergman,Port Adelaide,0.005583021
FeelingDusty,30/05/2024,12,16712,Port Adelaide,Carlton,12155,Ollie,Wines,Port Adelaide,0.002319155
FeelingDusty,30/05/2024,12,16712,Port Adelaide,Carlton,12955,Jason,Horne-Francis,Port Adelaide,0.469877475
FeelingDusty,30/05/2024,12,16712,Port Adelaide,Carlton,12770,Mitch,Georgiades,Port Adelaide,0.117417976
FeelingDusty,30/05/2024,12,16712,Port Adelaide,Carlton,12442,Aliir,Aliir,Port Adelaide,0.055115704
FeelingDusty,30/05/2024,12,16712,Port Adelaide,Carlton,11915,Charlie,Dixon,Port Adelaide,0
FeelingDusty,30/05/2024,12,16712,Port Adelaide,Carlton,12757,Brandon,Zerk-Thatcher,Port Adelaide,0
FeelingDusty,30/05/2024,12,16712,Port Adelaide,Carlton,12606,Esava,Ratugolea,Port Adelaide,0.000337534
FeelingDusty,30/05/2024,12,16712,Port Adelaide,Carlton,12694,Willem,Drew,Port Adelaide,0.002680567
FeelingDusty,30/05/2024,12,16712,Port Adelaide,Carlton,12873,Francis,Evans,Port Adelaide,0
FeelingDusty,30/05/2024,12,16712,Port Adelaide,Carlton,12429,Darcy,Byrne-Jones,Port Adelaide,0
FeelingDusty,30/05/2024,12,16712,Port Adelaide,Carlton,12883,Lachie,Jones,Port Adelaide,0
FeelingDusty,30/05/2024,12,16712,Port Adelaide,Carlton,12925,Jed,McEntee,Port Adelaide,0
FeelingDusty,30/05/2024,12,16712,Port Adelaide,Carlton,12952,Jackson,Mead,Port Adelaide,0.002024405
FeelingDusty,31/05/2024,12,16713,Collingwood,Western Bulldogs,12586,Patrick,Lipinski,Collingwood,0.000116397
FeelingDusty,31/05/2024,12,16713,Collingwood,Western Bulldogs,12740,Isaac,Quaynor,Collingwood,0.000993344
FeelingDusty,31/05/2024,12,16713,Collingwood,Western Bulldogs,12380,Brayden,Maynard,Collingwood,0.002768643
FeelingDusty,31/05/2024,12,16713,Collingwood,Western Bulldogs,12582,Josh,Daicos,Collingwood,0.007718891
FeelingDusty,31/05/2024,12,16713,Collingwood,Western Bulldogs,12704,Lachie,Schultz,Collingwood,0.046898509
FeelingDusty,31/05/2024,12,16713,Collingwood,Western Bulldogs,12743,John,Noble,Collingwood,0.000116397
FeelingDusty,31/05/2024,12,16713,Collingwood,Western Bulldogs,12666,Darcy,Cameron,Collingwood,0.14535735
FeelingDusty,31/05/2024,12,16713,Collingwood,Western Bulldogs,12682,Billy,Frampton,Collingwood,0.000116397
FeelingDusty,31/05/2024,12,16713,Collingwood,Western Bulldogs,12889,Finlay,Macrae,Collingwood,0.000116397
FeelingDusty,31/05/2024,12,16713,Collingwood,Western Bulldogs,11759,Steele,Sidebottom,Collingwood,0.002022864
FeelingDusty,31/05/2024,12,16713,Collingwood,Western Bulldogs,12744,Bobby,Hill,Collingwood,0.000116397
FeelingDusty,31/05/2024,12,16713,Collingwood,Western Bulldogs,12067,Jack,Crisp,Collingwood,0.059243803
FeelingDusty,31/05/2024,12,16713,Collingwood,Western Bulldogs,12824,Jack,Bytel,Collingwood,0.002360505
FeelingDusty,31/05/2024,12,16713,Collingwood,Western Bulldogs,12381,Darcy,Moore,Collingwood,0
FeelingDusty,31/05/2024,12,16713,Collingwood,Western Bulldogs,12877,Beau,McCreery,Collingwood,0
FeelingDusty,31/05/2024,12,16713,Collingwood,Western Bulldogs,13134,Lachlan,Sullivan,Collingwood,0.000116397
FeelingDusty,31/05/2024,12,16713,Collingwood,Western Bulldogs,12948,Nick,Daicos,Collingwood,1.718263447
FeelingDusty,31/05/2024,12,16713,Collingwood,Western Bulldogs,13070,Harvey,Harrison,Collingwood,0.000116397
FeelingDusty,31/05/2024,12,16713,Collingwood,Western Bulldogs,12468,Oleg,Markov,Collingwood,0.000116397
FeelingDusty,31/05/2024,12,16713,Collingwood,Western Bulldogs,11973,Jeremy,Howe,Collingwood,0.000814677
FeelingDusty,31/05/2024,12,16713,Collingwood,Western Bulldogs,13014,Ash,Johnson,Collingwood,0.002360505
FeelingDusty,31/05/2024,12,16713,Collingwood,Western Bulldogs,13102,Charlie,Dean,Collingwood,0.000993344
FeelingDusty,31/05/2024,12,16713,Collingwood,Western Bulldogs,13148,Wil,Parker,Collingwood,0.000116397
FeelingDusty,31/05/2024,12,16713,Collingwood,Western Bulldogs,12058,Adam,Treloar,Western Bulldogs,1.04231251
FeelingDusty,31/05/2024,12,16713,Collingwood,Western Bulldogs,12924,Jamarra,Ugle-Hagan,Western Bulldogs,0.003075442
FeelingDusty,31/05/2024,12,16713,Collingwood,Western Bulldogs,12277,Marcus,Bontempelli,Western Bulldogs,2.483142831
FeelingDusty,31/05/2024,12,16713,Collingwood,Western Bulldogs,12289,Rory,Lobb,Western Bulldogs,0.001481203
FeelingDusty,31/05/2024,12,16713,Collingwood,Western Bulldogs,13111,Ryley,Sanders,Western Bulldogs,0.000662692
FeelingDusty,31/05/2024,12,16713,Collingwood,Western Bulldogs,13023,Sam,Darcy,Western Bulldogs,0.121516842
FeelingDusty,31/05/2024,12,16713,Collingwood,Western Bulldogs,12172,Jack,Macrae,Western Bulldogs,0.014619572
FeelingDusty,31/05/2024,12,16713,Collingwood,Western Bulldogs,13110,Harvey,Gallagher,Western Bulldogs,0.009706817
FeelingDusty,31/05/2024,12,16713,Collingwood,Western Bulldogs,12748,Rhylee,West,Western Bulldogs,0.001481203
FeelingDusty,31/05/2024,12,16713,Collingwood,Western Bulldogs,12169,Taylor,Duryea,Western Bulldogs,0.000925192
FeelingDusty,31/05/2024,12,16713,Collingwood,Western Bulldogs,13063,James,ODonnell,Western Bulldogs,0.002358149
FeelingDusty,31/05/2024,12,16713,Collingwood,Western Bulldogs,11874,Liam,Jones,Western Bulldogs,0.002179483
FeelingDusty,31/05/2024,12,16713,Collingwood,Western Bulldogs,12385,James,Harmes,Western Bulldogs,0.003725311
FeelingDusty,31/05/2024,12,16713,Collingwood,Western Bulldogs,12781,Laitham,Vandermeer,Western Bulldogs,0.001481203
FeelingDusty,31/05/2024,12,16713,Collingwood,Western Bulldogs,13140,Joel,Freijah,Western Bulldogs,0.001854124
FeelingDusty,31/05/2024,12,16713,Collingwood,Western Bulldogs,12917,Lachlan,Bramble,Western Bulldogs,0.001481203
FeelingDusty,31/05/2024,12,16713,Collingwood,Western Bulldogs,12851,Lachlan,McNeil,Western Bulldogs,0.003075442
FeelingDusty,31/05/2024,12,16713,Collingwood,Western Bulldogs,12362,Bailey,Dale,Western Bulldogs,0.202785816
FeelingDusty,31/05/2024,12,16713,Collingwood,Western Bulldogs,12449,Bailey,Williams,Western Bulldogs,0.003725311
FeelingDusty,31/05/2024,12,16713,Collingwood,Western Bulldogs,12382,Caleb,Daniel,Western Bulldogs,0.001481203
FeelingDusty,31/05/2024,12,16713,Collingwood,Western Bulldogs,12908,Riley,Garcia,Western Bulldogs,0.003712278
FeelingDusty,31/05/2024,12,16713,Collingwood,Western Bulldogs,12568,Alex,Keath,Western Bulldogs,0.002358149
FeelingDusty,31/05/2024,12,16713,Collingwood,Western Bulldogs,12548,Tim,English,Western Bulldogs,0.100014566
FeelingDusty,1/06/2024,12,16714,Hawthorn,Adelaide,12697,Chayce,Jones,Adelaide,0
FeelingDusty,1/06/2024,12,16714,Hawthorn,Adelaide,12441,Ben,Keays,Adelaide,0
FeelingDusty,1/06/2024,12,16714,Hawthorn,Adelaide,12855,Sam,Berry,Adelaide,0.001217961
FeelingDusty,1/06/2024,12,16714,Hawthorn,Adelaide,12592,Lachlan,Murphy,Adelaide,0
FeelingDusty,1/06/2024,12,16714,Hawthorn,Adelaide,12265,Matt,Crouch,Adelaide,0.716712218
FeelingDusty,1/06/2024,12,16714,Hawthorn,Adelaide,12957,Josh,Rachele,Adelaide,0
FeelingDusty,1/06/2024,12,16714,Hawthorn,Adelaide,12519,Jordan,Dawson,Adelaide,0.005477983
FeelingDusty,1/06/2024,12,16714,Hawthorn,Adelaide,11724,Taylor,Walker,Adelaide,0
FeelingDusty,1/06/2024,12,16714,Hawthorn,Adelaide,12956,Jake,Soligo,Adelaide,0.058714979
FeelingDusty,1/06/2024,12,16714,Hawthorn,Adelaide,12936,Brayden,Cook,Adelaide,0.00010061
FeelingDusty,1/06/2024,12,16714,Hawthorn,Adelaide,13038,Max,Michalanney,Adelaide,0
FeelingDusty,1/06/2024,12,16714,Hawthorn,Adelaide,12725,Mitchell,Hinge,Adelaide,0.109539245
FeelingDusty,1/06/2024,12,16714,Hawthorn,Adelaide,12702,Chris,Burgess,Adelaide,0.00010061
FeelingDusty,1/06/2024,12,16714,Hawthorn,Adelaide,12817,Harry,Schoenberg,Adelaide,0.002871918
FeelingDusty,1/06/2024,12,16714,Hawthorn,Adelaide,13084,Luke,Nankervis,Adelaide,0
FeelingDusty,1/06/2024,12,16714,Hawthorn,Adelaide,12171,Rory,Laird,Adelaide,0.048674305
FeelingDusty,1/06/2024,12,16714,Hawthorn,Adelaide,12591,Darcy,Fogarty,Adelaide,0
FeelingDusty,1/06/2024,12,16714,Hawthorn,Adelaide,11898,Brodie,Smith,Adelaide,0
FeelingDusty,1/06/2024,12,16714,Hawthorn,Adelaide,13088,James,Borlase,Adelaide,0.053114508
FeelingDusty,1/06/2024,12,16714,Hawthorn,Adelaide,12818,Lachlan,Sholl,Adelaide,0.036659997
FeelingDusty,1/06/2024,12,16714,Hawthorn,Adelaide,12832,Jordon,Butts,Adelaide,0
FeelingDusty,1/06/2024,12,16714,Hawthorn,Adelaide,12483,Reilly,OBrien,Adelaide,0.02453991
FeelingDusty,1/06/2024,12,16714,Hawthorn,Adelaide,12813,Mark,Keane,Adelaide,0.003002442
FeelingDusty,1/06/2024,12,16714,Hawthorn,Adelaide,12913,Jai,Newcombe,Hawthorn,0.654736192
FeelingDusty,1/06/2024,12,16714,Hawthorn,Adelaide,12245,Jarman,Impey,Hawthorn,0.021488805
FeelingDusty,1/06/2024,12,16714,Hawthorn,Adelaide,12626,James,Worpel,Hawthorn,0.008340475
FeelingDusty,1/06/2024,12,16714,Hawthorn,Adelaide,12342,James,Sicily,Hawthorn,0.018187205
FeelingDusty,1/06/2024,12,16714,Hawthorn,Adelaide,12907,Ned,Reeves,Hawthorn,0.016674068
FeelingDusty,1/06/2024,12,16714,Hawthorn,Adelaide,12124,Sam,Frost,Hawthorn,0.002811789
FeelingDusty,1/06/2024,12,16714,Hawthorn,Adelaide,12753,Changkuoth,Jiath,Hawthorn,0.002811789
FeelingDusty,1/06/2024,12,16714,Hawthorn,Adelaide,12365,Karl,Amon,Hawthorn,0.002770467
FeelingDusty,1/06/2024,12,16714,Hawthorn,Adelaide,12678,Conor,Nash,Hawthorn,0.006603785
FeelingDusty,1/06/2024,12,16714,Hawthorn,Adelaide,12794,Will,Day,Hawthorn,0.42576293
FeelingDusty,1/06/2024,12,16714,Hawthorn,Adelaide,12710,Dylan,Moore,Hawthorn,3
FeelingDusty,1/06/2024,12,16714,Hawthorn,Adelaide,12571,Jack,Scrimshaw,Hawthorn,0.183801172
FeelingDusty,1/06/2024,12,16714,Hawthorn,Adelaide,12477,Blake,Hardwick,Hawthorn,0.002811789
FeelingDusty,1/06/2024,12,16714,Hawthorn,Adelaide,12999,Massimo,DAmbrosio,Hawthorn,0.023312424
FeelingDusty,1/06/2024,12,16714,Hawthorn,Adelaide,12491,Mabior,Chol,Hawthorn,0.001099839
FeelingDusty,1/06/2024,12,16714,Hawthorn,Adelaide,11854,Jack,Gunston,Hawthorn,0.006674074
FeelingDusty,1/06/2024,12,16714,Hawthorn,Adelaide,11960,Luke,Breust,Hawthorn,0.001756306
FeelingDusty,1/06/2024,12,16714,Hawthorn,Adelaide,13059,Josh,Weddle,Hawthorn,0.007071812
FeelingDusty,1/06/2024,12,16714,Hawthorn,Adelaide,13039,Cam,Mackenzie,Hawthorn,0.002811789
FeelingDusty,1/06/2024,12,16714,Hawthorn,Adelaide,12953,Connor,Macdonald,Hawthorn,0.002811789
FeelingDusty,1/06/2024,12,16714,Hawthorn,Adelaide,12928,Jack,Ginnivan,Hawthorn,0.540762975
FeelingDusty,1/06/2024,12,16714,Hawthorn,Adelaide,13137,Calsher,Dear,Hawthorn,0.002811789
FeelingDusty,1/06/2024,12,16714,Hawthorn,Adelaide,13055,Seamus,Mitchell,Hawthorn,0.003360051
FeelingDusty,1/06/2024,12,16715,West Coast,St Kilda,12616,Jack,Higgins,St Kilda,0.002007045
FeelingDusty,1/06/2024,12,16715,West Coast,St Kilda,12968,Marcus,Windhager,St Kilda,0.015214313
FeelingDusty,1/06/2024,12,16715,West Coast,St Kilda,12138,Sebastian,Ross,St Kilda,0.005047835
FeelingDusty,1/06/2024,12,16715,West Coast,St Kilda,12947,Nasiah,Wanganeen-Milera,St Kilda,1.028593047
FeelingDusty,1/06/2024,12,16715,West Coast,St Kilda,12066,Bradley,Hill,St Kilda,0.002007045
FeelingDusty,1/06/2024,12,16715,West Coast,St Kilda,12377,Jack,Steele,St Kilda,0.159027994
FeelingDusty,1/06/2024,12,16715,West Coast,St Kilda,12945,Mitch,Owens,St Kilda,0.002007045
FeelingDusty,1/06/2024,12,16715,West Coast,St Kilda,12593,Hunter,Clark,St Kilda,0.021937133
FeelingDusty,1/06/2024,12,16715,West Coast,St Kilda,12771,Max,King,St Kilda,0.002007045
FeelingDusty,1/06/2024,12,16715,West Coast,St Kilda,12589,Paddy,Dow,St Kilda,0.176047043
FeelingDusty,1/06/2024,12,16715,West Coast,St Kilda,12498,Dan,Butler,St Kilda,0.002007045
FeelingDusty,1/06/2024,12,16715,West Coast,St Kilda,12572,Rowan,Marshall,St Kilda,0.061648536
FeelingDusty,1/06/2024,12,16715,West Coast,St Kilda,12426,Dougal,Howard,St Kilda,0.0028791
FeelingDusty,1/06/2024,12,16715,West Coast,St Kilda,13109,Darcy,Wilson,St Kilda,0.002007045
FeelingDusty,1/06/2024,12,16715,West Coast,St Kilda,12831,Liam,Henry,St Kilda,0.006483948
FeelingDusty,1/06/2024,12,16715,West Coast,St Kilda,12565,Josh,Battle,St Kilda,0.061630233
FeelingDusty,1/06/2024,12,16715,West Coast,St Kilda,12307,Tim,Membrey,St Kilda,0.002007045
FeelingDusty,1/06/2024,12,16715,West Coast,St Kilda,12194,Jimmy,Webster,St Kilda,0.002007045
FeelingDusty,1/06/2024,12,16715,West Coast,St Kilda,12321,Mason,Wood,St Kilda,2.79090907
FeelingDusty,1/06/2024,12,16715,West Coast,St Kilda,12337,Jack,Sinclair,St Kilda,0.210314976
FeelingDusty,1/06/2024,12,16715,West Coast,St Kilda,12492,Riley,Bonner,St Kilda,0.002482862
FeelingDusty,1/06/2024,12,16715,West Coast,St Kilda,12701,Callum,Wilkie,St Kilda,0.237131608
FeelingDusty,1/06/2024,12,16715,West Coast,St Kilda,13041,Anthony,Caminiti,St Kilda,0.002007045
FeelingDusty,1/06/2024,12,16715,West Coast,St Kilda,12607,Liam,Ryan,West Coast,0.048790073
FeelingDusty,1/06/2024,12,16715,West Coast,St Kilda,11909,Andrew,Gaff,West Coast,0.001859069
FeelingDusty,1/06/2024,12,16715,West Coast,St Kilda,12260,Dom,Sheed,West Coast,0.008551269
FeelingDusty,1/06/2024,12,16715,West Coast,St Kilda,12093,Elliot,Yeo,West Coast,0.773483473
FeelingDusty,1/06/2024,12,16715,West Coast,St Kilda,13032,Reuben,Ginbey,West Coast,0.011474953
FeelingDusty,1/06/2024,12,16715,West Coast,St Kilda,13112,Harley,Reid,West Coast,0.002790565
FeelingDusty,1/06/2024,12,16715,West Coast,St Kilda,12340,Liam,Duggan,West Coast,0.289496891
FeelingDusty,1/06/2024,12,16715,West Coast,St Kilda,11942,Jamie,Cripps,West Coast,0.041299393
FeelingDusty,1/06/2024,12,16715,West Coast,St Kilda,13033,Campbell,Chesser,West Coast,0.003198509
FeelingDusty,1/06/2024,12,16715,West Coast,St Kilda,12958,Brady,Hough,West Coast,0.00015772
FeelingDusty,1/06/2024,12,16715,West Coast,St Kilda,12279,Jeremy,McGovern,West Coast,0
FeelingDusty,1/06/2024,12,16715,West Coast,St Kilda,12630,Jack,Petruccelle,West Coast,0.00015772
FeelingDusty,1/06/2024,12,16715,West Coast,St Kilda,12554,Alex,Witherden,West Coast,0
FeelingDusty,1/06/2024,12,16715,West Coast,St Kilda,12869,Matt,Flynn,West Coast,0.00015772
FeelingDusty,1/06/2024,12,16715,West Coast,St Kilda,13010,Zane,Trew,West Coast,0.00015772
FeelingDusty,1/06/2024,12,16715,West Coast,St Kilda,11908,Jack,Darling,West Coast,0.00015772
FeelingDusty,1/06/2024,12,16715,West Coast,St Kilda,12454,Tom,Cole,West Coast,0.00015772
FeelingDusty,1/06/2024,12,16715,West Coast,St Kilda,12645,Jamaine,Jones,West Coast,0.00015772
FeelingDusty,1/06/2024,12,16715,West Coast,St Kilda,12837,Bailey J.,Williams,West Coast,0.018210208
FeelingDusty,1/06/2024,12,16715,West Coast,St Kilda,12960,Jack,Williams,West Coast,0.00015772
FeelingDusty,1/06/2024,12,16715,West Coast,St Kilda,12391,Tom,Barrass,West Coast,0.001857296
FeelingDusty,1/06/2024,12,16715,West Coast,St Kilda,13071,Ryan,Maric,West Coast,0.00015772
FeelingDusty,1/06/2024,12,16715,West Coast,St Kilda,12812,Harry,Edwards,West Coast,0.00015772
FeelingDusty,1/06/2024,12,16716,Geelong,Richmond,11979,Zach,Tuohy,Geelong,0.002930933
FeelingDusty,1/06/2024,12,16716,Geelong,Richmond,12870,Tanner,Bruhn,Geelong,0.209232297
FeelingDusty,1/06/2024,12,16716,Geelong,Richmond,12022,Jeremy,Cameron,Geelong,0.0013698
FeelingDusty,1/06/2024,12,16716,Geelong,Richmond,13095,Toby,Conway,Geelong,0.004063171
FeelingDusty,1/06/2024,12,16716,Geelong,Richmond,12378,Jake,Kolodjashnij,Geelong,0.001636893
FeelingDusty,1/06/2024,12,16716,Geelong,Richmond,12882,Max,Holmes,Geelong,1.348095221
FeelingDusty,1/06/2024,12,16716,Geelong,Richmond,12507,Jack,Bowes,Geelong,1.98479025
FeelingDusty,1/06/2024,12,16716,Geelong,Richmond,12892,Sam,De Koning,Geelong,0.001636893
FeelingDusty,1/06/2024,12,16716,Geelong,Richmond,12561,Tyson,Stengle,Geelong,0.002089236
FeelingDusty,1/06/2024,12,16716,Geelong,Richmond,11804,Mitch,Duncan,Geelong,0.316835802
FeelingDusty,1/06/2024,12,16716,Geelong,Richmond,11849,Gary,Rohan,Geelong,0.000855607
FeelingDusty,1/06/2024,12,16716,Geelong,Richmond,11554,Tom,Hawkins,Geelong,0.002874806
FeelingDusty,1/06/2024,12,16716,Geelong,Richmond,12976,Oliver,Dempsey,Geelong,1.292692486
FeelingDusty,1/06/2024,12,16716,Geelong,Richmond,12687,Tom,Atkins,Geelong,0.221735767
FeelingDusty,1/06/2024,12,16716,Geelong,Richmond,12690,Gryan,Miers,Geelong,0
FeelingDusty,1/06/2024,12,16716,Geelong,Richmond,12995,Shannon,Neale,Geelong,0.002844134
FeelingDusty,1/06/2024,12,16716,Geelong,Richmond,13067,Oisin,Mullin,Geelong,0.0013698
FeelingDusty,1/06/2024,12,16716,Geelong,Richmond,12850,Oliver,Henry,Geelong,0.0013698
FeelingDusty,1/06/2024,12,16716,Geelong,Richmond,12614,Jack,Henry,Geelong,0.002529754
FeelingDusty,1/06/2024,12,16716,Geelong,Richmond,12559,Zach,Guthrie,Geelong,0.001636893
FeelingDusty,1/06/2024,12,16716,Geelong,Richmond,12540,Mark,OConnor,Geelong,0.001636893
FeelingDusty,1/06/2024,12,16716,Geelong,Richmond,12514,Tom,Stewart,Geelong,0.002509623
FeelingDusty,1/06/2024,12,16716,Geelong,Richmond,12808,Brad,Close,Geelong,0.0013698
FeelingDusty,1/06/2024,12,16716,Geelong,Richmond,12180,Nick,Vlastuin,Richmond,0
FeelingDusty,1/06/2024,12,16716,Geelong,Richmond,11801,Dustin,Martin,Richmond,0
FeelingDusty,1/06/2024,12,16716,Geelong,Richmond,12668,Liam,Baker,Richmond,0.418109367
FeelingDusty,1/06/2024,12,16716,Geelong,Richmond,12904,Hugo,Ralphsmith,Richmond,0.001946628
FeelingDusty,1/06/2024,12,16716,Geelong,Richmond,12425,Jayden,Short,Richmond,0
FeelingDusty,1/06/2024,12,16716,Geelong,Richmond,12409,Daniel,Rioli,Richmond,0.033150504
FeelingDusty,1/06/2024,12,16716,Geelong,Richmond,12686,Noah,Balta,Richmond,0.003637662
FeelingDusty,1/06/2024,12,16716,Geelong,Richmond,12379,Toby,Nankervis,Richmond,0.129226458
FeelingDusty,1/06/2024,12,16716,Geelong,Richmond,12836,Thomson,Dow,Richmond,0.002411243
FeelingDusty,1/06/2024,12,16716,Geelong,Richmond,13122,Kane,McAuliffe,Richmond,0
FeelingDusty,1/06/2024,12,16716,Geelong,Richmond,13097,Tom,Brown,Richmond,0
FeelingDusty,1/06/2024,12,16716,Geelong,Richmond,12884,Rhyan,Mansell,Richmond,0
FeelingDusty,1/06/2024,12,16716,Geelong,Richmond,12918,Samson,Ryan,Richmond,0.00160909
FeelingDusty,1/06/2024,12,16716,Geelong,Richmond,12324,Kamdyn,McIntosh,Richmond,0.001399092
FeelingDusty,1/06/2024,12,16716,Geelong,Richmond,12584,Jack,Graham,Richmond,0.001605998
FeelingDusty,1/06/2024,12,16716,Geelong,Richmond,12464,Nathan,Broad,Richmond,0
FeelingDusty,1/06/2024,12,16716,Geelong,Richmond,12994,Noah,Cumberland,Richmond,0
FeelingDusty,1/06/2024,12,16716,Geelong,Richmond,13015,Tyler,Sonsie,Richmond,0
FeelingDusty,1/06/2024,12,16716,Geelong,Richmond,13115,Mykelti,Lefau,Richmond,0.0007981
FeelingDusty,1/06/2024,12,16716,Geelong,Richmond,13100,Seth,Campbell,Richmond,0
FeelingDusty,1/06/2024,12,16716,Geelong,Richmond,12940,Ben,Miller,Richmond,0
FeelingDusty,1/06/2024,12,16716,Geelong,Richmond,13150,Kaleb,Smith,Richmond,0
FeelingDusty,1/06/2024,12,16716,Geelong,Richmond,12761,Marlion,Pickett,Richmond,0
FeelingDusty,2/06/2024,12,16717,Melbourne,Fremantle,12764,Sam,Sturt,Fremantle,0
FeelingDusty,2/06/2024,12,16717,Melbourne,Fremantle,12149,Jaeger,OMeara,Fremantle,0.116699476
FeelingDusty,2/06/2024,12,16717,Melbourne,Fremantle,12786,Caleb,Serong,Fremantle,0.435585818
FeelingDusty,2/06/2024,12,16717,Melbourne,Fremantle,12555,Sean,Darcy,Fremantle,0.00475644
FeelingDusty,2/06/2024,12,16717,Melbourne,Fremantle,12876,Heath,Chapman,Fremantle,0
FeelingDusty,2/06/2024,12,16717,Melbourne,Fremantle,12688,Jordan,Clark,Fremantle,2.816820792
FeelingDusty,2/06/2024,12,16717,Melbourne,Fremantle,11844,Nat,Fyfe,Fremantle,0.06704758
FeelingDusty,2/06/2024,12,16717,Melbourne,Fremantle,12596,Andrew,Brayshaw,Fremantle,0.000946305
FeelingDusty,2/06/2024,12,16717,Melbourne,Fremantle,12779,Luke,Jackson,Fremantle,0.164966232
FeelingDusty,2/06/2024,12,16717,Melbourne,Fremantle,11770,Michael,Walters,Fremantle,0.036711426
FeelingDusty,2/06/2024,12,16717,Melbourne,Fremantle,12252,James,Aish,Fremantle,0.002090938
FeelingDusty,2/06/2024,12,16717,Melbourne,Fremantle,12550,Luke,Ryan,Fremantle,0.367112873
FeelingDusty,2/06/2024,12,16717,Melbourne,Fremantle,12821,Jeremy,Sharp,Fremantle,0.012652218
FeelingDusty,2/06/2024,12,16717,Melbourne,Fremantle,12983,Jye,Amiss,Fremantle,0.062460678
FeelingDusty,2/06/2024,12,16717,Melbourne,Fremantle,12361,Alex,Pearce,Fremantle,0.072466547
FeelingDusty,2/06/2024,12,16717,Melbourne,Fremantle,12777,Hayden,Young,Fremantle,0.86466256
FeelingDusty,2/06/2024,12,16717,Melbourne,Fremantle,12915,Brandon,Walker,Fremantle,0.002090938
FeelingDusty,2/06/2024,12,16717,Melbourne,Fremantle,12803,Michael,Frederick,Fremantle,0.002591739
FeelingDusty,2/06/2024,12,16717,Melbourne,Fremantle,12461,Corey,Wagner,Fremantle,0.002090938
FeelingDusty,2/06/2024,12,16717,Melbourne,Fremantle,12888,Josh,Treacy,Fremantle,0.531932525
FeelingDusty,2/06/2024,12,16717,Melbourne,Fremantle,13113,Joshua,Draper,Fremantle,0.002090938
FeelingDusty,2/06/2024,12,16717,Melbourne,Fremantle,12679,Sam,Switkowski,Fremantle,0.238377503
FeelingDusty,2/06/2024,12,16717,Melbourne,Fremantle,12595,Bailey,Banfield,Fremantle,0.005240433
FeelingDusty,2/06/2024,12,16717,Melbourne,Fremantle,11945,Steven,May,Melbourne,0.000905715
FeelingDusty,2/06/2024,12,16717,Melbourne,Fremantle,12280,Christian,Salem,Melbourne,0
FeelingDusty,2/06/2024,12,16717,Melbourne,Fremantle,13036,Judd,McVee,Melbourne,0
FeelingDusty,2/06/2024,12,16717,Melbourne,Fremantle,12437,Christian,Petracca,Melbourne,0
FeelingDusty,2/06/2024,12,16717,Melbourne,Fremantle,13099,Caleb,Windsor,Melbourne,0.002135652
FeelingDusty,2/06/2024,12,16717,Melbourne,Fremantle,12152,Jack,Viney,Melbourne,0
FeelingDusty,2/06/2024,12,16717,Melbourne,Fremantle,11972,Max,Gawn,Melbourne,0.17913534
FeelingDusty,2/06/2024,12,16717,Melbourne,Fremantle,12210,Lachie,Hunter,Melbourne,0
FeelingDusty,2/06/2024,12,16717,Melbourne,Fremantle,12411,Clayton,Oliver,Melbourne,0.004073608
FeelingDusty,2/06/2024,12,16717,Melbourne,Fremantle,12401,Ed,Langdon,Melbourne,0.002135652
FeelingDusty,2/06/2024,12,16717,Melbourne,Fremantle,12933,Jake,Bowey,Melbourne,0
FeelingDusty,2/06/2024,12,16717,Melbourne,Fremantle,12034,Adam,Tomlinson,Melbourne,0.001313421
FeelingDusty,2/06/2024,12,16717,Melbourne,Fremantle,12787,Shane,McAdam,Melbourne,0
FeelingDusty,2/06/2024,12,16717,Melbourne,Fremantle,12778,Trent,Rivers,Melbourne,0
FeelingDusty,2/06/2024,12,16717,Melbourne,Fremantle,12015,Tom,McDonald,Melbourne,0
FeelingDusty,2/06/2024,12,16717,Melbourne,Fremantle,12375,Alex,Neal-Bullen,Melbourne,0
FeelingDusty,2/06/2024,12,16717,Melbourne,Fremantle,12603,Bayley,Fritsch,Melbourne,0
FeelingDusty,2/06/2024,12,16717,Melbourne,Fremantle,12692,Tom,Sparrow,Melbourne,0
FeelingDusty,2/06/2024,12,16717,Melbourne,Fremantle,12660,Harrison,Petty,Melbourne,0
FeelingDusty,2/06/2024,12,16717,Melbourne,Fremantle,12774,Kysaiah,Pickett,Melbourne,0.000905715
FeelingDusty,2/06/2024,12,16717,Melbourne,Fremantle,12756,Kade,Chandler,Melbourne,0
FeelingDusty,2/06/2024,12,16717,Melbourne,Fremantle,13078,Taj,Woewodin,Melbourne,0
FeelingDusty,2/06/2024,12,16717,Melbourne,Fremantle,12998,Daniel,Turner,Melbourne,0
FeelingDusty,2/06/2024,12,16718,Gold Coast,Essendon,12505,Andrew,McGrath,Essendon,0.000121016
FeelingDusty,2/06/2024,12,16718,Gold Coast,Essendon,12358,Kyle,Langford,Essendon,0.000121016
FeelingDusty,2/06/2024,12,16718,Gold Coast,Essendon,13087,Elijah,Tsatas,Essendon,0.000121016
FeelingDusty,2/06/2024,12,16718,Gold Coast,Essendon,12752,Jye,Caldwell,Essendon,0.026362994
FeelingDusty,2/06/2024,12,16718,Gold Coast,Essendon,12249,Zach,Merrett,Essendon,0.565609683
FeelingDusty,2/06/2024,12,16718,Gold Coast,Essendon,12422,Jade,Gresham,Essendon,0.000121016
FeelingDusty,2/06/2024,12,16718,Gold Coast,Essendon,12858,Nik,Cox,Essendon,0.002610402
FeelingDusty,2/06/2024,12,16718,Gold Coast,Essendon,12640,Jordan,Ridley,Essendon,0.013330862
FeelingDusty,2/06/2024,12,16718,Gold Coast,Essendon,12384,Jayden,Laverde,Essendon,0.003352369
FeelingDusty,2/06/2024,12,16718,Gold Coast,Essendon,12880,Archie,Perkins,Essendon,0
FeelingDusty,2/06/2024,12,16718,Gold Coast,Essendon,12734,Nick,Hind,Essendon,0.120738199
FeelingDusty,2/06/2024,12,16718,Gold Coast,Essendon,12371,Peter,Wright,Essendon,0.001032761
FeelingDusty,2/06/2024,12,16718,Gold Coast,Essendon,11903,Dyson,Heppell,Essendon,0.035266237
FeelingDusty,2/06/2024,12,16718,Gold Coast,Essendon,12926,Sam,Durham,Essendon,0.002446777
FeelingDusty,2/06/2024,12,16718,Gold Coast,Essendon,12857,Harrison,Jones,Essendon,0.000121016
FeelingDusty,2/06/2024,12,16718,Gold Coast,Essendon,12900,Nick,Bryan,Essendon,0.002454174
FeelingDusty,2/06/2024,12,16718,Gold Coast,Essendon,12173,Jake,Stringer,Essendon,0.000121016
FeelingDusty,2/06/2024,12,16718,Gold Coast,Essendon,12445,Mason,Redman,Essendon,0.007420022
FeelingDusty,2/06/2024,12,16718,Gold Coast,Essendon,12345,Jake,Kelly,Essendon,0.002454174
FeelingDusty,2/06/2024,12,16718,Gold Coast,Essendon,12588,Ben,McKay,Essendon,0.001032761
FeelingDusty,2/06/2024,12,16718,Gold Coast,Essendon,12619,Matt,Guelfi,Essendon,0.000121016
FeelingDusty,2/06/2024,12,16718,Gold Coast,Essendon,12950,Nic,Martin,Essendon,0.020750452
FeelingDusty,2/06/2024,12,16718,Gold Coast,Essendon,13020,Jye,Menzie,Essendon,0.002454174
FeelingDusty,2/06/2024,12,16718,Gold Coast,Essendon,12825,Sam,Flanders,Gold Coast,0.395021588
FeelingDusty,2/06/2024,12,16718,Gold Coast,Essendon,12086,Alex,Sexton,Gold Coast,0.06780841
FeelingDusty,2/06/2024,12,16718,Gold Coast,Essendon,12314,Nick,Holman,Gold Coast,0.003873137
FeelingDusty,2/06/2024,12,16718,Gold Coast,Essendon,12489,Brayden,Fiorini,Gold Coast,0.001539979
FeelingDusty,2/06/2024,12,16718,Gold Coast,Essendon,12506,Ben,Ainsworth,Gold Coast,0.001539979
FeelingDusty,2/06/2024,12,16718,Gold Coast,Essendon,12631,Charlie,Ballard,Gold Coast,0.001539979
FeelingDusty,2/06/2024,12,16718,Gold Coast,Essendon,12329,Touk,Miller,Gold Coast,0.35258527
FeelingDusty,2/06/2024,12,16718,Gold Coast,Essendon,12703,Jack,Lukosius,Gold Coast,0.001539979
FeelingDusty,2/06/2024,12,16718,Gold Coast,Essendon,12767,Noah,Anderson,Gold Coast,2.048922516
FeelingDusty,2/06/2024,12,16718,Gold Coast,Essendon,12776,Thomas,Berry,Gold Coast,0.001539979
FeelingDusty,2/06/2024,12,16718,Gold Coast,Essendon,13114,Jed,Walter,Gold Coast,0.000225636
FeelingDusty,2/06/2024,12,16718,Gold Coast,Essendon,12769,Matt,Rowell,Gold Coast,1.669423369
FeelingDusty,2/06/2024,12,16718,Gold Coast,Essendon,13050,Bailey,Humphrey,Gold Coast,0.001539979
FeelingDusty,2/06/2024,12,16718,Gold Coast,Essendon,12529,Ben,Long,Gold Coast,0.121789495
FeelingDusty,2/06/2024,12,16718,Gold Coast,Essendon,11923,David,Swallow,Gold Coast,0.001539979
FeelingDusty,2/06/2024,12,16718,Gold Coast,Essendon,12453,Sam,Collins,Gold Coast,0.315459164
FeelingDusty,2/06/2024,12,16718,Gold Coast,Essendon,13120,Will,Graham,Gold Coast,0.001539979
FeelingDusty,2/06/2024,12,16718,Gold Coast,Essendon,13019,Mac,Andrew,Gold Coast,0.08488535
FeelingDusty,2/06/2024,12,16718,Gold Coast,Essendon,13037,Bodhi,Uwland,Gold Coast,0
FeelingDusty,2/06/2024,12,16718,Gold Coast,Essendon,13119,Sam,Clohesy,Gold Coast,0.003873137
FeelingDusty,2/06/2024,12,16718,Gold Coast,Essendon,12728,Ben,King,Gold Coast,0.107217297
FeelingDusty,2/06/2024,12,16718,Gold Coast,Essendon,12932,Joel,Jeffrey,Gold Coast,0.001539979
FeelingDusty,2/06/2024,12,16718,Gold Coast,Essendon,13051,Ned,Moyle,Gold Coast,0.006892666
FeelingDusty,6/06/2024,13,16719,Adelaide,Richmond,12697,Chayce,Jones,Adelaide,0.003587974
FeelingDusty,6/06/2024,13,16719,Adelaide,Richmond,12441,Ben,Keays,Adelaide,0.000929574
FeelingDusty,6/06/2024,13,16719,Adelaide,Richmond,12855,Sam,Berry,Adelaide,0
FeelingDusty,6/06/2024,13,16719,Adelaide,Richmond,12592,Lachlan,Murphy,Adelaide,0.000137886
FeelingDusty,6/06/2024,13,16719,Adelaide,Richmond,12957,Josh,Rachele,Adelaide,0
FeelingDusty,6/06/2024,13,16719,Adelaide,Richmond,12519,Jordan,Dawson,Adelaide,1.311273918
FeelingDusty,6/06/2024,13,16719,Adelaide,Richmond,12956,Jake,Soligo,Adelaide,0.002796285
FeelingDusty,6/06/2024,13,16719,Adelaide,Richmond,13038,Max,Michalanney,Adelaide,0.033547928
FeelingDusty,6/06/2024,13,16719,Adelaide,Richmond,12783,Will,Hamill,Adelaide,0.001176728
FeelingDusty,6/06/2024,13,16719,Adelaide,Richmond,12725,Mitchell,Hinge,Adelaide,0.002743141
FeelingDusty,6/06/2024,13,16719,Adelaide,Richmond,12702,Chris,Burgess,Adelaide,0.000137886
FeelingDusty,6/06/2024,13,16719,Adelaide,Richmond,12780,Ned,McHenry,Adelaide,0.000137886
FeelingDusty,6/06/2024,13,16719,Adelaide,Richmond,12817,Harry,Schoenberg,Adelaide,0.000137886
FeelingDusty,6/06/2024,13,16719,Adelaide,Richmond,13084,Luke,Nankervis,Adelaide,0.366678015
FeelingDusty,6/06/2024,13,16719,Adelaide,Richmond,12171,Rory,Laird,Adelaide,0.074508738
FeelingDusty,6/06/2024,13,16719,Adelaide,Richmond,13151,Billy,Dowling,Adelaide,0.000211992
FeelingDusty,6/06/2024,13,16719,Adelaide,Richmond,12591,Darcy,Fogarty,Adelaide,0.003479697
FeelingDusty,6/06/2024,13,16719,Adelaide,Richmond,11898,Brodie,Smith,Adelaide,0.000579653
FeelingDusty,6/06/2024,13,16719,Adelaide,Richmond,13088,James,Borlase,Adelaide,0
FeelingDusty,6/06/2024,13,16719,Adelaide,Richmond,12818,Lachlan,Sholl,Adelaide,0.006232939
FeelingDusty,6/06/2024,13,16719,Adelaide,Richmond,12832,Jordon,Butts,Adelaide,0.001623735
FeelingDusty,6/06/2024,13,16719,Adelaide,Richmond,12811,Kieran,Strachan,Adelaide,0.004543946
FeelingDusty,6/06/2024,13,16719,Adelaide,Richmond,12813,Mark,Keane,Adelaide,0.000864901
FeelingDusty,6/06/2024,13,16719,Adelaide,Richmond,12180,Nick,Vlastuin,Richmond,0.005883462
FeelingDusty,6/06/2024,13,16719,Adelaide,Richmond,11921,Dion,Prestia,Richmond,0.004413051
FeelingDusty,6/06/2024,13,16719,Adelaide,Richmond,12668,Liam,Baker,Richmond,0.329912694
FeelingDusty,6/06/2024,13,16719,Adelaide,Richmond,12904,Hugo,Ralphsmith,Richmond,0.007056012
FeelingDusty,6/06/2024,13,16719,Adelaide,Richmond,12512,Tim,Taranto,Richmond,0.814766586
FeelingDusty,6/06/2024,13,16719,Adelaide,Richmond,12425,Jayden,Short,Richmond,0.949176878
FeelingDusty,6/06/2024,13,16719,Adelaide,Richmond,12409,Daniel,Rioli,Richmond,0.00219642
FeelingDusty,6/06/2024,13,16719,Adelaide,Richmond,12861,Jacob,Koschitzke,Richmond,0.001754652
FeelingDusty,6/06/2024,13,16719,Adelaide,Richmond,12686,Noah,Balta,Richmond,0.384604242
FeelingDusty,6/06/2024,13,16719,Adelaide,Richmond,12379,Toby,Nankervis,Richmond,1.19729997
FeelingDusty,6/06/2024,13,16719,Adelaide,Richmond,12836,Thomson,Dow,Richmond,0.019987873
FeelingDusty,6/06/2024,13,16719,Adelaide,Richmond,13122,Kane,McAuliffe,Richmond,0.001754652
FeelingDusty,6/06/2024,13,16719,Adelaide,Richmond,12542,Shai,Bolton,Richmond,0.378545252
FeelingDusty,6/06/2024,13,16719,Adelaide,Richmond,13097,Tom,Brown,Richmond,0.002966597
FeelingDusty,6/06/2024,13,16719,Adelaide,Richmond,12884,Rhyan,Mansell,Richmond,0.044534867
FeelingDusty,6/06/2024,13,16719,Adelaide,Richmond,12918,Samson,Ryan,Richmond,0.001754652
FeelingDusty,6/06/2024,13,16719,Adelaide,Richmond,12324,Kamdyn,McIntosh,Richmond,0.018911426
FeelingDusty,6/06/2024,13,16719,Adelaide,Richmond,12584,Jack,Graham,Richmond,0.001754652
FeelingDusty,6/06/2024,13,16719,Adelaide,Richmond,12464,Nathan,Broad,Richmond,0.001754652
FeelingDusty,6/06/2024,13,16719,Adelaide,Richmond,12994,Noah,Cumberland,Richmond,0.007029092
FeelingDusty,6/06/2024,13,16719,Adelaide,Richmond,13015,Tyler,Sonsie,Richmond,0.001754652
FeelingDusty,6/06/2024,13,16719,Adelaide,Richmond,13100,Seth,Campbell,Richmond,0.004063464
FeelingDusty,6/06/2024,13,16719,Adelaide,Richmond,12940,Ben,Miller,Richmond,0.002793494
FeelingDusty,7/06/2024,13,16720,Western Bulldogs,Brisbane,12969,Kai,Lohmann,Brisbane,0.001840592
FeelingDusty,7/06/2024,13,16720,Western Bulldogs,Brisbane,12205,Joe,Daniher,Brisbane,0.015557348
FeelingDusty,7/06/2024,13,16720,Western Bulldogs,Brisbane,12412,Callum,Ah Chee,Brisbane,0.001840592
FeelingDusty,7/06/2024,13,16720,Western Bulldogs,Brisbane,12421,Josh,Dunkley,Brisbane,0.027799079
FeelingDusty,7/06/2024,13,16720,Western Bulldogs,Brisbane,12526,Hugh,McCluggage,Brisbane,0.110103749
FeelingDusty,7/06/2024,13,16720,Western Bulldogs,Brisbane,12525,Jarrod,Berry,Brisbane,0.142141489
FeelingDusty,7/06/2024,13,16720,Western Bulldogs,Brisbane,12061,Lachie,Neale,Brisbane,2.938977607
FeelingDusty,7/06/2024,13,16720,Western Bulldogs,Brisbane,13138,Logan,Morris,Brisbane,0.002281432
FeelingDusty,7/06/2024,13,16720,Western Bulldogs,Brisbane,12082,Dayne,Zorko,Brisbane,0.18721466
FeelingDusty,7/06/2024,13,16720,Western Bulldogs,Brisbane,12594,Cam,Rayner,Brisbane,0.065492519
FeelingDusty,7/06/2024,13,16720,Western Bulldogs,Brisbane,12284,Charlie,Cameron,Brisbane,0
FeelingDusty,7/06/2024,13,16720,Western Bulldogs,Brisbane,12400,Conor,McKenna,Brisbane,0.003634388
FeelingDusty,7/06/2024,13,16720,Western Bulldogs,Brisbane,13072,Jaspa,Fletcher,Brisbane,0.004629196
FeelingDusty,7/06/2024,13,16720,Western Bulldogs,Brisbane,12462,Eric,Hipwood,Brisbane,2.07666161
FeelingDusty,7/06/2024,13,16720,Western Bulldogs,Brisbane,12347,Harris,Andrews,Brisbane,0.065113963
FeelingDusty,7/06/2024,13,16720,Western Bulldogs,Brisbane,12617,Zac,Bailey,Brisbane,0.002281432
FeelingDusty,7/06/2024,13,16720,Western Bulldogs,Brisbane,11901,Ryan,Lester,Brisbane,0.001840592
FeelingDusty,7/06/2024,13,16720,Western Bulldogs,Brisbane,12673,Brandon,Starcevich,Brisbane,0.001840592
FeelingDusty,7/06/2024,13,16720,Western Bulldogs,Brisbane,13139,Bruce,Reville,Brisbane,0.001840592
FeelingDusty,7/06/2024,13,16720,Western Bulldogs,Brisbane,12815,Jack,Payne,Brisbane,0.001840592
FeelingDusty,7/06/2024,13,16720,Western Bulldogs,Brisbane,12719,Noah,Answerth,Brisbane,0.001840592
FeelingDusty,7/06/2024,13,16720,Western Bulldogs,Brisbane,13027,Darcy,Wilmot,Brisbane,0.010950755
FeelingDusty,7/06/2024,13,16720,Western Bulldogs,Brisbane,12625,Oscar,McInerney,Brisbane,0.178401048
FeelingDusty,7/06/2024,13,16720,Western Bulldogs,Brisbane,12058,Adam,Treloar,Western Bulldogs,0.062043834
FeelingDusty,7/06/2024,13,16720,Western Bulldogs,Brisbane,12924,Jamarra,Ugle-Hagan,Western Bulldogs,0
FeelingDusty,7/06/2024,13,16720,Western Bulldogs,Brisbane,12277,Marcus,Bontempelli,Western Bulldogs,0
FeelingDusty,7/06/2024,13,16720,Western Bulldogs,Brisbane,12289,Rory,Lobb,Western Bulldogs,0
FeelingDusty,7/06/2024,13,16720,Western Bulldogs,Brisbane,13111,Ryley,Sanders,Western Bulldogs,0.001879952
FeelingDusty,7/06/2024,13,16720,Western Bulldogs,Brisbane,12172,Jack,Macrae,Western Bulldogs,0
FeelingDusty,7/06/2024,13,16720,Western Bulldogs,Brisbane,13110,Harvey,Gallagher,Western Bulldogs,0
FeelingDusty,7/06/2024,13,16720,Western Bulldogs,Brisbane,12748,Rhylee,West,Western Bulldogs,0
FeelingDusty,7/06/2024,13,16720,Western Bulldogs,Brisbane,12169,Taylor,Duryea,Western Bulldogs,0
FeelingDusty,7/06/2024,13,16720,Western Bulldogs,Brisbane,13063,James,ODonnell,Western Bulldogs,0
FeelingDusty,7/06/2024,13,16720,Western Bulldogs,Brisbane,11874,Liam,Jones,Western Bulldogs,0.013088532
FeelingDusty,7/06/2024,13,16720,Western Bulldogs,Brisbane,11904,Tom,Liberatore,Western Bulldogs,0.010660899
FeelingDusty,7/06/2024,13,16720,Western Bulldogs,Brisbane,12781,Laitham,Vandermeer,Western Bulldogs,0
FeelingDusty,7/06/2024,13,16720,Western Bulldogs,Brisbane,12901,Buku,Khamis,Western Bulldogs,0
FeelingDusty,7/06/2024,13,16720,Western Bulldogs,Brisbane,13140,Joel,Freijah,Western Bulldogs,0
FeelingDusty,7/06/2024,13,16720,Western Bulldogs,Brisbane,12917,Lachlan,Bramble,Western Bulldogs,0
FeelingDusty,7/06/2024,13,16720,Western Bulldogs,Brisbane,12851,Lachlan,McNeil,Western Bulldogs,0
FeelingDusty,7/06/2024,13,16720,Western Bulldogs,Brisbane,12362,Bailey,Dale,Western Bulldogs,0
FeelingDusty,7/06/2024,13,16720,Western Bulldogs,Brisbane,12449,Bailey,Williams,Western Bulldogs,0.066574621
FeelingDusty,7/06/2024,13,16720,Western Bulldogs,Brisbane,12382,Caleb,Daniel,Western Bulldogs,0
FeelingDusty,7/06/2024,13,16720,Western Bulldogs,Brisbane,12908,Riley,Garcia,Western Bulldogs,0.001627739
FeelingDusty,7/06/2024,13,16720,Western Bulldogs,Brisbane,12568,Alex,Keath,Western Bulldogs,0
FeelingDusty,7/06/2024,13,16720,Western Bulldogs,Brisbane,12548,Tim,English,Western Bulldogs,0
FeelingDusty,8/06/2024,13,16721,Hawthorn,GWS,12026,Toby,Greene,GWS,0.000188313
FeelingDusty,8/06/2024,13,16721,Hawthorn,GWS,13054,Aaron,Cadman,GWS,0.000188313
FeelingDusty,8/06/2024,13,16721,Hawthorn,GWS,12147,Lachie,Whitfield,GWS,0.530854085
FeelingDusty,8/06/2024,13,16721,Hawthorn,GWS,11683,Callan,Ward,GWS,0.002919395
FeelingDusty,8/06/2024,13,16721,Hawthorn,GWS,13002,Ryan,Angwin,GWS,0.003818934
FeelingDusty,8/06/2024,13,16721,Hawthorn,GWS,12992,Jacob,Wehr,GWS,0.000791642
FeelingDusty,8/06/2024,13,16721,Hawthorn,GWS,12766,Tom,Green,GWS,0.07386056
FeelingDusty,8/06/2024,13,16721,Hawthorn,GWS,12773,Toby,Bedford,GWS,0.000188313
FeelingDusty,8/06/2024,13,16721,Hawthorn,GWS,12651,Sam,Taylor,GWS,0.001607077
FeelingDusty,8/06/2024,13,16721,Hawthorn,GWS,12663,Brent,Daniels,GWS,0.164961646
FeelingDusty,8/06/2024,13,16721,Hawthorn,GWS,12970,Finn,Callaghan,GWS,0.673139909
FeelingDusty,8/06/2024,13,16721,Hawthorn,GWS,12096,Nick,Haynes,GWS,0.000188313
FeelingDusty,8/06/2024,13,16721,Hawthorn,GWS,12934,James,Peatling,GWS,0.072912355
FeelingDusty,8/06/2024,13,16721,Hawthorn,GWS,13018,Leek,Aleer,GWS,0.000188313
FeelingDusty,8/06/2024,13,16721,Hawthorn,GWS,12326,Jesse,Hogan,GWS,0.000760451
FeelingDusty,8/06/2024,13,16721,Hawthorn,GWS,12835,Jake,Riccardi,GWS,0.005814437
FeelingDusty,8/06/2024,13,16721,Hawthorn,GWS,12470,Harry,Himmelberg,GWS,0
FeelingDusty,8/06/2024,13,16721,Hawthorn,GWS,13101,Harvey,Thomas,GWS,0.000188313
FeelingDusty,8/06/2024,13,16721,Hawthorn,GWS,13089,Toby,McMullin,GWS,0.000188313
FeelingDusty,8/06/2024,13,16721,Hawthorn,GWS,12905,Kieren,Briggs,GWS,0.229776839
FeelingDusty,8/06/2024,13,16721,Hawthorn,GWS,12822,Xavier,OHalloran,GWS,0.439398908
FeelingDusty,8/06/2024,13,16721,Hawthorn,GWS,12749,Connor,Idun,GWS,0.000188313
FeelingDusty,8/06/2024,13,16721,Hawthorn,GWS,12910,Callum M.,Brown,GWS,0.000188313
FeelingDusty,8/06/2024,13,16721,Hawthorn,GWS,12913,Jai,Newcombe,Hawthorn,0.004824682
FeelingDusty,8/06/2024,13,16721,Hawthorn,GWS,12245,Jarman,Impey,Hawthorn,0.003278154
FeelingDusty,8/06/2024,13,16721,Hawthorn,GWS,12626,James,Worpel,Hawthorn,0.027319061
FeelingDusty,8/06/2024,13,16721,Hawthorn,GWS,12342,James,Sicily,Hawthorn,0.137811263
FeelingDusty,8/06/2024,13,16721,Hawthorn,GWS,12907,Ned,Reeves,Hawthorn,0.006908776
FeelingDusty,8/06/2024,13,16721,Hawthorn,GWS,12124,Sam,Frost,Hawthorn,0.003278154
FeelingDusty,8/06/2024,13,16721,Hawthorn,GWS,12753,Changkuoth,Jiath,Hawthorn,0.013673572
FeelingDusty,8/06/2024,13,16721,Hawthorn,GWS,12365,Karl,Amon,Hawthorn,0
FeelingDusty,8/06/2024,13,16721,Hawthorn,GWS,12678,Conor,Nash,Hawthorn,0.002548847
FeelingDusty,8/06/2024,13,16721,Hawthorn,GWS,12794,Will,Day,Hawthorn,2.731784142
FeelingDusty,8/06/2024,13,16721,Hawthorn,GWS,12710,Dylan,Moore,Hawthorn,0.054363927
FeelingDusty,8/06/2024,13,16721,Hawthorn,GWS,12571,Jack,Scrimshaw,Hawthorn,0.00185939
FeelingDusty,8/06/2024,13,16721,Hawthorn,GWS,12477,Blake,Hardwick,Hawthorn,0.00185939
FeelingDusty,8/06/2024,13,16721,Hawthorn,GWS,12999,Massimo,DAmbrosio,Hawthorn,0.124525355
FeelingDusty,8/06/2024,13,16721,Hawthorn,GWS,12491,Mabior,Chol,Hawthorn,0.042802393
FeelingDusty,8/06/2024,13,16721,Hawthorn,GWS,11854,Jack,Gunston,Hawthorn,0.007890764
FeelingDusty,8/06/2024,13,16721,Hawthorn,GWS,11960,Luke,Breust,Hawthorn,0.000959851
FeelingDusty,8/06/2024,13,16721,Hawthorn,GWS,13059,Josh,Weddle,Hawthorn,0.610725375
FeelingDusty,8/06/2024,13,16721,Hawthorn,GWS,13039,Cam,Mackenzie,Hawthorn,0.00185939
FeelingDusty,8/06/2024,13,16721,Hawthorn,GWS,12953,Connor,Macdonald,Hawthorn,0.012824445
FeelingDusty,8/06/2024,13,16721,Hawthorn,GWS,12928,Jack,Ginnivan,Hawthorn,0.002301092
FeelingDusty,8/06/2024,13,16721,Hawthorn,GWS,13137,Calsher,Dear,Hawthorn,0.002431528
FeelingDusty,8/06/2024,13,16721,Hawthorn,GWS,13055,Seamus,Mitchell,Hawthorn,0.00185939
FeelingDusty,8/06/2024,13,16728,West Coast,North Melbourne,12598,Jaidyn,Stephenson,North Melbourne,0.00409639
FeelingDusty,8/06/2024,13,16728,West Coast,North Melbourne,13030,Harry,Sheezel,North Melbourne,0.33447496
FeelingDusty,8/06/2024,13,16728,West Coast,North Melbourne,12185,Aidan,Corr,North Melbourne,0.001634464
FeelingDusty,8/06/2024,13,16728,West Coast,North Melbourne,12722,Curtis,Taylor,North Melbourne,0.001634464
FeelingDusty,8/06/2024,13,16728,West Coast,North Melbourne,13065,George,Wardlaw,North Melbourne,0.060271559
FeelingDusty,8/06/2024,13,16728,West Coast,North Melbourne,12705,Bailey,Scott,North Melbourne,0.001634464
FeelingDusty,8/06/2024,13,16728,West Coast,North Melbourne,12599,Luke,Davies-Uniacke,North Melbourne,0.271781694
FeelingDusty,8/06/2024,13,16728,West Coast,North Melbourne,12246,Luke,McDonald,North Melbourne,0.004389768
FeelingDusty,8/06/2024,13,16728,West Coast,North Melbourne,12511,Jy,Simpkin,North Melbourne,2.596549232
FeelingDusty,8/06/2024,13,16728,West Coast,North Melbourne,12434,Darcy,Tucker,North Melbourne,0.008376374
FeelingDusty,8/06/2024,13,16728,West Coast,North Melbourne,11766,Liam,Shiels,North Melbourne,0.003497229
FeelingDusty,8/06/2024,13,16728,West Coast,North Melbourne,12528,Zac,Fisher,North Melbourne,0.389122582
FeelingDusty,8/06/2024,13,16728,West Coast,North Melbourne,13145,Wil,Dawson,North Melbourne,0.001634464
FeelingDusty,8/06/2024,13,16728,West Coast,North Melbourne,12569,Nick,Larkey,North Melbourne,1.506509357
FeelingDusty,8/06/2024,13,16728,West Coast,North Melbourne,12867,Tom,Powell,North Melbourne,0.001634464
FeelingDusty,8/06/2024,13,16728,West Coast,North Melbourne,12975,Paul,Curtis,North Melbourne,0.002052904
FeelingDusty,8/06/2024,13,16728,West Coast,North Melbourne,12939,Charlie,Comben,North Melbourne,0.005064074
FeelingDusty,8/06/2024,13,16728,West Coast,North Melbourne,13106,Toby,Pink,North Melbourne,0.001634464
FeelingDusty,8/06/2024,13,16728,West Coast,North Melbourne,13005,Jackson,Archer,North Melbourne,0.001634464
FeelingDusty,8/06/2024,13,16728,West Coast,North Melbourne,12789,Tristan,Xerri,North Melbourne,0.237496814
FeelingDusty,8/06/2024,13,16728,West Coast,North Melbourne,12923,Eddie,Ford,North Melbourne,0
FeelingDusty,8/06/2024,13,16728,West Coast,North Melbourne,13021,Kallan,Dawson,North Melbourne,0.001634464
FeelingDusty,8/06/2024,13,16728,West Coast,North Melbourne,12566,Cameron,Zurhaar,North Melbourne,0.001634464
FeelingDusty,8/06/2024,13,16728,West Coast,North Melbourne,12607,Liam,Ryan,West Coast,0.000528286
FeelingDusty,8/06/2024,13,16728,West Coast,North Melbourne,12609,Jake,Waterman,West Coast,0.025471661
FeelingDusty,8/06/2024,13,16728,West Coast,North Melbourne,11909,Andrew,Gaff,West Coast,0.003967107
FeelingDusty,8/06/2024,13,16728,West Coast,North Melbourne,12260,Dom,Sheed,West Coast,0.005137081
FeelingDusty,8/06/2024,13,16728,West Coast,North Melbourne,12093,Elliot,Yeo,West Coast,0.40464327
FeelingDusty,8/06/2024,13,16728,West Coast,North Melbourne,13032,Reuben,Ginbey,West Coast,0.002604748
FeelingDusty,8/06/2024,13,16728,West Coast,North Melbourne,12340,Liam,Duggan,West Coast,0.003493752
FeelingDusty,8/06/2024,13,16728,West Coast,North Melbourne,11942,Jamie,Cripps,West Coast,0.077558829
FeelingDusty,8/06/2024,13,16728,West Coast,North Melbourne,13033,Campbell,Chesser,West Coast,0.000128441
FeelingDusty,8/06/2024,13,16728,West Coast,North Melbourne,12958,Brady,Hough,West Coast,0
FeelingDusty,8/06/2024,13,16728,West Coast,North Melbourne,12279,Jeremy,McGovern,West Coast,0.003952726
FeelingDusty,8/06/2024,13,16728,West Coast,North Melbourne,12630,Jack,Petruccelle,West Coast,0.000128441
FeelingDusty,8/06/2024,13,16728,West Coast,North Melbourne,12554,Alex,Witherden,West Coast,0.024882962
FeelingDusty,8/06/2024,13,16728,West Coast,North Melbourne,12869,Matt,Flynn,West Coast,0.002604748
FeelingDusty,8/06/2024,13,16728,West Coast,North Melbourne,11908,Jack,Darling,West Coast,0.000128441
FeelingDusty,8/06/2024,13,16728,West Coast,North Melbourne,12454,Tom,Cole,West Coast,0.000128441
FeelingDusty,8/06/2024,13,16728,West Coast,North Melbourne,12645,Jamaine,Jones,West Coast,0.000128441
FeelingDusty,8/06/2024,13,16728,West Coast,North Melbourne,12837,Bailey J.,Williams,West Coast,0.001745369
FeelingDusty,8/06/2024,13,16728,West Coast,North Melbourne,12391,Tom,Barrass,West Coast,0.000128441
FeelingDusty,8/06/2024,13,16728,West Coast,North Melbourne,13071,Ryan,Maric,West Coast,0.000128441
FeelingDusty,8/06/2024,13,16728,West Coast,North Melbourne,12812,Harry,Edwards,West Coast,0.001512514
FeelingDusty,8/06/2024,13,16728,West Coast,North Melbourne,13152,Jack,Hutchinson,West Coast,0
FeelingDusty,8/06/2024,13,16728,West Coast,North Melbourne,13016,Jai,Culley,West Coast,0.002604748
FeelingDusty,8/06/2024,13,16729,St Kilda,Gold Coast,12825,Sam,Flanders,Gold Coast,1.372344951
FeelingDusty,8/06/2024,13,16729,St Kilda,Gold Coast,12086,Alex,Sexton,Gold Coast,0.162500822
FeelingDusty,8/06/2024,13,16729,St Kilda,Gold Coast,12314,Nick,Holman,Gold Coast,0.000627407
FeelingDusty,8/06/2024,13,16729,St Kilda,Gold Coast,12489,Brayden,Fiorini,Gold Coast,0.00469862
FeelingDusty,8/06/2024,13,16729,St Kilda,Gold Coast,12506,Ben,Ainsworth,Gold Coast,0.000627407
FeelingDusty,8/06/2024,13,16729,St Kilda,Gold Coast,12631,Charlie,Ballard,Gold Coast,0.000627407
FeelingDusty,8/06/2024,13,16729,St Kilda,Gold Coast,12329,Touk,Miller,Gold Coast,0.010087532
FeelingDusty,8/06/2024,13,16729,St Kilda,Gold Coast,12703,Jack,Lukosius,Gold Coast,0.000627407
FeelingDusty,8/06/2024,13,16729,St Kilda,Gold Coast,12767,Noah,Anderson,Gold Coast,0.041705696
FeelingDusty,8/06/2024,13,16729,St Kilda,Gold Coast,12776,Thomas,Berry,Gold Coast,0.000627407
FeelingDusty,8/06/2024,13,16729,St Kilda,Gold Coast,13114,Jed,Walter,Gold Coast,0.000627407
FeelingDusty,8/06/2024,13,16729,St Kilda,Gold Coast,12769,Matt,Rowell,Gold Coast,0.053484983
FeelingDusty,8/06/2024,13,16729,St Kilda,Gold Coast,13050,Bailey,Humphrey,Gold Coast,0.000627407
FeelingDusty,8/06/2024,13,16729,St Kilda,Gold Coast,12529,Ben,Long,Gold Coast,0
FeelingDusty,8/06/2024,13,16729,St Kilda,Gold Coast,11923,David,Swallow,Gold Coast,0.000627407
FeelingDusty,8/06/2024,13,16729,St Kilda,Gold Coast,12453,Sam,Collins,Gold Coast,0.164888785
FeelingDusty,8/06/2024,13,16729,St Kilda,Gold Coast,13120,Will,Graham,Gold Coast,0.000627407
FeelingDusty,8/06/2024,13,16729,St Kilda,Gold Coast,13019,Mac,Andrew,Gold Coast,0.00439216
FeelingDusty,8/06/2024,13,16729,St Kilda,Gold Coast,13037,Bodhi,Uwland,Gold Coast,0.486498016
FeelingDusty,8/06/2024,13,16729,St Kilda,Gold Coast,13119,Sam,Clohesy,Gold Coast,0.004234402
FeelingDusty,8/06/2024,13,16729,St Kilda,Gold Coast,12728,Ben,King,Gold Coast,0.003189856
FeelingDusty,8/06/2024,13,16729,St Kilda,Gold Coast,12932,Joel,Jeffrey,Gold Coast,0.187227193
FeelingDusty,8/06/2024,13,16729,St Kilda,Gold Coast,13051,Ned,Moyle,Gold Coast,0.006459419
FeelingDusty,8/06/2024,13,16729,St Kilda,Gold Coast,12616,Jack,Higgins,St Kilda,0.03274294
FeelingDusty,8/06/2024,13,16729,St Kilda,Gold Coast,12968,Marcus,Windhager,St Kilda,0.058222112
FeelingDusty,8/06/2024,13,16729,St Kilda,Gold Coast,12138,Sebastian,Ross,St Kilda,0.00184729
FeelingDusty,8/06/2024,13,16729,St Kilda,Gold Coast,12947,Nasiah,Wanganeen-Milera,St Kilda,0.042576061
FeelingDusty,8/06/2024,13,16729,St Kilda,Gold Coast,12066,Bradley,Hill,St Kilda,0.025818563
FeelingDusty,8/06/2024,13,16729,St Kilda,Gold Coast,12377,Jack,Steele,St Kilda,0.129985432
FeelingDusty,8/06/2024,13,16729,St Kilda,Gold Coast,12945,Mitch,Owens,St Kilda,0.005995028
FeelingDusty,8/06/2024,13,16729,St Kilda,Gold Coast,12593,Hunter,Clark,St Kilda,0.021508849
FeelingDusty,8/06/2024,13,16729,St Kilda,Gold Coast,12771,Max,King,St Kilda,0.007995786
FeelingDusty,8/06/2024,13,16729,St Kilda,Gold Coast,12589,Paddy,Dow,St Kilda,0.006833711
FeelingDusty,8/06/2024,13,16729,St Kilda,Gold Coast,12498,Dan,Butler,St Kilda,0.005085472
FeelingDusty,8/06/2024,13,16729,St Kilda,Gold Coast,12572,Rowan,Marshall,St Kilda,0.170605676
FeelingDusty,8/06/2024,13,16729,St Kilda,Gold Coast,12426,Dougal,Howard,St Kilda,0.00184729
FeelingDusty,8/06/2024,13,16729,St Kilda,Gold Coast,13109,Darcy,Wilson,St Kilda,0.005433338
FeelingDusty,8/06/2024,13,16729,St Kilda,Gold Coast,12831,Liam,Henry,St Kilda,0.00184729
FeelingDusty,8/06/2024,13,16729,St Kilda,Gold Coast,12565,Josh,Battle,St Kilda,0.452983243
FeelingDusty,8/06/2024,13,16729,St Kilda,Gold Coast,12307,Tim,Membrey,St Kilda,0.005433338
FeelingDusty,8/06/2024,13,16729,St Kilda,Gold Coast,12194,Jimmy,Webster,St Kilda,0.00184729
FeelingDusty,8/06/2024,13,16729,St Kilda,Gold Coast,12321,Mason,Wood,St Kilda,0.009040333
FeelingDusty,8/06/2024,13,16729,St Kilda,Gold Coast,12337,Jack,Sinclair,St Kilda,2.492018838
FeelingDusty,8/06/2024,13,16729,St Kilda,Gold Coast,12492,Riley,Bonner,St Kilda,0.005433338
FeelingDusty,8/06/2024,13,16729,St Kilda,Gold Coast,12701,Callum,Wilkie,St Kilda,0.00184729
FeelingDusty,8/06/2024,13,16729,St Kilda,Gold Coast,13041,Anthony,Caminiti,St Kilda,0.005692389
FeelingDusty,9/06/2024,13,16730,Sydney,Geelong,11855,Rhys,Stanley,Geelong,0.00167034
FeelingDusty,9/06/2024,13,16730,Sydney,Geelong,12870,Tanner,Bruhn,Geelong,0.002514503
FeelingDusty,9/06/2024,13,16730,Sydney,Geelong,12022,Jeremy,Cameron,Geelong,0.056007028
FeelingDusty,9/06/2024,13,16730,Sydney,Geelong,12378,Jake,Kolodjashnij,Geelong,0.001175573
FeelingDusty,9/06/2024,13,16730,Sydney,Geelong,12882,Max,Holmes,Geelong,0.007232953
FeelingDusty,9/06/2024,13,16730,Sydney,Geelong,12507,Jack,Bowes,Geelong,0.000860325
FeelingDusty,9/06/2024,13,16730,Sydney,Geelong,13062,Jhye,Clark,Geelong,0
FeelingDusty,9/06/2024,13,16730,Sydney,Geelong,12892,Sam,De Koning,Geelong,0
FeelingDusty,9/06/2024,13,16730,Sydney,Geelong,12561,Tyson,Stengle,Geelong,0
FeelingDusty,9/06/2024,13,16730,Sydney,Geelong,11804,Mitch,Duncan,Geelong,0
FeelingDusty,9/06/2024,13,16730,Sydney,Geelong,11849,Gary,Rohan,Geelong,0
FeelingDusty,9/06/2024,13,16730,Sydney,Geelong,11554,Tom,Hawkins,Geelong,0
FeelingDusty,9/06/2024,13,16730,Sydney,Geelong,12976,Oliver,Dempsey,Geelong,0
FeelingDusty,9/06/2024,13,16730,Sydney,Geelong,12687,Tom,Atkins,Geelong,0.012049097
FeelingDusty,9/06/2024,13,16730,Sydney,Geelong,12690,Gryan,Miers,Geelong,0
FeelingDusty,9/06/2024,13,16730,Sydney,Geelong,12995,Shannon,Neale,Geelong,0
FeelingDusty,9/06/2024,13,16730,Sydney,Geelong,13067,Oisin,Mullin,Geelong,0.002028623
FeelingDusty,9/06/2024,13,16730,Sydney,Geelong,12614,Jack,Henry,Geelong,0
FeelingDusty,9/06/2024,13,16730,Sydney,Geelong,12559,Zach,Guthrie,Geelong,0
FeelingDusty,9/06/2024,13,16730,Sydney,Geelong,12540,Mark,OConnor,Geelong,0.000195391
FeelingDusty,9/06/2024,13,16730,Sydney,Geelong,12514,Tom,Stewart,Geelong,0
FeelingDusty,9/06/2024,13,16730,Sydney,Geelong,12808,Brad,Close,Geelong,0
FeelingDusty,9/06/2024,13,16730,Sydney,Geelong,12160,Mark,Blicavs,Geelong,0.003511174
FeelingDusty,9/06/2024,13,16730,Sydney,Geelong,12799,Chad,Warner,Sydney,0.728931381
FeelingDusty,9/06/2024,13,16730,Sydney,Geelong,12745,Hayden,McLean,Sydney,0.00198615
FeelingDusty,9/06/2024,13,16730,Sydney,Geelong,12070,Taylor,Adams,Sydney,0.00198615
FeelingDusty,9/06/2024,13,16730,Sydney,Geelong,12223,Brodie,Grundy,Sydney,0.156620029
FeelingDusty,9/06/2024,13,16730,Sydney,Geelong,12331,Isaac,Heeney,Sydney,1.769196202
FeelingDusty,9/06/2024,13,16730,Sydney,Geelong,12863,Logan,McDonald,Sydney,0.00198615
FeelingDusty,9/06/2024,13,16730,Sydney,Geelong,12038,Harry,Cunningham,Sydney,0.00198615
FeelingDusty,9/06/2024,13,16730,Sydney,Geelong,12715,James,Rowbottom,Sydney,0.010006573
FeelingDusty,9/06/2024,13,16730,Sydney,Geelong,12516,Will,Hayward,Sydney,0.00198615
FeelingDusty,9/06/2024,13,16730,Sydney,Geelong,12419,Tom,Papley,Sydney,0.450157136
FeelingDusty,9/06/2024,13,16730,Sydney,Geelong,12501,Oliver,Florent,Sydney,0.003916878
FeelingDusty,9/06/2024,13,16730,Sydney,Geelong,12820,Sam,Wicks,Sydney,0.00198615
FeelingDusty,9/06/2024,13,16730,Sydney,Geelong,12865,Braeden,Campbell,Sydney,0.00198615
FeelingDusty,9/06/2024,13,16730,Sydney,Geelong,12853,James,Jordon,Sydney,0.00198615
FeelingDusty,9/06/2024,13,16730,Sydney,Geelong,12864,Errol,Gulden,Sydney,2.734090632
FeelingDusty,9/06/2024,13,16730,Sydney,Geelong,12699,Nick,Blakey,Sydney,0.008537221
FeelingDusty,9/06/2024,13,16730,Sydney,Geelong,12148,Dane,Rampe,Sydney,0.001240594
FeelingDusty,9/06/2024,13,16730,Sydney,Geelong,12711,Justin,McInerney,Sydney,0.014791674
FeelingDusty,9/06/2024,13,16730,Sydney,Geelong,12634,Tom,McCartin,Sydney,0.003668033
FeelingDusty,9/06/2024,13,16730,Sydney,Geelong,12993,Matt,Roberts,Sydney,0.00198615
FeelingDusty,9/06/2024,13,16730,Sydney,Geelong,12847,Joel,Amartey,Sydney,0.00635458
FeelingDusty,9/06/2024,13,16730,Sydney,Geelong,12533,Lewis,Melican,Sydney,0.002373424
FeelingDusty,9/06/2024,13,16730,Sydney,Geelong,12275,Jake,Lloyd,Sydney,0.004995283
FeelingDusty,9/06/2024,13,16731,Essendon,Carlton,13028,Lachlan,Cowan,Carlton,0.002050002
FeelingDusty,9/06/2024,13,16731,Essendon,Carlton,13029,Oliver,Hollands,Carlton,0.005155873
FeelingDusty,9/06/2024,13,16731,Essendon,Carlton,12181,Zac,Williams,Carlton,0.00467577
FeelingDusty,9/06/2024,13,16731,Essendon,Carlton,12463,Matthew,Kennedy,Carlton,0.016159393
FeelingDusty,9/06/2024,13,16731,Essendon,Carlton,12604,Lachie,Fogarty,Carlton,0.002050002
FeelingDusty,9/06/2024,13,16731,Essendon,Carlton,12269,Patrick,Cripps,Carlton,0.082300033
FeelingDusty,9/06/2024,13,16731,Essendon,Carlton,12575,Harry,McKay,Carlton,0.002050002
FeelingDusty,9/06/2024,13,16731,Essendon,Carlton,12415,Mitch,McGovern,Carlton,0.002019875
FeelingDusty,9/06/2024,13,16731,Essendon,Carlton,12681,Tom,De Koning,Carlton,2.117927911
FeelingDusty,9/06/2024,13,16731,Essendon,Carlton,12282,Blake,Acres,Carlton,0.005155873
FeelingDusty,9/06/2024,13,16731,Essendon,Carlton,12980,Jack,Carroll,Carlton,0.002050002
FeelingDusty,9/06/2024,13,16731,Essendon,Carlton,12938,Brodie,Kemp,Carlton,0.00685044
FeelingDusty,9/06/2024,13,16731,Essendon,Carlton,12685,Sam,Walsh,Carlton,0.211759835
FeelingDusty,9/06/2024,13,16731,Essendon,Carlton,12937,Corey,Durdin,Carlton,0.002050002
FeelingDusty,9/06/2024,13,16731,Essendon,Carlton,13017,Elijah,Hollands,Carlton,1.453453131
FeelingDusty,9/06/2024,13,16731,Essendon,Carlton,12410,Jacob,Weitering,Carlton,0.040774738
FeelingDusty,9/06/2024,13,16731,Essendon,Carlton,12517,Nic,Newman,Carlton,0.001199759
FeelingDusty,9/06/2024,13,16731,Essendon,Carlton,12417,George,Hewett,Carlton,0.807873083
FeelingDusty,9/06/2024,13,16731,Essendon,Carlton,12428,Charlie,Curnow,Carlton,0.010080637
FeelingDusty,9/06/2024,13,16731,Essendon,Carlton,12965,Jordan,Boyd,Carlton,0.003348797
FeelingDusty,9/06/2024,13,16731,Essendon,Carlton,13057,Alex,Cincotta,Carlton,0.098612567
FeelingDusty,9/06/2024,13,16731,Essendon,Carlton,12330,Adam,Saad,Carlton,0.023273897
FeelingDusty,9/06/2024,13,16731,Essendon,Carlton,12842,Matthew,Owies,Carlton,0.002050002
FeelingDusty,9/06/2024,13,16731,Essendon,Carlton,12505,Andrew,McGrath,Essendon,0
FeelingDusty,9/06/2024,13,16731,Essendon,Carlton,12358,Kyle,Langford,Essendon,0
FeelingDusty,9/06/2024,13,16731,Essendon,Carlton,13087,Elijah,Tsatas,Essendon,0
FeelingDusty,9/06/2024,13,16731,Essendon,Carlton,12752,Jye,Caldwell,Essendon,0.022088523
FeelingDusty,9/06/2024,13,16731,Essendon,Carlton,12249,Zach,Merrett,Essendon,0.066640551
FeelingDusty,9/06/2024,13,16731,Essendon,Carlton,12422,Jade,Gresham,Essendon,0
FeelingDusty,9/06/2024,13,16731,Essendon,Carlton,12574,Will,Setterfield,Essendon,0.014385087
FeelingDusty,9/06/2024,13,16731,Essendon,Carlton,12858,Nik,Cox,Essendon,0
FeelingDusty,9/06/2024,13,16731,Essendon,Carlton,12640,Jordan,Ridley,Essendon,0.035748678
FeelingDusty,9/06/2024,13,16731,Essendon,Carlton,12384,Jayden,Laverde,Essendon,0
FeelingDusty,9/06/2024,13,16731,Essendon,Carlton,12880,Archie,Perkins,Essendon,0.001138997
FeelingDusty,9/06/2024,13,16731,Essendon,Carlton,11692,Todd,Goldstein,Essendon,0.008511995
FeelingDusty,9/06/2024,13,16731,Essendon,Carlton,12734,Nick,Hind,Essendon,0
FeelingDusty,9/06/2024,13,16731,Essendon,Carlton,12371,Peter,Wright,Essendon,0
FeelingDusty,9/06/2024,13,16731,Essendon,Carlton,11903,Dyson,Heppell,Essendon,0.00209384
FeelingDusty,9/06/2024,13,16731,Essendon,Carlton,12926,Sam,Durham,Essendon,0.17701788
FeelingDusty,9/06/2024,13,16731,Essendon,Carlton,12857,Harrison,Jones,Essendon,0
FeelingDusty,9/06/2024,13,16731,Essendon,Carlton,12173,Jake,Stringer,Essendon,0.000316891
FeelingDusty,9/06/2024,13,16731,Essendon,Carlton,12345,Jake,Kelly,Essendon,0
FeelingDusty,9/06/2024,13,16731,Essendon,Carlton,12588,Ben,McKay,Essendon,0
FeelingDusty,9/06/2024,13,16731,Essendon,Carlton,12619,Matt,Guelfi,Essendon,0
FeelingDusty,9/06/2024,13,16731,Essendon,Carlton,12950,Nic,Martin,Essendon,0.769135932
FeelingDusty,9/06/2024,13,16731,Essendon,Carlton,13020,Jye,Menzie,Essendon,0
FeelingDusty,10/06/2024,13,16732,Collingwood,Melbourne,12586,Patrick,Lipinski,Collingwood,0.07094212
FeelingDusty,10/06/2024,13,16732,Collingwood,Melbourne,12740,Isaac,Quaynor,Collingwood,0.00233986
FeelingDusty,10/06/2024,13,16732,Collingwood,Melbourne,12380,Brayden,Maynard,Collingwood,0.164092965
FeelingDusty,10/06/2024,13,16732,Collingwood,Melbourne,12582,Josh,Daicos,Collingwood,1.733666118
FeelingDusty,10/06/2024,13,16732,Collingwood,Melbourne,12704,Lachie,Schultz,Collingwood,0.00233986
FeelingDusty,10/06/2024,13,16732,Collingwood,Melbourne,12743,John,Noble,Collingwood,0.00966312
FeelingDusty,10/06/2024,13,16732,Collingwood,Melbourne,12666,Darcy,Cameron,Collingwood,0.010929503
FeelingDusty,10/06/2024,13,16732,Collingwood,Melbourne,12931,Nathan,Kreuger,Collingwood,0.008901281
FeelingDusty,10/06/2024,13,16732,Collingwood,Melbourne,12682,Billy,Frampton,Collingwood,0.00233986
FeelingDusty,10/06/2024,13,16732,Collingwood,Melbourne,12889,Finlay,Macrae,Collingwood,0.006457291
FeelingDusty,10/06/2024,13,16732,Collingwood,Melbourne,11759,Steele,Sidebottom,Collingwood,0.019749209
FeelingDusty,10/06/2024,13,16732,Collingwood,Melbourne,12744,Bobby,Hill,Collingwood,0.00233986
FeelingDusty,10/06/2024,13,16732,Collingwood,Melbourne,12067,Jack,Crisp,Collingwood,2.327816422
FeelingDusty,10/06/2024,13,16732,Collingwood,Melbourne,12824,Jack,Bytel,Collingwood,0.00233986
FeelingDusty,10/06/2024,13,16732,Collingwood,Melbourne,12381,Darcy,Moore,Collingwood,0.003725174
FeelingDusty,10/06/2024,13,16732,Collingwood,Melbourne,12877,Beau,McCreery,Collingwood,0
FeelingDusty,10/06/2024,13,16732,Collingwood,Melbourne,12029,Will,Hoskin-Elliott,Collingwood,0.004858282
FeelingDusty,10/06/2024,13,16732,Collingwood,Melbourne,13134,Lachlan,Sullivan,Collingwood,0.00233986
FeelingDusty,10/06/2024,13,16732,Collingwood,Melbourne,12948,Nick,Daicos,Collingwood,0.006558083
FeelingDusty,10/06/2024,13,16732,Collingwood,Melbourne,13070,Harvey,Harrison,Collingwood,0.008009424
FeelingDusty,10/06/2024,13,16732,Collingwood,Melbourne,12468,Oleg,Markov,Collingwood,0.005864295
FeelingDusty,10/06/2024,13,16732,Collingwood,Melbourne,11973,Jeremy,Howe,Collingwood,0.552916246
FeelingDusty,10/06/2024,13,16732,Collingwood,Melbourne,13102,Charlie,Dean,Collingwood,0.002796102
FeelingDusty,10/06/2024,13,16732,Collingwood,Melbourne,11945,Steven,May,Melbourne,0.000969101
FeelingDusty,10/06/2024,13,16732,Collingwood,Melbourne,13048,Jacob,van Rooyen,Melbourne,0.075346301
FeelingDusty,10/06/2024,13,16732,Collingwood,Melbourne,12280,Christian,Salem,Melbourne,0.019548865
FeelingDusty,10/06/2024,13,16732,Collingwood,Melbourne,13036,Judd,McVee,Melbourne,0
FeelingDusty,10/06/2024,13,16732,Collingwood,Melbourne,12437,Christian,Petracca,Melbourne,0.002389896
FeelingDusty,10/06/2024,13,16732,Collingwood,Melbourne,13099,Caleb,Windsor,Melbourne,0.002389896
FeelingDusty,10/06/2024,13,16732,Collingwood,Melbourne,12152,Jack,Viney,Melbourne,0.004558561
FeelingDusty,10/06/2024,13,16732,Collingwood,Melbourne,11972,Max,Gawn,Melbourne,0.829126498
FeelingDusty,10/06/2024,13,16732,Collingwood,Melbourne,12411,Clayton,Oliver,Melbourne,0.019249183
FeelingDusty,10/06/2024,13,16732,Collingwood,Melbourne,12255,Jack,Billings,Melbourne,0
FeelingDusty,10/06/2024,13,16732,Collingwood,Melbourne,12401,Ed,Langdon,Melbourne,0.002389896
FeelingDusty,10/06/2024,13,16732,Collingwood,Melbourne,13035,Bailey,Laurie,Melbourne,0
FeelingDusty,10/06/2024,13,16732,Collingwood,Melbourne,12933,Jake,Bowey,Melbourne,0
FeelingDusty,10/06/2024,13,16732,Collingwood,Melbourne,13098,Blake,Howes,Melbourne,0
FeelingDusty,10/06/2024,13,16732,Collingwood,Melbourne,12778,Trent,Rivers,Melbourne,0.016839512
FeelingDusty,10/06/2024,13,16732,Collingwood,Melbourne,12015,Tom,McDonald,Melbourne,0
FeelingDusty,10/06/2024,13,16732,Collingwood,Melbourne,12375,Alex,Neal-Bullen,Melbourne,0.041659736
FeelingDusty,10/06/2024,13,16732,Collingwood,Melbourne,12603,Bayley,Fritsch,Melbourne,0.034547763
FeelingDusty,10/06/2024,13,16732,Collingwood,Melbourne,12692,Tom,Sparrow,Melbourne,0
FeelingDusty,10/06/2024,13,16732,Collingwood,Melbourne,12660,Harrison,Petty,Melbourne,0
FeelingDusty,10/06/2024,13,16732,Collingwood,Melbourne,12774,Kysaiah,Pickett,Melbourne,0
FeelingDusty,10/06/2024,13,16732,Collingwood,Melbourne,12756,Kade,Chandler,Melbourne,0
FeelingDusty,10/06/2024,13,16732,Collingwood,Melbourne,12998,Daniel,Turner,Melbourne,0
FeelingDusty,14/06/2024,14,16733,Brisbane,St Kilda,12969,Kai,Lohmann,Brisbane,0.001895541
FeelingDusty,14/06/2024,14,16733,Brisbane,St Kilda,12205,Joe,Daniher,Brisbane,2.284960887
FeelingDusty,14/06/2024,14,16733,Brisbane,St Kilda,12412,Callum,Ah Chee,Brisbane,0.000224066
FeelingDusty,14/06/2024,14,16733,Brisbane,St Kilda,12421,Josh,Dunkley,Brisbane,0.052608536
FeelingDusty,14/06/2024,14,16733,Brisbane,St Kilda,12526,Hugh,McCluggage,Brisbane,1.925874222
FeelingDusty,14/06/2024,14,16733,Brisbane,St Kilda,12525,Jarrod,Berry,Brisbane,0.149115915
FeelingDusty,14/06/2024,14,16733,Brisbane,St Kilda,12061,Lachie,Neale,Brisbane,0.014168987
FeelingDusty,14/06/2024,14,16733,Brisbane,St Kilda,13138,Logan,Morris,Brisbane,0.004251965
FeelingDusty,14/06/2024,14,16733,Brisbane,St Kilda,12082,Dayne,Zorko,Brisbane,0.732717317
FeelingDusty,14/06/2024,14,16733,Brisbane,St Kilda,12594,Cam,Rayner,Brisbane,0.002901791
FeelingDusty,14/06/2024,14,16733,Brisbane,St Kilda,12284,Charlie,Cameron,Brisbane,0.000224066
FeelingDusty,14/06/2024,14,16733,Brisbane,St Kilda,12400,Conor,McKenna,Brisbane,0.002434669
FeelingDusty,14/06/2024,14,16733,Brisbane,St Kilda,13072,Jaspa,Fletcher,Brisbane,0.000224066
FeelingDusty,14/06/2024,14,16733,Brisbane,St Kilda,12462,Eric,Hipwood,Brisbane,0.003837794
FeelingDusty,14/06/2024,14,16733,Brisbane,St Kilda,12347,Harris,Andrews,Brisbane,0.001529266
FeelingDusty,14/06/2024,14,16733,Brisbane,St Kilda,12617,Zac,Bailey,Brisbane,0.000224066
FeelingDusty,14/06/2024,14,16733,Brisbane,St Kilda,11901,Ryan,Lester,Brisbane,0.001089342
FeelingDusty,14/06/2024,14,16733,Brisbane,St Kilda,12673,Brandon,Starcevich,Brisbane,0.000224066
FeelingDusty,14/06/2024,14,16733,Brisbane,St Kilda,13139,Bruce,Reville,Brisbane,0.003846193
FeelingDusty,14/06/2024,14,16733,Brisbane,St Kilda,12815,Jack,Payne,Brisbane,0.002434669
FeelingDusty,14/06/2024,14,16733,Brisbane,St Kilda,12719,Noah,Answerth,Brisbane,0.001529266
FeelingDusty,14/06/2024,14,16733,Brisbane,St Kilda,13027,Darcy,Wilmot,Brisbane,0.008070624
FeelingDusty,14/06/2024,14,16733,Brisbane,St Kilda,12625,Oscar,McInerney,Brisbane,0.004212468
FeelingDusty,14/06/2024,14,16733,Brisbane,St Kilda,12616,Jack,Higgins,St Kilda,0.73475882
FeelingDusty,14/06/2024,14,16733,Brisbane,St Kilda,12968,Marcus,Windhager,St Kilda,0.002562845
FeelingDusty,14/06/2024,14,16733,Brisbane,St Kilda,12294,Zak,Jones,St Kilda,0
FeelingDusty,14/06/2024,14,16733,Brisbane,St Kilda,12138,Sebastian,Ross,St Kilda,0
FeelingDusty,14/06/2024,14,16733,Brisbane,St Kilda,12066,Bradley,Hill,St Kilda,0.001561969
FeelingDusty,14/06/2024,14,16733,Brisbane,St Kilda,12377,Jack,Steele,St Kilda,0.000946765
FeelingDusty,14/06/2024,14,16733,Brisbane,St Kilda,12945,Mitch,Owens,St Kilda,0
FeelingDusty,14/06/2024,14,16733,Brisbane,St Kilda,12593,Hunter,Clark,St Kilda,0
FeelingDusty,14/06/2024,14,16733,Brisbane,St Kilda,12771,Max,King,St Kilda,0
FeelingDusty,14/06/2024,14,16733,Brisbane,St Kilda,12589,Paddy,Dow,St Kilda,0.002626075
FeelingDusty,14/06/2024,14,16733,Brisbane,St Kilda,12498,Dan,Butler,St Kilda,0
FeelingDusty,14/06/2024,14,16733,Brisbane,St Kilda,12572,Rowan,Marshall,St Kilda,0.015162644
FeelingDusty,14/06/2024,14,16733,Brisbane,St Kilda,12399,Zaine,Cordy,St Kilda,0
FeelingDusty,14/06/2024,14,16733,Brisbane,St Kilda,13109,Darcy,Wilson,St Kilda,0
FeelingDusty,14/06/2024,14,16733,Brisbane,St Kilda,12831,Liam,Henry,St Kilda,0
FeelingDusty,14/06/2024,14,16733,Brisbane,St Kilda,12565,Josh,Battle,St Kilda,0
FeelingDusty,14/06/2024,14,16733,Brisbane,St Kilda,13153,Arie,Schoenmaker,St Kilda,0
FeelingDusty,14/06/2024,14,16733,Brisbane,St Kilda,12321,Mason,Wood,St Kilda,0.005022771
FeelingDusty,14/06/2024,14,16733,Brisbane,St Kilda,12337,Jack,Sinclair,St Kilda,0.038457439
FeelingDusty,14/06/2024,14,16733,Brisbane,St Kilda,12492,Riley,Bonner,St Kilda,0
FeelingDusty,14/06/2024,14,16733,Brisbane,St Kilda,12103,Tom,Campbell,St Kilda,0
FeelingDusty,14/06/2024,14,16733,Brisbane,St Kilda,12701,Callum,Wilkie,St Kilda,0.000150444
FeelingDusty,14/06/2024,14,16733,Brisbane,St Kilda,13041,Anthony,Caminiti,St Kilda,0.000150444
FeelingDusty,15/06/2024,14,16734,Western Bulldogs,Fremantle,12764,Sam,Sturt,Fremantle,0.000784898
FeelingDusty,15/06/2024,14,16734,Western Bulldogs,Fremantle,12149,Jaeger,OMeara,Fremantle,0.002784284
FeelingDusty,15/06/2024,14,16734,Western Bulldogs,Fremantle,12786,Caleb,Serong,Fremantle,0.017045191
FeelingDusty,15/06/2024,14,16734,Western Bulldogs,Fremantle,12555,Sean,Darcy,Fremantle,0.004336371
FeelingDusty,15/06/2024,14,16734,Western Bulldogs,Fremantle,12688,Jordan,Clark,Fremantle,0.003646956
FeelingDusty,15/06/2024,14,16734,Western Bulldogs,Fremantle,11844,Nat,Fyfe,Fremantle,0
FeelingDusty,15/06/2024,14,16734,Western Bulldogs,Fremantle,12596,Andrew,Brayshaw,Fremantle,0.002541211
FeelingDusty,15/06/2024,14,16734,Western Bulldogs,Fremantle,12779,Luke,Jackson,Fremantle,0.01518909
FeelingDusty,15/06/2024,14,16734,Western Bulldogs,Fremantle,11770,Michael,Walters,Fremantle,0
FeelingDusty,15/06/2024,14,16734,Western Bulldogs,Fremantle,12252,James,Aish,Fremantle,0
FeelingDusty,15/06/2024,14,16734,Western Bulldogs,Fremantle,12550,Luke,Ryan,Fremantle,0.000169768
FeelingDusty,15/06/2024,14,16734,Western Bulldogs,Fremantle,12821,Jeremy,Sharp,Fremantle,0.001762591
FeelingDusty,15/06/2024,14,16734,Western Bulldogs,Fremantle,13080,Karl,Worner,Fremantle,0.000169768
FeelingDusty,15/06/2024,14,16734,Western Bulldogs,Fremantle,12983,Jye,Amiss,Fremantle,0
FeelingDusty,15/06/2024,14,16734,Western Bulldogs,Fremantle,12361,Alex,Pearce,Fremantle,0.000169768
FeelingDusty,15/06/2024,14,16734,Western Bulldogs,Fremantle,12777,Hayden,Young,Fremantle,0.016083417
FeelingDusty,15/06/2024,14,16734,Western Bulldogs,Fremantle,12915,Brandon,Walker,Fremantle,0
FeelingDusty,15/06/2024,14,16734,Western Bulldogs,Fremantle,12803,Michael,Frederick,Fremantle,0
FeelingDusty,15/06/2024,14,16734,Western Bulldogs,Fremantle,12888,Josh,Treacy,Fremantle,0
FeelingDusty,15/06/2024,14,16734,Western Bulldogs,Fremantle,13113,Joshua,Draper,Fremantle,0
FeelingDusty,15/06/2024,14,16734,Western Bulldogs,Fremantle,12679,Sam,Switkowski,Fremantle,0
FeelingDusty,15/06/2024,14,16734,Western Bulldogs,Fremantle,12595,Bailey,Banfield,Fremantle,0
FeelingDusty,15/06/2024,14,16734,Western Bulldogs,Fremantle,13049,Matthew,Johnson,Fremantle,0
FeelingDusty,15/06/2024,14,16734,Western Bulldogs,Fremantle,12058,Adam,Treloar,Western Bulldogs,0.612770504
FeelingDusty,15/06/2024,14,16734,Western Bulldogs,Fremantle,12924,Jamarra,Ugle-Hagan,Western Bulldogs,0.005521244
FeelingDusty,15/06/2024,14,16734,Western Bulldogs,Fremantle,12801,Cody,Weightman,Western Bulldogs,0.004342679
FeelingDusty,15/06/2024,14,16734,Western Bulldogs,Fremantle,12277,Marcus,Bontempelli,Western Bulldogs,2.860215262
FeelingDusty,15/06/2024,14,16734,Western Bulldogs,Fremantle,12289,Rory,Lobb,Western Bulldogs,0.220694305
FeelingDusty,15/06/2024,14,16734,Western Bulldogs,Fremantle,13111,Ryley,Sanders,Western Bulldogs,0.001725688
FeelingDusty,15/06/2024,14,16734,Western Bulldogs,Fremantle,12172,Jack,Macrae,Western Bulldogs,0.001725688
FeelingDusty,15/06/2024,14,16734,Western Bulldogs,Fremantle,13110,Harvey,Gallagher,Western Bulldogs,0.001725688
FeelingDusty,15/06/2024,14,16734,Western Bulldogs,Fremantle,12748,Rhylee,West,Western Bulldogs,0.129956226
FeelingDusty,15/06/2024,14,16734,Western Bulldogs,Fremantle,12169,Taylor,Duryea,Western Bulldogs,0.001077903
FeelingDusty,15/06/2024,14,16734,Western Bulldogs,Fremantle,13063,James,ODonnell,Western Bulldogs,0.002747381
FeelingDusty,15/06/2024,14,16734,Western Bulldogs,Fremantle,11874,Liam,Jones,Western Bulldogs,0.002099597
FeelingDusty,15/06/2024,14,16734,Western Bulldogs,Fremantle,12612,Ed,Richards,Western Bulldogs,0.023545761
FeelingDusty,15/06/2024,14,16734,Western Bulldogs,Fremantle,11904,Tom,Liberatore,Western Bulldogs,0.640823807
FeelingDusty,15/06/2024,14,16734,Western Bulldogs,Fremantle,12781,Laitham,Vandermeer,Western Bulldogs,0.001725688
FeelingDusty,15/06/2024,14,16734,Western Bulldogs,Fremantle,12901,Buku,Khamis,Western Bulldogs,0.001725688
FeelingDusty,15/06/2024,14,16734,Western Bulldogs,Fremantle,13140,Joel,Freijah,Western Bulldogs,0.001725688
FeelingDusty,15/06/2024,14,16734,Western Bulldogs,Fremantle,12852,Anthony,Scott,Western Bulldogs,0.001725688
FeelingDusty,15/06/2024,14,16734,Western Bulldogs,Fremantle,12917,Lachlan,Bramble,Western Bulldogs,0.804046301
FeelingDusty,15/06/2024,14,16734,Western Bulldogs,Fremantle,12362,Bailey,Dale,Western Bulldogs,0.27797487
FeelingDusty,15/06/2024,14,16734,Western Bulldogs,Fremantle,12449,Bailey,Williams,Western Bulldogs,0.016584436
FeelingDusty,15/06/2024,14,16734,Western Bulldogs,Fremantle,12382,Caleb,Daniel,Western Bulldogs,0.001725688
FeelingDusty,15/06/2024,14,16734,Western Bulldogs,Fremantle,12548,Tim,English,Western Bulldogs,0.319110911
FeelingDusty,15/06/2024,14,16735,Richmond,Hawthorn,12913,Jai,Newcombe,Hawthorn,1.572797601
FeelingDusty,15/06/2024,14,16735,Richmond,Hawthorn,12245,Jarman,Impey,Hawthorn,0.005368792
FeelingDusty,15/06/2024,14,16735,Richmond,Hawthorn,12626,James,Worpel,Hawthorn,0.005380541
FeelingDusty,15/06/2024,14,16735,Richmond,Hawthorn,12342,James,Sicily,Hawthorn,2.787574998
FeelingDusty,15/06/2024,14,16735,Richmond,Hawthorn,12124,Sam,Frost,Hawthorn,0.002556473
FeelingDusty,15/06/2024,14,16735,Richmond,Hawthorn,12753,Changkuoth,Jiath,Hawthorn,0.005380541
FeelingDusty,15/06/2024,14,16735,Richmond,Hawthorn,12365,Karl,Amon,Hawthorn,0
FeelingDusty,15/06/2024,14,16735,Richmond,Hawthorn,12678,Conor,Nash,Hawthorn,0.002662684
FeelingDusty,15/06/2024,14,16735,Richmond,Hawthorn,12794,Will,Day,Hawthorn,0.008452411
FeelingDusty,15/06/2024,14,16735,Richmond,Hawthorn,12710,Dylan,Moore,Hawthorn,0.005380541
FeelingDusty,15/06/2024,14,16735,Richmond,Hawthorn,12571,Jack,Scrimshaw,Hawthorn,0.09931409
FeelingDusty,15/06/2024,14,16735,Richmond,Hawthorn,12477,Blake,Hardwick,Hawthorn,0.002139331
FeelingDusty,15/06/2024,14,16735,Richmond,Hawthorn,12999,Massimo,DAmbrosio,Hawthorn,0.025578823
FeelingDusty,15/06/2024,14,16735,Richmond,Hawthorn,12854,Lloyd,Meek,Hawthorn,0.006416285
FeelingDusty,15/06/2024,14,16735,Richmond,Hawthorn,12491,Mabior,Chol,Hawthorn,0.359440793
FeelingDusty,15/06/2024,14,16735,Richmond,Hawthorn,11854,Jack,Gunston,Hawthorn,0.001336274
FeelingDusty,15/06/2024,14,16735,Richmond,Hawthorn,11960,Luke,Breust,Hawthorn,0.001336274
FeelingDusty,15/06/2024,14,16735,Richmond,Hawthorn,13059,Josh,Weddle,Hawthorn,0.148125039
FeelingDusty,15/06/2024,14,16735,Richmond,Hawthorn,13039,Cam,Mackenzie,Hawthorn,0.008047947
FeelingDusty,15/06/2024,14,16735,Richmond,Hawthorn,12953,Connor,Macdonald,Hawthorn,0.003380574
FeelingDusty,15/06/2024,14,16735,Richmond,Hawthorn,12928,Jack,Ginnivan,Hawthorn,0.005900336
FeelingDusty,15/06/2024,14,16735,Richmond,Hawthorn,13103,Nick,Watson,Hawthorn,0.010860475
FeelingDusty,15/06/2024,14,16735,Richmond,Hawthorn,13137,Calsher,Dear,Hawthorn,0.002139331
FeelingDusty,15/06/2024,14,16735,Richmond,Hawthorn,12180,Nick,Vlastuin,Richmond,0.06548651
FeelingDusty,15/06/2024,14,16735,Richmond,Hawthorn,11801,Dustin,Martin,Richmond,0
FeelingDusty,15/06/2024,14,16735,Richmond,Hawthorn,12668,Liam,Baker,Richmond,0.004167888
FeelingDusty,15/06/2024,14,16735,Richmond,Hawthorn,12904,Hugo,Ralphsmith,Richmond,0.00218508
FeelingDusty,15/06/2024,14,16735,Richmond,Hawthorn,12512,Tim,Taranto,Richmond,0.831666255
FeelingDusty,15/06/2024,14,16735,Richmond,Hawthorn,12425,Jayden,Short,Richmond,0
FeelingDusty,15/06/2024,14,16735,Richmond,Hawthorn,12409,Daniel,Rioli,Richmond,0
FeelingDusty,15/06/2024,14,16735,Richmond,Hawthorn,11953,Tom,Lynch,Richmond,0
FeelingDusty,15/06/2024,14,16735,Richmond,Hawthorn,12861,Jacob,Koschitzke,Richmond,0
FeelingDusty,15/06/2024,14,16735,Richmond,Hawthorn,12686,Noah,Balta,Richmond,0.00021046
FeelingDusty,15/06/2024,14,16735,Richmond,Hawthorn,12379,Toby,Nankervis,Richmond,0.019395432
FeelingDusty,15/06/2024,14,16735,Richmond,Hawthorn,12836,Thomson,Dow,Richmond,0.005133141
FeelingDusty,15/06/2024,14,16735,Richmond,Hawthorn,13122,Kane,McAuliffe,Richmond,0
FeelingDusty,15/06/2024,14,16735,Richmond,Hawthorn,12542,Shai,Bolton,Richmond,0
FeelingDusty,15/06/2024,14,16735,Richmond,Hawthorn,13097,Tom,Brown,Richmond,0
FeelingDusty,15/06/2024,14,16735,Richmond,Hawthorn,12884,Rhyan,Mansell,Richmond,0
FeelingDusty,15/06/2024,14,16735,Richmond,Hawthorn,12324,Kamdyn,McIntosh,Richmond,0.00218508
FeelingDusty,15/06/2024,14,16735,Richmond,Hawthorn,12584,Jack,Graham,Richmond,0
FeelingDusty,15/06/2024,14,16735,Richmond,Hawthorn,12464,Nathan,Broad,Richmond,0
FeelingDusty,15/06/2024,14,16735,Richmond,Hawthorn,12994,Noah,Cumberland,Richmond,0
FeelingDusty,15/06/2024,14,16735,Richmond,Hawthorn,13015,Tyler,Sonsie,Richmond,0
FeelingDusty,15/06/2024,14,16735,Richmond,Hawthorn,13100,Seth,Campbell,Richmond,0
FeelingDusty,15/06/2024,14,16735,Richmond,Hawthorn,12940,Ben,Miller,Richmond,0
FeelingDusty,15/06/2024,14,16736,Adelaide,Sydney,12697,Chayce,Jones,Adelaide,0.001188365
FeelingDusty,15/06/2024,14,16736,Adelaide,Sydney,12441,Ben,Keays,Adelaide,0.001188365
FeelingDusty,15/06/2024,14,16736,Adelaide,Sydney,12855,Sam,Berry,Adelaide,0
FeelingDusty,15/06/2024,14,16736,Adelaide,Sydney,12592,Lachlan,Murphy,Adelaide,0
FeelingDusty,15/06/2024,14,16736,Adelaide,Sydney,12957,Josh,Rachele,Adelaide,0
FeelingDusty,15/06/2024,14,16736,Adelaide,Sydney,12519,Jordan,Dawson,Adelaide,0.001188365
FeelingDusty,15/06/2024,14,16736,Adelaide,Sydney,12956,Jake,Soligo,Adelaide,0
FeelingDusty,15/06/2024,14,16736,Adelaide,Sydney,12936,Brayden,Cook,Adelaide,0
FeelingDusty,15/06/2024,14,16736,Adelaide,Sydney,13038,Max,Michalanney,Adelaide,0
FeelingDusty,15/06/2024,14,16736,Adelaide,Sydney,12783,Will,Hamill,Adelaide,0
FeelingDusty,15/06/2024,14,16736,Adelaide,Sydney,12725,Mitchell,Hinge,Adelaide,0.093158237
FeelingDusty,15/06/2024,14,16736,Adelaide,Sydney,12797,Izak,Rankine,Adelaide,0
FeelingDusty,15/06/2024,14,16736,Adelaide,Sydney,12817,Harry,Schoenberg,Adelaide,0
FeelingDusty,15/06/2024,14,16736,Adelaide,Sydney,13084,Luke,Nankervis,Adelaide,0.00011446
FeelingDusty,15/06/2024,14,16736,Adelaide,Sydney,12875,Nick,Murray,Adelaide,0.001489222
FeelingDusty,15/06/2024,14,16736,Adelaide,Sydney,12171,Rory,Laird,Adelaide,0.095007059
FeelingDusty,15/06/2024,14,16736,Adelaide,Sydney,13151,Billy,Dowling,Adelaide,0
FeelingDusty,15/06/2024,14,16736,Adelaide,Sydney,12591,Darcy,Fogarty,Adelaide,0
FeelingDusty,15/06/2024,14,16736,Adelaide,Sydney,13088,James,Borlase,Adelaide,0
FeelingDusty,15/06/2024,14,16736,Adelaide,Sydney,12818,Lachlan,Sholl,Adelaide,0.00056013
FeelingDusty,15/06/2024,14,16736,Adelaide,Sydney,12832,Jordon,Butts,Adelaide,0.000410863
FeelingDusty,15/06/2024,14,16736,Adelaide,Sydney,12811,Kieran,Strachan,Adelaide,0.001188365
FeelingDusty,15/06/2024,14,16736,Adelaide,Sydney,12813,Mark,Keane,Adelaide,0.00011446
FeelingDusty,15/06/2024,14,16736,Adelaide,Sydney,12799,Chad,Warner,Sydney,0.003832773
FeelingDusty,15/06/2024,14,16736,Adelaide,Sydney,12745,Hayden,McLean,Sydney,0.001163484
FeelingDusty,15/06/2024,14,16736,Adelaide,Sydney,12070,Taylor,Adams,Sydney,0.017396315
FeelingDusty,15/06/2024,14,16736,Adelaide,Sydney,12223,Brodie,Grundy,Sydney,1.565627401
FeelingDusty,15/06/2024,14,16736,Adelaide,Sydney,12331,Isaac,Heeney,Sydney,0.668029074
FeelingDusty,15/06/2024,14,16736,Adelaide,Sydney,12863,Logan,McDonald,Sydney,0.001163484
FeelingDusty,15/06/2024,14,16736,Adelaide,Sydney,12038,Harry,Cunningham,Sydney,0.001163484
FeelingDusty,15/06/2024,14,16736,Adelaide,Sydney,12715,James,Rowbottom,Sydney,0.081089155
FeelingDusty,15/06/2024,14,16736,Adelaide,Sydney,12516,Will,Hayward,Sydney,0.001163484
FeelingDusty,15/06/2024,14,16736,Adelaide,Sydney,12419,Tom,Papley,Sydney,0.001439315
FeelingDusty,15/06/2024,14,16736,Adelaide,Sydney,12501,Oliver,Florent,Sydney,0.001163484
FeelingDusty,15/06/2024,14,16736,Adelaide,Sydney,12820,Sam,Wicks,Sydney,0.001163484
FeelingDusty,15/06/2024,14,16736,Adelaide,Sydney,12865,Braeden,Campbell,Sydney,0.001163484
FeelingDusty,15/06/2024,14,16736,Adelaide,Sydney,12853,James,Jordon,Sydney,0.001163484
FeelingDusty,15/06/2024,14,16736,Adelaide,Sydney,12864,Errol,Gulden,Sydney,1.199540084
FeelingDusty,15/06/2024,14,16736,Adelaide,Sydney,12699,Nick,Blakey,Sydney,0.001163484
FeelingDusty,15/06/2024,14,16736,Adelaide,Sydney,12148,Dane,Rampe,Sydney,0.000726738
FeelingDusty,15/06/2024,14,16736,Adelaide,Sydney,12711,Justin,McInerney,Sydney,0.006899528
FeelingDusty,15/06/2024,14,16736,Adelaide,Sydney,12634,Tom,McCartin,Sydney,0.001163484
FeelingDusty,15/06/2024,14,16736,Adelaide,Sydney,12993,Matt,Roberts,Sydney,0.001163484
FeelingDusty,15/06/2024,14,16736,Adelaide,Sydney,12847,Joel,Amartey,Sydney,2.243997588
FeelingDusty,15/06/2024,14,16736,Adelaide,Sydney,12533,Lewis,Melican,Sydney,0.001852325
FeelingDusty,15/06/2024,14,16736,Adelaide,Sydney,12275,Jake,Lloyd,Sydney,0.001163484
FeelingDusty,16/06/2024,14,16737,North Melbourne,Collingwood,12586,Patrick,Lipinski,Collingwood,0.001016192
FeelingDusty,16/06/2024,14,16737,North Melbourne,Collingwood,12740,Isaac,Quaynor,Collingwood,0.001016192
FeelingDusty,16/06/2024,14,16737,North Melbourne,Collingwood,12380,Brayden,Maynard,Collingwood,0.001513714
FeelingDusty,16/06/2024,14,16737,North Melbourne,Collingwood,12582,Josh,Daicos,Collingwood,0.006089422
FeelingDusty,16/06/2024,14,16737,North Melbourne,Collingwood,12704,Lachie,Schultz,Collingwood,0.043111821
FeelingDusty,16/06/2024,14,16737,North Melbourne,Collingwood,12743,John,Noble,Collingwood,0.001016192
FeelingDusty,16/06/2024,14,16737,North Melbourne,Collingwood,12666,Darcy,Cameron,Collingwood,0.024892764
FeelingDusty,16/06/2024,14,16737,North Melbourne,Collingwood,12931,Nathan,Kreuger,Collingwood,0.001016192
FeelingDusty,16/06/2024,14,16737,North Melbourne,Collingwood,12682,Billy,Frampton,Collingwood,0.001016192
FeelingDusty,16/06/2024,14,16737,North Melbourne,Collingwood,12889,Finlay,Macrae,Collingwood,0.003000396
FeelingDusty,16/06/2024,14,16737,North Melbourne,Collingwood,13154,Tew,Jiath,Collingwood,0.001791574
FeelingDusty,16/06/2024,14,16737,North Melbourne,Collingwood,11759,Steele,Sidebottom,Collingwood,0.062840808
FeelingDusty,16/06/2024,14,16737,North Melbourne,Collingwood,12744,Bobby,Hill,Collingwood,1.179318413
FeelingDusty,16/06/2024,14,16737,North Melbourne,Collingwood,12067,Jack,Crisp,Collingwood,0.268837261
FeelingDusty,16/06/2024,14,16737,North Melbourne,Collingwood,12966,Reef,McInnes,Collingwood,0.001016192
FeelingDusty,16/06/2024,14,16737,North Melbourne,Collingwood,12381,Darcy,Moore,Collingwood,0.001016192
FeelingDusty,16/06/2024,14,16737,North Melbourne,Collingwood,12877,Beau,McCreery,Collingwood,0.001016192
FeelingDusty,16/06/2024,14,16737,North Melbourne,Collingwood,12029,Will,Hoskin-Elliott,Collingwood,0
FeelingDusty,16/06/2024,14,16737,North Melbourne,Collingwood,13134,Lachlan,Sullivan,Collingwood,0.001016192
FeelingDusty,16/06/2024,14,16737,North Melbourne,Collingwood,12948,Nick,Daicos,Collingwood,1.29004822
FeelingDusty,16/06/2024,14,16737,North Melbourne,Collingwood,13070,Harvey,Harrison,Collingwood,0.001016192
FeelingDusty,16/06/2024,14,16737,North Melbourne,Collingwood,11973,Jeremy,Howe,Collingwood,0.035280422
FeelingDusty,16/06/2024,14,16737,North Melbourne,Collingwood,13102,Charlie,Dean,Collingwood,0.001791574
FeelingDusty,16/06/2024,14,16737,North Melbourne,Collingwood,12598,Jaidyn,Stephenson,North Melbourne,0.000345136
FeelingDusty,16/06/2024,14,16737,North Melbourne,Collingwood,13030,Harry,Sheezel,North Melbourne,0.065903838
FeelingDusty,16/06/2024,14,16737,North Melbourne,Collingwood,12185,Aidan,Corr,North Melbourne,0.001120518
FeelingDusty,16/06/2024,14,16737,North Melbourne,Collingwood,12722,Curtis,Taylor,North Melbourne,0.023882487
FeelingDusty,16/06/2024,14,16737,North Melbourne,Collingwood,13065,George,Wardlaw,North Melbourne,0.908202944
FeelingDusty,16/06/2024,14,16737,North Melbourne,Collingwood,12705,Bailey,Scott,North Melbourne,0.117946918
FeelingDusty,16/06/2024,14,16737,North Melbourne,Collingwood,12599,Luke,Davies-Uniacke,North Melbourne,1.265462957
FeelingDusty,16/06/2024,14,16737,North Melbourne,Collingwood,12246,Luke,McDonald,North Melbourne,0.002317817
FeelingDusty,16/06/2024,14,16737,North Melbourne,Collingwood,12434,Darcy,Tucker,North Melbourne,0
FeelingDusty,16/06/2024,14,16737,North Melbourne,Collingwood,11766,Liam,Shiels,North Melbourne,0.000173907
FeelingDusty,16/06/2024,14,16737,North Melbourne,Collingwood,12528,Zac,Fisher,North Melbourne,0.000665279
FeelingDusty,16/06/2024,14,16737,North Melbourne,Collingwood,12569,Nick,Larkey,North Melbourne,0.04864847
FeelingDusty,16/06/2024,14,16737,North Melbourne,Collingwood,12867,Tom,Powell,North Melbourne,0.000345136
FeelingDusty,16/06/2024,14,16737,North Melbourne,Collingwood,12975,Paul,Curtis,North Melbourne,0.00513378
FeelingDusty,16/06/2024,14,16737,North Melbourne,Collingwood,12878,Will,Phillips,North Melbourne,0.002649726
FeelingDusty,16/06/2024,14,16737,North Melbourne,Collingwood,12939,Charlie,Comben,North Melbourne,0.001454159
FeelingDusty,16/06/2024,14,16737,North Melbourne,Collingwood,13106,Toby,Pink,North Melbourne,0
FeelingDusty,16/06/2024,14,16737,North Melbourne,Collingwood,13005,Jackson,Archer,North Melbourne,0.000345136
FeelingDusty,16/06/2024,14,16737,North Melbourne,Collingwood,12789,Tristan,Xerri,North Melbourne,0.131121949
FeelingDusty,16/06/2024,14,16737,North Melbourne,Collingwood,12923,Eddie,Ford,North Melbourne,0.000345136
FeelingDusty,16/06/2024,14,16737,North Melbourne,Collingwood,13021,Kallan,Dawson,North Melbourne,0.000345136
FeelingDusty,16/06/2024,14,16737,North Melbourne,Collingwood,13000,Brynn,Teakle,North Melbourne,0.000345136
FeelingDusty,16/06/2024,14,16737,North Melbourne,Collingwood,12566,Cameron,Zurhaar,North Melbourne,0.49456613
FeelingDusty,16/06/2024,14,16738,GWS,Port Adelaide,12026,Toby,Greene,GWS,0
FeelingDusty,16/06/2024,14,16738,GWS,Port Adelaide,13054,Aaron,Cadman,GWS,0.002780097
FeelingDusty,16/06/2024,14,16738,GWS,Port Adelaide,12147,Lachie,Whitfield,GWS,0.322099809
FeelingDusty,16/06/2024,14,16738,GWS,Port Adelaide,11683,Callan,Ward,GWS,0.237781246
FeelingDusty,16/06/2024,14,16738,GWS,Port Adelaide,13002,Ryan,Angwin,GWS,0.017590002
FeelingDusty,16/06/2024,14,16738,GWS,Port Adelaide,12766,Tom,Green,GWS,0.267035689
FeelingDusty,16/06/2024,14,16738,GWS,Port Adelaide,12773,Toby,Bedford,GWS,1.3696108
FeelingDusty,16/06/2024,14,16738,GWS,Port Adelaide,12651,Sam,Taylor,GWS,0.019614275
FeelingDusty,16/06/2024,14,16738,GWS,Port Adelaide,12663,Brent,Daniels,GWS,0.184596056
FeelingDusty,16/06/2024,14,16738,GWS,Port Adelaide,12970,Finn,Callaghan,GWS,0.017740492
FeelingDusty,16/06/2024,14,16738,GWS,Port Adelaide,12096,Nick,Haynes,GWS,0
FeelingDusty,16/06/2024,14,16738,GWS,Port Adelaide,13018,Leek,Aleer,GWS,0.004551855
FeelingDusty,16/06/2024,14,16738,GWS,Port Adelaide,12262,Josh,Kelly,GWS,1.903259237
FeelingDusty,16/06/2024,14,16738,GWS,Port Adelaide,12326,Jesse,Hogan,GWS,0.017959638
FeelingDusty,16/06/2024,14,16738,GWS,Port Adelaide,12835,Jake,Riccardi,GWS,0.015753702
FeelingDusty,16/06/2024,14,16738,GWS,Port Adelaide,12470,Harry,Himmelberg,GWS,0.003294138
FeelingDusty,16/06/2024,14,16738,GWS,Port Adelaide,13101,Harvey,Thomas,GWS,0
FeelingDusty,16/06/2024,14,16738,GWS,Port Adelaide,13089,Toby,McMullin,GWS,0.002780097
FeelingDusty,16/06/2024,14,16738,GWS,Port Adelaide,12905,Kieren,Briggs,GWS,0.147143268
FeelingDusty,16/06/2024,14,16738,GWS,Port Adelaide,12822,Xavier,OHalloran,GWS,0.003516292
FeelingDusty,16/06/2024,14,16738,GWS,Port Adelaide,12749,Connor,Idun,GWS,0.00388397
FeelingDusty,16/06/2024,14,16738,GWS,Port Adelaide,12845,Jack,Buckley,GWS,0.004426053
FeelingDusty,16/06/2024,14,16738,GWS,Port Adelaide,12910,Callum M.,Brown,GWS,0.007542086
FeelingDusty,16/06/2024,14,16738,GWS,Port Adelaide,12696,Connor,Rozee,Port Adelaide,0
FeelingDusty,16/06/2024,14,16738,GWS,Port Adelaide,12581,Todd,Marshall,Port Adelaide,0
FeelingDusty,16/06/2024,14,16738,GWS,Port Adelaide,12503,Dan,Houston,Port Adelaide,1.340079231
FeelingDusty,16/06/2024,14,16738,GWS,Port Adelaide,12671,Kane,Farrell,Port Adelaide,0.038620435
FeelingDusty,16/06/2024,14,16738,GWS,Port Adelaide,13011,Jase,Burgoyne,Port Adelaide,0.003943421
FeelingDusty,16/06/2024,14,16738,GWS,Port Adelaide,12693,Zak,Butters,Port Adelaide,0.016693504
FeelingDusty,16/06/2024,14,16738,GWS,Port Adelaide,11591,Travis,Boak,Port Adelaide,0.001795961
FeelingDusty,16/06/2024,14,16738,GWS,Port Adelaide,12537,Ivan,Soldo,Port Adelaide,0.003943421
FeelingDusty,16/06/2024,14,16738,GWS,Port Adelaide,12868,Miles,Bergman,Port Adelaide,0
FeelingDusty,16/06/2024,14,16738,GWS,Port Adelaide,12155,Ollie,Wines,Port Adelaide,0.012481497
FeelingDusty,16/06/2024,14,16738,GWS,Port Adelaide,12955,Jason,Horne-Francis,Port Adelaide,0.01519488
FeelingDusty,16/06/2024,14,16738,GWS,Port Adelaide,12770,Mitch,Georgiades,Port Adelaide,0.003506706
FeelingDusty,16/06/2024,14,16738,GWS,Port Adelaide,12442,Aliir,Aliir,Port Adelaide,0.006988995
FeelingDusty,16/06/2024,14,16738,GWS,Port Adelaide,12920,Dylan,Williams,Port Adelaide,0
FeelingDusty,16/06/2024,14,16738,GWS,Port Adelaide,12757,Brandon,Zerk-Thatcher,Port Adelaide,0.000273497
FeelingDusty,16/06/2024,14,16738,GWS,Port Adelaide,12606,Esava,Ratugolea,Port Adelaide,0
FeelingDusty,16/06/2024,14,16738,GWS,Port Adelaide,12694,Willem,Drew,Port Adelaide,0.003519653
FeelingDusty,16/06/2024,14,16738,GWS,Port Adelaide,13056,Ollie,Lord,Port Adelaide,0
FeelingDusty,16/06/2024,14,16738,GWS,Port Adelaide,12873,Francis,Evans,Port Adelaide,0
FeelingDusty,16/06/2024,14,16738,GWS,Port Adelaide,12429,Darcy,Byrne-Jones,Port Adelaide,0
FeelingDusty,16/06/2024,14,16738,GWS,Port Adelaide,12925,Jed,McEntee,Port Adelaide,0
FeelingDusty,16/06/2024,14,16738,GWS,Port Adelaide,12657,Quinton,Narkle,Port Adelaide,0
FeelingDusty,16/06/2024,14,16738,GWS,Port Adelaide,12952,Jackson,Mead,Port Adelaide,0
FeelingDusty,21/06/2024,15,16739,Carlton,Geelong,13028,Lachlan,Cowan,Carlton,7.98E-05
FeelingDusty,21/06/2024,15,16739,Carlton,Geelong,13029,Oliver,Hollands,Carlton,0.005089635
FeelingDusty,21/06/2024,15,16739,Carlton,Geelong,12181,Zac,Williams,Carlton,0.001479034
FeelingDusty,21/06/2024,15,16739,Carlton,Geelong,12463,Matthew,Kennedy,Carlton,0.319656615
FeelingDusty,21/06/2024,15,16739,Carlton,Geelong,12604,Lachie,Fogarty,Carlton,0.001479034
FeelingDusty,21/06/2024,15,16739,Carlton,Geelong,12269,Patrick,Cripps,Carlton,1.988986011
FeelingDusty,21/06/2024,15,16739,Carlton,Geelong,12575,Harry,McKay,Carlton,0.004112298
FeelingDusty,21/06/2024,15,16739,Carlton,Geelong,12415,Mitch,McGovern,Carlton,0.00233296
FeelingDusty,21/06/2024,15,16739,Carlton,Geelong,12681,Tom,De Koning,Carlton,1.51346978
FeelingDusty,21/06/2024,15,16739,Carlton,Geelong,12282,Blake,Acres,Carlton,0.051195969
FeelingDusty,21/06/2024,15,16739,Carlton,Geelong,12308,Orazio,Fantasia,Carlton,0.001479034
FeelingDusty,21/06/2024,15,16739,Carlton,Geelong,12938,Brodie,Kemp,Carlton,0.001479034
FeelingDusty,21/06/2024,15,16739,Carlton,Geelong,12685,Sam,Walsh,Carlton,1.287851524
FeelingDusty,21/06/2024,15,16739,Carlton,Geelong,12937,Corey,Durdin,Carlton,0.001479034
FeelingDusty,21/06/2024,15,16739,Carlton,Geelong,13017,Elijah,Hollands,Carlton,0.011245912
FeelingDusty,21/06/2024,15,16739,Carlton,Geelong,12410,Jacob,Weitering,Carlton,0.002354696
FeelingDusty,21/06/2024,15,16739,Carlton,Geelong,12517,Nic,Newman,Carlton,0.018979668
FeelingDusty,21/06/2024,15,16739,Carlton,Geelong,12417,George,Hewett,Carlton,0.008579047
FeelingDusty,21/06/2024,15,16739,Carlton,Geelong,12428,Charlie,Curnow,Carlton,0.565605561
FeelingDusty,21/06/2024,15,16739,Carlton,Geelong,12965,Jordan,Boyd,Carlton,0.001479034
FeelingDusty,21/06/2024,15,16739,Carlton,Geelong,13057,Alex,Cincotta,Carlton,0.043516957
FeelingDusty,21/06/2024,15,16739,Carlton,Geelong,12330,Adam,Saad,Carlton,0.00233296
FeelingDusty,21/06/2024,15,16739,Carlton,Geelong,12842,Matthew,Owies,Carlton,0.024893228
FeelingDusty,21/06/2024,15,16739,Carlton,Geelong,11979,Zach,Tuohy,Geelong,0.000955466
FeelingDusty,21/06/2024,15,16739,Carlton,Geelong,12022,Jeremy,Cameron,Geelong,0
FeelingDusty,21/06/2024,15,16739,Carlton,Geelong,12378,Jake,Kolodjashnij,Geelong,0.001516324
FeelingDusty,21/06/2024,15,16739,Carlton,Geelong,12882,Max,Holmes,Geelong,0.016950336
FeelingDusty,21/06/2024,15,16739,Carlton,Geelong,12507,Jack,Bowes,Geelong,0
FeelingDusty,21/06/2024,15,16739,Carlton,Geelong,13062,Jhye,Clark,Geelong,0.00023784
FeelingDusty,21/06/2024,15,16739,Carlton,Geelong,12892,Sam,De Koning,Geelong,0.050277443
FeelingDusty,21/06/2024,15,16739,Carlton,Geelong,12561,Tyson,Stengle,Geelong,0
FeelingDusty,21/06/2024,15,16739,Carlton,Geelong,11804,Mitch,Duncan,Geelong,0
FeelingDusty,21/06/2024,15,16739,Carlton,Geelong,11849,Gary,Rohan,Geelong,0
FeelingDusty,21/06/2024,15,16739,Carlton,Geelong,11554,Tom,Hawkins,Geelong,0
FeelingDusty,21/06/2024,15,16739,Carlton,Geelong,12976,Oliver,Dempsey,Geelong,0.012108968
FeelingDusty,21/06/2024,15,16739,Carlton,Geelong,12687,Tom,Atkins,Geelong,0.002405074
FeelingDusty,21/06/2024,15,16739,Carlton,Geelong,12690,Gryan,Miers,Geelong,0.046298629
FeelingDusty,21/06/2024,15,16739,Carlton,Geelong,13067,Oisin,Mullin,Geelong,0
FeelingDusty,21/06/2024,15,16739,Carlton,Geelong,11706,Patrick,Dangerfield,Geelong,0
FeelingDusty,21/06/2024,15,16739,Carlton,Geelong,12850,Oliver,Henry,Geelong,0
FeelingDusty,21/06/2024,15,16739,Carlton,Geelong,12614,Jack,Henry,Geelong,0
FeelingDusty,21/06/2024,15,16739,Carlton,Geelong,12559,Zach,Guthrie,Geelong,0.000208498
FeelingDusty,21/06/2024,15,16739,Carlton,Geelong,12540,Mark,OConnor,Geelong,0.002386324
FeelingDusty,21/06/2024,15,16739,Carlton,Geelong,12514,Tom,Stewart,Geelong,0.006542831
FeelingDusty,21/06/2024,15,16739,Carlton,Geelong,12808,Brad,Close,Geelong,0
FeelingDusty,21/06/2024,15,16739,Carlton,Geelong,12160,Mark,Blicavs,Geelong,0.000955466
FeelingDusty,22/06/2024,15,16740,Port Adelaide,Brisbane,12969,Kai,Lohmann,Brisbane,0.001326689
FeelingDusty,22/06/2024,15,16740,Port Adelaide,Brisbane,12205,Joe,Daniher,Brisbane,0.095917947
FeelingDusty,22/06/2024,15,16740,Port Adelaide,Brisbane,12412,Callum,Ah Chee,Brisbane,0.011354832
FeelingDusty,22/06/2024,15,16740,Port Adelaide,Brisbane,12421,Josh,Dunkley,Brisbane,0.594386187
FeelingDusty,22/06/2024,15,16740,Port Adelaide,Brisbane,12526,Hugh,McCluggage,Brisbane,0.001307192
FeelingDusty,22/06/2024,15,16740,Port Adelaide,Brisbane,12525,Jarrod,Berry,Brisbane,0.003336698
FeelingDusty,22/06/2024,15,16740,Port Adelaide,Brisbane,12061,Lachie,Neale,Brisbane,1.799937809
FeelingDusty,22/06/2024,15,16740,Port Adelaide,Brisbane,13138,Logan,Morris,Brisbane,0.001326689
FeelingDusty,22/06/2024,15,16740,Port Adelaide,Brisbane,12082,Dayne,Zorko,Brisbane,0.014832116
FeelingDusty,22/06/2024,15,16740,Port Adelaide,Brisbane,12594,Cam,Rayner,Brisbane,0.030209942
FeelingDusty,22/06/2024,15,16740,Port Adelaide,Brisbane,12284,Charlie,Cameron,Brisbane,0.001326689
FeelingDusty,22/06/2024,15,16740,Port Adelaide,Brisbane,12400,Conor,McKenna,Brisbane,0.001444194
FeelingDusty,22/06/2024,15,16740,Port Adelaide,Brisbane,13072,Jaspa,Fletcher,Brisbane,0.003336698
FeelingDusty,22/06/2024,15,16740,Port Adelaide,Brisbane,12462,Eric,Hipwood,Brisbane,1.181797181
FeelingDusty,22/06/2024,15,16740,Port Adelaide,Brisbane,12347,Harris,Andrews,Brisbane,0.002428906
FeelingDusty,22/06/2024,15,16740,Port Adelaide,Brisbane,12617,Zac,Bailey,Brisbane,0.021722536
FeelingDusty,22/06/2024,15,16740,Port Adelaide,Brisbane,13143,Shadeau,Brain,Brisbane,0.001326689
FeelingDusty,22/06/2024,15,16740,Port Adelaide,Brisbane,11901,Ryan,Lester,Brisbane,0.002112155
FeelingDusty,22/06/2024,15,16740,Port Adelaide,Brisbane,12673,Brandon,Starcevich,Brisbane,0.002112155
FeelingDusty,22/06/2024,15,16740,Port Adelaide,Brisbane,13139,Bruce,Reville,Brisbane,0.001326689
FeelingDusty,22/06/2024,15,16740,Port Adelaide,Brisbane,12815,Jack,Payne,Brisbane,0.002112155
FeelingDusty,22/06/2024,15,16740,Port Adelaide,Brisbane,13027,Darcy,Wilmot,Brisbane,0.010681889
FeelingDusty,22/06/2024,15,16740,Port Adelaide,Brisbane,12625,Oscar,McInerney,Brisbane,1.854545966
FeelingDusty,22/06/2024,15,16740,Port Adelaide,Brisbane,12696,Connor,Rozee,Port Adelaide,0.088062857
FeelingDusty,22/06/2024,15,16740,Port Adelaide,Brisbane,12581,Todd,Marshall,Port Adelaide,0
FeelingDusty,22/06/2024,15,16740,Port Adelaide,Brisbane,12503,Dan,Houston,Port Adelaide,6.24E-05
FeelingDusty,22/06/2024,15,16740,Port Adelaide,Brisbane,12671,Kane,Farrell,Port Adelaide,0
FeelingDusty,22/06/2024,15,16740,Port Adelaide,Brisbane,13011,Jase,Burgoyne,Port Adelaide,0.001355059
FeelingDusty,22/06/2024,15,16740,Port Adelaide,Brisbane,12962,Josh,Sinn,Port Adelaide,0
FeelingDusty,22/06/2024,15,16740,Port Adelaide,Brisbane,12693,Zak,Butters,Port Adelaide,0.262755798
FeelingDusty,22/06/2024,15,16740,Port Adelaide,Brisbane,12557,Jeremy,Finlayson,Port Adelaide,0
FeelingDusty,22/06/2024,15,16740,Port Adelaide,Brisbane,12868,Miles,Bergman,Port Adelaide,2.58E-05
FeelingDusty,22/06/2024,15,16740,Port Adelaide,Brisbane,12155,Ollie,Wines,Port Adelaide,0.001355059
FeelingDusty,22/06/2024,15,16740,Port Adelaide,Brisbane,12955,Jason,Horne-Francis,Port Adelaide,0.000353832
FeelingDusty,22/06/2024,15,16740,Port Adelaide,Brisbane,12770,Mitch,Georgiades,Port Adelaide,4.75E-05
FeelingDusty,22/06/2024,15,16740,Port Adelaide,Brisbane,12442,Aliir,Aliir,Port Adelaide,0.000130515
FeelingDusty,22/06/2024,15,16740,Port Adelaide,Brisbane,12890,Jordon,Sweet,Port Adelaide,0.002140525
FeelingDusty,22/06/2024,15,16740,Port Adelaide,Brisbane,12757,Brandon,Zerk-Thatcher,Port Adelaide,0
FeelingDusty,22/06/2024,15,16740,Port Adelaide,Brisbane,12606,Esava,Ratugolea,Port Adelaide,0.001360137
FeelingDusty,22/06/2024,15,16740,Port Adelaide,Brisbane,12694,Willem,Drew,Port Adelaide,0.002140525
FeelingDusty,22/06/2024,15,16740,Port Adelaide,Brisbane,13056,Ollie,Lord,Port Adelaide,0
FeelingDusty,22/06/2024,15,16740,Port Adelaide,Brisbane,12429,Darcy,Byrne-Jones,Port Adelaide,0
FeelingDusty,22/06/2024,15,16740,Port Adelaide,Brisbane,12925,Jed,McEntee,Port Adelaide,0
FeelingDusty,22/06/2024,15,16740,Port Adelaide,Brisbane,12657,Quinton,Narkle,Port Adelaide,0
FeelingDusty,22/06/2024,15,16740,Port Adelaide,Brisbane,13155,Logan,Evans,Port Adelaide,0
FeelingDusty,22/06/2024,15,16740,Port Adelaide,Brisbane,12952,Jackson,Mead,Port Adelaide,0
FeelingDusty,22/06/2024,15,16741,GWS,Sydney,12026,Toby,Greene,GWS,0.000304806
FeelingDusty,22/06/2024,15,16741,GWS,Sydney,12147,Lachie,Whitfield,GWS,0
FeelingDusty,22/06/2024,15,16741,GWS,Sydney,12782,Lachie,Ash,GWS,0.000193982
FeelingDusty,22/06/2024,15,16741,GWS,Sydney,11683,Callan,Ward,GWS,0.025053193
FeelingDusty,22/06/2024,15,16741,GWS,Sydney,13002,Ryan,Angwin,GWS,0
FeelingDusty,22/06/2024,15,16741,GWS,Sydney,12766,Tom,Green,GWS,0.372811331
FeelingDusty,22/06/2024,15,16741,GWS,Sydney,12773,Toby,Bedford,GWS,0.000625607
FeelingDusty,22/06/2024,15,16741,GWS,Sydney,12663,Brent,Daniels,GWS,0.002132363
FeelingDusty,22/06/2024,15,16741,GWS,Sydney,12970,Finn,Callaghan,GWS,0.025665237
FeelingDusty,22/06/2024,15,16741,GWS,Sydney,12934,James,Peatling,GWS,0
FeelingDusty,22/06/2024,15,16741,GWS,Sydney,13018,Leek,Aleer,GWS,0.000193982
FeelingDusty,22/06/2024,15,16741,GWS,Sydney,12262,Josh,Kelly,GWS,0.003273429
FeelingDusty,22/06/2024,15,16741,GWS,Sydney,12326,Jesse,Hogan,GWS,0
FeelingDusty,22/06/2024,15,16741,GWS,Sydney,12835,Jake,Riccardi,GWS,0.004566755
FeelingDusty,22/06/2024,15,16741,GWS,Sydney,12470,Harry,Himmelberg,GWS,0.00230469
FeelingDusty,22/06/2024,15,16741,GWS,Sydney,13101,Harvey,Thomas,GWS,0
FeelingDusty,22/06/2024,15,16741,GWS,Sydney,13089,Toby,McMullin,GWS,0
FeelingDusty,22/06/2024,15,16741,GWS,Sydney,12905,Kieren,Briggs,GWS,0.00201399
FeelingDusty,22/06/2024,15,16741,GWS,Sydney,12822,Xavier,OHalloran,GWS,0
FeelingDusty,22/06/2024,15,16741,GWS,Sydney,13156,Max,Gruzewski,GWS,0.002739198
FeelingDusty,22/06/2024,15,16741,GWS,Sydney,12749,Connor,Idun,GWS,0
FeelingDusty,22/06/2024,15,16741,GWS,Sydney,12845,Jack,Buckley,GWS,0.000193982
FeelingDusty,22/06/2024,15,16741,GWS,Sydney,12910,Callum M.,Brown,GWS,0
FeelingDusty,22/06/2024,15,16741,GWS,Sydney,12799,Chad,Warner,Sydney,0.031419325
FeelingDusty,22/06/2024,15,16741,GWS,Sydney,12745,Hayden,McLean,Sydney,0.002444569
FeelingDusty,22/06/2024,15,16741,GWS,Sydney,12070,Taylor,Adams,Sydney,0.003115879
FeelingDusty,22/06/2024,15,16741,GWS,Sydney,12223,Brodie,Grundy,Sydney,0.968757895
FeelingDusty,22/06/2024,15,16741,GWS,Sydney,12331,Isaac,Heeney,Sydney,0.177513263
FeelingDusty,22/06/2024,15,16741,GWS,Sydney,12863,Logan,McDonald,Sydney,0.001971824
FeelingDusty,22/06/2024,15,16741,GWS,Sydney,12038,Harry,Cunningham,Sydney,0.001971824
FeelingDusty,22/06/2024,15,16741,GWS,Sydney,12715,James,Rowbottom,Sydney,1.915308754
FeelingDusty,22/06/2024,15,16741,GWS,Sydney,12516,Will,Hayward,Sydney,0.006087792
FeelingDusty,22/06/2024,15,16741,GWS,Sydney,12419,Tom,Papley,Sydney,0.006087792
FeelingDusty,22/06/2024,15,16741,GWS,Sydney,12501,Oliver,Florent,Sydney,0.003139243
FeelingDusty,22/06/2024,15,16741,GWS,Sydney,12820,Sam,Wicks,Sydney,0.004941902
FeelingDusty,22/06/2024,15,16741,GWS,Sydney,12865,Braeden,Campbell,Sydney,0.001971824
FeelingDusty,22/06/2024,15,16741,GWS,Sydney,12853,James,Jordon,Sydney,0.001971824
FeelingDusty,22/06/2024,15,16741,GWS,Sydney,12864,Errol,Gulden,Sydney,2.384012604
FeelingDusty,22/06/2024,15,16741,GWS,Sydney,12699,Nick,Blakey,Sydney,0.028110689
FeelingDusty,22/06/2024,15,16741,GWS,Sydney,12148,Dane,Rampe,Sydney,0.001231645
FeelingDusty,22/06/2024,15,16741,GWS,Sydney,12711,Justin,McInerney,Sydney,0.009619814
FeelingDusty,22/06/2024,15,16741,GWS,Sydney,12634,Tom,McCartin,Sydney,0.001971824
FeelingDusty,22/06/2024,15,16741,GWS,Sydney,13157,Caiden,Cleary,Sydney,0.001971824
FeelingDusty,22/06/2024,15,16741,GWS,Sydney,12847,Joel,Amartey,Sydney,0.002333523
FeelingDusty,22/06/2024,15,16741,GWS,Sydney,12533,Lewis,Melican,Sydney,0.001971824
FeelingDusty,22/06/2024,15,16741,GWS,Sydney,12275,Jake,Lloyd,Sydney,0
FeelingDusty,22/06/2024,15,16742,Melbourne,North Melbourne,11945,Steven,May,Melbourne,0.39004474
FeelingDusty,22/06/2024,15,16742,Melbourne,North Melbourne,13048,Jacob,van Rooyen,Melbourne,0.001669617
FeelingDusty,22/06/2024,15,16742,Melbourne,North Melbourne,12280,Christian,Salem,Melbourne,0.005349257
FeelingDusty,22/06/2024,15,16742,Melbourne,North Melbourne,13036,Judd,McVee,Melbourne,0.001669617
FeelingDusty,22/06/2024,15,16742,Melbourne,North Melbourne,13099,Caleb,Windsor,Melbourne,0.004075932
FeelingDusty,22/06/2024,15,16742,Melbourne,North Melbourne,12152,Jack,Viney,Melbourne,1.155476379
FeelingDusty,22/06/2024,15,16742,Melbourne,North Melbourne,11972,Max,Gawn,Melbourne,0.116107757
FeelingDusty,22/06/2024,15,16742,Melbourne,North Melbourne,12411,Clayton,Oliver,Melbourne,0.008170828
FeelingDusty,22/06/2024,15,16742,Melbourne,North Melbourne,12401,Ed,Langdon,Melbourne,0.001669617
FeelingDusty,22/06/2024,15,16742,Melbourne,North Melbourne,12933,Jake,Bowey,Melbourne,0.001669617
FeelingDusty,22/06/2024,15,16742,Melbourne,North Melbourne,12034,Adam,Tomlinson,Melbourne,0.001669617
FeelingDusty,22/06/2024,15,16742,Melbourne,North Melbourne,13098,Blake,Howes,Melbourne,0.001669617
FeelingDusty,22/06/2024,15,16742,Melbourne,North Melbourne,12778,Trent,Rivers,Melbourne,0.409081485
FeelingDusty,22/06/2024,15,16742,Melbourne,North Melbourne,12015,Tom,McDonald,Melbourne,0.002184989
FeelingDusty,22/06/2024,15,16742,Melbourne,North Melbourne,12375,Alex,Neal-Bullen,Melbourne,0.019005824
FeelingDusty,22/06/2024,15,16742,Melbourne,North Melbourne,12603,Bayley,Fritsch,Melbourne,0.001669617
FeelingDusty,22/06/2024,15,16742,Melbourne,North Melbourne,12692,Tom,Sparrow,Melbourne,0.004917871
FeelingDusty,22/06/2024,15,16742,Melbourne,North Melbourne,12660,Harrison,Petty,Melbourne,0.004910756
FeelingDusty,22/06/2024,15,16742,Melbourne,North Melbourne,12774,Kysaiah,Pickett,Melbourne,0.001669617
FeelingDusty,22/06/2024,15,16742,Melbourne,North Melbourne,12756,Kade,Chandler,Melbourne,0
FeelingDusty,22/06/2024,15,16742,Melbourne,North Melbourne,13123,Koltyn,Tholstrup,Melbourne,0
FeelingDusty,22/06/2024,15,16742,Melbourne,North Melbourne,13158,Kynan,Brown,Melbourne,0.001669617
FeelingDusty,22/06/2024,15,16742,Melbourne,North Melbourne,12998,Daniel,Turner,Melbourne,0.001669617
FeelingDusty,22/06/2024,15,16742,Melbourne,North Melbourne,13030,Harry,Sheezel,North Melbourne,0.804490047
FeelingDusty,22/06/2024,15,16742,Melbourne,North Melbourne,12185,Aidan,Corr,North Melbourne,0.001841025
FeelingDusty,22/06/2024,15,16742,Melbourne,North Melbourne,12722,Curtis,Taylor,North Melbourne,0.000567063
FeelingDusty,22/06/2024,15,16742,Melbourne,North Melbourne,13065,George,Wardlaw,North Melbourne,0.107679858
FeelingDusty,22/06/2024,15,16742,Melbourne,North Melbourne,12705,Bailey,Scott,North Melbourne,0.003414525
FeelingDusty,22/06/2024,15,16742,Melbourne,North Melbourne,12599,Luke,Davies-Uniacke,North Melbourne,2.404746746
FeelingDusty,22/06/2024,15,16742,Melbourne,North Melbourne,12246,Luke,McDonald,North Melbourne,0.000567063
FeelingDusty,22/06/2024,15,16742,Melbourne,North Melbourne,12511,Jy,Simpkin,North Melbourne,0.060396108
FeelingDusty,22/06/2024,15,16742,Melbourne,North Melbourne,12434,Darcy,Tucker,North Melbourne,0.000567063
FeelingDusty,22/06/2024,15,16742,Melbourne,North Melbourne,11766,Liam,Shiels,North Melbourne,0.003019404
FeelingDusty,22/06/2024,15,16742,Melbourne,North Melbourne,12798,Dylan,Stephens,North Melbourne,0.000567063
FeelingDusty,22/06/2024,15,16742,Melbourne,North Melbourne,12528,Zac,Fisher,North Melbourne,0.011889222
FeelingDusty,22/06/2024,15,16742,Melbourne,North Melbourne,12569,Nick,Larkey,North Melbourne,0.000567063
FeelingDusty,22/06/2024,15,16742,Melbourne,North Melbourne,12867,Tom,Powell,North Melbourne,0.000567063
FeelingDusty,22/06/2024,15,16742,Melbourne,North Melbourne,12975,Paul,Curtis,North Melbourne,0.000567063
FeelingDusty,22/06/2024,15,16742,Melbourne,North Melbourne,12878,Will,Phillips,North Melbourne,0.002312042
FeelingDusty,22/06/2024,15,16742,Melbourne,North Melbourne,12939,Charlie,Comben,North Melbourne,0.017205427
FeelingDusty,22/06/2024,15,16742,Melbourne,North Melbourne,13106,Toby,Pink,North Melbourne,0.000567063
FeelingDusty,22/06/2024,15,16742,Melbourne,North Melbourne,13005,Jackson,Archer,North Melbourne,0.000986632
FeelingDusty,22/06/2024,15,16742,Melbourne,North Melbourne,12789,Tristan,Xerri,North Melbourne,0.060219951
FeelingDusty,22/06/2024,15,16742,Melbourne,North Melbourne,12923,Eddie,Ford,North Melbourne,0.010208795
FeelingDusty,22/06/2024,15,16742,Melbourne,North Melbourne,13000,Brynn,Teakle,North Melbourne,0.000567063
FeelingDusty,22/06/2024,15,16742,Melbourne,North Melbourne,12566,Cameron,Zurhaar,North Melbourne,0.370464668
FeelingDusty,23/06/2024,15,16743,Essendon,West Coast,12505,Andrew,McGrath,Essendon,0.026729078
FeelingDusty,23/06/2024,15,16743,Essendon,West Coast,12809,Sam,Draper,Essendon,0.014452692
FeelingDusty,23/06/2024,15,16743,Essendon,West Coast,12358,Kyle,Langford,Essendon,0.001608238
FeelingDusty,23/06/2024,15,16743,Essendon,West Coast,12752,Jye,Caldwell,Essendon,0.977688721
FeelingDusty,23/06/2024,15,16743,Essendon,West Coast,12249,Zach,Merrett,Essendon,0.618699221
FeelingDusty,23/06/2024,15,16743,Essendon,West Coast,12858,Nik,Cox,Essendon,0.001608238
FeelingDusty,23/06/2024,15,16743,Essendon,West Coast,12640,Jordan,Ridley,Essendon,0.045722207
FeelingDusty,23/06/2024,15,16743,Essendon,West Coast,12384,Jayden,Laverde,Essendon,0.399787395
FeelingDusty,23/06/2024,15,16743,Essendon,West Coast,12880,Archie,Perkins,Essendon,0.001608238
FeelingDusty,23/06/2024,15,16743,Essendon,West Coast,12734,Nick,Hind,Essendon,0.001608238
FeelingDusty,23/06/2024,15,16743,Essendon,West Coast,12371,Peter,Wright,Essendon,0.001992209
FeelingDusty,23/06/2024,15,16743,Essendon,West Coast,11903,Dyson,Heppell,Essendon,0.001921823
FeelingDusty,23/06/2024,15,16743,Essendon,West Coast,12926,Sam,Durham,Essendon,1.653049197
FeelingDusty,23/06/2024,15,16743,Essendon,West Coast,12857,Harrison,Jones,Essendon,0.001608238
FeelingDusty,23/06/2024,15,16743,Essendon,West Coast,12173,Jake,Stringer,Essendon,1.879179411
FeelingDusty,23/06/2024,15,16743,Essendon,West Coast,12445,Mason,Redman,Essendon,0.032618033
FeelingDusty,23/06/2024,15,16743,Essendon,West Coast,12695,Xavier,Duursma,Essendon,0.004376794
FeelingDusty,23/06/2024,15,16743,Essendon,West Coast,12345,Jake,Kelly,Essendon,0.004021176
FeelingDusty,23/06/2024,15,16743,Essendon,West Coast,13149,Nate,Caddy,Essendon,0.001608238
FeelingDusty,23/06/2024,15,16743,Essendon,West Coast,12588,Ben,McKay,Essendon,0.001608238
FeelingDusty,23/06/2024,15,16743,Essendon,West Coast,12619,Matt,Guelfi,Essendon,0.019801442
FeelingDusty,23/06/2024,15,16743,Essendon,West Coast,12950,Nic,Martin,Essendon,0.024955464
FeelingDusty,23/06/2024,15,16743,Essendon,West Coast,13020,Jye,Menzie,Essendon,0.001608238
FeelingDusty,23/06/2024,15,16743,Essendon,West Coast,12607,Liam,Ryan,West Coast,0.060135658
FeelingDusty,23/06/2024,15,16743,Essendon,West Coast,12609,Jake,Waterman,West Coast,5.75E-05
FeelingDusty,23/06/2024,15,16743,Essendon,West Coast,12433,Jayden,Hunt,West Coast,0.001642629
FeelingDusty,23/06/2024,15,16743,Essendon,West Coast,12093,Elliot,Yeo,West Coast,0.091726469
FeelingDusty,23/06/2024,15,16743,Essendon,West Coast,13032,Reuben,Ginbey,West Coast,0.001397962
FeelingDusty,23/06/2024,15,16743,Essendon,West Coast,12860,Tyler,Brockman,West Coast,0
FeelingDusty,23/06/2024,15,16743,Essendon,West Coast,12662,Oscar,Allen,West Coast,0
FeelingDusty,23/06/2024,15,16743,Essendon,West Coast,12340,Liam,Duggan,West Coast,0.001879726
FeelingDusty,23/06/2024,15,16743,Essendon,West Coast,11942,Jamie,Cripps,West Coast,0.087131592
FeelingDusty,23/06/2024,15,16743,Essendon,West Coast,13033,Campbell,Chesser,West Coast,0
FeelingDusty,23/06/2024,15,16743,Essendon,West Coast,12958,Brady,Hough,West Coast,0
FeelingDusty,23/06/2024,15,16743,Essendon,West Coast,12279,Jeremy,McGovern,West Coast,0
FeelingDusty,23/06/2024,15,16743,Essendon,West Coast,12630,Jack,Petruccelle,West Coast,0.001642629
FeelingDusty,23/06/2024,15,16743,Essendon,West Coast,12554,Alex,Witherden,West Coast,0
FeelingDusty,23/06/2024,15,16743,Essendon,West Coast,12869,Matt,Flynn,West Coast,0.001642629
FeelingDusty,23/06/2024,15,16743,Essendon,West Coast,11908,Jack,Darling,West Coast,0
FeelingDusty,23/06/2024,15,16743,Essendon,West Coast,12454,Tom,Cole,West Coast,0
FeelingDusty,23/06/2024,15,16743,Essendon,West Coast,12645,Jamaine,Jones,West Coast,0.001642629
FeelingDusty,23/06/2024,15,16743,Essendon,West Coast,12837,Bailey J.,Williams,West Coast,0
FeelingDusty,23/06/2024,15,16743,Essendon,West Coast,12709,Josh,Rotham,West Coast,0
FeelingDusty,23/06/2024,15,16743,Essendon,West Coast,12391,Tom,Barrass,West Coast,0.033239768
FeelingDusty,23/06/2024,15,16743,Essendon,West Coast,13071,Ryan,Maric,West Coast,0
FeelingDusty,23/06/2024,15,16743,Essendon,West Coast,13152,Jack,Hutchinson,West Coast,0
FeelingDusty,23/06/2024,15,16744,Fremantle,Gold Coast,12764,Sam,Sturt,Fremantle,0.003046616
FeelingDusty,23/06/2024,15,16744,Fremantle,Gold Coast,12149,Jaeger,OMeara,Fremantle,0.01279568
FeelingDusty,23/06/2024,15,16744,Fremantle,Gold Coast,12786,Caleb,Serong,Fremantle,0.598442767
FeelingDusty,23/06/2024,15,16744,Fremantle,Gold Coast,12555,Sean,Darcy,Fremantle,0.713091219
FeelingDusty,23/06/2024,15,16744,Fremantle,Gold Coast,12876,Heath,Chapman,Fremantle,0.036079683
FeelingDusty,23/06/2024,15,16744,Fremantle,Gold Coast,12688,Jordan,Clark,Fremantle,0.007919749
FeelingDusty,23/06/2024,15,16744,Fremantle,Gold Coast,11844,Nat,Fyfe,Fremantle,0.013902412
FeelingDusty,23/06/2024,15,16744,Fremantle,Gold Coast,12596,Andrew,Brayshaw,Fremantle,1.885113093
FeelingDusty,23/06/2024,15,16744,Fremantle,Gold Coast,12779,Luke,Jackson,Fremantle,0.001813952
FeelingDusty,23/06/2024,15,16744,Fremantle,Gold Coast,12252,James,Aish,Fremantle,0.002167649
FeelingDusty,23/06/2024,15,16744,Fremantle,Gold Coast,13159,Hugh,Davies,Fremantle,0.001813952
FeelingDusty,23/06/2024,15,16744,Fremantle,Gold Coast,12550,Luke,Ryan,Fremantle,0.001787294
FeelingDusty,23/06/2024,15,16744,Fremantle,Gold Coast,12821,Jeremy,Sharp,Fremantle,0.004562194
FeelingDusty,23/06/2024,15,16744,Fremantle,Gold Coast,13080,Karl,Worner,Fremantle,0.001813952
FeelingDusty,23/06/2024,15,16744,Fremantle,Gold Coast,12983,Jye,Amiss,Fremantle,0.001813952
FeelingDusty,23/06/2024,15,16744,Fremantle,Gold Coast,12361,Alex,Pearce,Fremantle,0.001813952
FeelingDusty,23/06/2024,15,16744,Fremantle,Gold Coast,12777,Hayden,Young,Fremantle,2.062075954
FeelingDusty,23/06/2024,15,16744,Fremantle,Gold Coast,12803,Michael,Frederick,Fremantle,0.001813952
FeelingDusty,23/06/2024,15,16744,Fremantle,Gold Coast,12461,Corey,Wagner,Fremantle,0.001813952
FeelingDusty,23/06/2024,15,16744,Fremantle,Gold Coast,12888,Josh,Treacy,Fremantle,0.087690792
FeelingDusty,23/06/2024,15,16744,Fremantle,Gold Coast,12679,Sam,Switkowski,Fremantle,0
FeelingDusty,23/06/2024,15,16744,Fremantle,Gold Coast,12595,Bailey,Banfield,Fremantle,0.001813952
FeelingDusty,23/06/2024,15,16744,Fremantle,Gold Coast,13049,Matthew,Johnson,Fremantle,0.003624701
FeelingDusty,23/06/2024,15,16744,Fremantle,Gold Coast,12825,Sam,Flanders,Gold Coast,0.1436611
FeelingDusty,23/06/2024,15,16744,Fremantle,Gold Coast,12039,Brandon,Ellis,Gold Coast,0
FeelingDusty,23/06/2024,15,16744,Fremantle,Gold Coast,12086,Alex,Sexton,Gold Coast,0
FeelingDusty,23/06/2024,15,16744,Fremantle,Gold Coast,12506,Ben,Ainsworth,Gold Coast,0.001852742
FeelingDusty,23/06/2024,15,16744,Fremantle,Gold Coast,12631,Charlie,Ballard,Gold Coast,0.001073651
FeelingDusty,23/06/2024,15,16744,Fremantle,Gold Coast,12329,Touk,Miller,Gold Coast,0.265317174
FeelingDusty,23/06/2024,15,16744,Fremantle,Gold Coast,11952,Sam,Day,Gold Coast,0.002305953
FeelingDusty,23/06/2024,15,16744,Fremantle,Gold Coast,12703,Jack,Lukosius,Gold Coast,0.001056881
FeelingDusty,23/06/2024,15,16744,Fremantle,Gold Coast,12767,Noah,Anderson,Gold Coast,0.001182547
FeelingDusty,23/06/2024,15,16744,Fremantle,Gold Coast,12776,Thomas,Berry,Gold Coast,0
FeelingDusty,23/06/2024,15,16744,Fremantle,Gold Coast,12769,Matt,Rowell,Gold Coast,0.016541112
FeelingDusty,23/06/2024,15,16744,Fremantle,Gold Coast,13050,Bailey,Humphrey,Gold Coast,0
FeelingDusty,23/06/2024,15,16744,Fremantle,Gold Coast,12529,Ben,Long,Gold Coast,0
FeelingDusty,23/06/2024,15,16744,Fremantle,Gold Coast,11923,David,Swallow,Gold Coast,0.00231363
FeelingDusty,23/06/2024,15,16744,Fremantle,Gold Coast,12453,Sam,Collins,Gold Coast,0.000640564
FeelingDusty,23/06/2024,15,16744,Fremantle,Gold Coast,13120,Will,Graham,Gold Coast,0.001852742
FeelingDusty,23/06/2024,15,16744,Fremantle,Gold Coast,12658,Wil,Powell,Gold Coast,0.111684998
FeelingDusty,23/06/2024,15,16744,Fremantle,Gold Coast,12184,Jarrod,Witts,Gold Coast,0.001852742
FeelingDusty,23/06/2024,15,16744,Fremantle,Gold Coast,13127,Jake,Rogers,Gold Coast,0
FeelingDusty,23/06/2024,15,16744,Fremantle,Gold Coast,13019,Mac,Andrew,Gold Coast,0
FeelingDusty,23/06/2024,15,16744,Fremantle,Gold Coast,13037,Bodhi,Uwland,Gold Coast,0
FeelingDusty,23/06/2024,15,16744,Fremantle,Gold Coast,13119,Sam,Clohesy,Gold Coast,0.001852742
FeelingDusty,23/06/2024,15,16744,Fremantle,Gold Coast,12932,Joel,Jeffrey,Gold Coast,0
FeelingDusty,28/06/2024,16,16753,Brisbane,Melbourne,12969,Kai,Lohmann,Brisbane,0.001260199
FeelingDusty,28/06/2024,16,16753,Brisbane,Melbourne,12205,Joe,Daniher,Brisbane,0.001260199
FeelingDusty,28/06/2024,16,16753,Brisbane,Melbourne,12412,Callum,Ah Chee,Brisbane,0.001260199
FeelingDusty,28/06/2024,16,16753,Brisbane,Melbourne,12421,Josh,Dunkley,Brisbane,2.489024539
FeelingDusty,28/06/2024,16,16753,Brisbane,Melbourne,12526,Hugh,McCluggage,Brisbane,0.913393211
FeelingDusty,28/06/2024,16,16753,Brisbane,Melbourne,12525,Jarrod,Berry,Brisbane,0.003720846
FeelingDusty,28/06/2024,16,16753,Brisbane,Melbourne,13034,Will,Ashcroft,Brisbane,0.001260199
FeelingDusty,28/06/2024,16,16753,Brisbane,Melbourne,12061,Lachie,Neale,Brisbane,0.184610494
FeelingDusty,28/06/2024,16,16753,Brisbane,Melbourne,13138,Logan,Morris,Brisbane,0.001260199
FeelingDusty,28/06/2024,16,16753,Brisbane,Melbourne,12082,Dayne,Zorko,Brisbane,0.240494603
FeelingDusty,28/06/2024,16,16753,Brisbane,Melbourne,12594,Cam,Rayner,Brisbane,0.003720846
FeelingDusty,28/06/2024,16,16753,Brisbane,Melbourne,12284,Charlie,Cameron,Brisbane,0.001260199
FeelingDusty,28/06/2024,16,16753,Brisbane,Melbourne,12400,Conor,McKenna,Brisbane,0.002313046
FeelingDusty,28/06/2024,16,16753,Brisbane,Melbourne,13072,Jaspa,Fletcher,Brisbane,0.001260199
FeelingDusty,28/06/2024,16,16753,Brisbane,Melbourne,12462,Eric,Hipwood,Brisbane,0.002937111
FeelingDusty,28/06/2024,16,16753,Brisbane,Melbourne,12347,Harris,Andrews,Brisbane,0.002609529
FeelingDusty,28/06/2024,16,16753,Brisbane,Melbourne,12617,Zac,Bailey,Brisbane,0.001260199
FeelingDusty,28/06/2024,16,16753,Brisbane,Melbourne,11901,Ryan,Lester,Brisbane,0.004912158
FeelingDusty,28/06/2024,16,16753,Brisbane,Melbourne,12673,Brandon,Starcevich,Brisbane,0.004118165
FeelingDusty,28/06/2024,16,16753,Brisbane,Melbourne,13139,Bruce,Reville,Brisbane,0.00926724
FeelingDusty,28/06/2024,16,16753,Brisbane,Melbourne,12661,Darragh,Joyce,Brisbane,0.001260199
FeelingDusty,28/06/2024,16,16753,Brisbane,Melbourne,13027,Darcy,Wilmot,Brisbane,0.001260199
FeelingDusty,28/06/2024,16,16753,Brisbane,Melbourne,12625,Oscar,McInerney,Brisbane,0.003720846
FeelingDusty,28/06/2024,16,16753,Brisbane,Melbourne,11945,Steven,May,Melbourne,0.001195451
FeelingDusty,28/06/2024,16,16753,Brisbane,Melbourne,13048,Jacob,van Rooyen,Melbourne,0.000515394
FeelingDusty,28/06/2024,16,16753,Brisbane,Melbourne,13036,Judd,McVee,Melbourne,0.000127629
FeelingDusty,28/06/2024,16,16753,Brisbane,Melbourne,13099,Caleb,Windsor,Melbourne,0.002588276
FeelingDusty,28/06/2024,16,16753,Brisbane,Melbourne,12152,Jack,Viney,Melbourne,0.176419265
FeelingDusty,28/06/2024,16,16753,Brisbane,Melbourne,12359,Jake,Lever,Melbourne,0.000127629
FeelingDusty,28/06/2024,16,16753,Brisbane,Melbourne,11972,Max,Gawn,Melbourne,0.003244368
FeelingDusty,28/06/2024,16,16753,Brisbane,Melbourne,12411,Clayton,Oliver,Melbourne,0.113329659
FeelingDusty,28/06/2024,16,16753,Brisbane,Melbourne,12401,Ed,Langdon,Melbourne,0.000127629
FeelingDusty,28/06/2024,16,16753,Brisbane,Melbourne,12034,Adam,Tomlinson,Melbourne,0.000127629
FeelingDusty,28/06/2024,16,16753,Brisbane,Melbourne,12778,Trent,Rivers,Melbourne,0.00225977
FeelingDusty,28/06/2024,16,16753,Brisbane,Melbourne,12015,Tom,McDonald,Melbourne,0.000127629
FeelingDusty,28/06/2024,16,16753,Brisbane,Melbourne,12375,Alex,Neal-Bullen,Melbourne,0.002588276
FeelingDusty,28/06/2024,16,16753,Brisbane,Melbourne,12603,Bayley,Fritsch,Melbourne,0.000127629
FeelingDusty,28/06/2024,16,16753,Brisbane,Melbourne,12692,Tom,Sparrow,Melbourne,0.000127629
FeelingDusty,28/06/2024,16,16753,Brisbane,Melbourne,12660,Harrison,Petty,Melbourne,0.002434024
FeelingDusty,28/06/2024,16,16753,Brisbane,Melbourne,12774,Kysaiah,Pickett,Melbourne,1.813473306
FeelingDusty,28/06/2024,16,16753,Brisbane,Melbourne,12756,Kade,Chandler,Melbourne,0.000127629
FeelingDusty,28/06/2024,16,16753,Brisbane,Melbourne,13123,Koltyn,Tholstrup,Melbourne,0.000127629
FeelingDusty,28/06/2024,16,16753,Brisbane,Melbourne,13078,Taj,Woewodin,Melbourne,0.002588276
FeelingDusty,28/06/2024,16,16753,Brisbane,Melbourne,13158,Kynan,Brown,Melbourne,0.000127629
FeelingDusty,28/06/2024,16,16753,Brisbane,Melbourne,12998,Daniel,Turner,Melbourne,0.000515394
FeelingDusty,28/06/2024,16,16753,Brisbane,Melbourne,13160,Andy,Moniz-Wakefield,Melbourne,0.000127629
FeelingDusty,29/06/2024,16,16755,Sydney,Fremantle,12764,Sam,Sturt,Fremantle,0.009796178
FeelingDusty,29/06/2024,16,16755,Sydney,Fremantle,12149,Jaeger,OMeara,Fremantle,0.005934284
FeelingDusty,29/06/2024,16,16755,Sydney,Fremantle,12786,Caleb,Serong,Fremantle,1.1105004
FeelingDusty,29/06/2024,16,16755,Sydney,Fremantle,12555,Sean,Darcy,Fremantle,0.005934284
FeelingDusty,29/06/2024,16,16755,Sydney,Fremantle,12876,Heath,Chapman,Fremantle,0.002009859
FeelingDusty,29/06/2024,16,16755,Sydney,Fremantle,12688,Jordan,Clark,Fremantle,0.000136407
FeelingDusty,29/06/2024,16,16755,Sydney,Fremantle,11844,Nat,Fyfe,Fremantle,0.820282563
FeelingDusty,29/06/2024,16,16755,Sydney,Fremantle,12596,Andrew,Brayshaw,Fremantle,0.246203046
FeelingDusty,29/06/2024,16,16755,Sydney,Fremantle,12779,Luke,Jackson,Fremantle,0.00251493
FeelingDusty,29/06/2024,16,16755,Sydney,Fremantle,12252,James,Aish,Fremantle,0.002009859
FeelingDusty,29/06/2024,16,16755,Sydney,Fremantle,13159,Hugh,Davies,Fremantle,0.002009859
FeelingDusty,29/06/2024,16,16755,Sydney,Fremantle,12550,Luke,Ryan,Fremantle,0.060728589
FeelingDusty,29/06/2024,16,16755,Sydney,Fremantle,12821,Jeremy,Sharp,Fremantle,0.19110031
FeelingDusty,29/06/2024,16,16755,Sydney,Fremantle,12983,Jye,Amiss,Fremantle,0.066396955
FeelingDusty,29/06/2024,16,16755,Sydney,Fremantle,12777,Hayden,Young,Fremantle,0
FeelingDusty,29/06/2024,16,16755,Sydney,Fremantle,12915,Brandon,Walker,Fremantle,0.002009859
FeelingDusty,29/06/2024,16,16755,Sydney,Fremantle,12803,Michael,Frederick,Fremantle,0.002009859
FeelingDusty,29/06/2024,16,16755,Sydney,Fremantle,12461,Corey,Wagner,Fremantle,0.013897906
FeelingDusty,29/06/2024,16,16755,Sydney,Fremantle,12888,Josh,Treacy,Fremantle,0.004797813
FeelingDusty,29/06/2024,16,16755,Sydney,Fremantle,13113,Joshua,Draper,Fremantle,0.076794994
FeelingDusty,29/06/2024,16,16755,Sydney,Fremantle,12679,Sam,Switkowski,Fremantle,0.039763078
FeelingDusty,29/06/2024,16,16755,Sydney,Fremantle,12595,Bailey,Banfield,Fremantle,0.002009859
FeelingDusty,29/06/2024,16,16755,Sydney,Fremantle,13049,Matthew,Johnson,Fremantle,0.023039054
FeelingDusty,29/06/2024,16,16754,North Melbourne,Western Bulldogs,13030,Harry,Sheezel,North Melbourne,0.084893138
FeelingDusty,29/06/2024,16,16754,North Melbourne,Western Bulldogs,12185,Aidan,Corr,North Melbourne,0.000211085
FeelingDusty,29/06/2024,16,16754,North Melbourne,Western Bulldogs,12722,Curtis,Taylor,North Melbourne,0.000211085
FeelingDusty,29/06/2024,16,16754,North Melbourne,Western Bulldogs,12705,Bailey,Scott,North Melbourne,0.010115023
FeelingDusty,29/06/2024,16,16754,North Melbourne,Western Bulldogs,12599,Luke,Davies-Uniacke,North Melbourne,0.005053583
FeelingDusty,29/06/2024,16,16754,North Melbourne,Western Bulldogs,12246,Luke,McDonald,North Melbourne,0.000211085
FeelingDusty,29/06/2024,16,16754,North Melbourne,Western Bulldogs,12511,Jy,Simpkin,North Melbourne,0.009961836
FeelingDusty,29/06/2024,16,16754,North Melbourne,Western Bulldogs,12434,Darcy,Tucker,North Melbourne,0.222404545
FeelingDusty,29/06/2024,16,16754,North Melbourne,Western Bulldogs,11766,Liam,Shiels,North Melbourne,0.003796196
FeelingDusty,29/06/2024,16,16754,North Melbourne,Western Bulldogs,12798,Dylan,Stephens,North Melbourne,0.000211085
FeelingDusty,29/06/2024,16,16754,North Melbourne,Western Bulldogs,12528,Zac,Fisher,North Melbourne,0.000488474
FeelingDusty,29/06/2024,16,16754,North Melbourne,Western Bulldogs,12569,Nick,Larkey,North Melbourne,0.000211085
FeelingDusty,29/06/2024,16,16754,North Melbourne,Western Bulldogs,12867,Tom,Powell,North Melbourne,0
FeelingDusty,29/06/2024,16,16754,North Melbourne,Western Bulldogs,12975,Paul,Curtis,North Melbourne,0.006670886
FeelingDusty,29/06/2024,16,16754,North Melbourne,Western Bulldogs,12878,Will,Phillips,North Melbourne,0.000211085
FeelingDusty,29/06/2024,16,16754,North Melbourne,Western Bulldogs,12939,Charlie,Comben,North Melbourne,0.125385304
FeelingDusty,29/06/2024,16,16754,North Melbourne,Western Bulldogs,13106,Toby,Pink,North Melbourne,0.000211085
FeelingDusty,29/06/2024,16,16754,North Melbourne,Western Bulldogs,13005,Jackson,Archer,North Melbourne,0.001801418
FeelingDusty,29/06/2024,16,16754,North Melbourne,Western Bulldogs,12789,Tristan,Xerri,North Melbourne,0.778240065
FeelingDusty,29/06/2024,16,16754,North Melbourne,Western Bulldogs,12923,Eddie,Ford,North Melbourne,0
FeelingDusty,29/06/2024,16,16754,North Melbourne,Western Bulldogs,13021,Kallan,Dawson,North Melbourne,0.000211085
FeelingDusty,29/06/2024,16,16754,North Melbourne,Western Bulldogs,13000,Brynn,Teakle,North Melbourne,0.000211085
FeelingDusty,29/06/2024,16,16754,North Melbourne,Western Bulldogs,12566,Cameron,Zurhaar,North Melbourne,0
FeelingDusty,29/06/2024,16,16755,Sydney,Fremantle,12799,Chad,Warner,Sydney,0.004527087
FeelingDusty,29/06/2024,16,16755,Sydney,Fremantle,12745,Hayden,McLean,Sydney,0.083782091
FeelingDusty,29/06/2024,16,16755,Sydney,Fremantle,12070,Taylor,Adams,Sydney,0.010665667
FeelingDusty,29/06/2024,16,16755,Sydney,Fremantle,12223,Brodie,Grundy,Sydney,0.013425719
FeelingDusty,29/06/2024,16,16755,Sydney,Fremantle,12331,Isaac,Heeney,Sydney,0.007924062
FeelingDusty,29/06/2024,16,16755,Sydney,Fremantle,12863,Logan,McDonald,Sydney,0.000682622
FeelingDusty,29/06/2024,16,16755,Sydney,Fremantle,12038,Harry,Cunningham,Sydney,0.000682622
FeelingDusty,29/06/2024,16,16755,Sydney,Fremantle,12715,James,Rowbottom,Sydney,0.082474213
FeelingDusty,29/06/2024,16,16755,Sydney,Fremantle,12516,Will,Hayward,Sydney,0.005240607
FeelingDusty,29/06/2024,16,16755,Sydney,Fremantle,12419,Tom,Papley,Sydney,0.079311113
FeelingDusty,29/06/2024,16,16755,Sydney,Fremantle,12501,Oliver,Florent,Sydney,0.000682622
FeelingDusty,29/06/2024,16,16755,Sydney,Fremantle,12820,Sam,Wicks,Sydney,0.003470576
FeelingDusty,29/06/2024,16,16755,Sydney,Fremantle,12865,Braeden,Campbell,Sydney,0.000682622
FeelingDusty,29/06/2024,16,16755,Sydney,Fremantle,12853,James,Jordon,Sydney,0.000682622
FeelingDusty,29/06/2024,16,16755,Sydney,Fremantle,12864,Errol,Gulden,Sydney,0.003602082
FeelingDusty,29/06/2024,16,16755,Sydney,Fremantle,12699,Nick,Blakey,Sydney,3
FeelingDusty,29/06/2024,16,16755,Sydney,Fremantle,12148,Dane,Rampe,Sydney,0.000215359
FeelingDusty,29/06/2024,16,16755,Sydney,Fremantle,12711,Justin,McInerney,Sydney,0.00595673
FeelingDusty,29/06/2024,16,16755,Sydney,Fremantle,12634,Tom,McCartin,Sydney,0.001187692
FeelingDusty,29/06/2024,16,16755,Sydney,Fremantle,13157,Caiden,Cleary,Sydney,0.000682622
FeelingDusty,29/06/2024,16,16755,Sydney,Fremantle,12847,Joel,Amartey,Sydney,0.000682622
FeelingDusty,29/06/2024,16,16755,Sydney,Fremantle,12533,Lewis,Melican,Sydney,0.002876085
FeelingDusty,29/06/2024,16,16755,Sydney,Fremantle,12275,Jake,Lloyd,Sydney,0.000682622
FeelingDusty,29/06/2024,16,16754,North Melbourne,Western Bulldogs,12058,Adam,Treloar,Western Bulldogs,0.030916793
FeelingDusty,29/06/2024,16,16754,North Melbourne,Western Bulldogs,12924,Jamarra,Ugle-Hagan,Western Bulldogs,0.005577281
FeelingDusty,29/06/2024,16,16754,North Melbourne,Western Bulldogs,12801,Cody,Weightman,Western Bulldogs,0.07527938
FeelingDusty,29/06/2024,16,16754,North Melbourne,Western Bulldogs,12277,Marcus,Bontempelli,Western Bulldogs,3
FeelingDusty,29/06/2024,16,16754,North Melbourne,Western Bulldogs,12289,Rory,Lobb,Western Bulldogs,0.676912635
FeelingDusty,29/06/2024,16,16754,North Melbourne,Western Bulldogs,13111,Ryley,Sanders,Western Bulldogs,0.00659474
FeelingDusty,29/06/2024,16,16754,North Melbourne,Western Bulldogs,13023,Sam,Darcy,Western Bulldogs,0.006365437
FeelingDusty,29/06/2024,16,16754,North Melbourne,Western Bulldogs,12172,Jack,Macrae,Western Bulldogs,0.002686146
FeelingDusty,29/06/2024,16,16754,North Melbourne,Western Bulldogs,13110,Harvey,Gallagher,Western Bulldogs,0.002686146
FeelingDusty,29/06/2024,16,16754,North Melbourne,Western Bulldogs,12723,Oskar,Baker,Western Bulldogs,0.002686146
FeelingDusty,29/06/2024,16,16754,North Melbourne,Western Bulldogs,12748,Rhylee,West,Western Bulldogs,0.03317131
FeelingDusty,29/06/2024,16,16754,North Melbourne,Western Bulldogs,12169,Taylor,Duryea,Western Bulldogs,0.001677827
FeelingDusty,29/06/2024,16,16754,North Melbourne,Western Bulldogs,13063,James,ODonnell,Western Bulldogs,0.002686146
FeelingDusty,29/06/2024,16,16754,North Melbourne,Western Bulldogs,11874,Liam,Jones,Western Bulldogs,0.384499568
FeelingDusty,29/06/2024,16,16754,North Melbourne,Western Bulldogs,12612,Ed,Richards,Western Bulldogs,0.056175084
FeelingDusty,29/06/2024,16,16754,North Melbourne,Western Bulldogs,11904,Tom,Liberatore,Western Bulldogs,0.393844378
FeelingDusty,29/06/2024,16,16754,North Melbourne,Western Bulldogs,12781,Laitham,Vandermeer,Western Bulldogs,0
FeelingDusty,29/06/2024,16,16754,North Melbourne,Western Bulldogs,13140,Joel,Freijah,Western Bulldogs,0.002686146
FeelingDusty,29/06/2024,16,16754,North Melbourne,Western Bulldogs,12917,Lachlan,Bramble,Western Bulldogs,0.002686146
FeelingDusty,29/06/2024,16,16754,North Melbourne,Western Bulldogs,12362,Bailey,Dale,Western Bulldogs,0.001683218
FeelingDusty,29/06/2024,16,16754,North Melbourne,Western Bulldogs,12602,Aaron,Naughton,Western Bulldogs,0.005577281
FeelingDusty,29/06/2024,16,16754,North Melbourne,Western Bulldogs,12449,Bailey,Williams,Western Bulldogs,0.037556182
FeelingDusty,29/06/2024,16,16754,North Melbourne,Western Bulldogs,12548,Tim,English,Western Bulldogs,0.017341769
FeelingDusty,29/06/2024,16,16756,Gold Coast,Collingwood,12586,Patrick,Lipinski,Collingwood,0.000431422
FeelingDusty,29/06/2024,16,16756,Gold Coast,Collingwood,12333,Jordan,De Goey,Collingwood,0.089160515
FeelingDusty,29/06/2024,16,16756,Gold Coast,Collingwood,12740,Isaac,Quaynor,Collingwood,0.000143188
FeelingDusty,29/06/2024,16,16756,Gold Coast,Collingwood,12380,Brayden,Maynard,Collingwood,0.003894895
FeelingDusty,29/06/2024,16,16756,Gold Coast,Collingwood,12582,Josh,Daicos,Collingwood,0.007270962
FeelingDusty,29/06/2024,16,16756,Gold Coast,Collingwood,12743,John,Noble,Collingwood,0
FeelingDusty,29/06/2024,16,16756,Gold Coast,Collingwood,11506,Scott,Pendlebury,Collingwood,0
FeelingDusty,29/06/2024,16,16756,Gold Coast,Collingwood,12666,Darcy,Cameron,Collingwood,0.01124562
FeelingDusty,29/06/2024,16,16756,Gold Coast,Collingwood,12931,Nathan,Kreuger,Collingwood,0.000143188
FeelingDusty,29/06/2024,16,16756,Gold Coast,Collingwood,12682,Billy,Frampton,Collingwood,0.00122198
FeelingDusty,29/06/2024,16,16756,Gold Coast,Collingwood,11759,Steele,Sidebottom,Collingwood,0.002219832
FeelingDusty,29/06/2024,16,16756,Gold Coast,Collingwood,12744,Bobby,Hill,Collingwood,0.000143188
FeelingDusty,29/06/2024,16,16756,Gold Coast,Collingwood,12067,Jack,Crisp,Collingwood,0.003505176
FeelingDusty,29/06/2024,16,16756,Gold Coast,Collingwood,13141,Joe,Richards,Collingwood,0.000143188
FeelingDusty,29/06/2024,16,16756,Gold Coast,Collingwood,12381,Darcy,Moore,Collingwood,0.000143188
FeelingDusty,29/06/2024,16,16756,Gold Coast,Collingwood,12877,Beau,McCreery,Collingwood,0.000143188
FeelingDusty,29/06/2024,16,16756,Gold Coast,Collingwood,12029,Will,Hoskin-Elliott,Collingwood,0.000143188
FeelingDusty,29/06/2024,16,16756,Gold Coast,Collingwood,13134,Lachlan,Sullivan,Collingwood,0.000143188
FeelingDusty,29/06/2024,16,16756,Gold Coast,Collingwood,12948,Nick,Daicos,Collingwood,1.496835629
FeelingDusty,29/06/2024,16,16756,Gold Coast,Collingwood,13070,Harvey,Harrison,Collingwood,0.000143188
FeelingDusty,29/06/2024,16,16756,Gold Coast,Collingwood,12468,Oleg,Markov,Collingwood,0.000143188
FeelingDusty,29/06/2024,16,16756,Gold Coast,Collingwood,11973,Jeremy,Howe,Collingwood,0.02486618
FeelingDusty,29/06/2024,16,16756,Gold Coast,Collingwood,12648,Brody,Mihocek,Collingwood,0.000143188
FeelingDusty,29/06/2024,16,16756,Gold Coast,Collingwood,12825,Sam,Flanders,Gold Coast,1.334760078
FeelingDusty,29/06/2024,16,16756,Gold Coast,Collingwood,12086,Alex,Sexton,Gold Coast,0.002254106
FeelingDusty,29/06/2024,16,16756,Gold Coast,Collingwood,12314,Nick,Holman,Gold Coast,0.010805323
FeelingDusty,29/06/2024,16,16756,Gold Coast,Collingwood,12506,Ben,Ainsworth,Gold Coast,0.28475857
FeelingDusty,29/06/2024,16,16756,Gold Coast,Collingwood,12631,Charlie,Ballard,Gold Coast,0.00290092
FeelingDusty,29/06/2024,16,16756,Gold Coast,Collingwood,12329,Touk,Miller,Gold Coast,0.135754879
FeelingDusty,29/06/2024,16,16756,Gold Coast,Collingwood,11952,Sam,Day,Gold Coast,0.001822128
FeelingDusty,29/06/2024,16,16756,Gold Coast,Collingwood,12703,Jack,Lukosius,Gold Coast,0.003767622
FeelingDusty,29/06/2024,16,16756,Gold Coast,Collingwood,12767,Noah,Anderson,Gold Coast,2.20251298
FeelingDusty,29/06/2024,16,16756,Gold Coast,Collingwood,12776,Thomas,Berry,Gold Coast,0.001822128
FeelingDusty,29/06/2024,16,16756,Gold Coast,Collingwood,12769,Matt,Rowell,Gold Coast,0.005841309
FeelingDusty,29/06/2024,16,16756,Gold Coast,Collingwood,13050,Bailey,Humphrey,Gold Coast,0.001822128
FeelingDusty,29/06/2024,16,16756,Gold Coast,Collingwood,12529,Ben,Long,Gold Coast,0
FeelingDusty,29/06/2024,16,16756,Gold Coast,Collingwood,11923,David,Swallow,Gold Coast,0.001822128
FeelingDusty,29/06/2024,16,16756,Gold Coast,Collingwood,12453,Sam,Collins,Gold Coast,0.017170051
FeelingDusty,29/06/2024,16,16756,Gold Coast,Collingwood,13120,Will,Graham,Gold Coast,0.002026328
FeelingDusty,29/06/2024,16,16756,Gold Coast,Collingwood,12658,Wil,Powell,Gold Coast,0.004447586
FeelingDusty,29/06/2024,16,16756,Gold Coast,Collingwood,12184,Jarrod,Witts,Gold Coast,0.097511984
FeelingDusty,29/06/2024,16,16756,Gold Coast,Collingwood,13019,Mac,Andrew,Gold Coast,0.00290092
FeelingDusty,29/06/2024,16,16756,Gold Coast,Collingwood,13037,Bodhi,Uwland,Gold Coast,0.045388037
FeelingDusty,29/06/2024,16,16756,Gold Coast,Collingwood,13119,Sam,Clohesy,Gold Coast,0.004582758
FeelingDusty,29/06/2024,16,16756,Gold Coast,Collingwood,12728,Ben,King,Gold Coast,0.191665215
FeelingDusty,29/06/2024,16,16756,Gold Coast,Collingwood,12932,Joel,Jeffrey,Gold Coast,0.001435541
FeelingDusty,29/06/2024,16,16757,Adelaide,GWS,12441,Ben,Keays,Adelaide,0.154735829
FeelingDusty,29/06/2024,16,16757,Adelaide,GWS,12855,Sam,Berry,Adelaide,0.038866816
FeelingDusty,29/06/2024,16,16757,Adelaide,GWS,12592,Lachlan,Murphy,Adelaide,0.00520596
FeelingDusty,29/06/2024,16,16757,Adelaide,GWS,12957,Josh,Rachele,Adelaide,0.054316247
FeelingDusty,29/06/2024,16,16757,Adelaide,GWS,12519,Jordan,Dawson,Adelaide,0.140084186
FeelingDusty,29/06/2024,16,16757,Adelaide,GWS,11724,Taylor,Walker,Adelaide,0.031978207
FeelingDusty,29/06/2024,16,16757,Adelaide,GWS,12956,Jake,Soligo,Adelaide,0.002746922
FeelingDusty,29/06/2024,16,16757,Adelaide,GWS,12936,Brayden,Cook,Adelaide,0.002133184
FeelingDusty,29/06/2024,16,16757,Adelaide,GWS,13038,Max,Michalanney,Adelaide,0.003396135
FeelingDusty,29/06/2024,16,16757,Adelaide,GWS,12783,Will,Hamill,Adelaide,0.002133184
FeelingDusty,29/06/2024,16,16757,Adelaide,GWS,13161,Zac,Taylor,Adelaide,0.002133184
FeelingDusty,29/06/2024,16,16757,Adelaide,GWS,12725,Mitchell,Hinge,Adelaide,0.725670459
FeelingDusty,29/06/2024,16,16757,Adelaide,GWS,12797,Izak,Rankine,Adelaide,2.808597725
FeelingDusty,29/06/2024,16,16757,Adelaide,GWS,13084,Luke,Nankervis,Adelaide,0.002133184
FeelingDusty,29/06/2024,16,16757,Adelaide,GWS,12875,Nick,Murray,Adelaide,0.002133184
FeelingDusty,29/06/2024,16,16757,Adelaide,GWS,12171,Rory,Laird,Adelaide,0.040342788
FeelingDusty,29/06/2024,16,16757,Adelaide,GWS,13151,Billy,Dowling,Adelaide,0.00536508
FeelingDusty,29/06/2024,16,16757,Adelaide,GWS,12591,Darcy,Fogarty,Adelaide,0.200370723
FeelingDusty,29/06/2024,16,16757,Adelaide,GWS,12683,Elliott,Himmelberg,Adelaide,0.002133184
FeelingDusty,29/06/2024,16,16757,Adelaide,GWS,12818,Lachlan,Sholl,Adelaide,0.012649899
FeelingDusty,29/06/2024,16,16757,Adelaide,GWS,12832,Jordon,Butts,Adelaide,0.002133184
FeelingDusty,29/06/2024,16,16757,Adelaide,GWS,12483,Reilly,OBrien,Adelaide,0.01400051
FeelingDusty,29/06/2024,16,16757,Adelaide,GWS,12813,Mark,Keane,Adelaide,0.003939575
FeelingDusty,29/06/2024,16,16757,Adelaide,GWS,12023,Stephen,Coniglio,GWS,0.003921377
FeelingDusty,29/06/2024,16,16757,Adelaide,GWS,12026,Toby,Greene,GWS,0.005167397
FeelingDusty,29/06/2024,16,16757,Adelaide,GWS,12147,Lachie,Whitfield,GWS,1.132825393
FeelingDusty,29/06/2024,16,16757,Adelaide,GWS,12782,Lachie,Ash,GWS,0.007606182
FeelingDusty,29/06/2024,16,16757,Adelaide,GWS,11683,Callan,Ward,GWS,0.152577798
FeelingDusty,29/06/2024,16,16757,Adelaide,GWS,12766,Tom,Green,GWS,0.317426132
FeelingDusty,29/06/2024,16,16757,Adelaide,GWS,12635,Isaac,Cumming,GWS,0.003399528
FeelingDusty,29/06/2024,16,16757,Adelaide,GWS,12773,Toby,Bedford,GWS,0.000167632
FeelingDusty,29/06/2024,16,16757,Adelaide,GWS,12663,Brent,Daniels,GWS,0
FeelingDusty,29/06/2024,16,16757,Adelaide,GWS,12970,Finn,Callaghan,GWS,0.007049388
FeelingDusty,29/06/2024,16,16757,Adelaide,GWS,13018,Leek,Aleer,GWS,0.000167632
FeelingDusty,29/06/2024,16,16757,Adelaide,GWS,12262,Josh,Kelly,GWS,0.01479494
FeelingDusty,29/06/2024,16,16757,Adelaide,GWS,12326,Jesse,Hogan,GWS,0.002463606
FeelingDusty,29/06/2024,16,16757,Adelaide,GWS,12835,Jake,Riccardi,GWS,0.002463606
FeelingDusty,29/06/2024,16,16757,Adelaide,GWS,12470,Harry,Himmelberg,GWS,0.076433952
FeelingDusty,29/06/2024,16,16757,Adelaide,GWS,13101,Harvey,Thomas,GWS,0.000167632
FeelingDusty,29/06/2024,16,16757,Adelaide,GWS,13089,Toby,McMullin,GWS,0.000167632
FeelingDusty,29/06/2024,16,16757,Adelaide,GWS,12905,Kieren,Briggs,GWS,0.006987962
FeelingDusty,29/06/2024,16,16757,Adelaide,GWS,13156,Max,Gruzewski,GWS,0.000167632
FeelingDusty,29/06/2024,16,16757,Adelaide,GWS,12541,Harry,Perryman,GWS,0.001550477
FeelingDusty,29/06/2024,16,16757,Adelaide,GWS,12749,Connor,Idun,GWS,0.006959489
FeelingDusty,29/06/2024,16,16757,Adelaide,GWS,12845,Jack,Buckley,GWS,0.000167632
FeelingDusty,29/06/2024,16,16757,Adelaide,GWS,12910,Callum M.,Brown,GWS,0.000167632
FeelingDusty,29/06/2024,16,16758,Geelong,Essendon,12505,Andrew,McGrath,Essendon,0
FeelingDusty,29/06/2024,16,16758,Geelong,Essendon,12809,Sam,Draper,Essendon,0.001615482
FeelingDusty,29/06/2024,16,16758,Geelong,Essendon,12358,Kyle,Langford,Essendon,0
FeelingDusty,29/06/2024,16,16758,Geelong,Essendon,12752,Jye,Caldwell,Essendon,1.23599653
FeelingDusty,29/06/2024,16,16758,Geelong,Essendon,12249,Zach,Merrett,Essendon,0.00317591
FeelingDusty,29/06/2024,16,16758,Geelong,Essendon,12422,Jade,Gresham,Essendon,0.00259362
FeelingDusty,29/06/2024,16,16758,Geelong,Essendon,12858,Nik,Cox,Essendon,0
FeelingDusty,29/06/2024,16,16758,Geelong,Essendon,12640,Jordan,Ridley,Essendon,0
FeelingDusty,29/06/2024,16,16758,Geelong,Essendon,12384,Jayden,Laverde,Essendon,0.00260334
FeelingDusty,29/06/2024,16,16758,Geelong,Essendon,12880,Archie,Perkins,Essendon,0.00259362
FeelingDusty,29/06/2024,16,16758,Geelong,Essendon,11692,Todd,Goldstein,Essendon,0
FeelingDusty,29/06/2024,16,16758,Geelong,Essendon,12734,Nick,Hind,Essendon,0
FeelingDusty,29/06/2024,16,16758,Geelong,Essendon,12371,Peter,Wright,Essendon,0.017617853
FeelingDusty,29/06/2024,16,16758,Geelong,Essendon,11903,Dyson,Heppell,Essendon,0
FeelingDusty,29/06/2024,16,16758,Geelong,Essendon,12926,Sam,Durham,Essendon,0
FeelingDusty,29/06/2024,16,16758,Geelong,Essendon,12857,Harrison,Jones,Essendon,0.000896714
FeelingDusty,29/06/2024,16,16758,Geelong,Essendon,12173,Jake,Stringer,Essendon,0.003833039
FeelingDusty,29/06/2024,16,16758,Geelong,Essendon,12445,Mason,Redman,Essendon,0.00024981
FeelingDusty,29/06/2024,16,16758,Geelong,Essendon,12695,Xavier,Duursma,Essendon,0
FeelingDusty,29/06/2024,16,16758,Geelong,Essendon,12588,Ben,McKay,Essendon,0
FeelingDusty,29/06/2024,16,16758,Geelong,Essendon,12619,Matt,Guelfi,Essendon,0.021581878
FeelingDusty,29/06/2024,16,16758,Geelong,Essendon,12950,Nic,Martin,Essendon,0.16367411
FeelingDusty,29/06/2024,16,16758,Geelong,Essendon,13020,Jye,Menzie,Essendon,0
FeelingDusty,29/06/2024,16,16758,Geelong,Essendon,11979,Zach,Tuohy,Geelong,0.743710749
FeelingDusty,29/06/2024,16,16758,Geelong,Essendon,12022,Jeremy,Cameron,Geelong,0.007031721
FeelingDusty,29/06/2024,16,16758,Geelong,Essendon,12378,Jake,Kolodjashnij,Geelong,0.004042722
FeelingDusty,29/06/2024,16,16758,Geelong,Essendon,12882,Max,Holmes,Geelong,0.555825395
FeelingDusty,29/06/2024,16,16758,Geelong,Essendon,12985,Mitch,Knevitt,Geelong,0.002539319
FeelingDusty,29/06/2024,16,16758,Geelong,Essendon,12507,Jack,Bowes,Geelong,0.666005677
FeelingDusty,29/06/2024,16,16758,Geelong,Essendon,13062,Jhye,Clark,Geelong,0.002539319
FeelingDusty,29/06/2024,16,16758,Geelong,Essendon,12892,Sam,De Koning,Geelong,0
FeelingDusty,29/06/2024,16,16758,Geelong,Essendon,13162,Lawson,Humphries,Geelong,0.00314751
FeelingDusty,29/06/2024,16,16758,Geelong,Essendon,12561,Tyson,Stengle,Geelong,0.009300371
FeelingDusty,29/06/2024,16,16758,Geelong,Essendon,11804,Mitch,Duncan,Geelong,0.206395653
FeelingDusty,29/06/2024,16,16758,Geelong,Essendon,11849,Gary,Rohan,Geelong,0.017257699
FeelingDusty,29/06/2024,16,16758,Geelong,Essendon,12976,Oliver,Dempsey,Geelong,1.916957175
FeelingDusty,29/06/2024,16,16758,Geelong,Essendon,12687,Tom,Atkins,Geelong,0.006349215
FeelingDusty,29/06/2024,16,16758,Geelong,Essendon,12690,Gryan,Miers,Geelong,0.130272952
FeelingDusty,29/06/2024,16,16758,Geelong,Essendon,12995,Shannon,Neale,Geelong,0.000372058
FeelingDusty,29/06/2024,16,16758,Geelong,Essendon,11706,Patrick,Dangerfield,Geelong,0.036612315
FeelingDusty,29/06/2024,16,16758,Geelong,Essendon,12614,Jack,Henry,Geelong,0.004613596
FeelingDusty,29/06/2024,16,16758,Geelong,Essendon,12559,Zach,Guthrie,Geelong,0.004042722
FeelingDusty,29/06/2024,16,16758,Geelong,Essendon,12540,Mark,OConnor,Geelong,0.002539319
FeelingDusty,29/06/2024,16,16758,Geelong,Essendon,12514,Tom,Stewart,Geelong,0.19965719
FeelingDusty,29/06/2024,16,16758,Geelong,Essendon,12808,Brad,Close,Geelong,0.000372058
FeelingDusty,29/06/2024,16,16758,Geelong,Essendon,12160,Mark,Blicavs,Geelong,0.023983357
FeelingDusty,30/06/2024,16,16759,St Kilda,Port Adelaide,12696,Connor,Rozee,Port Adelaide,0.26507664
FeelingDusty,30/06/2024,16,16759,St Kilda,Port Adelaide,12581,Todd,Marshall,Port Adelaide,0.002083871
FeelingDusty,30/06/2024,16,16759,St Kilda,Port Adelaide,12503,Dan,Houston,Port Adelaide,0.002083871
FeelingDusty,30/06/2024,16,16759,St Kilda,Port Adelaide,12671,Kane,Farrell,Port Adelaide,0.047464639
FeelingDusty,30/06/2024,16,16759,St Kilda,Port Adelaide,12962,Josh,Sinn,Port Adelaide,0.002083871
FeelingDusty,30/06/2024,16,16759,St Kilda,Port Adelaide,12693,Zak,Butters,Port Adelaide,0.819649366
FeelingDusty,30/06/2024,16,16759,St Kilda,Port Adelaide,11591,Travis,Boak,Port Adelaide,0.001075732
FeelingDusty,30/06/2024,16,16759,St Kilda,Port Adelaide,12557,Jeremy,Finlayson,Port Adelaide,0.003494418
FeelingDusty,30/06/2024,16,16759,St Kilda,Port Adelaide,12868,Miles,Bergman,Port Adelaide,0.006702655
FeelingDusty,30/06/2024,16,16759,St Kilda,Port Adelaide,12155,Ollie,Wines,Port Adelaide,0.002083871
FeelingDusty,30/06/2024,16,16759,St Kilda,Port Adelaide,12955,Jason,Horne-Francis,Port Adelaide,1.836011694
FeelingDusty,30/06/2024,16,16759,St Kilda,Port Adelaide,12770,Mitch,Georgiades,Port Adelaide,0.002717496
FeelingDusty,30/06/2024,16,16759,St Kilda,Port Adelaide,12442,Aliir,Aliir,Port Adelaide,0.189409335
FeelingDusty,30/06/2024,16,16759,St Kilda,Port Adelaide,12890,Jordon,Sweet,Port Adelaide,0.031078007
FeelingDusty,30/06/2024,16,16759,St Kilda,Port Adelaide,12757,Brandon,Zerk-Thatcher,Port Adelaide,0.231201094
FeelingDusty,30/06/2024,16,16759,St Kilda,Port Adelaide,12694,Willem,Drew,Port Adelaide,0.156450567
FeelingDusty,30/06/2024,16,16759,St Kilda,Port Adelaide,13056,Ollie,Lord,Port Adelaide,0.002083871
FeelingDusty,30/06/2024,16,16759,St Kilda,Port Adelaide,12429,Darcy,Byrne-Jones,Port Adelaide,0.002083871
FeelingDusty,30/06/2024,16,16759,St Kilda,Port Adelaide,12883,Lachie,Jones,Port Adelaide,0.002083871
FeelingDusty,30/06/2024,16,16759,St Kilda,Port Adelaide,13163,Will,Lorenz,Port Adelaide,0.002083871
FeelingDusty,30/06/2024,16,16759,St Kilda,Port Adelaide,12657,Quinton,Narkle,Port Adelaide,0.002083871
FeelingDusty,30/06/2024,16,16759,St Kilda,Port Adelaide,13155,Logan,Evans,Port Adelaide,0.002083871
FeelingDusty,30/06/2024,16,16759,St Kilda,Port Adelaide,12952,Jackson,Mead,Port Adelaide,0.025214338
FeelingDusty,30/06/2024,16,16759,St Kilda,Port Adelaide,12616,Jack,Higgins,St Kilda,0.000707759
FeelingDusty,30/06/2024,16,16759,St Kilda,Port Adelaide,12968,Marcus,Windhager,St Kilda,0.004776699
FeelingDusty,30/06/2024,16,16759,St Kilda,Port Adelaide,12947,Nasiah,Wanganeen-Milera,St Kilda,0.284456504
FeelingDusty,30/06/2024,16,16759,St Kilda,Port Adelaide,12066,Bradley,Hill,St Kilda,0.005861616
FeelingDusty,30/06/2024,16,16759,St Kilda,Port Adelaide,12377,Jack,Steele,St Kilda,0.147420227
FeelingDusty,30/06/2024,16,16759,St Kilda,Port Adelaide,12945,Mitch,Owens,St Kilda,0.000707759
FeelingDusty,30/06/2024,16,16759,St Kilda,Port Adelaide,12593,Hunter,Clark,St Kilda,0.004776699
FeelingDusty,30/06/2024,16,16759,St Kilda,Port Adelaide,12771,Max,King,St Kilda,0.000707759
FeelingDusty,30/06/2024,16,16759,St Kilda,Port Adelaide,12589,Paddy,Dow,St Kilda,0.000707759
FeelingDusty,30/06/2024,16,16759,St Kilda,Port Adelaide,12498,Dan,Butler,St Kilda,0
FeelingDusty,30/06/2024,16,16759,St Kilda,Port Adelaide,12572,Rowan,Marshall,St Kilda,0.647239337
FeelingDusty,30/06/2024,16,16759,St Kilda,Port Adelaide,13109,Darcy,Wilson,St Kilda,0.000707759
FeelingDusty,30/06/2024,16,16759,St Kilda,Port Adelaide,12831,Liam,Henry,St Kilda,0.001919516
FeelingDusty,30/06/2024,16,16759,St Kilda,Port Adelaide,12565,Josh,Battle,St Kilda,0.133671153
FeelingDusty,30/06/2024,16,16759,St Kilda,Port Adelaide,13153,Arie,Schoenmaker,St Kilda,0.000707759
FeelingDusty,30/06/2024,16,16759,St Kilda,Port Adelaide,12194,Jimmy,Webster,St Kilda,0.000707759
FeelingDusty,30/06/2024,16,16759,St Kilda,Port Adelaide,12321,Mason,Wood,St Kilda,0.115396397
FeelingDusty,30/06/2024,16,16759,St Kilda,Port Adelaide,12337,Jack,Sinclair,St Kilda,0.497063474
FeelingDusty,30/06/2024,16,16759,St Kilda,Port Adelaide,12492,Riley,Bonner,St Kilda,0.000707759
FeelingDusty,30/06/2024,16,16759,St Kilda,Port Adelaide,12103,Tom,Campbell,St Kilda,0
FeelingDusty,30/06/2024,16,16759,St Kilda,Port Adelaide,12930,Cooper,Sharman,St Kilda,0
FeelingDusty,30/06/2024,16,16759,St Kilda,Port Adelaide,12701,Callum,Wilkie,St Kilda,0.511748403
FeelingDusty,30/06/2024,16,16759,St Kilda,Port Adelaide,13041,Anthony,Caminiti,St Kilda,0.003623207
FeelingDusty,30/06/2024,16,16761,West Coast,Hawthorn,12585,Harry,Morrison,Hawthorn,0.002131987
FeelingDusty,30/06/2024,16,16761,West Coast,Hawthorn,12913,Jai,Newcombe,Hawthorn,1.950271376
FeelingDusty,30/06/2024,16,16761,West Coast,Hawthorn,12245,Jarman,Impey,Hawthorn,0.037311078
FeelingDusty,30/06/2024,16,16761,West Coast,Hawthorn,12626,James,Worpel,Hawthorn,1.4208718
FeelingDusty,30/06/2024,16,16761,West Coast,Hawthorn,12342,James,Sicily,Hawthorn,0.304581139
FeelingDusty,30/06/2024,16,16761,West Coast,Hawthorn,12124,Sam,Frost,Hawthorn,0.001784109
FeelingDusty,30/06/2024,16,16761,West Coast,Hawthorn,12753,Changkuoth,Jiath,Hawthorn,0.044809623
FeelingDusty,30/06/2024,16,16761,West Coast,Hawthorn,12365,Karl,Amon,Hawthorn,0.009523061
FeelingDusty,30/06/2024,16,16761,West Coast,Hawthorn,12678,Conor,Nash,Hawthorn,0.01401333
FeelingDusty,30/06/2024,16,16761,West Coast,Hawthorn,12794,Will,Day,Hawthorn,0.038267846
FeelingDusty,30/06/2024,16,16761,West Coast,Hawthorn,12710,Dylan,Moore,Hawthorn,1.319701905
FeelingDusty,30/06/2024,16,16761,West Coast,Hawthorn,12571,Jack,Scrimshaw,Hawthorn,0.001784109
FeelingDusty,30/06/2024,16,16761,West Coast,Hawthorn,12477,Blake,Hardwick,Hawthorn,0.001784109
FeelingDusty,30/06/2024,16,16761,West Coast,Hawthorn,12999,Massimo,DAmbrosio,Hawthorn,0.001753465
FeelingDusty,30/06/2024,16,16761,West Coast,Hawthorn,12854,Lloyd,Meek,Hawthorn,0.495905138
FeelingDusty,30/06/2024,16,16761,West Coast,Hawthorn,12491,Mabior,Chol,Hawthorn,0
FeelingDusty,30/06/2024,16,16761,West Coast,Hawthorn,11854,Jack,Gunston,Hawthorn,0.019095851
FeelingDusty,30/06/2024,16,16761,West Coast,Hawthorn,13059,Josh,Weddle,Hawthorn,0.002559298
FeelingDusty,30/06/2024,16,16761,West Coast,Hawthorn,13039,Cam,Mackenzie,Hawthorn,0.005968786
FeelingDusty,30/06/2024,16,16761,West Coast,Hawthorn,12953,Connor,Macdonald,Hawthorn,0.057418652
FeelingDusty,30/06/2024,16,16761,West Coast,Hawthorn,12928,Jack,Ginnivan,Hawthorn,0.04318162
FeelingDusty,30/06/2024,16,16761,West Coast,Hawthorn,13103,Nick,Watson,Hawthorn,0.001784109
FeelingDusty,30/06/2024,16,16761,West Coast,Hawthorn,13137,Calsher,Dear,Hawthorn,0.001784109
FeelingDusty,30/06/2024,16,16761,West Coast,Hawthorn,12607,Liam,Ryan,West Coast,0
FeelingDusty,30/06/2024,16,16761,West Coast,Hawthorn,12609,Jake,Waterman,West Coast,0
FeelingDusty,30/06/2024,16,16761,West Coast,Hawthorn,12433,Jayden,Hunt,West Coast,0.001480154
FeelingDusty,30/06/2024,16,16761,West Coast,Hawthorn,12093,Elliot,Yeo,West Coast,0.001822261
FeelingDusty,30/06/2024,16,16761,West Coast,Hawthorn,13032,Reuben,Ginbey,West Coast,0
FeelingDusty,30/06/2024,16,16761,West Coast,Hawthorn,13112,Harley,Reid,West Coast,0.013369026
FeelingDusty,30/06/2024,16,16761,West Coast,Hawthorn,12860,Tyler,Brockman,West Coast,0
FeelingDusty,30/06/2024,16,16761,West Coast,Hawthorn,12605,Tim,Kelly,West Coast,0
FeelingDusty,30/06/2024,16,16761,West Coast,Hawthorn,12662,Oscar,Allen,West Coast,0
FeelingDusty,30/06/2024,16,16761,West Coast,Hawthorn,12340,Liam,Duggan,West Coast,0.077298063
FeelingDusty,30/06/2024,16,16761,West Coast,Hawthorn,11942,Jamie,Cripps,West Coast,0
FeelingDusty,30/06/2024,16,16761,West Coast,Hawthorn,13033,Campbell,Chesser,West Coast,0.001822261
FeelingDusty,30/06/2024,16,16761,West Coast,Hawthorn,12958,Brady,Hough,West Coast,0
FeelingDusty,30/06/2024,16,16761,West Coast,Hawthorn,12279,Jeremy,McGovern,West Coast,0.119430304
FeelingDusty,30/06/2024,16,16761,West Coast,Hawthorn,12554,Alex,Witherden,West Coast,0
FeelingDusty,30/06/2024,16,16761,West Coast,Hawthorn,12869,Matt,Flynn,West Coast,0.001822261
FeelingDusty,30/06/2024,16,16761,West Coast,Hawthorn,11908,Jack,Darling,West Coast,0
FeelingDusty,30/06/2024,16,16761,West Coast,Hawthorn,12454,Tom,Cole,West Coast,0
FeelingDusty,30/06/2024,16,16761,West Coast,Hawthorn,12645,Jamaine,Jones,West Coast,0.006039144
FeelingDusty,30/06/2024,16,16761,West Coast,Hawthorn,12837,Bailey J.,Williams,West Coast,0
FeelingDusty,30/06/2024,16,16761,West Coast,Hawthorn,12709,Josh,Rotham,West Coast,0
FeelingDusty,30/06/2024,16,16761,West Coast,Hawthorn,12391,Tom,Barrass,West Coast,0.000630026
FeelingDusty,30/06/2024,16,16761,West Coast,Hawthorn,13071,Ryan,Maric,West Coast,0
FeelingDusty,30/06/2024,16,16760,Richmond,Carlton,13028,Lachlan,Cowan,Carlton,0.003943372
FeelingDusty,30/06/2024,16,16760,Richmond,Carlton,13029,Oliver,Hollands,Carlton,0.004129391
FeelingDusty,30/06/2024,16,16760,Richmond,Carlton,12610,Adam,Cerra,Carlton,0.010093402
FeelingDusty,30/06/2024,16,16760,Richmond,Carlton,12181,Zac,Williams,Carlton,0.001641867
FeelingDusty,30/06/2024,16,16760,Richmond,Carlton,12463,Matthew,Kennedy,Carlton,0.01237902
FeelingDusty,30/06/2024,16,16760,Richmond,Carlton,12604,Lachie,Fogarty,Carlton,0.005253064
FeelingDusty,30/06/2024,16,16760,Richmond,Carlton,12269,Patrick,Cripps,Carlton,2.68236971
FeelingDusty,30/06/2024,16,16760,Richmond,Carlton,12575,Harry,McKay,Carlton,0.007971426
FeelingDusty,30/06/2024,16,16760,Richmond,Carlton,12415,Mitch,McGovern,Carlton,0.001641867
FeelingDusty,30/06/2024,16,16760,Richmond,Carlton,12282,Blake,Acres,Carlton,0.172523839
FeelingDusty,30/06/2024,16,16760,Richmond,Carlton,12308,Orazio,Fantasia,Carlton,0.096527741
FeelingDusty,30/06/2024,16,16760,Richmond,Carlton,12938,Brodie,Kemp,Carlton,0.002613935
FeelingDusty,30/06/2024,16,16760,Richmond,Carlton,12685,Sam,Walsh,Carlton,1.4652137
FeelingDusty,30/06/2024,16,16760,Richmond,Carlton,13017,Elijah,Hollands,Carlton,0.032345865
FeelingDusty,30/06/2024,16,16760,Richmond,Carlton,12410,Jacob,Weitering,Carlton,0.005479013
FeelingDusty,30/06/2024,16,16760,Richmond,Carlton,12517,Nic,Newman,Carlton,1.322426024
FeelingDusty,30/06/2024,16,16760,Richmond,Carlton,12424,Marc,Pittonet,Carlton,0.006602468
FeelingDusty,30/06/2024,16,16760,Richmond,Carlton,12417,George,Hewett,Carlton,0.001641867
FeelingDusty,30/06/2024,16,16760,Richmond,Carlton,12428,Charlie,Curnow,Carlton,0.001641867
FeelingDusty,30/06/2024,16,16760,Richmond,Carlton,12965,Jordan,Boyd,Carlton,0.001641867
FeelingDusty,30/06/2024,16,16760,Richmond,Carlton,13057,Alex,Cincotta,Carlton,0.001641867
FeelingDusty,30/06/2024,16,16760,Richmond,Carlton,12330,Adam,Saad,Carlton,0.076845135
FeelingDusty,30/06/2024,16,16760,Richmond,Carlton,12842,Matthew,Owies,Carlton,0.001641867
FeelingDusty,30/06/2024,16,16760,Richmond,Carlton,12180,Nick,Vlastuin,Richmond,0
FeelingDusty,30/06/2024,16,16760,Richmond,Carlton,11801,Dustin,Martin,Richmond,0
FeelingDusty,30/06/2024,16,16760,Richmond,Carlton,12668,Liam,Baker,Richmond,0.001676977
FeelingDusty,30/06/2024,16,16760,Richmond,Carlton,12904,Hugo,Ralphsmith,Richmond,0.001676977
FeelingDusty,30/06/2024,16,16760,Richmond,Carlton,12512,Tim,Taranto,Richmond,0
FeelingDusty,30/06/2024,16,16760,Richmond,Carlton,12425,Jayden,Short,Richmond,0
FeelingDusty,30/06/2024,16,16760,Richmond,Carlton,12409,Daniel,Rioli,Richmond,0.012675638
FeelingDusty,30/06/2024,16,16760,Richmond,Carlton,12861,Jacob,Koschitzke,Richmond,0
FeelingDusty,30/06/2024,16,16760,Richmond,Carlton,12686,Noah,Balta,Richmond,0.000746773
FeelingDusty,30/06/2024,16,16760,Richmond,Carlton,12447,Jacob,Hopper,Richmond,0.006326274
FeelingDusty,30/06/2024,16,16760,Richmond,Carlton,12379,Toby,Nankervis,Richmond,0.024131924
FeelingDusty,30/06/2024,16,16760,Richmond,Carlton,13122,Kane,McAuliffe,Richmond,0
FeelingDusty,30/06/2024,16,16760,Richmond,Carlton,12542,Shai,Bolton,Richmond,0
FeelingDusty,30/06/2024,16,16760,Richmond,Carlton,13097,Tom,Brown,Richmond,0.000161522
FeelingDusty,30/06/2024,16,16760,Richmond,Carlton,12884,Rhyan,Mansell,Richmond,0
FeelingDusty,30/06/2024,16,16760,Richmond,Carlton,12324,Kamdyn,McIntosh,Richmond,0.001676977
FeelingDusty,30/06/2024,16,16760,Richmond,Carlton,12584,Jack,Graham,Richmond,0.000711195
FeelingDusty,30/06/2024,16,16760,Richmond,Carlton,12464,Nathan,Broad,Richmond,0.000161522
FeelingDusty,30/06/2024,16,16760,Richmond,Carlton,13015,Tyler,Sonsie,Richmond,0
FeelingDusty,30/06/2024,16,16760,Richmond,Carlton,13076,Sam,Banks,Richmond,0
FeelingDusty,30/06/2024,16,16760,Richmond,Carlton,13100,Seth,Campbell,Richmond,0
FeelingDusty,30/06/2024,16,16760,Richmond,Carlton,12940,Ben,Miller,Richmond,0.031844046
FeelingDusty,30/06/2024,16,16760,Richmond,Carlton,13164,Jacob,Blight,Richmond,0
FeelingDusty,5/07/2024,17,16762,Collingwood,Essendon,12586,Patrick,Lipinski,Collingwood,0.00012801
FeelingDusty,5/07/2024,17,16762,Collingwood,Essendon,12333,Jordan,De Goey,Collingwood,0.002596006
FeelingDusty,5/07/2024,17,16762,Collingwood,Essendon,12740,Isaac,Quaynor,Collingwood,0.00012801
FeelingDusty,5/07/2024,17,16762,Collingwood,Essendon,12380,Brayden,Maynard,Collingwood,0.000538137
FeelingDusty,5/07/2024,17,16762,Collingwood,Essendon,12582,Josh,Daicos,Collingwood,0.002596006
FeelingDusty,5/07/2024,17,16762,Collingwood,Essendon,12704,Lachie,Schultz,Collingwood,0.00012801
FeelingDusty,5/07/2024,17,16762,Collingwood,Essendon,11506,Scott,Pendlebury,Collingwood,0.137231789
FeelingDusty,5/07/2024,17,16762,Collingwood,Essendon,12666,Darcy,Cameron,Collingwood,0.002596006
FeelingDusty,5/07/2024,17,16762,Collingwood,Essendon,12931,Nathan,Kreuger,Collingwood,0.001881301
FeelingDusty,5/07/2024,17,16762,Collingwood,Essendon,12682,Billy,Frampton,Collingwood,0.00012801
FeelingDusty,5/07/2024,17,16762,Collingwood,Essendon,11759,Steele,Sidebottom,Collingwood,0.746848832
FeelingDusty,5/07/2024,17,16762,Collingwood,Essendon,12744,Bobby,Hill,Collingwood,0.00012801
FeelingDusty,5/07/2024,17,16762,Collingwood,Essendon,12067,Jack,Crisp,Collingwood,0.897638044
FeelingDusty,5/07/2024,17,16762,Collingwood,Essendon,13141,Joe,Richards,Collingwood,0.00012801
FeelingDusty,5/07/2024,17,16762,Collingwood,Essendon,12381,Darcy,Moore,Collingwood,0.001092447
FeelingDusty,5/07/2024,17,16762,Collingwood,Essendon,12029,Will,Hoskin-Elliott,Collingwood,0.00012801
FeelingDusty,5/07/2024,17,16762,Collingwood,Essendon,12948,Nick,Daicos,Collingwood,0.281279716
FeelingDusty,5/07/2024,17,16762,Collingwood,Essendon,13070,Harvey,Harrison,Collingwood,0.001881301
FeelingDusty,5/07/2024,17,16762,Collingwood,Essendon,12468,Oleg,Markov,Collingwood,0.00012801
FeelingDusty,5/07/2024,17,16762,Collingwood,Essendon,11973,Jeremy,Howe,Collingwood,0.002398414
FeelingDusty,5/07/2024,17,16762,Collingwood,Essendon,12648,Brody,Mihocek,Collingwood,0.00012801
FeelingDusty,5/07/2024,17,16762,Collingwood,Essendon,13102,Charlie,Dean,Collingwood,0.00012801
FeelingDusty,5/07/2024,17,16762,Collingwood,Essendon,13025,Ned,Long,Collingwood,0.00012801
FeelingDusty,5/07/2024,17,16762,Collingwood,Essendon,12505,Andrew,McGrath,Essendon,0.072833167
FeelingDusty,5/07/2024,17,16762,Collingwood,Essendon,12809,Sam,Draper,Essendon,0.006881665
FeelingDusty,5/07/2024,17,16762,Collingwood,Essendon,12358,Kyle,Langford,Essendon,0.003400904
FeelingDusty,5/07/2024,17,16762,Collingwood,Essendon,12752,Jye,Caldwell,Essendon,1.09828895
FeelingDusty,5/07/2024,17,16762,Collingwood,Essendon,12249,Zach,Merrett,Essendon,2.317032366
FeelingDusty,5/07/2024,17,16762,Collingwood,Essendon,12032,Dylan,Shiel,Essendon,0.102972695
FeelingDusty,5/07/2024,17,16762,Collingwood,Essendon,12422,Jade,Gresham,Essendon,0.001628978
FeelingDusty,5/07/2024,17,16762,Collingwood,Essendon,12858,Nik,Cox,Essendon,0.004096974
FeelingDusty,5/07/2024,17,16762,Collingwood,Essendon,12640,Jordan,Ridley,Essendon,0.097544408
FeelingDusty,5/07/2024,17,16762,Collingwood,Essendon,12384,Jayden,Laverde,Essendon,0.001628978
FeelingDusty,5/07/2024,17,16762,Collingwood,Essendon,12880,Archie,Perkins,Essendon,0.004096974
FeelingDusty,5/07/2024,17,16762,Collingwood,Essendon,12734,Nick,Hind,Essendon,0.001628978
FeelingDusty,5/07/2024,17,16762,Collingwood,Essendon,12371,Peter,Wright,Essendon,0.00338227
FeelingDusty,5/07/2024,17,16762,Collingwood,Essendon,12926,Sam,Durham,Essendon,0.043057152
FeelingDusty,5/07/2024,17,16762,Collingwood,Essendon,12857,Harrison,Jones,Essendon,0.001628978
FeelingDusty,5/07/2024,17,16762,Collingwood,Essendon,12173,Jake,Stringer,Essendon,0.001628978
FeelingDusty,5/07/2024,17,16762,Collingwood,Essendon,12445,Mason,Redman,Essendon,0
FeelingDusty,5/07/2024,17,16762,Collingwood,Essendon,12695,Xavier,Duursma,Essendon,0.004405657
FeelingDusty,5/07/2024,17,16762,Collingwood,Essendon,12345,Jake,Kelly,Essendon,0.001628978
FeelingDusty,5/07/2024,17,16762,Collingwood,Essendon,13149,Nate,Caddy,Essendon,0.001628978
FeelingDusty,5/07/2024,17,16762,Collingwood,Essendon,12588,Ben,McKay,Essendon,0.137625347
FeelingDusty,5/07/2024,17,16762,Collingwood,Essendon,12619,Matt,Guelfi,Essendon,0
FeelingDusty,5/07/2024,17,16762,Collingwood,Essendon,12950,Nic,Martin,Essendon,0.012992511
FeelingDusty,6/07/2024,17,16764,Port Adelaide,Western Bulldogs,12696,Connor,Rozee,Port Adelaide,2.73697299
FeelingDusty,6/07/2024,17,16764,Port Adelaide,Western Bulldogs,12581,Todd,Marshall,Port Adelaide,0.00185389
FeelingDusty,6/07/2024,17,16764,Port Adelaide,Western Bulldogs,12503,Dan,Houston,Port Adelaide,0.005352735
FeelingDusty,6/07/2024,17,16764,Port Adelaide,Western Bulldogs,12671,Kane,Farrell,Port Adelaide,0.001460564
FeelingDusty,6/07/2024,17,16764,Port Adelaide,Western Bulldogs,13011,Jase,Burgoyne,Port Adelaide,0.004662641
FeelingDusty,6/07/2024,17,16764,Port Adelaide,Western Bulldogs,12693,Zak,Butters,Port Adelaide,0.646366628
FeelingDusty,6/07/2024,17,16764,Port Adelaide,Western Bulldogs,11591,Travis,Boak,Port Adelaide,0.001157981
FeelingDusty,6/07/2024,17,16764,Port Adelaide,Western Bulldogs,12557,Jeremy,Finlayson,Port Adelaide,0.00185389
FeelingDusty,6/07/2024,17,16764,Port Adelaide,Western Bulldogs,12868,Miles,Bergman,Port Adelaide,0.002796099
FeelingDusty,6/07/2024,17,16764,Port Adelaide,Western Bulldogs,12155,Ollie,Wines,Port Adelaide,0.54046342
FeelingDusty,6/07/2024,17,16764,Port Adelaide,Western Bulldogs,12955,Jason,Horne-Francis,Port Adelaide,0.426861198
FeelingDusty,6/07/2024,17,16764,Port Adelaide,Western Bulldogs,12770,Mitch,Georgiades,Port Adelaide,0.919713189
FeelingDusty,6/07/2024,17,16764,Port Adelaide,Western Bulldogs,12442,Aliir,Aliir,Port Adelaide,0.005007814
FeelingDusty,6/07/2024,17,16764,Port Adelaide,Western Bulldogs,12890,Jordon,Sweet,Port Adelaide,0.010993674
FeelingDusty,6/07/2024,17,16764,Port Adelaide,Western Bulldogs,12757,Brandon,Zerk-Thatcher,Port Adelaide,0.096090359
FeelingDusty,6/07/2024,17,16764,Port Adelaide,Western Bulldogs,12694,Willem,Drew,Port Adelaide,0.005024126
FeelingDusty,6/07/2024,17,16764,Port Adelaide,Western Bulldogs,13056,Ollie,Lord,Port Adelaide,0.00185389
FeelingDusty,6/07/2024,17,16764,Port Adelaide,Western Bulldogs,12873,Francis,Evans,Port Adelaide,0.00185389
FeelingDusty,6/07/2024,17,16764,Port Adelaide,Western Bulldogs,12429,Darcy,Byrne-Jones,Port Adelaide,0.00185389
FeelingDusty,6/07/2024,17,16764,Port Adelaide,Western Bulldogs,12883,Lachie,Jones,Port Adelaide,0.00185389
FeelingDusty,6/07/2024,17,16764,Port Adelaide,Western Bulldogs,12657,Quinton,Narkle,Port Adelaide,0.00185389
FeelingDusty,6/07/2024,17,16764,Port Adelaide,Western Bulldogs,13155,Logan,Evans,Port Adelaide,0.00339653
FeelingDusty,6/07/2024,17,16764,Port Adelaide,Western Bulldogs,12952,Jackson,Mead,Port Adelaide,0.00185389
FeelingDusty,6/07/2024,17,16764,Port Adelaide,Western Bulldogs,12058,Adam,Treloar,Western Bulldogs,0.350558259
FeelingDusty,6/07/2024,17,16764,Port Adelaide,Western Bulldogs,12924,Jamarra,Ugle-Hagan,Western Bulldogs,0
FeelingDusty,6/07/2024,17,16764,Port Adelaide,Western Bulldogs,12277,Marcus,Bontempelli,Western Bulldogs,0.016184839
FeelingDusty,6/07/2024,17,16764,Port Adelaide,Western Bulldogs,12289,Rory,Lobb,Western Bulldogs,0.00018238
FeelingDusty,6/07/2024,17,16764,Port Adelaide,Western Bulldogs,13111,Ryley,Sanders,Western Bulldogs,0
FeelingDusty,6/07/2024,17,16764,Port Adelaide,Western Bulldogs,13023,Sam,Darcy,Western Bulldogs,0
FeelingDusty,6/07/2024,17,16764,Port Adelaide,Western Bulldogs,12172,Jack,Macrae,Western Bulldogs,0
FeelingDusty,6/07/2024,17,16764,Port Adelaide,Western Bulldogs,13110,Harvey,Gallagher,Western Bulldogs,0.003611786
FeelingDusty,6/07/2024,17,16764,Port Adelaide,Western Bulldogs,12748,Rhylee,West,Western Bulldogs,0
FeelingDusty,6/07/2024,17,16764,Port Adelaide,Western Bulldogs,12169,Taylor,Duryea,Western Bulldogs,0
FeelingDusty,6/07/2024,17,16764,Port Adelaide,Western Bulldogs,12615,Nick,Coffield,Western Bulldogs,0
FeelingDusty,6/07/2024,17,16764,Port Adelaide,Western Bulldogs,13063,James,ODonnell,Western Bulldogs,0
FeelingDusty,6/07/2024,17,16764,Port Adelaide,Western Bulldogs,12612,Ed,Richards,Western Bulldogs,0.003691645
FeelingDusty,6/07/2024,17,16764,Port Adelaide,Western Bulldogs,11904,Tom,Liberatore,Western Bulldogs,0.022920955
FeelingDusty,6/07/2024,17,16764,Port Adelaide,Western Bulldogs,12781,Laitham,Vandermeer,Western Bulldogs,0
FeelingDusty,6/07/2024,17,16764,Port Adelaide,Western Bulldogs,12901,Buku,Khamis,Western Bulldogs,0
FeelingDusty,6/07/2024,17,16764,Port Adelaide,Western Bulldogs,13140,Joel,Freijah,Western Bulldogs,0
FeelingDusty,6/07/2024,17,16764,Port Adelaide,Western Bulldogs,12917,Lachlan,Bramble,Western Bulldogs,0
FeelingDusty,6/07/2024,17,16764,Port Adelaide,Western Bulldogs,12851,Lachlan,McNeil,Western Bulldogs,0
FeelingDusty,6/07/2024,17,16764,Port Adelaide,Western Bulldogs,12362,Bailey,Dale,Western Bulldogs,0
FeelingDusty,6/07/2024,17,16764,Port Adelaide,Western Bulldogs,12602,Aaron,Naughton,Western Bulldogs,0
FeelingDusty,6/07/2024,17,16764,Port Adelaide,Western Bulldogs,12449,Bailey,Williams,Western Bulldogs,0
FeelingDusty,6/07/2024,17,16764,Port Adelaide,Western Bulldogs,12548,Tim,English,Western Bulldogs,0.181699065
FeelingDusty,6/07/2024,17,16763,North Melbourne,Gold Coast,12825,Sam,Flanders,Gold Coast,0.020877938
FeelingDusty,6/07/2024,17,16763,North Melbourne,Gold Coast,12086,Alex,Sexton,Gold Coast,0.000400022
FeelingDusty,6/07/2024,17,16763,North Melbourne,Gold Coast,12314,Nick,Holman,Gold Coast,0.003043203
FeelingDusty,6/07/2024,17,16763,North Melbourne,Gold Coast,12506,Ben,Ainsworth,Gold Coast,0.003312961
FeelingDusty,6/07/2024,17,16763,North Melbourne,Gold Coast,12631,Charlie,Ballard,Gold Coast,0.001298711
FeelingDusty,6/07/2024,17,16763,North Melbourne,Gold Coast,12329,Touk,Miller,Gold Coast,0.000400022
FeelingDusty,6/07/2024,17,16763,North Melbourne,Gold Coast,11952,Sam,Day,Gold Coast,0.031823002
FeelingDusty,6/07/2024,17,16763,North Melbourne,Gold Coast,12703,Jack,Lukosius,Gold Coast,0.000400022
FeelingDusty,6/07/2024,17,16763,North Melbourne,Gold Coast,12767,Noah,Anderson,Gold Coast,0.300547124
FeelingDusty,6/07/2024,17,16763,North Melbourne,Gold Coast,12776,Thomas,Berry,Gold Coast,0.000400022
FeelingDusty,6/07/2024,17,16763,North Melbourne,Gold Coast,12769,Matt,Rowell,Gold Coast,0.013030607
FeelingDusty,6/07/2024,17,16763,North Melbourne,Gold Coast,13050,Bailey,Humphrey,Gold Coast,0.000400022
FeelingDusty,6/07/2024,17,16763,North Melbourne,Gold Coast,12529,Ben,Long,Gold Coast,0
FeelingDusty,6/07/2024,17,16763,North Melbourne,Gold Coast,11923,David,Swallow,Gold Coast,0.001298711
FeelingDusty,6/07/2024,17,16763,North Melbourne,Gold Coast,12453,Sam,Collins,Gold Coast,0.001415654
FeelingDusty,6/07/2024,17,16763,North Melbourne,Gold Coast,13120,Will,Graham,Gold Coast,0.000130265
FeelingDusty,6/07/2024,17,16763,North Melbourne,Gold Coast,12658,Wil,Powell,Gold Coast,0.00078219
FeelingDusty,6/07/2024,17,16763,North Melbourne,Gold Coast,13019,Mac,Andrew,Gold Coast,0.00513696
FeelingDusty,6/07/2024,17,16763,North Melbourne,Gold Coast,13037,Bodhi,Uwland,Gold Coast,0.000130265
FeelingDusty,6/07/2024,17,16763,North Melbourne,Gold Coast,13119,Sam,Clohesy,Gold Coast,0.003728083
FeelingDusty,6/07/2024,17,16763,North Melbourne,Gold Coast,12728,Ben,King,Gold Coast,0.000400022
FeelingDusty,6/07/2024,17,16763,North Melbourne,Gold Coast,12932,Joel,Jeffrey,Gold Coast,9.66E-05
FeelingDusty,6/07/2024,17,16763,North Melbourne,Gold Coast,13051,Ned,Moyle,Gold Coast,0.070236515
FeelingDusty,6/07/2024,17,16763,North Melbourne,Gold Coast,13030,Harry,Sheezel,North Melbourne,2.187768416
FeelingDusty,6/07/2024,17,16763,North Melbourne,Gold Coast,12185,Aidan,Corr,North Melbourne,0.029316465
FeelingDusty,6/07/2024,17,16763,North Melbourne,Gold Coast,12722,Curtis,Taylor,North Melbourne,0.001177795
FeelingDusty,6/07/2024,17,16763,North Melbourne,Gold Coast,12705,Bailey,Scott,North Melbourne,0.016870666
FeelingDusty,6/07/2024,17,16763,North Melbourne,Gold Coast,12599,Luke,Davies-Uniacke,North Melbourne,1.516822373
FeelingDusty,6/07/2024,17,16763,North Melbourne,Gold Coast,13105,Colby,McKercher,North Melbourne,1.020226111
FeelingDusty,6/07/2024,17,16763,North Melbourne,Gold Coast,12246,Luke,McDonald,North Melbourne,0.001177795
FeelingDusty,6/07/2024,17,16763,North Melbourne,Gold Coast,12511,Jy,Simpkin,North Melbourne,0.125904145
FeelingDusty,6/07/2024,17,16763,North Melbourne,Gold Coast,12434,Darcy,Tucker,North Melbourne,0.001177795
FeelingDusty,6/07/2024,17,16763,North Melbourne,Gold Coast,11766,Liam,Shiels,North Melbourne,0.009653164
FeelingDusty,6/07/2024,17,16763,North Melbourne,Gold Coast,12798,Dylan,Stephens,North Melbourne,0.008661263
FeelingDusty,6/07/2024,17,16763,North Melbourne,Gold Coast,12569,Nick,Larkey,North Melbourne,0.005740647
FeelingDusty,6/07/2024,17,16763,North Melbourne,Gold Coast,12867,Tom,Powell,North Melbourne,0.03044035
FeelingDusty,6/07/2024,17,16763,North Melbourne,Gold Coast,12975,Paul,Curtis,North Melbourne,0.001177795
FeelingDusty,6/07/2024,17,16763,North Melbourne,Gold Coast,12878,Will,Phillips,North Melbourne,0.001177795
FeelingDusty,6/07/2024,17,16763,North Melbourne,Gold Coast,12939,Charlie,Comben,North Melbourne,0.013278532
FeelingDusty,6/07/2024,17,16763,North Melbourne,Gold Coast,13106,Toby,Pink,North Melbourne,0.001177795
FeelingDusty,6/07/2024,17,16763,North Melbourne,Gold Coast,13005,Jackson,Archer,North Melbourne,0.001177795
FeelingDusty,6/07/2024,17,16763,North Melbourne,Gold Coast,12789,Tristan,Xerri,North Melbourne,0.561075868
FeelingDusty,6/07/2024,17,16763,North Melbourne,Gold Coast,12923,Eddie,Ford,North Melbourne,0.001177795
FeelingDusty,6/07/2024,17,16763,North Melbourne,Gold Coast,13021,Kallan,Dawson,North Melbourne,0.001541354
FeelingDusty,6/07/2024,17,16763,North Melbourne,Gold Coast,13000,Brynn,Teakle,North Melbourne,0.002811561
FeelingDusty,6/07/2024,17,16763,North Melbourne,Gold Coast,12566,Cameron,Zurhaar,North Melbourne,0.001177795
FeelingDusty,6/07/2024,17,16765,Geelong,Hawthorn,11979,Zach,Tuohy,Geelong,0.003906861
FeelingDusty,6/07/2024,17,16765,Geelong,Hawthorn,12022,Jeremy,Cameron,Geelong,2.060123077
FeelingDusty,6/07/2024,17,16765,Geelong,Hawthorn,13107,Shaun,Mannagh,Geelong,0.223691921
FeelingDusty,6/07/2024,17,16765,Geelong,Hawthorn,12378,Jake,Kolodjashnij,Geelong,0.003372099
FeelingDusty,6/07/2024,17,16765,Geelong,Hawthorn,12882,Max,Holmes,Geelong,0.004592267
FeelingDusty,6/07/2024,17,16765,Geelong,Hawthorn,12507,Jack,Bowes,Geelong,0.175922721
FeelingDusty,6/07/2024,17,16765,Geelong,Hawthorn,13062,Jhye,Clark,Geelong,0.001825909
FeelingDusty,6/07/2024,17,16765,Geelong,Hawthorn,12892,Sam,De Koning,Geelong,0.75863998
FeelingDusty,6/07/2024,17,16765,Geelong,Hawthorn,13162,Lawson,Humphries,Geelong,0.002880105
FeelingDusty,6/07/2024,17,16765,Geelong,Hawthorn,12561,Tyson,Stengle,Geelong,0.001825909
FeelingDusty,6/07/2024,17,16765,Geelong,Hawthorn,11804,Mitch,Duncan,Geelong,0.301998429
FeelingDusty,6/07/2024,17,16765,Geelong,Hawthorn,11849,Gary,Rohan,Geelong,0.002873446
FeelingDusty,6/07/2024,17,16765,Geelong,Hawthorn,12976,Oliver,Dempsey,Geelong,0.17895284
FeelingDusty,6/07/2024,17,16765,Geelong,Hawthorn,12687,Tom,Atkins,Geelong,0.005038946
FeelingDusty,6/07/2024,17,16765,Geelong,Hawthorn,12690,Gryan,Miers,Geelong,0.001825909
FeelingDusty,6/07/2024,17,16765,Geelong,Hawthorn,12995,Shannon,Neale,Geelong,0.001122336
FeelingDusty,6/07/2024,17,16765,Geelong,Hawthorn,11706,Patrick,Dangerfield,Geelong,0.003906861
FeelingDusty,6/07/2024,17,16765,Geelong,Hawthorn,12850,Oliver,Henry,Geelong,0.001825909
FeelingDusty,6/07/2024,17,16765,Geelong,Hawthorn,12614,Jack,Henry,Geelong,0.002906939
FeelingDusty,6/07/2024,17,16765,Geelong,Hawthorn,12559,Zach,Guthrie,Geelong,0.003372099
FeelingDusty,6/07/2024,17,16765,Geelong,Hawthorn,12514,Tom,Stewart,Geelong,1.358440778
FeelingDusty,6/07/2024,17,16765,Geelong,Hawthorn,12808,Brad,Close,Geelong,0.542843744
FeelingDusty,6/07/2024,17,16765,Geelong,Hawthorn,12160,Mark,Blicavs,Geelong,0.048345414
FeelingDusty,6/07/2024,17,16765,Geelong,Hawthorn,12585,Harry,Morrison,Hawthorn,0
FeelingDusty,6/07/2024,17,16765,Geelong,Hawthorn,12643,Mitch,Lewis,Hawthorn,0
FeelingDusty,6/07/2024,17,16765,Geelong,Hawthorn,12913,Jai,Newcombe,Hawthorn,0
FeelingDusty,6/07/2024,17,16765,Geelong,Hawthorn,12245,Jarman,Impey,Hawthorn,0.019517673
FeelingDusty,6/07/2024,17,16765,Geelong,Hawthorn,12626,James,Worpel,Hawthorn,0.072400943
FeelingDusty,6/07/2024,17,16765,Geelong,Hawthorn,12124,Sam,Frost,Hawthorn,0
FeelingDusty,6/07/2024,17,16765,Geelong,Hawthorn,12753,Changkuoth,Jiath,Hawthorn,0
FeelingDusty,6/07/2024,17,16765,Geelong,Hawthorn,12365,Karl,Amon,Hawthorn,0
FeelingDusty,6/07/2024,17,16765,Geelong,Hawthorn,12678,Conor,Nash,Hawthorn,0
FeelingDusty,6/07/2024,17,16765,Geelong,Hawthorn,12794,Will,Day,Hawthorn,0.012467541
FeelingDusty,6/07/2024,17,16765,Geelong,Hawthorn,12710,Dylan,Moore,Hawthorn,0.183083122
FeelingDusty,6/07/2024,17,16765,Geelong,Hawthorn,12571,Jack,Scrimshaw,Hawthorn,0.002337104
FeelingDusty,6/07/2024,17,16765,Geelong,Hawthorn,12477,Blake,Hardwick,Hawthorn,0
FeelingDusty,6/07/2024,17,16765,Geelong,Hawthorn,12999,Massimo,DAmbrosio,Hawthorn,0
FeelingDusty,6/07/2024,17,16765,Geelong,Hawthorn,12854,Lloyd,Meek,Hawthorn,0.016155765
FeelingDusty,6/07/2024,17,16765,Geelong,Hawthorn,12491,Mabior,Chol,Hawthorn,0.000790915
FeelingDusty,6/07/2024,17,16765,Geelong,Hawthorn,11854,Jack,Gunston,Hawthorn,0
FeelingDusty,6/07/2024,17,16765,Geelong,Hawthorn,11960,Luke,Breust,Hawthorn,0
FeelingDusty,6/07/2024,17,16765,Geelong,Hawthorn,13059,Josh,Weddle,Hawthorn,0
FeelingDusty,6/07/2024,17,16765,Geelong,Hawthorn,13039,Cam,Mackenzie,Hawthorn,0
FeelingDusty,6/07/2024,17,16765,Geelong,Hawthorn,12953,Connor,Macdonald,Hawthorn,0
FeelingDusty,6/07/2024,17,16765,Geelong,Hawthorn,13103,Nick,Watson,Hawthorn,0.001140494
FeelingDusty,6/07/2024,17,16765,Geelong,Hawthorn,13055,Seamus,Mitchell,Hawthorn,0.001871944
FeelingDusty,6/07/2024,17,16767,Fremantle,Richmond,12764,Sam,Sturt,Fremantle,0.001448949
FeelingDusty,6/07/2024,17,16767,Fremantle,Richmond,12149,Jaeger,OMeara,Fremantle,0.003644191
FeelingDusty,6/07/2024,17,16767,Fremantle,Richmond,12786,Caleb,Serong,Fremantle,0.098833407
FeelingDusty,6/07/2024,17,16767,Fremantle,Richmond,12555,Sean,Darcy,Fremantle,0.003644191
FeelingDusty,6/07/2024,17,16767,Fremantle,Richmond,12876,Heath,Chapman,Fremantle,0.002675927
FeelingDusty,6/07/2024,17,16767,Fremantle,Richmond,12688,Jordan,Clark,Fremantle,0.026172491
FeelingDusty,6/07/2024,17,16767,Fremantle,Richmond,11844,Nat,Fyfe,Fremantle,0.000967461
FeelingDusty,6/07/2024,17,16767,Fremantle,Richmond,12596,Andrew,Brayshaw,Fremantle,2.223883593
FeelingDusty,6/07/2024,17,16767,Fremantle,Richmond,12779,Luke,Jackson,Fremantle,0.064627822
FeelingDusty,6/07/2024,17,16767,Fremantle,Richmond,11770,Michael,Walters,Fremantle,0.000905046
FeelingDusty,6/07/2024,17,16767,Fremantle,Richmond,12252,James,Aish,Fremantle,0.0023068
FeelingDusty,6/07/2024,17,16767,Fremantle,Richmond,12550,Luke,Ryan,Fremantle,0
FeelingDusty,6/07/2024,17,16767,Fremantle,Richmond,12821,Jeremy,Sharp,Fremantle,0.004502042
FeelingDusty,6/07/2024,17,16767,Fremantle,Richmond,12983,Jye,Amiss,Fremantle,0.001448949
FeelingDusty,6/07/2024,17,16767,Fremantle,Richmond,12777,Hayden,Young,Fremantle,0.402030531
FeelingDusty,6/07/2024,17,16767,Fremantle,Richmond,12803,Michael,Frederick,Fremantle,0.001448949
FeelingDusty,6/07/2024,17,16767,Fremantle,Richmond,12461,Corey,Wagner,Fremantle,0
FeelingDusty,6/07/2024,17,16767,Fremantle,Richmond,12888,Josh,Treacy,Fremantle,1.336198836
FeelingDusty,6/07/2024,17,16767,Fremantle,Richmond,12552,Brennan,Cox,Fremantle,0.0023068
FeelingDusty,6/07/2024,17,16767,Fremantle,Richmond,13113,Joshua,Draper,Fremantle,0.001448949
FeelingDusty,6/07/2024,17,16767,Fremantle,Richmond,12679,Sam,Switkowski,Fremantle,0.003905769
FeelingDusty,6/07/2024,17,16767,Fremantle,Richmond,12595,Bailey,Banfield,Fremantle,0.001448949
FeelingDusty,6/07/2024,17,16767,Fremantle,Richmond,13049,Matthew,Johnson,Fremantle,0.002735274
FeelingDusty,6/07/2024,17,16767,Fremantle,Richmond,12180,Nick,Vlastuin,Richmond,0.001866211
FeelingDusty,6/07/2024,17,16767,Fremantle,Richmond,12668,Liam,Baker,Richmond,0
FeelingDusty,6/07/2024,17,16767,Fremantle,Richmond,12904,Hugo,Ralphsmith,Richmond,0.00206526
FeelingDusty,6/07/2024,17,16767,Fremantle,Richmond,12512,Tim,Taranto,Richmond,0.012008646
FeelingDusty,6/07/2024,17,16767,Fremantle,Richmond,12425,Jayden,Short,Richmond,0
FeelingDusty,6/07/2024,17,16767,Fremantle,Richmond,12409,Daniel,Rioli,Richmond,0
FeelingDusty,6/07/2024,17,16767,Fremantle,Richmond,12861,Jacob,Koschitzke,Richmond,0
FeelingDusty,6/07/2024,17,16767,Fremantle,Richmond,12686,Noah,Balta,Richmond,0
FeelingDusty,6/07/2024,17,16767,Fremantle,Richmond,12447,Jacob,Hopper,Richmond,0.000447031
FeelingDusty,6/07/2024,17,16767,Fremantle,Richmond,12379,Toby,Nankervis,Richmond,1.630311521
FeelingDusty,6/07/2024,17,16767,Fremantle,Richmond,13122,Kane,McAuliffe,Richmond,0
FeelingDusty,6/07/2024,17,16767,Fremantle,Richmond,12542,Shai,Bolton,Richmond,0.163471449
FeelingDusty,6/07/2024,17,16767,Fremantle,Richmond,13097,Tom,Brown,Richmond,0
FeelingDusty,6/07/2024,17,16767,Fremantle,Richmond,12884,Rhyan,Mansell,Richmond,0
FeelingDusty,6/07/2024,17,16767,Fremantle,Richmond,12324,Kamdyn,McIntosh,Richmond,0.001479934
FeelingDusty,6/07/2024,17,16767,Fremantle,Richmond,12584,Jack,Graham,Richmond,0.001479934
FeelingDusty,6/07/2024,17,16767,Fremantle,Richmond,12464,Nathan,Broad,Richmond,0.000142543
FeelingDusty,6/07/2024,17,16767,Fremantle,Richmond,12994,Noah,Cumberland,Richmond,0
FeelingDusty,6/07/2024,17,16767,Fremantle,Richmond,13015,Tyler,Sonsie,Richmond,0
FeelingDusty,6/07/2024,17,16767,Fremantle,Richmond,13076,Sam,Banks,Richmond,0
FeelingDusty,6/07/2024,17,16767,Fremantle,Richmond,13100,Seth,Campbell,Richmond,0
FeelingDusty,6/07/2024,17,16767,Fremantle,Richmond,12940,Ben,Miller,Richmond,0
FeelingDusty,6/07/2024,17,16767,Fremantle,Richmond,13164,Jacob,Blight,Richmond,0.000142543
FeelingDusty,6/07/2024,17,16766,GWS,Carlton,13028,Lachlan,Cowan,Carlton,0.00088423
FeelingDusty,6/07/2024,17,16766,GWS,Carlton,13029,Oliver,Hollands,Carlton,0.002101216
FeelingDusty,6/07/2024,17,16766,GWS,Carlton,12610,Adam,Cerra,Carlton,0.002633845
FeelingDusty,6/07/2024,17,16766,GWS,Carlton,12181,Zac,Williams,Carlton,0.002451063
FeelingDusty,6/07/2024,17,16766,GWS,Carlton,12463,Matthew,Kennedy,Carlton,0.014050988
FeelingDusty,6/07/2024,17,16766,GWS,Carlton,12604,Lachie,Fogarty,Carlton,0.000103612
FeelingDusty,6/07/2024,17,16766,GWS,Carlton,12269,Patrick,Cripps,Carlton,0.567866467
FeelingDusty,6/07/2024,17,16766,GWS,Carlton,12575,Harry,McKay,Carlton,0.067548521
FeelingDusty,6/07/2024,17,16766,GWS,Carlton,12415,Mitch,McGovern,Carlton,0.000351334
FeelingDusty,6/07/2024,17,16766,GWS,Carlton,12681,Tom,De Koning,Carlton,0.080269179
FeelingDusty,6/07/2024,17,16766,GWS,Carlton,12282,Blake,Acres,Carlton,0.002101216
FeelingDusty,6/07/2024,17,16766,GWS,Carlton,12308,Orazio,Fantasia,Carlton,0.000103612
FeelingDusty,6/07/2024,17,16766,GWS,Carlton,12938,Brodie,Kemp,Carlton,0.00088423
FeelingDusty,6/07/2024,17,16766,GWS,Carlton,12685,Sam,Walsh,Carlton,0.002696116
FeelingDusty,6/07/2024,17,16766,GWS,Carlton,13017,Elijah,Hollands,Carlton,0.000103612
FeelingDusty,6/07/2024,17,16766,GWS,Carlton,12410,Jacob,Weitering,Carlton,0.00088423
FeelingDusty,6/07/2024,17,16766,GWS,Carlton,12517,Nic,Newman,Carlton,0.00088423
FeelingDusty,6/07/2024,17,16766,GWS,Carlton,12428,Charlie,Curnow,Carlton,0.000103612
FeelingDusty,6/07/2024,17,16766,GWS,Carlton,12965,Jordan,Boyd,Carlton,0.000103612
FeelingDusty,6/07/2024,17,16766,GWS,Carlton,13057,Alex,Cincotta,Carlton,0.000103612
FeelingDusty,6/07/2024,17,16766,GWS,Carlton,12330,Adam,Saad,Carlton,0.000103612
FeelingDusty,6/07/2024,17,16766,GWS,Carlton,12842,Matthew,Owies,Carlton,0.000103612
FeelingDusty,6/07/2024,17,16766,GWS,Carlton,12823,Matthew,Cottrell,Carlton,0.000103612
FeelingDusty,6/07/2024,17,16766,GWS,Carlton,13128,Darcy,Jones,GWS,0.001318501
FeelingDusty,6/07/2024,17,16766,GWS,Carlton,12023,Stephen,Coniglio,GWS,0.158569514
FeelingDusty,6/07/2024,17,16766,GWS,Carlton,12026,Toby,Greene,GWS,0.001318501
FeelingDusty,6/07/2024,17,16766,GWS,Carlton,13054,Aaron,Cadman,GWS,0.001318501
FeelingDusty,6/07/2024,17,16766,GWS,Carlton,12147,Lachie,Whitfield,GWS,0.072217852
FeelingDusty,6/07/2024,17,16766,GWS,Carlton,11683,Callan,Ward,GWS,0.778769265
FeelingDusty,6/07/2024,17,16766,GWS,Carlton,12766,Tom,Green,GWS,0.328602997
FeelingDusty,6/07/2024,17,16766,GWS,Carlton,12635,Isaac,Cumming,GWS,0.012541651
FeelingDusty,6/07/2024,17,16766,GWS,Carlton,12773,Toby,Bedford,GWS,0.001318501
FeelingDusty,6/07/2024,17,16766,GWS,Carlton,12663,Brent,Daniels,GWS,0.828587206
FeelingDusty,6/07/2024,17,16766,GWS,Carlton,12970,Finn,Callaghan,GWS,0.025063086
FeelingDusty,6/07/2024,17,16766,GWS,Carlton,12934,James,Peatling,GWS,0.001318501
FeelingDusty,6/07/2024,17,16766,GWS,Carlton,13018,Leek,Aleer,GWS,0.001318501
FeelingDusty,6/07/2024,17,16766,GWS,Carlton,12326,Jesse,Hogan,GWS,2.009044769
FeelingDusty,6/07/2024,17,16766,GWS,Carlton,12835,Jake,Riccardi,GWS,0.001318501
FeelingDusty,6/07/2024,17,16766,GWS,Carlton,12470,Harry,Himmelberg,GWS,0.002114202
FeelingDusty,6/07/2024,17,16766,GWS,Carlton,13101,Harvey,Thomas,GWS,0.001318501
FeelingDusty,6/07/2024,17,16766,GWS,Carlton,13089,Toby,McMullin,GWS,0.002792967
FeelingDusty,6/07/2024,17,16766,GWS,Carlton,12905,Kieren,Briggs,GWS,0.958213912
FeelingDusty,6/07/2024,17,16766,GWS,Carlton,12541,Harry,Perryman,GWS,0.001318501
FeelingDusty,6/07/2024,17,16766,GWS,Carlton,13165,Joe,Fonti,GWS,0.001318501
FeelingDusty,6/07/2024,17,16766,GWS,Carlton,12749,Connor,Idun,GWS,0.003827303
FeelingDusty,6/07/2024,17,16766,GWS,Carlton,12845,Jack,Buckley,GWS,0.059930898
FeelingDusty,7/07/2024,17,16768,Melbourne,West Coast,11945,Steven,May,Melbourne,0
FeelingDusty,7/07/2024,17,16768,Melbourne,West Coast,13048,Jacob,van Rooyen,Melbourne,1.192504014
FeelingDusty,7/07/2024,17,16768,Melbourne,West Coast,12280,Christian,Salem,Melbourne,0.021737069
FeelingDusty,7/07/2024,17,16768,Melbourne,West Coast,13036,Judd,McVee,Melbourne,0.096670748
FeelingDusty,7/07/2024,17,16768,Melbourne,West Coast,13099,Caleb,Windsor,Melbourne,1.440995387
FeelingDusty,7/07/2024,17,16768,Melbourne,West Coast,12152,Jack,Viney,Melbourne,0.008584391
FeelingDusty,7/07/2024,17,16768,Melbourne,West Coast,12359,Jake,Lever,Melbourne,0.002255207
FeelingDusty,7/07/2024,17,16768,Melbourne,West Coast,11972,Max,Gawn,Melbourne,0.013154068
FeelingDusty,7/07/2024,17,16768,Melbourne,West Coast,12411,Clayton,Oliver,Melbourne,0.015518429
FeelingDusty,7/07/2024,17,16768,Melbourne,West Coast,12401,Ed,Langdon,Melbourne,0.148667012
FeelingDusty,7/07/2024,17,16768,Melbourne,West Coast,12933,Jake,Bowey,Melbourne,0.001887223
FeelingDusty,7/07/2024,17,16768,Melbourne,West Coast,11828,Jake,Melksham,Melbourne,0.001178802
FeelingDusty,7/07/2024,17,16768,Melbourne,West Coast,12778,Trent,Rivers,Melbourne,2.689457734
FeelingDusty,7/07/2024,17,16768,Melbourne,West Coast,12015,Tom,McDonald,Melbourne,0.072715178
FeelingDusty,7/07/2024,17,16768,Melbourne,West Coast,12375,Alex,Neal-Bullen,Melbourne,0.058115998
FeelingDusty,7/07/2024,17,16768,Melbourne,West Coast,12603,Bayley,Fritsch,Melbourne,0.006038067
FeelingDusty,7/07/2024,17,16768,Melbourne,West Coast,12692,Tom,Sparrow,Melbourne,0.001887223
FeelingDusty,7/07/2024,17,16768,Melbourne,West Coast,12774,Kysaiah,Pickett,Melbourne,0.033748376
FeelingDusty,7/07/2024,17,16768,Melbourne,West Coast,12756,Kade,Chandler,Melbourne,0.00473611
FeelingDusty,7/07/2024,17,16768,Melbourne,West Coast,13123,Koltyn,Tholstrup,Melbourne,0.002339231
FeelingDusty,7/07/2024,17,16768,Melbourne,West Coast,13078,Taj,Woewodin,Melbourne,0.001887223
FeelingDusty,7/07/2024,17,16768,Melbourne,West Coast,12998,Daniel,Turner,Melbourne,0.002339231
FeelingDusty,7/07/2024,17,16768,Melbourne,West Coast,13160,Andy,Moniz-Wakefield,Melbourne,0.005097854
FeelingDusty,7/07/2024,17,16768,Melbourne,West Coast,12607,Liam,Ryan,West Coast,0
FeelingDusty,7/07/2024,17,16768,Melbourne,West Coast,12609,Jake,Waterman,West Coast,0
FeelingDusty,7/07/2024,17,16768,Melbourne,West Coast,12433,Jayden,Hunt,West Coast,0.00192758
FeelingDusty,7/07/2024,17,16768,Melbourne,West Coast,12093,Elliot,Yeo,West Coast,0.006453019
FeelingDusty,7/07/2024,17,16768,Melbourne,West Coast,13032,Reuben,Ginbey,West Coast,0
FeelingDusty,7/07/2024,17,16768,Melbourne,West Coast,13112,Harley,Reid,West Coast,0.007315948
FeelingDusty,7/07/2024,17,16768,Melbourne,West Coast,12860,Tyler,Brockman,West Coast,0
FeelingDusty,7/07/2024,17,16768,Melbourne,West Coast,12605,Tim,Kelly,West Coast,0.15401197
FeelingDusty,7/07/2024,17,16768,Melbourne,West Coast,12662,Oscar,Allen,West Coast,0
FeelingDusty,7/07/2024,17,16768,Melbourne,West Coast,12340,Liam,Duggan,West Coast,0
FeelingDusty,7/07/2024,17,16768,Melbourne,West Coast,11942,Jamie,Cripps,West Coast,0
FeelingDusty,7/07/2024,17,16768,Melbourne,West Coast,13033,Campbell,Chesser,West Coast,0
FeelingDusty,7/07/2024,17,16768,Melbourne,West Coast,12958,Brady,Hough,West Coast,0
FeelingDusty,7/07/2024,17,16768,Melbourne,West Coast,12279,Jeremy,McGovern,West Coast,0.002121821
FeelingDusty,7/07/2024,17,16768,Melbourne,West Coast,12554,Alex,Witherden,West Coast,0.001185457
FeelingDusty,7/07/2024,17,16768,Melbourne,West Coast,11908,Jack,Darling,West Coast,0
FeelingDusty,7/07/2024,17,16768,Melbourne,West Coast,12454,Tom,Cole,West Coast,0.000185659
FeelingDusty,7/07/2024,17,16768,Melbourne,West Coast,12645,Jamaine,Jones,West Coast,0.00192758
FeelingDusty,7/07/2024,17,16768,Melbourne,West Coast,12837,Bailey J.,Williams,West Coast,0.002689953
FeelingDusty,7/07/2024,17,16768,Melbourne,West Coast,12960,Jack,Williams,West Coast,0
FeelingDusty,7/07/2024,17,16768,Melbourne,West Coast,12709,Josh,Rotham,West Coast,0
FeelingDusty,7/07/2024,17,16768,Melbourne,West Coast,12391,Tom,Barrass,West Coast,0.000666439
FeelingDusty,7/07/2024,17,16768,Melbourne,West Coast,13152,Jack,Hutchinson,West Coast,0
FeelingDusty,7/07/2024,17,16769,St Kilda,Sydney,12616,Jack,Higgins,St Kilda,0.003350095
FeelingDusty,7/07/2024,17,16769,St Kilda,Sydney,12968,Marcus,Windhager,St Kilda,0.003588455
FeelingDusty,7/07/2024,17,16769,St Kilda,Sydney,12947,Nasiah,Wanganeen-Milera,St Kilda,0.157489108
FeelingDusty,7/07/2024,17,16769,St Kilda,Sydney,12066,Bradley,Hill,St Kilda,0.242388385
FeelingDusty,7/07/2024,17,16769,St Kilda,Sydney,12377,Jack,Steele,St Kilda,0.838354437
FeelingDusty,7/07/2024,17,16769,St Kilda,Sydney,12945,Mitch,Owens,St Kilda,0
FeelingDusty,7/07/2024,17,16769,St Kilda,Sydney,12593,Hunter,Clark,St Kilda,0.003148074
FeelingDusty,7/07/2024,17,16769,St Kilda,Sydney,12804,Ryan,Byrnes,St Kilda,0.015182269
FeelingDusty,7/07/2024,17,16769,St Kilda,Sydney,12498,Dan,Butler,St Kilda,0.001215359
FeelingDusty,7/07/2024,17,16769,St Kilda,Sydney,12572,Rowan,Marshall,St Kilda,0.124468954
FeelingDusty,7/07/2024,17,16769,St Kilda,Sydney,12426,Dougal,Howard,St Kilda,0.005045068
FeelingDusty,7/07/2024,17,16769,St Kilda,Sydney,13109,Darcy,Wilson,St Kilda,0.001215359
FeelingDusty,7/07/2024,17,16769,St Kilda,Sydney,12831,Liam,Henry,St Kilda,0.18033475
FeelingDusty,7/07/2024,17,16769,St Kilda,Sydney,13042,Mattaes,Phillipou,St Kilda,1.955329051
FeelingDusty,7/07/2024,17,16769,St Kilda,Sydney,12565,Josh,Battle,St Kilda,0.002541744
FeelingDusty,7/07/2024,17,16769,St Kilda,Sydney,13153,Arie,Schoenmaker,St Kilda,0.001215359
FeelingDusty,7/07/2024,17,16769,St Kilda,Sydney,12307,Tim,Membrey,St Kilda,0.001215359
FeelingDusty,7/07/2024,17,16769,St Kilda,Sydney,12194,Jimmy,Webster,St Kilda,0.001215359
FeelingDusty,7/07/2024,17,16769,St Kilda,Sydney,12321,Mason,Wood,St Kilda,0.003963608
FeelingDusty,7/07/2024,17,16769,St Kilda,Sydney,12677,Ben,Paton,St Kilda,0.001215359
FeelingDusty,7/07/2024,17,16769,St Kilda,Sydney,12337,Jack,Sinclair,St Kilda,0.306970126
FeelingDusty,7/07/2024,17,16769,St Kilda,Sydney,12930,Cooper,Sharman,St Kilda,0.002901232
FeelingDusty,7/07/2024,17,16769,St Kilda,Sydney,12701,Callum,Wilkie,St Kilda,0.456975271
FeelingDusty,7/07/2024,17,16769,St Kilda,Sydney,12799,Chad,Warner,Sydney,0.397755586
FeelingDusty,7/07/2024,17,16769,St Kilda,Sydney,12745,Hayden,McLean,Sydney,0.001340132
FeelingDusty,7/07/2024,17,16769,St Kilda,Sydney,12070,Taylor,Adams,Sydney,0.00079596
FeelingDusty,7/07/2024,17,16769,St Kilda,Sydney,12223,Brodie,Grundy,Sydney,0.007553201
FeelingDusty,7/07/2024,17,16769,St Kilda,Sydney,12331,Isaac,Heeney,Sydney,0.879199644
FeelingDusty,7/07/2024,17,16769,St Kilda,Sydney,12863,Logan,McDonald,Sydney,0.002098653
FeelingDusty,7/07/2024,17,16769,St Kilda,Sydney,12715,James,Rowbottom,Sydney,0.011001205
FeelingDusty,7/07/2024,17,16769,St Kilda,Sydney,12516,Will,Hayward,Sydney,0.000412781
FeelingDusty,7/07/2024,17,16769,St Kilda,Sydney,12419,Tom,Papley,Sydney,0
FeelingDusty,7/07/2024,17,16769,St Kilda,Sydney,12501,Oliver,Florent,Sydney,0.163207699
FeelingDusty,7/07/2024,17,16769,St Kilda,Sydney,12820,Sam,Wicks,Sydney,0.000412781
FeelingDusty,7/07/2024,17,16769,St Kilda,Sydney,12865,Braeden,Campbell,Sydney,0.002785876
FeelingDusty,7/07/2024,17,16769,St Kilda,Sydney,12853,James,Jordon,Sydney,0.001119504
FeelingDusty,7/07/2024,17,16769,St Kilda,Sydney,12864,Errol,Gulden,Sydney,0.181049573
FeelingDusty,7/07/2024,17,16769,St Kilda,Sydney,12699,Nick,Blakey,Sydney,0.000412781
FeelingDusty,7/07/2024,17,16769,St Kilda,Sydney,12148,Dane,Rampe,Sydney,0
FeelingDusty,7/07/2024,17,16769,St Kilda,Sydney,12711,Justin,McInerney,Sydney,0.027342672
FeelingDusty,7/07/2024,17,16769,St Kilda,Sydney,12634,Tom,McCartin,Sydney,0.012125267
FeelingDusty,7/07/2024,17,16769,St Kilda,Sydney,12993,Matt,Roberts,Sydney,0.000412781
FeelingDusty,7/07/2024,17,16769,St Kilda,Sydney,12847,Joel,Amartey,Sydney,0.000412781
FeelingDusty,7/07/2024,17,16769,St Kilda,Sydney,12515,Robbie,Fox,Sydney,0.000412781
FeelingDusty,7/07/2024,17,16769,St Kilda,Sydney,12533,Lewis,Melican,Sydney,0.000412781
FeelingDusty,7/07/2024,17,16769,St Kilda,Sydney,12275,Jake,Lloyd,Sydney,0.000412781
FeelingDusty,7/07/2024,17,16770,Brisbane,Adelaide,12441,Ben,Keays,Adelaide,0.433880238
FeelingDusty,7/07/2024,17,16770,Brisbane,Adelaide,12855,Sam,Berry,Adelaide,0.000580299
FeelingDusty,7/07/2024,17,16770,Brisbane,Adelaide,12592,Lachlan,Murphy,Adelaide,0.000141087
FeelingDusty,7/07/2024,17,16770,Brisbane,Adelaide,12957,Josh,Rachele,Adelaide,0.000141087
FeelingDusty,7/07/2024,17,16770,Brisbane,Adelaide,12519,Jordan,Dawson,Adelaide,0.002861201
FeelingDusty,7/07/2024,17,16770,Brisbane,Adelaide,11724,Taylor,Walker,Adelaide,0.011309399
FeelingDusty,7/07/2024,17,16770,Brisbane,Adelaide,12956,Jake,Soligo,Adelaide,0.007095898
FeelingDusty,7/07/2024,17,16770,Brisbane,Adelaide,12936,Brayden,Cook,Adelaide,0.000141087
FeelingDusty,7/07/2024,17,16770,Brisbane,Adelaide,13038,Max,Michalanney,Adelaide,0.000141087
FeelingDusty,7/07/2024,17,16770,Brisbane,Adelaide,13161,Zac,Taylor,Adelaide,0.000141087
FeelingDusty,7/07/2024,17,16770,Brisbane,Adelaide,12725,Mitchell,Hinge,Adelaide,0.000141087
FeelingDusty,7/07/2024,17,16770,Brisbane,Adelaide,12797,Izak,Rankine,Adelaide,0.002338723
FeelingDusty,7/07/2024,17,16770,Brisbane,Adelaide,13084,Luke,Nankervis,Adelaide,0.000141087
FeelingDusty,7/07/2024,17,16770,Brisbane,Adelaide,12875,Nick,Murray,Adelaide,0.002870402
FeelingDusty,7/07/2024,17,16770,Brisbane,Adelaide,12171,Rory,Laird,Adelaide,0.010479592
FeelingDusty,7/07/2024,17,16770,Brisbane,Adelaide,13151,Billy,Dowling,Adelaide,0.005447392
FeelingDusty,7/07/2024,17,16770,Brisbane,Adelaide,12591,Darcy,Fogarty,Adelaide,0.000141087
FeelingDusty,7/07/2024,17,16770,Brisbane,Adelaide,11898,Brodie,Smith,Adelaide,0.000141087
FeelingDusty,7/07/2024,17,16770,Brisbane,Adelaide,12683,Elliott,Himmelberg,Adelaide,0.000569741
FeelingDusty,7/07/2024,17,16770,Brisbane,Adelaide,12818,Lachlan,Sholl,Adelaide,0.003954048
FeelingDusty,7/07/2024,17,16770,Brisbane,Adelaide,12832,Jordon,Butts,Adelaide,0.000141087
FeelingDusty,7/07/2024,17,16770,Brisbane,Adelaide,12483,Reilly,OBrien,Adelaide,0
FeelingDusty,7/07/2024,17,16770,Brisbane,Adelaide,12813,Mark,Keane,Adelaide,0.079788528
FeelingDusty,7/07/2024,17,16770,Brisbane,Adelaide,12969,Kai,Lohmann,Brisbane,0.001795386
FeelingDusty,7/07/2024,17,16770,Brisbane,Adelaide,12205,Joe,Daniher,Brisbane,0.001795386
FeelingDusty,7/07/2024,17,16770,Brisbane,Adelaide,12412,Callum,Ah Chee,Brisbane,0.001795386
FeelingDusty,7/07/2024,17,16770,Brisbane,Adelaide,12421,Josh,Dunkley,Brisbane,2.2120105
FeelingDusty,7/07/2024,17,16770,Brisbane,Adelaide,12526,Hugh,McCluggage,Brisbane,0.002959253
FeelingDusty,7/07/2024,17,16770,Brisbane,Adelaide,12525,Jarrod,Berry,Brisbane,0.004954712
FeelingDusty,7/07/2024,17,16770,Brisbane,Adelaide,13034,Will,Ashcroft,Brisbane,0.001795386
FeelingDusty,7/07/2024,17,16770,Brisbane,Adelaide,12061,Lachie,Neale,Brisbane,3
FeelingDusty,7/07/2024,17,16770,Brisbane,Adelaide,13138,Logan,Morris,Brisbane,0.001795386
FeelingDusty,7/07/2024,17,16770,Brisbane,Adelaide,12082,Dayne,Zorko,Brisbane,0
FeelingDusty,7/07/2024,17,16770,Brisbane,Adelaide,12594,Cam,Rayner,Brisbane,0.008729202
FeelingDusty,7/07/2024,17,16770,Brisbane,Adelaide,12284,Charlie,Cameron,Brisbane,0.001795386
FeelingDusty,7/07/2024,17,16770,Brisbane,Adelaide,12400,Conor,McKenna,Brisbane,0.001795386
FeelingDusty,7/07/2024,17,16770,Brisbane,Adelaide,13072,Jaspa,Fletcher,Brisbane,0.0045155
FeelingDusty,7/07/2024,17,16770,Brisbane,Adelaide,12462,Eric,Hipwood,Brisbane,0.001795386
FeelingDusty,7/07/2024,17,16770,Brisbane,Adelaide,12347,Harris,Andrews,Brisbane,0.002145463
FeelingDusty,7/07/2024,17,16770,Brisbane,Adelaide,12617,Zac,Bailey,Brisbane,0.001795386
FeelingDusty,7/07/2024,17,16770,Brisbane,Adelaide,11901,Ryan,Lester,Brisbane,0.001795386
FeelingDusty,7/07/2024,17,16770,Brisbane,Adelaide,12673,Brandon,Starcevich,Brisbane,0.001795386
FeelingDusty,7/07/2024,17,16770,Brisbane,Adelaide,13139,Bruce,Reville,Brisbane,0.001795386
FeelingDusty,7/07/2024,17,16770,Brisbane,Adelaide,12815,Jack,Payne,Brisbane,0.003315729
FeelingDusty,7/07/2024,17,16770,Brisbane,Adelaide,13027,Darcy,Wilmot,Brisbane,0.087728424
FeelingDusty,7/07/2024,17,16770,Brisbane,Adelaide,12625,Oscar,McInerney,Brisbane,0.089510254
FeelingDusty,12/07/2024,18,16771,Collingwood,Geelong,12586,Patrick,Lipinski,Collingwood,0
FeelingDusty,12/07/2024,18,16771,Collingwood,Geelong,12333,Jordan,De Goey,Collingwood,0.006811603
FeelingDusty,12/07/2024,18,16771,Collingwood,Geelong,12740,Isaac,Quaynor,Collingwood,0
FeelingDusty,12/07/2024,18,16771,Collingwood,Geelong,12380,Brayden,Maynard,Collingwood,0
FeelingDusty,12/07/2024,18,16771,Collingwood,Geelong,12091,Jamie,Elliott,Collingwood,0.002973697
FeelingDusty,12/07/2024,18,16771,Collingwood,Geelong,12582,Josh,Daicos,Collingwood,0.015553263
FeelingDusty,12/07/2024,18,16771,Collingwood,Geelong,12704,Lachie,Schultz,Collingwood,0
FeelingDusty,12/07/2024,18,16771,Collingwood,Geelong,12743,John,Noble,Collingwood,0.022587538
FeelingDusty,12/07/2024,18,16771,Collingwood,Geelong,11506,Scott,Pendlebury,Collingwood,0.001506141
FeelingDusty,12/07/2024,18,16771,Collingwood,Geelong,12666,Darcy,Cameron,Collingwood,0.466552287
FeelingDusty,12/07/2024,18,16771,Collingwood,Geelong,12931,Nathan,Kreuger,Collingwood,0
FeelingDusty,12/07/2024,18,16771,Collingwood,Geelong,12682,Billy,Frampton,Collingwood,0
FeelingDusty,12/07/2024,18,16771,Collingwood,Geelong,11759,Steele,Sidebottom,Collingwood,0.059617832
FeelingDusty,12/07/2024,18,16771,Collingwood,Geelong,12744,Bobby,Hill,Collingwood,0.001009902
FeelingDusty,12/07/2024,18,16771,Collingwood,Geelong,12067,Jack,Crisp,Collingwood,0
FeelingDusty,12/07/2024,18,16771,Collingwood,Geelong,12966,Reef,McInnes,Collingwood,0
FeelingDusty,12/07/2024,18,16771,Collingwood,Geelong,13141,Joe,Richards,Collingwood,0.001358404
FeelingDusty,12/07/2024,18,16771,Collingwood,Geelong,12381,Darcy,Moore,Collingwood,0
FeelingDusty,12/07/2024,18,16771,Collingwood,Geelong,12029,Will,Hoskin-Elliott,Collingwood,0
FeelingDusty,12/07/2024,18,16771,Collingwood,Geelong,12948,Nick,Daicos,Collingwood,0.462596018
FeelingDusty,12/07/2024,18,16771,Collingwood,Geelong,13070,Harvey,Harrison,Collingwood,0
FeelingDusty,12/07/2024,18,16771,Collingwood,Geelong,12468,Oleg,Markov,Collingwood,0.000229362
FeelingDusty,12/07/2024,18,16771,Collingwood,Geelong,13025,Ned,Long,Collingwood,0
FeelingDusty,12/07/2024,18,16771,Collingwood,Geelong,11979,Zach,Tuohy,Geelong,0.004684543
FeelingDusty,12/07/2024,18,16771,Collingwood,Geelong,12022,Jeremy,Cameron,Geelong,0.010955078
FeelingDusty,12/07/2024,18,16771,Collingwood,Geelong,13107,Shaun,Mannagh,Geelong,0.002889872
FeelingDusty,12/07/2024,18,16771,Collingwood,Geelong,12378,Jake,Kolodjashnij,Geelong,0.003257202
FeelingDusty,12/07/2024,18,16771,Collingwood,Geelong,12882,Max,Holmes,Geelong,1.078193313
FeelingDusty,12/07/2024,18,16771,Collingwood,Geelong,12507,Jack,Bowes,Geelong,0.156400169
FeelingDusty,12/07/2024,18,16771,Collingwood,Geelong,13062,Jhye,Clark,Geelong,0.002331464
FeelingDusty,12/07/2024,18,16771,Collingwood,Geelong,12892,Sam,De Koning,Geelong,0.005208268
FeelingDusty,12/07/2024,18,16771,Collingwood,Geelong,13162,Lawson,Humphries,Geelong,0.005307238
FeelingDusty,12/07/2024,18,16771,Collingwood,Geelong,12561,Tyson,Stengle,Geelong,0.039910128
FeelingDusty,12/07/2024,18,16771,Collingwood,Geelong,11804,Mitch,Duncan,Geelong,0.011000287
FeelingDusty,12/07/2024,18,16771,Collingwood,Geelong,11849,Gary,Rohan,Geelong,0.001456284
FeelingDusty,12/07/2024,18,16771,Collingwood,Geelong,12976,Oliver,Dempsey,Geelong,0.013852382
FeelingDusty,12/07/2024,18,16771,Collingwood,Geelong,12687,Tom,Atkins,Geelong,0.016006417
FeelingDusty,12/07/2024,18,16771,Collingwood,Geelong,12690,Gryan,Miers,Geelong,1.733201004
FeelingDusty,12/07/2024,18,16771,Collingwood,Geelong,12995,Shannon,Neale,Geelong,0.00484085
FeelingDusty,12/07/2024,18,16771,Collingwood,Geelong,11706,Patrick,Dangerfield,Geelong,1.463483817
FeelingDusty,12/07/2024,18,16771,Collingwood,Geelong,12850,Oliver,Henry,Geelong,0.002331464
FeelingDusty,12/07/2024,18,16771,Collingwood,Geelong,12614,Jack,Henry,Geelong,0.003677544
FeelingDusty,12/07/2024,18,16771,Collingwood,Geelong,12559,Zach,Guthrie,Geelong,0.06620401
FeelingDusty,12/07/2024,18,16771,Collingwood,Geelong,12514,Tom,Stewart,Geelong,0.32576683
FeelingDusty,12/07/2024,18,16771,Collingwood,Geelong,12808,Brad,Close,Geelong,0.003257202
FeelingDusty,12/07/2024,18,16771,Collingwood,Geelong,12160,Mark,Blicavs,Geelong,0.004988586
FeelingDusty,13/07/2024,18,16772,Hawthorn,Fremantle,12764,Sam,Sturt,Fremantle,0.0001941
FeelingDusty,13/07/2024,18,16772,Hawthorn,Fremantle,12149,Jaeger,OMeara,Fremantle,0
FeelingDusty,13/07/2024,18,16772,Hawthorn,Fremantle,12786,Caleb,Serong,Fremantle,0.417438845
FeelingDusty,13/07/2024,18,16772,Hawthorn,Fremantle,12876,Heath,Chapman,Fremantle,0
FeelingDusty,13/07/2024,18,16772,Hawthorn,Fremantle,12688,Jordan,Clark,Fremantle,0.046577262
FeelingDusty,13/07/2024,18,16772,Hawthorn,Fremantle,11844,Nat,Fyfe,Fremantle,0.059377196
FeelingDusty,13/07/2024,18,16772,Hawthorn,Fremantle,12596,Andrew,Brayshaw,Fremantle,0.29753291
FeelingDusty,13/07/2024,18,16772,Hawthorn,Fremantle,12779,Luke,Jackson,Fremantle,0.447860797
FeelingDusty,13/07/2024,18,16772,Hawthorn,Fremantle,11770,Michael,Walters,Fremantle,0
FeelingDusty,13/07/2024,18,16772,Hawthorn,Fremantle,12252,James,Aish,Fremantle,0
FeelingDusty,13/07/2024,18,16772,Hawthorn,Fremantle,12550,Luke,Ryan,Fremantle,0
FeelingDusty,13/07/2024,18,16772,Hawthorn,Fremantle,12821,Jeremy,Sharp,Fremantle,0
FeelingDusty,13/07/2024,18,16772,Hawthorn,Fremantle,12983,Jye,Amiss,Fremantle,0.0001941
FeelingDusty,13/07/2024,18,16772,Hawthorn,Fremantle,12777,Hayden,Young,Fremantle,0.222102053
FeelingDusty,13/07/2024,18,16772,Hawthorn,Fremantle,12803,Michael,Frederick,Fremantle,0.0001941
FeelingDusty,13/07/2024,18,16772,Hawthorn,Fremantle,12461,Corey,Wagner,Fremantle,0.005279765
FeelingDusty,13/07/2024,18,16772,Hawthorn,Fremantle,12888,Josh,Treacy,Fremantle,0
FeelingDusty,13/07/2024,18,16772,Hawthorn,Fremantle,12552,Brennan,Cox,Fremantle,0.002285713
FeelingDusty,13/07/2024,18,16772,Hawthorn,Fremantle,13113,Joshua,Draper,Fremantle,0.001656467
FeelingDusty,13/07/2024,18,16772,Hawthorn,Fremantle,13132,Patrick,Voss,Fremantle,0.0001941
FeelingDusty,13/07/2024,18,16772,Hawthorn,Fremantle,12679,Sam,Switkowski,Fremantle,0.0001941
FeelingDusty,13/07/2024,18,16772,Hawthorn,Fremantle,12595,Bailey,Banfield,Fremantle,0.0028526
FeelingDusty,13/07/2024,18,16772,Hawthorn,Fremantle,13049,Matthew,Johnson,Fremantle,0.0039363
FeelingDusty,13/07/2024,18,16772,Hawthorn,Fremantle,12585,Harry,Morrison,Hawthorn,0.002470005
FeelingDusty,13/07/2024,18,16772,Hawthorn,Fremantle,12913,Jai,Newcombe,Hawthorn,0.052032547
FeelingDusty,13/07/2024,18,16772,Hawthorn,Fremantle,12245,Jarman,Impey,Hawthorn,0.002433706
FeelingDusty,13/07/2024,18,16772,Hawthorn,Fremantle,12626,James,Worpel,Hawthorn,0.433144554
FeelingDusty,13/07/2024,18,16772,Hawthorn,Fremantle,12342,James,Sicily,Hawthorn,0.22793522
FeelingDusty,13/07/2024,18,16772,Hawthorn,Fremantle,12124,Sam,Frost,Hawthorn,0.003932371
FeelingDusty,13/07/2024,18,16772,Hawthorn,Fremantle,12753,Changkuoth,Jiath,Hawthorn,0.002470005
FeelingDusty,13/07/2024,18,16772,Hawthorn,Fremantle,12365,Karl,Amon,Hawthorn,0.422891677
FeelingDusty,13/07/2024,18,16772,Hawthorn,Fremantle,12678,Conor,Nash,Hawthorn,1.652614979
FeelingDusty,13/07/2024,18,16772,Hawthorn,Fremantle,12794,Will,Day,Hawthorn,0.853730592
FeelingDusty,13/07/2024,18,16772,Hawthorn,Fremantle,12710,Dylan,Moore,Hawthorn,0.027030256
FeelingDusty,13/07/2024,18,16772,Hawthorn,Fremantle,12571,Jack,Scrimshaw,Hawthorn,0.003896072
FeelingDusty,13/07/2024,18,16772,Hawthorn,Fremantle,12477,Blake,Hardwick,Hawthorn,0.002433706
FeelingDusty,13/07/2024,18,16772,Hawthorn,Fremantle,12999,Massimo,DAmbrosio,Hawthorn,0.002470005
FeelingDusty,13/07/2024,18,16772,Hawthorn,Fremantle,12854,Lloyd,Meek,Hawthorn,0.769633484
FeelingDusty,13/07/2024,18,16772,Hawthorn,Fremantle,12491,Mabior,Chol,Hawthorn,0.002470005
FeelingDusty,13/07/2024,18,16772,Hawthorn,Fremantle,11960,Luke,Breust,Hawthorn,0.002839568
FeelingDusty,13/07/2024,18,16772,Hawthorn,Fremantle,13059,Josh,Weddle,Hawthorn,0.003932371
FeelingDusty,13/07/2024,18,16772,Hawthorn,Fremantle,12954,Josh,Ward,Hawthorn,0.002470005
FeelingDusty,13/07/2024,18,16772,Hawthorn,Fremantle,13039,Cam,Mackenzie,Hawthorn,0.006212204
FeelingDusty,13/07/2024,18,16772,Hawthorn,Fremantle,12953,Connor,Macdonald,Hawthorn,0.006190472
FeelingDusty,13/07/2024,18,16772,Hawthorn,Fremantle,13103,Nick,Watson,Hawthorn,0.003767283
FeelingDusty,13/07/2024,18,16772,Hawthorn,Fremantle,13137,Calsher,Dear,Hawthorn,0.005128504
FeelingDusty,13/07/2024,18,16773,Sydney,North Melbourne,13030,Harry,Sheezel,North Melbourne,0.028683558
FeelingDusty,13/07/2024,18,16773,Sydney,North Melbourne,12185,Aidan,Corr,North Melbourne,0.000162852
FeelingDusty,13/07/2024,18,16773,Sydney,North Melbourne,12722,Curtis,Taylor,North Melbourne,0
FeelingDusty,13/07/2024,18,16773,Sydney,North Melbourne,13065,George,Wardlaw,North Melbourne,0
FeelingDusty,13/07/2024,18,16773,Sydney,North Melbourne,12705,Bailey,Scott,North Melbourne,0.006012273
FeelingDusty,13/07/2024,18,16773,Sydney,North Melbourne,12599,Luke,Davies-Uniacke,North Melbourne,0.035319317
FeelingDusty,13/07/2024,18,16773,Sydney,North Melbourne,13105,Colby,McKercher,North Melbourne,0.000717053
FeelingDusty,13/07/2024,18,16773,Sydney,North Melbourne,12246,Luke,McDonald,North Melbourne,0
FeelingDusty,13/07/2024,18,16773,Sydney,North Melbourne,12511,Jy,Simpkin,North Melbourne,0.004425459
FeelingDusty,13/07/2024,18,16773,Sydney,North Melbourne,12434,Darcy,Tucker,North Melbourne,0
FeelingDusty,13/07/2024,18,16773,Sydney,North Melbourne,11766,Liam,Shiels,North Melbourne,0
FeelingDusty,13/07/2024,18,16773,Sydney,North Melbourne,12798,Dylan,Stephens,North Melbourne,0.001690791
FeelingDusty,13/07/2024,18,16773,Sydney,North Melbourne,12569,Nick,Larkey,North Melbourne,0.000752925
FeelingDusty,13/07/2024,18,16773,Sydney,North Melbourne,12867,Tom,Powell,North Melbourne,0.002095756
FeelingDusty,13/07/2024,18,16773,Sydney,North Melbourne,12975,Paul,Curtis,North Melbourne,0
FeelingDusty,13/07/2024,18,16773,Sydney,North Melbourne,12939,Charlie,Comben,North Melbourne,0
FeelingDusty,13/07/2024,18,16773,Sydney,North Melbourne,13106,Toby,Pink,North Melbourne,0
FeelingDusty,13/07/2024,18,16773,Sydney,North Melbourne,13005,Jackson,Archer,North Melbourne,0
FeelingDusty,13/07/2024,18,16773,Sydney,North Melbourne,12789,Tristan,Xerri,North Melbourne,0.032004113
FeelingDusty,13/07/2024,18,16773,Sydney,North Melbourne,12923,Eddie,Ford,North Melbourne,0.000408559
FeelingDusty,13/07/2024,18,16773,Sydney,North Melbourne,13021,Kallan,Dawson,North Melbourne,0
FeelingDusty,13/07/2024,18,16773,Sydney,North Melbourne,13000,Brynn,Teakle,North Melbourne,0
FeelingDusty,13/07/2024,18,16773,Sydney,North Melbourne,12566,Cameron,Zurhaar,North Melbourne,0.017412546
FeelingDusty,13/07/2024,18,16773,Sydney,North Melbourne,12799,Chad,Warner,Sydney,1.961307804
FeelingDusty,13/07/2024,18,16773,Sydney,North Melbourne,12745,Hayden,McLean,Sydney,0.006504368
FeelingDusty,13/07/2024,18,16773,Sydney,North Melbourne,12070,Taylor,Adams,Sydney,0.002596132
FeelingDusty,13/07/2024,18,16773,Sydney,North Melbourne,12223,Brodie,Grundy,Sydney,0.114901046
FeelingDusty,13/07/2024,18,16773,Sydney,North Melbourne,12863,Logan,McDonald,Sydney,0.33116146
FeelingDusty,13/07/2024,18,16773,Sydney,North Melbourne,12715,James,Rowbottom,Sydney,0.00686864
FeelingDusty,13/07/2024,18,16773,Sydney,North Melbourne,12516,Will,Hayward,Sydney,0.001655391
FeelingDusty,13/07/2024,18,16773,Sydney,North Melbourne,12419,Tom,Papley,Sydney,0.78157247
FeelingDusty,13/07/2024,18,16773,Sydney,North Melbourne,12501,Oliver,Florent,Sydney,0.001655391
FeelingDusty,13/07/2024,18,16773,Sydney,North Melbourne,12418,Callum,Mills,Sydney,0.004163405
FeelingDusty,13/07/2024,18,16773,Sydney,North Melbourne,12865,Braeden,Campbell,Sydney,0.001655391
FeelingDusty,13/07/2024,18,16773,Sydney,North Melbourne,12853,James,Jordon,Sydney,0.001655391
FeelingDusty,13/07/2024,18,16773,Sydney,North Melbourne,12864,Errol,Gulden,Sydney,2.58080133
FeelingDusty,13/07/2024,18,16773,Sydney,North Melbourne,12699,Nick,Blakey,Sydney,0.040711177
FeelingDusty,13/07/2024,18,16773,Sydney,North Melbourne,12148,Dane,Rampe,Sydney,0.002014069
FeelingDusty,13/07/2024,18,16773,Sydney,North Melbourne,11958,Luke,Parker,Sydney,0.001655391
FeelingDusty,13/07/2024,18,16773,Sydney,North Melbourne,12711,Justin,McInerney,Sydney,0.001655391
FeelingDusty,13/07/2024,18,16773,Sydney,North Melbourne,12634,Tom,McCartin,Sydney,0.002635466
FeelingDusty,13/07/2024,18,16773,Sydney,North Melbourne,12993,Matt,Roberts,Sydney,0.002635466
FeelingDusty,13/07/2024,18,16773,Sydney,North Melbourne,12847,Joel,Amartey,Sydney,0.001655391
FeelingDusty,13/07/2024,18,16773,Sydney,North Melbourne,12515,Robbie,Fox,Sydney,0.001655391
FeelingDusty,13/07/2024,18,16773,Sydney,North Melbourne,12533,Lewis,Melican,Sydney,0.002635466
FeelingDusty,13/07/2024,18,16773,Sydney,North Melbourne,12275,Jake,Lloyd,Sydney,0.016563368
FeelingDusty,13/07/2024,18,16774,Western Bulldogs,Carlton,13028,Lachlan,Cowan,Carlton,0.000122951
FeelingDusty,13/07/2024,18,16774,Western Bulldogs,Carlton,13029,Oliver,Hollands,Carlton,0.002493412
FeelingDusty,13/07/2024,18,16774,Western Bulldogs,Carlton,12610,Adam,Cerra,Carlton,0.022601652
FeelingDusty,13/07/2024,18,16774,Western Bulldogs,Carlton,12181,Zac,Williams,Carlton,0.000122951
FeelingDusty,13/07/2024,18,16774,Western Bulldogs,Carlton,12463,Matthew,Kennedy,Carlton,0.000122951
FeelingDusty,13/07/2024,18,16774,Western Bulldogs,Carlton,12604,Lachie,Fogarty,Carlton,0.000122951
FeelingDusty,13/07/2024,18,16774,Western Bulldogs,Carlton,12269,Patrick,Cripps,Carlton,1.895079823
FeelingDusty,13/07/2024,18,16774,Western Bulldogs,Carlton,12575,Harry,McKay,Carlton,0.000279748
FeelingDusty,13/07/2024,18,16774,Western Bulldogs,Carlton,12681,Tom,De Koning,Carlton,0.004084594
FeelingDusty,13/07/2024,18,16774,Western Bulldogs,Carlton,12282,Blake,Acres,Carlton,0.050327596
FeelingDusty,13/07/2024,18,16774,Western Bulldogs,Carlton,12938,Brodie,Kemp,Carlton,0.000428028
FeelingDusty,13/07/2024,18,16774,Western Bulldogs,Carlton,12685,Sam,Walsh,Carlton,0.022963271
FeelingDusty,13/07/2024,18,16774,Western Bulldogs,Carlton,13017,Elijah,Hollands,Carlton,0.00301896
FeelingDusty,13/07/2024,18,16774,Western Bulldogs,Carlton,12376,Caleb,Marchbank,Carlton,0.000122951
FeelingDusty,13/07/2024,18,16774,Western Bulldogs,Carlton,12410,Jacob,Weitering,Carlton,0.131419817
FeelingDusty,13/07/2024,18,16774,Western Bulldogs,Carlton,12517,Nic,Newman,Carlton,0
FeelingDusty,13/07/2024,18,16774,Western Bulldogs,Carlton,12424,Marc,Pittonet,Carlton,0.002493412
FeelingDusty,13/07/2024,18,16774,Western Bulldogs,Carlton,12428,Charlie,Curnow,Carlton,0.02317824
FeelingDusty,13/07/2024,18,16774,Western Bulldogs,Carlton,12965,Jordan,Boyd,Carlton,0.000122951
FeelingDusty,13/07/2024,18,16774,Western Bulldogs,Carlton,13057,Alex,Cincotta,Carlton,0
FeelingDusty,13/07/2024,18,16774,Western Bulldogs,Carlton,12330,Adam,Saad,Carlton,0
FeelingDusty,13/07/2024,18,16774,Western Bulldogs,Carlton,12842,Matthew,Owies,Carlton,0.000122951
FeelingDusty,13/07/2024,18,16774,Western Bulldogs,Carlton,12823,Matthew,Cottrell,Carlton,0.000122951
FeelingDusty,13/07/2024,18,16774,Western Bulldogs,Carlton,12924,Jamarra,Ugle-Hagan,Western Bulldogs,1.651254286
FeelingDusty,13/07/2024,18,16774,Western Bulldogs,Carlton,12801,Cody,Weightman,Western Bulldogs,0.004771156
FeelingDusty,13/07/2024,18,16774,Western Bulldogs,Carlton,12277,Marcus,Bontempelli,Western Bulldogs,0.16692707
FeelingDusty,13/07/2024,18,16774,Western Bulldogs,Carlton,12289,Rory,Lobb,Western Bulldogs,0.002889514
FeelingDusty,13/07/2024,18,16774,Western Bulldogs,Carlton,13111,Ryley,Sanders,Western Bulldogs,0.001564601
FeelingDusty,13/07/2024,18,16774,Western Bulldogs,Carlton,13023,Sam,Darcy,Western Bulldogs,0.021141942
FeelingDusty,13/07/2024,18,16774,Western Bulldogs,Carlton,12172,Jack,Macrae,Western Bulldogs,0.001564601
FeelingDusty,13/07/2024,18,16774,Western Bulldogs,Carlton,13110,Harvey,Gallagher,Western Bulldogs,0.006291757
FeelingDusty,13/07/2024,18,16774,Western Bulldogs,Carlton,12748,Rhylee,West,Western Bulldogs,0.43149109
FeelingDusty,13/07/2024,18,16774,Western Bulldogs,Carlton,12169,Taylor,Duryea,Western Bulldogs,0.004032975
FeelingDusty,13/07/2024,18,16774,Western Bulldogs,Carlton,12615,Nick,Coffield,Western Bulldogs,0.003921296
FeelingDusty,13/07/2024,18,16774,Western Bulldogs,Carlton,12612,Ed,Richards,Western Bulldogs,0.005572858
FeelingDusty,13/07/2024,18,16774,Western Bulldogs,Carlton,11904,Tom,Liberatore,Western Bulldogs,0.015050724
FeelingDusty,13/07/2024,18,16774,Western Bulldogs,Carlton,12781,Laitham,Vandermeer,Western Bulldogs,0.000229244
FeelingDusty,13/07/2024,18,16774,Western Bulldogs,Carlton,12901,Buku,Khamis,Western Bulldogs,0.003263067
FeelingDusty,13/07/2024,18,16774,Western Bulldogs,Carlton,12897,Caleb,Poulter,Western Bulldogs,0.001564601
FeelingDusty,13/07/2024,18,16774,Western Bulldogs,Carlton,13140,Joel,Freijah,Western Bulldogs,0.001869678
FeelingDusty,13/07/2024,18,16774,Western Bulldogs,Carlton,12917,Lachlan,Bramble,Western Bulldogs,0.001564601
FeelingDusty,13/07/2024,18,16774,Western Bulldogs,Carlton,12851,Lachlan,McNeil,Western Bulldogs,0.001564601
FeelingDusty,13/07/2024,18,16774,Western Bulldogs,Carlton,12362,Bailey,Dale,Western Bulldogs,1.4043965
FeelingDusty,13/07/2024,18,16774,Western Bulldogs,Carlton,12449,Bailey,Williams,Western Bulldogs,0.003935062
FeelingDusty,13/07/2024,18,16774,Western Bulldogs,Carlton,12908,Riley,Garcia,Western Bulldogs,0.001564601
FeelingDusty,13/07/2024,18,16774,Western Bulldogs,Carlton,12548,Tim,English,Western Bulldogs,0.104222014
FeelingDusty,13/07/2024,18,16775,Adelaide,St Kilda,12441,Ben,Keays,Adelaide,1.668151964
FeelingDusty,13/07/2024,18,16775,Adelaide,St Kilda,12855,Sam,Berry,Adelaide,0.038534358
FeelingDusty,13/07/2024,18,16775,Adelaide,St Kilda,12592,Lachlan,Murphy,Adelaide,0
FeelingDusty,13/07/2024,18,16775,Adelaide,St Kilda,12893,Riley,Thilthorpe,Adelaide,0.005381164
FeelingDusty,13/07/2024,18,16775,Adelaide,St Kilda,12957,Josh,Rachele,Adelaide,0.001866617
FeelingDusty,13/07/2024,18,16775,Adelaide,St Kilda,12519,Jordan,Dawson,Adelaide,0.737917589
FeelingDusty,13/07/2024,18,16775,Adelaide,St Kilda,11724,Taylor,Walker,Adelaide,0.001165931
FeelingDusty,13/07/2024,18,16775,Adelaide,St Kilda,12956,Jake,Soligo,Adelaide,0.220375301
FeelingDusty,13/07/2024,18,16775,Adelaide,St Kilda,12936,Brayden,Cook,Adelaide,0.002607782
FeelingDusty,13/07/2024,18,16775,Adelaide,St Kilda,13038,Max,Michalanney,Adelaide,0.001866617
FeelingDusty,13/07/2024,18,16775,Adelaide,St Kilda,13161,Zac,Taylor,Adelaide,0.044469478
FeelingDusty,13/07/2024,18,16775,Adelaide,St Kilda,13084,Luke,Nankervis,Adelaide,0.003131561
FeelingDusty,13/07/2024,18,16775,Adelaide,St Kilda,12875,Nick,Murray,Adelaide,0.003029626
FeelingDusty,13/07/2024,18,16775,Adelaide,St Kilda,12171,Rory,Laird,Adelaide,1.679249103
FeelingDusty,13/07/2024,18,16775,Adelaide,St Kilda,13151,Billy,Dowling,Adelaide,0.020201791
FeelingDusty,13/07/2024,18,16775,Adelaide,St Kilda,12591,Darcy,Fogarty,Adelaide,0.001866617
FeelingDusty,13/07/2024,18,16775,Adelaide,St Kilda,11898,Brodie,Smith,Adelaide,0.001866617
FeelingDusty,13/07/2024,18,16775,Adelaide,St Kilda,12683,Elliott,Himmelberg,Adelaide,0.001866617
FeelingDusty,13/07/2024,18,16775,Adelaide,St Kilda,12818,Lachlan,Sholl,Adelaide,0.865791106
FeelingDusty,13/07/2024,18,16775,Adelaide,St Kilda,13166,Hugh,Bond,Adelaide,0.003054855
FeelingDusty,13/07/2024,18,16775,Adelaide,St Kilda,12832,Jordon,Butts,Adelaide,0.002971748
FeelingDusty,13/07/2024,18,16775,Adelaide,St Kilda,12483,Reilly,OBrien,Adelaide,0.018363836
FeelingDusty,13/07/2024,18,16775,Adelaide,St Kilda,12813,Mark,Keane,Adelaide,0.001866617
FeelingDusty,13/07/2024,18,16775,Adelaide,St Kilda,12616,Jack,Higgins,St Kilda,0
FeelingDusty,13/07/2024,18,16775,Adelaide,St Kilda,12294,Zak,Jones,St Kilda,0.029568506
FeelingDusty,13/07/2024,18,16775,Adelaide,St Kilda,12947,Nasiah,Wanganeen-Milera,St Kilda,0.167265592
FeelingDusty,13/07/2024,18,16775,Adelaide,St Kilda,12377,Jack,Steele,St Kilda,0.01803326
FeelingDusty,13/07/2024,18,16775,Adelaide,St Kilda,12945,Mitch,Owens,St Kilda,0
FeelingDusty,13/07/2024,18,16775,Adelaide,St Kilda,12593,Hunter,Clark,St Kilda,0.047224283
FeelingDusty,13/07/2024,18,16775,Adelaide,St Kilda,12804,Ryan,Byrnes,St Kilda,0.00032275
FeelingDusty,13/07/2024,18,16775,Adelaide,St Kilda,12498,Dan,Butler,St Kilda,0
FeelingDusty,13/07/2024,18,16775,Adelaide,St Kilda,12572,Rowan,Marshall,St Kilda,0.245516542
FeelingDusty,13/07/2024,18,16775,Adelaide,St Kilda,12426,Dougal,Howard,St Kilda,0.000183632
FeelingDusty,13/07/2024,18,16775,Adelaide,St Kilda,13109,Darcy,Wilson,St Kilda,0
FeelingDusty,13/07/2024,18,16775,Adelaide,St Kilda,12831,Liam,Henry,St Kilda,0
FeelingDusty,13/07/2024,18,16775,Adelaide,St Kilda,13042,Mattaes,Phillipou,St Kilda,0.116822269
FeelingDusty,13/07/2024,18,16775,Adelaide,St Kilda,12565,Josh,Battle,St Kilda,0.014079041
FeelingDusty,13/07/2024,18,16775,Adelaide,St Kilda,13153,Arie,Schoenmaker,St Kilda,0
FeelingDusty,13/07/2024,18,16775,Adelaide,St Kilda,12307,Tim,Membrey,St Kilda,0
FeelingDusty,13/07/2024,18,16775,Adelaide,St Kilda,12194,Jimmy,Webster,St Kilda,0
FeelingDusty,13/07/2024,18,16775,Adelaide,St Kilda,12321,Mason,Wood,St Kilda,0.031746092
FeelingDusty,13/07/2024,18,16775,Adelaide,St Kilda,12677,Ben,Paton,St Kilda,0
FeelingDusty,13/07/2024,18,16775,Adelaide,St Kilda,12337,Jack,Sinclair,St Kilda,0.000742279
FeelingDusty,13/07/2024,18,16775,Adelaide,St Kilda,12492,Riley,Bonner,St Kilda,0
FeelingDusty,13/07/2024,18,16775,Adelaide,St Kilda,12930,Cooper,Sharman,St Kilda,0.002261323
FeelingDusty,13/07/2024,18,16775,Adelaide,St Kilda,12701,Callum,Wilkie,St Kilda,0.000637537
FeelingDusty,13/07/2024,18,16776,Melbourne,Essendon,12505,Andrew,McGrath,Essendon,0.000177239
FeelingDusty,13/07/2024,18,16776,Melbourne,Essendon,12809,Sam,Draper,Essendon,0.006278188
FeelingDusty,13/07/2024,18,16776,Melbourne,Essendon,12358,Kyle,Langford,Essendon,0
FeelingDusty,13/07/2024,18,16776,Melbourne,Essendon,12752,Jye,Caldwell,Essendon,0.183908766
FeelingDusty,13/07/2024,18,16776,Melbourne,Essendon,12249,Zach,Merrett,Essendon,0.048581052
FeelingDusty,13/07/2024,18,16776,Melbourne,Essendon,12032,Dylan,Shiel,Essendon,0.101306115
FeelingDusty,13/07/2024,18,16776,Melbourne,Essendon,12422,Jade,Gresham,Essendon,0.000177239
FeelingDusty,13/07/2024,18,16776,Melbourne,Essendon,12858,Nik,Cox,Essendon,0.003594363
FeelingDusty,13/07/2024,18,16776,Melbourne,Essendon,12640,Jordan,Ridley,Essendon,0.031378032
FeelingDusty,13/07/2024,18,16776,Melbourne,Essendon,12880,Archie,Perkins,Essendon,0.003594363
FeelingDusty,13/07/2024,18,16776,Melbourne,Essendon,12734,Nick,Hind,Essendon,0.000177239
FeelingDusty,13/07/2024,18,16776,Melbourne,Essendon,12371,Peter,Wright,Essendon,0.000177239
FeelingDusty,13/07/2024,18,16776,Melbourne,Essendon,11903,Dyson,Heppell,Essendon,0
FeelingDusty,13/07/2024,18,16776,Melbourne,Essendon,12926,Sam,Durham,Essendon,0.047029988
FeelingDusty,13/07/2024,18,16776,Melbourne,Essendon,12857,Harrison,Jones,Essendon,0.000177239
FeelingDusty,13/07/2024,18,16776,Melbourne,Essendon,12173,Jake,Stringer,Essendon,0.000282376
FeelingDusty,13/07/2024,18,16776,Melbourne,Essendon,12445,Mason,Redman,Essendon,0
FeelingDusty,13/07/2024,18,16776,Melbourne,Essendon,12695,Xavier,Duursma,Essendon,0.003402413
FeelingDusty,13/07/2024,18,16776,Melbourne,Essendon,12345,Jake,Kelly,Essendon,0.000177239
FeelingDusty,13/07/2024,18,16776,Melbourne,Essendon,13149,Nate,Caddy,Essendon,0.000177239
FeelingDusty,13/07/2024,18,16776,Melbourne,Essendon,12588,Ben,McKay,Essendon,0.26302456
FeelingDusty,13/07/2024,18,16776,Melbourne,Essendon,12619,Matt,Guelfi,Essendon,0
FeelingDusty,13/07/2024,18,16776,Melbourne,Essendon,12950,Nic,Martin,Essendon,1.408895031
FeelingDusty,13/07/2024,18,16776,Melbourne,Essendon,11945,Steven,May,Melbourne,0.022827426
FeelingDusty,13/07/2024,18,16776,Melbourne,Essendon,13048,Jacob,van Rooyen,Melbourne,0.003273083
FeelingDusty,13/07/2024,18,16776,Melbourne,Essendon,12280,Christian,Salem,Melbourne,0.006112347
FeelingDusty,13/07/2024,18,16776,Melbourne,Essendon,13036,Judd,McVee,Melbourne,1.121342477
FeelingDusty,13/07/2024,18,16776,Melbourne,Essendon,13099,Caleb,Windsor,Melbourne,0.015449374
FeelingDusty,13/07/2024,18,16776,Melbourne,Essendon,12152,Jack,Viney,Melbourne,0.007241964
FeelingDusty,13/07/2024,18,16776,Melbourne,Essendon,12359,Jake,Lever,Melbourne,0.004165361
FeelingDusty,13/07/2024,18,16776,Melbourne,Essendon,12411,Clayton,Oliver,Melbourne,0.044461654
FeelingDusty,13/07/2024,18,16776,Melbourne,Essendon,12401,Ed,Langdon,Melbourne,1.130047396
FeelingDusty,13/07/2024,18,16776,Melbourne,Essendon,12933,Jake,Bowey,Melbourne,0.002255441
FeelingDusty,13/07/2024,18,16776,Melbourne,Essendon,11828,Jake,Melksham,Melbourne,0.001408799
FeelingDusty,13/07/2024,18,16776,Melbourne,Essendon,12778,Trent,Rivers,Melbourne,1.184842261
FeelingDusty,13/07/2024,18,16776,Melbourne,Essendon,12015,Tom,McDonald,Melbourne,0.002695223
FeelingDusty,13/07/2024,18,16776,Melbourne,Essendon,12375,Alex,Neal-Bullen,Melbourne,0.071308912
FeelingDusty,13/07/2024,18,16776,Melbourne,Essendon,12603,Bayley,Fritsch,Melbourne,0.007216161
FeelingDusty,13/07/2024,18,16776,Melbourne,Essendon,12692,Tom,Sparrow,Melbourne,0.005672565
FeelingDusty,13/07/2024,18,16776,Melbourne,Essendon,12660,Harrison,Petty,Melbourne,0.005672565
FeelingDusty,13/07/2024,18,16776,Melbourne,Essendon,12774,Kysaiah,Pickett,Melbourne,0.248971492
FeelingDusty,13/07/2024,18,16776,Melbourne,Essendon,12756,Kade,Chandler,Melbourne,0.002255441
FeelingDusty,13/07/2024,18,16776,Melbourne,Essendon,13123,Koltyn,Tholstrup,Melbourne,0.001348106
FeelingDusty,13/07/2024,18,16776,Melbourne,Essendon,13078,Taj,Woewodin,Melbourne,0.002255441
FeelingDusty,13/07/2024,18,16776,Melbourne,Essendon,12998,Daniel,Turner,Melbourne,0.004405146
FeelingDusty,13/07/2024,18,16776,Melbourne,Essendon,13160,Andy,Moniz-Wakefield,Melbourne,0.002255441
FeelingDusty,14/07/2024,18,16777,Gold Coast,Port Adelaide,12825,Sam,Flanders,Gold Coast,1.076376406
FeelingDusty,14/07/2024,18,16777,Gold Coast,Port Adelaide,12941,Alex,Davies,Gold Coast,0.065521824
FeelingDusty,14/07/2024,18,16777,Gold Coast,Port Adelaide,12314,Nick,Holman,Gold Coast,0.004911258
FeelingDusty,14/07/2024,18,16777,Gold Coast,Port Adelaide,12506,Ben,Ainsworth,Gold Coast,0.001952742
FeelingDusty,14/07/2024,18,16777,Gold Coast,Port Adelaide,12631,Charlie,Ballard,Gold Coast,0.005274836
FeelingDusty,14/07/2024,18,16777,Gold Coast,Port Adelaide,12703,Jack,Lukosius,Gold Coast,0.005629448
FeelingDusty,14/07/2024,18,16777,Gold Coast,Port Adelaide,12767,Noah,Anderson,Gold Coast,2.670355494
FeelingDusty,14/07/2024,18,16777,Gold Coast,Port Adelaide,13114,Jed,Walter,Gold Coast,0.001952742
FeelingDusty,14/07/2024,18,16777,Gold Coast,Port Adelaide,12769,Matt,Rowell,Gold Coast,0.010704844
FeelingDusty,14/07/2024,18,16777,Gold Coast,Port Adelaide,13050,Bailey,Humphrey,Gold Coast,0.005629448
FeelingDusty,14/07/2024,18,16777,Gold Coast,Port Adelaide,12529,Ben,Long,Gold Coast,0.001952742
FeelingDusty,14/07/2024,18,16777,Gold Coast,Port Adelaide,12453,Sam,Collins,Gold Coast,0.105931298
FeelingDusty,14/07/2024,18,16777,Gold Coast,Port Adelaide,13120,Will,Graham,Gold Coast,0.001952742
FeelingDusty,14/07/2024,18,16777,Gold Coast,Port Adelaide,12658,Wil,Powell,Gold Coast,0.378062608
FeelingDusty,14/07/2024,18,16777,Gold Coast,Port Adelaide,13019,Mac,Andrew,Gold Coast,0.001952742
FeelingDusty,14/07/2024,18,16777,Gold Coast,Port Adelaide,13037,Bodhi,Uwland,Gold Coast,0.001952742
FeelingDusty,14/07/2024,18,16777,Gold Coast,Port Adelaide,13119,Sam,Clohesy,Gold Coast,0.004911258
FeelingDusty,14/07/2024,18,16777,Gold Coast,Port Adelaide,12728,Ben,King,Gold Coast,0.02296415
FeelingDusty,14/07/2024,18,16777,Gold Coast,Port Adelaide,12768,Connor,Budarick,Gold Coast,0.001952742
FeelingDusty,14/07/2024,18,16777,Gold Coast,Port Adelaide,13091,Lloyd,Johnston,Gold Coast,0.001952742
FeelingDusty,14/07/2024,18,16777,Gold Coast,Port Adelaide,12932,Joel,Jeffrey,Gold Coast,0.002796444
FeelingDusty,14/07/2024,18,16777,Gold Coast,Port Adelaide,12903,Malcolm,Rosas,Gold Coast,0.005629448
FeelingDusty,14/07/2024,18,16777,Gold Coast,Port Adelaide,13051,Ned,Moyle,Gold Coast,0.126697376
FeelingDusty,14/07/2024,18,16777,Gold Coast,Port Adelaide,12696,Connor,Rozee,Port Adelaide,0.153944109
FeelingDusty,14/07/2024,18,16777,Gold Coast,Port Adelaide,12581,Todd,Marshall,Port Adelaide,0.000153452
FeelingDusty,14/07/2024,18,16777,Gold Coast,Port Adelaide,12503,Dan,Houston,Port Adelaide,0.224823426
FeelingDusty,14/07/2024,18,16777,Gold Coast,Port Adelaide,12671,Kane,Farrell,Port Adelaide,0
FeelingDusty,14/07/2024,18,16777,Gold Coast,Port Adelaide,13011,Jase,Burgoyne,Port Adelaide,0.003111969
FeelingDusty,14/07/2024,18,16777,Gold Coast,Port Adelaide,12693,Zak,Butters,Port Adelaide,0.786286257
FeelingDusty,14/07/2024,18,16777,Gold Coast,Port Adelaide,11591,Travis,Boak,Port Adelaide,0.036132495
FeelingDusty,14/07/2024,18,16777,Gold Coast,Port Adelaide,12557,Jeremy,Finlayson,Port Adelaide,0.000153452
FeelingDusty,14/07/2024,18,16777,Gold Coast,Port Adelaide,12868,Miles,Bergman,Port Adelaide,0.002917371
FeelingDusty,14/07/2024,18,16777,Gold Coast,Port Adelaide,12155,Ollie,Wines,Port Adelaide,0.005522502
FeelingDusty,14/07/2024,18,16777,Gold Coast,Port Adelaide,12955,Jason,Horne-Francis,Port Adelaide,0.012537118
FeelingDusty,14/07/2024,18,16777,Gold Coast,Port Adelaide,12442,Aliir,Aliir,Port Adelaide,0.231321622
FeelingDusty,14/07/2024,18,16777,Gold Coast,Port Adelaide,11915,Charlie,Dixon,Port Adelaide,0
FeelingDusty,14/07/2024,18,16777,Gold Coast,Port Adelaide,12890,Jordon,Sweet,Port Adelaide,0.004733662
FeelingDusty,14/07/2024,18,16777,Gold Coast,Port Adelaide,12757,Brandon,Zerk-Thatcher,Port Adelaide,0.001807044
FeelingDusty,14/07/2024,18,16777,Gold Coast,Port Adelaide,12694,Willem,Drew,Port Adelaide,0.022773749
FeelingDusty,14/07/2024,18,16777,Gold Coast,Port Adelaide,13056,Ollie,Lord,Port Adelaide,0.000153452
FeelingDusty,14/07/2024,18,16777,Gold Coast,Port Adelaide,12873,Francis,Evans,Port Adelaide,0.001010157
FeelingDusty,14/07/2024,18,16777,Gold Coast,Port Adelaide,12429,Darcy,Byrne-Jones,Port Adelaide,0.000153452
FeelingDusty,14/07/2024,18,16777,Gold Coast,Port Adelaide,12883,Lachie,Jones,Port Adelaide,0.000153452
FeelingDusty,14/07/2024,18,16777,Gold Coast,Port Adelaide,12657,Quinton,Narkle,Port Adelaide,0.000153452
FeelingDusty,14/07/2024,18,16777,Gold Coast,Port Adelaide,13155,Logan,Evans,Port Adelaide,0.001309573
FeelingDusty,14/07/2024,18,16777,Gold Coast,Port Adelaide,12952,Jackson,Mead,Port Adelaide,0.003830158
FeelingDusty,14/07/2024,18,16779,West Coast,Brisbane,12969,Kai,Lohmann,Brisbane,0.004174372
FeelingDusty,14/07/2024,18,16779,West Coast,Brisbane,12205,Joe,Daniher,Brisbane,0.004174372
FeelingDusty,14/07/2024,18,16779,West Coast,Brisbane,12412,Callum,Ah Chee,Brisbane,0.001212783
FeelingDusty,14/07/2024,18,16779,West Coast,Brisbane,12421,Josh,Dunkley,Brisbane,0.353256522
FeelingDusty,14/07/2024,18,16779,West Coast,Brisbane,12526,Hugh,McCluggage,Brisbane,1.4287153
FeelingDusty,14/07/2024,18,16779,West Coast,Brisbane,12525,Jarrod,Berry,Brisbane,0.002033472
FeelingDusty,14/07/2024,18,16779,West Coast,Brisbane,13034,Will,Ashcroft,Brisbane,0.005056455
FeelingDusty,14/07/2024,18,16779,West Coast,Brisbane,12061,Lachie,Neale,Brisbane,3
FeelingDusty,14/07/2024,18,16779,West Coast,Brisbane,13138,Logan,Morris,Brisbane,0.002010473
FeelingDusty,14/07/2024,18,16779,West Coast,Brisbane,12082,Dayne,Zorko,Brisbane,0.036079846
FeelingDusty,14/07/2024,18,16779,West Coast,Brisbane,12594,Cam,Rayner,Brisbane,0.101298742
FeelingDusty,14/07/2024,18,16779,West Coast,Brisbane,12284,Charlie,Cameron,Brisbane,0.004174372
FeelingDusty,14/07/2024,18,16779,West Coast,Brisbane,12400,Conor,McKenna,Brisbane,0.002010473
FeelingDusty,14/07/2024,18,16779,West Coast,Brisbane,13072,Jaspa,Fletcher,Brisbane,0.003200773
FeelingDusty,14/07/2024,18,16779,West Coast,Brisbane,12462,Eric,Hipwood,Brisbane,0.004174372
FeelingDusty,14/07/2024,18,16779,West Coast,Brisbane,12347,Harris,Andrews,Brisbane,0.003200773
FeelingDusty,14/07/2024,18,16779,West Coast,Brisbane,12617,Zac,Bailey,Brisbane,0.011922217
FeelingDusty,14/07/2024,18,16779,West Coast,Brisbane,13143,Shadeau,Brain,Brisbane,0.003200773
FeelingDusty,14/07/2024,18,16779,West Coast,Brisbane,11901,Ryan,Lester,Brisbane,0.002010473
FeelingDusty,14/07/2024,18,16779,West Coast,Brisbane,13139,Bruce,Reville,Brisbane,0.002010473
FeelingDusty,14/07/2024,18,16779,West Coast,Brisbane,12661,Darragh,Joyce,Brisbane,0.002010473
FeelingDusty,14/07/2024,18,16779,West Coast,Brisbane,13027,Darcy,Wilmot,Brisbane,0.001980927
FeelingDusty,14/07/2024,18,16779,West Coast,Brisbane,12625,Oscar,McInerney,Brisbane,0.293068472
FeelingDusty,14/07/2024,18,16779,West Coast,Brisbane,12607,Liam,Ryan,West Coast,0.12025078
FeelingDusty,14/07/2024,18,16779,West Coast,Brisbane,12609,Jake,Waterman,West Coast,0.002321888
FeelingDusty,14/07/2024,18,16779,West Coast,Brisbane,12433,Jayden,Hunt,West Coast,0.003203971
FeelingDusty,14/07/2024,18,16779,West Coast,Brisbane,12093,Elliot,Yeo,West Coast,0.111649751
FeelingDusty,14/07/2024,18,16779,West Coast,Brisbane,13032,Reuben,Ginbey,West Coast,0.003203971
FeelingDusty,14/07/2024,18,16779,West Coast,Brisbane,13112,Harley,Reid,West Coast,0.003340876
FeelingDusty,14/07/2024,18,16779,West Coast,Brisbane,12860,Tyler,Brockman,West Coast,0.000157989
FeelingDusty,14/07/2024,18,16779,West Coast,Brisbane,12605,Tim,Kelly,West Coast,0.386466631
FeelingDusty,14/07/2024,18,16779,West Coast,Brisbane,12662,Oscar,Allen,West Coast,0.00620142
FeelingDusty,14/07/2024,18,16779,West Coast,Brisbane,12340,Liam,Duggan,West Coast,0.000157989
FeelingDusty,14/07/2024,18,16779,West Coast,Brisbane,11942,Jamie,Cripps,West Coast,0.000157989
FeelingDusty,14/07/2024,18,16779,West Coast,Brisbane,12912,Luke,Edwards,West Coast,0.000157989
FeelingDusty,14/07/2024,18,16779,West Coast,Brisbane,12958,Brady,Hough,West Coast,0.080180876
FeelingDusty,14/07/2024,18,16779,West Coast,Brisbane,12554,Alex,Witherden,West Coast,0.001461286
FeelingDusty,14/07/2024,18,16779,West Coast,Brisbane,13010,Zane,Trew,West Coast,0
FeelingDusty,14/07/2024,18,16779,West Coast,Brisbane,12454,Tom,Cole,West Coast,0.003186282
FeelingDusty,14/07/2024,18,16779,West Coast,Brisbane,12645,Jamaine,Jones,West Coast,0.000157989
FeelingDusty,14/07/2024,18,16779,West Coast,Brisbane,12837,Bailey J.,Williams,West Coast,0.003594868
FeelingDusty,14/07/2024,18,16779,West Coast,Brisbane,12960,Jack,Williams,West Coast,0.000157989
FeelingDusty,14/07/2024,18,16779,West Coast,Brisbane,12391,Tom,Barrass,West Coast,0.00134829
FeelingDusty,14/07/2024,18,16779,West Coast,Brisbane,13071,Ryan,Maric,West Coast,0.000157989
FeelingDusty,14/07/2024,18,16779,West Coast,Brisbane,12812,Harry,Edwards,West Coast,0.00134829
FeelingDusty,14/07/2024,18,16779,West Coast,Brisbane,13152,Jack,Hutchinson,West Coast,0.000157989
FeelingDusty,14/07/2024,18,16778,Richmond,GWS,13128,Darcy,Jones,GWS,0.002003589
FeelingDusty,14/07/2024,18,16778,Richmond,GWS,12023,Stephen,Coniglio,GWS,0.00702483
FeelingDusty,14/07/2024,18,16778,Richmond,GWS,12026,Toby,Greene,GWS,2.442194612
FeelingDusty,14/07/2024,18,16778,Richmond,GWS,13054,Aaron,Cadman,GWS,0.002003589
FeelingDusty,14/07/2024,18,16778,Richmond,GWS,12147,Lachie,Whitfield,GWS,0.793113135
FeelingDusty,14/07/2024,18,16778,Richmond,GWS,12782,Lachie,Ash,GWS,0.002222918
FeelingDusty,14/07/2024,18,16778,Richmond,GWS,11683,Callan,Ward,GWS,0.008116197
FeelingDusty,14/07/2024,18,16778,Richmond,GWS,12766,Tom,Green,GWS,0.896800584
FeelingDusty,14/07/2024,18,16778,Richmond,GWS,12635,Isaac,Cumming,GWS,0.005039143
FeelingDusty,14/07/2024,18,16778,Richmond,GWS,12773,Toby,Bedford,GWS,0.001590189
FeelingDusty,14/07/2024,18,16778,Richmond,GWS,12663,Brent,Daniels,GWS,0.002003589
FeelingDusty,14/07/2024,18,16778,Richmond,GWS,12970,Finn,Callaghan,GWS,0.002003589
FeelingDusty,14/07/2024,18,16778,Richmond,GWS,12934,James,Peatling,GWS,0.002003589
FeelingDusty,14/07/2024,18,16778,Richmond,GWS,12326,Jesse,Hogan,GWS,0.205632383
FeelingDusty,14/07/2024,18,16778,Richmond,GWS,12835,Jake,Riccardi,GWS,0.012068259
FeelingDusty,14/07/2024,18,16778,Richmond,GWS,12470,Harry,Himmelberg,GWS,0.096637156
FeelingDusty,14/07/2024,18,16778,Richmond,GWS,13101,Harvey,Thomas,GWS,0.007695918
FeelingDusty,14/07/2024,18,16778,Richmond,GWS,13089,Toby,McMullin,GWS,0.002003589
FeelingDusty,14/07/2024,18,16778,Richmond,GWS,12905,Kieren,Briggs,GWS,1.065010336
FeelingDusty,14/07/2024,18,16778,Richmond,GWS,12541,Harry,Perryman,GWS,0.002003589
FeelingDusty,14/07/2024,18,16778,Richmond,GWS,13165,Joe,Fonti,GWS,0.005021514
FeelingDusty,14/07/2024,18,16778,Richmond,GWS,12749,Connor,Idun,GWS,0.003189815
FeelingDusty,14/07/2024,18,16778,Richmond,GWS,12845,Jack,Buckley,GWS,0.002003589
FeelingDusty,14/07/2024,18,16778,Richmond,GWS,12180,Nick,Vlastuin,Richmond,0.000197107
FeelingDusty,14/07/2024,18,16778,Richmond,GWS,11921,Dion,Prestia,Richmond,0.042164396
FeelingDusty,14/07/2024,18,16778,Richmond,GWS,12668,Liam,Baker,Richmond,0
FeelingDusty,14/07/2024,18,16778,Richmond,GWS,12904,Hugo,Ralphsmith,Richmond,0.001662242
FeelingDusty,14/07/2024,18,16778,Richmond,GWS,12512,Tim,Taranto,Richmond,0.015232533
FeelingDusty,14/07/2024,18,16778,Richmond,GWS,12425,Jayden,Short,Richmond,0
FeelingDusty,14/07/2024,18,16778,Richmond,GWS,12409,Daniel,Rioli,Richmond,0
FeelingDusty,14/07/2024,18,16778,Richmond,GWS,12861,Jacob,Koschitzke,Richmond,0
FeelingDusty,14/07/2024,18,16778,Richmond,GWS,12686,Noah,Balta,Richmond,0
FeelingDusty,14/07/2024,18,16778,Richmond,GWS,12447,Jacob,Hopper,Richmond,0.015552218
FeelingDusty,14/07/2024,18,16778,Richmond,GWS,12379,Toby,Nankervis,Richmond,0.354650963
FeelingDusty,14/07/2024,18,16778,Richmond,GWS,12542,Shai,Bolton,Richmond,0
FeelingDusty,14/07/2024,18,16778,Richmond,GWS,13097,Tom,Brown,Richmond,0
FeelingDusty,14/07/2024,18,16778,Richmond,GWS,12884,Rhyan,Mansell,Richmond,0
FeelingDusty,14/07/2024,18,16778,Richmond,GWS,12918,Samson,Ryan,Richmond,0
FeelingDusty,14/07/2024,18,16778,Richmond,GWS,12324,Kamdyn,McIntosh,Richmond,0
FeelingDusty,14/07/2024,18,16778,Richmond,GWS,12584,Jack,Graham,Richmond,0
FeelingDusty,14/07/2024,18,16778,Richmond,GWS,12464,Nathan,Broad,Richmond,0.000197107
FeelingDusty,14/07/2024,18,16778,Richmond,GWS,13096,James,Trezise,Richmond,0
FeelingDusty,14/07/2024,18,16778,Richmond,GWS,13015,Tyler,Sonsie,Richmond,0
FeelingDusty,14/07/2024,18,16778,Richmond,GWS,13076,Sam,Banks,Richmond,0.002046435
FeelingDusty,14/07/2024,18,16778,Richmond,GWS,12940,Ben,Miller,Richmond,0
FeelingDusty,14/07/2024,18,16778,Richmond,GWS,13144,Steely,Green,Richmond,0.000911296
FeelingDusty,19/07/2024,19,16780,Essendon,Adelaide,12441,Ben,Keays,Adelaide,2.763976046
FeelingDusty,19/07/2024,19,16780,Essendon,Adelaide,12855,Sam,Berry,Adelaide,0.032723804
FeelingDusty,19/07/2024,19,16780,Essendon,Adelaide,12592,Lachlan,Murphy,Adelaide,0.001300433
FeelingDusty,19/07/2024,19,16780,Essendon,Adelaide,12893,Riley,Thilthorpe,Adelaide,0.001300433
FeelingDusty,19/07/2024,19,16780,Essendon,Adelaide,12957,Josh,Rachele,Adelaide,0.000553553
FeelingDusty,19/07/2024,19,16780,Essendon,Adelaide,12519,Jordan,Dawson,Adelaide,0.004309674
FeelingDusty,19/07/2024,19,16780,Essendon,Adelaide,12956,Jake,Soligo,Adelaide,0.001300433
FeelingDusty,19/07/2024,19,16780,Essendon,Adelaide,12936,Brayden,Cook,Adelaide,0.001300433
FeelingDusty,19/07/2024,19,16780,Essendon,Adelaide,13038,Max,Michalanney,Adelaide,0.032018156
FeelingDusty,19/07/2024,19,16780,Essendon,Adelaide,13161,Zac,Taylor,Adelaide,0
FeelingDusty,19/07/2024,19,16780,Essendon,Adelaide,12725,Mitchell,Hinge,Adelaide,0
FeelingDusty,19/07/2024,19,16780,Essendon,Adelaide,13084,Luke,Nankervis,Adelaide,0.002292697
FeelingDusty,19/07/2024,19,16780,Essendon,Adelaide,12875,Nick,Murray,Adelaide,0.001300433
FeelingDusty,19/07/2024,19,16780,Essendon,Adelaide,12171,Rory,Laird,Adelaide,0.322406564
FeelingDusty,19/07/2024,19,16780,Essendon,Adelaide,13151,Billy,Dowling,Adelaide,0.004938961
FeelingDusty,19/07/2024,19,16780,Essendon,Adelaide,12591,Darcy,Fogarty,Adelaide,1.08616357
FeelingDusty,19/07/2024,19,16780,Essendon,Adelaide,11898,Brodie,Smith,Adelaide,0.000671307
FeelingDusty,19/07/2024,19,16780,Essendon,Adelaide,12683,Elliott,Himmelberg,Adelaide,0.001300433
FeelingDusty,19/07/2024,19,16780,Essendon,Adelaide,12818,Lachlan,Sholl,Adelaide,0.003518267
FeelingDusty,19/07/2024,19,16780,Essendon,Adelaide,13166,Hugh,Bond,Adelaide,0.00383964
FeelingDusty,19/07/2024,19,16780,Essendon,Adelaide,12832,Jordon,Butts,Adelaide,0.001300433
FeelingDusty,19/07/2024,19,16780,Essendon,Adelaide,12483,Reilly,OBrien,Adelaide,0.049890887
FeelingDusty,19/07/2024,19,16780,Essendon,Adelaide,12813,Mark,Keane,Adelaide,0.001300433
FeelingDusty,19/07/2024,19,16780,Essendon,Adelaide,12505,Andrew,McGrath,Essendon,0.02590832
FeelingDusty,19/07/2024,19,16780,Essendon,Adelaide,12809,Sam,Draper,Essendon,0.010299643
FeelingDusty,19/07/2024,19,16780,Essendon,Adelaide,12358,Kyle,Langford,Essendon,0.183726245
FeelingDusty,19/07/2024,19,16780,Essendon,Adelaide,12752,Jye,Caldwell,Essendon,0.017052042
FeelingDusty,19/07/2024,19,16780,Essendon,Adelaide,12249,Zach,Merrett,Essendon,0.770579506
FeelingDusty,19/07/2024,19,16780,Essendon,Adelaide,12032,Dylan,Shiel,Essendon,0.000441674
FeelingDusty,19/07/2024,19,16780,Essendon,Adelaide,12422,Jade,Gresham,Essendon,0.000441674
FeelingDusty,19/07/2024,19,16780,Essendon,Adelaide,12858,Nik,Cox,Essendon,0.001364625
FeelingDusty,19/07/2024,19,16780,Essendon,Adelaide,12640,Jordan,Ridley,Essendon,0.003250703
FeelingDusty,19/07/2024,19,16780,Essendon,Adelaide,12384,Jayden,Laverde,Essendon,0.000441674
FeelingDusty,19/07/2024,19,16780,Essendon,Adelaide,12880,Archie,Perkins,Essendon,0.000441674
FeelingDusty,19/07/2024,19,16780,Essendon,Adelaide,11692,Todd,Goldstein,Essendon,0
FeelingDusty,19/07/2024,19,16780,Essendon,Adelaide,12926,Sam,Durham,Essendon,0.626672213
FeelingDusty,19/07/2024,19,16780,Essendon,Adelaide,12857,Harrison,Jones,Essendon,0.000441674
FeelingDusty,19/07/2024,19,16780,Essendon,Adelaide,12173,Jake,Stringer,Essendon,0.000441674
FeelingDusty,19/07/2024,19,16780,Essendon,Adelaide,12445,Mason,Redman,Essendon,0
FeelingDusty,19/07/2024,19,16780,Essendon,Adelaide,12695,Xavier,Duursma,Essendon,0
FeelingDusty,19/07/2024,19,16780,Essendon,Adelaide,12345,Jake,Kelly,Essendon,0.002980882
FeelingDusty,19/07/2024,19,16780,Essendon,Adelaide,13149,Nate,Caddy,Essendon,0.000441674
FeelingDusty,19/07/2024,19,16780,Essendon,Adelaide,12588,Ben,McKay,Essendon,0.025372515
FeelingDusty,19/07/2024,19,16780,Essendon,Adelaide,12619,Matt,Guelfi,Essendon,0.002980882
FeelingDusty,19/07/2024,19,16780,Essendon,Adelaide,12950,Nic,Martin,Essendon,0.006033234
FeelingDusty,19/07/2024,19,16780,Essendon,Adelaide,13020,Jye,Menzie,Essendon,0.002980882
FeelingDusty,20/07/2024,19,16781,GWS,Gold Coast,12825,Sam,Flanders,Gold Coast,1.199665612
FeelingDusty,20/07/2024,19,16781,GWS,Gold Coast,12086,Alex,Sexton,Gold Coast,0
FeelingDusty,20/07/2024,19,16781,GWS,Gold Coast,12314,Nick,Holman,Gold Coast,0
FeelingDusty,20/07/2024,19,16781,GWS,Gold Coast,12631,Charlie,Ballard,Gold Coast,0.001248573
FeelingDusty,20/07/2024,19,16781,GWS,Gold Coast,12703,Jack,Lukosius,Gold Coast,0
FeelingDusty,20/07/2024,19,16781,GWS,Gold Coast,12393,Lachie,Weller,Gold Coast,0
FeelingDusty,20/07/2024,19,16781,GWS,Gold Coast,12767,Noah,Anderson,Gold Coast,0.011584029
FeelingDusty,20/07/2024,19,16781,GWS,Gold Coast,13114,Jed,Walter,Gold Coast,0
FeelingDusty,20/07/2024,19,16781,GWS,Gold Coast,12769,Matt,Rowell,Gold Coast,0.009085415
FeelingDusty,20/07/2024,19,16781,GWS,Gold Coast,13050,Bailey,Humphrey,Gold Coast,0
FeelingDusty,20/07/2024,19,16781,GWS,Gold Coast,12529,Ben,Long,Gold Coast,0
FeelingDusty,20/07/2024,19,16781,GWS,Gold Coast,11923,David,Swallow,Gold Coast,0.027632109
FeelingDusty,20/07/2024,19,16781,GWS,Gold Coast,12453,Sam,Collins,Gold Coast,0
FeelingDusty,20/07/2024,19,16781,GWS,Gold Coast,13120,Will,Graham,Gold Coast,0
FeelingDusty,20/07/2024,19,16781,GWS,Gold Coast,12658,Wil,Powell,Gold Coast,0.002716964
FeelingDusty,20/07/2024,19,16781,GWS,Gold Coast,13019,Mac,Andrew,Gold Coast,0.000744927
FeelingDusty,20/07/2024,19,16781,GWS,Gold Coast,13037,Bodhi,Uwland,Gold Coast,0
FeelingDusty,20/07/2024,19,16781,GWS,Gold Coast,13119,Sam,Clohesy,Gold Coast,0.002154595
FeelingDusty,20/07/2024,19,16781,GWS,Gold Coast,12728,Ben,King,Gold Coast,0
FeelingDusty,20/07/2024,19,16781,GWS,Gold Coast,12768,Connor,Budarick,Gold Coast,0
FeelingDusty,20/07/2024,19,16781,GWS,Gold Coast,13091,Lloyd,Johnston,Gold Coast,0
FeelingDusty,20/07/2024,19,16781,GWS,Gold Coast,12932,Joel,Jeffrey,Gold Coast,0
FeelingDusty,20/07/2024,19,16781,GWS,Gold Coast,13051,Ned,Moyle,Gold Coast,0.174265805
FeelingDusty,20/07/2024,19,16781,GWS,Gold Coast,13128,Darcy,Jones,GWS,0.003606239
FeelingDusty,20/07/2024,19,16781,GWS,Gold Coast,12026,Toby,Greene,GWS,0.016772798
FeelingDusty,20/07/2024,19,16781,GWS,Gold Coast,13054,Aaron,Cadman,GWS,0.002109485
FeelingDusty,20/07/2024,19,16781,GWS,Gold Coast,12147,Lachie,Whitfield,GWS,2.297720936
FeelingDusty,20/07/2024,19,16781,GWS,Gold Coast,12782,Lachie,Ash,GWS,0.00163093
FeelingDusty,20/07/2024,19,16781,GWS,Gold Coast,11683,Callan,Ward,GWS,0.004513623
FeelingDusty,20/07/2024,19,16781,GWS,Gold Coast,12766,Tom,Green,GWS,0.412891518
FeelingDusty,20/07/2024,19,16781,GWS,Gold Coast,12635,Isaac,Cumming,GWS,0.005305477
FeelingDusty,20/07/2024,19,16781,GWS,Gold Coast,12773,Toby,Bedford,GWS,0.005896999
FeelingDusty,20/07/2024,19,16781,GWS,Gold Coast,12663,Brent,Daniels,GWS,0.008126803
FeelingDusty,20/07/2024,19,16781,GWS,Gold Coast,12970,Finn,Callaghan,GWS,0.013966396
FeelingDusty,20/07/2024,19,16781,GWS,Gold Coast,12934,James,Peatling,GWS,0.002716406
FeelingDusty,20/07/2024,19,16781,GWS,Gold Coast,12326,Jesse,Hogan,GWS,1.490378365
FeelingDusty,20/07/2024,19,16781,GWS,Gold Coast,12835,Jake,Riccardi,GWS,0.002613131
FeelingDusty,20/07/2024,19,16781,GWS,Gold Coast,12470,Harry,Himmelberg,GWS,0.002609588
FeelingDusty,20/07/2024,19,16781,GWS,Gold Coast,13101,Harvey,Thomas,GWS,0.002109485
FeelingDusty,20/07/2024,19,16781,GWS,Gold Coast,13089,Toby,McMullin,GWS,0.002109485
FeelingDusty,20/07/2024,19,16781,GWS,Gold Coast,12905,Kieren,Briggs,GWS,0.013461153
FeelingDusty,20/07/2024,19,16781,GWS,Gold Coast,12822,Xavier,OHalloran,GWS,0.002109485
FeelingDusty,20/07/2024,19,16781,GWS,Gold Coast,12541,Harry,Perryman,GWS,0.021601858
FeelingDusty,20/07/2024,19,16781,GWS,Gold Coast,13165,Joe,Fonti,GWS,0.002109485
FeelingDusty,20/07/2024,19,16781,GWS,Gold Coast,12749,Connor,Idun,GWS,0.083340201
FeelingDusty,20/07/2024,19,16781,GWS,Gold Coast,12845,Jack,Buckley,GWS,0.173202124
FeelingDusty,20/07/2024,19,16782,St Kilda,West Coast,12616,Jack,Higgins,St Kilda,0.000985725
FeelingDusty,20/07/2024,19,16782,St Kilda,West Coast,12294,Zak,Jones,St Kilda,0.004053311
FeelingDusty,20/07/2024,19,16782,St Kilda,West Coast,12947,Nasiah,Wanganeen-Milera,St Kilda,0.041006595
FeelingDusty,20/07/2024,19,16782,St Kilda,West Coast,12066,Bradley,Hill,St Kilda,0.004109784
FeelingDusty,20/07/2024,19,16782,St Kilda,West Coast,12377,Jack,Steele,St Kilda,1.027952281
FeelingDusty,20/07/2024,19,16782,St Kilda,West Coast,12945,Mitch,Owens,St Kilda,0.001634071
FeelingDusty,20/07/2024,19,16782,St Kilda,West Coast,12593,Hunter,Clark,St Kilda,0.001634071
FeelingDusty,20/07/2024,19,16782,St Kilda,West Coast,12804,Ryan,Byrnes,St Kilda,0.001634071
FeelingDusty,20/07/2024,19,16782,St Kilda,West Coast,12721,Liam,Stocker,St Kilda,0.001634071
FeelingDusty,20/07/2024,19,16782,St Kilda,West Coast,12498,Dan,Butler,St Kilda,0.001634071
FeelingDusty,20/07/2024,19,16782,St Kilda,West Coast,12572,Rowan,Marshall,St Kilda,0.790958693
FeelingDusty,20/07/2024,19,16782,St Kilda,West Coast,12426,Dougal,Howard,St Kilda,0.001634071
FeelingDusty,20/07/2024,19,16782,St Kilda,West Coast,13109,Darcy,Wilson,St Kilda,0.001634071
FeelingDusty,20/07/2024,19,16782,St Kilda,West Coast,12831,Liam,Henry,St Kilda,0.001634071
FeelingDusty,20/07/2024,19,16782,St Kilda,West Coast,12565,Josh,Battle,St Kilda,0.04018685
FeelingDusty,20/07/2024,19,16782,St Kilda,West Coast,12307,Tim,Membrey,St Kilda,2.615866303
FeelingDusty,20/07/2024,19,16782,St Kilda,West Coast,12194,Jimmy,Webster,St Kilda,0.001634071
FeelingDusty,20/07/2024,19,16782,St Kilda,West Coast,12321,Mason,Wood,St Kilda,0.013453369
FeelingDusty,20/07/2024,19,16782,St Kilda,West Coast,13124,Hugo,Garcia,St Kilda,0.001634071
FeelingDusty,20/07/2024,19,16782,St Kilda,West Coast,12337,Jack,Sinclair,St Kilda,1.352788392
FeelingDusty,20/07/2024,19,16782,St Kilda,West Coast,12492,Riley,Bonner,St Kilda,0.002021466
FeelingDusty,20/07/2024,19,16782,St Kilda,West Coast,12930,Cooper,Sharman,St Kilda,0.000985725
FeelingDusty,20/07/2024,19,16782,St Kilda,West Coast,12701,Callum,Wilkie,St Kilda,0.002601523
FeelingDusty,20/07/2024,19,16782,St Kilda,West Coast,12607,Liam,Ryan,West Coast,0
FeelingDusty,20/07/2024,19,16782,St Kilda,West Coast,12433,Jayden,Hunt,West Coast,0.052861355
FeelingDusty,20/07/2024,19,16782,St Kilda,West Coast,13032,Reuben,Ginbey,West Coast,0.010671838
FeelingDusty,20/07/2024,19,16782,St Kilda,West Coast,13112,Harley,Reid,West Coast,0.002636467
FeelingDusty,20/07/2024,19,16782,St Kilda,West Coast,12605,Tim,Kelly,West Coast,0.004696876
FeelingDusty,20/07/2024,19,16782,St Kilda,West Coast,12662,Oscar,Allen,West Coast,0
FeelingDusty,20/07/2024,19,16782,St Kilda,West Coast,11942,Jamie,Cripps,West Coast,0.001669015
FeelingDusty,20/07/2024,19,16782,St Kilda,West Coast,12912,Luke,Edwards,West Coast,0
FeelingDusty,20/07/2024,19,16782,St Kilda,West Coast,13033,Campbell,Chesser,West Coast,0.001669015
FeelingDusty,20/07/2024,19,16782,St Kilda,West Coast,12958,Brady,Hough,West Coast,0.007228674
FeelingDusty,20/07/2024,19,16782,St Kilda,West Coast,12630,Jack,Petruccelle,West Coast,0
FeelingDusty,20/07/2024,19,16782,St Kilda,West Coast,12554,Alex,Witherden,West Coast,0.000160755
FeelingDusty,20/07/2024,19,16782,St Kilda,West Coast,13010,Zane,Trew,West Coast,0
FeelingDusty,20/07/2024,19,16782,St Kilda,West Coast,12454,Tom,Cole,West Coast,0.000707818
FeelingDusty,20/07/2024,19,16782,St Kilda,West Coast,12645,Jamaine,Jones,West Coast,0
FeelingDusty,20/07/2024,19,16782,St Kilda,West Coast,12837,Bailey J.,Williams,West Coast,0.001669015
FeelingDusty,20/07/2024,19,16782,St Kilda,West Coast,12960,Jack,Williams,West Coast,5.85E-05
FeelingDusty,20/07/2024,19,16782,St Kilda,West Coast,12709,Josh,Rotham,West Coast,0
FeelingDusty,20/07/2024,19,16782,St Kilda,West Coast,12391,Tom,Barrass,West Coast,0.002082929
FeelingDusty,20/07/2024,19,16782,St Kilda,West Coast,13071,Ryan,Maric,West Coast,0
FeelingDusty,20/07/2024,19,16782,St Kilda,West Coast,12812,Harry,Edwards,West Coast,0.000577043
FeelingDusty,20/07/2024,19,16782,St Kilda,West Coast,13152,Jack,Hutchinson,West Coast,0
FeelingDusty,20/07/2024,19,16782,St Kilda,West Coast,13016,Jai,Culley,West Coast,0
FeelingDusty,20/07/2024,19,16783,Hawthorn,Collingwood,12586,Patrick,Lipinski,Collingwood,0
FeelingDusty,20/07/2024,19,16783,Hawthorn,Collingwood,12333,Jordan,De Goey,Collingwood,0.001844514
FeelingDusty,20/07/2024,19,16783,Hawthorn,Collingwood,12740,Isaac,Quaynor,Collingwood,0.000151351
FeelingDusty,20/07/2024,19,16783,Hawthorn,Collingwood,12380,Brayden,Maynard,Collingwood,0.003887333
FeelingDusty,20/07/2024,19,16783,Hawthorn,Collingwood,12091,Jamie,Elliott,Collingwood,0.000666415
FeelingDusty,20/07/2024,19,16783,Hawthorn,Collingwood,12582,Josh,Daicos,Collingwood,0.001571387
FeelingDusty,20/07/2024,19,16783,Hawthorn,Collingwood,12743,John,Noble,Collingwood,0
FeelingDusty,20/07/2024,19,16783,Hawthorn,Collingwood,11506,Scott,Pendlebury,Collingwood,0
FeelingDusty,20/07/2024,19,16783,Hawthorn,Collingwood,12297,Daniel,McStay,Collingwood,0
FeelingDusty,20/07/2024,19,16783,Hawthorn,Collingwood,12666,Darcy,Cameron,Collingwood,0.07372073
FeelingDusty,20/07/2024,19,16783,Hawthorn,Collingwood,12931,Nathan,Kreuger,Collingwood,0
FeelingDusty,20/07/2024,19,16783,Hawthorn,Collingwood,11759,Steele,Sidebottom,Collingwood,0.003578794
FeelingDusty,20/07/2024,19,16783,Hawthorn,Collingwood,12744,Bobby,Hill,Collingwood,0
FeelingDusty,20/07/2024,19,16783,Hawthorn,Collingwood,12067,Jack,Crisp,Collingwood,0.042372726
FeelingDusty,20/07/2024,19,16783,Hawthorn,Collingwood,12966,Reef,McInnes,Collingwood,0
FeelingDusty,20/07/2024,19,16783,Hawthorn,Collingwood,13141,Joe,Richards,Collingwood,0
FeelingDusty,20/07/2024,19,16783,Hawthorn,Collingwood,12381,Darcy,Moore,Collingwood,0.000151351
FeelingDusty,20/07/2024,19,16783,Hawthorn,Collingwood,12029,Will,Hoskin-Elliott,Collingwood,0
FeelingDusty,20/07/2024,19,16783,Hawthorn,Collingwood,13134,Lachlan,Sullivan,Collingwood,0
FeelingDusty,20/07/2024,19,16783,Hawthorn,Collingwood,12948,Nick,Daicos,Collingwood,0.0027274
FeelingDusty,20/07/2024,19,16783,Hawthorn,Collingwood,12468,Oleg,Markov,Collingwood,0
FeelingDusty,20/07/2024,19,16783,Hawthorn,Collingwood,11973,Jeremy,Howe,Collingwood,0
FeelingDusty,20/07/2024,19,16783,Hawthorn,Collingwood,13025,Ned,Long,Collingwood,0.001571387
FeelingDusty,20/07/2024,19,16783,Hawthorn,Collingwood,12913,Jai,Newcombe,Hawthorn,0.07186398
FeelingDusty,20/07/2024,19,16783,Hawthorn,Collingwood,12245,Jarman,Impey,Hawthorn,0.037836152
FeelingDusty,20/07/2024,19,16783,Hawthorn,Collingwood,12626,James,Worpel,Hawthorn,0.176624556
FeelingDusty,20/07/2024,19,16783,Hawthorn,Collingwood,12342,James,Sicily,Hawthorn,0.359272748
FeelingDusty,20/07/2024,19,16783,Hawthorn,Collingwood,12124,Sam,Frost,Hawthorn,0.001538488
FeelingDusty,20/07/2024,19,16783,Hawthorn,Collingwood,12753,Changkuoth,Jiath,Hawthorn,0.003869385
FeelingDusty,20/07/2024,19,16783,Hawthorn,Collingwood,12365,Karl,Amon,Hawthorn,0.004639181
FeelingDusty,20/07/2024,19,16783,Hawthorn,Collingwood,12678,Conor,Nash,Hawthorn,0.858496874
FeelingDusty,20/07/2024,19,16783,Hawthorn,Collingwood,12794,Will,Day,Hawthorn,0.143047768
FeelingDusty,20/07/2024,19,16783,Hawthorn,Collingwood,12710,Dylan,Moore,Hawthorn,0.38228329
FeelingDusty,20/07/2024,19,16783,Hawthorn,Collingwood,12571,Jack,Scrimshaw,Hawthorn,0.001538488
FeelingDusty,20/07/2024,19,16783,Hawthorn,Collingwood,12477,Blake,Hardwick,Hawthorn,0.004389236
FeelingDusty,20/07/2024,19,16783,Hawthorn,Collingwood,12999,Massimo,DAmbrosio,Hawthorn,0.319027001
FeelingDusty,20/07/2024,19,16783,Hawthorn,Collingwood,12854,Lloyd,Meek,Hawthorn,0
FeelingDusty,20/07/2024,19,16783,Hawthorn,Collingwood,12491,Mabior,Chol,Hawthorn,0.001538488
FeelingDusty,20/07/2024,19,16783,Hawthorn,Collingwood,11960,Luke,Breust,Hawthorn,0.276281239
FeelingDusty,20/07/2024,19,16783,Hawthorn,Collingwood,13059,Josh,Weddle,Hawthorn,0.002449349
FeelingDusty,20/07/2024,19,16783,Hawthorn,Collingwood,12954,Josh,Ward,Hawthorn,0.005909432
FeelingDusty,20/07/2024,19,16783,Hawthorn,Collingwood,12953,Connor,Macdonald,Hawthorn,1.002012641
FeelingDusty,20/07/2024,19,16783,Hawthorn,Collingwood,12846,Finn,Maginness,Hawthorn,0.001538488
FeelingDusty,20/07/2024,19,16783,Hawthorn,Collingwood,12928,Jack,Ginnivan,Hawthorn,2.203367381
FeelingDusty,20/07/2024,19,16783,Hawthorn,Collingwood,13103,Nick,Watson,Hawthorn,0.008693957
FeelingDusty,20/07/2024,19,16783,Hawthorn,Collingwood,13137,Calsher,Dear,Hawthorn,0.001538488
FeelingDusty,20/07/2024,19,16785,Port Adelaide,Richmond,12696,Connor,Rozee,Port Adelaide,0.692523842
FeelingDusty,20/07/2024,19,16785,Port Adelaide,Richmond,12503,Dan,Houston,Port Adelaide,0.00134827
FeelingDusty,20/07/2024,19,16785,Port Adelaide,Richmond,13011,Jase,Burgoyne,Port Adelaide,0.167687303
FeelingDusty,20/07/2024,19,16785,Port Adelaide,Richmond,12693,Zak,Butters,Port Adelaide,0.196568255
FeelingDusty,20/07/2024,19,16785,Port Adelaide,Richmond,11591,Travis,Boak,Port Adelaide,0.275181172
FeelingDusty,20/07/2024,19,16785,Port Adelaide,Richmond,12868,Miles,Bergman,Port Adelaide,0.002099727
FeelingDusty,20/07/2024,19,16785,Port Adelaide,Richmond,12613,Willie,Rioli,Port Adelaide,0.001757113
FeelingDusty,20/07/2024,19,16785,Port Adelaide,Richmond,12155,Ollie,Wines,Port Adelaide,1.166254148
FeelingDusty,20/07/2024,19,16785,Port Adelaide,Richmond,12955,Jason,Horne-Francis,Port Adelaide,0.010419781
FeelingDusty,20/07/2024,19,16785,Port Adelaide,Richmond,12770,Mitch,Georgiades,Port Adelaide,0.022108215
FeelingDusty,20/07/2024,19,16785,Port Adelaide,Richmond,12442,Aliir,Aliir,Port Adelaide,0.158505641
FeelingDusty,20/07/2024,19,16785,Port Adelaide,Richmond,11915,Charlie,Dixon,Port Adelaide,2.122513869
FeelingDusty,20/07/2024,19,16785,Port Adelaide,Richmond,12920,Dylan,Williams,Port Adelaide,0.0021995
FeelingDusty,20/07/2024,19,16785,Port Adelaide,Richmond,12890,Jordon,Sweet,Port Adelaide,0.042922583
FeelingDusty,20/07/2024,19,16785,Port Adelaide,Richmond,12757,Brandon,Zerk-Thatcher,Port Adelaide,0.003245046
FeelingDusty,20/07/2024,19,16785,Port Adelaide,Richmond,12606,Esava,Ratugolea,Port Adelaide,0.001757113
FeelingDusty,20/07/2024,19,16785,Port Adelaide,Richmond,12694,Willem,Drew,Port Adelaide,0.079277506
FeelingDusty,20/07/2024,19,16785,Port Adelaide,Richmond,13056,Ollie,Lord,Port Adelaide,0
FeelingDusty,20/07/2024,19,16785,Port Adelaide,Richmond,12873,Francis,Evans,Port Adelaide,0.001757113
FeelingDusty,20/07/2024,19,16785,Port Adelaide,Richmond,12429,Darcy,Byrne-Jones,Port Adelaide,0.001757113
FeelingDusty,20/07/2024,19,16785,Port Adelaide,Richmond,12657,Quinton,Narkle,Port Adelaide,0.002099727
FeelingDusty,20/07/2024,19,16785,Port Adelaide,Richmond,13155,Logan,Evans,Port Adelaide,0.378945028
FeelingDusty,20/07/2024,19,16785,Port Adelaide,Richmond,12952,Jackson,Mead,Port Adelaide,0.004409591
FeelingDusty,20/07/2024,19,16785,Port Adelaide,Richmond,11921,Dion,Prestia,Richmond,0.01055332
FeelingDusty,20/07/2024,19,16785,Port Adelaide,Richmond,12668,Liam,Baker,Richmond,0.012068674
FeelingDusty,20/07/2024,19,16785,Port Adelaide,Richmond,12904,Hugo,Ralphsmith,Richmond,0.001794688
FeelingDusty,20/07/2024,19,16785,Port Adelaide,Richmond,12425,Jayden,Short,Richmond,0
FeelingDusty,20/07/2024,19,16785,Port Adelaide,Richmond,12409,Daniel,Rioli,Richmond,0.614442932
FeelingDusty,20/07/2024,19,16785,Port Adelaide,Richmond,12861,Jacob,Koschitzke,Richmond,0.000761115
FeelingDusty,20/07/2024,19,16785,Port Adelaide,Richmond,12686,Noah,Balta,Richmond,0
FeelingDusty,20/07/2024,19,16785,Port Adelaide,Richmond,12447,Jacob,Hopper,Richmond,0.021104717
FeelingDusty,20/07/2024,19,16785,Port Adelaide,Richmond,12379,Toby,Nankervis,Richmond,0.001794688
FeelingDusty,20/07/2024,19,16785,Port Adelaide,Richmond,12836,Thomson,Dow,Richmond,0
FeelingDusty,20/07/2024,19,16785,Port Adelaide,Richmond,12542,Shai,Bolton,Richmond,0
FeelingDusty,20/07/2024,19,16785,Port Adelaide,Richmond,13097,Tom,Brown,Richmond,0
FeelingDusty,20/07/2024,19,16785,Port Adelaide,Richmond,12884,Rhyan,Mansell,Richmond,0.000486927
FeelingDusty,20/07/2024,19,16785,Port Adelaide,Richmond,12918,Samson,Ryan,Richmond,0
FeelingDusty,20/07/2024,19,16785,Port Adelaide,Richmond,12324,Kamdyn,McIntosh,Richmond,0
FeelingDusty,20/07/2024,19,16785,Port Adelaide,Richmond,12464,Nathan,Broad,Richmond,0
FeelingDusty,20/07/2024,19,16785,Port Adelaide,Richmond,13096,James,Trezise,Richmond,0.000172859
FeelingDusty,20/07/2024,19,16785,Port Adelaide,Richmond,13015,Tyler,Sonsie,Richmond,0
FeelingDusty,20/07/2024,19,16785,Port Adelaide,Richmond,13076,Sam,Banks,Richmond,0.001482424
FeelingDusty,20/07/2024,19,16785,Port Adelaide,Richmond,13100,Seth,Campbell,Richmond,0
FeelingDusty,20/07/2024,19,16785,Port Adelaide,Richmond,12940,Ben,Miller,Richmond,0
FeelingDusty,20/07/2024,19,16785,Port Adelaide,Richmond,13144,Steely,Green,Richmond,0
FeelingDusty,20/07/2024,19,16785,Port Adelaide,Richmond,13150,Kaleb,Smith,Richmond,0
FeelingDusty,20/07/2024,19,16784,Geelong,Western Bulldogs,11979,Zach,Tuohy,Geelong,0.000996128
FeelingDusty,20/07/2024,19,16784,Geelong,Western Bulldogs,12513,Brandan,Parfitt,Geelong,0
FeelingDusty,20/07/2024,19,16784,Geelong,Western Bulldogs,12022,Jeremy,Cameron,Geelong,0
FeelingDusty,20/07/2024,19,16784,Geelong,Western Bulldogs,13107,Shaun,Mannagh,Geelong,0
FeelingDusty,20/07/2024,19,16784,Geelong,Western Bulldogs,12378,Jake,Kolodjashnij,Geelong,0
FeelingDusty,20/07/2024,19,16784,Geelong,Western Bulldogs,12882,Max,Holmes,Geelong,0
FeelingDusty,20/07/2024,19,16784,Geelong,Western Bulldogs,12985,Mitch,Knevitt,Geelong,0
FeelingDusty,20/07/2024,19,16784,Geelong,Western Bulldogs,12507,Jack,Bowes,Geelong,0.003004112
FeelingDusty,20/07/2024,19,16784,Geelong,Western Bulldogs,12892,Sam,De Koning,Geelong,0.002114829
FeelingDusty,20/07/2024,19,16784,Geelong,Western Bulldogs,13162,Lawson,Humphries,Geelong,0
FeelingDusty,20/07/2024,19,16784,Geelong,Western Bulldogs,12561,Tyson,Stengle,Geelong,0
FeelingDusty,20/07/2024,19,16784,Geelong,Western Bulldogs,11804,Mitch,Duncan,Geelong,0
FeelingDusty,20/07/2024,19,16784,Geelong,Western Bulldogs,11849,Gary,Rohan,Geelong,8.91E-05
FeelingDusty,20/07/2024,19,16784,Geelong,Western Bulldogs,12976,Oliver,Dempsey,Geelong,0.001574952
FeelingDusty,20/07/2024,19,16784,Geelong,Western Bulldogs,12690,Gryan,Miers,Geelong,0
FeelingDusty,20/07/2024,19,16784,Geelong,Western Bulldogs,11706,Patrick,Dangerfield,Geelong,0
FeelingDusty,20/07/2024,19,16784,Geelong,Western Bulldogs,12850,Oliver,Henry,Geelong,0
FeelingDusty,20/07/2024,19,16784,Geelong,Western Bulldogs,12614,Jack,Henry,Geelong,0.000544522
FeelingDusty,20/07/2024,19,16784,Geelong,Western Bulldogs,12559,Zach,Guthrie,Geelong,0.00211194
FeelingDusty,20/07/2024,19,16784,Geelong,Western Bulldogs,13094,Ted,Clohesy,Geelong,0
FeelingDusty,20/07/2024,19,16784,Geelong,Western Bulldogs,12514,Tom,Stewart,Geelong,0.168204595
FeelingDusty,20/07/2024,19,16784,Geelong,Western Bulldogs,12808,Brad,Close,Geelong,0
FeelingDusty,20/07/2024,19,16784,Geelong,Western Bulldogs,12160,Mark,Blicavs,Geelong,0.002425288
FeelingDusty,20/07/2024,19,16784,Geelong,Western Bulldogs,12058,Adam,Treloar,Western Bulldogs,2.552759037
FeelingDusty,20/07/2024,19,16784,Geelong,Western Bulldogs,12924,Jamarra,Ugle-Hagan,Western Bulldogs,0.294178299
FeelingDusty,20/07/2024,19,16784,Geelong,Western Bulldogs,12801,Cody,Weightman,Western Bulldogs,0.000930171
FeelingDusty,20/07/2024,19,16784,Geelong,Western Bulldogs,12277,Marcus,Bontempelli,Western Bulldogs,0.199595041
FeelingDusty,20/07/2024,19,16784,Geelong,Western Bulldogs,12289,Rory,Lobb,Western Bulldogs,0.788482854
FeelingDusty,20/07/2024,19,16784,Geelong,Western Bulldogs,13111,Ryley,Sanders,Western Bulldogs,0.043826269
FeelingDusty,20/07/2024,19,16784,Geelong,Western Bulldogs,13023,Sam,Darcy,Western Bulldogs,0
FeelingDusty,20/07/2024,19,16784,Geelong,Western Bulldogs,12172,Jack,Macrae,Western Bulldogs,0.001541978
FeelingDusty,20/07/2024,19,16784,Geelong,Western Bulldogs,12748,Rhylee,West,Western Bulldogs,0.003864596
FeelingDusty,20/07/2024,19,16784,Geelong,Western Bulldogs,12169,Taylor,Duryea,Western Bulldogs,0.000725437
FeelingDusty,20/07/2024,19,16784,Geelong,Western Bulldogs,12615,Nick,Coffield,Western Bulldogs,0.001842644
FeelingDusty,20/07/2024,19,16784,Geelong,Western Bulldogs,12612,Ed,Richards,Western Bulldogs,1.64789384
FeelingDusty,20/07/2024,19,16784,Geelong,Western Bulldogs,11904,Tom,Liberatore,Western Bulldogs,0.061237449
FeelingDusty,20/07/2024,19,16784,Geelong,Western Bulldogs,12781,Laitham,Vandermeer,Western Bulldogs,0.009144016
FeelingDusty,20/07/2024,19,16784,Geelong,Western Bulldogs,12901,Buku,Khamis,Western Bulldogs,0.041577013
FeelingDusty,20/07/2024,19,16784,Geelong,Western Bulldogs,12897,Caleb,Poulter,Western Bulldogs,0.001541978
FeelingDusty,20/07/2024,19,16784,Geelong,Western Bulldogs,13140,Joel,Freijah,Western Bulldogs,0.001541978
FeelingDusty,20/07/2024,19,16784,Geelong,Western Bulldogs,12917,Lachlan,Bramble,Western Bulldogs,0.001930201
FeelingDusty,20/07/2024,19,16784,Geelong,Western Bulldogs,12851,Lachlan,McNeil,Western Bulldogs,0.001541978
FeelingDusty,20/07/2024,19,16784,Geelong,Western Bulldogs,12362,Bailey,Dale,Western Bulldogs,0.045123061
FeelingDusty,20/07/2024,19,16784,Geelong,Western Bulldogs,12602,Aaron,Naughton,Western Bulldogs,0.001541978
FeelingDusty,20/07/2024,19,16784,Geelong,Western Bulldogs,12449,Bailey,Williams,Western Bulldogs,0.009144016
FeelingDusty,20/07/2024,19,16784,Geelong,Western Bulldogs,12548,Tim,English,Western Bulldogs,0.108970697
FeelingDusty,21/07/2024,19,16786,Brisbane,Sydney,12969,Kai,Lohmann,Brisbane,0.001146501
FeelingDusty,21/07/2024,19,16786,Brisbane,Sydney,12205,Joe,Daniher,Brisbane,0.074566909
FeelingDusty,21/07/2024,19,16786,Brisbane,Sydney,12412,Callum,Ah Chee,Brisbane,0.001146501
FeelingDusty,21/07/2024,19,16786,Brisbane,Sydney,12421,Josh,Dunkley,Brisbane,0.004413296
FeelingDusty,21/07/2024,19,16786,Brisbane,Sydney,12526,Hugh,McCluggage,Brisbane,2.032153742
FeelingDusty,21/07/2024,19,16786,Brisbane,Sydney,12525,Jarrod,Berry,Brisbane,0.003385143
FeelingDusty,21/07/2024,19,16786,Brisbane,Sydney,13034,Will,Ashcroft,Brisbane,0.001146501
FeelingDusty,21/07/2024,19,16786,Brisbane,Sydney,12061,Lachie,Neale,Brisbane,0.003810263
FeelingDusty,21/07/2024,19,16786,Brisbane,Sydney,12082,Dayne,Zorko,Brisbane,0.795709927
FeelingDusty,21/07/2024,19,16786,Brisbane,Sydney,12594,Cam,Rayner,Brisbane,1.122964556
FeelingDusty,21/07/2024,19,16786,Brisbane,Sydney,12284,Charlie,Cameron,Brisbane,0.001146501
FeelingDusty,21/07/2024,19,16786,Brisbane,Sydney,13167,Henry,Smith,Brisbane,0
FeelingDusty,21/07/2024,19,16786,Brisbane,Sydney,13072,Jaspa,Fletcher,Brisbane,0.003385143
FeelingDusty,21/07/2024,19,16786,Brisbane,Sydney,12462,Eric,Hipwood,Brisbane,0.002111043
FeelingDusty,21/07/2024,19,16786,Brisbane,Sydney,12347,Harris,Andrews,Brisbane,0.002397737
FeelingDusty,21/07/2024,19,16786,Brisbane,Sydney,12617,Zac,Bailey,Brisbane,0.001146501
FeelingDusty,21/07/2024,19,16786,Brisbane,Sydney,13143,Shadeau,Brain,Brisbane,0.001434613
FeelingDusty,21/07/2024,19,16786,Brisbane,Sydney,11901,Ryan,Lester,Brisbane,0.001434613
FeelingDusty,21/07/2024,19,16786,Brisbane,Sydney,12673,Brandon,Starcevich,Brisbane,0.001146501
FeelingDusty,21/07/2024,19,16786,Brisbane,Sydney,13139,Bruce,Reville,Brisbane,0.001146501
FeelingDusty,21/07/2024,19,16786,Brisbane,Sydney,12661,Darragh,Joyce,Brisbane,0.002374092
FeelingDusty,21/07/2024,19,16786,Brisbane,Sydney,13027,Darcy,Wilmot,Brisbane,0.002455194
FeelingDusty,21/07/2024,19,16786,Brisbane,Sydney,12625,Oscar,McInerney,Brisbane,0.798496346
FeelingDusty,21/07/2024,19,16786,Brisbane,Sydney,12799,Chad,Warner,Sydney,0.001199207
FeelingDusty,21/07/2024,19,16786,Brisbane,Sydney,12745,Hayden,McLean,Sydney,0.000389394
FeelingDusty,21/07/2024,19,16786,Brisbane,Sydney,12070,Taylor,Adams,Sydney,0.001468812
FeelingDusty,21/07/2024,19,16786,Brisbane,Sydney,12223,Brodie,Grundy,Sydney,0.014960449
FeelingDusty,21/07/2024,19,16786,Brisbane,Sydney,12331,Isaac,Heeney,Sydney,0.015233119
FeelingDusty,21/07/2024,19,16786,Brisbane,Sydney,12863,Logan,McDonald,Sydney,0.000389394
FeelingDusty,21/07/2024,19,16786,Brisbane,Sydney,12038,Harry,Cunningham,Sydney,0.000389394
FeelingDusty,21/07/2024,19,16786,Brisbane,Sydney,12516,Will,Hayward,Sydney,0
FeelingDusty,21/07/2024,19,16786,Brisbane,Sydney,12419,Tom,Papley,Sydney,0.000389394
FeelingDusty,21/07/2024,19,16786,Brisbane,Sydney,12501,Oliver,Florent,Sydney,0.0383614
FeelingDusty,21/07/2024,19,16786,Brisbane,Sydney,12865,Braeden,Campbell,Sydney,0.000389394
FeelingDusty,21/07/2024,19,16786,Brisbane,Sydney,12853,James,Jordon,Sydney,0.000389394
FeelingDusty,21/07/2024,19,16786,Brisbane,Sydney,12864,Errol,Gulden,Sydney,0.922423015
FeelingDusty,21/07/2024,19,16786,Brisbane,Sydney,12699,Nick,Blakey,Sydney,0.001264204
FeelingDusty,21/07/2024,19,16786,Brisbane,Sydney,12148,Dane,Rampe,Sydney,0
FeelingDusty,21/07/2024,19,16786,Brisbane,Sydney,11958,Luke,Parker,Sydney,0.002916148
FeelingDusty,21/07/2024,19,16786,Brisbane,Sydney,12634,Tom,McCartin,Sydney,0.001640629
FeelingDusty,21/07/2024,19,16786,Brisbane,Sydney,12993,Matt,Roberts,Sydney,0.019177654
FeelingDusty,21/07/2024,19,16786,Brisbane,Sydney,12847,Joel,Amartey,Sydney,0.000389394
FeelingDusty,21/07/2024,19,16786,Brisbane,Sydney,13053,Corey,Warner,Sydney,0.000389394
FeelingDusty,21/07/2024,19,16786,Brisbane,Sydney,12515,Robbie,Fox,Sydney,0.11581655
FeelingDusty,21/07/2024,19,16786,Brisbane,Sydney,12533,Lewis,Melican,Sydney,0.000677505
FeelingDusty,21/07/2024,19,16786,Brisbane,Sydney,12275,Jake,Lloyd,Sydney,0.002628036
FeelingDusty,21/07/2024,19,16787,Fremantle,Melbourne,12764,Sam,Sturt,Fremantle,0.00470257
FeelingDusty,21/07/2024,19,16787,Fremantle,Melbourne,12149,Jaeger,OMeara,Fremantle,0.019496224
FeelingDusty,21/07/2024,19,16787,Fremantle,Melbourne,12786,Caleb,Serong,Fremantle,2.006092662
FeelingDusty,21/07/2024,19,16787,Fremantle,Melbourne,12555,Sean,Darcy,Fremantle,0
FeelingDusty,21/07/2024,19,16787,Fremantle,Melbourne,12876,Heath,Chapman,Fremantle,0.001469808
FeelingDusty,21/07/2024,19,16787,Fremantle,Melbourne,12688,Jordan,Clark,Fremantle,0.022364059
FeelingDusty,21/07/2024,19,16787,Fremantle,Melbourne,11844,Nat,Fyfe,Fremantle,0.012135038
FeelingDusty,21/07/2024,19,16787,Fremantle,Melbourne,12596,Andrew,Brayshaw,Fremantle,2.115718204
FeelingDusty,21/07/2024,19,16787,Fremantle,Melbourne,12779,Luke,Jackson,Fremantle,0.00455392
FeelingDusty,21/07/2024,19,16787,Fremantle,Melbourne,11770,Michael,Walters,Fremantle,0.192021154
FeelingDusty,21/07/2024,19,16787,Fremantle,Melbourne,12252,James,Aish,Fremantle,0.001469808
FeelingDusty,21/07/2024,19,16787,Fremantle,Melbourne,12550,Luke,Ryan,Fremantle,0
FeelingDusty,21/07/2024,19,16787,Fremantle,Melbourne,12821,Jeremy,Sharp,Fremantle,0.003696652
FeelingDusty,21/07/2024,19,16787,Fremantle,Melbourne,12983,Jye,Amiss,Fremantle,0.140821871
FeelingDusty,21/07/2024,19,16787,Fremantle,Melbourne,12361,Alex,Pearce,Fremantle,0.002340008
FeelingDusty,21/07/2024,19,16787,Fremantle,Melbourne,12777,Hayden,Young,Fremantle,0.460536324
FeelingDusty,21/07/2024,19,16787,Fremantle,Melbourne,12915,Brandon,Walker,Fremantle,0.03749082
FeelingDusty,21/07/2024,19,16787,Fremantle,Melbourne,12803,Michael,Frederick,Fremantle,0.008564546
FeelingDusty,21/07/2024,19,16787,Fremantle,Melbourne,12461,Corey,Wagner,Fremantle,0.001469808
FeelingDusty,21/07/2024,19,16787,Fremantle,Melbourne,12888,Josh,Treacy,Fremantle,0.913699054
FeelingDusty,21/07/2024,19,16787,Fremantle,Melbourne,12552,Brennan,Cox,Fremantle,0.002340008
FeelingDusty,21/07/2024,19,16787,Fremantle,Melbourne,12679,Sam,Switkowski,Fremantle,0.001469808
FeelingDusty,21/07/2024,19,16787,Fremantle,Melbourne,12595,Bailey,Banfield,Fremantle,0.001469808
FeelingDusty,21/07/2024,19,16787,Fremantle,Melbourne,11945,Steven,May,Melbourne,0.021286781
FeelingDusty,21/07/2024,19,16787,Fremantle,Melbourne,13048,Jacob,van Rooyen,Melbourne,0
FeelingDusty,21/07/2024,19,16787,Fremantle,Melbourne,12280,Christian,Salem,Melbourne,0
FeelingDusty,21/07/2024,19,16787,Fremantle,Melbourne,13036,Judd,McVee,Melbourne,0.000144595
FeelingDusty,21/07/2024,19,16787,Fremantle,Melbourne,13099,Caleb,Windsor,Melbourne,0.002094991
FeelingDusty,21/07/2024,19,16787,Fremantle,Melbourne,12152,Jack,Viney,Melbourne,0.001569754
FeelingDusty,21/07/2024,19,16787,Fremantle,Melbourne,12359,Jake,Lever,Melbourne,0.000636665
FeelingDusty,21/07/2024,19,16787,Fremantle,Melbourne,12411,Clayton,Oliver,Melbourne,0.002523972
FeelingDusty,21/07/2024,19,16787,Fremantle,Melbourne,12255,Jack,Billings,Melbourne,0
FeelingDusty,21/07/2024,19,16787,Fremantle,Melbourne,12401,Ed,Langdon,Melbourne,0.002094991
FeelingDusty,21/07/2024,19,16787,Fremantle,Melbourne,12933,Jake,Bowey,Melbourne,0.000144595
FeelingDusty,21/07/2024,19,16787,Fremantle,Melbourne,11828,Jake,Melksham,Melbourne,0
FeelingDusty,21/07/2024,19,16787,Fremantle,Melbourne,12778,Trent,Rivers,Melbourne,0.004833721
FeelingDusty,21/07/2024,19,16787,Fremantle,Melbourne,12015,Tom,McDonald,Melbourne,0
FeelingDusty,21/07/2024,19,16787,Fremantle,Melbourne,12375,Alex,Neal-Bullen,Melbourne,0.00099623
FeelingDusty,21/07/2024,19,16787,Fremantle,Melbourne,12603,Bayley,Fritsch,Melbourne,0
FeelingDusty,21/07/2024,19,16787,Fremantle,Melbourne,12692,Tom,Sparrow,Melbourne,0
FeelingDusty,21/07/2024,19,16787,Fremantle,Melbourne,12660,Harrison,Petty,Melbourne,0.009751551
FeelingDusty,21/07/2024,19,16787,Fremantle,Melbourne,12774,Kysaiah,Pickett,Melbourne,0
FeelingDusty,21/07/2024,19,16787,Fremantle,Melbourne,12756,Kade,Chandler,Melbourne,0
FeelingDusty,21/07/2024,19,16787,Fremantle,Melbourne,13123,Koltyn,Tholstrup,Melbourne,0
FeelingDusty,21/07/2024,19,16787,Fremantle,Melbourne,12998,Daniel,Turner,Melbourne,0
FeelingDusty,21/07/2024,19,16787,Fremantle,Melbourne,13160,Andy,Moniz-Wakefield,Melbourne,0
FeelingDusty,21/07/2024,19,16788,Carlton,North Melbourne,13028,Lachlan,Cowan,Carlton,0.003158155
FeelingDusty,21/07/2024,19,16788,Carlton,North Melbourne,12991,Jesse,Motlop,Carlton,0.00634675
FeelingDusty,21/07/2024,19,16788,Carlton,North Melbourne,13029,Oliver,Hollands,Carlton,0.00466539
FeelingDusty,21/07/2024,19,16788,Carlton,North Melbourne,12610,Adam,Cerra,Carlton,0.008872135
FeelingDusty,21/07/2024,19,16788,Carlton,North Melbourne,12463,Matthew,Kennedy,Carlton,0.001983703
FeelingDusty,21/07/2024,19,16788,Carlton,North Melbourne,12604,Lachie,Fogarty,Carlton,0.023383712
FeelingDusty,21/07/2024,19,16788,Carlton,North Melbourne,12269,Patrick,Cripps,Carlton,1.724912417
FeelingDusty,21/07/2024,19,16788,Carlton,North Melbourne,12575,Harry,McKay,Carlton,0.003633271
FeelingDusty,21/07/2024,19,16788,Carlton,North Melbourne,12681,Tom,De Koning,Carlton,0.059524335
FeelingDusty,21/07/2024,19,16788,Carlton,North Melbourne,12282,Blake,Acres,Carlton,0.001983703
FeelingDusty,21/07/2024,19,16788,Carlton,North Melbourne,12980,Jack,Carroll,Carlton,0.001983703
FeelingDusty,21/07/2024,19,16788,Carlton,North Melbourne,12685,Sam,Walsh,Carlton,0.064305174
FeelingDusty,21/07/2024,19,16788,Carlton,North Melbourne,13017,Elijah,Hollands,Carlton,0.001983703
FeelingDusty,21/07/2024,19,16788,Carlton,North Melbourne,12410,Jacob,Weitering,Carlton,0.006919308
FeelingDusty,21/07/2024,19,16788,Carlton,North Melbourne,12517,Nic,Newman,Carlton,0.003183251
FeelingDusty,21/07/2024,19,16788,Carlton,North Melbourne,12484,David,Cuningham,Carlton,0.001983703
FeelingDusty,21/07/2024,19,16788,Carlton,North Melbourne,12417,George,Hewett,Carlton,0.032292023
FeelingDusty,21/07/2024,19,16788,Carlton,North Melbourne,12428,Charlie,Curnow,Carlton,0.587472977
FeelingDusty,21/07/2024,19,16788,Carlton,North Melbourne,12520,Sam,Durdin,Carlton,0.001983703
FeelingDusty,21/07/2024,19,16788,Carlton,North Melbourne,13057,Alex,Cincotta,Carlton,0.001983703
FeelingDusty,21/07/2024,19,16788,Carlton,North Melbourne,12330,Adam,Saad,Carlton,0.073333146
FeelingDusty,21/07/2024,19,16788,Carlton,North Melbourne,12842,Matthew,Owies,Carlton,0.00634675
FeelingDusty,21/07/2024,19,16788,Carlton,North Melbourne,12823,Matthew,Cottrell,Carlton,0.008873393
FeelingDusty,21/07/2024,19,16788,Carlton,North Melbourne,13030,Harry,Sheezel,North Melbourne,2.595154222
FeelingDusty,21/07/2024,19,16788,Carlton,North Melbourne,12185,Aidan,Corr,North Melbourne,0
FeelingDusty,21/07/2024,19,16788,Carlton,North Melbourne,13065,George,Wardlaw,North Melbourne,0.003846722
FeelingDusty,21/07/2024,19,16788,Carlton,North Melbourne,12705,Bailey,Scott,North Melbourne,0.065391486
FeelingDusty,21/07/2024,19,16788,Carlton,North Melbourne,12599,Luke,Davies-Uniacke,North Melbourne,0.061868352
FeelingDusty,21/07/2024,19,16788,Carlton,North Melbourne,13105,Colby,McKercher,North Melbourne,0.001501998
FeelingDusty,21/07/2024,19,16788,Carlton,North Melbourne,12246,Luke,McDonald,North Melbourne,0.00019515
FeelingDusty,21/07/2024,19,16788,Carlton,North Melbourne,12511,Jy,Simpkin,North Melbourne,0.004293238
FeelingDusty,21/07/2024,19,16788,Carlton,North Melbourne,12434,Darcy,Tucker,North Melbourne,0
FeelingDusty,21/07/2024,19,16788,Carlton,North Melbourne,11766,Liam,Shiels,North Melbourne,0
FeelingDusty,21/07/2024,19,16788,Carlton,North Melbourne,12798,Dylan,Stephens,North Melbourne,0.006023232
FeelingDusty,21/07/2024,19,16788,Carlton,North Melbourne,12528,Zac,Fisher,North Melbourne,0
FeelingDusty,21/07/2024,19,16788,Carlton,North Melbourne,12524,Griffin,Logue,North Melbourne,0
FeelingDusty,21/07/2024,19,16788,Carlton,North Melbourne,12569,Nick,Larkey,North Melbourne,0
FeelingDusty,21/07/2024,19,16788,Carlton,North Melbourne,12867,Tom,Powell,North Melbourne,0
FeelingDusty,21/07/2024,19,16788,Carlton,North Melbourne,12975,Paul,Curtis,North Melbourne,0
FeelingDusty,21/07/2024,19,16788,Carlton,North Melbourne,12939,Charlie,Comben,North Melbourne,0.000549719
FeelingDusty,21/07/2024,19,16788,Carlton,North Melbourne,13005,Jackson,Archer,North Melbourne,0.001513525
FeelingDusty,21/07/2024,19,16788,Carlton,North Melbourne,12789,Tristan,Xerri,North Melbourne,0.628554246
FeelingDusty,21/07/2024,19,16788,Carlton,North Melbourne,12923,Eddie,Ford,North Melbourne,0
FeelingDusty,21/07/2024,19,16788,Carlton,North Melbourne,13000,Brynn,Teakle,North Melbourne,0
FeelingDusty,21/07/2024,19,16788,Carlton,North Melbourne,12566,Cameron,Zurhaar,North Melbourne,0
FeelingDusty,21/07/2024,19,16788,Carlton,North Melbourne,13086,Robert,Hansen Jr,North Melbourne,0
FeelingDusty,26/07/2024,20,16789,Carlton,Port Adelaide,13028,Lachlan,Cowan,Carlton,0.000122542
FeelingDusty,26/07/2024,20,16789,Carlton,Port Adelaide,12991,Jesse,Motlop,Carlton,0.000122542
FeelingDusty,26/07/2024,20,16789,Carlton,Port Adelaide,13029,Oliver,Hollands,Carlton,0.002485115
FeelingDusty,26/07/2024,20,16789,Carlton,Port Adelaide,12610,Adam,Cerra,Carlton,0.000122542
FeelingDusty,26/07/2024,20,16789,Carlton,Port Adelaide,12463,Matthew,Kennedy,Carlton,0.001500232
FeelingDusty,26/07/2024,20,16789,Carlton,Port Adelaide,12604,Lachie,Fogarty,Carlton,0.000122542
FeelingDusty,26/07/2024,20,16789,Carlton,Port Adelaide,12269,Patrick,Cripps,Carlton,0.294456556
FeelingDusty,26/07/2024,20,16789,Carlton,Port Adelaide,12415,Mitch,McGovern,Carlton,0.003806846
FeelingDusty,26/07/2024,20,16789,Carlton,Port Adelaide,12980,Jack,Carroll,Carlton,0.000122542
FeelingDusty,26/07/2024,20,16789,Carlton,Port Adelaide,12938,Brodie,Kemp,Carlton,0.001045782
FeelingDusty,26/07/2024,20,16789,Carlton,Port Adelaide,12685,Sam,Walsh,Carlton,0.118597532
FeelingDusty,26/07/2024,20,16789,Carlton,Port Adelaide,13017,Elijah,Hollands,Carlton,0
FeelingDusty,26/07/2024,20,16789,Carlton,Port Adelaide,12410,Jacob,Weitering,Carlton,0.002363006
FeelingDusty,26/07/2024,20,16789,Carlton,Port Adelaide,12517,Nic,Newman,Carlton,0.024179662
FeelingDusty,26/07/2024,20,16789,Carlton,Port Adelaide,12424,Marc,Pittonet,Carlton,0.002485115
FeelingDusty,26/07/2024,20,16789,Carlton,Port Adelaide,12484,David,Cuningham,Carlton,0.000122542
FeelingDusty,26/07/2024,20,16789,Carlton,Port Adelaide,12417,George,Hewett,Carlton,0.095501636
FeelingDusty,26/07/2024,20,16789,Carlton,Port Adelaide,12428,Charlie,Curnow,Carlton,1.203641746
FeelingDusty,26/07/2024,20,16789,Carlton,Port Adelaide,12567,Lewis,Young,Carlton,0.000122542
FeelingDusty,26/07/2024,20,16789,Carlton,Port Adelaide,13057,Alex,Cincotta,Carlton,0.002485115
FeelingDusty,26/07/2024,20,16789,Carlton,Port Adelaide,12330,Adam,Saad,Carlton,0.000122542
FeelingDusty,26/07/2024,20,16789,Carlton,Port Adelaide,12842,Matthew,Owies,Carlton,0.000122542
FeelingDusty,26/07/2024,20,16789,Carlton,Port Adelaide,12823,Matthew,Cottrell,Carlton,0.002485115
FeelingDusty,26/07/2024,20,16789,Carlton,Port Adelaide,12696,Connor,Rozee,Port Adelaide,0.053093634
FeelingDusty,26/07/2024,20,16789,Carlton,Port Adelaide,12503,Dan,Houston,Port Adelaide,0.00124226
FeelingDusty,26/07/2024,20,16789,Carlton,Port Adelaide,12671,Kane,Farrell,Port Adelaide,0.004211106
FeelingDusty,26/07/2024,20,16789,Carlton,Port Adelaide,13011,Jase,Burgoyne,Port Adelaide,0.134383438
FeelingDusty,26/07/2024,20,16789,Carlton,Port Adelaide,12693,Zak,Butters,Port Adelaide,0.098331133
FeelingDusty,26/07/2024,20,16789,Carlton,Port Adelaide,11591,Travis,Boak,Port Adelaide,0.207128102
FeelingDusty,26/07/2024,20,16789,Carlton,Port Adelaide,12868,Miles,Bergman,Port Adelaide,0.204791916
FeelingDusty,26/07/2024,20,16789,Carlton,Port Adelaide,12613,Willie,Rioli,Port Adelaide,0.009023992
FeelingDusty,26/07/2024,20,16789,Carlton,Port Adelaide,12155,Ollie,Wines,Port Adelaide,1.893952379
FeelingDusty,26/07/2024,20,16789,Carlton,Port Adelaide,12955,Jason,Horne-Francis,Port Adelaide,0.465017416
FeelingDusty,26/07/2024,20,16789,Carlton,Port Adelaide,12770,Mitch,Georgiades,Port Adelaide,0.006246897
FeelingDusty,26/07/2024,20,16789,Carlton,Port Adelaide,12442,Aliir,Aliir,Port Adelaide,0.124166146
FeelingDusty,26/07/2024,20,16789,Carlton,Port Adelaide,11915,Charlie,Dixon,Port Adelaide,0.000974033
FeelingDusty,26/07/2024,20,16789,Carlton,Port Adelaide,12890,Jordon,Sweet,Port Adelaide,0.043860924
FeelingDusty,26/07/2024,20,16789,Carlton,Port Adelaide,12757,Brandon,Zerk-Thatcher,Port Adelaide,0.001863457
FeelingDusty,26/07/2024,20,16789,Carlton,Port Adelaide,12606,Esava,Ratugolea,Port Adelaide,0.003610103
FeelingDusty,26/07/2024,20,16789,Carlton,Port Adelaide,12694,Willem,Drew,Port Adelaide,0.967569881
FeelingDusty,26/07/2024,20,16789,Carlton,Port Adelaide,12873,Francis,Evans,Port Adelaide,0.001559395
FeelingDusty,26/07/2024,20,16789,Carlton,Port Adelaide,12429,Darcy,Byrne-Jones,Port Adelaide,0.003237793
FeelingDusty,26/07/2024,20,16789,Carlton,Port Adelaide,12883,Lachie,Jones,Port Adelaide,0.001559395
FeelingDusty,26/07/2024,20,16789,Carlton,Port Adelaide,12657,Quinton,Narkle,Port Adelaide,0.001559395
FeelingDusty,26/07/2024,20,16789,Carlton,Port Adelaide,13155,Logan,Evans,Port Adelaide,0.001863457
FeelingDusty,26/07/2024,20,16789,Carlton,Port Adelaide,12952,Jackson,Mead,Port Adelaide,0.01461741
FeelingDusty,27/07/2024,20,16790,North Melbourne,Geelong,12870,Tanner,Bruhn,Geelong,0.002237637
FeelingDusty,27/07/2024,20,16790,North Melbourne,Geelong,12022,Jeremy,Cameron,Geelong,0.021378409
FeelingDusty,27/07/2024,20,16790,North Melbourne,Geelong,13107,Shaun,Mannagh,Geelong,0.013782721
FeelingDusty,27/07/2024,20,16790,North Melbourne,Geelong,12378,Jake,Kolodjashnij,Geelong,0.002237637
FeelingDusty,27/07/2024,20,16790,North Melbourne,Geelong,12882,Max,Holmes,Geelong,0.012436982
FeelingDusty,27/07/2024,20,16790,North Melbourne,Geelong,12507,Jack,Bowes,Geelong,0.007239665
FeelingDusty,27/07/2024,20,16790,North Melbourne,Geelong,12892,Sam,De Koning,Geelong,0.043618332
FeelingDusty,27/07/2024,20,16790,North Melbourne,Geelong,13162,Lawson,Humphries,Geelong,0.002801005
FeelingDusty,27/07/2024,20,16790,North Melbourne,Geelong,12561,Tyson,Stengle,Geelong,0.168571835
FeelingDusty,27/07/2024,20,16790,North Melbourne,Geelong,11804,Mitch,Duncan,Geelong,0.001397678
FeelingDusty,27/07/2024,20,16790,North Melbourne,Geelong,11849,Gary,Rohan,Geelong,0.001397678
FeelingDusty,27/07/2024,20,16790,North Melbourne,Geelong,12286,Jed,Bews,Geelong,0.00356243
FeelingDusty,27/07/2024,20,16790,North Melbourne,Geelong,12976,Oliver,Dempsey,Geelong,0.189968652
FeelingDusty,27/07/2024,20,16790,North Melbourne,Geelong,12690,Gryan,Miers,Geelong,0
FeelingDusty,27/07/2024,20,16790,North Melbourne,Geelong,12995,Shannon,Neale,Geelong,0.002237637
FeelingDusty,27/07/2024,20,16790,North Melbourne,Geelong,11706,Patrick,Dangerfield,Geelong,0.004787827
FeelingDusty,27/07/2024,20,16790,North Melbourne,Geelong,12850,Oliver,Henry,Geelong,0.005667107
FeelingDusty,27/07/2024,20,16790,North Melbourne,Geelong,12614,Jack,Henry,Geelong,0.004666722
FeelingDusty,27/07/2024,20,16790,North Melbourne,Geelong,12559,Zach,Guthrie,Geelong,0.002237637
FeelingDusty,27/07/2024,20,16790,North Melbourne,Geelong,13094,Ted,Clohesy,Geelong,0.002237637
FeelingDusty,27/07/2024,20,16790,North Melbourne,Geelong,12514,Tom,Stewart,Geelong,2.345455364
FeelingDusty,27/07/2024,20,16790,North Melbourne,Geelong,12808,Brad,Close,Geelong,0.001349816
FeelingDusty,27/07/2024,20,16790,North Melbourne,Geelong,12160,Mark,Blicavs,Geelong,0.005224137
FeelingDusty,27/07/2024,20,16790,North Melbourne,Geelong,12598,Jaidyn,Stephenson,North Melbourne,0
FeelingDusty,27/07/2024,20,16790,North Melbourne,Geelong,13030,Harry,Sheezel,North Melbourne,2.028447254
FeelingDusty,27/07/2024,20,16790,North Melbourne,Geelong,12185,Aidan,Corr,North Melbourne,0
FeelingDusty,27/07/2024,20,16790,North Melbourne,Geelong,13065,George,Wardlaw,North Melbourne,0
FeelingDusty,27/07/2024,20,16790,North Melbourne,Geelong,13104,Zane,Duursma,North Melbourne,0.001303737
FeelingDusty,27/07/2024,20,16790,North Melbourne,Geelong,12705,Bailey,Scott,North Melbourne,0.002285487
FeelingDusty,27/07/2024,20,16790,North Melbourne,Geelong,12599,Luke,Davies-Uniacke,North Melbourne,0.253337286
FeelingDusty,27/07/2024,20,16790,North Melbourne,Geelong,12246,Luke,McDonald,North Melbourne,0
FeelingDusty,27/07/2024,20,16790,North Melbourne,Geelong,12511,Jy,Simpkin,North Melbourne,0.004918889
FeelingDusty,27/07/2024,20,16790,North Melbourne,Geelong,12434,Darcy,Tucker,North Melbourne,0
FeelingDusty,27/07/2024,20,16790,North Melbourne,Geelong,11766,Liam,Shiels,North Melbourne,0
FeelingDusty,27/07/2024,20,16790,North Melbourne,Geelong,12798,Dylan,Stephens,North Melbourne,0.002285487
FeelingDusty,27/07/2024,20,16790,North Melbourne,Geelong,12524,Griffin,Logue,North Melbourne,0.000220131
FeelingDusty,27/07/2024,20,16790,North Melbourne,Geelong,12569,Nick,Larkey,North Melbourne,0.002822469
FeelingDusty,27/07/2024,20,16790,North Melbourne,Geelong,12867,Tom,Powell,North Melbourne,0.174348183
FeelingDusty,27/07/2024,20,16790,North Melbourne,Geelong,12975,Paul,Curtis,North Melbourne,0
FeelingDusty,27/07/2024,20,16790,North Melbourne,Geelong,12878,Will,Phillips,North Melbourne,0
FeelingDusty,27/07/2024,20,16790,North Melbourne,Geelong,12939,Charlie,Comben,North Melbourne,0
FeelingDusty,27/07/2024,20,16790,North Melbourne,Geelong,13005,Jackson,Archer,North Melbourne,0
FeelingDusty,27/07/2024,20,16790,North Melbourne,Geelong,12789,Tristan,Xerri,North Melbourne,0.685536535
FeelingDusty,27/07/2024,20,16790,North Melbourne,Geelong,13000,Brynn,Teakle,North Melbourne,0
FeelingDusty,27/07/2024,20,16790,North Melbourne,Geelong,12566,Cameron,Zurhaar,North Melbourne,0
FeelingDusty,27/07/2024,20,16790,North Melbourne,Geelong,13086,Robert,Hansen Jr,North Melbourne,0
FeelingDusty,27/07/2024,20,16791,Gold Coast,Brisbane,12969,Kai,Lohmann,Brisbane,0.00232526
FeelingDusty,27/07/2024,20,16791,Gold Coast,Brisbane,12205,Joe,Daniher,Brisbane,0.003798535
FeelingDusty,27/07/2024,20,16791,Gold Coast,Brisbane,12412,Callum,Ah Chee,Brisbane,0.002082128
FeelingDusty,27/07/2024,20,16791,Gold Coast,Brisbane,12421,Josh,Dunkley,Brisbane,1.443838863
FeelingDusty,27/07/2024,20,16791,Gold Coast,Brisbane,12526,Hugh,McCluggage,Brisbane,0.046973551
FeelingDusty,27/07/2024,20,16791,Gold Coast,Brisbane,12525,Jarrod,Berry,Brisbane,0.050145664
FeelingDusty,27/07/2024,20,16791,Gold Coast,Brisbane,13034,Will,Ashcroft,Brisbane,0.007813649
FeelingDusty,27/07/2024,20,16791,Gold Coast,Brisbane,12061,Lachie,Neale,Brisbane,2.026358982
FeelingDusty,27/07/2024,20,16791,Gold Coast,Brisbane,13138,Logan,Morris,Brisbane,0.001317635
FeelingDusty,27/07/2024,20,16791,Gold Coast,Brisbane,12082,Dayne,Zorko,Brisbane,1.583965995
FeelingDusty,27/07/2024,20,16791,Gold Coast,Brisbane,12594,Cam,Rayner,Brisbane,0.362093544
FeelingDusty,27/07/2024,20,16791,Gold Coast,Brisbane,12874,Jaxon,Prior,Brisbane,0.003313928
FeelingDusty,27/07/2024,20,16791,Gold Coast,Brisbane,12284,Charlie,Cameron,Brisbane,0.003798535
FeelingDusty,27/07/2024,20,16791,Gold Coast,Brisbane,13167,Henry,Smith,Brisbane,0.001317635
FeelingDusty,27/07/2024,20,16791,Gold Coast,Brisbane,12400,Conor,McKenna,Brisbane,0.001317635
FeelingDusty,27/07/2024,20,16791,Gold Coast,Brisbane,13072,Jaspa,Fletcher,Brisbane,0.001317635
FeelingDusty,27/07/2024,20,16791,Gold Coast,Brisbane,12462,Eric,Hipwood,Brisbane,0.030003129
FeelingDusty,27/07/2024,20,16791,Gold Coast,Brisbane,12617,Zac,Bailey,Brisbane,0.001317635
FeelingDusty,27/07/2024,20,16791,Gold Coast,Brisbane,13143,Shadeau,Brain,Brisbane,0.001317635
FeelingDusty,27/07/2024,20,16791,Gold Coast,Brisbane,11901,Ryan,Lester,Brisbane,0.01601599
FeelingDusty,27/07/2024,20,16791,Gold Coast,Brisbane,12673,Brandon,Starcevich,Brisbane,0.002097741
FeelingDusty,27/07/2024,20,16791,Gold Coast,Brisbane,13027,Darcy,Wilmot,Brisbane,0.131120865
FeelingDusty,27/07/2024,20,16791,Gold Coast,Brisbane,12625,Oscar,McInerney,Brisbane,0.027587987
FeelingDusty,27/07/2024,20,16792,St Kilda,Essendon,12505,Andrew,McGrath,Essendon,0
FeelingDusty,27/07/2024,20,16792,St Kilda,Essendon,12809,Sam,Draper,Essendon,0.003256637
FeelingDusty,27/07/2024,20,16792,St Kilda,Essendon,12414,Darcy,Parish,Essendon,0
FeelingDusty,27/07/2024,20,16792,St Kilda,Essendon,12358,Kyle,Langford,Essendon,0
FeelingDusty,27/07/2024,20,16792,St Kilda,Essendon,12752,Jye,Caldwell,Essendon,0
FeelingDusty,27/07/2024,20,16792,St Kilda,Essendon,12249,Zach,Merrett,Essendon,0.004893404
FeelingDusty,27/07/2024,20,16792,St Kilda,Essendon,12032,Dylan,Shiel,Essendon,0.005837808
FeelingDusty,27/07/2024,20,16792,St Kilda,Essendon,12422,Jade,Gresham,Essendon,0
FeelingDusty,27/07/2024,20,16792,St Kilda,Essendon,12858,Nik,Cox,Essendon,0.000158604
FeelingDusty,27/07/2024,20,16792,St Kilda,Essendon,12640,Jordan,Ridley,Essendon,0
FeelingDusty,27/07/2024,20,16792,St Kilda,Essendon,12384,Jayden,Laverde,Essendon,0.000158604
FeelingDusty,27/07/2024,20,16792,St Kilda,Essendon,12880,Archie,Perkins,Essendon,0
FeelingDusty,27/07/2024,20,16792,St Kilda,Essendon,12371,Peter,Wright,Essendon,0
FeelingDusty,27/07/2024,20,16792,St Kilda,Essendon,11903,Dyson,Heppell,Essendon,0.001646689
FeelingDusty,27/07/2024,20,16792,St Kilda,Essendon,12926,Sam,Durham,Essendon,0
FeelingDusty,27/07/2024,20,16792,St Kilda,Essendon,12857,Harrison,Jones,Essendon,0
FeelingDusty,27/07/2024,20,16792,St Kilda,Essendon,12173,Jake,Stringer,Essendon,0.002613669
FeelingDusty,27/07/2024,20,16792,St Kilda,Essendon,12445,Mason,Redman,Essendon,0
FeelingDusty,27/07/2024,20,16792,St Kilda,Essendon,12695,Xavier,Duursma,Essendon,0.048841558
FeelingDusty,27/07/2024,20,16792,St Kilda,Essendon,13149,Nate,Caddy,Essendon,0
FeelingDusty,27/07/2024,20,16792,St Kilda,Essendon,12588,Ben,McKay,Essendon,0.000158604
FeelingDusty,27/07/2024,20,16792,St Kilda,Essendon,12950,Nic,Martin,Essendon,0
FeelingDusty,27/07/2024,20,16792,St Kilda,Essendon,13020,Jye,Menzie,Essendon,0.001646689
FeelingDusty,27/07/2024,20,16791,Gold Coast,Brisbane,12825,Sam,Flanders,Gold Coast,0.181655352
FeelingDusty,27/07/2024,20,16791,Gold Coast,Brisbane,12314,Nick,Holman,Gold Coast,0.002440068
FeelingDusty,27/07/2024,20,16791,Gold Coast,Brisbane,12631,Charlie,Ballard,Gold Coast,0
FeelingDusty,27/07/2024,20,16791,Gold Coast,Brisbane,12703,Jack,Lukosius,Gold Coast,0
FeelingDusty,27/07/2024,20,16791,Gold Coast,Brisbane,12393,Lachie,Weller,Gold Coast,0.002062489
FeelingDusty,27/07/2024,20,16791,Gold Coast,Brisbane,12767,Noah,Anderson,Gold Coast,0.002941204
FeelingDusty,27/07/2024,20,16791,Gold Coast,Brisbane,12776,Thomas,Berry,Gold Coast,0
FeelingDusty,27/07/2024,20,16791,Gold Coast,Brisbane,12769,Matt,Rowell,Gold Coast,0.006425693
FeelingDusty,27/07/2024,20,16791,Gold Coast,Brisbane,13050,Bailey,Humphrey,Gold Coast,0.000893088
FeelingDusty,27/07/2024,20,16791,Gold Coast,Brisbane,12529,Ben,Long,Gold Coast,0
FeelingDusty,27/07/2024,20,16791,Gold Coast,Brisbane,11923,David,Swallow,Gold Coast,0
FeelingDusty,27/07/2024,20,16791,Gold Coast,Brisbane,12453,Sam,Collins,Gold Coast,0.000489971
FeelingDusty,27/07/2024,20,16791,Gold Coast,Brisbane,13120,Will,Graham,Gold Coast,0
FeelingDusty,27/07/2024,20,16791,Gold Coast,Brisbane,12658,Wil,Powell,Gold Coast,0
FeelingDusty,27/07/2024,20,16791,Gold Coast,Brisbane,12184,Jarrod,Witts,Gold Coast,0.000962365
FeelingDusty,27/07/2024,20,16791,Gold Coast,Brisbane,13019,Mac,Andrew,Gold Coast,0.001005328
FeelingDusty,27/07/2024,20,16791,Gold Coast,Brisbane,13037,Bodhi,Uwland,Gold Coast,0.043471923
FeelingDusty,27/07/2024,20,16791,Gold Coast,Brisbane,13119,Sam,Clohesy,Gold Coast,0.001345812
FeelingDusty,27/07/2024,20,16791,Gold Coast,Brisbane,12728,Ben,King,Gold Coast,0.001220669
FeelingDusty,27/07/2024,20,16791,Gold Coast,Brisbane,13091,Lloyd,Johnston,Gold Coast,0
FeelingDusty,27/07/2024,20,16791,Gold Coast,Brisbane,12932,Joel,Jeffrey,Gold Coast,0.000129625
FeelingDusty,27/07/2024,20,16791,Gold Coast,Brisbane,12903,Malcolm,Rosas,Gold Coast,0.002370448
FeelingDusty,27/07/2024,20,16791,Gold Coast,Brisbane,13051,Ned,Moyle,Gold Coast,0.001345812
FeelingDusty,27/07/2024,20,16792,St Kilda,Essendon,12616,Jack,Higgins,St Kilda,0.003347459
FeelingDusty,27/07/2024,20,16792,St Kilda,Essendon,12294,Zak,Jones,St Kilda,0.009946653
FeelingDusty,27/07/2024,20,16792,St Kilda,Essendon,12947,Nasiah,Wanganeen-Milera,St Kilda,0.908243624
FeelingDusty,27/07/2024,20,16792,St Kilda,Essendon,12066,Bradley,Hill,St Kilda,0.004054808
FeelingDusty,27/07/2024,20,16792,St Kilda,Essendon,12377,Jack,Steele,St Kilda,0.975363633
FeelingDusty,27/07/2024,20,16792,St Kilda,Essendon,12945,Mitch,Owens,St Kilda,0
FeelingDusty,27/07/2024,20,16792,St Kilda,Essendon,12593,Hunter,Clark,St Kilda,0.00941165
FeelingDusty,27/07/2024,20,16792,St Kilda,Essendon,12804,Ryan,Byrnes,St Kilda,0.009560512
FeelingDusty,27/07/2024,20,16792,St Kilda,Essendon,12721,Liam,Stocker,St Kilda,0.001612213
FeelingDusty,27/07/2024,20,16792,St Kilda,Essendon,12498,Dan,Butler,St Kilda,0.001612213
FeelingDusty,27/07/2024,20,16792,St Kilda,Essendon,12572,Rowan,Marshall,St Kilda,1.306141059
FeelingDusty,27/07/2024,20,16792,St Kilda,Essendon,12426,Dougal,Howard,St Kilda,0.001612213
FeelingDusty,27/07/2024,20,16792,St Kilda,Essendon,13109,Darcy,Wilson,St Kilda,0.001612213
FeelingDusty,27/07/2024,20,16792,St Kilda,Essendon,12565,Josh,Battle,St Kilda,0.020114225
FeelingDusty,27/07/2024,20,16792,St Kilda,Essendon,12307,Tim,Membrey,St Kilda,0.003347459
FeelingDusty,27/07/2024,20,16792,St Kilda,Essendon,12194,Jimmy,Webster,St Kilda,0.001612213
FeelingDusty,27/07/2024,20,16792,St Kilda,Essendon,12321,Mason,Wood,St Kilda,0.001612213
FeelingDusty,27/07/2024,20,16792,St Kilda,Essendon,13124,Hugo,Garcia,St Kilda,0.001612213
FeelingDusty,27/07/2024,20,16792,St Kilda,Essendon,12337,Jack,Sinclair,St Kilda,0.094571443
FeelingDusty,27/07/2024,20,16792,St Kilda,Essendon,12492,Riley,Bonner,St Kilda,0.001994425
FeelingDusty,27/07/2024,20,16792,St Kilda,Essendon,12930,Cooper,Sharman,St Kilda,2.333062824
FeelingDusty,27/07/2024,20,16792,St Kilda,Essendon,12701,Callum,Wilkie,St Kilda,0.065531116
FeelingDusty,27/07/2024,20,16792,St Kilda,Essendon,13041,Anthony,Caminiti,St Kilda,0.174811355
FeelingDusty,27/07/2024,20,16794,Fremantle,West Coast,12764,Sam,Sturt,Fremantle,0.001586695
FeelingDusty,27/07/2024,20,16794,Fremantle,West Coast,12149,Jaeger,OMeara,Fremantle,0.049264498
FeelingDusty,27/07/2024,20,16794,Fremantle,West Coast,12786,Caleb,Serong,Fremantle,2.07416821
FeelingDusty,27/07/2024,20,16794,Fremantle,West Coast,12555,Sean,Darcy,Fremantle,0.024934411
FeelingDusty,27/07/2024,20,16794,Fremantle,West Coast,12876,Heath,Chapman,Fremantle,0.001586695
FeelingDusty,27/07/2024,20,16794,Fremantle,West Coast,12688,Jordan,Clark,Fremantle,0.020690729
FeelingDusty,27/07/2024,20,16794,Fremantle,West Coast,11844,Nat,Fyfe,Fremantle,0.001379244
FeelingDusty,27/07/2024,20,16794,Fremantle,West Coast,12596,Andrew,Brayshaw,Fremantle,2.656771351
FeelingDusty,27/07/2024,20,16794,Fremantle,West Coast,12779,Luke,Jackson,Fremantle,0.000957146
FeelingDusty,27/07/2024,20,16794,Fremantle,West Coast,12252,James,Aish,Fremantle,0.001586695
FeelingDusty,27/07/2024,20,16794,Fremantle,West Coast,12550,Luke,Ryan,Fremantle,0.00250278
FeelingDusty,27/07/2024,20,16794,Fremantle,West Coast,12821,Jeremy,Sharp,Fremantle,0.005334251
FeelingDusty,27/07/2024,20,16794,Fremantle,West Coast,13093,Tom,Emmett,Fremantle,0.00635626
FeelingDusty,27/07/2024,20,16794,Fremantle,West Coast,12983,Jye,Amiss,Fremantle,0.001586695
FeelingDusty,27/07/2024,20,16794,Fremantle,West Coast,12777,Hayden,Young,Fremantle,0.041351224
FeelingDusty,27/07/2024,20,16794,Fremantle,West Coast,12915,Brandon,Walker,Fremantle,0.002366205
FeelingDusty,27/07/2024,20,16794,Fremantle,West Coast,12803,Michael,Frederick,Fremantle,0.00635626
FeelingDusty,27/07/2024,20,16794,Fremantle,West Coast,12461,Corey,Wagner,Fremantle,0.001586695
FeelingDusty,27/07/2024,20,16794,Fremantle,West Coast,12888,Josh,Treacy,Fremantle,0.405734819
FeelingDusty,27/07/2024,20,16794,Fremantle,West Coast,12552,Brennan,Cox,Fremantle,0.002526098
FeelingDusty,27/07/2024,20,16794,Fremantle,West Coast,13113,Joshua,Draper,Fremantle,0.001586695
FeelingDusty,27/07/2024,20,16794,Fremantle,West Coast,12679,Sam,Switkowski,Fremantle,0.003294476
FeelingDusty,27/07/2024,20,16794,Fremantle,West Coast,12595,Bailey,Banfield,Fremantle,0.001586695
FeelingDusty,27/07/2024,20,16794,Fremantle,West Coast,12607,Liam,Ryan,West Coast,0.000924472
FeelingDusty,27/07/2024,20,16794,Fremantle,West Coast,12609,Jake,Waterman,West Coast,0.002001396
FeelingDusty,27/07/2024,20,16794,Fremantle,West Coast,12433,Jayden,Hunt,West Coast,0
FeelingDusty,27/07/2024,20,16794,Fremantle,West Coast,12093,Elliot,Yeo,West Coast,0.103531422
FeelingDusty,27/07/2024,20,16794,Fremantle,West Coast,13032,Reuben,Ginbey,West Coast,0
FeelingDusty,27/07/2024,20,16794,Fremantle,West Coast,13112,Harley,Reid,West Coast,0.061129078
FeelingDusty,27/07/2024,20,16794,Fremantle,West Coast,12605,Tim,Kelly,West Coast,0.356224715
FeelingDusty,27/07/2024,20,16794,Fremantle,West Coast,12662,Oscar,Allen,West Coast,0
FeelingDusty,27/07/2024,20,16794,Fremantle,West Coast,11942,Jamie,Cripps,West Coast,0
FeelingDusty,27/07/2024,20,16794,Fremantle,West Coast,12912,Luke,Edwards,West Coast,0.001620626
FeelingDusty,27/07/2024,20,16794,Fremantle,West Coast,12958,Brady,Hough,West Coast,0
FeelingDusty,27/07/2024,20,16794,Fremantle,West Coast,12630,Jack,Petruccelle,West Coast,0
FeelingDusty,27/07/2024,20,16794,Fremantle,West Coast,13010,Zane,Trew,West Coast,0.001620626
FeelingDusty,27/07/2024,20,16794,Fremantle,West Coast,11908,Jack,Darling,West Coast,0
FeelingDusty,27/07/2024,20,16794,Fremantle,West Coast,12454,Tom,Cole,West Coast,0.129586582
FeelingDusty,27/07/2024,20,16794,Fremantle,West Coast,12837,Bailey J.,Williams,West Coast,0.01724489
FeelingDusty,27/07/2024,20,16794,Fremantle,West Coast,12960,Jack,Williams,West Coast,0.000801158
FeelingDusty,27/07/2024,20,16794,Fremantle,West Coast,12709,Josh,Rotham,West Coast,0
FeelingDusty,27/07/2024,20,16794,Fremantle,West Coast,12391,Tom,Barrass,West Coast,0.00844349
FeelingDusty,27/07/2024,20,16794,Fremantle,West Coast,13071,Ryan,Maric,West Coast,0.001620626
FeelingDusty,27/07/2024,20,16794,Fremantle,West Coast,12812,Harry,Edwards,West Coast,0.000156094
FeelingDusty,27/07/2024,20,16794,Fremantle,West Coast,13152,Jack,Hutchinson,West Coast,0
FeelingDusty,27/07/2024,20,16794,Fremantle,West Coast,13016,Jai,Culley,West Coast,0
FeelingDusty,27/07/2024,20,16793,Melbourne,GWS,13128,Darcy,Jones,GWS,0.001217087
FeelingDusty,27/07/2024,20,16793,Melbourne,GWS,12026,Toby,Greene,GWS,0.102185167
FeelingDusty,27/07/2024,20,16793,Melbourne,GWS,13054,Aaron,Cadman,GWS,0.001217087
FeelingDusty,27/07/2024,20,16793,Melbourne,GWS,12147,Lachie,Whitfield,GWS,0.914503294
FeelingDusty,27/07/2024,20,16793,Melbourne,GWS,12782,Lachie,Ash,GWS,0.001217087
FeelingDusty,27/07/2024,20,16793,Melbourne,GWS,11683,Callan,Ward,GWS,0.026872197
FeelingDusty,27/07/2024,20,16793,Melbourne,GWS,12766,Tom,Green,GWS,0.846807623
FeelingDusty,27/07/2024,20,16793,Melbourne,GWS,12773,Toby,Bedford,GWS,0.013406601
FeelingDusty,27/07/2024,20,16793,Melbourne,GWS,12651,Sam,Taylor,GWS,0.001217087
FeelingDusty,27/07/2024,20,16793,Melbourne,GWS,12663,Brent,Daniels,GWS,0.253628322
FeelingDusty,27/07/2024,20,16793,Melbourne,GWS,12970,Finn,Callaghan,GWS,2.109703825
FeelingDusty,27/07/2024,20,16793,Melbourne,GWS,12934,James,Peatling,GWS,1.467846795
FeelingDusty,27/07/2024,20,16793,Melbourne,GWS,12326,Jesse,Hogan,GWS,0.118789737
FeelingDusty,27/07/2024,20,16793,Melbourne,GWS,12835,Jake,Riccardi,GWS,0.001217087
FeelingDusty,27/07/2024,20,16793,Melbourne,GWS,12470,Harry,Himmelberg,GWS,0.010603492
FeelingDusty,27/07/2024,20,16793,Melbourne,GWS,13101,Harvey,Thomas,GWS,0.001217087
FeelingDusty,27/07/2024,20,16793,Melbourne,GWS,13089,Toby,McMullin,GWS,0.001217087
FeelingDusty,27/07/2024,20,16793,Melbourne,GWS,12905,Kieren,Briggs,GWS,0.021619603
FeelingDusty,27/07/2024,20,16793,Melbourne,GWS,12822,Xavier,OHalloran,GWS,0.003593554
FeelingDusty,27/07/2024,20,16793,Melbourne,GWS,12541,Harry,Perryman,GWS,0.001592773
FeelingDusty,27/07/2024,20,16793,Melbourne,GWS,13165,Joe,Fonti,GWS,0.001217087
FeelingDusty,27/07/2024,20,16793,Melbourne,GWS,12749,Connor,Idun,GWS,0.001592773
FeelingDusty,27/07/2024,20,16793,Melbourne,GWS,12845,Jack,Buckley,GWS,0.00683095
FeelingDusty,27/07/2024,20,16793,Melbourne,GWS,11945,Steven,May,Melbourne,0
FeelingDusty,27/07/2024,20,16793,Melbourne,GWS,13048,Jacob,van Rooyen,Melbourne,0.000413367
FeelingDusty,27/07/2024,20,16793,Melbourne,GWS,13036,Judd,McVee,Melbourne,0.000413367
FeelingDusty,27/07/2024,20,16793,Melbourne,GWS,13099,Caleb,Windsor,Melbourne,0.002789834
FeelingDusty,27/07/2024,20,16793,Melbourne,GWS,12152,Jack,Viney,Melbourne,0
FeelingDusty,27/07/2024,20,16793,Melbourne,GWS,12359,Jake,Lever,Melbourne,0.00146288
FeelingDusty,27/07/2024,20,16793,Melbourne,GWS,11972,Max,Gawn,Melbourne,0.018847736
FeelingDusty,27/07/2024,20,16793,Melbourne,GWS,12411,Clayton,Oliver,Melbourne,0.055228566
FeelingDusty,27/07/2024,20,16793,Melbourne,GWS,12255,Jack,Billings,Melbourne,0.000413367
FeelingDusty,27/07/2024,20,16793,Melbourne,GWS,12401,Ed,Langdon,Melbourne,0.003293373
FeelingDusty,27/07/2024,20,16793,Melbourne,GWS,13035,Bailey,Laurie,Melbourne,0.000413367
FeelingDusty,27/07/2024,20,16793,Melbourne,GWS,12933,Jake,Bowey,Melbourne,0.001342036
FeelingDusty,27/07/2024,20,16793,Melbourne,GWS,11828,Jake,Melksham,Melbourne,0
FeelingDusty,27/07/2024,20,16793,Melbourne,GWS,12778,Trent,Rivers,Melbourne,0.001768504
FeelingDusty,27/07/2024,20,16793,Melbourne,GWS,12015,Tom,McDonald,Melbourne,0.000413367
FeelingDusty,27/07/2024,20,16793,Melbourne,GWS,12375,Alex,Neal-Bullen,Melbourne,0.00168539
FeelingDusty,27/07/2024,20,16793,Melbourne,GWS,12603,Bayley,Fritsch,Melbourne,0.000413367
FeelingDusty,27/07/2024,20,16793,Melbourne,GWS,12660,Harrison,Petty,Melbourne,0.000413367
FeelingDusty,27/07/2024,20,16793,Melbourne,GWS,12774,Kysaiah,Pickett,Melbourne,0
FeelingDusty,27/07/2024,20,16793,Melbourne,GWS,12756,Kade,Chandler,Melbourne,0.00013461
FeelingDusty,27/07/2024,20,16793,Melbourne,GWS,13078,Taj,Woewodin,Melbourne,0.000413367
FeelingDusty,27/07/2024,20,16793,Melbourne,GWS,12998,Daniel,Turner,Melbourne,0.000413367
FeelingDusty,27/07/2024,20,16793,Melbourne,GWS,13160,Andy,Moniz-Wakefield,Melbourne,0.000413367
FeelingDusty,28/07/2024,20,16795,Collingwood,Richmond,12586,Patrick,Lipinski,Collingwood,0.005193511
FeelingDusty,28/07/2024,20,16795,Collingwood,Richmond,12740,Isaac,Quaynor,Collingwood,0.002064967
FeelingDusty,28/07/2024,20,16795,Collingwood,Richmond,12380,Brayden,Maynard,Collingwood,0.002064967
FeelingDusty,28/07/2024,20,16795,Collingwood,Richmond,12091,Jamie,Elliott,Collingwood,0.01819005
FeelingDusty,28/07/2024,20,16795,Collingwood,Richmond,12582,Josh,Daicos,Collingwood,1.535429502
FeelingDusty,28/07/2024,20,16795,Collingwood,Richmond,12704,Lachie,Schultz,Collingwood,0.004287519
FeelingDusty,28/07/2024,20,16795,Collingwood,Richmond,12743,John,Noble,Collingwood,0.002584862
FeelingDusty,28/07/2024,20,16795,Collingwood,Richmond,11506,Scott,Pendlebury,Collingwood,0.1053631
FeelingDusty,28/07/2024,20,16795,Collingwood,Richmond,12297,Daniel,McStay,Collingwood,0.007068456
FeelingDusty,28/07/2024,20,16795,Collingwood,Richmond,12666,Darcy,Cameron,Collingwood,0.487969858
FeelingDusty,28/07/2024,20,16795,Collingwood,Richmond,11759,Steele,Sidebottom,Collingwood,0.001289824
FeelingDusty,28/07/2024,20,16795,Collingwood,Richmond,12744,Bobby,Hill,Collingwood,0.043609161
FeelingDusty,28/07/2024,20,16795,Collingwood,Richmond,12067,Jack,Crisp,Collingwood,0.004792888
FeelingDusty,28/07/2024,20,16795,Collingwood,Richmond,12824,Jack,Bytel,Collingwood,0.007251154
FeelingDusty,28/07/2024,20,16795,Collingwood,Richmond,12381,Darcy,Moore,Collingwood,0.093425636
FeelingDusty,28/07/2024,20,16795,Collingwood,Richmond,12029,Will,Hoskin-Elliott,Collingwood,0.004780536
FeelingDusty,28/07/2024,20,16795,Collingwood,Richmond,13134,Lachlan,Sullivan,Collingwood,0.002064967
FeelingDusty,28/07/2024,20,16795,Collingwood,Richmond,12948,Nick,Daicos,Collingwood,3
FeelingDusty,28/07/2024,20,16795,Collingwood,Richmond,13070,Harvey,Harrison,Collingwood,0.002064967
FeelingDusty,28/07/2024,20,16795,Collingwood,Richmond,11973,Jeremy,Howe,Collingwood,0.001289824
FeelingDusty,28/07/2024,20,16795,Collingwood,Richmond,13025,Ned,Long,Collingwood,0.000611001
FeelingDusty,28/07/2024,20,16795,Collingwood,Richmond,13148,Wil,Parker,Collingwood,0.002064967
FeelingDusty,28/07/2024,20,16795,Collingwood,Richmond,12435,Mason,Cox,Collingwood,0.001378775
FeelingDusty,28/07/2024,20,16795,Collingwood,Richmond,12180,Nick,Vlastuin,Richmond,0.080390503
FeelingDusty,28/07/2024,20,16795,Collingwood,Richmond,11921,Dion,Prestia,Richmond,0.005893682
FeelingDusty,28/07/2024,20,16795,Collingwood,Richmond,12668,Liam,Baker,Richmond,0.002109125
FeelingDusty,28/07/2024,20,16795,Collingwood,Richmond,12904,Hugo,Ralphsmith,Richmond,0.002109125
FeelingDusty,28/07/2024,20,16795,Collingwood,Richmond,12512,Tim,Taranto,Richmond,0.002109125
FeelingDusty,28/07/2024,20,16795,Collingwood,Richmond,12425,Jayden,Short,Richmond,0
FeelingDusty,28/07/2024,20,16795,Collingwood,Richmond,12409,Daniel,Rioli,Richmond,0
FeelingDusty,28/07/2024,20,16795,Collingwood,Richmond,12861,Jacob,Koschitzke,Richmond,0
FeelingDusty,28/07/2024,20,16795,Collingwood,Richmond,12686,Noah,Balta,Richmond,0
FeelingDusty,28/07/2024,20,16795,Collingwood,Richmond,12447,Jacob,Hopper,Richmond,0
FeelingDusty,28/07/2024,20,16795,Collingwood,Richmond,12836,Thomson,Dow,Richmond,0
FeelingDusty,28/07/2024,20,16795,Collingwood,Richmond,12542,Shai,Bolton,Richmond,0
FeelingDusty,28/07/2024,20,16795,Collingwood,Richmond,13097,Tom,Brown,Richmond,0.00260467
FeelingDusty,28/07/2024,20,16795,Collingwood,Richmond,12884,Rhyan,Mansell,Richmond,0
FeelingDusty,28/07/2024,20,16795,Collingwood,Richmond,12918,Samson,Ryan,Richmond,0.002614286
FeelingDusty,28/07/2024,20,16795,Collingwood,Richmond,12324,Kamdyn,McIntosh,Richmond,0
FeelingDusty,28/07/2024,20,16795,Collingwood,Richmond,12464,Nathan,Broad,Richmond,0.565219869
FeelingDusty,28/07/2024,20,16795,Collingwood,Richmond,13096,James,Trezise,Richmond,0
FeelingDusty,28/07/2024,20,16795,Collingwood,Richmond,13076,Sam,Banks,Richmond,0.002109125
FeelingDusty,28/07/2024,20,16795,Collingwood,Richmond,13100,Seth,Campbell,Richmond,0
FeelingDusty,28/07/2024,20,16795,Collingwood,Richmond,12940,Ben,Miller,Richmond,0
FeelingDusty,28/07/2024,20,16795,Collingwood,Richmond,13144,Steely,Green,Richmond,0
FeelingDusty,28/07/2024,20,16795,Collingwood,Richmond,13150,Kaleb,Smith,Richmond,0
FeelingDusty,28/07/2024,20,16796,Sydney,Western Bulldogs,12799,Chad,Warner,Sydney,0.002755965
FeelingDusty,28/07/2024,20,16796,Sydney,Western Bulldogs,12745,Hayden,McLean,Sydney,0
FeelingDusty,28/07/2024,20,16796,Sydney,Western Bulldogs,12070,Taylor,Adams,Sydney,0.00384597
FeelingDusty,28/07/2024,20,16796,Sydney,Western Bulldogs,12223,Brodie,Grundy,Sydney,0.020387164
FeelingDusty,28/07/2024,20,16796,Sydney,Western Bulldogs,12331,Isaac,Heeney,Sydney,0
FeelingDusty,28/07/2024,20,16796,Sydney,Western Bulldogs,12863,Logan,McDonald,Sydney,0
FeelingDusty,28/07/2024,20,16796,Sydney,Western Bulldogs,12038,Harry,Cunningham,Sydney,0
FeelingDusty,28/07/2024,20,16796,Sydney,Western Bulldogs,12516,Will,Hayward,Sydney,0
FeelingDusty,28/07/2024,20,16796,Sydney,Western Bulldogs,12501,Oliver,Florent,Sydney,0
FeelingDusty,28/07/2024,20,16796,Sydney,Western Bulldogs,12418,Callum,Mills,Sydney,0
FeelingDusty,28/07/2024,20,16796,Sydney,Western Bulldogs,12820,Sam,Wicks,Sydney,0
FeelingDusty,28/07/2024,20,16796,Sydney,Western Bulldogs,12865,Braeden,Campbell,Sydney,0
FeelingDusty,28/07/2024,20,16796,Sydney,Western Bulldogs,12853,James,Jordon,Sydney,0.002755965
FeelingDusty,28/07/2024,20,16796,Sydney,Western Bulldogs,12864,Errol,Gulden,Sydney,0.106171191
FeelingDusty,28/07/2024,20,16796,Sydney,Western Bulldogs,12699,Nick,Blakey,Sydney,0
FeelingDusty,28/07/2024,20,16796,Sydney,Western Bulldogs,11958,Luke,Parker,Sydney,0
FeelingDusty,28/07/2024,20,16796,Sydney,Western Bulldogs,12634,Tom,McCartin,Sydney,0.000952843
FeelingDusty,28/07/2024,20,16796,Sydney,Western Bulldogs,12993,Matt,Roberts,Sydney,0.560896279
FeelingDusty,28/07/2024,20,16796,Sydney,Western Bulldogs,12847,Joel,Amartey,Sydney,0
FeelingDusty,28/07/2024,20,16796,Sydney,Western Bulldogs,13053,Corey,Warner,Sydney,0
FeelingDusty,28/07/2024,20,16796,Sydney,Western Bulldogs,12515,Robbie,Fox,Sydney,0
FeelingDusty,28/07/2024,20,16796,Sydney,Western Bulldogs,12533,Lewis,Melican,Sydney,0
FeelingDusty,28/07/2024,20,16796,Sydney,Western Bulldogs,12275,Jake,Lloyd,Sydney,0.002487072
FeelingDusty,28/07/2024,20,16796,Sydney,Western Bulldogs,12058,Adam,Treloar,Western Bulldogs,3
FeelingDusty,28/07/2024,20,16796,Sydney,Western Bulldogs,12924,Jamarra,Ugle-Hagan,Western Bulldogs,1.07868526
FeelingDusty,28/07/2024,20,16796,Sydney,Western Bulldogs,12801,Cody,Weightman,Western Bulldogs,0
FeelingDusty,28/07/2024,20,16796,Sydney,Western Bulldogs,12277,Marcus,Bontempelli,Western Bulldogs,0.069023152
FeelingDusty,28/07/2024,20,16796,Sydney,Western Bulldogs,12289,Rory,Lobb,Western Bulldogs,0.00322439
FeelingDusty,28/07/2024,20,16796,Sydney,Western Bulldogs,13023,Sam,Darcy,Western Bulldogs,0.002698264
FeelingDusty,28/07/2024,20,16796,Sydney,Western Bulldogs,12748,Rhylee,West,Western Bulldogs,0.003344525
FeelingDusty,28/07/2024,20,16796,Sydney,Western Bulldogs,12169,Taylor,Duryea,Western Bulldogs,0.001685396
FeelingDusty,28/07/2024,20,16796,Sydney,Western Bulldogs,12615,Nick,Coffield,Western Bulldogs,0.00322439
FeelingDusty,28/07/2024,20,16796,Sydney,Western Bulldogs,11874,Liam,Jones,Western Bulldogs,0.466441511
FeelingDusty,28/07/2024,20,16796,Sydney,Western Bulldogs,12612,Ed,Richards,Western Bulldogs,0.454710282
FeelingDusty,28/07/2024,20,16796,Sydney,Western Bulldogs,11904,Tom,Liberatore,Western Bulldogs,0.130467333
FeelingDusty,28/07/2024,20,16796,Sydney,Western Bulldogs,12781,Laitham,Vandermeer,Western Bulldogs,0.006786289
FeelingDusty,28/07/2024,20,16796,Sydney,Western Bulldogs,12901,Buku,Khamis,Western Bulldogs,0.002698264
FeelingDusty,28/07/2024,20,16796,Sydney,Western Bulldogs,12897,Caleb,Poulter,Western Bulldogs,0.002698264
FeelingDusty,28/07/2024,20,16796,Sydney,Western Bulldogs,12917,Lachlan,Bramble,Western Bulldogs,0.012036228
FeelingDusty,28/07/2024,20,16796,Sydney,Western Bulldogs,12851,Lachlan,McNeil,Western Bulldogs,0.002698264
FeelingDusty,28/07/2024,20,16796,Sydney,Western Bulldogs,12362,Bailey,Dale,Western Bulldogs,0.00677147
FeelingDusty,28/07/2024,20,16796,Sydney,Western Bulldogs,12602,Aaron,Naughton,Western Bulldogs,0.027914451
FeelingDusty,28/07/2024,20,16796,Sydney,Western Bulldogs,12449,Bailey,Williams,Western Bulldogs,0.006786289
FeelingDusty,28/07/2024,20,16796,Sydney,Western Bulldogs,12382,Caleb,Daniel,Western Bulldogs,0.002698264
FeelingDusty,28/07/2024,20,16796,Sydney,Western Bulldogs,12908,Riley,Garcia,Western Bulldogs,0.002698264
FeelingDusty,28/07/2024,20,16796,Sydney,Western Bulldogs,12548,Tim,English,Western Bulldogs,0.012457003
FeelingDusty,28/07/2024,20,16797,Adelaide,Hawthorn,12697,Chayce,Jones,Adelaide,0
FeelingDusty,28/07/2024,20,16797,Adelaide,Hawthorn,12441,Ben,Keays,Adelaide,0
FeelingDusty,28/07/2024,20,16797,Adelaide,Hawthorn,12855,Sam,Berry,Adelaide,0.002096828
FeelingDusty,28/07/2024,20,16797,Adelaide,Hawthorn,12592,Lachlan,Murphy,Adelaide,0
FeelingDusty,28/07/2024,20,16797,Adelaide,Hawthorn,13133,Daniel,Curtin,Adelaide,0
FeelingDusty,28/07/2024,20,16797,Adelaide,Hawthorn,12893,Riley,Thilthorpe,Adelaide,0.001196118
FeelingDusty,28/07/2024,20,16797,Adelaide,Hawthorn,12957,Josh,Rachele,Adelaide,0
FeelingDusty,28/07/2024,20,16797,Adelaide,Hawthorn,11724,Taylor,Walker,Adelaide,0.00068705
FeelingDusty,28/07/2024,20,16797,Adelaide,Hawthorn,12956,Jake,Soligo,Adelaide,0.243682181
FeelingDusty,28/07/2024,20,16797,Adelaide,Hawthorn,12936,Brayden,Cook,Adelaide,0
FeelingDusty,28/07/2024,20,16797,Adelaide,Hawthorn,13038,Max,Michalanney,Adelaide,0.000889251
FeelingDusty,28/07/2024,20,16797,Adelaide,Hawthorn,13161,Zac,Taylor,Adelaide,0.000889251
FeelingDusty,28/07/2024,20,16797,Adelaide,Hawthorn,12725,Mitchell,Hinge,Adelaide,0.002104687
FeelingDusty,28/07/2024,20,16797,Adelaide,Hawthorn,13084,Luke,Nankervis,Adelaide,0
FeelingDusty,28/07/2024,20,16797,Adelaide,Hawthorn,12171,Rory,Laird,Adelaide,0.118879163
FeelingDusty,28/07/2024,20,16797,Adelaide,Hawthorn,13151,Billy,Dowling,Adelaide,0.00020196
FeelingDusty,28/07/2024,20,16797,Adelaide,Hawthorn,12591,Darcy,Fogarty,Adelaide,0
FeelingDusty,28/07/2024,20,16797,Adelaide,Hawthorn,12683,Elliott,Himmelberg,Adelaide,0
FeelingDusty,28/07/2024,20,16797,Adelaide,Hawthorn,13088,James,Borlase,Adelaide,0
FeelingDusty,28/07/2024,20,16797,Adelaide,Hawthorn,12818,Lachlan,Sholl,Adelaide,0.438477209
FeelingDusty,28/07/2024,20,16797,Adelaide,Hawthorn,13166,Hugh,Bond,Adelaide,0.002096828
FeelingDusty,28/07/2024,20,16797,Adelaide,Hawthorn,12483,Reilly,OBrien,Adelaide,0.181268768
FeelingDusty,28/07/2024,20,16797,Adelaide,Hawthorn,12813,Mark,Keane,Adelaide,0
FeelingDusty,28/07/2024,20,16797,Adelaide,Hawthorn,12913,Jai,Newcombe,Hawthorn,0.496775345
FeelingDusty,28/07/2024,20,16797,Adelaide,Hawthorn,12245,Jarman,Impey,Hawthorn,0.371812652
FeelingDusty,28/07/2024,20,16797,Adelaide,Hawthorn,12626,James,Worpel,Hawthorn,0.00950893
FeelingDusty,28/07/2024,20,16797,Adelaide,Hawthorn,12342,James,Sicily,Hawthorn,0.007361551
FeelingDusty,28/07/2024,20,16797,Adelaide,Hawthorn,12124,Sam,Frost,Hawthorn,0.002052928
FeelingDusty,28/07/2024,20,16797,Adelaide,Hawthorn,12753,Changkuoth,Jiath,Hawthorn,0.003268364
FeelingDusty,28/07/2024,20,16797,Adelaide,Hawthorn,12365,Karl,Amon,Hawthorn,0.007864128
FeelingDusty,28/07/2024,20,16797,Adelaide,Hawthorn,12678,Conor,Nash,Hawthorn,0.00632006
FeelingDusty,28/07/2024,20,16797,Adelaide,Hawthorn,12794,Will,Day,Hawthorn,0.886047696
FeelingDusty,28/07/2024,20,16797,Adelaide,Hawthorn,12710,Dylan,Moore,Hawthorn,0.025479873
FeelingDusty,28/07/2024,20,16797,Adelaide,Hawthorn,12571,Jack,Scrimshaw,Hawthorn,0.003268364
FeelingDusty,28/07/2024,20,16797,Adelaide,Hawthorn,12477,Blake,Hardwick,Hawthorn,0.006378668
FeelingDusty,28/07/2024,20,16797,Adelaide,Hawthorn,12999,Massimo,DAmbrosio,Hawthorn,0.002052928
FeelingDusty,28/07/2024,20,16797,Adelaide,Hawthorn,12854,Lloyd,Meek,Hawthorn,0.035336656
FeelingDusty,28/07/2024,20,16797,Adelaide,Hawthorn,12491,Mabior,Chol,Hawthorn,0.118015273
FeelingDusty,28/07/2024,20,16797,Adelaide,Hawthorn,11960,Luke,Breust,Hawthorn,0.004800186
FeelingDusty,28/07/2024,20,16797,Adelaide,Hawthorn,13059,Josh,Weddle,Hawthorn,0.003268364
FeelingDusty,28/07/2024,20,16797,Adelaide,Hawthorn,12954,Josh,Ward,Hawthorn,0.002052928
FeelingDusty,28/07/2024,20,16797,Adelaide,Hawthorn,12953,Connor,Macdonald,Hawthorn,3
FeelingDusty,28/07/2024,20,16797,Adelaide,Hawthorn,12846,Finn,Maginness,Hawthorn,0.002052928
FeelingDusty,28/07/2024,20,16797,Adelaide,Hawthorn,12928,Jack,Ginnivan,Hawthorn,0.004754218
FeelingDusty,28/07/2024,20,16797,Adelaide,Hawthorn,13103,Nick,Watson,Hawthorn,0.007354763
FeelingDusty,28/07/2024,20,16797,Adelaide,Hawthorn,13137,Calsher,Dear,Hawthorn,0.001703905
FeelingDusty,2/08/2024,21,16799,West Coast,Gold Coast,12825,Sam,Flanders,Gold Coast,0
FeelingDusty,2/08/2024,21,16799,West Coast,Gold Coast,12086,Alex,Sexton,Gold Coast,0
FeelingDusty,2/08/2024,21,16799,West Coast,Gold Coast,12314,Nick,Holman,Gold Coast,0.000144133
FeelingDusty,2/08/2024,21,16799,West Coast,Gold Coast,12489,Brayden,Fiorini,Gold Coast,0.000144133
FeelingDusty,2/08/2024,21,16799,West Coast,Gold Coast,12631,Charlie,Ballard,Gold Coast,0.004476141
FeelingDusty,2/08/2024,21,16799,West Coast,Gold Coast,12703,Jack,Lukosius,Gold Coast,0.000144133
FeelingDusty,2/08/2024,21,16799,West Coast,Gold Coast,12393,Lachie,Weller,Gold Coast,0.000144133
FeelingDusty,2/08/2024,21,16799,West Coast,Gold Coast,12767,Noah,Anderson,Gold Coast,0.129047537
FeelingDusty,2/08/2024,21,16799,West Coast,Gold Coast,12769,Matt,Rowell,Gold Coast,1.601689039
FeelingDusty,2/08/2024,21,16799,West Coast,Gold Coast,13050,Bailey,Humphrey,Gold Coast,0.000144133
FeelingDusty,2/08/2024,21,16799,West Coast,Gold Coast,12529,Ben,Long,Gold Coast,0.002399752
FeelingDusty,2/08/2024,21,16799,West Coast,Gold Coast,11923,David,Swallow,Gold Coast,0.000144133
FeelingDusty,2/08/2024,21,16799,West Coast,Gold Coast,12453,Sam,Collins,Gold Coast,0.000144133
FeelingDusty,2/08/2024,21,16799,West Coast,Gold Coast,13120,Will,Graham,Gold Coast,0
FeelingDusty,2/08/2024,21,16799,West Coast,Gold Coast,12658,Wil,Powell,Gold Coast,0.107738974
FeelingDusty,2/08/2024,21,16799,West Coast,Gold Coast,12184,Jarrod,Witts,Gold Coast,0.971173435
FeelingDusty,2/08/2024,21,16799,West Coast,Gold Coast,13019,Mac,Andrew,Gold Coast,0
FeelingDusty,2/08/2024,21,16799,West Coast,Gold Coast,13037,Bodhi,Uwland,Gold Coast,0.000144133
FeelingDusty,2/08/2024,21,16799,West Coast,Gold Coast,13119,Sam,Clohesy,Gold Coast,0.002922974
FeelingDusty,2/08/2024,21,16799,West Coast,Gold Coast,12728,Ben,King,Gold Coast,0.002725706
FeelingDusty,2/08/2024,21,16799,West Coast,Gold Coast,13091,Lloyd,Johnston,Gold Coast,0.000144133
FeelingDusty,2/08/2024,21,16799,West Coast,Gold Coast,12932,Joel,Jeffrey,Gold Coast,0.000144133
FeelingDusty,2/08/2024,21,16799,West Coast,Gold Coast,12903,Malcolm,Rosas,Gold Coast,0.000144133
FeelingDusty,2/08/2024,21,16799,West Coast,Gold Coast,12607,Liam,Ryan,West Coast,0.002273446
FeelingDusty,2/08/2024,21,16799,West Coast,Gold Coast,12609,Jake,Waterman,West Coast,0.670879755
FeelingDusty,2/08/2024,21,16799,West Coast,Gold Coast,12433,Jayden,Hunt,West Coast,0.004612991
FeelingDusty,2/08/2024,21,16799,West Coast,Gold Coast,12093,Elliot,Yeo,West Coast,1.14957558
FeelingDusty,2/08/2024,21,16799,West Coast,Gold Coast,13032,Reuben,Ginbey,West Coast,0.073675422
FeelingDusty,2/08/2024,21,16799,West Coast,Gold Coast,13112,Harley,Reid,West Coast,0.014871254
FeelingDusty,2/08/2024,21,16799,West Coast,Gold Coast,12605,Tim,Kelly,West Coast,0.914760653
FeelingDusty,2/08/2024,21,16799,West Coast,Gold Coast,12662,Oscar,Allen,West Coast,0.007484384
FeelingDusty,2/08/2024,21,16799,West Coast,Gold Coast,12340,Liam,Duggan,West Coast,0.114795925
FeelingDusty,2/08/2024,21,16799,West Coast,Gold Coast,11942,Jamie,Cripps,West Coast,0.024692609
FeelingDusty,2/08/2024,21,16799,West Coast,Gold Coast,12958,Brady,Hough,West Coast,0.002920057
FeelingDusty,2/08/2024,21,16799,West Coast,Gold Coast,12279,Jeremy,McGovern,West Coast,0.018597797
FeelingDusty,2/08/2024,21,16799,West Coast,Gold Coast,12554,Alex,Witherden,West Coast,0.008689409
FeelingDusty,2/08/2024,21,16799,West Coast,Gold Coast,13135,Harvey,Johnston,West Coast,0.001834149
FeelingDusty,2/08/2024,21,16799,West Coast,Gold Coast,13010,Zane,Trew,West Coast,0.001834149
FeelingDusty,2/08/2024,21,16799,West Coast,Gold Coast,11908,Jack,Darling,West Coast,0.142422602
FeelingDusty,2/08/2024,21,16799,West Coast,Gold Coast,12454,Tom,Cole,West Coast,0.001834149
FeelingDusty,2/08/2024,21,16799,West Coast,Gold Coast,13168,Clay,Hall,West Coast,0.001834149
FeelingDusty,2/08/2024,21,16799,West Coast,Gold Coast,12837,Bailey J.,Williams,West Coast,0.010876606
FeelingDusty,2/08/2024,21,16799,West Coast,Gold Coast,12960,Jack,Williams,West Coast,0.002273446
FeelingDusty,2/08/2024,21,16799,West Coast,Gold Coast,13071,Ryan,Maric,West Coast,0.001834149
FeelingDusty,2/08/2024,21,16799,West Coast,Gold Coast,12812,Harry,Edwards,West Coast,0.001834149
FeelingDusty,2/08/2024,21,16799,West Coast,Gold Coast,13142,Tyrell,Dewar,West Coast,0.001834149
FeelingDusty,2/08/2024,21,16798,Western Bulldogs,Melbourne,11945,Steven,May,Melbourne,0
FeelingDusty,2/08/2024,21,16798,Western Bulldogs,Melbourne,13048,Jacob,van Rooyen,Melbourne,0
FeelingDusty,2/08/2024,21,16798,Western Bulldogs,Melbourne,13036,Judd,McVee,Melbourne,0
FeelingDusty,2/08/2024,21,16798,Western Bulldogs,Melbourne,12152,Jack,Viney,Melbourne,0.002177934
FeelingDusty,2/08/2024,21,16798,Western Bulldogs,Melbourne,12359,Jake,Lever,Melbourne,0
FeelingDusty,2/08/2024,21,16798,Western Bulldogs,Melbourne,11972,Max,Gawn,Melbourne,0.225989151
FeelingDusty,2/08/2024,21,16798,Western Bulldogs,Melbourne,12411,Clayton,Oliver,Melbourne,0.032421203
FeelingDusty,2/08/2024,21,16798,Western Bulldogs,Melbourne,12401,Ed,Langdon,Melbourne,0.001872433
FeelingDusty,2/08/2024,21,16798,Western Bulldogs,Melbourne,12933,Jake,Bowey,Melbourne,0
FeelingDusty,2/08/2024,21,16798,Western Bulldogs,Melbourne,11828,Jake,Melksham,Melbourne,0
FeelingDusty,2/08/2024,21,16798,Western Bulldogs,Melbourne,13098,Blake,Howes,Melbourne,0.001510621
FeelingDusty,2/08/2024,21,16798,Western Bulldogs,Melbourne,12778,Trent,Rivers,Melbourne,0.027773556
FeelingDusty,2/08/2024,21,16798,Western Bulldogs,Melbourne,12015,Tom,McDonald,Melbourne,0.00075166
FeelingDusty,2/08/2024,21,16798,Western Bulldogs,Melbourne,12375,Alex,Neal-Bullen,Melbourne,0
FeelingDusty,2/08/2024,21,16798,Western Bulldogs,Melbourne,12603,Bayley,Fritsch,Melbourne,0
FeelingDusty,2/08/2024,21,16798,Western Bulldogs,Melbourne,12692,Tom,Sparrow,Melbourne,0.000174004
FeelingDusty,2/08/2024,21,16798,Western Bulldogs,Melbourne,12660,Harrison,Petty,Melbourne,0
FeelingDusty,2/08/2024,21,16798,Western Bulldogs,Melbourne,12774,Kysaiah,Pickett,Melbourne,0.002054573
FeelingDusty,2/08/2024,21,16798,Western Bulldogs,Melbourne,12756,Kade,Chandler,Melbourne,0
FeelingDusty,2/08/2024,21,16798,Western Bulldogs,Melbourne,13123,Koltyn,Tholstrup,Melbourne,0
FeelingDusty,2/08/2024,21,16798,Western Bulldogs,Melbourne,13078,Taj,Woewodin,Melbourne,0.000145499
FeelingDusty,2/08/2024,21,16798,Western Bulldogs,Melbourne,12998,Daniel,Turner,Melbourne,0
FeelingDusty,2/08/2024,21,16798,Western Bulldogs,Melbourne,13160,Andy,Moniz-Wakefield,Melbourne,0
FeelingDusty,2/08/2024,21,16798,Western Bulldogs,Melbourne,12058,Adam,Treloar,Western Bulldogs,1.95081736
FeelingDusty,2/08/2024,21,16798,Western Bulldogs,Melbourne,12924,Jamarra,Ugle-Hagan,Western Bulldogs,0.4125137
FeelingDusty,2/08/2024,21,16798,Western Bulldogs,Melbourne,12801,Cody,Weightman,Western Bulldogs,0.008465938
FeelingDusty,2/08/2024,21,16798,Western Bulldogs,Melbourne,12277,Marcus,Bontempelli,Western Bulldogs,2.37983794
FeelingDusty,2/08/2024,21,16798,Western Bulldogs,Melbourne,12289,Rory,Lobb,Western Bulldogs,0.031713861
FeelingDusty,2/08/2024,21,16798,Western Bulldogs,Melbourne,13023,Sam,Darcy,Western Bulldogs,0.004710305
FeelingDusty,2/08/2024,21,16798,Western Bulldogs,Melbourne,12748,Rhylee,West,Western Bulldogs,0.001478993
FeelingDusty,2/08/2024,21,16798,Western Bulldogs,Melbourne,12169,Taylor,Duryea,Western Bulldogs,0.00179945
FeelingDusty,2/08/2024,21,16798,Western Bulldogs,Melbourne,12615,Nick,Coffield,Western Bulldogs,0.001478993
FeelingDusty,2/08/2024,21,16798,Western Bulldogs,Melbourne,11874,Liam,Jones,Western Bulldogs,0.00179945
FeelingDusty,2/08/2024,21,16798,Western Bulldogs,Melbourne,12612,Ed,Richards,Western Bulldogs,0.010117631
FeelingDusty,2/08/2024,21,16798,Western Bulldogs,Melbourne,11904,Tom,Liberatore,Western Bulldogs,0.012285175
FeelingDusty,2/08/2024,21,16798,Western Bulldogs,Melbourne,12781,Laitham,Vandermeer,Western Bulldogs,0.003719754
FeelingDusty,2/08/2024,21,16798,Western Bulldogs,Melbourne,12901,Buku,Khamis,Western Bulldogs,0.002354631
FeelingDusty,2/08/2024,21,16798,Western Bulldogs,Melbourne,12897,Caleb,Poulter,Western Bulldogs,0.125379196
FeelingDusty,2/08/2024,21,16798,Western Bulldogs,Melbourne,12917,Lachlan,Bramble,Western Bulldogs,0.006794628
FeelingDusty,2/08/2024,21,16798,Western Bulldogs,Melbourne,12851,Lachlan,McNeil,Western Bulldogs,0.001478993
FeelingDusty,2/08/2024,21,16798,Western Bulldogs,Melbourne,12362,Bailey,Dale,Western Bulldogs,0.645728636
FeelingDusty,2/08/2024,21,16798,Western Bulldogs,Melbourne,12602,Aaron,Naughton,Western Bulldogs,0.004263706
FeelingDusty,2/08/2024,21,16798,Western Bulldogs,Melbourne,12449,Bailey,Williams,Western Bulldogs,0.019520866
FeelingDusty,2/08/2024,21,16798,Western Bulldogs,Melbourne,12382,Caleb,Daniel,Western Bulldogs,0.001478993
FeelingDusty,2/08/2024,21,16798,Western Bulldogs,Melbourne,12908,Riley,Garcia,Western Bulldogs,0.001478993
FeelingDusty,2/08/2024,21,16798,Western Bulldogs,Melbourne,12548,Tim,English,Western Bulldogs,0.075912172
FeelingDusty,3/08/2024,21,16800,North Melbourne,Richmond,12598,Jaidyn,Stephenson,North Melbourne,0.019541844
FeelingDusty,3/08/2024,21,16800,North Melbourne,Richmond,13030,Harry,Sheezel,North Melbourne,0.189237666
FeelingDusty,3/08/2024,21,16800,North Melbourne,Richmond,12185,Aidan,Corr,North Melbourne,0.015812845
FeelingDusty,3/08/2024,21,16800,North Melbourne,Richmond,13104,Zane,Duursma,North Melbourne,0.001773229
FeelingDusty,3/08/2024,21,16800,North Melbourne,Richmond,12705,Bailey,Scott,North Melbourne,0.548329148
FeelingDusty,3/08/2024,21,16800,North Melbourne,Richmond,12599,Luke,Davies-Uniacke,North Melbourne,2.899447514
FeelingDusty,3/08/2024,21,16800,North Melbourne,Richmond,13105,Colby,McKercher,North Melbourne,0.104069427
FeelingDusty,3/08/2024,21,16800,North Melbourne,Richmond,12246,Luke,McDonald,North Melbourne,0.002922732
FeelingDusty,3/08/2024,21,16800,North Melbourne,Richmond,12511,Jy,Simpkin,North Melbourne,0
FeelingDusty,3/08/2024,21,16800,North Melbourne,Richmond,12434,Darcy,Tucker,North Melbourne,0.001354202
FeelingDusty,3/08/2024,21,16800,North Melbourne,Richmond,12798,Dylan,Stephens,North Melbourne,0.001773229
FeelingDusty,3/08/2024,21,16800,North Melbourne,Richmond,12569,Nick,Larkey,North Melbourne,0.284321099
FeelingDusty,3/08/2024,21,16800,North Melbourne,Richmond,12867,Tom,Powell,North Melbourne,0.12012046
FeelingDusty,3/08/2024,21,16800,North Melbourne,Richmond,12975,Paul,Curtis,North Melbourne,0.000259812
FeelingDusty,3/08/2024,21,16800,North Melbourne,Richmond,12878,Will,Phillips,North Melbourne,0.001773229
FeelingDusty,3/08/2024,21,16800,North Melbourne,Richmond,12939,Charlie,Comben,North Melbourne,0.01473231
FeelingDusty,3/08/2024,21,16800,North Melbourne,Richmond,13106,Toby,Pink,North Melbourne,0.001773229
FeelingDusty,3/08/2024,21,16800,North Melbourne,Richmond,13005,Jackson,Archer,North Melbourne,0.108206213
FeelingDusty,3/08/2024,21,16800,North Melbourne,Richmond,12789,Tristan,Xerri,North Melbourne,0.908125433
FeelingDusty,3/08/2024,21,16800,North Melbourne,Richmond,12923,Eddie,Ford,North Melbourne,0.001773229
FeelingDusty,3/08/2024,21,16800,North Melbourne,Richmond,13000,Brynn,Teakle,North Melbourne,0.001773229
FeelingDusty,3/08/2024,21,16800,North Melbourne,Richmond,12566,Cameron,Zurhaar,North Melbourne,0.002802059
FeelingDusty,3/08/2024,21,16800,North Melbourne,Richmond,13086,Robert,Hansen Jr,North Melbourne,0.001773229
FeelingDusty,3/08/2024,21,16800,North Melbourne,Richmond,12180,Nick,Vlastuin,Richmond,0.000931547
FeelingDusty,3/08/2024,21,16800,North Melbourne,Richmond,11921,Dion,Prestia,Richmond,0.477589925
FeelingDusty,3/08/2024,21,16800,North Melbourne,Richmond,11801,Dustin,Martin,Richmond,0
FeelingDusty,3/08/2024,21,16800,North Melbourne,Richmond,12668,Liam,Baker,Richmond,0.079760372
FeelingDusty,3/08/2024,21,16800,North Melbourne,Richmond,12904,Hugo,Ralphsmith,Richmond,0.00282589
FeelingDusty,3/08/2024,21,16800,North Melbourne,Richmond,12512,Tim,Taranto,Richmond,0.070383471
FeelingDusty,3/08/2024,21,16800,North Melbourne,Richmond,12425,Jayden,Short,Richmond,0.00559883
FeelingDusty,3/08/2024,21,16800,North Melbourne,Richmond,12409,Daniel,Rioli,Richmond,0.000139346
FeelingDusty,3/08/2024,21,16800,North Melbourne,Richmond,12861,Jacob,Koschitzke,Richmond,0.000139346
FeelingDusty,3/08/2024,21,16800,North Melbourne,Richmond,12686,Noah,Balta,Richmond,0.000485102
FeelingDusty,3/08/2024,21,16800,North Melbourne,Richmond,12447,Jacob,Hopper,Richmond,0.003542213
FeelingDusty,3/08/2024,21,16800,North Melbourne,Richmond,12379,Toby,Nankervis,Richmond,0.117451125
FeelingDusty,3/08/2024,21,16800,North Melbourne,Richmond,12542,Shai,Bolton,Richmond,0.000573138
FeelingDusty,3/08/2024,21,16800,North Melbourne,Richmond,13097,Tom,Brown,Richmond,0.000139346
FeelingDusty,3/08/2024,21,16800,North Melbourne,Richmond,12884,Rhyan,Mansell,Richmond,0.000139346
FeelingDusty,3/08/2024,21,16800,North Melbourne,Richmond,12324,Kamdyn,McIntosh,Richmond,0.000139346
FeelingDusty,3/08/2024,21,16800,North Melbourne,Richmond,12584,Jack,Graham,Richmond,0
FeelingDusty,3/08/2024,21,16800,North Melbourne,Richmond,12464,Nathan,Broad,Richmond,0.001640925
FeelingDusty,3/08/2024,21,16800,North Melbourne,Richmond,13096,James,Trezise,Richmond,0.000139346
FeelingDusty,3/08/2024,21,16800,North Melbourne,Richmond,13076,Sam,Banks,Richmond,0.00282589
FeelingDusty,3/08/2024,21,16800,North Melbourne,Richmond,13100,Seth,Campbell,Richmond,0
FeelingDusty,3/08/2024,21,16800,North Melbourne,Richmond,12940,Ben,Miller,Richmond,0.003860129
FeelingDusty,3/08/2024,21,16800,North Melbourne,Richmond,13144,Steely,Green,Richmond,0
FeelingDusty,3/08/2024,21,16801,Geelong,Adelaide,12441,Ben,Keays,Adelaide,0.058134096
FeelingDusty,3/08/2024,21,16801,Geelong,Adelaide,12855,Sam,Berry,Adelaide,0.00665462
FeelingDusty,3/08/2024,21,16801,Geelong,Adelaide,12592,Lachlan,Murphy,Adelaide,0.000145497
FeelingDusty,3/08/2024,21,16801,Geelong,Adelaide,12265,Matt,Crouch,Adelaide,0.058727442
FeelingDusty,3/08/2024,21,16801,Geelong,Adelaide,13133,Daniel,Curtin,Adelaide,0.000145497
FeelingDusty,3/08/2024,21,16801,Geelong,Adelaide,12893,Riley,Thilthorpe,Adelaide,0.257054528
FeelingDusty,3/08/2024,21,16801,Geelong,Adelaide,12957,Josh,Rachele,Adelaide,0.405734058
FeelingDusty,3/08/2024,21,16801,Geelong,Adelaide,12519,Jordan,Dawson,Adelaide,0.141978848
FeelingDusty,3/08/2024,21,16801,Geelong,Adelaide,11724,Taylor,Walker,Adelaide,0
FeelingDusty,3/08/2024,21,16801,Geelong,Adelaide,12956,Jake,Soligo,Adelaide,0.05216645
FeelingDusty,3/08/2024,21,16801,Geelong,Adelaide,13038,Max,Michalanney,Adelaide,0.00124168
FeelingDusty,3/08/2024,21,16801,Geelong,Adelaide,13161,Zac,Taylor,Adelaide,0.000145497
FeelingDusty,3/08/2024,21,16801,Geelong,Adelaide,12725,Mitchell,Hinge,Adelaide,0.000145497
FeelingDusty,3/08/2024,21,16801,Geelong,Adelaide,12916,Josh,Worrell,Adelaide,0.001206219
FeelingDusty,3/08/2024,21,16801,Geelong,Adelaide,13084,Luke,Nankervis,Adelaide,0.000145497
FeelingDusty,3/08/2024,21,16801,Geelong,Adelaide,12875,Nick,Murray,Adelaide,0.005976418
FeelingDusty,3/08/2024,21,16801,Geelong,Adelaide,12171,Rory,Laird,Adelaide,0.277990787
FeelingDusty,3/08/2024,21,16801,Geelong,Adelaide,13151,Billy,Dowling,Adelaide,0.000145497
FeelingDusty,3/08/2024,21,16801,Geelong,Adelaide,12591,Darcy,Fogarty,Adelaide,0.000145497
FeelingDusty,3/08/2024,21,16801,Geelong,Adelaide,12818,Lachlan,Sholl,Adelaide,0.055324825
FeelingDusty,3/08/2024,21,16801,Geelong,Adelaide,13166,Hugh,Bond,Adelaide,0.000145497
FeelingDusty,3/08/2024,21,16801,Geelong,Adelaide,12483,Reilly,OBrien,Adelaide,0.224708725
FeelingDusty,3/08/2024,21,16801,Geelong,Adelaide,12813,Mark,Keane,Adelaide,0.00171336
FeelingDusty,3/08/2024,21,16801,Geelong,Adelaide,11855,Rhys,Stanley,Geelong,0.012078128
FeelingDusty,3/08/2024,21,16801,Geelong,Adelaide,11979,Zach,Tuohy,Geelong,0.002573251
FeelingDusty,3/08/2024,21,16801,Geelong,Adelaide,12870,Tanner,Bruhn,Geelong,0.164767664
FeelingDusty,3/08/2024,21,16801,Geelong,Adelaide,12022,Jeremy,Cameron,Geelong,3
FeelingDusty,3/08/2024,21,16801,Geelong,Adelaide,13107,Shaun,Mannagh,Geelong,0.089745875
FeelingDusty,3/08/2024,21,16801,Geelong,Adelaide,12378,Jake,Kolodjashnij,Geelong,0.001436625
FeelingDusty,3/08/2024,21,16801,Geelong,Adelaide,12882,Max,Holmes,Geelong,0.00424176
FeelingDusty,3/08/2024,21,16801,Geelong,Adelaide,12507,Jack,Bowes,Geelong,0.001436625
FeelingDusty,3/08/2024,21,16801,Geelong,Adelaide,12892,Sam,De Koning,Geelong,0.002532808
FeelingDusty,3/08/2024,21,16801,Geelong,Adelaide,13162,Lawson,Humphries,Geelong,0.001436625
FeelingDusty,3/08/2024,21,16801,Geelong,Adelaide,12561,Tyson,Stengle,Geelong,0.131549184
FeelingDusty,3/08/2024,21,16801,Geelong,Adelaide,12286,Jed,Bews,Geelong,0.002532808
FeelingDusty,3/08/2024,21,16801,Geelong,Adelaide,12976,Oliver,Dempsey,Geelong,0.010564642
FeelingDusty,3/08/2024,21,16801,Geelong,Adelaide,12687,Tom,Atkins,Geelong,0.010303304
FeelingDusty,3/08/2024,21,16801,Geelong,Adelaide,12690,Gryan,Miers,Geelong,0.001436625
FeelingDusty,3/08/2024,21,16801,Geelong,Adelaide,12995,Shannon,Neale,Geelong,0
FeelingDusty,3/08/2024,21,16801,Geelong,Adelaide,11706,Patrick,Dangerfield,Geelong,0.395544568
FeelingDusty,3/08/2024,21,16801,Geelong,Adelaide,12850,Oliver,Henry,Geelong,0.001436625
FeelingDusty,3/08/2024,21,16801,Geelong,Adelaide,12614,Jack,Henry,Geelong,0.003004488
FeelingDusty,3/08/2024,21,16801,Geelong,Adelaide,12559,Zach,Guthrie,Geelong,0.001902776
FeelingDusty,3/08/2024,21,16801,Geelong,Adelaide,12514,Tom,Stewart,Geelong,0.603927375
FeelingDusty,3/08/2024,21,16801,Geelong,Adelaide,12808,Brad,Close,Geelong,0.001436625
FeelingDusty,3/08/2024,21,16801,Geelong,Adelaide,12160,Mark,Blicavs,Geelong,0.006335591
FeelingDusty,3/08/2024,21,16803,Port Adelaide,Sydney,12696,Connor,Rozee,Port Adelaide,0.346084951
FeelingDusty,3/08/2024,21,16803,Port Adelaide,Sydney,12503,Dan,Houston,Port Adelaide,0.477630886
FeelingDusty,3/08/2024,21,16803,Port Adelaide,Sydney,12671,Kane,Farrell,Port Adelaide,0.092734933
FeelingDusty,3/08/2024,21,16803,Port Adelaide,Sydney,13011,Jase,Burgoyne,Port Adelaide,0.002391816
FeelingDusty,3/08/2024,21,16803,Port Adelaide,Sydney,12693,Zak,Butters,Port Adelaide,0.860201368
FeelingDusty,3/08/2024,21,16803,Port Adelaide,Sydney,11591,Travis,Boak,Port Adelaide,0.003080039
FeelingDusty,3/08/2024,21,16803,Port Adelaide,Sydney,12868,Miles,Bergman,Port Adelaide,0.001720166
FeelingDusty,3/08/2024,21,16803,Port Adelaide,Sydney,12613,Willie,Rioli,Port Adelaide,0.046013367
FeelingDusty,3/08/2024,21,16803,Port Adelaide,Sydney,12155,Ollie,Wines,Port Adelaide,0.398497505
FeelingDusty,3/08/2024,21,16803,Port Adelaide,Sydney,12955,Jason,Horne-Francis,Port Adelaide,0.950451632
FeelingDusty,3/08/2024,21,16803,Port Adelaide,Sydney,12770,Mitch,Georgiades,Port Adelaide,0.532006127
FeelingDusty,3/08/2024,21,16803,Port Adelaide,Sydney,12442,Aliir,Aliir,Port Adelaide,0.001439486
FeelingDusty,3/08/2024,21,16803,Port Adelaide,Sydney,11915,Charlie,Dixon,Port Adelaide,0.070844592
FeelingDusty,3/08/2024,21,16803,Port Adelaide,Sydney,12890,Jordon,Sweet,Port Adelaide,0.013246112
FeelingDusty,3/08/2024,21,16803,Port Adelaide,Sydney,12757,Brandon,Zerk-Thatcher,Port Adelaide,0.001720166
FeelingDusty,3/08/2024,21,16803,Port Adelaide,Sydney,12606,Esava,Ratugolea,Port Adelaide,0.000210912
FeelingDusty,3/08/2024,21,16803,Port Adelaide,Sydney,12694,Willem,Drew,Port Adelaide,2.166552247
FeelingDusty,3/08/2024,21,16803,Port Adelaide,Sydney,12873,Francis,Evans,Port Adelaide,0.001439486
FeelingDusty,3/08/2024,21,16803,Port Adelaide,Sydney,12429,Darcy,Byrne-Jones,Port Adelaide,0.001439486
FeelingDusty,3/08/2024,21,16803,Port Adelaide,Sydney,12883,Lachie,Jones,Port Adelaide,0.00265845
FeelingDusty,3/08/2024,21,16803,Port Adelaide,Sydney,12657,Quinton,Narkle,Port Adelaide,0.001439486
FeelingDusty,3/08/2024,21,16803,Port Adelaide,Sydney,13155,Logan,Evans,Port Adelaide,0.001720166
FeelingDusty,3/08/2024,21,16803,Port Adelaide,Sydney,12952,Jackson,Mead,Port Adelaide,0.001763102
FeelingDusty,3/08/2024,21,16803,Port Adelaide,Sydney,12799,Chad,Warner,Sydney,0.000456711
FeelingDusty,3/08/2024,21,16803,Port Adelaide,Sydney,12745,Hayden,McLean,Sydney,0
FeelingDusty,3/08/2024,21,16803,Port Adelaide,Sydney,12070,Taylor,Adams,Sydney,0
FeelingDusty,3/08/2024,21,16803,Port Adelaide,Sydney,12223,Brodie,Grundy,Sydney,0.002181763
FeelingDusty,3/08/2024,21,16803,Port Adelaide,Sydney,12331,Isaac,Heeney,Sydney,0.001470268
FeelingDusty,3/08/2024,21,16803,Port Adelaide,Sydney,12863,Logan,McDonald,Sydney,0
FeelingDusty,3/08/2024,21,16803,Port Adelaide,Sydney,12038,Harry,Cunningham,Sydney,0
FeelingDusty,3/08/2024,21,16803,Port Adelaide,Sydney,12715,James,Rowbottom,Sydney,0.003156581
FeelingDusty,3/08/2024,21,16803,Port Adelaide,Sydney,12516,Will,Hayward,Sydney,0
FeelingDusty,3/08/2024,21,16803,Port Adelaide,Sydney,12475,Aaron,Francis,Sydney,0
FeelingDusty,3/08/2024,21,16803,Port Adelaide,Sydney,12501,Oliver,Florent,Sydney,0
FeelingDusty,3/08/2024,21,16803,Port Adelaide,Sydney,12418,Callum,Mills,Sydney,0
FeelingDusty,3/08/2024,21,16803,Port Adelaide,Sydney,12820,Sam,Wicks,Sydney,0
FeelingDusty,3/08/2024,21,16803,Port Adelaide,Sydney,12853,James,Jordon,Sydney,0
FeelingDusty,3/08/2024,21,16803,Port Adelaide,Sydney,12729,Peter,Ladhams,Sydney,0
FeelingDusty,3/08/2024,21,16803,Port Adelaide,Sydney,12864,Errol,Gulden,Sydney,0.015593186
FeelingDusty,3/08/2024,21,16803,Port Adelaide,Sydney,12699,Nick,Blakey,Sydney,0.000384743
FeelingDusty,3/08/2024,21,16803,Port Adelaide,Sydney,11958,Luke,Parker,Sydney,0
FeelingDusty,3/08/2024,21,16803,Port Adelaide,Sydney,12634,Tom,McCartin,Sydney,0
FeelingDusty,3/08/2024,21,16803,Port Adelaide,Sydney,12993,Matt,Roberts,Sydney,0
FeelingDusty,3/08/2024,21,16803,Port Adelaide,Sydney,13053,Corey,Warner,Sydney,0
FeelingDusty,3/08/2024,21,16803,Port Adelaide,Sydney,12515,Robbie,Fox,Sydney,0
FeelingDusty,3/08/2024,21,16803,Port Adelaide,Sydney,12275,Jake,Lloyd,Sydney,0.001470268
FeelingDusty,3/08/2024,21,16802,Collingwood,Carlton,12991,Jesse,Motlop,Carlton,0.000492552
FeelingDusty,3/08/2024,21,16802,Collingwood,Carlton,13029,Oliver,Hollands,Carlton,0.007409729
FeelingDusty,3/08/2024,21,16802,Collingwood,Carlton,12610,Adam,Cerra,Carlton,0.000492552
FeelingDusty,3/08/2024,21,16802,Collingwood,Carlton,12463,Matthew,Kennedy,Carlton,0
FeelingDusty,3/08/2024,21,16802,Collingwood,Carlton,12604,Lachie,Fogarty,Carlton,0.001682229
FeelingDusty,3/08/2024,21,16802,Collingwood,Carlton,12269,Patrick,Cripps,Carlton,2.227751952
FeelingDusty,3/08/2024,21,16802,Collingwood,Carlton,12575,Harry,McKay,Carlton,0
FeelingDusty,3/08/2024,21,16802,Collingwood,Carlton,12415,Mitch,McGovern,Carlton,0.035743289
FeelingDusty,3/08/2024,21,16802,Collingwood,Carlton,12282,Blake,Acres,Carlton,0.03336912
FeelingDusty,3/08/2024,21,16802,Collingwood,Carlton,12938,Brodie,Kemp,Carlton,0.002075266
FeelingDusty,3/08/2024,21,16802,Collingwood,Carlton,12685,Sam,Walsh,Carlton,0.24210904
FeelingDusty,3/08/2024,21,16802,Collingwood,Carlton,13017,Elijah,Hollands,Carlton,0.003837614
FeelingDusty,3/08/2024,21,16802,Collingwood,Carlton,12243,Jack,Martin,Carlton,0.004011663
FeelingDusty,3/08/2024,21,16802,Collingwood,Carlton,12410,Jacob,Weitering,Carlton,0.106026836
FeelingDusty,3/08/2024,21,16802,Collingwood,Carlton,12517,Nic,Newman,Carlton,0.397123831
FeelingDusty,3/08/2024,21,16802,Collingwood,Carlton,12424,Marc,Pittonet,Carlton,0.002992102
FeelingDusty,3/08/2024,21,16802,Collingwood,Carlton,12417,George,Hewett,Carlton,0.508414587
FeelingDusty,3/08/2024,21,16802,Collingwood,Carlton,12428,Charlie,Curnow,Carlton,0.000492552
FeelingDusty,3/08/2024,21,16802,Collingwood,Carlton,12965,Jordan,Boyd,Carlton,0.003307812
FeelingDusty,3/08/2024,21,16802,Collingwood,Carlton,13057,Alex,Cincotta,Carlton,0.003324257
FeelingDusty,3/08/2024,21,16802,Collingwood,Carlton,12330,Adam,Saad,Carlton,0.000856991
FeelingDusty,3/08/2024,21,16802,Collingwood,Carlton,12842,Matthew,Owies,Carlton,0
FeelingDusty,3/08/2024,21,16802,Collingwood,Carlton,12823,Matthew,Cottrell,Carlton,0
FeelingDusty,3/08/2024,21,16802,Collingwood,Carlton,12586,Patrick,Lipinski,Collingwood,0.001450233
FeelingDusty,3/08/2024,21,16802,Collingwood,Carlton,12333,Jordan,De Goey,Collingwood,0.002639909
FeelingDusty,3/08/2024,21,16802,Collingwood,Carlton,12740,Isaac,Quaynor,Collingwood,0.001450233
FeelingDusty,3/08/2024,21,16802,Collingwood,Carlton,12380,Brayden,Maynard,Collingwood,0.001450233
FeelingDusty,3/08/2024,21,16802,Collingwood,Carlton,12091,Jamie,Elliott,Collingwood,0.004265493
FeelingDusty,3/08/2024,21,16802,Collingwood,Carlton,12582,Josh,Daicos,Collingwood,0.004281938
FeelingDusty,3/08/2024,21,16802,Collingwood,Carlton,12704,Lachie,Schultz,Collingwood,0
FeelingDusty,3/08/2024,21,16802,Collingwood,Carlton,12743,John,Noble,Collingwood,0
FeelingDusty,3/08/2024,21,16802,Collingwood,Carlton,11506,Scott,Pendlebury,Collingwood,1.234791469
FeelingDusty,3/08/2024,21,16802,Collingwood,Carlton,12297,Daniel,McStay,Collingwood,0.004265493
FeelingDusty,3/08/2024,21,16802,Collingwood,Carlton,12666,Darcy,Cameron,Collingwood,0.096343627
FeelingDusty,3/08/2024,21,16802,Collingwood,Carlton,12682,Billy,Frampton,Collingwood,0.001814671
FeelingDusty,3/08/2024,21,16802,Collingwood,Carlton,11759,Steele,Sidebottom,Collingwood,0.00198515
FeelingDusty,3/08/2024,21,16802,Collingwood,Carlton,12744,Bobby,Hill,Collingwood,0.010919716
FeelingDusty,3/08/2024,21,16802,Collingwood,Carlton,12067,Jack,Crisp,Collingwood,0.040456662
FeelingDusty,3/08/2024,21,16802,Collingwood,Carlton,12824,Jack,Bytel,Collingwood,0.004281938
FeelingDusty,3/08/2024,21,16802,Collingwood,Carlton,12381,Darcy,Moore,Collingwood,0.044804545
FeelingDusty,3/08/2024,21,16802,Collingwood,Carlton,12877,Beau,McCreery,Collingwood,0
FeelingDusty,3/08/2024,21,16802,Collingwood,Carlton,12029,Will,Hoskin-Elliott,Collingwood,0.0920874
FeelingDusty,3/08/2024,21,16802,Collingwood,Carlton,12948,Nick,Daicos,Collingwood,0.797092763
FeelingDusty,3/08/2024,21,16802,Collingwood,Carlton,11973,Jeremy,Howe,Collingwood,0.06709166
FeelingDusty,3/08/2024,21,16802,Collingwood,Carlton,13025,Ned,Long,Collingwood,0.001450233
FeelingDusty,3/08/2024,21,16802,Collingwood,Carlton,12435,Mason,Cox,Collingwood,0.005562663
FeelingDusty,4/08/2024,21,16804,GWS,Hawthorn,13128,Darcy,Jones,GWS,0.007624596
FeelingDusty,4/08/2024,21,16804,GWS,Hawthorn,12026,Toby,Greene,GWS,0.097105816
FeelingDusty,4/08/2024,21,16804,GWS,Hawthorn,13054,Aaron,Cadman,GWS,0.000650598
FeelingDusty,4/08/2024,21,16804,GWS,Hawthorn,12147,Lachie,Whitfield,GWS,1.770042657
FeelingDusty,4/08/2024,21,16804,GWS,Hawthorn,12782,Lachie,Ash,GWS,0.001331415
FeelingDusty,4/08/2024,21,16804,GWS,Hawthorn,11683,Callan,Ward,GWS,0.003287005
FeelingDusty,4/08/2024,21,16804,GWS,Hawthorn,12766,Tom,Green,GWS,0.038112098
FeelingDusty,4/08/2024,21,16804,GWS,Hawthorn,12773,Toby,Bedford,GWS,0.003931119
FeelingDusty,4/08/2024,21,16804,GWS,Hawthorn,12651,Sam,Taylor,GWS,0.001665995
FeelingDusty,4/08/2024,21,16804,GWS,Hawthorn,12663,Brent,Daniels,GWS,0.357447338
FeelingDusty,4/08/2024,21,16804,GWS,Hawthorn,12970,Finn,Callaghan,GWS,0.009790952
FeelingDusty,4/08/2024,21,16804,GWS,Hawthorn,12934,James,Peatling,GWS,0.007449373
FeelingDusty,4/08/2024,21,16804,GWS,Hawthorn,12326,Jesse,Hogan,GWS,2.528988622
FeelingDusty,4/08/2024,21,16804,GWS,Hawthorn,12470,Harry,Himmelberg,GWS,0.002098009
FeelingDusty,4/08/2024,21,16804,GWS,Hawthorn,13101,Harvey,Thomas,GWS,0.003931119
FeelingDusty,4/08/2024,21,16804,GWS,Hawthorn,13089,Toby,McMullin,GWS,0.001331415
FeelingDusty,4/08/2024,21,16804,GWS,Hawthorn,12905,Kieren,Briggs,GWS,0.004005034
FeelingDusty,4/08/2024,21,16804,GWS,Hawthorn,12822,Xavier,OHalloran,GWS,0.001331415
FeelingDusty,4/08/2024,21,16804,GWS,Hawthorn,13156,Max,Gruzewski,GWS,0.001331415
FeelingDusty,4/08/2024,21,16804,GWS,Hawthorn,12541,Harry,Perryman,GWS,0.001331415
FeelingDusty,4/08/2024,21,16804,GWS,Hawthorn,13165,Joe,Fonti,GWS,0.001331415
FeelingDusty,4/08/2024,21,16804,GWS,Hawthorn,12749,Connor,Idun,GWS,0.001331415
FeelingDusty,4/08/2024,21,16804,GWS,Hawthorn,12845,Jack,Buckley,GWS,0.016695348
FeelingDusty,4/08/2024,21,16804,GWS,Hawthorn,12913,Jai,Newcombe,Hawthorn,0.795815332
FeelingDusty,4/08/2024,21,16804,GWS,Hawthorn,12245,Jarman,Impey,Hawthorn,0.000452197
FeelingDusty,4/08/2024,21,16804,GWS,Hawthorn,12626,James,Worpel,Hawthorn,0.000452197
FeelingDusty,4/08/2024,21,16804,GWS,Hawthorn,12342,James,Sicily,Hawthorn,0.003304873
FeelingDusty,4/08/2024,21,16804,GWS,Hawthorn,12124,Sam,Frost,Hawthorn,0.000147255
FeelingDusty,4/08/2024,21,16804,GWS,Hawthorn,12753,Changkuoth,Jiath,Hawthorn,0.003051901
FeelingDusty,4/08/2024,21,16804,GWS,Hawthorn,12365,Karl,Amon,Hawthorn,0.123456804
FeelingDusty,4/08/2024,21,16804,GWS,Hawthorn,12678,Conor,Nash,Hawthorn,0.003051901
FeelingDusty,4/08/2024,21,16804,GWS,Hawthorn,12794,Will,Day,Hawthorn,0.000452197
FeelingDusty,4/08/2024,21,16804,GWS,Hawthorn,12710,Dylan,Moore,Hawthorn,0.034462073
FeelingDusty,4/08/2024,21,16804,GWS,Hawthorn,12571,Jack,Scrimshaw,Hawthorn,0.000452197
FeelingDusty,4/08/2024,21,16804,GWS,Hawthorn,12477,Blake,Hardwick,Hawthorn,0.023988776
FeelingDusty,4/08/2024,21,16804,GWS,Hawthorn,12999,Massimo,DAmbrosio,Hawthorn,0.032996304
FeelingDusty,4/08/2024,21,16804,GWS,Hawthorn,12854,Lloyd,Meek,Hawthorn,0.034331122
FeelingDusty,4/08/2024,21,16804,GWS,Hawthorn,12491,Mabior,Chol,Hawthorn,0.000452197
FeelingDusty,4/08/2024,21,16804,GWS,Hawthorn,11854,Jack,Gunston,Hawthorn,0.078696462
FeelingDusty,4/08/2024,21,16804,GWS,Hawthorn,11960,Luke,Breust,Hawthorn,0
FeelingDusty,4/08/2024,21,16804,GWS,Hawthorn,13059,Josh,Weddle,Hawthorn,0.000481835
FeelingDusty,4/08/2024,21,16804,GWS,Hawthorn,12954,Josh,Ward,Hawthorn,0.000452197
FeelingDusty,4/08/2024,21,16804,GWS,Hawthorn,12953,Connor,Macdonald,Hawthorn,0.000452197
FeelingDusty,4/08/2024,21,16804,GWS,Hawthorn,12928,Jack,Ginnivan,Hawthorn,0.000452197
FeelingDusty,4/08/2024,21,16804,GWS,Hawthorn,13103,Nick,Watson,Hawthorn,0
FeelingDusty,4/08/2024,21,16804,GWS,Hawthorn,13137,Calsher,Dear,Hawthorn,0.000452197
FeelingDusty,4/08/2024,21,16805,Essendon,Fremantle,12505,Andrew,McGrath,Essendon,0.002139127
FeelingDusty,4/08/2024,21,16805,Essendon,Fremantle,12809,Sam,Draper,Essendon,0.018215703
FeelingDusty,4/08/2024,21,16805,Essendon,Fremantle,12414,Darcy,Parish,Essendon,0.65598929
FeelingDusty,4/08/2024,21,16805,Essendon,Fremantle,12358,Kyle,Langford,Essendon,0.01149644
FeelingDusty,4/08/2024,21,16805,Essendon,Fremantle,12752,Jye,Caldwell,Essendon,2.018454552
FeelingDusty,4/08/2024,21,16805,Essendon,Fremantle,12249,Zach,Merrett,Essendon,0.267866426
FeelingDusty,4/08/2024,21,16805,Essendon,Fremantle,12032,Dylan,Shiel,Essendon,0.11888889
FeelingDusty,4/08/2024,21,16805,Essendon,Fremantle,12422,Jade,Gresham,Essendon,0.004652643
FeelingDusty,4/08/2024,21,16805,Essendon,Fremantle,12858,Nik,Cox,Essendon,0.003582453
FeelingDusty,4/08/2024,21,16805,Essendon,Fremantle,12384,Jayden,Laverde,Essendon,0.003568694
FeelingDusty,4/08/2024,21,16805,Essendon,Fremantle,12926,Sam,Durham,Essendon,0.056356254
FeelingDusty,4/08/2024,21,16805,Essendon,Fremantle,12857,Harrison,Jones,Essendon,0.001834222
FeelingDusty,4/08/2024,21,16805,Essendon,Fremantle,12900,Nick,Bryan,Essendon,0.003582453
FeelingDusty,4/08/2024,21,16805,Essendon,Fremantle,12173,Jake,Stringer,Essendon,0.216606434
FeelingDusty,4/08/2024,21,16805,Essendon,Fremantle,12445,Mason,Redman,Essendon,0.114534753
FeelingDusty,4/08/2024,21,16805,Essendon,Fremantle,12695,Xavier,Duursma,Essendon,0.001213327
FeelingDusty,4/08/2024,21,16805,Essendon,Fremantle,12345,Jake,Kelly,Essendon,0.001213327
FeelingDusty,4/08/2024,21,16805,Essendon,Fremantle,13149,Nate,Caddy,Essendon,0.001213327
FeelingDusty,4/08/2024,21,16805,Essendon,Fremantle,12588,Ben,McKay,Essendon,0.001834222
FeelingDusty,4/08/2024,21,16805,Essendon,Fremantle,13040,Alwyn,Davey Jnr,Essendon,0.001213327
FeelingDusty,4/08/2024,21,16805,Essendon,Fremantle,12950,Nic,Martin,Essendon,0.072215215
FeelingDusty,4/08/2024,21,16805,Essendon,Fremantle,13169,Archie,Roberts,Essendon,0.004499665
FeelingDusty,4/08/2024,21,16805,Essendon,Fremantle,13020,Jye,Menzie,Essendon,0.00276027
FeelingDusty,4/08/2024,21,16805,Essendon,Fremantle,12764,Sam,Sturt,Fremantle,0.00041209
FeelingDusty,4/08/2024,21,16805,Essendon,Fremantle,12149,Jaeger,OMeara,Fremantle,0.002781216
FeelingDusty,4/08/2024,21,16805,Essendon,Fremantle,12786,Caleb,Serong,Fremantle,0.258240714
FeelingDusty,4/08/2024,21,16805,Essendon,Fremantle,12555,Sean,Darcy,Fremantle,0.005505509
FeelingDusty,4/08/2024,21,16805,Essendon,Fremantle,12876,Heath,Chapman,Fremantle,0.001032986
FeelingDusty,4/08/2024,21,16805,Essendon,Fremantle,12688,Jordan,Clark,Fremantle,0.124016223
FeelingDusty,4/08/2024,21,16805,Essendon,Fremantle,12596,Andrew,Brayshaw,Fremantle,0.752772103
FeelingDusty,4/08/2024,21,16805,Essendon,Fremantle,12779,Luke,Jackson,Fremantle,0.00041209
FeelingDusty,4/08/2024,21,16805,Essendon,Fremantle,12252,James,Aish,Fremantle,0.00041209
FeelingDusty,4/08/2024,21,16805,Essendon,Fremantle,12550,Luke,Ryan,Fremantle,0.286323522
FeelingDusty,4/08/2024,21,16805,Essendon,Fremantle,12821,Jeremy,Sharp,Fremantle,0.002781216
FeelingDusty,4/08/2024,21,16805,Essendon,Fremantle,13093,Tom,Emmett,Fremantle,0.00041209
FeelingDusty,4/08/2024,21,16805,Essendon,Fremantle,12983,Jye,Amiss,Fremantle,0.08178362
FeelingDusty,4/08/2024,21,16805,Essendon,Fremantle,12777,Hayden,Young,Fremantle,0.890183793
FeelingDusty,4/08/2024,21,16805,Essendon,Fremantle,12967,Neil,Erasmus,Fremantle,0.00041209
FeelingDusty,4/08/2024,21,16805,Essendon,Fremantle,12915,Brandon,Walker,Fremantle,0.00041209
FeelingDusty,4/08/2024,21,16805,Essendon,Fremantle,12803,Michael,Frederick,Fremantle,0.00041209
FeelingDusty,4/08/2024,21,16805,Essendon,Fremantle,12461,Corey,Wagner,Fremantle,0.00041209
FeelingDusty,4/08/2024,21,16805,Essendon,Fremantle,12888,Josh,Treacy,Fremantle,0.003851406
FeelingDusty,4/08/2024,21,16805,Essendon,Fremantle,12552,Brennan,Cox,Fremantle,0.001337891
FeelingDusty,4/08/2024,21,16805,Essendon,Fremantle,13113,Joshua,Draper,Fremantle,0.001337891
FeelingDusty,4/08/2024,21,16805,Essendon,Fremantle,12679,Sam,Switkowski,Fremantle,0.00041209
FeelingDusty,4/08/2024,21,16805,Essendon,Fremantle,12595,Bailey,Banfield,Fremantle,0.00041209
FeelingDusty,4/08/2024,21,16806,St Kilda,Brisbane,12969,Kai,Lohmann,Brisbane,0.003419437
FeelingDusty,4/08/2024,21,16806,St Kilda,Brisbane,12205,Joe,Daniher,Brisbane,0.579187754
FeelingDusty,4/08/2024,21,16806,St Kilda,Brisbane,12412,Callum,Ah Chee,Brisbane,0.012643753
FeelingDusty,4/08/2024,21,16806,St Kilda,Brisbane,12421,Josh,Dunkley,Brisbane,0
FeelingDusty,4/08/2024,21,16806,St Kilda,Brisbane,12526,Hugh,McCluggage,Brisbane,1.043565092
FeelingDusty,4/08/2024,21,16806,St Kilda,Brisbane,12525,Jarrod,Berry,Brisbane,0.002187037
FeelingDusty,4/08/2024,21,16806,St Kilda,Brisbane,13034,Will,Ashcroft,Brisbane,0.005481282
FeelingDusty,4/08/2024,21,16806,St Kilda,Brisbane,12061,Lachie,Neale,Brisbane,2.210870744
FeelingDusty,4/08/2024,21,16806,St Kilda,Brisbane,13138,Logan,Morris,Brisbane,0.002187037
FeelingDusty,4/08/2024,21,16806,St Kilda,Brisbane,12082,Dayne,Zorko,Brisbane,0.042178297
FeelingDusty,4/08/2024,21,16806,St Kilda,Brisbane,12594,Cam,Rayner,Brisbane,1.047054749
FeelingDusty,4/08/2024,21,16806,St Kilda,Brisbane,12874,Jaxon,Prior,Brisbane,0.002187037
FeelingDusty,4/08/2024,21,16806,St Kilda,Brisbane,12284,Charlie,Cameron,Brisbane,0
FeelingDusty,4/08/2024,21,16806,St Kilda,Brisbane,13167,Henry,Smith,Brisbane,0
FeelingDusty,4/08/2024,21,16806,St Kilda,Brisbane,13072,Jaspa,Fletcher,Brisbane,0.008074843
FeelingDusty,4/08/2024,21,16806,St Kilda,Brisbane,12347,Harris,Andrews,Brisbane,0.127788863
FeelingDusty,4/08/2024,21,16806,St Kilda,Brisbane,12617,Zac,Bailey,Brisbane,0.008043269
FeelingDusty,4/08/2024,21,16806,St Kilda,Brisbane,13143,Shadeau,Brain,Brisbane,0.002187037
FeelingDusty,4/08/2024,21,16806,St Kilda,Brisbane,11901,Ryan,Lester,Brisbane,0.002187037
FeelingDusty,4/08/2024,21,16806,St Kilda,Brisbane,12673,Brandon,Starcevich,Brisbane,0.100188436
FeelingDusty,4/08/2024,21,16806,St Kilda,Brisbane,13139,Bruce,Reville,Brisbane,0.002187037
FeelingDusty,4/08/2024,21,16806,St Kilda,Brisbane,13027,Darcy,Wilmot,Brisbane,0
FeelingDusty,4/08/2024,21,16806,St Kilda,Brisbane,12625,Oscar,McInerney,Brisbane,0.326493857
FeelingDusty,4/08/2024,21,16806,St Kilda,Brisbane,12616,Jack,Higgins,St Kilda,0
FeelingDusty,4/08/2024,21,16806,St Kilda,Brisbane,12294,Zak,Jones,St Kilda,0.003117293
FeelingDusty,4/08/2024,21,16806,St Kilda,Brisbane,12947,Nasiah,Wanganeen-Milera,St Kilda,0.002091683
FeelingDusty,4/08/2024,21,16806,St Kilda,Brisbane,12066,Bradley,Hill,St Kilda,0
FeelingDusty,4/08/2024,21,16806,St Kilda,Brisbane,12377,Jack,Steele,St Kilda,0.026242621
FeelingDusty,4/08/2024,21,16806,St Kilda,Brisbane,12945,Mitch,Owens,St Kilda,0
FeelingDusty,4/08/2024,21,16806,St Kilda,Brisbane,12721,Liam,Stocker,St Kilda,0.002233806
FeelingDusty,4/08/2024,21,16806,St Kilda,Brisbane,12589,Paddy,Dow,St Kilda,0
FeelingDusty,4/08/2024,21,16806,St Kilda,Brisbane,12498,Dan,Butler,St Kilda,0
FeelingDusty,4/08/2024,21,16806,St Kilda,Brisbane,12572,Rowan,Marshall,St Kilda,0.354567212
FeelingDusty,4/08/2024,21,16806,St Kilda,Brisbane,12426,Dougal,Howard,St Kilda,0.000772313
FeelingDusty,4/08/2024,21,16806,St Kilda,Brisbane,13109,Darcy,Wilson,St Kilda,0
FeelingDusty,4/08/2024,21,16806,St Kilda,Brisbane,13042,Mattaes,Phillipou,St Kilda,0
FeelingDusty,4/08/2024,21,16806,St Kilda,Brisbane,12565,Josh,Battle,St Kilda,0.022574459
FeelingDusty,4/08/2024,21,16806,St Kilda,Brisbane,12307,Tim,Membrey,St Kilda,0
FeelingDusty,4/08/2024,21,16806,St Kilda,Brisbane,12194,Jimmy,Webster,St Kilda,0
FeelingDusty,4/08/2024,21,16806,St Kilda,Brisbane,12321,Mason,Wood,St Kilda,0.003130157
FeelingDusty,4/08/2024,21,16806,St Kilda,Brisbane,12337,Jack,Sinclair,St Kilda,0.05492405
FeelingDusty,4/08/2024,21,16806,St Kilda,Brisbane,12492,Riley,Bonner,St Kilda,0.002233806
FeelingDusty,4/08/2024,21,16806,St Kilda,Brisbane,13170,Angus,McLennan,St Kilda,0
FeelingDusty,4/08/2024,21,16806,St Kilda,Brisbane,12930,Cooper,Sharman,St Kilda,0
FeelingDusty,4/08/2024,21,16806,St Kilda,Brisbane,12701,Callum,Wilkie,St Kilda,0
FeelingDusty,4/08/2024,21,16806,St Kilda,Brisbane,13041,Anthony,Caminiti,St Kilda,0
FeelingDusty,9/08/2024,22,16807,Sydney,Collingwood,12586,Patrick,Lipinski,Collingwood,0.000417913
FeelingDusty,9/08/2024,22,16807,Sydney,Collingwood,12740,Isaac,Quaynor,Collingwood,0.000417913
FeelingDusty,9/08/2024,22,16807,Sydney,Collingwood,12380,Brayden,Maynard,Collingwood,0.000417913
FeelingDusty,9/08/2024,22,16807,Sydney,Collingwood,12091,Jamie,Elliott,Collingwood,0
FeelingDusty,9/08/2024,22,16807,Sydney,Collingwood,12582,Josh,Daicos,Collingwood,0.056193284
FeelingDusty,9/08/2024,22,16807,Sydney,Collingwood,12704,Lachie,Schultz,Collingwood,0
FeelingDusty,9/08/2024,22,16807,Sydney,Collingwood,12743,John,Noble,Collingwood,0.000417913
FeelingDusty,9/08/2024,22,16807,Sydney,Collingwood,11506,Scott,Pendlebury,Collingwood,0.002865848
FeelingDusty,9/08/2024,22,16807,Sydney,Collingwood,12297,Daniel,McStay,Collingwood,0.000417913
FeelingDusty,9/08/2024,22,16807,Sydney,Collingwood,12666,Darcy,Cameron,Collingwood,0.852118053
FeelingDusty,9/08/2024,22,16807,Sydney,Collingwood,12682,Billy,Frampton,Collingwood,0.000417913
FeelingDusty,9/08/2024,22,16807,Sydney,Collingwood,11759,Steele,Sidebottom,Collingwood,0.396415924
FeelingDusty,9/08/2024,22,16807,Sydney,Collingwood,12744,Bobby,Hill,Collingwood,0.002124746
FeelingDusty,9/08/2024,22,16807,Sydney,Collingwood,12067,Jack,Crisp,Collingwood,0.026222952
FeelingDusty,9/08/2024,22,16807,Sydney,Collingwood,12824,Jack,Bytel,Collingwood,0.000658285
FeelingDusty,9/08/2024,22,16807,Sydney,Collingwood,13141,Joe,Richards,Collingwood,0.000417913
FeelingDusty,9/08/2024,22,16807,Sydney,Collingwood,12381,Darcy,Moore,Collingwood,0.000417913
FeelingDusty,9/08/2024,22,16807,Sydney,Collingwood,12877,Beau,McCreery,Collingwood,0
FeelingDusty,9/08/2024,22,16807,Sydney,Collingwood,12029,Will,Hoskin-Elliott,Collingwood,0
FeelingDusty,9/08/2024,22,16807,Sydney,Collingwood,12948,Nick,Daicos,Collingwood,0.019201312
FeelingDusty,9/08/2024,22,16807,Sydney,Collingwood,11973,Jeremy,Howe,Collingwood,0.000131846
FeelingDusty,9/08/2024,22,16807,Sydney,Collingwood,13025,Ned,Long,Collingwood,0
FeelingDusty,9/08/2024,22,16807,Sydney,Collingwood,12435,Mason,Cox,Collingwood,0.000360921
FeelingDusty,9/08/2024,22,16807,Sydney,Collingwood,12799,Chad,Warner,Sydney,1.867692944
FeelingDusty,9/08/2024,22,16807,Sydney,Collingwood,12745,Hayden,McLean,Sydney,0.00123047
FeelingDusty,9/08/2024,22,16807,Sydney,Collingwood,12070,Taylor,Adams,Sydney,0.00123047
FeelingDusty,9/08/2024,22,16807,Sydney,Collingwood,12223,Brodie,Grundy,Sydney,0.01940317
FeelingDusty,9/08/2024,22,16807,Sydney,Collingwood,12331,Isaac,Heeney,Sydney,2.634640241
FeelingDusty,9/08/2024,22,16807,Sydney,Collingwood,12863,Logan,McDonald,Sydney,0.002169352
FeelingDusty,9/08/2024,22,16807,Sydney,Collingwood,12038,Harry,Cunningham,Sydney,0.002169352
FeelingDusty,9/08/2024,22,16807,Sydney,Collingwood,12715,James,Rowbottom,Sydney,0.006050266
FeelingDusty,9/08/2024,22,16807,Sydney,Collingwood,12516,Will,Hayward,Sydney,0.032297393
FeelingDusty,9/08/2024,22,16807,Sydney,Collingwood,12501,Oliver,Florent,Sydney,0.00123047
FeelingDusty,9/08/2024,22,16807,Sydney,Collingwood,12418,Callum,Mills,Sydney,0.003633071
FeelingDusty,9/08/2024,22,16807,Sydney,Collingwood,12865,Braeden,Campbell,Sydney,0.00123047
FeelingDusty,9/08/2024,22,16807,Sydney,Collingwood,12853,James,Jordon,Sydney,0.00123047
FeelingDusty,9/08/2024,22,16807,Sydney,Collingwood,12864,Errol,Gulden,Sydney,0.003633071
FeelingDusty,9/08/2024,22,16807,Sydney,Collingwood,12699,Nick,Blakey,Sydney,0.028151213
FeelingDusty,9/08/2024,22,16807,Sydney,Collingwood,12148,Dane,Rampe,Sydney,0.000635191
FeelingDusty,9/08/2024,22,16807,Sydney,Collingwood,11958,Luke,Parker,Sydney,0.017828516
FeelingDusty,9/08/2024,22,16807,Sydney,Collingwood,12634,Tom,McCartin,Sydney,0.00123047
FeelingDusty,9/08/2024,22,16807,Sydney,Collingwood,13157,Caiden,Cleary,Sydney,0.00123047
FeelingDusty,9/08/2024,22,16807,Sydney,Collingwood,12993,Matt,Roberts,Sydney,0.010985513
FeelingDusty,9/08/2024,22,16807,Sydney,Collingwood,12847,Joel,Amartey,Sydney,0
FeelingDusty,9/08/2024,22,16807,Sydney,Collingwood,12515,Robbie,Fox,Sydney,0.00123047
FeelingDusty,9/08/2024,22,16807,Sydney,Collingwood,12275,Jake,Lloyd,Sydney,0.00123047
FeelingDusty,10/08/2024,22,16808,Brisbane,GWS,12969,Kai,Lohmann,Brisbane,0
FeelingDusty,10/08/2024,22,16808,Brisbane,GWS,12205,Joe,Daniher,Brisbane,0.002926458
FeelingDusty,10/08/2024,22,16808,Brisbane,GWS,12412,Callum,Ah Chee,Brisbane,0.002926458
FeelingDusty,10/08/2024,22,16808,Brisbane,GWS,12421,Josh,Dunkley,Brisbane,0.041256506
FeelingDusty,10/08/2024,22,16808,Brisbane,GWS,12526,Hugh,McCluggage,Brisbane,0.0069342
FeelingDusty,10/08/2024,22,16808,Brisbane,GWS,12525,Jarrod,Berry,Brisbane,0.079164748
FeelingDusty,10/08/2024,22,16808,Brisbane,GWS,13034,Will,Ashcroft,Brisbane,2.052252576
FeelingDusty,10/08/2024,22,16808,Brisbane,GWS,12061,Lachie,Neale,Brisbane,0.018963645
FeelingDusty,10/08/2024,22,16808,Brisbane,GWS,13138,Logan,Morris,Brisbane,0.000199126
FeelingDusty,10/08/2024,22,16808,Brisbane,GWS,12082,Dayne,Zorko,Brisbane,0.016717786
FeelingDusty,10/08/2024,22,16808,Brisbane,GWS,12594,Cam,Rayner,Brisbane,0.02961029
FeelingDusty,10/08/2024,22,16808,Brisbane,GWS,12874,Jaxon,Prior,Brisbane,0.000199126
FeelingDusty,10/08/2024,22,16808,Brisbane,GWS,12284,Charlie,Cameron,Brisbane,0.025491028
FeelingDusty,10/08/2024,22,16808,Brisbane,GWS,13167,Henry,Smith,Brisbane,0.000199126
FeelingDusty,10/08/2024,22,16808,Brisbane,GWS,13072,Jaspa,Fletcher,Brisbane,0.004038217
FeelingDusty,10/08/2024,22,16808,Brisbane,GWS,12347,Harris,Andrews,Brisbane,0.002344894
FeelingDusty,10/08/2024,22,16808,Brisbane,GWS,12617,Zac,Bailey,Brisbane,0.001699355
FeelingDusty,10/08/2024,22,16808,Brisbane,GWS,13143,Shadeau,Brain,Brisbane,0.008314376
FeelingDusty,10/08/2024,22,16808,Brisbane,GWS,11901,Ryan,Lester,Brisbane,0.000199126
FeelingDusty,10/08/2024,22,16808,Brisbane,GWS,12673,Brandon,Starcevich,Brisbane,0.093125394
FeelingDusty,10/08/2024,22,16808,Brisbane,GWS,12661,Darragh,Joyce,Brisbane,0.001699355
FeelingDusty,10/08/2024,22,16808,Brisbane,GWS,13027,Darcy,Wilmot,Brisbane,0.000199126
FeelingDusty,10/08/2024,22,16808,Brisbane,GWS,12625,Oscar,McInerney,Brisbane,0.004038217
FeelingDusty,10/08/2024,22,16808,Brisbane,GWS,13128,Darcy,Jones,GWS,0.286297825
FeelingDusty,10/08/2024,22,16808,Brisbane,GWS,12026,Toby,Greene,GWS,0.005040728
FeelingDusty,10/08/2024,22,16808,Brisbane,GWS,13054,Aaron,Cadman,GWS,0.030130082
FeelingDusty,10/08/2024,22,16808,Brisbane,GWS,12147,Lachie,Whitfield,GWS,0.286301181
FeelingDusty,10/08/2024,22,16808,Brisbane,GWS,12782,Lachie,Ash,GWS,0.011988766
FeelingDusty,10/08/2024,22,16808,Brisbane,GWS,11683,Callan,Ward,GWS,0.005421857
FeelingDusty,10/08/2024,22,16808,Brisbane,GWS,12766,Tom,Green,GWS,0.674688702
FeelingDusty,10/08/2024,22,16808,Brisbane,GWS,12773,Toby,Bedford,GWS,0.006373048
FeelingDusty,10/08/2024,22,16808,Brisbane,GWS,12651,Sam,Taylor,GWS,0.004034187
FeelingDusty,10/08/2024,22,16808,Brisbane,GWS,12663,Brent,Daniels,GWS,0.003140865
FeelingDusty,10/08/2024,22,16808,Brisbane,GWS,12970,Finn,Callaghan,GWS,0.348933008
FeelingDusty,10/08/2024,22,16808,Brisbane,GWS,12887,Conor,Stone,GWS,0.002533957
FeelingDusty,10/08/2024,22,16808,Brisbane,GWS,12934,James,Peatling,GWS,1.568758921
FeelingDusty,10/08/2024,22,16808,Brisbane,GWS,12262,Josh,Kelly,GWS,0.01356844
FeelingDusty,10/08/2024,22,16808,Brisbane,GWS,12326,Jesse,Hogan,GWS,0.288039323
FeelingDusty,10/08/2024,22,16808,Brisbane,GWS,11998,Lachlan,Keeffe,GWS,0.005421857
FeelingDusty,10/08/2024,22,16808,Brisbane,GWS,12470,Harry,Himmelberg,GWS,0.025935598
FeelingDusty,10/08/2024,22,16808,Brisbane,GWS,13101,Harvey,Thomas,GWS,0.002533957
FeelingDusty,10/08/2024,22,16808,Brisbane,GWS,12822,Xavier,OHalloran,GWS,0.002533957
FeelingDusty,10/08/2024,22,16808,Brisbane,GWS,13156,Max,Gruzewski,GWS,0.002533957
FeelingDusty,10/08/2024,22,16808,Brisbane,GWS,12541,Harry,Perryman,GWS,0.013525536
FeelingDusty,10/08/2024,22,16808,Brisbane,GWS,12749,Connor,Idun,GWS,0.017231157
FeelingDusty,10/08/2024,22,16808,Brisbane,GWS,12845,Jack,Buckley,GWS,0.002533957
FeelingDusty,10/08/2024,22,16809,North Melbourne,West Coast,13030,Harry,Sheezel,North Melbourne,0.294219701
FeelingDusty,10/08/2024,22,16809,North Melbourne,West Coast,12185,Aidan,Corr,North Melbourne,0.000151965
FeelingDusty,10/08/2024,22,16809,North Melbourne,West Coast,13104,Zane,Duursma,North Melbourne,0.000151965
FeelingDusty,10/08/2024,22,16809,North Melbourne,West Coast,12705,Bailey,Scott,North Melbourne,0.003863004
FeelingDusty,10/08/2024,22,16809,North Melbourne,West Coast,12599,Luke,Davies-Uniacke,North Melbourne,0.01766681
FeelingDusty,10/08/2024,22,16809,North Melbourne,West Coast,13105,Colby,McKercher,North Melbourne,0.567301215
FeelingDusty,10/08/2024,22,16809,North Melbourne,West Coast,12246,Luke,McDonald,North Melbourne,0.003551669
FeelingDusty,10/08/2024,22,16809,North Melbourne,West Coast,12511,Jy,Simpkin,North Melbourne,0.010830819
FeelingDusty,10/08/2024,22,16809,North Melbourne,West Coast,12434,Darcy,Tucker,North Melbourne,0.000151965
FeelingDusty,10/08/2024,22,16809,North Melbourne,West Coast,11766,Liam,Shiels,North Melbourne,0
FeelingDusty,10/08/2024,22,16809,North Melbourne,West Coast,12569,Nick,Larkey,North Melbourne,0.000151965
FeelingDusty,10/08/2024,22,16809,North Melbourne,West Coast,12867,Tom,Powell,North Melbourne,0.030503944
FeelingDusty,10/08/2024,22,16809,North Melbourne,West Coast,12975,Paul,Curtis,North Melbourne,0.088708631
FeelingDusty,10/08/2024,22,16809,North Melbourne,West Coast,12981,Miller,Bergman,North Melbourne,0.001296881
FeelingDusty,10/08/2024,22,16809,North Melbourne,West Coast,12878,Will,Phillips,North Melbourne,0
FeelingDusty,10/08/2024,22,16809,North Melbourne,West Coast,12939,Charlie,Comben,North Melbourne,0.001789531
FeelingDusty,10/08/2024,22,16809,North Melbourne,West Coast,13106,Toby,Pink,North Melbourne,0.000151965
FeelingDusty,10/08/2024,22,16809,North Melbourne,West Coast,13005,Jackson,Archer,North Melbourne,0.001296881
FeelingDusty,10/08/2024,22,16809,North Melbourne,West Coast,12789,Tristan,Xerri,North Melbourne,2.534503709
FeelingDusty,10/08/2024,22,16809,North Melbourne,West Coast,12923,Eddie,Ford,North Melbourne,0.000151965
FeelingDusty,10/08/2024,22,16809,North Melbourne,West Coast,13000,Brynn,Teakle,North Melbourne,0.00061367
FeelingDusty,10/08/2024,22,16809,North Melbourne,West Coast,12566,Cameron,Zurhaar,North Melbourne,0.000151965
FeelingDusty,10/08/2024,22,16809,North Melbourne,West Coast,13086,Robert,Hansen Jr,North Melbourne,0.000151965
FeelingDusty,10/08/2024,22,16809,North Melbourne,West Coast,12607,Liam,Ryan,West Coast,0.001500493
FeelingDusty,10/08/2024,22,16809,North Melbourne,West Coast,12609,Jake,Waterman,West Coast,0.001500493
FeelingDusty,10/08/2024,22,16809,North Melbourne,West Coast,11909,Andrew,Gaff,West Coast,0.001500493
FeelingDusty,10/08/2024,22,16809,North Melbourne,West Coast,12433,Jayden,Hunt,West Coast,0.001500493
FeelingDusty,10/08/2024,22,16809,North Melbourne,West Coast,12093,Elliot,Yeo,West Coast,0.0138591
FeelingDusty,10/08/2024,22,16809,North Melbourne,West Coast,13032,Reuben,Ginbey,West Coast,0.001877562
FeelingDusty,10/08/2024,22,16809,North Melbourne,West Coast,13112,Harley,Reid,West Coast,0.007343166
FeelingDusty,10/08/2024,22,16809,North Melbourne,West Coast,12605,Tim,Kelly,West Coast,0.009672696
FeelingDusty,10/08/2024,22,16809,North Melbourne,West Coast,12662,Oscar,Allen,West Coast,1.459335876
FeelingDusty,10/08/2024,22,16809,North Melbourne,West Coast,12340,Liam,Duggan,West Coast,0.001500493
FeelingDusty,10/08/2024,22,16809,North Melbourne,West Coast,11942,Jamie,Cripps,West Coast,0.006283244
FeelingDusty,10/08/2024,22,16809,North Melbourne,West Coast,12958,Brady,Hough,West Coast,0.002645409
FeelingDusty,10/08/2024,22,16809,North Melbourne,West Coast,12279,Jeremy,McGovern,West Coast,0.906865996
FeelingDusty,10/08/2024,22,16809,North Melbourne,West Coast,12554,Alex,Witherden,West Coast,0.001500493
FeelingDusty,10/08/2024,22,16809,North Melbourne,West Coast,13135,Harvey,Johnston,West Coast,0.004430337
FeelingDusty,10/08/2024,22,16809,North Melbourne,West Coast,13010,Zane,Trew,West Coast,0.001500493
FeelingDusty,10/08/2024,22,16809,North Melbourne,West Coast,11908,Jack,Darling,West Coast,0.001962198
FeelingDusty,10/08/2024,22,16809,North Melbourne,West Coast,12454,Tom,Cole,West Coast,0.001500493
FeelingDusty,10/08/2024,22,16809,North Melbourne,West Coast,13168,Clay,Hall,West Coast,0.001500493
FeelingDusty,10/08/2024,22,16809,North Melbourne,West Coast,12837,Bailey J.,Williams,West Coast,0.007426467
FeelingDusty,10/08/2024,22,16809,North Melbourne,West Coast,12960,Jack,Williams,West Coast,0.001500493
FeelingDusty,10/08/2024,22,16809,North Melbourne,West Coast,13071,Ryan,Maric,West Coast,0.001500493
FeelingDusty,10/08/2024,22,16809,North Melbourne,West Coast,13142,Tyrell,Dewar,West Coast,0.004430337
FeelingDusty,10/08/2024,22,16810,Fremantle,Geelong,12764,Sam,Sturt,Fremantle,0.000216882
FeelingDusty,10/08/2024,22,16810,Fremantle,Geelong,12149,Jaeger,OMeara,Fremantle,0.004398302
FeelingDusty,10/08/2024,22,16810,Fremantle,Geelong,12786,Caleb,Serong,Fremantle,1.918017592
FeelingDusty,10/08/2024,22,16810,Fremantle,Geelong,12876,Heath,Chapman,Fremantle,0.074113521
FeelingDusty,10/08/2024,22,16810,Fremantle,Geelong,12688,Jordan,Clark,Fremantle,0.241309436
FeelingDusty,10/08/2024,22,16810,Fremantle,Geelong,11844,Nat,Fyfe,Fremantle,0
FeelingDusty,10/08/2024,22,16810,Fremantle,Geelong,12596,Andrew,Brayshaw,Fremantle,0.001164438
FeelingDusty,10/08/2024,22,16810,Fremantle,Geelong,12779,Luke,Jackson,Fremantle,0.000216882
FeelingDusty,10/08/2024,22,16810,Fremantle,Geelong,12550,Luke,Ryan,Fremantle,0.831364927
FeelingDusty,10/08/2024,22,16810,Fremantle,Geelong,12821,Jeremy,Sharp,Fremantle,0.019532769
FeelingDusty,10/08/2024,22,16810,Fremantle,Geelong,12211,Matt,Taberner,Fremantle,0.004398302
FeelingDusty,10/08/2024,22,16810,Fremantle,Geelong,13080,Karl,Worner,Fremantle,0.000216882
FeelingDusty,10/08/2024,22,16810,Fremantle,Geelong,12983,Jye,Amiss,Fremantle,0.000216882
FeelingDusty,10/08/2024,22,16810,Fremantle,Geelong,12777,Hayden,Young,Fremantle,0.06450724
FeelingDusty,10/08/2024,22,16810,Fremantle,Geelong,12915,Brandon,Walker,Fremantle,0.000216882
FeelingDusty,10/08/2024,22,16810,Fremantle,Geelong,12803,Michael,Frederick,Fremantle,0.000216882
FeelingDusty,10/08/2024,22,16810,Fremantle,Geelong,12461,Corey,Wagner,Fremantle,0
FeelingDusty,10/08/2024,22,16810,Fremantle,Geelong,12552,Brennan,Cox,Fremantle,0.001850886
FeelingDusty,10/08/2024,22,16810,Fremantle,Geelong,13113,Joshua,Draper,Fremantle,0.000216882
FeelingDusty,10/08/2024,22,16810,Fremantle,Geelong,13132,Patrick,Voss,Fremantle,0.00294718
FeelingDusty,10/08/2024,22,16810,Fremantle,Geelong,12679,Sam,Switkowski,Fremantle,0.000216882
FeelingDusty,10/08/2024,22,16810,Fremantle,Geelong,12595,Bailey,Banfield,Fremantle,0.000216882
FeelingDusty,10/08/2024,22,16810,Fremantle,Geelong,13049,Matthew,Johnson,Fremantle,0.000216882
FeelingDusty,10/08/2024,22,16810,Fremantle,Geelong,11855,Rhys,Stanley,Geelong,0.023891001
FeelingDusty,10/08/2024,22,16810,Fremantle,Geelong,11979,Zach,Tuohy,Geelong,0.0017239
FeelingDusty,10/08/2024,22,16810,Fremantle,Geelong,12870,Tanner,Bruhn,Geelong,0.002759908
FeelingDusty,10/08/2024,22,16810,Fremantle,Geelong,12022,Jeremy,Cameron,Geelong,0.022106153
FeelingDusty,10/08/2024,22,16810,Fremantle,Geelong,13107,Shaun,Mannagh,Geelong,0.005730435
FeelingDusty,10/08/2024,22,16810,Fremantle,Geelong,12378,Jake,Kolodjashnij,Geelong,0.004393912
FeelingDusty,10/08/2024,22,16810,Fremantle,Geelong,12882,Max,Holmes,Geelong,0.178735987
FeelingDusty,10/08/2024,22,16810,Fremantle,Geelong,12507,Jack,Bowes,Geelong,0.002061881
FeelingDusty,10/08/2024,22,16810,Fremantle,Geelong,13162,Lawson,Humphries,Geelong,0.002759908
FeelingDusty,10/08/2024,22,16810,Fremantle,Geelong,12561,Tyson,Stengle,Geelong,0.003466474
FeelingDusty,10/08/2024,22,16810,Fremantle,Geelong,11804,Mitch,Duncan,Geelong,0.0017239
FeelingDusty,10/08/2024,22,16810,Fremantle,Geelong,12976,Oliver,Dempsey,Geelong,0.107214143
FeelingDusty,10/08/2024,22,16810,Fremantle,Geelong,12687,Tom,Atkins,Geelong,0.017611666
FeelingDusty,10/08/2024,22,16810,Fremantle,Geelong,12690,Gryan,Miers,Geelong,0.073405672
FeelingDusty,10/08/2024,22,16810,Fremantle,Geelong,12995,Shannon,Neale,Geelong,0.002304951
FeelingDusty,10/08/2024,22,16810,Fremantle,Geelong,13067,Oisin,Mullin,Geelong,0.002759908
FeelingDusty,10/08/2024,22,16810,Fremantle,Geelong,11706,Patrick,Dangerfield,Geelong,2.234999459
FeelingDusty,10/08/2024,22,16810,Fremantle,Geelong,12850,Oliver,Henry,Geelong,0.002759908
FeelingDusty,10/08/2024,22,16810,Fremantle,Geelong,12614,Jack,Henry,Geelong,0.004393912
FeelingDusty,10/08/2024,22,16810,Fremantle,Geelong,12559,Zach,Guthrie,Geelong,0.095377867
FeelingDusty,10/08/2024,22,16810,Fremantle,Geelong,12514,Tom,Stewart,Geelong,0.022188377
FeelingDusty,10/08/2024,22,16810,Fremantle,Geelong,12808,Brad,Close,Geelong,0.002759908
FeelingDusty,10/08/2024,22,16810,Fremantle,Geelong,12160,Mark,Blicavs,Geelong,0.019097354
FeelingDusty,10/08/2024,22,16811,Essendon,Gold Coast,12505,Andrew,McGrath,Essendon,0.012754397
FeelingDusty,10/08/2024,22,16811,Essendon,Gold Coast,12809,Sam,Draper,Essendon,0.017864735
FeelingDusty,10/08/2024,22,16811,Essendon,Gold Coast,12414,Darcy,Parish,Essendon,0.031299958
FeelingDusty,10/08/2024,22,16811,Essendon,Gold Coast,12358,Kyle,Langford,Essendon,0
FeelingDusty,10/08/2024,22,16811,Essendon,Gold Coast,12752,Jye,Caldwell,Essendon,0.003472226
FeelingDusty,10/08/2024,22,16811,Essendon,Gold Coast,12249,Zach,Merrett,Essendon,1.391920617
FeelingDusty,10/08/2024,22,16811,Essendon,Gold Coast,12972,Ben,Hobbs,Essendon,0.000514476
FeelingDusty,10/08/2024,22,16811,Essendon,Gold Coast,12032,Dylan,Shiel,Essendon,0
FeelingDusty,10/08/2024,22,16811,Essendon,Gold Coast,12422,Jade,Gresham,Essendon,0
FeelingDusty,10/08/2024,22,16811,Essendon,Gold Coast,12858,Nik,Cox,Essendon,0.003472226
FeelingDusty,10/08/2024,22,16811,Essendon,Gold Coast,12384,Jayden,Laverde,Essendon,0.005835404
FeelingDusty,10/08/2024,22,16811,Essendon,Gold Coast,12926,Sam,Durham,Essendon,0.02938984
FeelingDusty,10/08/2024,22,16811,Essendon,Gold Coast,12857,Harrison,Jones,Essendon,0.000895137
FeelingDusty,10/08/2024,22,16811,Essendon,Gold Coast,12900,Nick,Bryan,Essendon,0.003949809
FeelingDusty,10/08/2024,22,16811,Essendon,Gold Coast,12173,Jake,Stringer,Essendon,0.000514476
FeelingDusty,10/08/2024,22,16811,Essendon,Gold Coast,12445,Mason,Redman,Essendon,0.099371914
FeelingDusty,10/08/2024,22,16811,Essendon,Gold Coast,12345,Jake,Kelly,Essendon,0.000514476
FeelingDusty,10/08/2024,22,16811,Essendon,Gold Coast,13149,Nate,Caddy,Essendon,0.003670278
FeelingDusty,10/08/2024,22,16811,Essendon,Gold Coast,12588,Ben,McKay,Essendon,0.122334387
FeelingDusty,10/08/2024,22,16811,Essendon,Gold Coast,13040,Alwyn,Davey Jnr,Essendon,0.000514476
FeelingDusty,10/08/2024,22,16811,Essendon,Gold Coast,12950,Nic,Martin,Essendon,0.852928287
FeelingDusty,10/08/2024,22,16811,Essendon,Gold Coast,13169,Archie,Roberts,Essendon,0.000514476
FeelingDusty,10/08/2024,22,16811,Essendon,Gold Coast,13020,Jye,Menzie,Essendon,0.000514476
FeelingDusty,10/08/2024,22,16811,Essendon,Gold Coast,12825,Sam,Flanders,Gold Coast,0.052104108
FeelingDusty,10/08/2024,22,16811,Essendon,Gold Coast,12941,Alex,Davies,Gold Coast,0.003446076
FeelingDusty,10/08/2024,22,16811,Essendon,Gold Coast,12086,Alex,Sexton,Gold Coast,0.001514785
FeelingDusty,10/08/2024,22,16811,Essendon,Gold Coast,12314,Nick,Holman,Gold Coast,0.004922938
FeelingDusty,10/08/2024,22,16811,Essendon,Gold Coast,12631,Charlie,Ballard,Gold Coast,0.002670606
FeelingDusty,10/08/2024,22,16811,Essendon,Gold Coast,12393,Lachie,Weller,Gold Coast,0.00278033
FeelingDusty,10/08/2024,22,16811,Essendon,Gold Coast,12767,Noah,Anderson,Gold Coast,0.054229815
FeelingDusty,10/08/2024,22,16811,Essendon,Gold Coast,13114,Jed,Walter,Gold Coast,0.001514785
FeelingDusty,10/08/2024,22,16811,Essendon,Gold Coast,12769,Matt,Rowell,Gold Coast,2.467648823
FeelingDusty,10/08/2024,22,16811,Essendon,Gold Coast,13050,Bailey,Humphrey,Gold Coast,0.001514785
FeelingDusty,10/08/2024,22,16811,Essendon,Gold Coast,12529,Ben,Long,Gold Coast,0.001982365
FeelingDusty,10/08/2024,22,16811,Essendon,Gold Coast,12242,Sean,Lemmens,Gold Coast,0.001514785
FeelingDusty,10/08/2024,22,16811,Essendon,Gold Coast,11923,David,Swallow,Gold Coast,0.001514785
FeelingDusty,10/08/2024,22,16811,Essendon,Gold Coast,12453,Sam,Collins,Gold Coast,0.103683476
FeelingDusty,10/08/2024,22,16811,Essendon,Gold Coast,13120,Will,Graham,Gold Coast,0.007413108
FeelingDusty,10/08/2024,22,16811,Essendon,Gold Coast,12658,Wil,Powell,Gold Coast,0.001895446
FeelingDusty,10/08/2024,22,16811,Essendon,Gold Coast,12184,Jarrod,Witts,Gold Coast,0.01790406
FeelingDusty,10/08/2024,22,16811,Essendon,Gold Coast,13127,Jake,Rogers,Gold Coast,0.001514785
FeelingDusty,10/08/2024,22,16811,Essendon,Gold Coast,13019,Mac,Andrew,Gold Coast,0.662632022
FeelingDusty,10/08/2024,22,16811,Essendon,Gold Coast,13037,Bodhi,Uwland,Gold Coast,0.001514785
FeelingDusty,10/08/2024,22,16811,Essendon,Gold Coast,13119,Sam,Clohesy,Gold Coast,0.015358031
FeelingDusty,10/08/2024,22,16811,Essendon,Gold Coast,12728,Ben,King,Gold Coast,0.005808621
FeelingDusty,10/08/2024,22,16811,Essendon,Gold Coast,12768,Connor,Budarick,Gold Coast,0.002670606
FeelingDusty,10/08/2024,22,16812,Melbourne,Port Adelaide,13048,Jacob,van Rooyen,Melbourne,0.000392333
FeelingDusty,10/08/2024,22,16812,Melbourne,Port Adelaide,12280,Christian,Salem,Melbourne,0.005468282
FeelingDusty,10/08/2024,22,16812,Melbourne,Port Adelaide,13036,Judd,McVee,Melbourne,0.00356253
FeelingDusty,10/08/2024,22,16812,Melbourne,Port Adelaide,12152,Jack,Viney,Melbourne,0.002358652
FeelingDusty,10/08/2024,22,16812,Melbourne,Port Adelaide,12359,Jake,Lever,Melbourne,0.001273746
FeelingDusty,10/08/2024,22,16812,Melbourne,Port Adelaide,11972,Max,Gawn,Melbourne,1.183534638
FeelingDusty,10/08/2024,22,16812,Melbourne,Port Adelaide,12411,Clayton,Oliver,Melbourne,0.005156559
FeelingDusty,10/08/2024,22,16812,Melbourne,Port Adelaide,12255,Jack,Billings,Melbourne,0.000756254
FeelingDusty,10/08/2024,22,16812,Melbourne,Port Adelaide,12401,Ed,Langdon,Melbourne,0.002057185
FeelingDusty,10/08/2024,22,16812,Melbourne,Port Adelaide,11828,Jake,Melksham,Melbourne,0
FeelingDusty,10/08/2024,22,16812,Melbourne,Port Adelaide,12034,Adam,Tomlinson,Melbourne,0.000392333
FeelingDusty,10/08/2024,22,16812,Melbourne,Port Adelaide,13098,Blake,Howes,Melbourne,0.000392333
FeelingDusty,10/08/2024,22,16812,Melbourne,Port Adelaide,12778,Trent,Rivers,Melbourne,0.002647871
FeelingDusty,10/08/2024,22,16812,Melbourne,Port Adelaide,12015,Tom,McDonald,Melbourne,0.000392333
FeelingDusty,10/08/2024,22,16812,Melbourne,Port Adelaide,12691,Marty,Hore,Melbourne,0.001273746
FeelingDusty,10/08/2024,22,16812,Melbourne,Port Adelaide,12375,Alex,Neal-Bullen,Melbourne,0.03197078
FeelingDusty,10/08/2024,22,16812,Melbourne,Port Adelaide,12603,Bayley,Fritsch,Melbourne,0.000392333
FeelingDusty,10/08/2024,22,16812,Melbourne,Port Adelaide,12692,Tom,Sparrow,Melbourne,0.001064047
FeelingDusty,10/08/2024,22,16812,Melbourne,Port Adelaide,12660,Harrison,Petty,Melbourne,0
FeelingDusty,10/08/2024,22,16812,Melbourne,Port Adelaide,12774,Kysaiah,Pickett,Melbourne,1.132420566
FeelingDusty,10/08/2024,22,16812,Melbourne,Port Adelaide,12756,Kade,Chandler,Melbourne,0.000392333
FeelingDusty,10/08/2024,22,16812,Melbourne,Port Adelaide,13123,Koltyn,Tholstrup,Melbourne,0.001633234
FeelingDusty,10/08/2024,22,16812,Melbourne,Port Adelaide,12998,Daniel,Turner,Melbourne,0.000392333
FeelingDusty,10/08/2024,22,16812,Melbourne,Port Adelaide,12696,Connor,Rozee,Port Adelaide,0.255029658
FeelingDusty,10/08/2024,22,16812,Melbourne,Port Adelaide,12581,Todd,Marshall,Port Adelaide,0.001155154
FeelingDusty,10/08/2024,22,16812,Melbourne,Port Adelaide,12503,Dan,Houston,Port Adelaide,0.123745578
FeelingDusty,10/08/2024,22,16812,Melbourne,Port Adelaide,12671,Kane,Farrell,Port Adelaide,0.002120241
FeelingDusty,10/08/2024,22,16812,Melbourne,Port Adelaide,13011,Jase,Burgoyne,Port Adelaide,0.013026289
FeelingDusty,10/08/2024,22,16812,Melbourne,Port Adelaide,12693,Zak,Butters,Port Adelaide,1.192721205
FeelingDusty,10/08/2024,22,16812,Melbourne,Port Adelaide,11591,Travis,Boak,Port Adelaide,0.340866265
FeelingDusty,10/08/2024,22,16812,Melbourne,Port Adelaide,12868,Miles,Bergman,Port Adelaide,0.002036567
FeelingDusty,10/08/2024,22,16812,Melbourne,Port Adelaide,12613,Willie,Rioli,Port Adelaide,0.001155154
FeelingDusty,10/08/2024,22,16812,Melbourne,Port Adelaide,12155,Ollie,Wines,Port Adelaide,0.011913007
FeelingDusty,10/08/2024,22,16812,Melbourne,Port Adelaide,12955,Jason,Horne-Francis,Port Adelaide,1.658575056
FeelingDusty,10/08/2024,22,16812,Melbourne,Port Adelaide,12442,Aliir,Aliir,Port Adelaide,0.002036567
FeelingDusty,10/08/2024,22,16812,Melbourne,Port Adelaide,11915,Charlie,Dixon,Port Adelaide,0.000596311
FeelingDusty,10/08/2024,22,16812,Melbourne,Port Adelaide,12890,Jordon,Sweet,Port Adelaide,0.003410693
FeelingDusty,10/08/2024,22,16812,Melbourne,Port Adelaide,12757,Brandon,Zerk-Thatcher,Port Adelaide,0.001826868
FeelingDusty,10/08/2024,22,16812,Melbourne,Port Adelaide,12606,Esava,Ratugolea,Port Adelaide,0.001155154
FeelingDusty,10/08/2024,22,16812,Melbourne,Port Adelaide,12694,Willem,Drew,Port Adelaide,0.003410693
FeelingDusty,10/08/2024,22,16812,Melbourne,Port Adelaide,12873,Francis,Evans,Port Adelaide,0.001155154
FeelingDusty,10/08/2024,22,16812,Melbourne,Port Adelaide,12429,Darcy,Byrne-Jones,Port Adelaide,0.001155154
FeelingDusty,10/08/2024,22,16812,Melbourne,Port Adelaide,12883,Lachie,Jones,Port Adelaide,0.001155154
FeelingDusty,10/08/2024,22,16812,Melbourne,Port Adelaide,12657,Quinton,Narkle,Port Adelaide,0.001155154
FeelingDusty,10/08/2024,22,16812,Melbourne,Port Adelaide,13155,Logan,Evans,Port Adelaide,0.001519352
FeelingDusty,10/08/2024,22,16812,Melbourne,Port Adelaide,12952,Jackson,Mead,Port Adelaide,0.001155154
FeelingDusty,11/08/2024,22,16813,Carlton,Hawthorn,13028,Lachlan,Cowan,Carlton,0.000684389
FeelingDusty,11/08/2024,22,16813,Carlton,Hawthorn,12991,Jesse,Motlop,Carlton,0.000839491
FeelingDusty,11/08/2024,22,16813,Carlton,Hawthorn,13029,Oliver,Hollands,Carlton,0.004344731
FeelingDusty,11/08/2024,22,16813,Carlton,Hawthorn,12181,Zac,Williams,Carlton,0
FeelingDusty,11/08/2024,22,16813,Carlton,Hawthorn,12463,Matthew,Kennedy,Carlton,0.306035038
FeelingDusty,11/08/2024,22,16813,Carlton,Hawthorn,12604,Lachie,Fogarty,Carlton,0
FeelingDusty,11/08/2024,22,16813,Carlton,Hawthorn,12269,Patrick,Cripps,Carlton,0.072403726
FeelingDusty,11/08/2024,22,16813,Carlton,Hawthorn,12575,Harry,McKay,Carlton,0.003591686
FeelingDusty,11/08/2024,22,16813,Carlton,Hawthorn,12415,Mitch,McGovern,Carlton,0.000573783
FeelingDusty,11/08/2024,22,16813,Carlton,Hawthorn,12282,Blake,Acres,Carlton,0.092828644
FeelingDusty,11/08/2024,22,16813,Carlton,Hawthorn,12938,Brodie,Kemp,Carlton,0
FeelingDusty,11/08/2024,22,16813,Carlton,Hawthorn,12685,Sam,Walsh,Carlton,0.000658292
FeelingDusty,11/08/2024,22,16813,Carlton,Hawthorn,13017,Elijah,Hollands,Carlton,0
FeelingDusty,11/08/2024,22,16813,Carlton,Hawthorn,12243,Jack,Martin,Carlton,0
FeelingDusty,11/08/2024,22,16813,Carlton,Hawthorn,12410,Jacob,Weitering,Carlton,0
FeelingDusty,11/08/2024,22,16813,Carlton,Hawthorn,12517,Nic,Newman,Carlton,0.054674363
FeelingDusty,11/08/2024,22,16813,Carlton,Hawthorn,12424,Marc,Pittonet,Carlton,0.002983629
FeelingDusty,11/08/2024,22,16813,Carlton,Hawthorn,12417,George,Hewett,Carlton,0.001979497
FeelingDusty,11/08/2024,22,16813,Carlton,Hawthorn,12428,Charlie,Curnow,Carlton,0
FeelingDusty,11/08/2024,22,16813,Carlton,Hawthorn,12965,Jordan,Boyd,Carlton,0
FeelingDusty,11/08/2024,22,16813,Carlton,Hawthorn,13057,Alex,Cincotta,Carlton,0
FeelingDusty,11/08/2024,22,16813,Carlton,Hawthorn,12330,Adam,Saad,Carlton,0
FeelingDusty,11/08/2024,22,16813,Carlton,Hawthorn,12842,Matthew,Owies,Carlton,0
FeelingDusty,11/08/2024,22,16813,Carlton,Hawthorn,12585,Harry,Morrison,Hawthorn,0.019475936
FeelingDusty,11/08/2024,22,16813,Carlton,Hawthorn,12913,Jai,Newcombe,Hawthorn,0
FeelingDusty,11/08/2024,22,16813,Carlton,Hawthorn,12245,Jarman,Impey,Hawthorn,0.069380361
FeelingDusty,11/08/2024,22,16813,Carlton,Hawthorn,12626,James,Worpel,Hawthorn,0.02784389
FeelingDusty,11/08/2024,22,16813,Carlton,Hawthorn,12342,James,Sicily,Hawthorn,0.675648194
FeelingDusty,11/08/2024,22,16813,Carlton,Hawthorn,12124,Sam,Frost,Hawthorn,0.001938053
FeelingDusty,11/08/2024,22,16813,Carlton,Hawthorn,12365,Karl,Amon,Hawthorn,0
FeelingDusty,11/08/2024,22,16813,Carlton,Hawthorn,12678,Conor,Nash,Hawthorn,0.012206131
FeelingDusty,11/08/2024,22,16813,Carlton,Hawthorn,12794,Will,Day,Hawthorn,0.003559591
FeelingDusty,11/08/2024,22,16813,Carlton,Hawthorn,12710,Dylan,Moore,Hawthorn,2.222624383
FeelingDusty,11/08/2024,22,16813,Carlton,Hawthorn,12571,Jack,Scrimshaw,Hawthorn,0.031381214
FeelingDusty,11/08/2024,22,16813,Carlton,Hawthorn,12477,Blake,Hardwick,Hawthorn,0.001938053
FeelingDusty,11/08/2024,22,16813,Carlton,Hawthorn,12999,Massimo,DAmbrosio,Hawthorn,1.776920804
FeelingDusty,11/08/2024,22,16813,Carlton,Hawthorn,12854,Lloyd,Meek,Hawthorn,0.007809467
FeelingDusty,11/08/2024,22,16813,Carlton,Hawthorn,12491,Mabior,Chol,Hawthorn,0.001938053
FeelingDusty,11/08/2024,22,16813,Carlton,Hawthorn,11854,Jack,Gunston,Hawthorn,0.025485925
FeelingDusty,11/08/2024,22,16813,Carlton,Hawthorn,11960,Luke,Breust,Hawthorn,0.002228026
FeelingDusty,11/08/2024,22,16813,Carlton,Hawthorn,13059,Josh,Weddle,Hawthorn,0.367281181
FeelingDusty,11/08/2024,22,16813,Carlton,Hawthorn,13039,Cam,Mackenzie,Hawthorn,0.001938053
FeelingDusty,11/08/2024,22,16813,Carlton,Hawthorn,12953,Connor,Macdonald,Hawthorn,0.184787104
FeelingDusty,11/08/2024,22,16813,Carlton,Hawthorn,12928,Jack,Ginnivan,Hawthorn,0.006684433
FeelingDusty,11/08/2024,22,16813,Carlton,Hawthorn,13103,Nick,Watson,Hawthorn,0
FeelingDusty,11/08/2024,22,16813,Carlton,Hawthorn,13137,Calsher,Dear,Hawthorn,0.01733388
FeelingDusty,11/08/2024,22,16814,Richmond,St Kilda,12180,Nick,Vlastuin,Richmond,0
FeelingDusty,11/08/2024,22,16814,Richmond,St Kilda,11921,Dion,Prestia,Richmond,0.002676858
FeelingDusty,11/08/2024,22,16814,Richmond,St Kilda,12904,Hugo,Ralphsmith,Richmond,0.001094219
FeelingDusty,11/08/2024,22,16814,Richmond,St Kilda,12512,Tim,Taranto,Richmond,0.010487209
FeelingDusty,11/08/2024,22,16814,Richmond,St Kilda,12425,Jayden,Short,Richmond,0
FeelingDusty,11/08/2024,22,16814,Richmond,St Kilda,12409,Daniel,Rioli,Richmond,1.516187507
FeelingDusty,11/08/2024,22,16814,Richmond,St Kilda,12861,Jacob,Koschitzke,Richmond,0
FeelingDusty,11/08/2024,22,16814,Richmond,St Kilda,12686,Noah,Balta,Richmond,0
FeelingDusty,11/08/2024,22,16814,Richmond,St Kilda,12447,Jacob,Hopper,Richmond,0.033567769
FeelingDusty,11/08/2024,22,16814,Richmond,St Kilda,12379,Toby,Nankervis,Richmond,0
FeelingDusty,11/08/2024,22,16814,Richmond,St Kilda,12836,Thomson,Dow,Richmond,0
FeelingDusty,11/08/2024,22,16814,Richmond,St Kilda,12542,Shai,Bolton,Richmond,0.001094219
FeelingDusty,11/08/2024,22,16814,Richmond,St Kilda,12884,Rhyan,Mansell,Richmond,0
FeelingDusty,11/08/2024,22,16814,Richmond,St Kilda,12918,Samson,Ryan,Richmond,0
FeelingDusty,11/08/2024,22,16814,Richmond,St Kilda,12324,Kamdyn,McIntosh,Richmond,0.001918196
FeelingDusty,11/08/2024,22,16814,Richmond,St Kilda,12584,Jack,Graham,Richmond,0
FeelingDusty,11/08/2024,22,16814,Richmond,St Kilda,12464,Nathan,Broad,Richmond,0.000184755
FeelingDusty,11/08/2024,22,16814,Richmond,St Kilda,13096,James,Trezise,Richmond,0
FeelingDusty,11/08/2024,22,16814,Richmond,St Kilda,13076,Sam,Banks,Richmond,0.006422473
FeelingDusty,11/08/2024,22,16814,Richmond,St Kilda,13077,Jacob,Bauer,Richmond,0
FeelingDusty,11/08/2024,22,16814,Richmond,St Kilda,13100,Seth,Campbell,Richmond,0
FeelingDusty,11/08/2024,22,16814,Richmond,St Kilda,12940,Ben,Miller,Richmond,0
FeelingDusty,11/08/2024,22,16814,Richmond,St Kilda,13150,Kaleb,Smith,Richmond,0
FeelingDusty,11/08/2024,22,16814,Richmond,St Kilda,12616,Jack,Higgins,St Kilda,0.001878036
FeelingDusty,11/08/2024,22,16814,Richmond,St Kilda,12294,Zak,Jones,St Kilda,0.0051828
FeelingDusty,11/08/2024,22,16814,Richmond,St Kilda,12947,Nasiah,Wanganeen-Milera,St Kilda,0.018149064
FeelingDusty,11/08/2024,22,16814,Richmond,St Kilda,12066,Bradley,Hill,St Kilda,0.011883603
FeelingDusty,11/08/2024,22,16814,Richmond,St Kilda,12377,Jack,Steele,St Kilda,0.049191053
FeelingDusty,11/08/2024,22,16814,Richmond,St Kilda,12945,Mitch,Owens,St Kilda,0.012474389
FeelingDusty,11/08/2024,22,16814,Richmond,St Kilda,12593,Hunter,Clark,St Kilda,0.063156615
FeelingDusty,11/08/2024,22,16814,Richmond,St Kilda,12804,Ryan,Byrnes,St Kilda,0.004723369
FeelingDusty,11/08/2024,22,16814,Richmond,St Kilda,12721,Liam,Stocker,St Kilda,0.002989927
FeelingDusty,11/08/2024,22,16814,Richmond,St Kilda,12589,Paddy,Dow,St Kilda,0.032190775
FeelingDusty,11/08/2024,22,16814,Richmond,St Kilda,12498,Dan,Butler,St Kilda,0.001558747
FeelingDusty,11/08/2024,22,16814,Richmond,St Kilda,12572,Rowan,Marshall,St Kilda,2.578497564
FeelingDusty,11/08/2024,22,16814,Richmond,St Kilda,12426,Dougal,Howard,St Kilda,0.001878036
FeelingDusty,11/08/2024,22,16814,Richmond,St Kilda,13109,Darcy,Wilson,St Kilda,0.001878036
FeelingDusty,11/08/2024,22,16814,Richmond,St Kilda,12565,Josh,Battle,St Kilda,0.719068479
FeelingDusty,11/08/2024,22,16814,Richmond,St Kilda,12307,Tim,Membrey,St Kilda,0.080678847
FeelingDusty,11/08/2024,22,16814,Richmond,St Kilda,12194,Jimmy,Webster,St Kilda,0.001878036
FeelingDusty,11/08/2024,22,16814,Richmond,St Kilda,12321,Mason,Wood,St Kilda,0.011614929
FeelingDusty,11/08/2024,22,16814,Richmond,St Kilda,12337,Jack,Sinclair,St Kilda,0.678853116
FeelingDusty,11/08/2024,22,16814,Richmond,St Kilda,13170,Angus,McLennan,St Kilda,0.002989927
FeelingDusty,11/08/2024,22,16814,Richmond,St Kilda,12930,Cooper,Sharman,St Kilda,0.004797586
FeelingDusty,11/08/2024,22,16814,Richmond,St Kilda,12701,Callum,Wilkie,St Kilda,0.137981365
FeelingDusty,11/08/2024,22,16814,Richmond,St Kilda,13041,Anthony,Caminiti,St Kilda,0.002872498
FeelingDusty,11/08/2024,22,16815,Adelaide,Western Bulldogs,12441,Ben,Keays,Adelaide,0.34775584
FeelingDusty,11/08/2024,22,16815,Adelaide,Western Bulldogs,12855,Sam,Berry,Adelaide,0.000455439
FeelingDusty,11/08/2024,22,16815,Adelaide,Western Bulldogs,12592,Lachlan,Murphy,Adelaide,0.001539223
FeelingDusty,11/08/2024,22,16815,Adelaide,Western Bulldogs,12265,Matt,Crouch,Adelaide,0.98563883
FeelingDusty,11/08/2024,22,16815,Adelaide,Western Bulldogs,13133,Daniel,Curtin,Adelaide,0.001539223
FeelingDusty,11/08/2024,22,16815,Adelaide,Western Bulldogs,12893,Riley,Thilthorpe,Adelaide,0.012950037
FeelingDusty,11/08/2024,22,16815,Adelaide,Western Bulldogs,12957,Josh,Rachele,Adelaide,0.001539223
FeelingDusty,11/08/2024,22,16815,Adelaide,Western Bulldogs,12519,Jordan,Dawson,Adelaide,0.654533883
FeelingDusty,11/08/2024,22,16815,Adelaide,Western Bulldogs,11724,Taylor,Walker,Adelaide,0
FeelingDusty,11/08/2024,22,16815,Adelaide,Western Bulldogs,12956,Jake,Soligo,Adelaide,0.003871233
FeelingDusty,11/08/2024,22,16815,Adelaide,Western Bulldogs,13038,Max,Michalanney,Adelaide,0.003142548
FeelingDusty,11/08/2024,22,16815,Adelaide,Western Bulldogs,13161,Zac,Taylor,Adelaide,0.001539223
FeelingDusty,11/08/2024,22,16815,Adelaide,Western Bulldogs,12725,Mitchell,Hinge,Adelaide,0.002450519
FeelingDusty,11/08/2024,22,16815,Adelaide,Western Bulldogs,12797,Izak,Rankine,Adelaide,0.004891541
FeelingDusty,11/08/2024,22,16815,Adelaide,Western Bulldogs,12916,Josh,Worrell,Adelaide,0.048141614
FeelingDusty,11/08/2024,22,16815,Adelaide,Western Bulldogs,13084,Luke,Nankervis,Adelaide,0.001539223
FeelingDusty,11/08/2024,22,16815,Adelaide,Western Bulldogs,12875,Nick,Murray,Adelaide,0.001539223
FeelingDusty,11/08/2024,22,16815,Adelaide,Western Bulldogs,12171,Rory,Laird,Adelaide,0.158926402
FeelingDusty,11/08/2024,22,16815,Adelaide,Western Bulldogs,12591,Darcy,Fogarty,Adelaide,1.868477967
FeelingDusty,11/08/2024,22,16815,Adelaide,Western Bulldogs,12818,Lachlan,Sholl,Adelaide,0.851713001
FeelingDusty,11/08/2024,22,16815,Adelaide,Western Bulldogs,13166,Hugh,Bond,Adelaide,0.001539223
FeelingDusty,11/08/2024,22,16815,Adelaide,Western Bulldogs,12483,Reilly,OBrien,Adelaide,0.800351966
FeelingDusty,11/08/2024,22,16815,Adelaide,Western Bulldogs,12813,Mark,Keane,Adelaide,0.047061497
FeelingDusty,11/08/2024,22,16815,Adelaide,Western Bulldogs,12058,Adam,Treloar,Western Bulldogs,0.013263499
FeelingDusty,11/08/2024,22,16815,Adelaide,Western Bulldogs,12924,Jamarra,Ugle-Hagan,Western Bulldogs,0
FeelingDusty,11/08/2024,22,16815,Adelaide,Western Bulldogs,12801,Cody,Weightman,Western Bulldogs,0
FeelingDusty,11/08/2024,22,16815,Adelaide,Western Bulldogs,12277,Marcus,Bontempelli,Western Bulldogs,0.156210489
FeelingDusty,11/08/2024,22,16815,Adelaide,Western Bulldogs,12289,Rory,Lobb,Western Bulldogs,0.000151424
FeelingDusty,11/08/2024,22,16815,Adelaide,Western Bulldogs,13023,Sam,Darcy,Western Bulldogs,0.024961114
FeelingDusty,11/08/2024,22,16815,Adelaide,Western Bulldogs,12748,Rhylee,West,Western Bulldogs,0
FeelingDusty,11/08/2024,22,16815,Adelaide,Western Bulldogs,12169,Taylor,Duryea,Western Bulldogs,0
FeelingDusty,11/08/2024,22,16815,Adelaide,Western Bulldogs,12615,Nick,Coffield,Western Bulldogs,0.000151424
FeelingDusty,11/08/2024,22,16815,Adelaide,Western Bulldogs,11874,Liam,Jones,Western Bulldogs,0
FeelingDusty,11/08/2024,22,16815,Adelaide,Western Bulldogs,12612,Ed,Richards,Western Bulldogs,0
FeelingDusty,11/08/2024,22,16815,Adelaide,Western Bulldogs,11904,Tom,Liberatore,Western Bulldogs,0
FeelingDusty,11/08/2024,22,16815,Adelaide,Western Bulldogs,12781,Laitham,Vandermeer,Western Bulldogs,0
FeelingDusty,11/08/2024,22,16815,Adelaide,Western Bulldogs,12901,Buku,Khamis,Western Bulldogs,0
FeelingDusty,11/08/2024,22,16815,Adelaide,Western Bulldogs,12897,Caleb,Poulter,Western Bulldogs,0
FeelingDusty,11/08/2024,22,16815,Adelaide,Western Bulldogs,12917,Lachlan,Bramble,Western Bulldogs,0
FeelingDusty,11/08/2024,22,16815,Adelaide,Western Bulldogs,12851,Lachlan,McNeil,Western Bulldogs,0
FeelingDusty,11/08/2024,22,16815,Adelaide,Western Bulldogs,12362,Bailey,Dale,Western Bulldogs,0
FeelingDusty,11/08/2024,22,16815,Adelaide,Western Bulldogs,12602,Aaron,Naughton,Western Bulldogs,0
FeelingDusty,11/08/2024,22,16815,Adelaide,Western Bulldogs,12449,Bailey,Williams,Western Bulldogs,0.001572138
FeelingDusty,11/08/2024,22,16815,Adelaide,Western Bulldogs,12382,Caleb,Daniel,Western Bulldogs,0
FeelingDusty,11/08/2024,22,16815,Adelaide,Western Bulldogs,12908,Riley,Garcia,Western Bulldogs,0
FeelingDusty,11/08/2024,22,16815,Adelaide,Western Bulldogs,12548,Tim,English,Western Bulldogs,0.002553038
FeelingDusty,16/08/2024,23,16816,Essendon,Sydney,12505,Andrew,McGrath,Essendon,0.046361316
FeelingDusty,16/08/2024,23,16816,Essendon,Sydney,12809,Sam,Draper,Essendon,0.026084532
FeelingDusty,16/08/2024,23,16816,Essendon,Sydney,12414,Darcy,Parish,Essendon,0.019977055
FeelingDusty,16/08/2024,23,16816,Essendon,Sydney,12358,Kyle,Langford,Essendon,0
FeelingDusty,16/08/2024,23,16816,Essendon,Sydney,12752,Jye,Caldwell,Essendon,0.41270908
FeelingDusty,16/08/2024,23,16816,Essendon,Sydney,12249,Zach,Merrett,Essendon,0.002058304
FeelingDusty,16/08/2024,23,16816,Essendon,Sydney,12972,Ben,Hobbs,Essendon,0
FeelingDusty,16/08/2024,23,16816,Essendon,Sydney,12032,Dylan,Shiel,Essendon,0.201637097
FeelingDusty,16/08/2024,23,16816,Essendon,Sydney,12481,Sam,Weideman,Essendon,0
FeelingDusty,16/08/2024,23,16816,Essendon,Sydney,12422,Jade,Gresham,Essendon,0
FeelingDusty,16/08/2024,23,16816,Essendon,Sydney,12384,Jayden,Laverde,Essendon,0.011477801
FeelingDusty,16/08/2024,23,16816,Essendon,Sydney,12880,Archie,Perkins,Essendon,0.002542434
FeelingDusty,16/08/2024,23,16816,Essendon,Sydney,12926,Sam,Durham,Essendon,0
FeelingDusty,16/08/2024,23,16816,Essendon,Sydney,12857,Harrison,Jones,Essendon,0
FeelingDusty,16/08/2024,23,16816,Essendon,Sydney,12900,Nick,Bryan,Essendon,0
FeelingDusty,16/08/2024,23,16816,Essendon,Sydney,12173,Jake,Stringer,Essendon,0
FeelingDusty,16/08/2024,23,16816,Essendon,Sydney,12445,Mason,Redman,Essendon,0.00019825
FeelingDusty,16/08/2024,23,16816,Essendon,Sydney,12345,Jake,Kelly,Essendon,0
FeelingDusty,16/08/2024,23,16816,Essendon,Sydney,13149,Nate,Caddy,Essendon,0
FeelingDusty,16/08/2024,23,16816,Essendon,Sydney,12588,Ben,McKay,Essendon,0.000289378
FeelingDusty,16/08/2024,23,16816,Essendon,Sydney,12950,Nic,Martin,Essendon,1.97589574
FeelingDusty,16/08/2024,23,16816,Essendon,Sydney,13169,Archie,Roberts,Essendon,0.011563674
FeelingDusty,16/08/2024,23,16816,Essendon,Sydney,13020,Jye,Menzie,Essendon,0
FeelingDusty,16/08/2024,23,16816,Essendon,Sydney,12745,Hayden,McLean,Sydney,0.00201521
FeelingDusty,16/08/2024,23,16816,Essendon,Sydney,12070,Taylor,Adams,Sydney,0.00201521
FeelingDusty,16/08/2024,23,16816,Essendon,Sydney,12223,Brodie,Grundy,Sydney,0.00506837
FeelingDusty,16/08/2024,23,16816,Essendon,Sydney,12331,Isaac,Heeney,Sydney,2.193451151
FeelingDusty,16/08/2024,23,16816,Essendon,Sydney,12863,Logan,McDonald,Sydney,0.00201521
FeelingDusty,16/08/2024,23,16816,Essendon,Sydney,12038,Harry,Cunningham,Sydney,0.00201521
FeelingDusty,16/08/2024,23,16816,Essendon,Sydney,12715,James,Rowbottom,Sydney,0.01243444
FeelingDusty,16/08/2024,23,16816,Essendon,Sydney,12516,Will,Hayward,Sydney,0.039464539
FeelingDusty,16/08/2024,23,16816,Essendon,Sydney,12501,Oliver,Florent,Sydney,0.244786726
FeelingDusty,16/08/2024,23,16816,Essendon,Sydney,12418,Callum,Mills,Sydney,0.181939014
FeelingDusty,16/08/2024,23,16816,Essendon,Sydney,12865,Braeden,Campbell,Sydney,0.048850165
FeelingDusty,16/08/2024,23,16816,Essendon,Sydney,12853,James,Jordon,Sydney,0.00201521
FeelingDusty,16/08/2024,23,16816,Essendon,Sydney,12864,Errol,Gulden,Sydney,0.140344245
FeelingDusty,16/08/2024,23,16816,Essendon,Sydney,12699,Nick,Blakey,Sydney,0.001985595
FeelingDusty,16/08/2024,23,16816,Essendon,Sydney,12148,Dane,Rampe,Sydney,0.00245185
FeelingDusty,16/08/2024,23,16816,Essendon,Sydney,11958,Luke,Parker,Sydney,0.158876844
FeelingDusty,16/08/2024,23,16816,Essendon,Sydney,12634,Tom,McCartin,Sydney,0.003208316
FeelingDusty,16/08/2024,23,16816,Essendon,Sydney,13157,Caiden,Cleary,Sydney,0.066477078
FeelingDusty,16/08/2024,23,16816,Essendon,Sydney,12993,Matt,Roberts,Sydney,0.064358108
FeelingDusty,16/08/2024,23,16816,Essendon,Sydney,12847,Joel,Amartey,Sydney,0.004184208
FeelingDusty,16/08/2024,23,16816,Essendon,Sydney,13053,Corey,Warner,Sydney,0.00201521
FeelingDusty,16/08/2024,23,16816,Essendon,Sydney,12533,Lewis,Melican,Sydney,0.093038641
FeelingDusty,16/08/2024,23,16816,Essendon,Sydney,12275,Jake,Lloyd,Sydney,0.016194789
FeelingDusty,17/08/2024,23,16817,Gold Coast,Melbourne,12825,Sam,Flanders,Gold Coast,0.078860353
FeelingDusty,17/08/2024,23,16817,Gold Coast,Melbourne,12152,Jack,Viney,Melbourne,2.731280197
FeelingDusty,17/08/2024,23,16817,Gold Coast,Melbourne,12401,Ed,Langdon,Melbourne,1.791343559
FeelingDusty,17/08/2024,23,16817,Gold Coast,Melbourne,12941,Alex,Davies,Gold Coast,0
FeelingDusty,17/08/2024,23,16817,Gold Coast,Melbourne,12314,Nick,Holman,Gold Coast,0.002413632
FeelingDusty,17/08/2024,23,16817,Gold Coast,Melbourne,12631,Charlie,Ballard,Gold Coast,0.00059798
FeelingDusty,17/08/2024,23,16817,Gold Coast,Melbourne,12329,Touk,Miller,Gold Coast,0.008028946
FeelingDusty,17/08/2024,23,16817,Gold Coast,Melbourne,12393,Lachie,Weller,Gold Coast,0
FeelingDusty,17/08/2024,23,16817,Gold Coast,Melbourne,12767,Noah,Anderson,Gold Coast,0.141521728
FeelingDusty,17/08/2024,23,16817,Gold Coast,Melbourne,13114,Jed,Walter,Gold Coast,0
FeelingDusty,17/08/2024,23,16817,Gold Coast,Melbourne,12769,Matt,Rowell,Gold Coast,0.0076025
FeelingDusty,17/08/2024,23,16817,Gold Coast,Melbourne,13050,Bailey,Humphrey,Gold Coast,0
FeelingDusty,17/08/2024,23,16817,Gold Coast,Melbourne,12529,Ben,Long,Gold Coast,0
FeelingDusty,17/08/2024,23,16817,Gold Coast,Melbourne,12242,Sean,Lemmens,Gold Coast,0
FeelingDusty,17/08/2024,23,16817,Gold Coast,Melbourne,11923,David,Swallow,Gold Coast,0
FeelingDusty,17/08/2024,23,16817,Gold Coast,Melbourne,12453,Sam,Collins,Gold Coast,0
FeelingDusty,17/08/2024,23,16817,Gold Coast,Melbourne,13120,Will,Graham,Gold Coast,0
FeelingDusty,17/08/2024,23,16817,Gold Coast,Melbourne,12658,Wil,Powell,Gold Coast,0
FeelingDusty,17/08/2024,23,16817,Gold Coast,Melbourne,12184,Jarrod,Witts,Gold Coast,0.002834924
FeelingDusty,17/08/2024,23,16817,Gold Coast,Melbourne,13127,Jake,Rogers,Gold Coast,0
FeelingDusty,17/08/2024,23,16817,Gold Coast,Melbourne,13019,Mac,Andrew,Gold Coast,0
FeelingDusty,17/08/2024,23,16817,Gold Coast,Melbourne,13037,Bodhi,Uwland,Gold Coast,0.000166587
FeelingDusty,17/08/2024,23,16817,Gold Coast,Melbourne,13119,Sam,Clohesy,Gold Coast,0.001729573
FeelingDusty,17/08/2024,23,16817,Gold Coast,Melbourne,12728,Ben,King,Gold Coast,0
FeelingDusty,17/08/2024,23,16817,Gold Coast,Melbourne,12768,Connor,Budarick,Gold Coast,0
FeelingDusty,17/08/2024,23,16817,Gold Coast,Melbourne,12778,Trent,Rivers,Melbourne,0.284717483
FeelingDusty,17/08/2024,23,16817,Gold Coast,Melbourne,12691,Marty,Hore,Melbourne,0.070394027
FeelingDusty,17/08/2024,23,16817,Gold Coast,Melbourne,12375,Alex,Neal-Bullen,Melbourne,0.093492598
FeelingDusty,17/08/2024,23,16817,Gold Coast,Melbourne,12998,Daniel,Turner,Melbourne,0.685964407
FeelingDusty,17/08/2024,23,16817,Gold Coast,Melbourne,13048,Jacob,van Rooyen,Melbourne,0.004261329
FeelingDusty,17/08/2024,23,16817,Gold Coast,Melbourne,12280,Christian,Salem,Melbourne,0.00931023
FeelingDusty,17/08/2024,23,16817,Gold Coast,Melbourne,13036,Judd,McVee,Melbourne,0.001693361
FeelingDusty,17/08/2024,23,16817,Gold Coast,Melbourne,12359,Jake,Lever,Melbourne,0.001693361
FeelingDusty,17/08/2024,23,16817,Gold Coast,Melbourne,11972,Max,Gawn,Melbourne,0.031308551
FeelingDusty,17/08/2024,23,16817,Gold Coast,Melbourne,12255,Jack,Billings,Melbourne,0.002098938
FeelingDusty,17/08/2024,23,16817,Gold Coast,Melbourne,12933,Jake,Bowey,Melbourne,0.002094812
FeelingDusty,17/08/2024,23,16817,Gold Coast,Melbourne,11828,Jake,Melksham,Melbourne,0.001057711
FeelingDusty,17/08/2024,23,16817,Gold Coast,Melbourne,12034,Adam,Tomlinson,Melbourne,0.001693361
FeelingDusty,17/08/2024,23,16817,Gold Coast,Melbourne,13098,Blake,Howes,Melbourne,0.01626161
FeelingDusty,17/08/2024,23,16817,Gold Coast,Melbourne,12015,Tom,McDonald,Melbourne,0.003127308
FeelingDusty,17/08/2024,23,16817,Gold Coast,Melbourne,12603,Bayley,Fritsch,Melbourne,0.002098938
FeelingDusty,17/08/2024,23,16817,Gold Coast,Melbourne,12692,Tom,Sparrow,Melbourne,0.001693361
FeelingDusty,17/08/2024,23,16817,Gold Coast,Melbourne,12660,Harrison,Petty,Melbourne,0.005417816
FeelingDusty,17/08/2024,23,16817,Gold Coast,Melbourne,12774,Kysaiah,Pickett,Melbourne,0.001693361
FeelingDusty,17/08/2024,23,16817,Gold Coast,Melbourne,12756,Kade,Chandler,Melbourne,0.001693361
FeelingDusty,17/08/2024,23,16817,Gold Coast,Melbourne,13123,Koltyn,Tholstrup,Melbourne,0.011854096
FeelingDusty,17/08/2024,23,16818,GWS,Fremantle,12764,Sam,Sturt,Fremantle,0.000115268
FeelingDusty,17/08/2024,23,16818,GWS,Fremantle,12149,Jaeger,OMeara,Fremantle,0.002337609
FeelingDusty,17/08/2024,23,16818,GWS,Fremantle,12876,Heath,Chapman,Fremantle,0.000983708
FeelingDusty,17/08/2024,23,16818,GWS,Fremantle,12688,Jordan,Clark,Fremantle,0.000115268
FeelingDusty,17/08/2024,23,16818,GWS,Fremantle,11844,Nat,Fyfe,Fremantle,0
FeelingDusty,17/08/2024,23,16818,GWS,Fremantle,12779,Luke,Jackson,Fremantle,0.000115268
FeelingDusty,17/08/2024,23,16818,GWS,Fremantle,12550,Luke,Ryan,Fremantle,0.002127297
FeelingDusty,17/08/2024,23,16818,GWS,Fremantle,12821,Jeremy,Sharp,Fremantle,0.002337609
FeelingDusty,17/08/2024,23,16818,GWS,Fremantle,12983,Jye,Amiss,Fremantle,0.00046548
FeelingDusty,17/08/2024,23,16818,GWS,Fremantle,12777,Hayden,Young,Fremantle,0.002637918
FeelingDusty,17/08/2024,23,16818,GWS,Fremantle,12964,Nathan,ODriscoll,Fremantle,0.000115268
FeelingDusty,17/08/2024,23,16818,GWS,Fremantle,12915,Brandon,Walker,Fremantle,0.000115268
FeelingDusty,17/08/2024,23,16818,GWS,Fremantle,12803,Michael,Frederick,Fremantle,0.001762718
FeelingDusty,17/08/2024,23,16818,GWS,Fremantle,12461,Corey,Wagner,Fremantle,0.000115268
FeelingDusty,17/08/2024,23,16818,GWS,Fremantle,12552,Brennan,Cox,Fremantle,0.000983708
FeelingDusty,17/08/2024,23,16818,GWS,Fremantle,13113,Joshua,Draper,Fremantle,0.000115268
FeelingDusty,17/08/2024,23,16818,GWS,Fremantle,13132,Patrick,Voss,Fremantle,0.000115268
FeelingDusty,17/08/2024,23,16818,GWS,Fremantle,12679,Sam,Switkowski,Fremantle,0
FeelingDusty,17/08/2024,23,16818,GWS,Fremantle,12595,Bailey,Banfield,Fremantle,0.000115268
FeelingDusty,17/08/2024,23,16818,GWS,Fremantle,13171,Liam,Reidy,Fremantle,0.002337609
FeelingDusty,17/08/2024,23,16818,GWS,Fremantle,13049,Matthew,Johnson,Fremantle,0.000115268
FeelingDusty,17/08/2024,23,16818,GWS,Fremantle,13128,Darcy,Jones,GWS,0.001466835
FeelingDusty,17/08/2024,23,16818,GWS,Fremantle,12023,Stephen,Coniglio,GWS,0.007181627
FeelingDusty,17/08/2024,23,16818,GWS,Fremantle,12026,Toby,Greene,GWS,0.001466835
FeelingDusty,17/08/2024,23,16818,GWS,Fremantle,13054,Aaron,Cadman,GWS,0
FeelingDusty,17/08/2024,23,16818,GWS,Fremantle,12782,Lachie,Ash,GWS,0.018123494
FeelingDusty,17/08/2024,23,16818,GWS,Fremantle,11683,Callan,Ward,GWS,0.003138558
FeelingDusty,17/08/2024,23,16818,GWS,Fremantle,12773,Toby,Bedford,GWS,0.002656361
FeelingDusty,17/08/2024,23,16818,GWS,Fremantle,12651,Sam,Taylor,GWS,0.002335276
FeelingDusty,17/08/2024,23,16818,GWS,Fremantle,12970,Finn,Callaghan,GWS,0.001466835
FeelingDusty,17/08/2024,23,16818,GWS,Fremantle,12887,Conor,Stone,GWS,0.001466835
FeelingDusty,17/08/2024,23,16818,GWS,Fremantle,12934,James,Peatling,GWS,0.001466835
FeelingDusty,17/08/2024,23,16818,GWS,Fremantle,12262,Josh,Kelly,GWS,0.007472108
FeelingDusty,17/08/2024,23,16818,GWS,Fremantle,11998,Lachlan,Keeffe,GWS,0.000916218
FeelingDusty,17/08/2024,23,16818,GWS,Fremantle,12470,Harry,Himmelberg,GWS,0.001466835
FeelingDusty,17/08/2024,23,16818,GWS,Fremantle,13089,Toby,McMullin,GWS,0.001466835
FeelingDusty,17/08/2024,23,16818,GWS,Fremantle,12905,Kieren,Briggs,GWS,0.015243968
FeelingDusty,17/08/2024,23,16818,GWS,Fremantle,12541,Harry,Perryman,GWS,0.002335276
FeelingDusty,17/08/2024,23,16818,GWS,Fremantle,12749,Connor,Idun,GWS,0.001466835
FeelingDusty,17/08/2024,23,16818,GWS,Fremantle,12845,Jack,Buckley,GWS,0.001466835
FeelingDusty,17/08/2024,23,16818,GWS,Fremantle,12786,Caleb,Serong,Fremantle,0.04743061
FeelingDusty,17/08/2024,23,16818,GWS,Fremantle,12596,Andrew,Brayshaw,Fremantle,0.725477284
FeelingDusty,17/08/2024,23,16818,GWS,Fremantle,12147,Lachie,Whitfield,GWS,0.091282397
FeelingDusty,17/08/2024,23,16818,GWS,Fremantle,12766,Tom,Green,GWS,0.968513836
FeelingDusty,17/08/2024,23,16818,GWS,Fremantle,12663,Brent,Daniels,GWS,2.24363669
FeelingDusty,17/08/2024,23,16818,GWS,Fremantle,12326,Jesse,Hogan,GWS,1.833928439
FeelingDusty,17/08/2024,23,16819,Collingwood,Brisbane,12969,Kai,Lohmann,Brisbane,0.000482321
FeelingDusty,17/08/2024,23,16819,Collingwood,Brisbane,12205,Joe,Daniher,Brisbane,1.289028652
FeelingDusty,17/08/2024,23,16819,Collingwood,Brisbane,12412,Callum,Ah Chee,Brisbane,0.000482321
FeelingDusty,17/08/2024,23,16819,Collingwood,Brisbane,12421,Josh,Dunkley,Brisbane,0.615635867
FeelingDusty,17/08/2024,23,16819,Collingwood,Brisbane,12526,Hugh,McCluggage,Brisbane,0.242398225
FeelingDusty,17/08/2024,23,16819,Collingwood,Brisbane,12525,Jarrod,Berry,Brisbane,0.000482321
FeelingDusty,17/08/2024,23,16819,Collingwood,Brisbane,13034,Will,Ashcroft,Brisbane,0.147307486
FeelingDusty,17/08/2024,23,16819,Collingwood,Brisbane,12061,Lachie,Neale,Brisbane,0.166907821
FeelingDusty,17/08/2024,23,16819,Collingwood,Brisbane,13138,Logan,Morris,Brisbane,0.000482321
FeelingDusty,17/08/2024,23,16819,Collingwood,Brisbane,12082,Dayne,Zorko,Brisbane,0.110037367
FeelingDusty,17/08/2024,23,16819,Collingwood,Brisbane,12594,Cam,Rayner,Brisbane,0.000482321
FeelingDusty,17/08/2024,23,16819,Collingwood,Brisbane,12862,Harry,Sharp,Brisbane,0.000482321
FeelingDusty,17/08/2024,23,16819,Collingwood,Brisbane,12284,Charlie,Cameron,Brisbane,0.000482321
FeelingDusty,17/08/2024,23,16819,Collingwood,Brisbane,13072,Jaspa,Fletcher,Brisbane,0.007552157
FeelingDusty,17/08/2024,23,16819,Collingwood,Brisbane,12462,Eric,Hipwood,Brisbane,0.000482321
FeelingDusty,17/08/2024,23,16819,Collingwood,Brisbane,12347,Harris,Andrews,Brisbane,0.001565902
FeelingDusty,17/08/2024,23,16819,Collingwood,Brisbane,12617,Zac,Bailey,Brisbane,0.003255207
FeelingDusty,17/08/2024,23,16819,Collingwood,Brisbane,13143,Shadeau,Brain,Brisbane,0.000482321
FeelingDusty,17/08/2024,23,16819,Collingwood,Brisbane,11901,Ryan,Lester,Brisbane,0.000482321
FeelingDusty,17/08/2024,23,16819,Collingwood,Brisbane,12673,Brandon,Starcevich,Brisbane,0.000482321
FeelingDusty,17/08/2024,23,16819,Collingwood,Brisbane,12661,Darragh,Joyce,Brisbane,0.000482321
FeelingDusty,17/08/2024,23,16819,Collingwood,Brisbane,13027,Darcy,Wilmot,Brisbane,0.000482321
FeelingDusty,17/08/2024,23,16819,Collingwood,Brisbane,12625,Oscar,McInerney,Brisbane,0.133110905
FeelingDusty,17/08/2024,23,16819,Collingwood,Brisbane,12586,Patrick,Lipinski,Collingwood,0.001420109
FeelingDusty,17/08/2024,23,16819,Collingwood,Brisbane,12740,Isaac,Quaynor,Collingwood,0.004006574
FeelingDusty,17/08/2024,23,16819,Collingwood,Brisbane,12380,Brayden,Maynard,Collingwood,0.004182943
FeelingDusty,17/08/2024,23,16819,Collingwood,Brisbane,12091,Jamie,Elliott,Collingwood,0
FeelingDusty,17/08/2024,23,16819,Collingwood,Brisbane,12582,Josh,Daicos,Collingwood,0.252417411
FeelingDusty,17/08/2024,23,16819,Collingwood,Brisbane,12704,Lachie,Schultz,Collingwood,0.135185659
FeelingDusty,17/08/2024,23,16819,Collingwood,Brisbane,12743,John,Noble,Collingwood,0.028865261
FeelingDusty,17/08/2024,23,16819,Collingwood,Brisbane,11506,Scott,Pendlebury,Collingwood,0.003953705
FeelingDusty,17/08/2024,23,16819,Collingwood,Brisbane,12297,Daniel,McStay,Collingwood,0.001420109
FeelingDusty,17/08/2024,23,16819,Collingwood,Brisbane,12666,Darcy,Cameron,Collingwood,0.210368438
FeelingDusty,17/08/2024,23,16819,Collingwood,Brisbane,12682,Billy,Frampton,Collingwood,0.001776977
FeelingDusty,17/08/2024,23,16819,Collingwood,Brisbane,11759,Steele,Sidebottom,Collingwood,0.375232839
FeelingDusty,17/08/2024,23,16819,Collingwood,Brisbane,12744,Bobby,Hill,Collingwood,0.001420109
FeelingDusty,17/08/2024,23,16819,Collingwood,Brisbane,12067,Jack,Crisp,Collingwood,0.002245892
FeelingDusty,17/08/2024,23,16819,Collingwood,Brisbane,12824,Jack,Bytel,Collingwood,0.004192995
FeelingDusty,17/08/2024,23,16819,Collingwood,Brisbane,12381,Darcy,Moore,Collingwood,0.003408302
FeelingDusty,17/08/2024,23,16819,Collingwood,Brisbane,12877,Beau,McCreery,Collingwood,0.001858464
FeelingDusty,17/08/2024,23,16819,Collingwood,Brisbane,12029,Will,Hoskin-Elliott,Collingwood,0.001420109
FeelingDusty,17/08/2024,23,16819,Collingwood,Brisbane,12948,Nick,Daicos,Collingwood,1.958986336
FeelingDusty,17/08/2024,23,16819,Collingwood,Brisbane,11973,Jeremy,Howe,Collingwood,0.280994706
FeelingDusty,17/08/2024,23,16819,Collingwood,Brisbane,13025,Ned,Long,Collingwood,0.001420109
FeelingDusty,17/08/2024,23,16819,Collingwood,Brisbane,13148,Wil,Parker,Collingwood,0.001420109
FeelingDusty,17/08/2024,23,16819,Collingwood,Brisbane,12435,Mason,Cox,Collingwood,0.000733086
FeelingDusty,17/08/2024,23,16820,Port Adelaide,Adelaide,12441,Ben,Keays,Adelaide,0.004069273
FeelingDusty,17/08/2024,23,16820,Port Adelaide,Adelaide,12855,Sam,Berry,Adelaide,0.005498578
FeelingDusty,17/08/2024,23,16820,Port Adelaide,Adelaide,12592,Lachlan,Murphy,Adelaide,0
FeelingDusty,17/08/2024,23,16820,Port Adelaide,Adelaide,12265,Matt,Crouch,Adelaide,0.205603734
FeelingDusty,17/08/2024,23,16820,Port Adelaide,Adelaide,13133,Daniel,Curtin,Adelaide,0
FeelingDusty,17/08/2024,23,16820,Port Adelaide,Adelaide,12893,Riley,Thilthorpe,Adelaide,0
FeelingDusty,17/08/2024,23,16820,Port Adelaide,Adelaide,12957,Josh,Rachele,Adelaide,0
FeelingDusty,17/08/2024,23,16820,Port Adelaide,Adelaide,12519,Jordan,Dawson,Adelaide,0.811289628
FeelingDusty,17/08/2024,23,16820,Port Adelaide,Adelaide,12956,Jake,Soligo,Adelaide,0
FeelingDusty,17/08/2024,23,16820,Port Adelaide,Adelaide,13038,Max,Michalanney,Adelaide,0.002568351
FeelingDusty,17/08/2024,23,16820,Port Adelaide,Adelaide,13161,Zac,Taylor,Adelaide,0
FeelingDusty,17/08/2024,23,16820,Port Adelaide,Adelaide,12725,Mitchell,Hinge,Adelaide,0
FeelingDusty,17/08/2024,23,16820,Port Adelaide,Adelaide,12797,Izak,Rankine,Adelaide,0.003052568
FeelingDusty,17/08/2024,23,16820,Port Adelaide,Adelaide,12916,Josh,Worrell,Adelaide,0.005434707
FeelingDusty,17/08/2024,23,16820,Port Adelaide,Adelaide,13084,Luke,Nankervis,Adelaide,0
FeelingDusty,17/08/2024,23,16820,Port Adelaide,Adelaide,12875,Nick,Murray,Adelaide,0
FeelingDusty,17/08/2024,23,16820,Port Adelaide,Adelaide,12171,Rory,Laird,Adelaide,0.011188825
FeelingDusty,17/08/2024,23,16820,Port Adelaide,Adelaide,12591,Darcy,Fogarty,Adelaide,0.003052568
FeelingDusty,17/08/2024,23,16820,Port Adelaide,Adelaide,12818,Lachlan,Sholl,Adelaide,0.00313207
FeelingDusty,17/08/2024,23,16820,Port Adelaide,Adelaide,13166,Hugh,Bond,Adelaide,0
FeelingDusty,17/08/2024,23,16820,Port Adelaide,Adelaide,12483,Reilly,OBrien,Adelaide,0.002391444
FeelingDusty,17/08/2024,23,16820,Port Adelaide,Adelaide,12942,Lachlan,Gollant,Adelaide,0
FeelingDusty,17/08/2024,23,16820,Port Adelaide,Adelaide,12813,Mark,Keane,Adelaide,0.001396088
FeelingDusty,17/08/2024,23,16820,Port Adelaide,Adelaide,12696,Connor,Rozee,Port Adelaide,0.041606423
FeelingDusty,17/08/2024,23,16820,Port Adelaide,Adelaide,12485,Ryan,Burton,Port Adelaide,0.002750643
FeelingDusty,17/08/2024,23,16820,Port Adelaide,Adelaide,12503,Dan,Houston,Port Adelaide,0.029401982
FeelingDusty,17/08/2024,23,16820,Port Adelaide,Adelaide,12671,Kane,Farrell,Port Adelaide,0.002197405
FeelingDusty,17/08/2024,23,16820,Port Adelaide,Adelaide,13011,Jase,Burgoyne,Port Adelaide,0.059837414
FeelingDusty,17/08/2024,23,16820,Port Adelaide,Adelaide,12693,Zak,Butters,Port Adelaide,3
FeelingDusty,17/08/2024,23,16820,Port Adelaide,Adelaide,11591,Travis,Boak,Port Adelaide,0.007600336
FeelingDusty,17/08/2024,23,16820,Port Adelaide,Adelaide,12868,Miles,Bergman,Port Adelaide,0.050179785
FeelingDusty,17/08/2024,23,16820,Port Adelaide,Adelaide,12613,Willie,Rioli,Port Adelaide,0.005462914
FeelingDusty,17/08/2024,23,16820,Port Adelaide,Adelaide,12155,Ollie,Wines,Port Adelaide,0.283270066
FeelingDusty,17/08/2024,23,16820,Port Adelaide,Adelaide,12955,Jason,Horne-Francis,Port Adelaide,1.058221656
FeelingDusty,17/08/2024,23,16820,Port Adelaide,Adelaide,12442,Aliir,Aliir,Port Adelaide,0.003498378
FeelingDusty,17/08/2024,23,16820,Port Adelaide,Adelaide,11915,Charlie,Dixon,Port Adelaide,0.00345807
FeelingDusty,17/08/2024,23,16820,Port Adelaide,Adelaide,12890,Jordon,Sweet,Port Adelaide,0.345157078
FeelingDusty,17/08/2024,23,16820,Port Adelaide,Adelaide,12757,Brandon,Zerk-Thatcher,Port Adelaide,0.003498378
FeelingDusty,17/08/2024,23,16820,Port Adelaide,Adelaide,12606,Esava,Ratugolea,Port Adelaide,0
FeelingDusty,17/08/2024,23,16820,Port Adelaide,Adelaide,12694,Willem,Drew,Port Adelaide,0.019963138
FeelingDusty,17/08/2024,23,16820,Port Adelaide,Adelaide,12873,Francis,Evans,Port Adelaide,0.006334773
FeelingDusty,17/08/2024,23,16820,Port Adelaide,Adelaide,12429,Darcy,Byrne-Jones,Port Adelaide,0.010094108
FeelingDusty,17/08/2024,23,16820,Port Adelaide,Adelaide,12883,Lachie,Jones,Port Adelaide,0.002197405
FeelingDusty,17/08/2024,23,16820,Port Adelaide,Adelaide,12657,Quinton,Narkle,Port Adelaide,0.002197405
FeelingDusty,17/08/2024,23,16820,Port Adelaide,Adelaide,13155,Logan,Evans,Port Adelaide,0.002197405
FeelingDusty,17/08/2024,23,16820,Port Adelaide,Adelaide,12952,Jackson,Mead,Port Adelaide,0.002197405
FeelingDusty,17/08/2024,23,16821,St Kilda,Geelong,11855,Rhys,Stanley,Geelong,0.004222012
FeelingDusty,17/08/2024,23,16821,St Kilda,Geelong,12022,Jeremy,Cameron,Geelong,0.040914351
FeelingDusty,17/08/2024,23,16821,St Kilda,Geelong,13107,Shaun,Mannagh,Geelong,0.057769656
FeelingDusty,17/08/2024,23,16821,St Kilda,Geelong,12378,Jake,Kolodjashnij,Geelong,0.000423933
FeelingDusty,17/08/2024,23,16821,St Kilda,Geelong,12882,Max,Holmes,Geelong,0.007062561
FeelingDusty,17/08/2024,23,16821,St Kilda,Geelong,12985,Mitch,Knevitt,Geelong,0.000121775
FeelingDusty,17/08/2024,23,16821,St Kilda,Geelong,12507,Jack,Bowes,Geelong,0.507221166
FeelingDusty,17/08/2024,23,16821,St Kilda,Geelong,13162,Lawson,Humphries,Geelong,0.065401227
FeelingDusty,17/08/2024,23,16821,St Kilda,Geelong,12561,Tyson,Stengle,Geelong,0.001789667
FeelingDusty,17/08/2024,23,16821,St Kilda,Geelong,11804,Mitch,Duncan,Geelong,0
FeelingDusty,17/08/2024,23,16821,St Kilda,Geelong,11849,Gary,Rohan,Geelong,0
FeelingDusty,17/08/2024,23,16821,St Kilda,Geelong,12976,Oliver,Dempsey,Geelong,0.003095558
FeelingDusty,17/08/2024,23,16821,St Kilda,Geelong,12687,Tom,Atkins,Geelong,0.009949174
FeelingDusty,17/08/2024,23,16821,St Kilda,Geelong,12690,Gryan,Miers,Geelong,0.000121775
FeelingDusty,17/08/2024,23,16821,St Kilda,Geelong,12995,Shannon,Neale,Geelong,0.000121775
FeelingDusty,17/08/2024,23,16821,St Kilda,Geelong,13067,Oisin,Mullin,Geelong,0.000121775
FeelingDusty,17/08/2024,23,16821,St Kilda,Geelong,11706,Patrick,Dangerfield,Geelong,0
FeelingDusty,17/08/2024,23,16821,St Kilda,Geelong,12850,Oliver,Henry,Geelong,0.000121775
FeelingDusty,17/08/2024,23,16821,St Kilda,Geelong,12614,Jack,Henry,Geelong,0.003634621
FeelingDusty,17/08/2024,23,16821,St Kilda,Geelong,12559,Zach,Guthrie,Geelong,0.000121775
FeelingDusty,17/08/2024,23,16821,St Kilda,Geelong,12514,Tom,Stewart,Geelong,0.061591673
FeelingDusty,17/08/2024,23,16821,St Kilda,Geelong,12808,Brad,Close,Geelong,0.000121775
FeelingDusty,17/08/2024,23,16821,St Kilda,Geelong,12160,Mark,Blicavs,Geelong,0
FeelingDusty,17/08/2024,23,16821,St Kilda,Geelong,12616,Jack,Higgins,St Kilda,0.041964593
FeelingDusty,17/08/2024,23,16821,St Kilda,Geelong,12294,Zak,Jones,St Kilda,0.012458335
FeelingDusty,17/08/2024,23,16821,St Kilda,Geelong,12947,Nasiah,Wanganeen-Milera,St Kilda,0.001829019
FeelingDusty,17/08/2024,23,16821,St Kilda,Geelong,12066,Bradley,Hill,St Kilda,0.003897419
FeelingDusty,17/08/2024,23,16821,St Kilda,Geelong,12377,Jack,Steele,St Kilda,1.936589903
FeelingDusty,17/08/2024,23,16821,St Kilda,Geelong,12945,Mitch,Owens,St Kilda,0.003217526
FeelingDusty,17/08/2024,23,16821,St Kilda,Geelong,12593,Hunter,Clark,St Kilda,0.001966056
FeelingDusty,17/08/2024,23,16821,St Kilda,Geelong,12804,Ryan,Byrnes,St Kilda,0.009189416
FeelingDusty,17/08/2024,23,16821,St Kilda,Geelong,12721,Liam,Stocker,St Kilda,0.037192813
FeelingDusty,17/08/2024,23,16821,St Kilda,Geelong,12589,Paddy,Dow,St Kilda,0.003897419
FeelingDusty,17/08/2024,23,16821,St Kilda,Geelong,12498,Dan,Butler,St Kilda,0.001549634
FeelingDusty,17/08/2024,23,16821,St Kilda,Geelong,12572,Rowan,Marshall,St Kilda,1.300617746
FeelingDusty,17/08/2024,23,16821,St Kilda,Geelong,12426,Dougal,Howard,St Kilda,0.001851792
FeelingDusty,17/08/2024,23,16821,St Kilda,Geelong,13109,Darcy,Wilson,St Kilda,0.302047398
FeelingDusty,17/08/2024,23,16821,St Kilda,Geelong,12565,Josh,Battle,St Kilda,0.001549634
FeelingDusty,17/08/2024,23,16821,St Kilda,Geelong,12307,Tim,Membrey,St Kilda,0.010111732
FeelingDusty,17/08/2024,23,16821,St Kilda,Geelong,12194,Jimmy,Webster,St Kilda,0.001549634
FeelingDusty,17/08/2024,23,16821,St Kilda,Geelong,12321,Mason,Wood,St Kilda,0.006206464
FeelingDusty,17/08/2024,23,16821,St Kilda,Geelong,13124,Hugo,Garcia,St Kilda,0.001549634
FeelingDusty,17/08/2024,23,16821,St Kilda,Geelong,12337,Jack,Sinclair,St Kilda,0.060259384
FeelingDusty,17/08/2024,23,16821,St Kilda,Geelong,12930,Cooper,Sharman,St Kilda,0.003588678
FeelingDusty,17/08/2024,23,16821,St Kilda,Geelong,12701,Callum,Wilkie,St Kilda,1.491438113
FeelingDusty,17/08/2024,23,16821,St Kilda,Geelong,13041,Anthony,Caminiti,St Kilda,0.001549634
FeelingDusty,18/08/2024,23,16822,Western Bulldogs,North Melbourne,12185,Aidan,Corr,North Melbourne,0
FeelingDusty,18/08/2024,23,16822,Western Bulldogs,North Melbourne,13065,George,Wardlaw,North Melbourne,0.008087017
FeelingDusty,18/08/2024,23,16822,Western Bulldogs,North Melbourne,12705,Bailey,Scott,North Melbourne,0.010490765
FeelingDusty,18/08/2024,23,16822,Western Bulldogs,North Melbourne,12599,Luke,Davies-Uniacke,North Melbourne,0.053740746
FeelingDusty,18/08/2024,23,16822,Western Bulldogs,North Melbourne,13105,Colby,McKercher,North Melbourne,0
FeelingDusty,18/08/2024,23,16822,Western Bulldogs,North Melbourne,12246,Luke,McDonald,North Melbourne,0
FeelingDusty,18/08/2024,23,16822,Western Bulldogs,North Melbourne,12511,Jy,Simpkin,North Melbourne,0.000596755
FeelingDusty,18/08/2024,23,16822,Western Bulldogs,North Melbourne,12434,Darcy,Tucker,North Melbourne,0
FeelingDusty,18/08/2024,23,16822,Western Bulldogs,North Melbourne,11766,Liam,Shiels,North Melbourne,0
FeelingDusty,18/08/2024,23,16822,Western Bulldogs,North Melbourne,12798,Dylan,Stephens,North Melbourne,0.001839801
FeelingDusty,18/08/2024,23,16822,Western Bulldogs,North Melbourne,12528,Zac,Fisher,North Melbourne,0.016757275
FeelingDusty,18/08/2024,23,16822,Western Bulldogs,North Melbourne,12569,Nick,Larkey,North Melbourne,0
FeelingDusty,18/08/2024,23,16822,Western Bulldogs,North Melbourne,12867,Tom,Powell,North Melbourne,0.002652528
FeelingDusty,18/08/2024,23,16822,Western Bulldogs,North Melbourne,12975,Paul,Curtis,North Melbourne,0
FeelingDusty,18/08/2024,23,16822,Western Bulldogs,North Melbourne,12981,Miller,Bergman,North Melbourne,0
FeelingDusty,18/08/2024,23,16822,Western Bulldogs,North Melbourne,12939,Charlie,Comben,North Melbourne,0
FeelingDusty,18/08/2024,23,16822,Western Bulldogs,North Melbourne,13005,Jackson,Archer,North Melbourne,0
FeelingDusty,18/08/2024,23,16822,Western Bulldogs,North Melbourne,12789,Tristan,Xerri,North Melbourne,0.106891993
FeelingDusty,18/08/2024,23,16822,Western Bulldogs,North Melbourne,12923,Eddie,Ford,North Melbourne,0
FeelingDusty,18/08/2024,23,16822,Western Bulldogs,North Melbourne,13021,Kallan,Dawson,North Melbourne,0
FeelingDusty,18/08/2024,23,16822,Western Bulldogs,North Melbourne,13000,Brynn,Teakle,North Melbourne,0
FeelingDusty,18/08/2024,23,16822,Western Bulldogs,North Melbourne,12566,Cameron,Zurhaar,North Melbourne,0.000780247
FeelingDusty,18/08/2024,23,16822,Western Bulldogs,North Melbourne,13086,Robert,Hansen Jr,North Melbourne,0
FeelingDusty,18/08/2024,23,16822,Western Bulldogs,North Melbourne,12058,Adam,Treloar,Western Bulldogs,0.901958007
FeelingDusty,18/08/2024,23,16822,Western Bulldogs,North Melbourne,12924,Jamarra,Ugle-Hagan,Western Bulldogs,0.000663262
FeelingDusty,18/08/2024,23,16822,Western Bulldogs,North Melbourne,12801,Cody,Weightman,Western Bulldogs,0.000263922
FeelingDusty,18/08/2024,23,16822,Western Bulldogs,North Melbourne,12277,Marcus,Bontempelli,Western Bulldogs,0.776733068
FeelingDusty,18/08/2024,23,16822,Western Bulldogs,North Melbourne,12289,Rory,Lobb,Western Bulldogs,0
FeelingDusty,18/08/2024,23,16822,Western Bulldogs,North Melbourne,13023,Sam,Darcy,Western Bulldogs,2.77630909
FeelingDusty,18/08/2024,23,16822,Western Bulldogs,North Melbourne,12172,Jack,Macrae,Western Bulldogs,0.001801281
FeelingDusty,18/08/2024,23,16822,Western Bulldogs,North Melbourne,13110,Harvey,Gallagher,Western Bulldogs,0.001801281
FeelingDusty,18/08/2024,23,16822,Western Bulldogs,North Melbourne,12748,Rhylee,West,Western Bulldogs,0.000263922
FeelingDusty,18/08/2024,23,16822,Western Bulldogs,North Melbourne,12169,Taylor,Duryea,Western Bulldogs,0.009287637
FeelingDusty,18/08/2024,23,16822,Western Bulldogs,North Melbourne,13063,James,ODonnell,Western Bulldogs,0.003326616
FeelingDusty,18/08/2024,23,16822,Western Bulldogs,North Melbourne,11874,Liam,Jones,Western Bulldogs,0.002650455
FeelingDusty,18/08/2024,23,16822,Western Bulldogs,North Melbourne,12612,Ed,Richards,Western Bulldogs,0.659034051
FeelingDusty,18/08/2024,23,16822,Western Bulldogs,North Melbourne,11904,Tom,Liberatore,Western Bulldogs,0.440425992
FeelingDusty,18/08/2024,23,16822,Western Bulldogs,North Melbourne,12781,Laitham,Vandermeer,Western Bulldogs,0.001801281
FeelingDusty,18/08/2024,23,16822,Western Bulldogs,North Melbourne,12901,Buku,Khamis,Western Bulldogs,0.001801281
FeelingDusty,18/08/2024,23,16822,Western Bulldogs,North Melbourne,13140,Joel,Freijah,Western Bulldogs,0.196955951
FeelingDusty,18/08/2024,23,16822,Western Bulldogs,North Melbourne,12917,Lachlan,Bramble,Western Bulldogs,0.001801281
FeelingDusty,18/08/2024,23,16822,Western Bulldogs,North Melbourne,12851,Lachlan,McNeil,Western Bulldogs,0.001801281
FeelingDusty,18/08/2024,23,16822,Western Bulldogs,North Melbourne,12362,Bailey,Dale,Western Bulldogs,0.012163998
FeelingDusty,18/08/2024,23,16822,Western Bulldogs,North Melbourne,12602,Aaron,Naughton,Western Bulldogs,0.002788888
FeelingDusty,18/08/2024,23,16822,Western Bulldogs,North Melbourne,12449,Bailey,Williams,Western Bulldogs,0.004530327
FeelingDusty,18/08/2024,23,16822,Western Bulldogs,North Melbourne,12382,Caleb,Daniel,Western Bulldogs,0
FeelingDusty,18/08/2024,23,16823,Hawthorn,Richmond,12913,Jai,Newcombe,Hawthorn,2.243730712
FeelingDusty,18/08/2024,23,16823,Hawthorn,Richmond,12626,James,Worpel,Hawthorn,1.229804479
FeelingDusty,18/08/2024,23,16823,Hawthorn,Richmond,12365,Karl,Amon,Hawthorn,0.125693591
FeelingDusty,18/08/2024,23,16823,Hawthorn,Richmond,12710,Dylan,Moore,Hawthorn,0.965417051
FeelingDusty,18/08/2024,23,16823,Hawthorn,Richmond,12477,Blake,Hardwick,Hawthorn,0.163052156
FeelingDusty,18/08/2024,23,16823,Hawthorn,Richmond,11854,Jack,Gunston,Hawthorn,0.97077595
FeelingDusty,18/08/2024,23,16823,Hawthorn,Richmond,12585,Harry,Morrison,Hawthorn,0.001512886
FeelingDusty,18/08/2024,23,16823,Hawthorn,Richmond,12245,Jarman,Impey,Hawthorn,0.006088797
FeelingDusty,18/08/2024,23,16823,Hawthorn,Richmond,12342,James,Sicily,Hawthorn,0.002408591
FeelingDusty,18/08/2024,23,16823,Hawthorn,Richmond,12124,Sam,Frost,Hawthorn,0.002408591
FeelingDusty,18/08/2024,23,16823,Hawthorn,Richmond,12678,Conor,Nash,Hawthorn,0.001512886
FeelingDusty,18/08/2024,23,16823,Hawthorn,Richmond,12794,Will,Day,Hawthorn,0.001512886
FeelingDusty,18/08/2024,23,16823,Hawthorn,Richmond,12571,Jack,Scrimshaw,Hawthorn,0.003156357
FeelingDusty,18/08/2024,23,16823,Hawthorn,Richmond,12999,Massimo,DAmbrosio,Hawthorn,0.104737255
FeelingDusty,18/08/2024,23,16823,Hawthorn,Richmond,12854,Lloyd,Meek,Hawthorn,0.010221673
FeelingDusty,18/08/2024,23,16823,Hawthorn,Richmond,12491,Mabior,Chol,Hawthorn,0.008075353
FeelingDusty,18/08/2024,23,16823,Hawthorn,Richmond,11960,Luke,Breust,Hawthorn,0.000944982
FeelingDusty,18/08/2024,23,16823,Hawthorn,Richmond,13059,Josh,Weddle,Hawthorn,0.003804996
FeelingDusty,18/08/2024,23,16823,Hawthorn,Richmond,13039,Cam,Mackenzie,Hawthorn,0.001512886
FeelingDusty,18/08/2024,23,16823,Hawthorn,Richmond,12953,Connor,Macdonald,Hawthorn,0.04128187
FeelingDusty,18/08/2024,23,16823,Hawthorn,Richmond,12928,Jack,Ginnivan,Hawthorn,0.001512886
FeelingDusty,18/08/2024,23,16823,Hawthorn,Richmond,13103,Nick,Watson,Hawthorn,0.009156069
FeelingDusty,18/08/2024,23,16823,Hawthorn,Richmond,13137,Calsher,Dear,Hawthorn,0.004206421
FeelingDusty,18/08/2024,23,16823,Hawthorn,Richmond,12180,Nick,Vlastuin,Richmond,0.009799515
FeelingDusty,18/08/2024,23,16823,Hawthorn,Richmond,11921,Dion,Prestia,Richmond,0.007147171
FeelingDusty,18/08/2024,23,16823,Hawthorn,Richmond,12712,Jack,Ross,Richmond,0
FeelingDusty,18/08/2024,23,16823,Hawthorn,Richmond,12904,Hugo,Ralphsmith,Richmond,0.001545238
FeelingDusty,18/08/2024,23,16823,Hawthorn,Richmond,12512,Tim,Taranto,Richmond,0.001610408
FeelingDusty,18/08/2024,23,16823,Hawthorn,Richmond,12425,Jayden,Short,Richmond,0.016105646
FeelingDusty,18/08/2024,23,16823,Hawthorn,Richmond,12409,Daniel,Rioli,Richmond,0
FeelingDusty,18/08/2024,23,16823,Hawthorn,Richmond,12861,Jacob,Koschitzke,Richmond,0
FeelingDusty,18/08/2024,23,16823,Hawthorn,Richmond,12686,Noah,Balta,Richmond,0
FeelingDusty,18/08/2024,23,16823,Hawthorn,Richmond,12447,Jacob,Hopper,Richmond,0.001545238
FeelingDusty,18/08/2024,23,16823,Hawthorn,Richmond,12379,Toby,Nankervis,Richmond,0.058023385
FeelingDusty,18/08/2024,23,16823,Hawthorn,Richmond,13082,Matthew,Coulthard,Richmond,0
FeelingDusty,18/08/2024,23,16823,Hawthorn,Richmond,12542,Shai,Bolton,Richmond,0
FeelingDusty,18/08/2024,23,16823,Hawthorn,Richmond,12884,Rhyan,Mansell,Richmond,0
FeelingDusty,18/08/2024,23,16823,Hawthorn,Richmond,12324,Kamdyn,McIntosh,Richmond,0
FeelingDusty,18/08/2024,23,16823,Hawthorn,Richmond,12584,Jack,Graham,Richmond,0
FeelingDusty,18/08/2024,23,16823,Hawthorn,Richmond,12464,Nathan,Broad,Richmond,0
FeelingDusty,18/08/2024,23,16823,Hawthorn,Richmond,13096,James,Trezise,Richmond,0
FeelingDusty,18/08/2024,23,16823,Hawthorn,Richmond,13076,Sam,Banks,Richmond,0.001545238
FeelingDusty,18/08/2024,23,16823,Hawthorn,Richmond,13077,Jacob,Bauer,Richmond,0
FeelingDusty,18/08/2024,23,16823,Hawthorn,Richmond,13100,Seth,Campbell,Richmond,0
FeelingDusty,18/08/2024,23,16823,Hawthorn,Richmond,12940,Ben,Miller,Richmond,0
FeelingDusty,18/08/2024,23,16823,Hawthorn,Richmond,13164,Jacob,Blight,Richmond,0.000148833
FeelingDusty,18/08/2024,23,16824,West Coast,Carlton,13028,Lachlan,Cowan,Carlton,0.001853991
FeelingDusty,18/08/2024,23,16824,West Coast,Carlton,12991,Jesse,Motlop,Carlton,0.001118388
FeelingDusty,18/08/2024,23,16824,West Coast,Carlton,13029,Oliver,Hollands,Carlton,0.033674354
FeelingDusty,18/08/2024,23,16824,West Coast,Carlton,12181,Zac,Williams,Carlton,0.001118388
FeelingDusty,18/08/2024,23,16824,West Coast,Carlton,12463,Matthew,Kennedy,Carlton,0.030154646
FeelingDusty,18/08/2024,23,16824,West Coast,Carlton,12415,Mitch,McGovern,Carlton,0.001853991
FeelingDusty,18/08/2024,23,16824,West Coast,Carlton,12282,Blake,Acres,Carlton,0.007428238
FeelingDusty,18/08/2024,23,16824,West Coast,Carlton,12980,Jack,Carroll,Carlton,0.001853991
FeelingDusty,18/08/2024,23,16824,West Coast,Carlton,12685,Sam,Walsh,Carlton,0.016894469
FeelingDusty,18/08/2024,23,16824,West Coast,Carlton,12937,Corey,Durdin,Carlton,0.001853991
FeelingDusty,18/08/2024,23,16824,West Coast,Carlton,12517,Nic,Newman,Carlton,0.171090012
FeelingDusty,18/08/2024,23,16824,West Coast,Carlton,13130,Jaxon,Binns,Carlton,0.002320768
FeelingDusty,18/08/2024,23,16824,West Coast,Carlton,12567,Lewis,Young,Carlton,0.001853991
FeelingDusty,18/08/2024,23,16824,West Coast,Carlton,13173,Cooper,Lord,Carlton,0.001853991
FeelingDusty,18/08/2024,23,16824,West Coast,Carlton,13057,Alex,Cincotta,Carlton,0.001853991
FeelingDusty,18/08/2024,23,16824,West Coast,Carlton,13172,Ashton,Moir,Carlton,0.001853991
FeelingDusty,18/08/2024,23,16824,West Coast,Carlton,12842,Matthew,Owies,Carlton,0.006755021
FeelingDusty,18/08/2024,23,16824,West Coast,Carlton,12607,Liam,Ryan,West Coast,0.001164583
FeelingDusty,18/08/2024,23,16824,West Coast,Carlton,12609,Jake,Waterman,West Coast,0
FeelingDusty,18/08/2024,23,16824,West Coast,Carlton,11909,Andrew,Gaff,West Coast,0
FeelingDusty,18/08/2024,23,16824,West Coast,Carlton,12433,Jayden,Hunt,West Coast,0
FeelingDusty,18/08/2024,23,16824,West Coast,Carlton,12093,Elliot,Yeo,West Coast,0.038406308
FeelingDusty,18/08/2024,23,16824,West Coast,Carlton,13032,Reuben,Ginbey,West Coast,0.001893637
FeelingDusty,18/08/2024,23,16824,West Coast,Carlton,13112,Harley,Reid,West Coast,0.009864233
FeelingDusty,18/08/2024,23,16824,West Coast,Carlton,12605,Tim,Kelly,West Coast,0.003091651
FeelingDusty,18/08/2024,23,16824,West Coast,Carlton,12662,Oscar,Allen,West Coast,0
FeelingDusty,18/08/2024,23,16824,West Coast,Carlton,12340,Liam,Duggan,West Coast,0.001073809
FeelingDusty,18/08/2024,23,16824,West Coast,Carlton,11942,Jamie,Cripps,West Coast,0
FeelingDusty,18/08/2024,23,16824,West Coast,Carlton,12958,Brady,Hough,West Coast,0
FeelingDusty,18/08/2024,23,16824,West Coast,Carlton,12279,Jeremy,McGovern,West Coast,0
FeelingDusty,18/08/2024,23,16824,West Coast,Carlton,12630,Jack,Petruccelle,West Coast,0
FeelingDusty,18/08/2024,23,16824,West Coast,Carlton,12554,Alex,Witherden,West Coast,0
FeelingDusty,18/08/2024,23,16824,West Coast,Carlton,13135,Harvey,Johnston,West Coast,0
FeelingDusty,18/08/2024,23,16824,West Coast,Carlton,13010,Zane,Trew,West Coast,0
FeelingDusty,18/08/2024,23,16824,West Coast,Carlton,11908,Jack,Darling,West Coast,0.000803079
FeelingDusty,18/08/2024,23,16824,West Coast,Carlton,12454,Tom,Cole,West Coast,0.00018239
FeelingDusty,18/08/2024,23,16824,West Coast,Carlton,12837,Bailey J.,Williams,West Coast,0.001893637
FeelingDusty,18/08/2024,23,16824,West Coast,Carlton,12960,Jack,Williams,West Coast,0
FeelingDusty,18/08/2024,23,16824,West Coast,Carlton,12812,Harry,Edwards,West Coast,0.000654703
FeelingDusty,18/08/2024,23,16824,West Coast,Carlton,13142,Tyrell,Dewar,West Coast,0
FeelingDusty,18/08/2024,23,16824,West Coast,Carlton,12269,Patrick,Cripps,Carlton,2.263137261
FeelingDusty,18/08/2024,23,16824,West Coast,Carlton,12938,Brodie,Kemp,Carlton,0.58158483
FeelingDusty,18/08/2024,23,16824,West Coast,Carlton,13017,Elijah,Hollands,Carlton,0.067019345
FeelingDusty,18/08/2024,23,16824,West Coast,Carlton,12410,Jacob,Weitering,Carlton,0.132909841
FeelingDusty,18/08/2024,23,16824,West Coast,Carlton,12424,Marc,Pittonet,Carlton,0.125891553
FeelingDusty,18/08/2024,23,16824,West Coast,Carlton,12417,George,Hewett,Carlton,2.485042931
FeelingDusty,23/08/2024,24,16825,Melbourne,Collingwood,12586,Patrick,Lipinski,Collingwood,0.875385544
FeelingDusty,23/08/2024,24,16825,Melbourne,Collingwood,12740,Isaac,Quaynor,Collingwood,0.002491389
FeelingDusty,23/08/2024,24,16825,Melbourne,Collingwood,12380,Brayden,Maynard,Collingwood,0.004316021
FeelingDusty,23/08/2024,24,16825,Melbourne,Collingwood,12091,Jamie,Elliott,Collingwood,0
FeelingDusty,23/08/2024,24,16825,Melbourne,Collingwood,12582,Josh,Daicos,Collingwood,1.574079179
FeelingDusty,23/08/2024,24,16825,Melbourne,Collingwood,12704,Lachie,Schultz,Collingwood,0
FeelingDusty,23/08/2024,24,16825,Melbourne,Collingwood,12743,John,Noble,Collingwood,0.001939701
FeelingDusty,23/08/2024,24,16825,Melbourne,Collingwood,11506,Scott,Pendlebury,Collingwood,0.007560485
FeelingDusty,23/08/2024,24,16825,Melbourne,Collingwood,12666,Darcy,Cameron,Collingwood,0.007251032
FeelingDusty,23/08/2024,24,16825,Melbourne,Collingwood,13147,Edward,Allan,Collingwood,0.041526213
FeelingDusty,23/08/2024,24,16825,Melbourne,Collingwood,12889,Finlay,Macrae,Collingwood,0.001564894
FeelingDusty,23/08/2024,24,16825,Melbourne,Collingwood,11759,Steele,Sidebottom,Collingwood,0.655587501
FeelingDusty,23/08/2024,24,16825,Melbourne,Collingwood,12744,Bobby,Hill,Collingwood,0.010368353
FeelingDusty,23/08/2024,24,16825,Melbourne,Collingwood,12067,Jack,Crisp,Collingwood,0.001564894
FeelingDusty,23/08/2024,24,16825,Melbourne,Collingwood,13141,Joe,Richards,Collingwood,0.001939701
FeelingDusty,23/08/2024,24,16825,Melbourne,Collingwood,12381,Darcy,Moore,Collingwood,0.001564894
FeelingDusty,23/08/2024,24,16825,Melbourne,Collingwood,12877,Beau,McCreery,Collingwood,0.001564894
FeelingDusty,23/08/2024,24,16825,Melbourne,Collingwood,12029,Will,Hoskin-Elliott,Collingwood,0.005235395
FeelingDusty,23/08/2024,24,16825,Melbourne,Collingwood,12948,Nick,Daicos,Collingwood,2.568934987
FeelingDusty,23/08/2024,24,16825,Melbourne,Collingwood,11973,Jeremy,Howe,Collingwood,0.001903963
FeelingDusty,23/08/2024,24,16825,Melbourne,Collingwood,13102,Charlie,Dean,Collingwood,0.001564894
FeelingDusty,23/08/2024,24,16825,Melbourne,Collingwood,13148,Wil,Parker,Collingwood,0.007333582
FeelingDusty,23/08/2024,24,16825,Melbourne,Collingwood,12435,Mason,Cox,Collingwood,0.000977467
FeelingDusty,23/08/2024,24,16825,Melbourne,Collingwood,13048,Jacob,van Rooyen,Melbourne,0
FeelingDusty,23/08/2024,24,16825,Melbourne,Collingwood,12280,Christian,Salem,Melbourne,0
FeelingDusty,23/08/2024,24,16825,Melbourne,Collingwood,13036,Judd,McVee,Melbourne,0.000677853
FeelingDusty,23/08/2024,24,16825,Melbourne,Collingwood,12152,Jack,Viney,Melbourne,0.003048757
FeelingDusty,23/08/2024,24,16825,Melbourne,Collingwood,11972,Max,Gawn,Melbourne,0.099165414
FeelingDusty,23/08/2024,24,16825,Melbourne,Collingwood,12255,Jack,Billings,Melbourne,0
FeelingDusty,23/08/2024,24,16825,Melbourne,Collingwood,12401,Ed,Langdon,Melbourne,0.002304428
FeelingDusty,23/08/2024,24,16825,Melbourne,Collingwood,13035,Bailey,Laurie,Melbourne,0
FeelingDusty,23/08/2024,24,16825,Melbourne,Collingwood,12933,Jake,Bowey,Melbourne,0
FeelingDusty,23/08/2024,24,16825,Melbourne,Collingwood,11828,Jake,Melksham,Melbourne,0
FeelingDusty,23/08/2024,24,16825,Melbourne,Collingwood,12034,Adam,Tomlinson,Melbourne,0
FeelingDusty,23/08/2024,24,16825,Melbourne,Collingwood,13098,Blake,Howes,Melbourne,0
FeelingDusty,23/08/2024,24,16825,Melbourne,Collingwood,12778,Trent,Rivers,Melbourne,0.003230924
FeelingDusty,23/08/2024,24,16825,Melbourne,Collingwood,12015,Tom,McDonald,Melbourne,0.00438809
FeelingDusty,23/08/2024,24,16825,Melbourne,Collingwood,12691,Marty,Hore,Melbourne,0.001604348
FeelingDusty,23/08/2024,24,16825,Melbourne,Collingwood,12375,Alex,Neal-Bullen,Melbourne,0.000153949
FeelingDusty,23/08/2024,24,16825,Melbourne,Collingwood,12603,Bayley,Fritsch,Melbourne,0
FeelingDusty,23/08/2024,24,16825,Melbourne,Collingwood,12660,Harrison,Petty,Melbourne,0
FeelingDusty,23/08/2024,24,16825,Melbourne,Collingwood,12774,Kysaiah,Pickett,Melbourne,0.104772902
FeelingDusty,23/08/2024,24,16825,Melbourne,Collingwood,12756,Kade,Chandler,Melbourne,0
FeelingDusty,23/08/2024,24,16825,Melbourne,Collingwood,13123,Koltyn,Tholstrup,Melbourne,0.005844404
FeelingDusty,23/08/2024,24,16825,Melbourne,Collingwood,13078,Taj,Woewodin,Melbourne,0.000153949
FeelingDusty,23/08/2024,24,16825,Melbourne,Collingwood,12998,Daniel,Turner,Melbourne,0
FeelingDusty,24/08/2024,24,16826,Hawthorn,North Melbourne,12585,Harry,Morrison,Hawthorn,0.00191436
FeelingDusty,24/08/2024,24,16826,Hawthorn,North Melbourne,12913,Jai,Newcombe,Hawthorn,2.342974152
FeelingDusty,24/08/2024,24,16826,Hawthorn,North Melbourne,12245,Jarman,Impey,Hawthorn,0.066585948
FeelingDusty,24/08/2024,24,16826,Hawthorn,North Melbourne,12626,James,Worpel,Hawthorn,0.00191436
FeelingDusty,24/08/2024,24,16826,Hawthorn,North Melbourne,12342,James,Sicily,Hawthorn,0.643068888
FeelingDusty,24/08/2024,24,16826,Hawthorn,North Melbourne,12124,Sam,Frost,Hawthorn,0.00191436
FeelingDusty,24/08/2024,24,16826,Hawthorn,North Melbourne,12365,Karl,Amon,Hawthorn,0.004814726
FeelingDusty,24/08/2024,24,16826,Hawthorn,North Melbourne,12678,Conor,Nash,Hawthorn,0.004897189
FeelingDusty,24/08/2024,24,16826,Hawthorn,North Melbourne,12710,Dylan,Moore,Hawthorn,0.163388124
FeelingDusty,24/08/2024,24,16826,Hawthorn,North Melbourne,12571,Jack,Scrimshaw,Hawthorn,0.003047757
FeelingDusty,24/08/2024,24,16826,Hawthorn,North Melbourne,12477,Blake,Hardwick,Hawthorn,0.004814726
FeelingDusty,24/08/2024,24,16826,Hawthorn,North Melbourne,12999,Massimo,DAmbrosio,Hawthorn,1.445848694
FeelingDusty,24/08/2024,24,16826,Hawthorn,North Melbourne,12854,Lloyd,Meek,Hawthorn,0.050506699
FeelingDusty,24/08/2024,24,16826,Hawthorn,North Melbourne,12491,Mabior,Chol,Hawthorn,0.00612489
FeelingDusty,24/08/2024,24,16826,Hawthorn,North Melbourne,11854,Jack,Gunston,Hawthorn,0.001195752
FeelingDusty,24/08/2024,24,16826,Hawthorn,North Melbourne,11960,Luke,Breust,Hawthorn,0.001195752
FeelingDusty,24/08/2024,24,16826,Hawthorn,North Melbourne,13059,Josh,Weddle,Hawthorn,0.018158657
FeelingDusty,24/08/2024,24,16826,Hawthorn,North Melbourne,13039,Cam,Mackenzie,Hawthorn,0.008786758
FeelingDusty,24/08/2024,24,16826,Hawthorn,North Melbourne,12953,Connor,Macdonald,Hawthorn,0.152286357
FeelingDusty,24/08/2024,24,16826,Hawthorn,North Melbourne,12846,Finn,Maginness,Hawthorn,0.00191436
FeelingDusty,24/08/2024,24,16826,Hawthorn,North Melbourne,12928,Jack,Ginnivan,Hawthorn,0.152867221
FeelingDusty,24/08/2024,24,16826,Hawthorn,North Melbourne,13103,Nick,Watson,Hawthorn,0.120839228
FeelingDusty,24/08/2024,24,16826,Hawthorn,North Melbourne,13137,Calsher,Dear,Hawthorn,0.00191436
FeelingDusty,24/08/2024,24,16826,Hawthorn,North Melbourne,12185,Aidan,Corr,North Melbourne,0.000188329
FeelingDusty,24/08/2024,24,16826,Hawthorn,North Melbourne,13065,George,Wardlaw,North Melbourne,0.00485021
FeelingDusty,24/08/2024,24,16826,Hawthorn,North Melbourne,12705,Bailey,Scott,North Melbourne,0.000829228
FeelingDusty,24/08/2024,24,16826,Hawthorn,North Melbourne,12599,Luke,Davies-Uniacke,North Melbourne,0.030008287
FeelingDusty,24/08/2024,24,16826,Hawthorn,North Melbourne,13105,Colby,McKercher,North Melbourne,0
FeelingDusty,24/08/2024,24,16826,Hawthorn,North Melbourne,12246,Luke,McDonald,North Melbourne,0.000188329
FeelingDusty,24/08/2024,24,16826,Hawthorn,North Melbourne,12511,Jy,Simpkin,North Melbourne,0.739614796
FeelingDusty,24/08/2024,24,16826,Hawthorn,North Melbourne,12434,Darcy,Tucker,North Melbourne,0
FeelingDusty,24/08/2024,24,16826,Hawthorn,North Melbourne,11766,Liam,Shiels,North Melbourne,0.001236689
FeelingDusty,24/08/2024,24,16826,Hawthorn,North Melbourne,12798,Dylan,Stephens,North Melbourne,0.000188329
FeelingDusty,24/08/2024,24,16826,Hawthorn,North Melbourne,12528,Zac,Fisher,North Melbourne,0
FeelingDusty,24/08/2024,24,16826,Hawthorn,North Melbourne,12569,Nick,Larkey,North Melbourne,0
FeelingDusty,24/08/2024,24,16826,Hawthorn,North Melbourne,12867,Tom,Powell,North Melbourne,0
FeelingDusty,24/08/2024,24,16826,Hawthorn,North Melbourne,12975,Paul,Curtis,North Melbourne,0
FeelingDusty,24/08/2024,24,16826,Hawthorn,North Melbourne,12878,Will,Phillips,North Melbourne,0
FeelingDusty,24/08/2024,24,16826,Hawthorn,North Melbourne,13106,Toby,Pink,North Melbourne,0
FeelingDusty,24/08/2024,24,16826,Hawthorn,North Melbourne,13005,Jackson,Archer,North Melbourne,0
FeelingDusty,24/08/2024,24,16826,Hawthorn,North Melbourne,12789,Tristan,Xerri,North Melbourne,0.019967188
FeelingDusty,24/08/2024,24,16826,Hawthorn,North Melbourne,13061,Blake,Drury,North Melbourne,0
FeelingDusty,24/08/2024,24,16826,Hawthorn,North Melbourne,13021,Kallan,Dawson,North Melbourne,0.001955297
FeelingDusty,24/08/2024,24,16826,Hawthorn,North Melbourne,13000,Brynn,Teakle,North Melbourne,0
FeelingDusty,24/08/2024,24,16826,Hawthorn,North Melbourne,12566,Cameron,Zurhaar,North Melbourne,0
FeelingDusty,24/08/2024,24,16826,Hawthorn,North Melbourne,13086,Robert,Hansen Jr,North Melbourne,0
FeelingDusty,24/08/2024,24,16827,Geelong,West Coast,11855,Rhys,Stanley,Geelong,0.318302813
FeelingDusty,24/08/2024,24,16827,Geelong,West Coast,11979,Zach,Tuohy,Geelong,0.003518309
FeelingDusty,24/08/2024,24,16827,Geelong,West Coast,12870,Tanner,Bruhn,Geelong,0.14389512
FeelingDusty,24/08/2024,24,16827,Geelong,West Coast,12022,Jeremy,Cameron,Geelong,2.783404613
FeelingDusty,24/08/2024,24,16827,Geelong,West Coast,13107,Shaun,Mannagh,Geelong,0.137178792
FeelingDusty,24/08/2024,24,16827,Geelong,West Coast,12378,Jake,Kolodjashnij,Geelong,0.001538323
FeelingDusty,24/08/2024,24,16827,Geelong,West Coast,12882,Max,Holmes,Geelong,0.723001537
FeelingDusty,24/08/2024,24,16827,Geelong,West Coast,12507,Jack,Bowes,Geelong,0.151746164
FeelingDusty,24/08/2024,24,16827,Geelong,West Coast,13162,Lawson,Humphries,Geelong,0.001538323
FeelingDusty,24/08/2024,24,16827,Geelong,West Coast,12561,Tyson,Stengle,Geelong,0.001538323
FeelingDusty,24/08/2024,24,16827,Geelong,West Coast,11804,Mitch,Duncan,Geelong,0.003291518
FeelingDusty,24/08/2024,24,16827,Geelong,West Coast,12286,Jed,Bews,Geelong,0.001838276
FeelingDusty,24/08/2024,24,16827,Geelong,West Coast,12976,Oliver,Dempsey,Geelong,0.081609416
FeelingDusty,24/08/2024,24,16827,Geelong,West Coast,12687,Tom,Atkins,Geelong,0.234260138
FeelingDusty,24/08/2024,24,16827,Geelong,West Coast,12690,Gryan,Miers,Geelong,0.06656895
FeelingDusty,24/08/2024,24,16827,Geelong,West Coast,12995,Shannon,Neale,Geelong,0.002547592
FeelingDusty,24/08/2024,24,16827,Geelong,West Coast,11706,Patrick,Dangerfield,Geelong,0.852158622
FeelingDusty,24/08/2024,24,16827,Geelong,West Coast,12850,Oliver,Henry,Geelong,0.12867039
FeelingDusty,24/08/2024,24,16827,Geelong,West Coast,12614,Jack,Henry,Geelong,0.0795938
FeelingDusty,24/08/2024,24,16827,Geelong,West Coast,12559,Zach,Guthrie,Geelong,0.07891323
FeelingDusty,24/08/2024,24,16827,Geelong,West Coast,12514,Tom,Stewart,Geelong,0.003868971
FeelingDusty,24/08/2024,24,16827,Geelong,West Coast,12808,Brad,Close,Geelong,0.001538323
FeelingDusty,24/08/2024,24,16827,Geelong,West Coast,12160,Mark,Blicavs,Geelong,0.061581512
FeelingDusty,24/08/2024,24,16827,Geelong,West Coast,12609,Jake,Waterman,West Coast,0
FeelingDusty,24/08/2024,24,16827,Geelong,West Coast,12433,Jayden,Hunt,West Coast,0
FeelingDusty,24/08/2024,24,16827,Geelong,West Coast,12093,Elliot,Yeo,West Coast,0.000937596
FeelingDusty,24/08/2024,24,16827,Geelong,West Coast,13032,Reuben,Ginbey,West Coast,0
FeelingDusty,24/08/2024,24,16827,Geelong,West Coast,13112,Harley,Reid,West Coast,0.001684062
FeelingDusty,24/08/2024,24,16827,Geelong,West Coast,12605,Tim,Kelly,West Coast,0.129956333
FeelingDusty,24/08/2024,24,16827,Geelong,West Coast,12662,Oscar,Allen,West Coast,0
FeelingDusty,24/08/2024,24,16827,Geelong,West Coast,12340,Liam,Duggan,West Coast,0
FeelingDusty,24/08/2024,24,16827,Geelong,West Coast,11942,Jamie,Cripps,West Coast,0
FeelingDusty,24/08/2024,24,16827,Geelong,West Coast,13033,Campbell,Chesser,West Coast,0
FeelingDusty,24/08/2024,24,16827,Geelong,West Coast,12958,Brady,Hough,West Coast,0
FeelingDusty,24/08/2024,24,16827,Geelong,West Coast,12630,Jack,Petruccelle,West Coast,0
FeelingDusty,24/08/2024,24,16827,Geelong,West Coast,13135,Harvey,Johnston,West Coast,0
FeelingDusty,24/08/2024,24,16827,Geelong,West Coast,11908,Jack,Darling,West Coast,0
FeelingDusty,24/08/2024,24,16827,Geelong,West Coast,12454,Tom,Cole,West Coast,0
FeelingDusty,24/08/2024,24,16827,Geelong,West Coast,13168,Clay,Hall,West Coast,0.001571219
FeelingDusty,24/08/2024,24,16827,Geelong,West Coast,12837,Bailey J.,Williams,West Coast,0.003204507
FeelingDusty,24/08/2024,24,16827,Geelong,West Coast,13001,Rhett,Bazzo,West Coast,0
FeelingDusty,24/08/2024,24,16827,Geelong,West Coast,12960,Jack,Williams,West Coast,0
FeelingDusty,24/08/2024,24,16827,Geelong,West Coast,13071,Ryan,Maric,West Coast,0
FeelingDusty,24/08/2024,24,16827,Geelong,West Coast,12812,Harry,Edwards,West Coast,0.000543231
FeelingDusty,24/08/2024,24,16827,Geelong,West Coast,13142,Tyrell,Dewar,West Coast,0
FeelingDusty,24/08/2024,24,16827,Geelong,West Coast,13152,Jack,Hutchinson,West Coast,0
FeelingDusty,24/08/2024,24,16828,Richmond,Gold Coast,12825,Sam,Flanders,Gold Coast,2.100585968
FeelingDusty,24/08/2024,24,16828,Richmond,Gold Coast,12941,Alex,Davies,Gold Coast,0.001726344
FeelingDusty,24/08/2024,24,16828,Richmond,Gold Coast,12086,Alex,Sexton,Gold Coast,0.003092368
FeelingDusty,24/08/2024,24,16828,Richmond,Gold Coast,12314,Nick,Holman,Gold Coast,0.001726344
FeelingDusty,24/08/2024,24,16828,Richmond,Gold Coast,12631,Charlie,Ballard,Gold Coast,0.002748426
FeelingDusty,24/08/2024,24,16828,Richmond,Gold Coast,12329,Touk,Miller,Gold Coast,0.202764556
FeelingDusty,24/08/2024,24,16828,Richmond,Gold Coast,12703,Jack,Lukosius,Gold Coast,0.003584431
FeelingDusty,24/08/2024,24,16828,Richmond,Gold Coast,12393,Lachie,Weller,Gold Coast,0.001726344
FeelingDusty,24/08/2024,24,16828,Richmond,Gold Coast,12767,Noah,Anderson,Gold Coast,0.713740171
FeelingDusty,24/08/2024,24,16828,Richmond,Gold Coast,12769,Matt,Rowell,Gold Coast,1.286835515
FeelingDusty,24/08/2024,24,16828,Richmond,Gold Coast,13050,Bailey,Humphrey,Gold Coast,0.001726344
FeelingDusty,24/08/2024,24,16828,Richmond,Gold Coast,12529,Ben,Long,Gold Coast,0.088136335
FeelingDusty,24/08/2024,24,16828,Richmond,Gold Coast,12242,Sean,Lemmens,Gold Coast,0.001726344
FeelingDusty,24/08/2024,24,16828,Richmond,Gold Coast,12453,Sam,Collins,Gold Coast,0.002748426
FeelingDusty,24/08/2024,24,16828,Richmond,Gold Coast,13120,Will,Graham,Gold Coast,0.047341312
FeelingDusty,24/08/2024,24,16828,Richmond,Gold Coast,12658,Wil,Powell,Gold Coast,0.001726344
FeelingDusty,24/08/2024,24,16828,Richmond,Gold Coast,12184,Jarrod,Witts,Gold Coast,0.05791326
FeelingDusty,24/08/2024,24,16828,Richmond,Gold Coast,13127,Jake,Rogers,Gold Coast,0.001726344
FeelingDusty,24/08/2024,24,16828,Richmond,Gold Coast,13019,Mac,Andrew,Gold Coast,0.001726344
FeelingDusty,24/08/2024,24,16828,Richmond,Gold Coast,13037,Bodhi,Uwland,Gold Coast,0.003188221
FeelingDusty,24/08/2024,24,16828,Richmond,Gold Coast,13119,Sam,Clohesy,Gold Coast,0.005363937
FeelingDusty,24/08/2024,24,16828,Richmond,Gold Coast,12728,Ben,King,Gold Coast,0.001726344
FeelingDusty,24/08/2024,24,16828,Richmond,Gold Coast,12768,Connor,Budarick,Gold Coast,0.001726344
FeelingDusty,24/08/2024,24,16828,Richmond,Gold Coast,12180,Nick,Vlastuin,Richmond,0.017612486
FeelingDusty,24/08/2024,24,16828,Richmond,Gold Coast,11921,Dion,Prestia,Richmond,0.03673326
FeelingDusty,24/08/2024,24,16828,Richmond,Gold Coast,12712,Jack,Ross,Richmond,0.001763261
FeelingDusty,24/08/2024,24,16828,Richmond,Gold Coast,12668,Liam,Baker,Richmond,0
FeelingDusty,24/08/2024,24,16828,Richmond,Gold Coast,12935,Maurice,Rioli,Richmond,0
FeelingDusty,24/08/2024,24,16828,Richmond,Gold Coast,12904,Hugo,Ralphsmith,Richmond,0.001763261
FeelingDusty,24/08/2024,24,16828,Richmond,Gold Coast,12512,Tim,Taranto,Richmond,0.333110436
FeelingDusty,24/08/2024,24,16828,Richmond,Gold Coast,12425,Jayden,Short,Richmond,0
FeelingDusty,24/08/2024,24,16828,Richmond,Gold Coast,12409,Daniel,Rioli,Richmond,0.994014515
FeelingDusty,24/08/2024,24,16828,Richmond,Gold Coast,12861,Jacob,Koschitzke,Richmond,0
FeelingDusty,24/08/2024,24,16828,Richmond,Gold Coast,12686,Noah,Balta,Richmond,0.000609627
FeelingDusty,24/08/2024,24,16828,Richmond,Gold Coast,12447,Jacob,Hopper,Richmond,0.065147697
FeelingDusty,24/08/2024,24,16828,Richmond,Gold Coast,12379,Toby,Nankervis,Richmond,0.010252373
FeelingDusty,24/08/2024,24,16828,Richmond,Gold Coast,12542,Shai,Bolton,Richmond,0.000747787
FeelingDusty,24/08/2024,24,16828,Richmond,Gold Coast,12884,Rhyan,Mansell,Richmond,0
FeelingDusty,24/08/2024,24,16828,Richmond,Gold Coast,12324,Kamdyn,McIntosh,Richmond,0
FeelingDusty,24/08/2024,24,16828,Richmond,Gold Coast,12584,Jack,Graham,Richmond,0.001763261
FeelingDusty,24/08/2024,24,16828,Richmond,Gold Coast,12464,Nathan,Broad,Richmond,0
FeelingDusty,24/08/2024,24,16828,Richmond,Gold Coast,13076,Sam,Banks,Richmond,0
FeelingDusty,24/08/2024,24,16828,Richmond,Gold Coast,13077,Jacob,Bauer,Richmond,0.001005837
FeelingDusty,24/08/2024,24,16828,Richmond,Gold Coast,13100,Seth,Campbell,Richmond,0
FeelingDusty,24/08/2024,24,16828,Richmond,Gold Coast,12940,Ben,Miller,Richmond,0.000169832
FeelingDusty,24/08/2024,24,16828,Richmond,Gold Coast,12761,Marlion,Pickett,Richmond,0
FeelingDusty,24/08/2024,24,16829,Brisbane,Essendon,12969,Kai,Lohmann,Brisbane,0.298290152
FeelingDusty,24/08/2024,24,16829,Brisbane,Essendon,12205,Joe,Daniher,Brisbane,0.002177231
FeelingDusty,24/08/2024,24,16829,Brisbane,Essendon,12412,Callum,Ah Chee,Brisbane,0.003459985
FeelingDusty,24/08/2024,24,16829,Brisbane,Essendon,12421,Josh,Dunkley,Brisbane,0.228586883
FeelingDusty,24/08/2024,24,16829,Brisbane,Essendon,12526,Hugh,McCluggage,Brisbane,1.266952256
FeelingDusty,24/08/2024,24,16829,Brisbane,Essendon,12525,Jarrod,Berry,Brisbane,0.005404264
FeelingDusty,24/08/2024,24,16829,Brisbane,Essendon,13034,Will,Ashcroft,Brisbane,0.255045018
FeelingDusty,24/08/2024,24,16829,Brisbane,Essendon,12061,Lachie,Neale,Brisbane,2.238294307
FeelingDusty,24/08/2024,24,16829,Brisbane,Essendon,13138,Logan,Morris,Brisbane,0.001739323
FeelingDusty,24/08/2024,24,16829,Brisbane,Essendon,12082,Dayne,Zorko,Brisbane,0.001154271
FeelingDusty,24/08/2024,24,16829,Brisbane,Essendon,12594,Cam,Rayner,Brisbane,0.007485348
FeelingDusty,24/08/2024,24,16829,Brisbane,Essendon,12862,Harry,Sharp,Brisbane,0.001739323
FeelingDusty,24/08/2024,24,16829,Brisbane,Essendon,12284,Charlie,Cameron,Brisbane,0.003341749
FeelingDusty,24/08/2024,24,16829,Brisbane,Essendon,12400,Conor,McKenna,Brisbane,0.001739323
FeelingDusty,24/08/2024,24,16829,Brisbane,Essendon,13072,Jaspa,Fletcher,Brisbane,0.006994369
FeelingDusty,24/08/2024,24,16829,Brisbane,Essendon,12462,Eric,Hipwood,Brisbane,0.001739323
FeelingDusty,24/08/2024,24,16829,Brisbane,Essendon,12347,Harris,Andrews,Brisbane,0.002769089
FeelingDusty,24/08/2024,24,16829,Brisbane,Essendon,12617,Zac,Bailey,Brisbane,0.003475575
FeelingDusty,24/08/2024,24,16829,Brisbane,Essendon,11901,Ryan,Lester,Brisbane,0.001739323
FeelingDusty,24/08/2024,24,16829,Brisbane,Essendon,12661,Darragh,Joyce,Brisbane,0.001739323
FeelingDusty,24/08/2024,24,16829,Brisbane,Essendon,12719,Noah,Answerth,Brisbane,0.001739323
FeelingDusty,24/08/2024,24,16829,Brisbane,Essendon,13027,Darcy,Wilmot,Brisbane,0.051097901
FeelingDusty,24/08/2024,24,16829,Brisbane,Essendon,12625,Oscar,McInerney,Brisbane,0.013596756
FeelingDusty,24/08/2024,24,16829,Brisbane,Essendon,12505,Andrew,McGrath,Essendon,0.106920365
FeelingDusty,24/08/2024,24,16829,Brisbane,Essendon,12809,Sam,Draper,Essendon,0.001776517
FeelingDusty,24/08/2024,24,16829,Brisbane,Essendon,12414,Darcy,Parish,Essendon,0.001676738
FeelingDusty,24/08/2024,24,16829,Brisbane,Essendon,12358,Kyle,Langford,Essendon,0.131969954
FeelingDusty,24/08/2024,24,16829,Brisbane,Essendon,12752,Jye,Caldwell,Essendon,0.003388584
FeelingDusty,24/08/2024,24,16829,Brisbane,Essendon,12249,Zach,Merrett,Essendon,1.234475516
FeelingDusty,24/08/2024,24,16829,Brisbane,Essendon,12972,Ben,Hobbs,Essendon,0
FeelingDusty,24/08/2024,24,16829,Brisbane,Essendon,12032,Dylan,Shiel,Essendon,0
FeelingDusty,24/08/2024,24,16829,Brisbane,Essendon,12422,Jade,Gresham,Essendon,0
FeelingDusty,24/08/2024,24,16829,Brisbane,Essendon,12384,Jayden,Laverde,Essendon,0.000171109
FeelingDusty,24/08/2024,24,16829,Brisbane,Essendon,12880,Archie,Perkins,Essendon,0
FeelingDusty,24/08/2024,24,16829,Brisbane,Essendon,11903,Dyson,Heppell,Essendon,0.024154481
FeelingDusty,24/08/2024,24,16829,Brisbane,Essendon,12926,Sam,Durham,Essendon,0.000292038
FeelingDusty,24/08/2024,24,16829,Brisbane,Essendon,12857,Harrison,Jones,Essendon,0
FeelingDusty,24/08/2024,24,16829,Brisbane,Essendon,12900,Nick,Bryan,Essendon,0.001776517
FeelingDusty,24/08/2024,24,16829,Brisbane,Essendon,12173,Jake,Stringer,Essendon,0.001013399
FeelingDusty,24/08/2024,24,16829,Brisbane,Essendon,12445,Mason,Redman,Essendon,0
FeelingDusty,24/08/2024,24,16829,Brisbane,Essendon,12345,Jake,Kelly,Essendon,0.002489374
FeelingDusty,24/08/2024,24,16829,Brisbane,Essendon,13149,Nate,Caddy,Essendon,0
FeelingDusty,24/08/2024,24,16829,Brisbane,Essendon,12588,Ben,McKay,Essendon,0
FeelingDusty,24/08/2024,24,16829,Brisbane,Essendon,12619,Matt,Guelfi,Essendon,0
FeelingDusty,24/08/2024,24,16829,Brisbane,Essendon,12950,Nic,Martin,Essendon,0.087280072
FeelingDusty,24/08/2024,24,16829,Brisbane,Essendon,13169,Archie,Roberts,Essendon,0.002314918
FeelingDusty,24/08/2024,24,16830,Sydney,Adelaide,12697,Chayce,Jones,Adelaide,0
FeelingDusty,24/08/2024,24,16830,Sydney,Adelaide,12441,Ben,Keays,Adelaide,0.00271496
FeelingDusty,24/08/2024,24,16830,Sydney,Adelaide,12855,Sam,Berry,Adelaide,0
FeelingDusty,24/08/2024,24,16830,Sydney,Adelaide,12592,Lachlan,Murphy,Adelaide,0
FeelingDusty,24/08/2024,24,16830,Sydney,Adelaide,12265,Matt,Crouch,Adelaide,0.021948298
FeelingDusty,24/08/2024,24,16830,Sydney,Adelaide,13133,Daniel,Curtin,Adelaide,0
FeelingDusty,24/08/2024,24,16830,Sydney,Adelaide,12893,Riley,Thilthorpe,Adelaide,0.245574177
FeelingDusty,24/08/2024,24,16830,Sydney,Adelaide,12519,Jordan,Dawson,Adelaide,0.015293993
FeelingDusty,24/08/2024,24,16830,Sydney,Adelaide,11724,Taylor,Walker,Adelaide,0
FeelingDusty,24/08/2024,24,16830,Sydney,Adelaide,12956,Jake,Soligo,Adelaide,0
FeelingDusty,24/08/2024,24,16830,Sydney,Adelaide,13038,Max,Michalanney,Adelaide,0
FeelingDusty,24/08/2024,24,16830,Sydney,Adelaide,13161,Zac,Taylor,Adelaide,0.009001941
FeelingDusty,24/08/2024,24,16830,Sydney,Adelaide,12725,Mitchell,Hinge,Adelaide,0
FeelingDusty,24/08/2024,24,16830,Sydney,Adelaide,12916,Josh,Worrell,Adelaide,0
FeelingDusty,24/08/2024,24,16830,Sydney,Adelaide,13084,Luke,Nankervis,Adelaide,0
FeelingDusty,24/08/2024,24,16830,Sydney,Adelaide,12875,Nick,Murray,Adelaide,0
FeelingDusty,24/08/2024,24,16830,Sydney,Adelaide,12171,Rory,Laird,Adelaide,0.022942755
FeelingDusty,24/08/2024,24,16830,Sydney,Adelaide,13151,Billy,Dowling,Adelaide,0
FeelingDusty,24/08/2024,24,16830,Sydney,Adelaide,12591,Darcy,Fogarty,Adelaide,0
FeelingDusty,24/08/2024,24,16830,Sydney,Adelaide,13088,James,Borlase,Adelaide,0
FeelingDusty,24/08/2024,24,16830,Sydney,Adelaide,12818,Lachlan,Sholl,Adelaide,0.001853335
FeelingDusty,24/08/2024,24,16830,Sydney,Adelaide,13166,Hugh,Bond,Adelaide,0
FeelingDusty,24/08/2024,24,16830,Sydney,Adelaide,12483,Reilly,OBrien,Adelaide,0
FeelingDusty,24/08/2024,24,16830,Sydney,Adelaide,12799,Chad,Warner,Sydney,0.491123638
FeelingDusty,24/08/2024,24,16830,Sydney,Adelaide,12745,Hayden,McLean,Sydney,0.001814532
FeelingDusty,24/08/2024,24,16830,Sydney,Adelaide,12070,Taylor,Adams,Sydney,0.001814532
FeelingDusty,24/08/2024,24,16830,Sydney,Adelaide,12223,Brodie,Grundy,Sydney,0.034238654
FeelingDusty,24/08/2024,24,16830,Sydney,Adelaide,12863,Logan,McDonald,Sydney,0.007702183
FeelingDusty,24/08/2024,24,16830,Sydney,Adelaide,12038,Harry,Cunningham,Sydney,0.003351088
FeelingDusty,24/08/2024,24,16830,Sydney,Adelaide,12715,James,Rowbottom,Sydney,0.039774598
FeelingDusty,24/08/2024,24,16830,Sydney,Adelaide,12516,Will,Hayward,Sydney,0.001814532
FeelingDusty,24/08/2024,24,16830,Sydney,Adelaide,12475,Aaron,Francis,Sydney,0.001814532
FeelingDusty,24/08/2024,24,16830,Sydney,Adelaide,12501,Oliver,Florent,Sydney,0.012405866
FeelingDusty,24/08/2024,24,16830,Sydney,Adelaide,12418,Callum,Mills,Sydney,0.15200667
FeelingDusty,24/08/2024,24,16830,Sydney,Adelaide,12865,Braeden,Campbell,Sydney,0.001814532
FeelingDusty,24/08/2024,24,16830,Sydney,Adelaide,12853,James,Jordon,Sydney,0.000265863
FeelingDusty,24/08/2024,24,16830,Sydney,Adelaide,12864,Errol,Gulden,Sydney,1.263769614
FeelingDusty,24/08/2024,24,16830,Sydney,Adelaide,12699,Nick,Blakey,Sydney,2.936759611
FeelingDusty,24/08/2024,24,16830,Sydney,Adelaide,12148,Dane,Rampe,Sydney,0.001133397
FeelingDusty,24/08/2024,24,16830,Sydney,Adelaide,11958,Luke,Parker,Sydney,0.123277538
FeelingDusty,24/08/2024,24,16830,Sydney,Adelaide,13157,Caiden,Cleary,Sydney,0.001814532
FeelingDusty,24/08/2024,24,16830,Sydney,Adelaide,12993,Matt,Roberts,Sydney,0.592014371
FeelingDusty,24/08/2024,24,16830,Sydney,Adelaide,12847,Joel,Amartey,Sydney,0.003767538
FeelingDusty,24/08/2024,24,16830,Sydney,Adelaide,12515,Robbie,Fox,Sydney,0.001814532
FeelingDusty,24/08/2024,24,16830,Sydney,Adelaide,12533,Lewis,Melican,Sydney,0.001814532
FeelingDusty,24/08/2024,24,16830,Sydney,Adelaide,12275,Jake,Lloyd,Sydney,0.004563654
FeelingDusty,25/08/2024,24,16831,Western Bulldogs,GWS,13128,Darcy,Jones,GWS,0
FeelingDusty,25/08/2024,24,16831,Western Bulldogs,GWS,12023,Stephen,Coniglio,GWS,0.003570113
FeelingDusty,25/08/2024,24,16831,Western Bulldogs,GWS,12026,Toby,Greene,GWS,0.003367897
FeelingDusty,25/08/2024,24,16831,Western Bulldogs,GWS,13054,Aaron,Cadman,GWS,0.003367897
FeelingDusty,25/08/2024,24,16831,Western Bulldogs,GWS,12147,Lachie,Whitfield,GWS,0.735992317
FeelingDusty,25/08/2024,24,16831,Western Bulldogs,GWS,11683,Callan,Ward,GWS,0.003001539
FeelingDusty,25/08/2024,24,16831,Western Bulldogs,GWS,12766,Tom,Green,GWS,0.099400627
FeelingDusty,25/08/2024,24,16831,Western Bulldogs,GWS,12651,Sam,Taylor,GWS,0.000238504
FeelingDusty,25/08/2024,24,16831,Western Bulldogs,GWS,12970,Finn,Callaghan,GWS,0.002637195
FeelingDusty,25/08/2024,24,16831,Western Bulldogs,GWS,12096,Nick,Haynes,GWS,0
FeelingDusty,25/08/2024,24,16831,Western Bulldogs,GWS,12934,James,Peatling,GWS,0.000607533
FeelingDusty,25/08/2024,24,16831,Western Bulldogs,GWS,12262,Josh,Kelly,GWS,0
FeelingDusty,25/08/2024,24,16831,Western Bulldogs,GWS,12326,Jesse,Hogan,GWS,0.003367897
FeelingDusty,25/08/2024,24,16831,Western Bulldogs,GWS,11998,Lachlan,Keeffe,GWS,0
FeelingDusty,25/08/2024,24,16831,Western Bulldogs,GWS,12470,Harry,Himmelberg,GWS,0
FeelingDusty,25/08/2024,24,16831,Western Bulldogs,GWS,13101,Harvey,Thomas,GWS,0
FeelingDusty,25/08/2024,24,16831,Western Bulldogs,GWS,13089,Toby,McMullin,GWS,0
FeelingDusty,25/08/2024,24,16831,Western Bulldogs,GWS,12905,Kieren,Briggs,GWS,0.026026626
FeelingDusty,25/08/2024,24,16831,Western Bulldogs,GWS,12822,Xavier,OHalloran,GWS,0
FeelingDusty,25/08/2024,24,16831,Western Bulldogs,GWS,12541,Harry,Perryman,GWS,0
FeelingDusty,25/08/2024,24,16831,Western Bulldogs,GWS,12749,Connor,Idun,GWS,0
FeelingDusty,25/08/2024,24,16831,Western Bulldogs,GWS,12845,Jack,Buckley,GWS,0.000856132
FeelingDusty,25/08/2024,24,16831,Western Bulldogs,GWS,12910,Callum M.,Brown,GWS,0
FeelingDusty,25/08/2024,24,16831,Western Bulldogs,GWS,12058,Adam,Treloar,Western Bulldogs,0.006201929
FeelingDusty,25/08/2024,24,16831,Western Bulldogs,GWS,12924,Jamarra,Ugle-Hagan,Western Bulldogs,0.002424396
FeelingDusty,25/08/2024,24,16831,Western Bulldogs,GWS,12801,Cody,Weightman,Western Bulldogs,0.066859413
FeelingDusty,25/08/2024,24,16831,Western Bulldogs,GWS,12277,Marcus,Bontempelli,Western Bulldogs,0.473037723
FeelingDusty,25/08/2024,24,16831,Western Bulldogs,GWS,12289,Rory,Lobb,Western Bulldogs,0.003859759
FeelingDusty,25/08/2024,24,16831,Western Bulldogs,GWS,13023,Sam,Darcy,Western Bulldogs,0.008262476
FeelingDusty,25/08/2024,24,16831,Western Bulldogs,GWS,12172,Jack,Macrae,Western Bulldogs,0.028198033
FeelingDusty,25/08/2024,24,16831,Western Bulldogs,GWS,13110,Harvey,Gallagher,Western Bulldogs,0.000717352
FeelingDusty,25/08/2024,24,16831,Western Bulldogs,GWS,12169,Taylor,Duryea,Western Bulldogs,0.002949695
FeelingDusty,25/08/2024,24,16831,Western Bulldogs,GWS,13063,James,ODonnell,Western Bulldogs,0.002424396
FeelingDusty,25/08/2024,24,16831,Western Bulldogs,GWS,11874,Liam,Jones,Western Bulldogs,0.002949695
FeelingDusty,25/08/2024,24,16831,Western Bulldogs,GWS,12612,Ed,Richards,Western Bulldogs,2.557526842
FeelingDusty,25/08/2024,24,16831,Western Bulldogs,GWS,11904,Tom,Liberatore,Western Bulldogs,0.594789332
FeelingDusty,25/08/2024,24,16831,Western Bulldogs,GWS,12781,Laitham,Vandermeer,Western Bulldogs,0.002424396
FeelingDusty,25/08/2024,24,16831,Western Bulldogs,GWS,13140,Joel,Freijah,Western Bulldogs,0.002424396
FeelingDusty,25/08/2024,24,16831,Western Bulldogs,GWS,12917,Lachlan,Bramble,Western Bulldogs,0.002424396
FeelingDusty,25/08/2024,24,16831,Western Bulldogs,GWS,12851,Lachlan,McNeil,Western Bulldogs,0.002424396
FeelingDusty,25/08/2024,24,16831,Western Bulldogs,GWS,12362,Bailey,Dale,Western Bulldogs,1.104014374
FeelingDusty,25/08/2024,24,16831,Western Bulldogs,GWS,13047,Arthur,Jones,Western Bulldogs,0.002424396
FeelingDusty,25/08/2024,24,16831,Western Bulldogs,GWS,12602,Aaron,Naughton,Western Bulldogs,0.006989152
FeelingDusty,25/08/2024,24,16831,Western Bulldogs,GWS,12449,Bailey,Williams,Western Bulldogs,0.009689271
FeelingDusty,25/08/2024,24,16831,Western Bulldogs,GWS,12382,Caleb,Daniel,Western Bulldogs,0.193562133
FeelingDusty,25/08/2024,24,16831,Western Bulldogs,GWS,12548,Tim,English,Western Bulldogs,0.040987776
FeelingDusty,25/08/2024,24,16832,Carlton,St Kilda,13028,Lachlan,Cowan,Carlton,0.000499974
FeelingDusty,25/08/2024,24,16832,Carlton,St Kilda,12991,Jesse,Motlop,Carlton,0.000499974
FeelingDusty,25/08/2024,24,16832,Carlton,St Kilda,13029,Oliver,Hollands,Carlton,0.003154816
FeelingDusty,25/08/2024,24,16832,Carlton,St Kilda,12463,Matthew,Kennedy,Carlton,0.000499974
FeelingDusty,25/08/2024,24,16832,Carlton,St Kilda,12269,Patrick,Cripps,Carlton,1.410079872
FeelingDusty,25/08/2024,24,16832,Carlton,St Kilda,12282,Blake,Acres,Carlton,0.057067666
FeelingDusty,25/08/2024,24,16832,Carlton,St Kilda,12308,Orazio,Fantasia,Carlton,0
FeelingDusty,25/08/2024,24,16832,Carlton,St Kilda,12980,Jack,Carroll,Carlton,0.000499974
FeelingDusty,25/08/2024,24,16832,Carlton,St Kilda,12938,Brodie,Kemp,Carlton,0.000499974
FeelingDusty,25/08/2024,24,16832,Carlton,St Kilda,12685,Sam,Walsh,Carlton,1.538849638
FeelingDusty,25/08/2024,24,16832,Carlton,St Kilda,12937,Corey,Durdin,Carlton,0.000499974
FeelingDusty,25/08/2024,24,16832,Carlton,St Kilda,13017,Elijah,Hollands,Carlton,0.000499974
FeelingDusty,25/08/2024,24,16832,Carlton,St Kilda,12410,Jacob,Weitering,Carlton,0.001623213
FeelingDusty,25/08/2024,24,16832,Carlton,St Kilda,12517,Nic,Newman,Carlton,0.913525363
FeelingDusty,25/08/2024,24,16832,Carlton,St Kilda,13130,Jaxon,Binns,Carlton,0.001623213
FeelingDusty,25/08/2024,24,16832,Carlton,St Kilda,12424,Marc,Pittonet,Carlton,0.001690934
FeelingDusty,25/08/2024,24,16832,Carlton,St Kilda,12417,George,Hewett,Carlton,0.578558392
FeelingDusty,25/08/2024,24,16832,Carlton,St Kilda,12567,Lewis,Young,Carlton,0.001623213
FeelingDusty,25/08/2024,24,16832,Carlton,St Kilda,13173,Cooper,Lord,Carlton,0
FeelingDusty,25/08/2024,24,16832,Carlton,St Kilda,13057,Alex,Cincotta,Carlton,0.001623213
FeelingDusty,25/08/2024,24,16832,Carlton,St Kilda,12330,Adam,Saad,Carlton,0.018649069
FeelingDusty,25/08/2024,24,16832,Carlton,St Kilda,13172,Ashton,Moir,Carlton,0.000499974
FeelingDusty,25/08/2024,24,16832,Carlton,St Kilda,12842,Matthew,Owies,Carlton,0.000499974
FeelingDusty,25/08/2024,24,16832,Carlton,St Kilda,12616,Jack,Higgins,St Kilda,0.028829244
FeelingDusty,25/08/2024,24,16832,Carlton,St Kilda,12294,Zak,Jones,St Kilda,0.050014075
FeelingDusty,25/08/2024,24,16832,Carlton,St Kilda,12947,Nasiah,Wanganeen-Milera,St Kilda,0.079762588
FeelingDusty,25/08/2024,24,16832,Carlton,St Kilda,12066,Bradley,Hill,St Kilda,0.001472085
FeelingDusty,25/08/2024,24,16832,Carlton,St Kilda,12377,Jack,Steele,St Kilda,0.006418027
FeelingDusty,25/08/2024,24,16832,Carlton,St Kilda,12945,Mitch,Owens,St Kilda,0
FeelingDusty,25/08/2024,24,16832,Carlton,St Kilda,12593,Hunter,Clark,St Kilda,0.001936205
FeelingDusty,25/08/2024,24,16832,Carlton,St Kilda,12804,Ryan,Byrnes,St Kilda,0.006498465
FeelingDusty,25/08/2024,24,16832,Carlton,St Kilda,12721,Liam,Stocker,St Kilda,0.001472085
FeelingDusty,25/08/2024,24,16832,Carlton,St Kilda,12589,Paddy,Dow,St Kilda,0.008830651
FeelingDusty,25/08/2024,24,16832,Carlton,St Kilda,12498,Dan,Butler,St Kilda,0.001472085
FeelingDusty,25/08/2024,24,16832,Carlton,St Kilda,12572,Rowan,Marshall,St Kilda,0.081465199
FeelingDusty,25/08/2024,24,16832,Carlton,St Kilda,12426,Dougal,Howard,St Kilda,0.002595324
FeelingDusty,25/08/2024,24,16832,Carlton,St Kilda,13109,Darcy,Wilson,St Kilda,0.001472085
FeelingDusty,25/08/2024,24,16832,Carlton,St Kilda,13042,Mattaes,Phillipou,St Kilda,0.180971149
FeelingDusty,25/08/2024,24,16832,Carlton,St Kilda,12565,Josh,Battle,St Kilda,0.001472085
FeelingDusty,25/08/2024,24,16832,Carlton,St Kilda,12307,Tim,Membrey,St Kilda,0.002679688
FeelingDusty,25/08/2024,24,16832,Carlton,St Kilda,12194,Jimmy,Webster,St Kilda,0.001472085
FeelingDusty,25/08/2024,24,16832,Carlton,St Kilda,12321,Mason,Wood,St Kilda,0.018691939
FeelingDusty,25/08/2024,24,16832,Carlton,St Kilda,13124,Hugo,Garcia,St Kilda,0.001472085
FeelingDusty,25/08/2024,24,16832,Carlton,St Kilda,12337,Jack,Sinclair,St Kilda,0.985490317
FeelingDusty,25/08/2024,24,16832,Carlton,St Kilda,12930,Cooper,Sharman,St Kilda,0.001472085
FeelingDusty,25/08/2024,24,16832,Carlton,St Kilda,12701,Callum,Wilkie,St Kilda,0.001472085
FeelingDusty,25/08/2024,24,16833,Fremantle,Port Adelaide,12764,Sam,Sturt,Fremantle,0
FeelingDusty,25/08/2024,24,16833,Fremantle,Port Adelaide,12149,Jaeger,OMeara,Fremantle,0.003895488
FeelingDusty,25/08/2024,24,16833,Fremantle,Port Adelaide,12786,Caleb,Serong,Fremantle,0.011807529
FeelingDusty,25/08/2024,24,16833,Fremantle,Port Adelaide,12876,Heath,Chapman,Fremantle,0
FeelingDusty,25/08/2024,24,16833,Fremantle,Port Adelaide,12688,Jordan,Clark,Fremantle,0.001684229
FeelingDusty,25/08/2024,24,16833,Fremantle,Port Adelaide,11844,Nat,Fyfe,Fremantle,0
FeelingDusty,25/08/2024,24,16833,Fremantle,Port Adelaide,12596,Andrew,Brayshaw,Fremantle,1.480149207
FeelingDusty,25/08/2024,24,16833,Fremantle,Port Adelaide,12779,Luke,Jackson,Fremantle,0
FeelingDusty,25/08/2024,24,16833,Fremantle,Port Adelaide,11770,Michael,Walters,Fremantle,0
FeelingDusty,25/08/2024,24,16833,Fremantle,Port Adelaide,12550,Luke,Ryan,Fremantle,0.017499773
FeelingDusty,25/08/2024,24,16833,Fremantle,Port Adelaide,12821,Jeremy,Sharp,Fremantle,0.001800517
FeelingDusty,25/08/2024,24,16833,Fremantle,Port Adelaide,12983,Jye,Amiss,Fremantle,0
FeelingDusty,25/08/2024,24,16833,Fremantle,Port Adelaide,12777,Hayden,Young,Fremantle,0.094297914
FeelingDusty,25/08/2024,24,16833,Fremantle,Port Adelaide,12964,Nathan,ODriscoll,Fremantle,0.004320756
FeelingDusty,25/08/2024,24,16833,Fremantle,Port Adelaide,12915,Brandon,Walker,Fremantle,0
FeelingDusty,25/08/2024,24,16833,Fremantle,Port Adelaide,12803,Michael,Frederick,Fremantle,0.000960666
FeelingDusty,25/08/2024,24,16833,Fremantle,Port Adelaide,12461,Corey,Wagner,Fremantle,0.000875195
FeelingDusty,25/08/2024,24,16833,Fremantle,Port Adelaide,12552,Brennan,Cox,Fremantle,0
FeelingDusty,25/08/2024,24,16833,Fremantle,Port Adelaide,13113,Joshua,Draper,Fremantle,0
FeelingDusty,25/08/2024,24,16833,Fremantle,Port Adelaide,13132,Patrick,Voss,Fremantle,0.001292178
FeelingDusty,25/08/2024,24,16833,Fremantle,Port Adelaide,12679,Sam,Switkowski,Fremantle,0.171708343
FeelingDusty,25/08/2024,24,16833,Fremantle,Port Adelaide,13171,Liam,Reidy,Fremantle,0.002265223
FeelingDusty,25/08/2024,24,16833,Fremantle,Port Adelaide,13049,Matthew,Johnson,Fremantle,0
FeelingDusty,25/08/2024,24,16833,Fremantle,Port Adelaide,12696,Connor,Rozee,Port Adelaide,0.002313332
FeelingDusty,25/08/2024,24,16833,Fremantle,Port Adelaide,12485,Ryan,Burton,Port Adelaide,0
FeelingDusty,25/08/2024,24,16833,Fremantle,Port Adelaide,12671,Kane,Farrell,Port Adelaide,0.002217797
FeelingDusty,25/08/2024,24,16833,Fremantle,Port Adelaide,13011,Jase,Burgoyne,Port Adelaide,0.016301328
FeelingDusty,25/08/2024,24,16833,Fremantle,Port Adelaide,12693,Zak,Butters,Port Adelaide,0.810528135
FeelingDusty,25/08/2024,24,16833,Fremantle,Port Adelaide,11591,Travis,Boak,Port Adelaide,0.004745376
FeelingDusty,25/08/2024,24,16833,Fremantle,Port Adelaide,12868,Miles,Bergman,Port Adelaide,0.003307354
FeelingDusty,25/08/2024,24,16833,Fremantle,Port Adelaide,12613,Willie,Rioli,Port Adelaide,0.008884439
FeelingDusty,25/08/2024,24,16833,Fremantle,Port Adelaide,12155,Ollie,Wines,Port Adelaide,2.372910541
FeelingDusty,25/08/2024,24,16833,Fremantle,Port Adelaide,12955,Jason,Horne-Francis,Port Adelaide,0.146254914
FeelingDusty,25/08/2024,24,16833,Fremantle,Port Adelaide,12770,Mitch,Georgiades,Port Adelaide,0.004604842
FeelingDusty,25/08/2024,24,16833,Fremantle,Port Adelaide,12442,Aliir,Aliir,Port Adelaide,0.002217797
FeelingDusty,25/08/2024,24,16833,Fremantle,Port Adelaide,12890,Jordon,Sweet,Port Adelaide,0.793481717
FeelingDusty,25/08/2024,24,16833,Fremantle,Port Adelaide,12757,Brandon,Zerk-Thatcher,Port Adelaide,0.004095839
FeelingDusty,25/08/2024,24,16833,Fremantle,Port Adelaide,12606,Esava,Ratugolea,Port Adelaide,0.002217797
FeelingDusty,25/08/2024,24,16833,Fremantle,Port Adelaide,12694,Willem,Drew,Port Adelaide,0.00735689
FeelingDusty,25/08/2024,24,16833,Fremantle,Port Adelaide,12873,Francis,Evans,Port Adelaide,0
FeelingDusty,25/08/2024,24,16833,Fremantle,Port Adelaide,12429,Darcy,Byrne-Jones,Port Adelaide,0.011396438
FeelingDusty,25/08/2024,24,16833,Fremantle,Port Adelaide,12883,Lachie,Jones,Port Adelaide,0.002217797
FeelingDusty,25/08/2024,24,16833,Fremantle,Port Adelaide,13074,Dante,Visentini,Port Adelaide,0.005558374
FeelingDusty,25/08/2024,24,16833,Fremantle,Port Adelaide,12925,Jed,McEntee,Port Adelaide,0.002217797
FeelingDusty,25/08/2024,24,16833,Fremantle,Port Adelaide,13155,Logan,Evans,Port Adelaide,0.002396679
FeelingDusty,25/08/2024,24,16833,Fremantle,Port Adelaide,12952,Jackson,Mead,Port Adelaide,0.002217797
