LOCAL_MEETING_DATE,SCHEDULED_RACE_TIME,ACTUAL_OFF_TIME,TRACK,STATE_CODE,RACE_NO,WIN_MARKET_ID,WIN_MARKET_NAME,PLACE_MARKET_ID,RACING_TYPE,DISTANCE,RACE_TYPE,SELECTION_ID,TAB_NUMBER,SELECTION_NAME,WIN_RESULT,WIN_BSP,PLACE_RESULT,PLACE_BSP,WIN_BSP_VOLUME,WIN_PREPLAY_MAX_PRICE_TAKEN,WIN_PREPLAY_MIN_PRICE_TAKEN,WIN_PREPLAY_LAST_PRICE_TAKEN,WIN_PREPLAY_WEIGHTED_AVERAGE_PRICE_TAKEN,WIN_PREPLAY_VOLUME,WIN_INPLAY_MAX_PRICE_TAKEN,WIN_INPLAY_MIN_PRICE_TAKEN,WIN_LAST_PRICE_TAKEN,WIN_INPLAY_WEIGHTED_AVERAGE_PRICE_TAKEN,WIN_INPLAY_VOLUME,PLACE_BSP_VOLUME,PLACE_MAX_PRICE_TAKEN,PLACE_MIN_PRICE_TAKEN,PLACE_LAST_PRICE_TAKEN,PLACE_WEIGHTED_AVERAGE_PRICE_TAKEN,PLACE_PREPLAY_VOLUME,BEST_AVAIL_BACK_AT_SCHEDULED_OFF,BEST_AVAIL_LAY_AT_SCHEDULED_OFF,BACK_MARKET_PERCENTAGE_AT_SCHEDULED_OFF,LAY_MARKET_PERCENTAGE_AT_SCHEDULED_OFF
1/07/2021,11:09:00 AM,11:10:15 AM,Albion Park,QLD,1,184881635,R1 1660m Pace M,184881636,Harness,1660,Pace,36255337,1,Bellavictree,WINNER,3.03,WINNER,1.35,1584.34,3.6,2.84,2.88,3,3735.89,12.5,1.01,1.01,2.2,2279.52,1399.91,1.42,1.34,1.34,1.36,232.96,2.96,3.15,1.03,0.96
1/07/2021,11:09:00 AM,11:10:15 AM,Albion Park,QLD,1,184881635,R1 1660m Pace M,184881636,Harness,1660,Pace,40031617,2,Lil Miss Breezy,LOSER,203.83,LOSER,100.08,20.26,210,30,100,93.04,20.92,990,60,720,293.81,3.83,0.81,990,75,990,113.58,0.83,120,170,1.03,0.96
1/07/2021,11:09:00 AM,11:10:15 AM,Albion Park,QLD,1,184881635,R1 1660m Pace M,184881636,Harness,1660,Pace,40031618,3,Kalani,LOSER,6.6,LOSER,2.01,619.56,7,5.7,6.6,6.54,310.2,710,4.3,170,16.56,31.1,624.48,2.24,1.85,1.85,1.88,227.38,6.4,7,1.03,0.96
1/07/2021,11:09:00 AM,11:10:15 AM,Albion Park,QLD,1,184881635,R1 1660m Pace M,184881636,Harness,1660,Pace,28527658,4,Ballerini,LOSER,9.89,LOSER,2.92,422.28,11.5,4.5,10.5,9.42,478.41,710,6,710,43.65,63.3,752.45,2.96,2.2,2.94,2.61,68.46,9.6,10,1.03,0.96
1/07/2021,11:09:00 AM,11:10:15 AM,Albion Park,QLD,1,184881635,R1 1660m Pace M,184881636,Harness,1660,Pace,35421219,5,Valkyrie Hanover,LOSER,136.92,LOSER,28.25,45.87,130,30,110,108.16,11.62,990,110,990,175.26,6.97,,,,,,,95,140,1.03,0.96
1/07/2021,11:09:00 AM,11:10:15 AM,Albion Park,QLD,1,184881635,R1 1660m Pace M,184881636,Harness,1660,Pace,38196982,6,Studleigh Mark,LOSER,55,WINNER,6.12,108.36,160,30,50,57.29,63.27,710,11,710,46.91,54.22,215.68,8,7.2,7.2,7.63,52.28,60,80,1.03,0.96
1/07/2021,11:09:00 AM,11:10:15 AM,Albion Park,QLD,1,184881635,R1 1660m Pace M,184881636,Harness,1660,Pace,40031619,7,Inzanight,LOSER,51.03,LOSER,8.65,83.64,60,30,50,45.1,29.29,720,40,710,168.41,3.05,134.7,,,,,,48,50,1.03,0.96
1/07/2021,11:09:00 AM,11:10:15 AM,Albion Park,QLD,1,184881635,R1 1660m Pace M,184881636,Harness,1660,Pace,39428069,8,Come On Sloopy,LOSER,3.12,WINNER,1.41,1333.28,4.1,2.96,3.1,3.18,1396.55,710,1.29,690,3.99,181.26,716.56,1.62,1.36,1.39,1.39,187.73,3,3.15,1.03,0.96
1/07/2021,11:09:00 AM,11:10:15 AM,Albion Park,QLD,1,184881635,R1 1660m Pace M,184881636,Harness,1660,Pace,39951854,9,Innocent Heaven,LOSER,33.67,LOSER,5.92,129.78,40,24,29,30.8,64.69,710,15.5,710,37.61,38.35,200.92,3.95,3.95,3.95,3.95,5,27,30,1.03,0.96
1/07/2021,11:09:00 AM,11:10:15 AM,Albion Park,QLD,1,184881635,R1 1660m Pace M,184881636,Harness,1660,Pace,5891569,10,Wedding Night,LOSER,292.4,LOSER,31.62,10.39,170,30,130,158.7,2.8,990,250,990,313.07,10.92,12.7,,,,,,130,250,1.03,0.96
1/07/2021,11:35:00 AM,11:35:44 AM,Albion Park,QLD,2,184881637,R2 1660m Pace M,184881638,Harness,1660,Pace,25390588,1,Somewhereinheaven,LOSER,110,LOSER,43.63,49.53,120,30,95,61.41,21.38,940,110,940,403.46,1.16,41.88,85,40,50,43.56,1.7,95,130,1.03,0.99
1/07/2021,11:35:00 AM,11:35:44 AM,Albion Park,QLD,2,184881637,R2 1660m Pace M,184881638,Harness,1660,Pace,11044590,2,Pageantry,LOSER,5.9,LOSER,2.08,735.4,5.9,3.55,5.9,4.53,295.64,720,7.8,690,16.03,180.53,738.83,1.93,1.6,1.86,1.82,6.68,4.8,5,1.03,0.99
1/07/2021,11:35:00 AM,11:35:44 AM,Albion Park,QLD,2,184881637,R2 1660m Pace M,184881638,Harness,1660,Pace,19547585,3,Schooby,LOSER,19.29,LOSER,4.45,277.16,21,9.8,19,15.47,247.44,780,25,780,125.98,20.17,360.63,,,,,,17.5,20,1.03,0.99
1/07/2021,11:35:00 AM,11:35:44 AM,Albion Park,QLD,2,184881637,R2 1660m Pace M,184881638,Harness,1660,Pace,20027146,4,Tick Of The Clock,LOSER,5.16,WINNER,1.86,941.45,6.8,4.8,4.8,5.52,523.73,880,3.75,880,22.56,52.37,774.65,2.24,1.74,1.81,1.92,50.66,5.1,5.3,1.03,0.99
1/07/2021,11:35:00 AM,11:35:44 AM,Albion Park,QLD,2,184881637,R2 1660m Pace M,184881638,Harness,1660,Pace,17308111,5,Naughtyinheaven,LOSER,14.09,LOSER,3.46,336.86,14.5,7,14,11.77,407.88,150,5.3,110,7.36,446.84,404.14,3.45,3.3,3.3,3.3,3.94,13,13.5,1.03,0.99
1/07/2021,11:35:00 AM,11:35:44 AM,Albion Park,QLD,2,184881637,R2 1660m Pace M,184881638,Harness,1660,Pace,20358724,6,Gina Tarantella,LOSER,36,LOSER,11.88,209.72,42,14,42,22.66,623.14,920,44,920,126.47,8.59,98.59,25,4,8,8.14,274.02,14,15.5,1.03,0.99
1/07/2021,11:35:00 AM,11:35:44 AM,Albion Park,QLD,2,184881637,R2 1660m Pace M,184881638,Harness,1660,Pace,40031620,7,Trump Em Babe,WINNER,2.82,WINNER,1.47,1370.2,5.2,2.8,2.82,3.34,3857.96,3.05,1.01,1.11,1.19,3263.79,761.15,1.7,1.4,1.4,1.46,520.11,3.05,3.1,1.03,0.99
1/07/2021,11:35:00 AM,11:35:44 AM,Albion Park,QLD,2,184881637,R2 1660m Pace M,184881638,Harness,1660,Pace,38245484,8,Datsinahurri,LOSER,28.35,LOSER,7.57,143.96,48,27,28,35.67,70.94,720,46,710,125.12,5.55,158.97,,,,,,38,40,1.03,0.99
1/07/2021,11:35:00 AM,11:35:44 AM,Albion Park,QLD,2,184881637,R2 1660m Pace M,184881638,Harness,1660,Pace,36423382,9,Harry Croft,LOSER,26,WINNER,6.44,122.1,30,14.5,25,21.98,503.58,720,6,720,27.49,50,73.55,4.7,3.1,4.7,4.06,33.38,22,23,1.03,0.99
1/07/2021,11:35:00 AM,11:35:44 AM,Albion Park,QLD,2,184881637,R2 1660m Pace M,184881638,Harness,1660,Pace,25328557,10,The Last Dragon,LOSER,154.69,LOSER,49.48,44.34,160,30,140,104.87,31.56,960,330,960,596.87,1.09,40.24,,,,,,100,110,1.03,0.99
1/07/2021,12:07:00 PM,12:07:53 PM,Albion Park,QLD,3,184881639,R3 1660m Pace M,184881640,Harness,1660,Pace,40031621,1,Alex Tee,LOSER,10.41,WINNER,2.65,365.94,24,8.8,9.8,12.38,689.38,150,4.8,150,11.7,108.23,721.67,3.4,2.42,3,2.61,90.23,9.4,10.5,1.04,0.97
1/07/2021,12:07:00 PM,12:07:53 PM,Albion Park,QLD,3,184881639,R3 1660m Pace M,184881640,Harness,1660,Pace,40031622,2,Whata Optimist,LOSER,15.2,LOSER,4.65,314.22,32,15,16,17.01,511.14,720,11.5,710,68.16,31.7,328.82,3.85,3.6,3.6,3.71,33.66,15,16.5,1.04,0.97
1/07/2021,12:07:00 PM,12:07:53 PM,Albion Park,QLD,3,184881639,R3 1660m Pace M,184881640,Harness,1660,Pace,40031623,3,Bee A Blessing,WINNER,16.74,WINNER,3.65,305.2,30,8.8,14.5,13.2,1358.21,44,1.01,1.01,1.61,3158.45,209.73,3.55,3.1,3.55,3.29,53.15,14.5,15.5,1.04,0.97
1/07/2021,12:07:00 PM,12:07:53 PM,Albion Park,QLD,3,184881639,R3 1660m Pace M,184881640,Harness,1660,Pace,28266408,4,Heartbreak,LOSER,5,LOSER,1.94,529.14,30,4.5,5,5.49,3692.02,720,3.95,710,8.38,196.7,1392.16,2.14,1.94,1.97,2.05,295.43,5.9,6.2,1.04,0.97
1/07/2021,12:07:00 PM,12:07:53 PM,Albion Park,QLD,3,184881639,R3 1660m Pace M,184881640,Harness,1660,Pace,39951856,5,Sailor Girl,LOSER,5,LOSER,2,839.51,5,4.2,4.9,4.78,475.02,720,2.74,710,10.58,181.83,1257.15,2.02,1.91,1.95,1.94,181.72,4.7,4.9,1.04,0.97
1/07/2021,12:07:00 PM,12:07:53 PM,Albion Park,QLD,3,184881639,R3 1660m Pace M,184881640,Harness,1660,Pace,37798513,6,Bulldog Brawler,LOSER,34,LOSER,8.3,79.65,36,15.5,34,25.73,280.99,720,11,720,46.61,38.36,228.92,5.6,5.6,5.6,5.6,3.69,28,34,1.04,0.97
1/07/2021,12:07:00 PM,12:07:53 PM,Albion Park,QLD,3,184881639,R3 1660m Pace M,184881640,Harness,1660,Pace,36699892,7,Studleighs Only,LOSER,835.91,LOSER,101.59,5.17,990,30,530,774.96,5.44,340,340,340,340,0.06,19.23,,,,,,190,470,1.04,0.97
1/07/2021,12:07:00 PM,12:07:53 PM,Albion Park,QLD,3,184881639,R3 1660m Pace M,184881640,Harness,1660,Pace,13078270,8,Thats Funny,LOSER,80,LOSER,7.15,54.44,90,30,90,55.49,116.83,720,32,480,132.82,11.34,37.01,7.6,6.4,7.2,6.76,40,55,60,1.04,0.97
1/07/2021,12:07:00 PM,12:07:53 PM,Albion Park,QLD,3,184881639,R3 1660m Pace M,184881640,Harness,1660,Pace,35460705,9,Press Statement,LOSER,3.22,WINNER,1.51,862.98,3.35,2.18,3.35,2.93,3224.44,710,1.18,200,3.03,1738.66,1163.11,1.51,1.3,1.51,1.41,378.73,2.88,2.96,1.04,0.97
1/07/2021,12:07:00 PM,12:07:53 PM,Albion Park,QLD,3,184881639,R3 1660m Pace M,184881640,Harness,1660,Pace,40031624,10,One Hellava Party,LOSER,475.9,LOSER,101.06,18.07,370,30,370,208.64,18.73,990,95,620,351.06,13.83,19.72,180,90,180,101.49,0.47,210,390,1.04,0.97
1/07/2021,12:42:00 PM,12:43:00 PM,Albion Park,QLD,4,184881641,R4 1660m Pace M,184881642,Harness,1660,Pace,13042534,1,Tuakana,WINNER,5.48,WINNER,1.96,1077.19,5.8,4.3,5.3,5.03,2851.78,12,1.01,1.01,2.42,4591.5,911.62,1.94,1.83,1.91,1.88,295.86,5,5.4,1.03,0.98
1/07/2021,12:42:00 PM,12:43:00 PM,Albion Park,QLD,4,184881641,R4 1660m Pace M,184881642,Harness,1660,Pace,28274379,2,Melton Max Gentle,LOSER,89.82,LOSER,14.25,74.16,120,30,110,53.5,125.84,720,60,720,204.54,2.62,86.55,11,10,10.5,10.44,21,75,110,1.03,0.98
1/07/2021,12:42:00 PM,12:43:00 PM,Albion Park,QLD,4,184881641,R4 1660m Pace M,184881642,Harness,1660,Pace,11106310,3,Clares Fool,LOSER,120,LOSER,17.25,52.72,120,30,110,85.94,25.65,950,36,720,212.94,19.6,83.75,,,,,,95,100,1.03,0.98
1/07/2021,12:42:00 PM,12:43:00 PM,Albion Park,QLD,4,184881641,R4 1660m Pace M,184881642,Harness,1660,Pace,6061401,4,Alberio,LOSER,6.21,LOSER,2.56,781.66,10,5.3,6,6.34,2175.77,210,2,210,5.63,323.39,792,3.35,2.46,2.5,2.53,78.6,5.6,5.7,1.03,0.98
1/07/2021,12:42:00 PM,12:43:00 PM,Albion Park,QLD,4,184881641,R4 1660m Pace M,184881642,Harness,1660,Pace,10974853,5,Rowdys Ace,LOSER,60,LOSER,11.5,136.16,90,30,65,65.98,90.74,720,65,720,185.87,3.13,118.68,,,,,,65,70,1.03,0.98
1/07/2021,12:42:00 PM,12:43:00 PM,Albion Park,QLD,4,184881641,R4 1660m Pace M,184881642,Harness,1660,Pace,25130002,6,Shez Got Bling,LOSER,7.59,WINNER,2.6,599.35,8.2,5.4,7.4,7.07,1176.01,720,7.4,720,10.84,108.56,740.18,,,,,,7.8,8,1.03,0.98
1/07/2021,12:42:00 PM,12:43:00 PM,Albion Park,QLD,4,184881641,R4 1660m Pace M,184881642,Harness,1660,Pace,16883535,7,Major Lucky,LOSER,15,WINNER,4,379.89,19.5,13,15,14.61,574.84,720,13.5,720,16.78,182.46,447.18,4.3,3.75,3.75,4.21,60,14.5,15,1.03,0.98
1/07/2021,12:42:00 PM,12:43:00 PM,Albion Park,QLD,4,184881641,R4 1660m Pace M,184881642,Harness,1660,Pace,9343242,8,Rancho Man,LOSER,4.8,LOSER,1.91,863.38,7.6,4.6,4.8,5.31,2160.56,720,2.48,720,7.09,436.51,646.83,2.46,1.81,1.81,1.87,483.57,4.8,4.9,1.03,0.98
1/07/2021,12:42:00 PM,12:43:00 PM,Albion Park,QLD,4,184881641,R4 1660m Pace M,184881642,Harness,1660,Pace,13072850,9,High On Montana,LOSER,7.23,LOSER,2.42,625.67,12.5,6.8,7.2,7.52,1053.64,170,6.8,170,14.5,40.34,752.31,2.5,2.5,2.5,2.5,332.7,6.6,7.2,1.03,0.98
1/07/2021,12:42:00 PM,12:43:00 PM,Albion Park,QLD,4,184881641,R4 1660m Pace M,184881642,Harness,1660,Pace,9316660,10,Risky Buziness,LOSER,17,LOSER,4.15,434.12,19.5,5.7,17.5,8.75,3623.73,720,6.6,720,20.07,37.33,339.02,4.6,2.62,4,3.67,42.77,17.5,18.5,1.03,0.98
1/07/2021,1:17:00 PM,1:17:58 PM,Albion Park,QLD,5,184881643,R5 1660m Pace M,184881644,Harness,1660,Pace,18818437,1,Non Passare,LOSER,9.4,WINNER,2.37,577.31,18.5,7,7,10.3,1726.19,110,1.51,95,7.12,415.37,738.47,2.9,2.2,2.3,2.3,314.9,9.2,9.6,1.02,0.98
1/07/2021,1:17:00 PM,1:17:58 PM,Albion Park,QLD,5,184881643,R5 1660m Pace M,184881644,Harness,1660,Pace,23737176,2,Clarenden Dazzler,LOSER,7.4,LOSER,1.99,634.94,8.6,4.8,7,6.36,2148.12,720,7.4,170,24.54,335.03,851.21,2,1.79,1.94,1.92,108.76,6.6,6.8,1.02,0.98
1/07/2021,1:17:00 PM,1:17:58 PM,Albion Park,QLD,5,184881643,R5 1660m Pace M,184881644,Harness,1660,Pace,40031625,3,I Am Sparta,WINNER,2.57,WINNER,1.31,2905.29,7.2,1.61,2.14,1.97,16803.91,2.5,1.01,1.01,1.4,13605.06,1293.71,1.41,1.16,1.29,1.3,928.61,2.12,2.18,1.02,0.98
1/07/2021,1:17:00 PM,1:17:58 PM,Albion Park,QLD,5,184881643,R5 1660m Pace M,184881644,Harness,1660,Pace,13168269,4,Miss Fernandez,LOSER,188.21,LOSER,18.5,71.32,760,28,55,142.4,223.45,1000,80,1000,839.68,7.36,,28,6.6,28,7.98,17.46,50,60,1.02,0.98
1/07/2021,1:17:00 PM,1:17:58 PM,Albion Park,QLD,5,184881643,R5 1660m Pace M,184881644,Harness,1660,Pace,19976567,5,Tactfilly Magic,LOSER,32,LOSER,10,149.94,100,32,36,43.24,115.52,930,44,930,190.22,3.48,180.74,9,4.9,9,6.43,13.69,32,36,1.02,0.98
1/07/2021,1:17:00 PM,1:17:58 PM,Albion Park,QLD,5,184881643,R5 1660m Pace M,184881644,Harness,1660,Pace,34338326,6,Torque In Control,LOSER,18.43,LOSER,4.47,304.44,50,17.5,21,21.89,391.86,780,27,480,106.93,21.69,356.41,3.6,3.6,3.6,3.6,20,17.5,19.5,1.02,0.98
1/07/2021,1:17:00 PM,1:17:58 PM,Albion Park,QLD,5,184881643,R5 1660m Pace M,184881644,Harness,1660,Pace,24189686,7,The Casual Goose,LOSER,44,LOSER,7.7,123.31,70,34,44,46.8,122.73,780,17,780,74.28,26.2,34.2,4.8,4.7,4.8,4.75,5,40,44,1.02,0.98
1/07/2021,1:17:00 PM,1:17:58 PM,Albion Park,QLD,5,184881643,R5 1660m Pace M,184881644,Harness,1660,Pace,8387556,8,Rafferty Delights,LOSER,169.74,LOSER,11.64,45.81,480,140,170,202.23,30.53,1000,380,1000,681.6,0.94,74.08,14.5,9.6,9.6,12.43,25.85,190,350,1.02,0.98
1/07/2021,1:17:00 PM,1:17:58 PM,Albion Park,QLD,5,184881643,R5 1660m Pace M,184881644,Harness,1660,Pace,17971528,9,Scheu Creek,LOSER,6.45,WINNER,2.02,857.46,18.5,6.4,6.8,7.87,6071.3,720,7,720,25.36,81.26,843.12,2.2,1.99,2,2.03,95.81,7,7.2,1.02,0.98
1/07/2021,1:17:00 PM,1:17:58 PM,Albion Park,QLD,5,184881643,R5 1660m Pace M,184881644,Harness,1660,Pace,23390534,10,Jang Pel,LOSER,140,LOSER,399.3,46.57,230,55,140,99.32,98.75,720,120,720,425.54,1.61,,,,,,,100,130,1.02,0.98
1/07/2021,1:51:00 PM,1:51:51 PM,Albion Park,QLD,6,184881645,R6 1660m Pace M,184881646,Harness,1660,Pace,21208584,1,Doolittle Doozzie,LOSER,10.13,WINNER,2.18,837.84,15.5,6.2,9.8,8.37,7695.95,150,7,110,10.12,297.5,794.54,2.52,1.98,2.18,2.3,723.07,10.5,11,1.03,0.99
1/07/2021,1:51:00 PM,1:51:51 PM,Albion Park,QLD,6,184881645,R6 1660m Pace M,184881646,Harness,1660,Pace,28216362,2,Crown Mojo,LOSER,10.39,LOSER,2.52,502.85,11.5,7.4,9.4,9.08,1376.74,280,9.8,190,15.52,99.31,740.87,2.54,2.26,2.5,2.47,68.31,8.8,9,1.03,0.99
1/07/2021,1:51:00 PM,1:51:51 PM,Albion Park,QLD,6,184881645,R6 1660m Pace M,184881646,Harness,1660,Pace,28430022,3,Get Ready To Rock,WINNER,2.08,WINNER,1.29,2888.11,3.4,2,2.1,2.2,15529.84,5.6,1.04,1.05,1.6,2741.07,1248.94,1.34,1.21,1.3,1.28,1600.92,2.18,2.22,1.03,0.99
1/07/2021,1:51:00 PM,1:51:51 PM,Albion Park,QLD,6,184881645,R6 1660m Pace M,184881646,Harness,1660,Pace,27936817,4,Jaziah,LOSER,9.8,LOSER,2.64,690.65,15,9,9.6,9.69,841.66,280,9.4,190,27.74,58.44,709.82,3.05,2.62,2.66,2.69,26.57,9.4,9.8,1.03,0.99
1/07/2021,1:51:00 PM,1:51:51 PM,Albion Park,QLD,6,184881645,R6 1660m Pace M,184881646,Harness,1660,Pace,26709604,5,Barika,LOSER,10.62,LOSER,2.94,827.92,11,5,9.8,6.55,6293.71,190,6,190,10.83,232,560.5,2.98,2.08,2.94,2.74,275.19,9.2,9.6,1.03,0.99
1/07/2021,1:51:00 PM,1:51:51 PM,Albion Park,QLD,6,184881645,R6 1660m Pace M,184881646,Harness,1660,Pace,8984493,6,Ashkii,LOSER,126.56,LOSER,17.99,74.74,150,80,110,97.9,51.27,720,120,700,183.15,8.43,67.96,12.5,11.5,11.5,12.36,5,80,90,1.03,0.99
1/07/2021,1:51:00 PM,1:51:51 PM,Albion Park,QLD,6,184881645,R6 1660m Pace M,184881646,Harness,1660,Pace,31078438,7,My Ultimate Clippa,LOSER,377.8,LOSER,92.22,24.89,450,140,370,188.85,24.67,980,370,850,605.93,2.31,9.95,,,,,,130,380,1.03,0.99
1/07/2021,1:51:00 PM,1:51:51 PM,Albion Park,QLD,6,184881645,R6 1660m Pace M,184881646,Harness,1660,Pace,19087889,8,My China Doll,LOSER,42.83,LOSER,6.11,109.78,70,29,34,42.14,258.89,720,2.46,2.46,44.37,26.17,280.65,6.2,5.6,6,5.94,203.12,34,38,1.03,0.99
1/07/2021,1:51:00 PM,1:51:51 PM,Albion Park,QLD,6,184881645,R6 1660m Pace M,184881646,Harness,1660,Pace,28110235,9,My Ultimate Bondi,LOSER,32.25,WINNER,5.1,304.38,44,20,29,25.77,249.33,300,1.46,14.5,10.89,150.68,289.98,6.2,4.6,4.7,4.9,74.6,23,26,1.03,0.99
1/07/2021,1:51:00 PM,1:51:51 PM,Albion Park,QLD,6,184881645,R6 1660m Pace M,184881646,Harness,1660,Pace,28727721,10,Guido Da Siena,LOSER,22.41,LOSER,4.53,260.13,22,7.4,21,16.65,570.55,65,7.8,65,27.78,90.77,387.04,4.5,3.6,4.5,3.96,74.88,18,19.5,1.03,0.99
1/07/2021,2:37:00 PM,2:37:52 PM,Albion Park,QLD,7,184881647,R7 1660m Pace M,184881648,Harness,1660,Pace,11018935,1,Barkway Arnold,LOSER,3.77,WINNER,1.72,1760.96,5.4,3.6,4,4.32,2965.49,1000,1.5,1000,6.47,2281.6,1072.88,1.78,1.67,1.74,1.72,629.87,4.5,4.7,1.04,0.97
1/07/2021,2:37:00 PM,2:37:52 PM,Albion Park,QLD,7,184881647,R7 1660m Pace M,184881648,Harness,1660,Pace,40031626,2,Street Writer,LOSER,15.25,LOSER,35.44,311.51,18,12,17.5,14.5,549.43,780,9,780,24.56,97.12,52.49,4.3,4.2,4.3,4.2,103.69,14.5,15.5,1.04,0.97
1/07/2021,2:37:00 PM,2:37:52 PM,Albion Park,QLD,7,184881647,R7 1660m Pace M,184881648,Harness,1660,Pace,27885706,3,Hes Sweet,LOSER,4.94,LOSER,2.12,1025.93,6,2.88,5.2,5.15,1552.75,720,3.2,280,9.57,355.3,850.45,2.26,2.08,2.1,2.14,135.54,5.5,5.9,1.04,0.97
1/07/2021,2:37:00 PM,2:37:52 PM,Albion Park,QLD,7,184881647,R7 1660m Pace M,184881648,Harness,1660,Pace,28737950,4,My Ultimate Louie,LOSER,8.35,LOSER,2.23,398.25,24,7.6,8,10.98,1591.27,910,7.8,910,41.74,155.85,325.05,3.05,2.02,2.66,2.57,756.27,8.8,9.2,1.04,0.97
1/07/2021,2:37:00 PM,2:37:52 PM,Albion Park,QLD,7,184881647,R7 1660m Pace M,184881648,Harness,1660,Pace,13488557,5,Mach Torque,LOSER,13.19,LOSER,3.18,340.08,25,12.5,13,14.88,507.62,910,23,720,94.03,36.64,384.41,,,,,,12.5,14.5,1.04,0.97
1/07/2021,2:37:00 PM,2:37:52 PM,Albion Park,QLD,7,184881647,R7 1660m Pace M,184881648,Harness,1660,Pace,8495080,6,Cashwrangs Smoker,LOSER,26,LOSER,6.85,272.42,80,23,26,34.41,106.53,940,10.5,940,55.46,28.61,186.8,7.2,6.2,6.2,6.91,14.19,25,26,1.04,0.97
1/07/2021,2:37:00 PM,2:37:52 PM,Albion Park,QLD,7,184881647,R7 1660m Pace M,184881648,Harness,1660,Pace,25178691,7,El Aguila,WINNER,7.05,WINNER,2.52,539.6,7.8,5.9,7,6.4,1337.48,23,1.01,1.01,1.59,2486.05,509.06,2.82,2.46,2.52,2.49,11.58,6,6.4,1.04,0.97
1/07/2021,2:37:00 PM,2:37:52 PM,Albion Park,QLD,7,184881647,R7 1660m Pace M,184881648,Harness,1660,Pace,8217282,8,Subtle Advice,LOSER,29.7,LOSER,5.3,427.63,36,17.5,34,23.66,136.13,720,9.6,720,23.61,165.13,,4.8,4.6,4.8,4.7,72.75,25,28,1.04,0.97
1/07/2021,2:37:00 PM,2:37:52 PM,Albion Park,QLD,7,184881647,R7 1660m Pace M,184881648,Harness,1660,Pace,22136717,9,Betterthanspraying,LOSER,11.02,LOSER,3.44,351.35,12,7.4,10,9.5,1431.92,780,5,780,19.12,102.39,568.38,3.25,2.82,2.82,2.84,100.04,8.8,9.4,1.04,0.97
1/07/2021,2:37:00 PM,2:37:52 PM,Albion Park,QLD,7,184881647,R7 1660m Pace M,184881648,Harness,1660,Pace,13370645,10,Courageous Leo,LOSER,181.4,WINNER,930,32.04,160,100,160,125.08,33.61,960,12,960,78.32,24.96,0.04,930,930,930,930,0.06,100,130,1.04,0.97
1/07/2021,3:15:00 PM,3:16:23 PM,Albion Park,QLD,8,184881649,R8 2138m Pace M,184881650,Harness,2138,Pace,24540358,1,Imfeelingit,LOSER,8.23,WINNER,2.52,548.05,9.4,3.55,8.4,7.76,1765.24,480,1.11,380,3.78,1515.96,460.26,2.7,2.56,2.68,2.62,73.95,8.4,8.8,1.02,0.98
1/07/2021,3:15:00 PM,3:16:23 PM,Albion Park,QLD,8,184881649,R8 2138m Pace M,184881650,Harness,2138,Pace,28420087,2,Slick Blaster,WINNER,12.12,WINNER,3.75,411.29,13.5,7.4,12,11.06,768.66,80,1.01,1.01,3.44,1909.89,172.38,,,,,,10,10.5,1.02,0.98
1/07/2021,3:15:00 PM,3:16:23 PM,Albion Park,QLD,8,184881649,R8 2138m Pace M,184881650,Harness,2138,Pace,9891632,3,Kotare York,LOSER,128.76,LOSER,88.11,63.57,170,90,110,122.96,52.39,720,25,700,101,13.26,0.57,90,10,90,12.97,30.32,130,160,1.02,0.98
1/07/2021,3:15:00 PM,3:16:23 PM,Albion Park,QLD,8,184881649,R8 2138m Pace M,184881650,Harness,2138,Pace,28631045,4,Cala Jane,LOSER,8.81,LOSER,2.59,696.01,10.5,5.1,9,6.7,1381.99,720,5.2,720,20.09,108.64,498.27,2.4,2.12,2.4,2.28,47.46,6.4,6.6,1.02,0.98
1/07/2021,3:15:00 PM,3:16:23 PM,Albion Park,QLD,8,184881649,R8 2138m Pace M,184881650,Harness,2138,Pace,12675247,5,So Bobs Your Uncle,LOSER,29,LOSER,6.8,270.68,95,26,29,35.11,278.78,720,27,720,101.19,14.32,265.62,9,6.2,6.2,8.11,66.93,27,30,1.02,0.98
1/07/2021,3:15:00 PM,3:16:23 PM,Albion Park,QLD,8,184881649,R8 2138m Pace M,184881650,Harness,2138,Pace,12586631,6,Whostolemypigeon,LOSER,40,LOSER,10,186.37,100,40,40,55.72,97.07,720,55,300,146.47,7.07,127.92,,,,,,50,60,1.02,0.98
1/07/2021,3:15:00 PM,3:16:23 PM,Albion Park,QLD,8,184881649,R8 2138m Pace M,184881650,Harness,2138,Pace,5196442,7,Major Score,LOSER,78.36,LOSER,23.51,122.3,380,75,80,99.1,57.55,730,220,730,289.69,1.52,37.94,24,14,24,17.96,11.46,95,100,1.02,0.98
1/07/2021,3:15:00 PM,3:16:23 PM,Albion Park,QLD,8,184881649,R8 2138m Pace M,184881650,Harness,2138,Pace,10147775,8,Fire And Ice,LOSER,12.75,WINNER,3.3,1033.02,21,6.4,13,9.06,10532.26,720,2.96,720,27.05,118.49,469.95,3.5,2.92,3.1,3.13,22.02,11,11.5,1.02,0.98
1/07/2021,3:15:00 PM,3:16:23 PM,Albion Park,QLD,8,184881649,R8 2138m Pace M,184881650,Harness,2138,Pace,38139128,9,Lord Digby,LOSER,3.33,LOSER,1.55,2370.53,4.3,3.1,3.35,3.39,4786.35,280,1.16,280,3.6,775.56,1093.43,1.67,1.53,1.59,1.59,281.28,3.5,3.55,1.02,0.98
1/07/2021,3:15:00 PM,3:16:23 PM,Albion Park,QLD,8,184881649,R8 2138m Pace M,184881650,Harness,2138,Pace,26709702,10,Colonel Joy,LOSER,42.59,LOSER,458.3,187.72,100,38,40,48.92,160.27,720,24,380,95.39,12.19,,,,,,,48,55,1.02,0.98
1/07/2021,3:15:00 PM,3:16:23 PM,Albion Park,QLD,8,184881649,R8 2138m Pace M,184881650,Harness,2138,Pace,25673986,11,Glenledi Boy,LOSER,5.13,LOSER,2.26,1180,12.5,5,5.1,6.26,2777.16,480,1.58,480,14.49,233.65,1301.52,2.54,2.08,2.2,2.2,281.61,5.7,5.9,1.02,0.98
1/07/2021,3:50:00 PM,3:51:04 PM,Albion Park,QLD,9,184881651,R9 1660m Pace M,184881652,Harness,1660,Pace,151941,1,Blue Moon Rising,LOSER,2.62,WINNER,1.44,3925.56,4.1,2.64,2.86,3.12,6233.23,3,1.03,1.07,1.67,1520.32,1157.32,2.28,1.44,1.45,1.59,798.57,3,3.1,1.03,0.99
1/07/2021,3:50:00 PM,3:51:04 PM,Albion Park,QLD,9,184881651,R9 1660m Pace M,184881652,Harness,1660,Pace,11613526,2,So Kool Master,LOSER,14.2,LOSER,3.1,337.85,14,10,12.5,12.33,582.04,190,7.2,190,41.65,59.99,556.55,2.96,2.96,2.96,2.96,10,11.5,12,1.03,0.99
1/07/2021,3:50:00 PM,3:51:04 PM,Albion Park,QLD,9,184881651,R9 1660m Pace M,184881652,Harness,1660,Pace,28430637,3,Feels Lika Winner,LOSER,6.84,LOSER,2.19,662.84,6.2,4.9,6.2,5.53,624.37,120,2.82,48,4.34,813.37,691.4,,,,,,5.8,6,1.03,0.99
1/07/2021,3:50:00 PM,3:51:04 PM,Albion Park,QLD,9,184881651,R9 1660m Pace M,184881652,Harness,1660,Pace,25797098,4,Having The Faith,LOSER,19.5,LOSER,4.89,282.15,21,16.5,21,19.81,131.48,910,18,780,172.07,11.2,368.08,,,,,,19.5,20,1.03,0.99
1/07/2021,3:50:00 PM,3:51:04 PM,Albion Park,QLD,9,184881651,R9 1660m Pace M,184881652,Harness,1660,Pace,23519733,5,Goddess Jujon,LOSER,32,LOSER,6.45,128.97,46,25,28,30.6,128.45,500,44,300,87.98,7.46,128.6,,,,,,30,32,1.03,0.99
1/07/2021,3:50:00 PM,3:51:04 PM,Albion Park,QLD,9,184881651,R9 1660m Pace M,184881652,Harness,1660,Pace,4080681,6,Dapper,LOSER,10.5,LOSER,3.69,525.84,11.5,7,11.5,8.77,687.85,170,6.6,120,16.38,95.56,587.5,3.7,2.14,3.7,2.99,90.55,8.4,8.6,1.03,0.99
1/07/2021,3:50:00 PM,3:51:04 PM,Albion Park,QLD,9,184881651,R9 1660m Pace M,184881652,Harness,1660,Pace,10729049,7,Whiskey Blaze,LOSER,55,LOSER,10.3,104.73,90,55,65,67.09,64.22,720,50,720,110.85,11.46,173.88,10.5,8.4,10.5,9.08,21.95,65,75,1.03,0.99
1/07/2021,3:50:00 PM,3:51:04 PM,Albion Park,QLD,9,184881651,R9 1660m Pace M,184881652,Harness,1660,Pace,40031627,8,The Croupier,WINNER,8.52,WINNER,2.59,460.34,9.6,7.2,8.4,7.97,430.12,80,2.64,55,16.46,54.31,508.61,2.6,2.4,2.4,2.49,211.1,8.6,9,1.03,0.99
1/07/2021,3:50:00 PM,3:51:04 PM,Albion Park,QLD,9,184881651,R9 1660m Pace M,184881652,Harness,1660,Pace,12730205,9,Bella Ball Terror,LOSER,21,LOSER,6.4,257.07,20,12,20,17.5,243.13,720,3.9,150,37.17,81.02,227.36,5,3.1,5,3.56,25.37,18,20,1.03,0.99
1/07/2021,3:50:00 PM,3:51:04 PM,Albion Park,QLD,9,184881651,R9 1660m Pace M,184881652,Harness,1660,Pace,24706591,10,Much Bettor,LOSER,25.78,WINNER,8.15,185.51,110,21,25,23.05,190.98,300,9.6,110,29.56,27.69,,,,,,,22,24,1.03,0.99
1/07/2021,5:54:00 PM,5:55:01 PM,Ballarat,VIC,1,184893787,R1 2200m Trot M,184893788,Harness,2200,Trot,35833987,2,Queen Invasion,WINNER,1.41,WINNER,1.09,10103.33,1.67,1.32,1.43,1.42,28039.65,2,1.01,1.01,1.21,9186.97,39.38,1.1,1.06,1.1,1.09,683.46,1.43,1.44,1.02,0.99
1/07/2021,5:54:00 PM,5:55:01 PM,Ballarat,VIC,1,184893787,R1 2200m Trot M,184893788,Harness,2200,Trot,37922961,3,Could Dowitharain,LOSER,36.35,WINNER,2.4,217.79,55,22,32,28.37,223.71,140,16.5,75,40.2,37.94,682.94,3.25,2.32,2.38,2.4,579.24,27,30,1.02,0.99
1/07/2021,5:54:00 PM,5:55:01 PM,Ballarat,VIC,1,184893787,R1 2200m Trot M,184893788,Harness,2200,Trot,40031639,4,Sovereign Tiger,LOSER,6.18,WINNER,1.33,683.86,9.6,5.9,5.9,6.56,1556.1,670,2.1,670,8.5,178.99,1337.3,1.52,1.32,1.32,1.37,176.26,6.4,6.8,1.02,0.99
1/07/2021,5:54:00 PM,5:55:01 PM,Ballarat,VIC,1,184893787,R1 2200m Trot M,184893788,Harness,2200,Trot,40031640,5,Parisian Bandit,LOSER,55,LOSER,3.31,186.67,55,34,46,42.9,141.45,780,40,780,255.01,6.21,568.06,4.1,3,3.35,3.3,241.26,38,42,1.02,0.99
1/07/2021,5:54:00 PM,5:55:01 PM,Ballarat,VIC,1,184893787,R1 2200m Trot M,184893788,Harness,2200,Trot,40031641,6,Unspoken Love,LOSER,11.5,LOSER,1.64,476,11.5,6.6,11,10.12,922.72,890,8.2,250,23.93,117.77,1538.66,1.66,1.46,1.65,1.62,321.9,10,10.5,1.02,0.99
1/07/2021,6:33:00 PM,6:33:47 PM,Ballarat,VIC,2,184893789,R2 2200m Trot S,184893790,Harness,2200,Trot,24239503,1,Bacardi Bindi,LOSER,7.55,LOSER,2.6,2704.41,9.8,5.3,8.2,8.31,1477.99,880,4.8,880,17.9,404.3,712.42,2.74,1.75,2.6,2.5,451.49,8.4,8.6,1.02,0.97
1/07/2021,6:33:00 PM,6:33:47 PM,Ballarat,VIC,2,184893789,R2 2200m Trot S,184893790,Harness,2200,Trot,17971530,2,Shield Maiden,LOSER,6.04,WINNER,2.16,1012.36,10.5,5.6,5.6,6.69,1338.03,110,2.4,100,17.8,193.73,828.38,2.28,2.1,2.1,2.17,84.15,6.2,6.4,1.02,0.97
1/07/2021,6:33:00 PM,6:33:47 PM,Ballarat,VIC,2,184893789,R2 2200m Trot S,184893790,Harness,2200,Trot,12418340,3,Bad Boy Jay Jay,LOSER,60.54,LOSER,10.36,131.09,95,34,60,66.91,80.2,930,10.5,930,66.52,52.94,142.32,,,,,,70,90,1.02,0.97
1/07/2021,6:33:00 PM,6:33:47 PM,Ballarat,VIC,2,184893789,R2 2200m Trot S,184893790,Harness,2200,Trot,24645366,4,Dream Over,LOSER,5.21,LOSER,2.09,3022.06,6.8,4,5.4,5.27,4032.35,1000,4,1000,21.14,304.09,1488.57,2.14,1.78,2.06,2.05,231.99,5.8,5.9,1.02,0.97
1/07/2021,6:33:00 PM,6:33:47 PM,Ballarat,VIC,2,184893789,R2 2200m Trot S,184893790,Harness,2200,Trot,8011305,6,Jaden Gil,WINNER,5.82,WINNER,2.01,1337.53,16.5,4.8,5.6,5.71,3967.1,5.9,1.01,1.01,1.6,3175.46,1323.64,2.2,1.88,2.02,1.96,410.96,5.1,5.3,1.02,0.97
1/07/2021,6:33:00 PM,6:33:47 PM,Ballarat,VIC,2,184893789,R2 2200m Trot S,184893790,Harness,2200,Trot,12531039,7,From The West,LOSER,5.08,LOSER,2.16,2951.98,8.2,5,5.3,5.59,1706.34,720,3,720,7.32,320.52,813.8,2.44,1.96,2.14,2.19,275.25,5.2,5.4,1.02,0.97
1/07/2021,6:33:00 PM,6:33:47 PM,Ballarat,VIC,2,184893789,R2 2200m Trot S,184893790,Harness,2200,Trot,722133,8,Elegant Jet,LOSER,18.2,LOSER,4.04,388.26,18,7.4,16.5,15.09,636.37,720,3,250,12.51,113.56,458.74,4.7,3.95,4.7,4.09,10.8,15,16.5,1.02,0.97
1/07/2021,6:33:00 PM,6:33:47 PM,Ballarat,VIC,2,184893789,R2 2200m Trot S,184893790,Harness,2200,Trot,38868759,9,Sun Body,LOSER,13.17,WINNER,2.92,525.63,12.5,5.3,11.5,9.71,730.05,250,3.05,250,10.12,167.9,585.33,2.88,2.14,2.76,2.8,469.1,10.5,11.5,1.02,0.97
1/07/2021,7:00:00 PM,7:00:50 PM,Ballarat,VIC,3,184893791,R3 1710m Pace M,184893792,Harness,1710,Pace,40031643,1,Merolamagic,LOSER,5.89,LOSER,2.71,807.84,16.5,4.6,5.6,6.48,5322.08,720,5.8,220,12.81,197.72,684.37,5.8,2.06,2.28,2.35,106.55,4.9,5.1,1.03,0.99
1/07/2021,7:00:00 PM,7:00:50 PM,Ballarat,VIC,3,184893791,R3 1710m Pace M,184893792,Harness,1710,Pace,40031644,2,Tommy Bligh,LOSER,9.4,WINNER,3.95,466.63,36,6.4,8.8,10.91,2707.24,720,7,720,18.01,96.24,152.46,3.7,3.35,3.35,3.48,36.87,8.8,9.2,1.03,0.99
1/07/2021,7:00:00 PM,7:00:50 PM,Ballarat,VIC,3,184893791,R3 1710m Pace M,184893792,Harness,1710,Pace,38320391,3,Onwatch,WINNER,1.68,WINNER,1.38,3884.61,1.96,1.48,1.77,1.71,16194.59,1.8,1.01,1.01,1.24,6756.42,1116.35,1.4,1.19,1.4,1.32,237.32,1.78,1.83,1.03,0.99
1/07/2021,7:00:00 PM,7:00:50 PM,Ballarat,VIC,3,184893791,R3 1710m Pace M,184893792,Harness,1710,Pace,36833180,4,Cash Boost,LOSER,180.33,LOSER,97.45,28.17,250,46,240,127.13,45.05,940,180,700,403.35,7.04,20.13,180,90,90,96.99,0.51,130,220,1.03,0.99
1/07/2021,7:00:00 PM,7:00:50 PM,Ballarat,VIC,3,184893791,R3 1710m Pace M,184893792,Harness,1710,Pace,40031645,5,Amphijet,LOSER,21.77,LOSER,7.35,346.99,38,17,21,20.02,261.25,910,12,170,35.08,68.9,214.18,5.4,5.4,5.4,5.4,5,18.5,21,1.03,0.99
1/07/2021,7:00:00 PM,7:00:50 PM,Ballarat,VIC,3,184893791,R3 1710m Pace M,184893792,Harness,1710,Pace,40031646,6,La Mesh,LOSER,11.82,LOSER,4.2,428.7,17,4.2,13.5,12.13,817.94,720,10.5,720,20.55,180.14,126.09,4.2,4.1,4.1,4.12,37,13,14,1.03,0.99
1/07/2021,7:00:00 PM,7:00:50 PM,Ballarat,VIC,3,184893791,R3 1710m Pace M,184893792,Harness,1710,Pace,38761718,7,Classy Countess,LOSER,60,LOSER,22.2,119.02,70,34,70,55.11,97.57,920,85,920,166.97,4.52,31.68,12,8.8,12,10.17,11.22,60,70,1.03,0.99
1/07/2021,7:30:00 PM,7:30:39 PM,Ballarat,VIC,4,184893793,R4 2200m Trot S,184893794,Harness,2200,Trot,12748738,1,Jack Of The Green,LOSER,65,WINNER,8.05,187.24,250,55,65,119.1,205.15,920,25,860,55.87,46.83,182.02,13,10,10,10.51,39.99,50,55,1.02,0.99
1/07/2021,7:30:00 PM,7:30:39 PM,Ballarat,VIC,4,184893793,R4 2200m Trot S,184893794,Harness,2200,Trot,36037023,2,Caledonian Spirit,LOSER,8.6,LOSER,2.89,894.05,18,7.2,8.8,9.42,3820.82,720,5.9,720,12.72,233.1,599.97,2.96,2.96,2.96,2.96,2.3,8.8,9,1.02,0.99
1/07/2021,7:30:00 PM,7:30:39 PM,Ballarat,VIC,4,184893793,R4 2200m Trot S,184893794,Harness,2200,Trot,7630793,3,Girls Go First,LOSER,18.63,LOSER,4.55,308.03,36,15.5,17,19.36,458.26,730,6.4,570,35.94,108.42,277.64,5.7,4.3,4.4,5.22,58.35,17,18,1.02,0.99
1/07/2021,7:30:00 PM,7:30:39 PM,Ballarat,VIC,4,184893793,R4 2200m Trot S,184893794,Harness,2200,Trot,40031647,4,Hammer Son,LOSER,5.42,LOSER,2.24,1027.8,6.2,4,5.5,5.2,2195.52,880,2,880,5.36,1109.05,432.73,2.28,1.78,2.28,2.17,124.87,5.1,5.2,1.02,0.99
1/07/2021,7:30:00 PM,7:30:39 PM,Ballarat,VIC,4,184893793,R4 2200m Trot S,184893794,Harness,2200,Trot,222546,5,Loose Cash,LOSER,17,LOSER,4.2,627.78,18.5,7.6,16.5,10.25,7253.49,890,4.9,720,44.21,88.84,424.52,3.95,2.62,3.95,3.09,78.79,17,18.5,1.02,0.99
1/07/2021,7:30:00 PM,7:30:39 PM,Ballarat,VIC,4,184893793,R4 2200m Trot S,184893794,Harness,2200,Trot,28329794,6,Rymes,LOSER,23.64,LOSER,6.35,350.1,26,9.2,24,20.69,561.58,910,19,560,36.84,125.24,255.79,,,,,,22,23,1.02,0.99
1/07/2021,7:30:00 PM,7:30:39 PM,Ballarat,VIC,4,184893793,R4 2200m Trot S,184893794,Harness,2200,Trot,27391390,7,Savvy Kyvalley,LOSER,11.5,LOSER,3.02,440.43,15,5.2,12,9.48,2170.56,880,11.5,880,52.67,54.46,479.76,3.15,2.02,3.1,2.81,31.16,13,13.5,1.02,0.99
1/07/2021,7:30:00 PM,7:30:39 PM,Ballarat,VIC,4,184893793,R4 2200m Trot S,184893794,Harness,2200,Trot,8600384,8,Columbias Deejay,LOSER,4.8,WINNER,2.12,1073.04,16.5,4.3,4.8,6.56,7991.27,110,1.05,110,2.18,1920.02,1302.35,2.46,1.8,2.16,2.07,452.2,4.6,4.7,1.02,0.99
1/07/2021,7:30:00 PM,7:30:39 PM,Ballarat,VIC,4,184893793,R4 2200m Trot S,184893794,Harness,2200,Trot,35090165,9,Homonym,WINNER,4.04,WINNER,1.9,1771.27,8,3.45,4.1,4.59,7685.54,7.6,1.01,1.01,2.61,2029.77,597.41,2.12,1.87,1.92,1.94,199.27,4.3,4.4,1.02,0.99
1/07/2021,8:04:00 PM,8:04:48 PM,Ballarat,VIC,5,184893795,R5 1710m Pace M,184893796,Harness,1710,Pace,40031648,1,Flying Art,LOSER,4.2,WINNER,1.68,3587.18,5,2.28,4.5,4.16,5644.11,770,2.02,290,5.69,604.87,849.55,1.9,1.38,1.68,1.6,365.37,4.8,5,1.04,0.99
1/07/2021,8:04:00 PM,8:04:48 PM,Ballarat,VIC,5,184893795,R5 1710m Pace M,184893796,Harness,1710,Pace,23483798,2,Caledonian Terra,LOSER,311.13,LOSER,21.25,58.7,350,50,350,223.71,38.46,1000,65,410,328.7,31.37,82.44,16.5,16.5,16.5,16.5,5,250,260,1.04,0.99
1/07/2021,8:04:00 PM,8:04:48 PM,Ballarat,VIC,5,184893795,R5 1710m Pace M,184893796,Harness,1710,Pace,28143702,3,Euroking,LOSER,4.43,LOSER,1.77,3083.76,5.7,2.92,4.5,4.63,3532.09,770,2.66,770,4.14,1158.33,982.08,1.81,1.53,1.76,1.77,161.79,4.8,4.9,1.04,0.99
1/07/2021,8:04:00 PM,8:04:48 PM,Ballarat,VIC,5,184893795,R5 1710m Pace M,184893796,Harness,1710,Pace,37017062,4,Cheddar Valley,LOSER,5.09,LOSER,1.8,1001.12,13,4.2,4.9,5.29,7752.91,770,2.38,290,13.19,346.86,898.46,2.06,1.82,1.83,1.82,13.59,4.5,4.7,1.04,0.99
1/07/2021,8:04:00 PM,8:04:48 PM,Ballarat,VIC,5,184893795,R5 1710m Pace M,184893796,Harness,1710,Pace,40031649,5,Dancing Finn,WINNER,3.76,WINNER,1.85,2630.2,12,3.75,3.85,4.47,4716.28,16.5,1.01,1.05,2.44,3033.98,1915.32,2.66,1.6,2.64,1.74,302.69,3.8,3.9,1.04,0.99
1/07/2021,8:04:00 PM,8:04:48 PM,Ballarat,VIC,5,184893795,R5 1710m Pace M,184893796,Harness,1710,Pace,21444769,6,Clem Mcardle,LOSER,115.73,LOSER,14.75,67.59,130,50,120,84.99,61.36,770,120,770,470.52,2.41,56.52,11.5,9.6,11.5,10.55,39.48,95,110,1.04,0.99
1/07/2021,8:04:00 PM,8:04:48 PM,Ballarat,VIC,5,184893795,R5 1710m Pace M,184893796,Harness,1710,Pace,23681583,7,Rock On Playboy,LOSER,41,LOSER,8.12,207.53,95,36,42,44.27,243.44,770,17,300,47.36,57.21,202.61,,,,,,42,46,1.04,0.99
1/07/2021,8:04:00 PM,8:04:48 PM,Ballarat,VIC,5,184893795,R5 1710m Pace M,184893796,Harness,1710,Pace,26070468,8,Image Of Starzzz,LOSER,47.44,LOSER,7.8,165.35,85,34,55,42.89,118.88,770,32,770,85.97,13.67,226.48,6.4,6.4,6.4,6.4,5,44,55,1.04,0.99
1/07/2021,8:04:00 PM,8:04:48 PM,Ballarat,VIC,5,184893795,R5 1710m Pace M,184893796,Harness,1710,Pace,9157130,9,Chief Safari,LOSER,375.28,LOSER,42.27,54.38,770,75,490,343.86,37.19,1000,230,1000,469.06,20.23,50.42,,,,,,220,500,1.04,0.99
1/07/2021,8:04:00 PM,8:04:48 PM,Ballarat,VIC,5,184893795,R5 1710m Pace M,184893796,Harness,1710,Pace,40031650,10,Common Courtesy,LOSER,19.85,WINNER,3.72,532.37,44,11,20,14.01,6675.01,110,2.48,85,4.46,974.66,433.42,3.95,3.6,3.7,3.74,402.59,14.5,16,1.04,0.99
1/07/2021,8:30:00 PM,8:31:10 PM,Ballarat,VIC,6,184893797,R6 2200m Pace M,184893798,Harness,2200,Pace,25011253,1,Vallani Magic,LOSER,19.9,LOSER,3.1,346.36,32,15.5,19.5,18.73,731.88,910,11.5,380,39.94,128.39,559.94,3.35,2.9,2.98,3.05,98.85,15.5,17,1.02,0.99
1/07/2021,8:30:00 PM,8:31:10 PM,Ballarat,VIC,6,184893797,R6 2200m Pace M,184893798,Harness,2200,Pace,23783459,2,Joice Mary,LOSER,58.45,LOSER,8.1,112.3,240,36,48,56.61,118.7,990,55,990,211.82,12.82,188.47,7.2,7.2,7.2,7.2,0.16,60,65,1.02,0.99
1/07/2021,8:30:00 PM,8:31:10 PM,Ballarat,VIC,6,184893797,R6 2200m Pace M,184893798,Harness,2200,Pace,28304085,3,I Am Marquez,WINNER,2.58,WINNER,1.36,2222.32,4.51,2.46,2.6,2.66,12621.39,5.8,1.01,1.01,1.7,4276.9,858.29,1.38,1.29,1.38,1.33,299.5,2.48,2.52,1.02,0.99
1/07/2021,8:30:00 PM,8:31:10 PM,Ballarat,VIC,6,184893797,R6 2200m Pace M,184893798,Harness,2200,Pace,13023696,5,Shady Dancer,LOSER,8.92,WINNER,2.32,724.97,24,7.8,8.6,9.9,6752.9,110,4.2,100,11.74,138.25,857.18,2.38,2.26,2.36,2.34,25.85,8.8,9,1.02,0.99
1/07/2021,8:30:00 PM,8:31:10 PM,Ballarat,VIC,6,184893797,R6 2200m Pace M,184893798,Harness,2200,Pace,27744224,6,Surfsup Tigerpie,LOSER,27.62,LOSER,4.7,320.47,55,24,28,28.37,278.49,720,9,720,26.51,84.21,285.73,3.9,3.65,3.9,3.66,10,26,27,1.02,0.99
1/07/2021,8:30:00 PM,8:31:10 PM,Ballarat,VIC,6,184893797,R6 2200m Pace M,184893798,Harness,2200,Pace,40031651,7,Balenciago,LOSER,3.04,LOSER,1.48,1634.12,3.5,1.82,3.05,3,7556.17,720,1.29,140,3.77,830.08,1036.31,1.56,1.23,1.52,1.44,531.52,3.25,3.35,1.02,0.99
1/07/2021,8:30:00 PM,8:31:10 PM,Ballarat,VIC,6,184893797,R6 2200m Pace M,184893798,Harness,2200,Pace,19769491,8,Searover,LOSER,13.49,LOSER,2.58,838.39,34,9.2,14.5,12.4,6127.52,720,13,140,24.66,104.93,537.84,3.1,2.38,2.64,2.7,188.99,16.5,17.5,1.02,0.99
1/07/2021,8:30:00 PM,8:31:10 PM,Ballarat,VIC,6,184893797,R6 2200m Pace M,184893798,Harness,2200,Pace,38936663,9,Presidentialchange,LOSER,136.71,WINNER,10.48,74.34,150,60,130,87.32,117.59,930,22,930,62.76,43.22,149.9,10,9.4,10,9.56,7.61,75,80,1.02,0.99
1/07/2021,9:00:00 PM,9:01:01 PM,Ballarat,VIC,7,184893799,R7 2200m Pace M,184893800,Harness,2200,Pace,22290814,1,Delwyns Son,LOSER,45.31,WINNER,3.65,201.78,48,16,42,20.59,7088.61,720,10,130,35.13,107.1,364.58,3.65,2.48,3.6,3.1,415.97,27,28,1.01,0.99
1/07/2021,9:00:00 PM,9:01:01 PM,Ballarat,VIC,7,184893799,R7 2200m Pace M,184893800,Harness,2200,Pace,19830381,2,Idle Times,LOSER,45.07,WINNER,3.72,144.33,48,23,40,32.13,325.83,270,1.5,270,9.73,159.61,378.63,3.7,2.96,3.65,3.48,800.02,28,32,1.01,0.99
1/07/2021,9:00:00 PM,9:01:01 PM,Ballarat,VIC,7,184893799,R7 2200m Pace M,184893800,Harness,2200,Pace,27932688,3,Whats Stanley Got,LOSER,25,LOSER,2.76,170.33,65,20,28,25.83,338.89,720,9.4,720,25.72,76.12,615.97,3,2.52,2.76,2.74,1122.61,22,24,1.01,0.99
1/07/2021,9:00:00 PM,9:01:01 PM,Ballarat,VIC,7,184893799,R7 2200m Pace M,184893800,Harness,2200,Pace,23054214,4,Larajay Macray,LOSER,42,LOSER,3.59,150.9,70,22,38,32.24,690.48,720,13.5,290,69.11,17.05,490.68,3.6,2.8,3.4,3.4,207.41,32,34,1.01,0.99
1/07/2021,9:00:00 PM,9:01:01 PM,Ballarat,VIC,7,184893799,R7 2200m Pace M,184893800,Harness,2200,Pace,8952342,5,Concealment,LOSER,6.41,LOSER,1.48,963.06,8,3.1,6,6.02,2813.3,780,4.2,380,14.84,285.45,536.73,1.63,1.4,1.48,1.52,1445.75,6.2,6.4,1.01,0.99
1/07/2021,9:00:00 PM,9:01:01 PM,Ballarat,VIC,7,184893799,R7 2200m Pace M,184893800,Harness,2200,Pace,20482152,6,Dadndave,WINNER,1.31,WINNER,1.09,7570.88,2.12,1.34,1.39,1.47,27029.61,7,1.01,1.01,1.33,9112.94,117.94,1.12,1.07,1.08,1.09,3932.76,1.45,1.46,1.01,0.99
1/07/2021,9:00:00 PM,9:01:01 PM,Ballarat,VIC,7,184893799,R7 2200m Pace M,184893800,Harness,2200,Pace,26225515,7,Where Ya Bin,LOSER,120,LOSER,4.23,79.58,190,48,110,103.49,114.09,1000,13.5,100,141.7,28.2,169.28,8,3.35,5.5,5.44,457.3,90,130,1.01,0.99
1/07/2021,9:00:00 PM,9:01:01 PM,Ballarat,VIC,7,184893799,R7 2200m Pace M,184893800,Harness,2200,Pace,8530328,8,Jacks Command,LOSER,609.05,LOSER,881.06,35.43,800,130,800,259.04,82.64,1000,600,1000,617.83,5.24,0.38,980,23,70,95.06,5.89,420,440,1.01,0.99
1/07/2021,9:30:00 PM,9:30:39 PM,Ballarat,VIC,8,184893801,R8 1710m Pace M,184893802,Harness,1710,Pace,39820941,1,Beryls Grin,LOSER,12.5,WINNER,2.45,446.43,13,6.6,12,8.92,1314.31,720,1.48,120,12.54,227.15,701.98,2.74,2.1,2.36,2.23,2.04,11.5,9.2,1.02,1.01
1/07/2021,9:30:00 PM,9:30:39 PM,Ballarat,VIC,8,184893801,R8 1710m Pace M,184893802,Harness,1710,Pace,23584948,2,Spacewriter,LOSER,6,LOSER,1.85,891.48,17.5,5.3,5.7,7.62,5486.63,720,4.1,720,5.8,471.86,748.25,2.4,1.76,1.76,1.82,109.39,5.9,6,1.02,1.01
1/07/2021,9:30:00 PM,9:30:39 PM,Ballarat,VIC,8,184893801,R8 1710m Pace M,184893802,Harness,1710,Pace,22382457,3,Two Tell,LOSER,264.28,LOSER,8.8,34.65,300,75,260,157.06,108.9,720,260,720,433.48,1.4,48.58,12.5,11,11.5,11.93,41.18,170,200,1.02,1.01
1/07/2021,9:30:00 PM,9:30:39 PM,Ballarat,VIC,8,184893801,R8 1710m Pace M,184893802,Harness,1710,Pace,39387693,4,Onecrowdedhour,WINNER,2.96,WINNER,1.61,2765.77,5.9,3.35,3.35,3.95,4596.89,8,1.01,1.01,2.01,2972.71,979.29,1.7,1.52,1.55,1.56,222.35,3.5,3.6,1.02,1.01
1/07/2021,9:30:00 PM,9:30:39 PM,Ballarat,VIC,8,184893801,R8 1710m Pace M,184893802,Harness,1710,Pace,28572243,5,Shady Credit,LOSER,14.46,LOSER,3.07,516.33,17.5,8.6,15.5,11.16,1619.31,720,8.4,720,117.99,35.42,503.3,2.92,2.88,2.9,2.9,36.53,14.5,15.5,1.02,1.01
1/07/2021,9:30:00 PM,9:30:39 PM,Ballarat,VIC,8,184893801,R8 1710m Pace M,184893802,Harness,1710,Pace,16549252,6,Morgan Art,LOSER,55,LOSER,19.59,111.51,55,32,55,43.09,278.64,720,10.5,720,50.02,19.33,74.44,25,12.5,25,19.75,0.3,48,50,1.02,1.01
1/07/2021,9:30:00 PM,9:30:39 PM,Ballarat,VIC,8,184893801,R8 1710m Pace M,184893802,Harness,1710,Pace,28385496,7,Lizzadro,LOSER,3.23,WINNER,1.65,1263.13,3.55,1.91,3.1,2.83,6523.09,720,2,690,3.65,1080.1,695.85,1.72,1.27,1.63,1.63,632.97,2.88,3,1.02,1.01
1/07/2021,9:30:00 PM,9:30:39 PM,Ballarat,VIC,8,184893801,R8 1710m Pace M,184893802,Harness,1710,Pace,39296475,8,Jay Bee,LOSER,42,LOSER,14.77,152.99,50,18,40,27.11,313.52,720,11.5,720,33.68,64.58,94.92,30,8.2,10.5,14.56,0.85,42,44,1.02,1.01
1/07/2021,9:30:00 PM,9:30:39 PM,Ballarat,VIC,8,184893801,R8 1710m Pace M,184893802,Harness,1710,Pace,27921037,9,Gozo Courage,LOSER,210.37,LOSER,46.32,38.47,170,34,160,97.84,56.01,720,46,720,155.82,23.47,40.76,80,19.5,29,46.23,0.31,110,140,1.02,1.01
1/07/2021,3:20:00 PM,3:20:36 PM,Forbury Park,NZ,1,184882133,R1 2700m Trot S,184882134,Harness,2700,Trot,40029407,1,Eilish Hall,LOSER,,LOSER,,,19.5,15,15.5,17.94,31.67,,,,,,,3.45,3.45,3.45,3.45,6,19,24,1.12,0.85
1/07/2021,3:20:00 PM,3:20:36 PM,Forbury Park,NZ,1,184882133,R1 2700m Trot S,184882134,Harness,2700,Trot,40029408,2,Classic Rock N Roll,LOSER,,LOSER,,,22,22,22,22,0.5,,,,,,,4.2,3.15,4.2,3.28,5.72,22,40,1.12,0.85
1/07/2021,3:20:00 PM,3:20:36 PM,Forbury Park,NZ,1,184882133,R1 2700m Trot S,184882134,Harness,2700,Trot,40029409,3,Pearlspur,LOSER,,WINNER,,,38,36,36,36.35,1.67,,,,,,,,,,,,36,50,1.12,0.85
1/07/2021,3:20:00 PM,3:20:36 PM,Forbury Park,NZ,1,184882133,R1 2700m Trot S,184882134,Harness,2700,Trot,39887406,4,Petronelli Gee,LOSER,,LOSER,,,75,70,70,74.41,0.17,,,,,,,,,,,,70,270,1.12,0.85
1/07/2021,3:20:00 PM,3:20:36 PM,Forbury Park,NZ,1,184882133,R1 2700m Trot S,184882134,Harness,2700,Trot,20690196,5,Kiwi Heir,LOSER,,LOSER,,,8.8,5.8,5.9,6.72,392.79,,,,,,,2.22,2.06,2.06,2.1,48,6.2,6.8,1.12,0.85
1/07/2021,3:20:00 PM,3:20:36 PM,Forbury Park,NZ,1,184882133,R1 2700m Trot S,184882134,Harness,2700,Trot,35510728,6,My Hope,LOSER,,LOSER,,,20,13,13,13.9,22.56,,,,,,,,,,,,13.5,20,1.12,0.85
1/07/2021,3:20:00 PM,3:20:36 PM,Forbury Park,NZ,1,184882133,R1 2700m Trot S,184882134,Harness,2700,Trot,23389146,7,Majestic Rollon,WINNER,,WINNER,,,8.4,6.6,6.8,6.89,43.5,,,,,,,2.04,2.04,2.04,2.04,3.69,6.8,8.4,1.12,0.85
1/07/2021,3:20:00 PM,3:20:36 PM,Forbury Park,NZ,1,184882133,R1 2700m Trot S,184882134,Harness,2700,Trot,12259414,8,Barham Belle,LOSER,,LOSER,,,75,65,65,65.46,5.19,,,,,,,8.6,8.6,8.6,8.6,12.9,65,180,1.12,0.85
1/07/2021,3:20:00 PM,3:20:36 PM,Forbury Park,NZ,1,184882133,R1 2700m Trot S,184882134,Harness,2700,Trot,40029410,9,Cody Banner,LOSER,,WINNER,,,3.5,2.54,2.64,2.91,361.5,,,,,,,1.44,1.43,1.43,1.43,22,2.54,3.25,1.12,0.85
1/07/2021,3:20:00 PM,3:20:36 PM,Forbury Park,NZ,1,184882133,R1 2700m Trot S,184882134,Harness,2700,Trot,13184549,10,Svelt,LOSER,,LOSER,,,7.4,5.2,7,5.84,113.55,,,,,,,1.9,1.9,1.9,1.9,3.69,5.4,7.4,1.12,0.85
1/07/2021,3:45:00 PM,3:45:54 PM,Forbury Park,NZ,2,184882135,R2 2700m Pace M,184882136,Harness,2700,Pace,27131693,1,Leconte,LOSER,,WINNER,,,2.64,2.28,2.4,2.42,313.38,,,,,,,1.31,1.29,1.29,1.29,10.42,2.32,2.54,1.11,0.9
1/07/2021,3:45:00 PM,3:45:54 PM,Forbury Park,NZ,2,184882135,R2 2700m Pace M,184882136,Harness,2700,Pace,40029411,2,Sister Act,LOSER,,WINNER,,,29,14.5,14.5,27.92,28.53,,,,,,,,,,,,15,34,1.11,0.9
1/07/2021,3:45:00 PM,3:45:54 PM,Forbury Park,NZ,2,184882135,R2 2700m Pace M,184882136,Harness,2700,Pace,20849247,3,Forty Wives,LOSER,,LOSER,,,17.5,11.5,11.5,13.83,26.61,11.5,11.5,11.5,11.5,17.58,,,,,,,14,18.5,1.11,0.9
1/07/2021,3:45:00 PM,3:45:54 PM,Forbury Park,NZ,2,184882135,R2 2700m Pace M,184882136,Harness,2700,Pace,40029412,4,Magical Star,LOSER,,LOSER,,,120,42,120,111.8,3.74,,,,,,,,,,,,42,90,1.11,0.9
1/07/2021,3:45:00 PM,3:45:54 PM,Forbury Park,NZ,2,184882135,R2 2700m Pace M,184882136,Harness,2700,Pace,6863268,5,The Artful Dodger,WINNER,,WINNER,,,19.5,15,15.5,17.6,37.34,,,,,,,,,,,,15,18.5,1.11,0.9
1/07/2021,3:45:00 PM,3:45:54 PM,Forbury Park,NZ,2,184882135,R2 2700m Pace M,184882136,Harness,2700,Pace,26325336,6,Maldito,LOSER,,LOSER,,,55,32,32,46.94,0.09,,,,,,,,,,,,32,60,1.11,0.9
1/07/2021,3:45:00 PM,3:45:54 PM,Forbury Park,NZ,2,184882135,R2 2700m Pace M,184882136,Harness,2700,Pace,36610765,7,Friendly Eyre,LOSER,,LOSER,,,27,27,27,27,0.02,,,,,,,,,,,,27,40,1.11,0.9
1/07/2021,3:45:00 PM,3:45:54 PM,Forbury Park,NZ,2,184882135,R2 2700m Pace M,184882136,Harness,2700,Pace,1529309,8,Dare To Defy,LOSER,,LOSER,,,65,65,65,65,0.02,,,,,,,,,,,,65,190,1.11,0.9
1/07/2021,3:45:00 PM,3:45:54 PM,Forbury Park,NZ,2,184882135,R2 2700m Pace M,184882136,Harness,2700,Pace,40029413,9,Fourth Amendment,LOSER,,LOSER,,,11.5,10,11.5,10.57,62.67,,,,,,,2.5,2.5,2.5,2.5,5.53,11,14,1.11,0.9
1/07/2021,3:45:00 PM,3:45:54 PM,Forbury Park,NZ,2,184882135,R2 2700m Pace M,184882136,Harness,2700,Pace,13488585,10,Rin Tin Tin,LOSER,,LOSER,,,4.2,2.9,3.85,3.23,502.88,,,,,,,1.73,1.51,1.51,1.51,25.04,3.65,4.2,1.11,0.9
1/07/2021,4:10:00 PM,4:10:57 PM,Forbury Park,NZ,3,184882137,R3 2200m Pace M,184882138,Harness,2200,Pace,40029414,1,Out Of The Dark,LOSER,,LOSER,,,18.5,12.5,18.5,16.54,1.59,,,,,,,,,,,,14,18.5,1.09,0.94
1/07/2021,4:10:00 PM,4:10:57 PM,Forbury Park,NZ,3,184882137,R3 2200m Pace M,184882138,Harness,2200,Pace,38247321,2,Santeria,LOSER,,LOSER,,,15.5,11,12,11.67,20.9,,,,,,,,,,,,14.5,21,1.09,0.94
1/07/2021,4:10:00 PM,4:10:57 PM,Forbury Park,NZ,3,184882137,R3 2200m Pace M,184882138,Harness,2200,Pace,40029415,3,Midnitetraintogeorga,LOSER,,WINNER,,,16.5,7.2,8.8,9.24,21,,,,,,,2.42,2.18,2.42,2.3,35,7.6,8.8,1.09,0.94
1/07/2021,4:10:00 PM,4:10:57 PM,Forbury Park,NZ,3,184882137,R3 2200m Pace M,184882138,Harness,2200,Pace,40029416,4,Shards Fury,WINNER,,WINNER,,,3.15,2.44,2.56,2.67,1359.79,,,,,,,1.43,1.35,1.43,1.4,6.13,2.76,2.96,1.09,0.94
1/07/2021,4:10:00 PM,4:10:57 PM,Forbury Park,NZ,3,184882137,R3 2200m Pace M,184882138,Harness,2200,Pace,18984349,5,Ellz Angel,LOSER,,LOSER,,,40,20,40,21.34,5.37,,,,,,,,,,,,30,40,1.09,0.94
1/07/2021,4:10:00 PM,4:10:57 PM,Forbury Park,NZ,3,184882137,R3 2200m Pace M,184882138,Harness,2200,Pace,40029417,6,Matai Charlotte,LOSER,,LOSER,,,200,44,200,142.8,0.1,,,,,,,,,,,,44,130,1.09,0.94
1/07/2021,4:10:00 PM,4:10:57 PM,Forbury Park,NZ,3,184882137,R3 2200m Pace M,184882138,Harness,2200,Pace,27628330,7,Sly Tricks,LOSER,,LOSER,,,55,29,42,52.79,5.83,,,,,,,,,,,,29,50,1.09,0.94
1/07/2021,4:10:00 PM,4:10:57 PM,Forbury Park,NZ,3,184882137,R3 2200m Pace M,184882138,Harness,2200,Pace,2143204,8,Southern Starr,LOSER,,LOSER,,,17,13.5,17,13.99,14.55,,,,,,,,,,,,13.5,17.5,1.09,0.94
1/07/2021,4:10:00 PM,4:10:57 PM,Forbury Park,NZ,3,184882137,R3 2200m Pace M,184882138,Harness,2200,Pace,20031345,9,Phoebes Delight,LOSER,,LOSER,,,11.5,9.8,11.5,10.19,22.12,,,,,,,,,,,,10,11.5,1.09,0.94
1/07/2021,4:10:00 PM,4:10:57 PM,Forbury Park,NZ,3,184882137,R3 2200m Pace M,184882138,Harness,2200,Pace,40029418,10,Cute Art,LOSER,,WINNER,,,7.2,4.5,5,5.52,414.07,,,,,,,2.08,2.06,2.06,2.06,148.24,5.2,5.3,1.09,0.94
1/07/2021,4:40:00 PM,4:40:34 PM,Forbury Park,NZ,4,184882139,R4 2700m Trot S,184882140,Harness,2700,Trot,18849886,1,The Peaky Blinder,LOSER,,LOSER,,,24,18.5,21,22.13,39.22,,,,,,,,,,,,21,32,1.04,0.86
1/07/2021,4:40:00 PM,4:40:34 PM,Forbury Park,NZ,4,184882139,R4 2700m Trot S,184882140,Harness,2700,Trot,18545210,2,Ruby Seddon,LOSER,,LOSER,,,8,5.9,6.6,7.09,88.34,,,,,,,3.1,2.56,2.86,2.87,134.43,7,7.6,1.04,0.86
1/07/2021,4:40:00 PM,4:40:34 PM,Forbury Park,NZ,4,184882139,R4 2700m Trot S,184882140,Harness,2700,Trot,39388264,3,Denn Nees Sister,LOSER,,LOSER,,,40,36,36,36.78,8.96,,,,,,,12,12,12,12,3.69,36,65,1.04,0.86
1/07/2021,4:40:00 PM,4:40:34 PM,Forbury Park,NZ,4,184882139,R4 2700m Trot S,184882140,Harness,2700,Trot,36331316,4,Dem Bones Dem Bones,LOSER,,LOSER,,,25,18,25,21.37,28.68,,,,,,,7.2,7.2,7.2,7.2,3.69,21,25,1.04,0.86
1/07/2021,4:40:00 PM,4:40:34 PM,Forbury Park,NZ,4,184882139,R4 2700m Trot S,184882140,Harness,2700,Trot,23401658,5,Count Eyre,WINNER,,WINNER,,,5.4,4.6,4.7,4.94,87.51,,,,,,,,,,,,4.7,5.1,1.04,0.86
1/07/2021,4:40:00 PM,4:40:34 PM,Forbury Park,NZ,4,184882139,R4 2700m Trot S,184882140,Harness,2700,Trot,17441143,6,Girls Let Loose,LOSER,,WINNER,,,2.6,2.12,2.52,2.27,457.75,,,,,,,1.55,1.5,1.55,1.54,655.61,2.3,2.92,1.04,0.86
1/07/2021,4:40:00 PM,4:40:34 PM,Forbury Park,NZ,4,184882139,R4 2700m Trot S,184882140,Harness,2700,Trot,12518442,7,Crusher Collins,LOSER,,LOSER,,,8.2,5.4,8.2,7.2,96.59,,,,,,,2.8,2.8,2.8,2.8,18.43,8,10,1.04,0.86
1/07/2021,5:10:00 PM,5:10:43 PM,Forbury Park,NZ,5,184882141,R5 2200m Pace M,184882142,Harness,2200,Pace,25766355,1,Wolf West,LOSER,,LOSER,,,19,10,14.5,13.69,161.17,,,,,,,3.5,3.3,3.5,3.3,15.39,16.5,18,1.06,0.97
1/07/2021,5:10:00 PM,5:10:43 PM,Forbury Park,NZ,5,184882141,R5 2200m Pace M,184882142,Harness,2200,Pace,8865319,2,Four Starzzz Shiraz,LOSER,,LOSER,,,75,20,75,37.11,12.82,,,,,,,6.2,6.2,6.2,6.2,5,60,75,1.06,0.97
1/07/2021,5:10:00 PM,5:10:43 PM,Forbury Park,NZ,5,184882141,R5 2200m Pace M,184882142,Harness,2200,Pace,38914107,3,Beauty Barry,LOSER,,LOSER,,,65,30,65,40.43,8.38,,,,,,,6.8,6.8,6.8,6.8,0.02,44,55,1.06,0.97
1/07/2021,5:10:00 PM,5:10:43 PM,Forbury Park,NZ,5,184882141,R5 2200m Pace M,184882142,Harness,2200,Pace,5423486,4,Mucho Macho Man,LOSER,,WINNER,,,9.6,6.2,7.4,7.38,169.53,,,,,,,2.62,2.02,2.02,2.21,29.8,7,7.4,1.06,0.97
1/07/2021,5:10:00 PM,5:10:43 PM,Forbury Park,NZ,5,184882141,R5 2200m Pace M,184882142,Harness,2200,Pace,27131706,5,American Mac,LOSER,,LOSER,,,5,3.95,4.3,4.26,445.59,4.3,4.2,4.3,4.25,16.58,,1.94,1.55,1.55,1.55,425.58,4,4.5,1.06,0.97
1/07/2021,5:10:00 PM,5:10:43 PM,Forbury Park,NZ,5,184882141,R5 2200m Pace M,184882142,Harness,2200,Pace,17971572,6,Dodgethebullet,LOSER,,WINNER,,,15.5,6.6,13,11.43,108.09,12.5,12.5,12.5,12.5,20,,2.96,2.96,2.96,2.96,0.05,13,15.5,1.06,0.97
1/07/2021,5:10:00 PM,5:10:43 PM,Forbury Park,NZ,5,184882141,R5 2200m Pace M,184882142,Harness,2200,Pace,18235688,7,Whata Razzle Dazzle,LOSER,,LOSER,,,8.4,4.4,7,6.98,191.52,,,,,,,2.64,2.16,2.2,2.17,7.86,7.2,7.8,1.06,0.97
1/07/2021,5:10:00 PM,5:10:43 PM,Forbury Park,NZ,5,184882141,R5 2200m Pace M,184882142,Harness,2200,Pace,38247312,8,Boarding Call,WINNER,,WINNER,,,4.4,2.86,2.98,3.25,1748.38,3,3,3,3,30.09,,1.37,1.37,1.37,1.37,0.27,2.86,2.96,1.06,0.97
1/07/2021,5:36:00 PM,5:36:50 PM,Forbury Park,NZ,6,184882143,R6 2200m Pace M,184882144,Harness,2200,Pace,16708476,1,Mach Omelley,LOSER,,LOSER,,,70,23,50,24.62,26.55,,,,,,,5.7,4.1,5.7,4.11,4.62,36,48,1.11,0.91
1/07/2021,5:36:00 PM,5:36:50 PM,Forbury Park,NZ,6,184882143,R6 2200m Pace M,184882144,Harness,2200,Pace,10053943,3,Tetrick,LOSER,,LOSER,,,30,13,30,18.41,50.13,,,,,,,3.55,3.55,3.55,3.55,0.01,19,60,1.11,0.91
1/07/2021,5:36:00 PM,5:36:50 PM,Forbury Park,NZ,6,184882143,R6 2200m Pace M,184882144,Harness,2200,Pace,21733066,4,Tad Lincoln,LOSER,,WINNER,,,10.5,7.6,8.6,8.49,280.57,,,,,,,2.76,2.32,2.32,2.37,148.06,8,9.8,1.11,0.91
1/07/2021,5:36:00 PM,5:36:50 PM,Forbury Park,NZ,6,184882143,R6 2200m Pace M,184882144,Harness,2200,Pace,8492327,5,Playboy Prince,LOSER,,LOSER,,,24,15.5,16.5,18.35,128.48,,,,,,,3.8,3.65,3.65,3.65,15.01,16,20,1.11,0.91
1/07/2021,5:36:00 PM,5:36:50 PM,Forbury Park,NZ,6,184882143,R6 2200m Pace M,184882144,Harness,2200,Pace,35909460,6,Kerala Star,LOSER,,LOSER,,,10.5,4.5,6,5.26,380.45,,,,,,,2.12,1.7,1.72,1.7,7.78,4.6,6.2,1.11,0.91
1/07/2021,5:36:00 PM,5:36:50 PM,Forbury Park,NZ,6,184882143,R6 2200m Pace M,184882144,Harness,2200,Pace,35681964,7,To Ri Caitlin,LOSER,,WINNER,,,3.7,2.58,2.96,2.97,383.29,,,,,,,1.47,1.33,1.44,1.42,152.74,2.92,3.05,1.11,0.91
1/07/2021,5:36:00 PM,5:36:50 PM,Forbury Park,NZ,6,184882143,R6 2200m Pace M,184882144,Harness,2200,Pace,36136369,8,Unico Gem,WINNER,,WINNER,,,6.2,2.84,3.75,3.92,327.36,,,,,,,1.87,1.54,1.65,1.55,1.86,3.95,4.6,1.11,0.91
1/07/2021,5:36:00 PM,5:36:50 PM,Forbury Park,NZ,6,184882143,R6 2200m Pace M,184882144,Harness,2200,Pace,21178550,9,Ideal Asset,LOSER,,LOSER,,,250,34,46,40.74,105.49,,,,,,,7.4,5.5,7.4,6.11,114.81,40,100,1.11,0.91
1/07/2021,6:00:00 PM,6:00:54 PM,Forbury Park,NZ,7,184882145,R7 2200m Pace M,184882146,Harness,2200,Pace,28171803,1,Von Art,LOSER,,WINNER,,,5.5,3.85,4,4.5,646.88,,,,,,,1.72,1.63,1.65,1.68,67.17,4.1,4.7,1.1,0.9
1/07/2021,6:00:00 PM,6:00:54 PM,Forbury Park,NZ,7,184882145,R7 2200m Pace M,184882146,Harness,2200,Pace,3550693,2,Sneak A Peek,WINNER,,WINNER,,,15.5,7.4,15.5,11.07,33.59,,,,,,,3.05,3.05,3.05,3.05,0.45,10,15.5,1.1,0.9
1/07/2021,6:00:00 PM,6:00:54 PM,Forbury Park,NZ,7,184882145,R7 2200m Pace M,184882146,Harness,2200,Pace,40029419,3,Arlo Maguire,LOSER,,LOSER,,,5.8,4.9,4.9,5.2,109.41,,,,,,,1.87,1.84,1.84,1.86,89.56,5.1,5.7,1.1,0.9
1/07/2021,6:00:00 PM,6:00:54 PM,Forbury Park,NZ,7,184882145,R7 2200m Pace M,184882146,Harness,2200,Pace,7855412,4,Aveross Rustler,LOSER,,LOSER,,,40,23,29,24.91,5.89,,,,,,,5.3,5.3,5.3,5.3,0.22,28,42,1.1,0.9
1/07/2021,6:00:00 PM,6:00:54 PM,Forbury Park,NZ,7,184882145,R7 2200m Pace M,184882146,Harness,2200,Pace,7630568,5,Alexy,LOSER,,WINNER,,,26,9.4,19,17.37,113.52,,,,,,,4.3,3.9,4.3,4.22,50.32,18,21,1.1,0.9
1/07/2021,6:00:00 PM,6:00:54 PM,Forbury Park,NZ,7,184882145,R7 2200m Pace M,184882146,Harness,2200,Pace,37398292,6,Ultimate Sassenach,LOSER,,LOSER,,,5.8,3.95,4,4.34,392.85,,,,,,,1.97,1.68,1.68,1.68,6.83,4,4.5,1.1,0.9
1/07/2021,6:00:00 PM,6:00:54 PM,Forbury Park,NZ,7,184882145,R7 2200m Pace M,184882146,Harness,2200,Pace,17588195,7,Petes Dash,LOSER,,LOSER,,,7.6,5,5.9,6.08,131.29,,,,,,,2.06,2.06,2.06,2.06,0.88,5.6,7.2,1.1,0.9
1/07/2021,6:00:00 PM,6:00:54 PM,Forbury Park,NZ,7,184882145,R7 2200m Pace M,184882146,Harness,2200,Pace,29057818,8,Lucys Delight,LOSER,,LOSER,,,42,9.6,42,24.1,14.54,,,,,,,5.2,5.2,5.2,5.2,0.23,24,55,1.1,0.9
1/07/2021,6:22:00 PM,6:22:59 PM,Penrith,NSW,1,184880998,R1 1720m Pace M,184880999,Harness,1720,Pace,12980241,1,Ballterra,LOSER,2.44,LOSER,,7511.41,3.8,2.4,2.56,2.81,9664.79,720,2.38,270,3.76,1480.86,,1.79,1.32,1.41,1.47,1401.08,2.7,2.74,1.03,0.97
1/07/2021,6:22:00 PM,6:22:59 PM,Penrith,NSW,1,184880998,R1 1720m Pace M,184880999,Harness,1720,Pace,27777691,2,Withoutdoubt,LOSER,23.02,LOSER,,208.46,38,16.5,20,20.22,228.33,910,11.5,720,44.36,28.67,,,,,,,18.5,22,1.03,0.97
1/07/2021,6:22:00 PM,6:22:59 PM,Penrith,NSW,1,184880998,R1 1720m Pace M,184880999,Harness,1720,Pace,36484045,3,Bettarun,LOSER,22,LOSER,,294.68,38,19.5,22,23.7,393.34,1000,15,1000,55.25,19.53,,5,3.8,3.8,4.6,521.28,21,26,1.03,0.97
1/07/2021,6:22:00 PM,6:22:59 PM,Penrith,NSW,1,184880998,R1 1720m Pace M,184880999,Harness,1720,Pace,24327188,4,Louisiana Freedom,LOSER,12.48,WINNER,,527.15,12,5.8,11.5,7.53,2184.79,720,2.54,720,7.45,460.83,,2.94,2.24,2.72,2.59,180.51,10,11,1.03,0.97
1/07/2021,6:22:00 PM,6:22:59 PM,Penrith,NSW,1,184880998,R1 1720m Pace M,184880999,Harness,1720,Pace,24527021,5,Jenesaisquoi,LOSER,9.59,LOSER,,601.59,9.8,4.3,9.2,7.91,1648.5,720,5,420,13.49,166.23,,2.82,2.2,2.82,2.5,109.29,8.4,9.4,1.03,0.97
1/07/2021,6:22:00 PM,6:22:59 PM,Penrith,NSW,1,184880998,R1 1720m Pace M,184880999,Harness,1720,Pace,22282216,6,Humming Top,LOSER,208.87,LOSER,,29.59,170,50,170,124.56,44.33,840,100,840,262.52,4.85,,13.5,13.5,13.5,13.5,5,120,160,1.03,0.97
1/07/2021,6:22:00 PM,6:22:59 PM,Penrith,NSW,1,184880998,R1 1720m Pace M,184880999,Harness,1720,Pace,28339039,7,Ghostly Courage,LOSER,4,WINNER,,1259.38,7.6,3.3,4,4.74,13203.33,1000,3,1000,18.15,643.22,,2,1.54,1.55,1.63,829.14,3.8,3.9,1.03,0.97
1/07/2021,6:22:00 PM,6:22:59 PM,Penrith,NSW,1,184880998,R1 1720m Pace M,184880999,Harness,1720,Pace,28170524,8,Terroroan,LOSER,83.97,LOSER,,85.93,150,36,80,89.63,110.37,720,50,390,157.57,3.02,,12.5,8.8,11,9.66,112.42,75,90,1.03,0.97
1/07/2021,6:22:00 PM,6:22:59 PM,Penrith,NSW,1,184880998,R1 1720m Pace M,184880999,Harness,1720,Pace,9925215,9,Nitro Lad,LOSER,38.51,LOSER,,189.08,80,21,40,40.94,114.68,930,50,720,155.87,3.84,,6.4,6.2,6.4,6.26,140.3,40,46,1.03,0.97
1/07/2021,6:22:00 PM,6:22:59 PM,Penrith,NSW,1,184880998,R1 1720m Pace M,184880999,Harness,1720,Pace,8970256,10,Idle Hands,WINNER,29.88,WINNER,,297.68,60,20,34,38.48,127.6,65,1.01,1.01,1.62,3132.01,,7.6,5.5,5.6,5.93,142.35,34,40,1.03,0.97
1/07/2021,6:53:00 PM,6:54:00 PM,Penrith,NSW,2,184881000,R2 2125m Pace M,184881001,Harness,2125,Pace,10195923,1,Clementsorrell,LOSER,5.02,LOSER,,1655.63,12,5.1,5.2,5.76,2016.48,100,4.2,85,5.49,690.73,,2.54,1.85,1.86,2.07,311.04,5.3,5.4,1.02,1.02
1/07/2021,6:53:00 PM,6:54:00 PM,Penrith,NSW,2,184881000,R2 2125m Pace M,184881001,Harness,2125,Pace,18976287,2,My Anna Rani,LOSER,25,LOSER,,240.71,34,12.5,27,23.33,166.62,910,6.2,910,30.92,108.59,,5.6,3.8,4.7,4.79,214.18,24,30,1.02,1.02
1/07/2021,6:53:00 PM,6:54:00 PM,Penrith,NSW,2,184881000,R2 2125m Pace M,184881001,Harness,2125,Pace,24465400,3,Mister Armstrong,LOSER,3.11,LOSER,,1421.49,5.1,2.64,3,3.16,5987.05,100,2.14,70,3.42,1245.07,,1.74,1.45,1.51,1.53,182.1,3.1,3.2,1.02,1.02
1/07/2021,6:53:00 PM,6:54:00 PM,Penrith,NSW,2,184881000,R2 2125m Pace M,184881001,Harness,2125,Pace,40031628,4,Old English,LOSER,8.2,LOSER,,740.93,11.5,7,8.2,8.61,621.59,720,1.98,110,5.73,399.64,,2.74,2.18,2.5,2.58,753.59,7.6,8.4,1.02,1.02
1/07/2021,6:53:00 PM,6:54:00 PM,Penrith,NSW,2,184881000,R2 2125m Pace M,184881001,Harness,2125,Pace,28249576,5,Art Of Grange,LOSER,18,LOSER,,338.79,28,15,18.5,17.34,259.5,70,1.27,55,10.21,110.64,,4.9,4.8,4.8,4.86,16.03,15,15.5,1.02,1.02
1/07/2021,6:53:00 PM,6:54:00 PM,Penrith,NSW,2,184881000,R2 2125m Pace M,184881001,Harness,2125,Pace,36430659,6,Mums Pet Rock,LOSER,306.18,LOSER,,58.06,380,55,350,254.47,30.47,720,100,720,292.21,33.41,,36,36,36,36,5,260,270,1.02,1.02
1/07/2021,6:53:00 PM,6:54:00 PM,Penrith,NSW,2,184881000,R2 2125m Pace M,184881001,Harness,2125,Pace,38947784,7,Scottie Mach,LOSER,5.4,WINNER,,1149.1,7.2,3.8,5.5,5.53,1852.45,38,2.16,38,6.66,296.78,,2.26,1.93,1.94,2.16,735.41,5.5,5.8,1.02,1.02
1/07/2021,6:53:00 PM,6:54:00 PM,Penrith,NSW,2,184881000,R2 2125m Pace M,184881001,Harness,2125,Pace,28204727,8,Chronicles,LOSER,17.7,WINNER,,953.98,27,3.9,18.5,7.43,5949.76,36,1.5,19,6.08,921.17,,5.5,1.84,3.4,2.59,578.76,18.5,10,1.02,1.02
1/07/2021,6:53:00 PM,6:54:00 PM,Penrith,NSW,2,184881000,R2 2125m Pace M,184881001,Harness,2125,Pace,39732985,9,Tooshay,WINNER,36,WINNER,,287.72,44,8,36,26.64,283.11,150,1.2,1.29,7.68,221.66,,6.6,4.5,6.4,6.37,17.41,34,38,1.02,1.02
1/07/2021,6:53:00 PM,6:54:00 PM,Penrith,NSW,2,184881000,R2 2125m Pace M,184881001,Harness,2125,Pace,40031629,10,Kobys Delight,LOSER,251.24,LOSER,,60.85,380,55,380,195.81,25.62,990,180,990,294.26,22.22,,25,24,24,24.99,5,290,340,1.02,1.02
1/07/2021,7:18:00 PM,7:19:19 PM,Penrith,NSW,3,184881002,R3 2125m Pace M,184881003,Harness,2125,Pace,13283343,1,All Star Magician,LOSER,44.47,LOSER,,348.62,75,34,36,45.91,218.87,720,12.5,720,88.55,22.58,,7.6,3.75,4,4.81,378.35,60,75,1.03,0.99
1/07/2021,7:18:00 PM,7:19:19 PM,Penrith,NSW,3,184881002,R3 2125m Pace M,184881003,Harness,2125,Pace,13077706,2,Flyin Circles,LOSER,108.74,LOSER,,95.14,170,34,100,96.43,112.4,720,23,700,101.59,11.56,,,,,,,120,150,1.03,0.99
1/07/2021,7:18:00 PM,7:19:19 PM,Penrith,NSW,3,184881002,R3 2125m Pace M,184881003,Harness,2125,Pace,12930180,3,Bettor Sensation,LOSER,2.44,LOSER,,8978.32,3.35,2.3,2.46,2.61,10387.72,790,2.4,80,6.72,963.54,,1.42,1.26,1.38,1.33,995.52,2.4,2.42,1.03,0.99
1/07/2021,7:18:00 PM,7:19:19 PM,Penrith,NSW,3,184881002,R3 2125m Pace M,184881003,Harness,2125,Pace,7409085,4,The Big Dig,LOSER,209.35,LOSER,,73.26,400,65,400,133.07,110.61,720,26,700,119.32,24.64,,,,,,,110,170,1.03,0.99
1/07/2021,7:18:00 PM,7:19:19 PM,Penrith,NSW,3,184881002,R3 2125m Pace M,184881003,Harness,2125,Pace,24783808,5,Shades Of Heaven,LOSER,44,WINNER,,177.79,50,22,38,34.39,235.9,720,4.2,720,15.11,112.21,,,,,,,36,44,1.03,0.99
1/07/2021,7:18:00 PM,7:19:19 PM,Penrith,NSW,3,184881002,R3 2125m Pace M,184881003,Harness,2125,Pace,27212794,6,Smoothe Style,LOSER,9.75,LOSER,,800.67,8.8,3.2,8.6,6.17,3620.28,720,7.2,720,15.48,148.39,,2.54,1.94,2.52,2.18,237.38,7.8,8,1.03,0.99
1/07/2021,7:18:00 PM,7:19:19 PM,Penrith,NSW,3,184881002,R3 2125m Pace M,184881003,Harness,2125,Pace,21412024,8,Shadow Eclipse,WINNER,3.83,WINNER,,7139.99,5.4,3.2,4.3,4.22,5025.55,6.8,1.01,1.01,1.78,3423.22,,1.8,1.48,1.74,1.74,548.8,4.4,4.5,1.03,0.99
1/07/2021,7:18:00 PM,7:19:19 PM,Penrith,NSW,3,184881002,R3 2125m Pace M,184881003,Harness,2125,Pace,12708268,9,Lynnsanity,LOSER,6.55,WINNER,,936.96,21,5,6,7.4,9023.82,1000,2.72,1000,10.35,762.49,,2.82,1.91,1.96,2.08,207.14,6,6.2,1.03,0.99
1/07/2021,7:18:00 PM,7:19:19 PM,Penrith,NSW,3,184881002,R3 2125m Pace M,184881003,Harness,2125,Pace,8424087,10,Ohoka Royal,LOSER,39.9,LOSER,,221.89,75,29,34,40.3,212.55,920,9,920,29.66,73.07,,5.4,4.9,5,5.11,35,38,44,1.03,0.99
1/07/2021,7:45:00 PM,7:46:03 PM,Penrith,NSW,4,184881004,R4 1720m Pace M,184881005,Harness,1720,Pace,22834240,1,Magnifico To Watch,LOSER,40.28,LOSER,,210.71,42,18,34,27.11,342.74,1000,20,720,32.98,90.43,,6.6,4.6,6.4,5.31,84.11,27,36,1.05,0.98
1/07/2021,7:45:00 PM,7:46:03 PM,Penrith,NSW,4,184881004,R4 1720m Pace M,184881005,Harness,1720,Pace,1083326,2,Flying Pegasus,LOSER,78.62,LOSER,,147.72,200,11.5,85,102.63,197.21,1000,50,1000,71.06,61.26,,18,18,18,18,10,130,170,1.05,0.98
1/07/2021,7:45:00 PM,7:46:03 PM,Penrith,NSW,4,184881004,R4 1720m Pace M,184881005,Harness,1720,Pace,10308285,3,Team Of Starzzz,LOSER,9.52,WINNER,,553.55,48,6,8.8,12.02,2733.34,1000,5.4,150,19.1,116.25,,5.7,3,3,3.62,205.02,9.8,11,1.05,0.98
1/07/2021,7:45:00 PM,7:46:03 PM,Penrith,NSW,4,184881004,R4 1720m Pace M,184881005,Harness,1720,Pace,13035495,4,Pay Me Overs,LOSER,25,LOSER,,328.42,40,14,23,19.63,444.82,1000,24,1000,48.3,38.48,,5.1,4.8,4.8,4.91,35.2,18.5,21,1.05,0.98
1/07/2021,7:45:00 PM,7:46:03 PM,Penrith,NSW,4,184881004,R4 1720m Pace M,184881005,Harness,1720,Pace,8803391,5,Bettors Pocket,LOSER,5.69,LOSER,,1045.92,24,5,5.9,7.08,11232.39,1000,4,1000,10.33,493.35,,3.3,2.42,2.48,2.63,193.69,6.8,7,1.05,0.98
1/07/2021,7:45:00 PM,7:46:03 PM,Penrith,NSW,4,184881004,R4 1720m Pace M,184881005,Harness,1720,Pace,26532199,6,Blissfull Lilly,LOSER,11.9,WINNER,,1036.43,10,3.5,10,5.75,8453.89,720,2.82,690,4.68,1349.83,,2.9,1.73,2.9,2.33,51.91,8.2,8.8,1.05,0.98
1/07/2021,7:45:00 PM,7:46:03 PM,Penrith,NSW,4,184881004,R4 1720m Pace M,184881005,Harness,1720,Pace,21444747,7,Prince Potter,LOSER,9.66,LOSER,,773.01,17,7.6,10,9,2082.96,1000,3.5,720,17.97,106.01,,3.3,2.72,3,2.85,81.22,8.8,9.6,1.05,0.98
1/07/2021,7:45:00 PM,7:46:03 PM,Penrith,NSW,4,184881004,R4 1720m Pace M,184881005,Harness,1720,Pace,28342883,8,Katchar Shoobee,WINNER,11.19,WINNER,,681.73,40,11.5,12.5,16.29,1242.64,27,1.01,1.01,2.07,2184.02,,4.2,3.65,3.75,3.69,274.63,14.5,15.5,1.05,0.98
1/07/2021,7:45:00 PM,7:46:03 PM,Penrith,NSW,4,184881004,R4 1720m Pace M,184881005,Harness,1720,Pace,8471578,9,Beau Cishlom,LOSER,5.88,LOSER,,1113.99,6.8,2.52,5.5,4.39,6250.38,1000,4,720,8.24,307.88,,2.1,1.55,2.1,1.84,566.31,5,5.2,1.05,0.98
1/07/2021,7:45:00 PM,7:46:03 PM,Penrith,NSW,4,184881004,R4 1720m Pace M,184881005,Harness,1720,Pace,24008101,10,Dee Double You,LOSER,4.91,LOSER,,2134.42,9.8,3.05,5,5.58,3354.52,1000,3.65,720,11.81,164.85,,2.64,2,2.06,2.22,542.48,5.1,5.3,1.05,0.98
1/07/2021,8:20:00 PM,8:23:46 PM,Penrith,NSW,5,184881006,R5 2125m Pace M,184881007,Harness,2125,Pace,22487705,1,Cowboys N Indians,LOSER,2.67,LOSER,,8765.52,4.4,2.16,2.76,2.67,47443.24,1000,2.6,1000,17.81,1104.72,,2.46,1.35,1.85,1.62,1024.96,2.42,2.44,1.02,0.98
1/07/2021,8:20:00 PM,8:23:46 PM,Penrith,NSW,5,184881006,R5 2125m Pace M,184881007,Harness,2125,Pace,15723093,2,Panacias Seal,LOSER,20.05,LOSER,,589.3,46,12,18,18.72,1656.29,720,10.5,720,42.13,21.64,,4.8,2.98,2.98,3.19,520.2,21,25,1.02,0.98
1/07/2021,8:20:00 PM,8:23:46 PM,Penrith,NSW,5,184881006,R5 2125m Pace M,184881007,Harness,2125,Pace,25054292,3,Little Bliss,LOSER,7.9,WINNER,,983.69,44,6.8,7.4,8.64,8619.53,85,2.66,85,4.22,505.49,,4.3,2.02,2.3,3.33,983.23,8.6,9,1.02,0.98
1/07/2021,8:20:00 PM,8:23:46 PM,Penrith,NSW,5,184881006,R5 2125m Pace M,184881007,Harness,2125,Pace,8955718,4,Don Kee,LOSER,18.03,LOSER,,413.34,70,11,15.5,20,1482.5,280,7.8,280,21.85,129.5,,6.4,3.5,3.6,4.06,22.72,21,23,1.02,0.98
1/07/2021,8:20:00 PM,8:23:46 PM,Penrith,NSW,5,184881006,R5 2125m Pace M,184881007,Harness,2125,Pace,7155477,5,Hurricane Stride,LOSER,44,LOSER,,266.8,100,16,30,39.84,973.31,940,14,940,68.5,33.42,,9,5.6,5.7,6.86,37.73,32,34,1.02,0.98
1/07/2021,8:20:00 PM,8:23:46 PM,Penrith,NSW,5,184881006,R5 2125m Pace M,184881007,Harness,2125,Pace,38256426,6,Only One Don,LOSER,393.53,LOSER,,40.21,850,110,390,397.64,117.69,660,100,660,110,3.72,,70,22,38,28.09,7.74,590,730,1.02,0.98
1/07/2021,8:20:00 PM,8:23:46 PM,Penrith,NSW,5,184881006,R5 2125m Pace M,184881007,Harness,2125,Pace,39657545,7,Miss Mach,LOSER,11.52,LOSER,,737.65,34,8.8,10.5,11.05,2287.62,720,6.6,420,32.93,117.42,,3.1,2.06,2.22,2.54,297.84,10,10.5,1.02,0.98
1/07/2021,8:20:00 PM,8:23:46 PM,Penrith,NSW,5,184881006,R5 2125m Pace M,184881007,Harness,2125,Pace,5328361,8,Dragon Tattoo,WINNER,12.04,WINNER,,814.33,10.5,2.44,9.2,6.26,7098.03,14.5,1.05,1.06,2.47,2210.91,,2.52,1.47,2.3,1.97,919.87,8,8.6,1.02,0.98
1/07/2021,8:20:00 PM,8:23:46 PM,Penrith,NSW,5,184881006,R5 2125m Pace M,184881007,Harness,2125,Pace,22043498,9,Southbound Train,LOSER,8.03,WINNER,,1342.93,9.8,5.6,7.2,6.83,13795.07,85,1.45,85,5.51,577.8,,2.46,2.02,2.2,2.23,370.89,7.8,8,1.02,0.98
1/07/2021,8:20:00 PM,8:23:46 PM,Penrith,NSW,5,184881006,R5 2125m Pace M,184881007,Harness,2125,Pace,4051955,10,Hot Wire,LOSER,130,LOSER,,91.2,220,65,160,139.56,158.7,700,5.2,700,43.5,30.12,,22,16.5,16.5,16.78,2.59,150,200,1.02,0.98
1/07/2021,8:45:00 PM,8:47:00 PM,Penrith,NSW,6,184881008,R6 1720m Pace M,184881009,Harness,1720,Pace,25089056,1,Etiz Amodel,LOSER,9.37,LOSER,,704.65,11,7,8.8,7.88,848.54,350,3.9,350,11.03,188.45,,2.44,1.71,2.04,1.96,617.95,7.2,7.4,1.04,0.98
1/07/2021,8:45:00 PM,8:47:00 PM,Penrith,NSW,6,184881008,R6 1720m Pace M,184881009,Harness,1720,Pace,18294722,2,Faiselle,LOSER,108.51,LOSER,,93.42,320,22,300,90.86,121.72,700,90,700,117.24,22.28,,12.5,8.6,12,9.26,21.36,80,120,1.04,0.98
1/07/2021,8:45:00 PM,8:47:00 PM,Penrith,NSW,6,184881008,R6 1720m Pace M,184881009,Harness,1720,Pace,39669991,3,Im Bills Last,LOSER,2.77,LOSER,,1516.1,3.05,2,2.74,2.77,7805.89,55,2.02,55,3.02,467.48,,1.5,1.37,1.47,1.44,512.34,2.88,2.92,1.04,0.98
1/07/2021,8:45:00 PM,8:47:00 PM,Penrith,NSW,6,184881008,R6 1720m Pace M,184881009,Harness,1720,Pace,17344371,4,Jays Cash,LOSER,243.13,LOSER,,79.66,360,100,360,193.61,118.38,670,100,670,248.32,33.73,,24,24,24,24,2.02,130,160,1.04,0.98
1/07/2021,8:45:00 PM,8:47:00 PM,Penrith,NSW,6,184881008,R6 1720m Pace M,184881009,Harness,1720,Pace,10856236,5,Sportsmanship,LOSER,24.69,WINNER,,250.05,32,11.5,19.5,19.88,542.54,90,22,90,36.78,75.7,,4.8,4.1,4.5,4.38,36.75,16.5,17,1.04,0.98
1/07/2021,8:45:00 PM,8:47:00 PM,Penrith,NSW,6,184881008,R6 1720m Pace M,184881009,Harness,1720,Pace,22373188,6,Borders Man,LOSER,21.57,LOSER,,326.4,23,6.6,21,9.99,4563.17,300,15,300,36.97,17.94,,5.1,2.92,5,3.9,21.5,20,23,1.04,0.98
1/07/2021,8:45:00 PM,8:47:00 PM,Penrith,NSW,6,184881008,R6 1720m Pace M,184881009,Harness,1720,Pace,22043531,7,So Jack,LOSER,18.02,LOSER,,407.33,25,9.4,16.5,12.19,6251.28,990,10,720,72.19,112.07,,3.95,3.25,3.6,3.65,196.86,13.5,17,1.04,0.98
1/07/2021,8:45:00 PM,8:47:00 PM,Penrith,NSW,6,184881008,R6 1720m Pace M,184881009,Harness,1720,Pace,17101528,8,Miss Aeyla,WINNER,3.83,WINNER,,2148.14,7,4,4.1,4.58,3285.33,7,1.05,1.33,3.33,1395.58,,2.04,1.66,1.68,1.68,904.29,4.8,4.9,1.04,0.98
1/07/2021,8:45:00 PM,8:47:00 PM,Penrith,NSW,6,184881008,R6 1720m Pace M,184881009,Harness,1720,Pace,9234468,9,Lethal Star,LOSER,113.48,LOSER,,94.21,330,44,330,92.17,89.1,700,90,700,125.76,10.11,,14,12,13.5,12.58,206.07,120,160,1.04,0.98
1/07/2021,8:45:00 PM,8:47:00 PM,Penrith,NSW,6,184881008,R6 1720m Pace M,184881009,Harness,1720,Pace,23793297,10,Artistic Cowboy,LOSER,9.9,WINNER,,603.3,19,7.8,9.6,9.24,773.73,80,4.6,80,10.16,72.23,,3.25,2.58,2.58,2.81,49.66,7.8,8.6,1.04,0.98
1/07/2021,9:15:00 PM,9:17:28 PM,Penrith,NSW,7,184881010,R7 1720m Pace M,184881011,Harness,1720,Pace,31196808,1,Fantasyreactor,WINNER,1.26,WINNER,,6445.28,1.84,1.21,1.23,1.31,17332.76,1.54,1.01,1.02,1.21,4021.56,,1.13,1.07,1.09,1.09,4180.8,1.29,1.33,1.04,0.98
1/07/2021,9:15:00 PM,9:17:28 PM,Penrith,NSW,7,184881010,R7 1720m Pace M,184881011,Harness,1720,Pace,13126797,2,Cozzas Grin,LOSER,190,LOSER,,55.3,380,100,230,213.52,21.99,720,160,720,300.77,4.11,,17,9,14,11,14.87,210,280,1.04,0.98
1/07/2021,9:15:00 PM,9:17:28 PM,Penrith,NSW,7,184881010,R7 1720m Pace M,184881011,Harness,1720,Pace,36317940,3,Call Me Matty,LOSER,401.37,LOSER,,23.68,450,110,250,211.3,21.13,1000,55,100,148.85,6.26,,14,9.4,13.5,10.27,24.55,230,420,1.04,0.98
1/07/2021,9:15:00 PM,9:17:28 PM,Penrith,NSW,7,184881010,R7 1720m Pace M,184881011,Harness,1720,Pace,28535658,4,Union Liz,LOSER,60,LOSER,,102.73,80,17.5,46,43.53,95,720,36,720,229.23,2.46,,4.5,3.45,3.95,3.67,360.53,50,60,1.04,0.98
1/07/2021,9:15:00 PM,9:17:28 PM,Penrith,NSW,7,184881010,R7 1720m Pace M,184881011,Harness,1720,Pace,35091931,5,Hez All Ticker,LOSER,26,LOSER,,199.36,36,9.2,25,21.27,198.31,910,18,180,132.18,11.23,,3.25,2.74,3.2,2.89,57.48,19.5,24,1.04,0.98
1/07/2021,9:15:00 PM,9:17:28 PM,Penrith,NSW,7,184881010,R7 1720m Pace M,184881011,Harness,1720,Pace,27038926,6,Sport Cadet,LOSER,310.54,LOSER,,18.4,270,130,170,186.01,30.7,830,270,830,370.16,7.94,,16.5,11,12.5,11.67,17.42,180,220,1.04,0.98
1/07/2021,9:15:00 PM,9:17:28 PM,Penrith,NSW,7,184881010,R7 1720m Pace M,184881011,Harness,1720,Pace,23156814,7,Paidinfull,LOSER,16.45,LOSER,,276.82,17.5,4.9,15,8.99,2026.65,85,3.5,44,9.5,375.88,,2.44,1.49,1.55,1.61,3364.78,11.5,12.5,1.04,0.98
1/07/2021,9:15:00 PM,9:17:28 PM,Penrith,NSW,7,184881010,R7 1720m Pace M,184881011,Harness,1720,Pace,22126315,8,Smoking Zak,LOSER,208.12,LOSER,,31.06,240,95,160,168.37,35.08,720,180,720,252.68,8.92,,9.8,7.4,7.8,7.71,591.46,180,220,1.04,0.98
1/07/2021,9:15:00 PM,9:17:28 PM,Penrith,NSW,7,184881010,R7 1720m Pace M,184881011,Harness,1720,Pace,21530408,9,Dont Tell Dorothy,LOSER,18.14,WINNER,,279.28,22,5.7,19.5,13.5,472.52,720,5.5,280,23.58,59.89,,2.64,1.99,2.48,2.09,397.96,14.5,16,1.04,0.98
1/07/2021,9:15:00 PM,9:17:28 PM,Penrith,NSW,7,184881010,R7 1720m Pace M,184881011,Harness,1720,Pace,12319733,10,Glenferrie Duster,LOSER,162.26,WINNER,,28.02,190,38,110,92.61,56.09,700,5.3,700,59.02,32.31,,7.2,6.2,6.6,6.48,51.68,75,110,1.04,0.98
1/07/2021,9:45:00 PM,9:46:22 PM,Penrith,NSW,8,184881012,R8 1720m Pace M,184881013,Harness,1720,Pace,38687309,1,Smaltese,WINNER,2.09,WINNER,,2296.89,2.84,1.96,2.06,2.15,17801.11,3,1.01,1.01,1.26,4747.89,,1.36,1.24,1.26,1.28,1535.9,2,2.02,1.03,0.98
1/07/2021,9:45:00 PM,9:46:22 PM,Penrith,NSW,8,184881012,R8 1720m Pace M,184881013,Harness,1720,Pace,40031630,2,Jalaneel,LOSER,14.52,LOSER,,425.49,30,13,13,17.23,372.61,910,14,570,38.27,83.58,,3.7,3.1,3.45,3.26,102.03,14,14.5,1.03,0.98
1/07/2021,9:45:00 PM,9:46:22 PM,Penrith,NSW,8,184881012,R8 1720m Pace M,184881013,Harness,1720,Pace,39879767,3,Major Melody,LOSER,110,LOSER,,73.15,130,42,90,73.04,44.39,930,24,700,180.03,21.24,,14,8.6,14,10.9,23.5,80,85,1.03,0.98
1/07/2021,9:45:00 PM,9:46:22 PM,Penrith,NSW,8,184881012,R8 1720m Pace M,184881013,Harness,1720,Pace,40031631,4,Justadiva,LOSER,38,WINNER,,152.26,65,30,34,38.59,246.46,930,17.5,590,96.53,22.21,,7.4,5.7,7.4,6.65,21.26,30,32,1.03,0.98
1/07/2021,9:45:00 PM,9:46:22 PM,Penrith,NSW,8,184881012,R8 1720m Pace M,184881013,Harness,1720,Pace,40031632,5,Wherestheboy,LOSER,90,LOSER,,87.26,100,44,90,71.28,66.37,940,110,940,480.8,2.46,,18.5,9,18.5,10.81,24.73,90,95,1.03,0.98
1/07/2021,9:45:00 PM,9:46:22 PM,Penrith,NSW,8,184881012,R8 1720m Pace M,184881013,Harness,1720,Pace,40031633,6,My Ultimate Ronnie,LOSER,5.7,WINNER,,781.45,6,3.65,5.3,4.65,2213.61,110,1.5,100,7.53,643.05,,2.02,1.66,2.02,1.86,484.59,4.6,5.2,1.03,0.98
1/07/2021,9:45:00 PM,9:46:22 PM,Penrith,NSW,8,184881012,R8 1720m Pace M,184881013,Harness,1720,Pace,6737752,7,Resolute Bay,LOSER,18.81,LOSER,,204,26,9.6,17,19.13,658.67,720,10,720,49.49,47.81,,3.15,2,2.32,2.67,1422.09,22,25,1.03,0.98
1/07/2021,9:45:00 PM,9:46:22 PM,Penrith,NSW,8,184881012,R8 1720m Pace M,184881013,Harness,1720,Pace,40031634,8,Shez So Ideal,LOSER,165.31,LOSER,,36.1,200,16,180,85.95,108.65,720,290,700,434.44,2.21,,26,15,15.5,17.52,25.3,120,140,1.03,0.98
1/07/2021,9:45:00 PM,9:46:22 PM,Penrith,NSW,8,184881012,R8 1720m Pace M,184881013,Harness,1720,Pace,40031635,9,Runfromterror,LOSER,12.57,LOSER,,389.12,29,11,11.5,13.52,776.93,720,9.2,420,46.52,28.56,,3.05,2.7,2.72,2.77,559.33,13,14,1.03,0.98
1/07/2021,9:45:00 PM,9:46:22 PM,Penrith,NSW,8,184881012,R8 1720m Pace M,184881013,Harness,1720,Pace,38686834,10,Boomer Rock,LOSER,21,LOSER,,363.52,22,6,22,10.3,1744.22,720,30,720,105.16,6.97,,5.9,2.2,4.3,3.2,399.8,19,20,1.03,0.98
1/07/2021,10:10:00 PM,10:11:11 PM,Penrith,NSW,9,184881014,R9 2125m Pace M,184881015,Harness,2125,Pace,39232169,1,Piccadilly Pop,LOSER,16.41,LOSER,,321.14,25,11,16,14.91,1027.32,910,6.6,910,35.02,136.54,,,,,,,14,16,1.03,0.99
1/07/2021,10:10:00 PM,10:11:11 PM,Penrith,NSW,9,184881014,R9 2125m Pace M,184881015,Harness,2125,Pace,32349314,2,Knight Walker,LOSER,190,LOSER,,33.82,200,38,200,128.93,46,720,260,720,457.62,2.65,,13.5,13.5,13.5,13.5,5,140,160,1.03,0.99
1/07/2021,10:10:00 PM,10:11:11 PM,Penrith,NSW,9,184881014,R9 2125m Pace M,184881015,Harness,2125,Pace,40031636,3,Major Jarod,WINNER,4.7,WINNER,,1231.11,6.6,3.8,5.1,5.52,2979.99,8.8,1.01,1.01,2.09,2434.99,,2.14,1.77,1.87,1.78,519.61,6.4,6.6,1.03,0.99
1/07/2021,10:10:00 PM,10:11:11 PM,Penrith,NSW,9,184881014,R9 2125m Pace M,184881015,Harness,2125,Pace,35681946,4,Linxx,LOSER,3.53,LOSER,,2332.54,12.5,3.95,4.4,4.78,3549.22,170,3.05,150,4.26,950,,2.26,1.76,1.91,2,35.34,4.4,4.6,1.03,0.99
1/07/2021,10:10:00 PM,10:11:11 PM,Penrith,NSW,9,184881014,R9 2125m Pace M,184881015,Harness,2125,Pace,24930170,5,Winamotza,LOSER,11.75,WINNER,,631.5,27,12,13.5,16.06,450.71,720,11.5,190,21.71,154.91,,,,,,,12.5,13.5,1.03,0.99
1/07/2021,10:10:00 PM,10:11:11 PM,Penrith,NSW,9,184881014,R9 2125m Pace M,184881015,Harness,2125,Pace,2110944,6,La Bomba,LOSER,22.62,LOSER,,283.39,21,8.4,21,14.97,225.98,720,11,720,34.91,51.87,,,,,,,15.5,16,1.03,0.99
1/07/2021,10:10:00 PM,10:11:11 PM,Penrith,NSW,9,184881014,R9 2125m Pace M,184881015,Harness,2125,Pace,22650448,7,The Crom,LOSER,420,LOSER,,22.17,400,75,400,220.94,30.39,910,420,910,430.46,2.19,,15.5,13,13,15.3,5,290,360,1.03,0.99
1/07/2021,10:10:00 PM,10:11:11 PM,Penrith,NSW,9,184881014,R9 2125m Pace M,184881015,Harness,2125,Pace,40031637,8,Sick As A Dog,LOSER,14.62,LOSER,,446.37,21,12.5,17.5,15.92,249.56,170,14,170,24.96,69.12,,3.95,2.8,3.5,3.12,15.83,17.5,18,1.03,0.99
1/07/2021,10:10:00 PM,10:11:11 PM,Penrith,NSW,9,184881014,R9 2125m Pace M,184881015,Harness,2125,Pace,40031638,9,Dontrattlehiscage,LOSER,83.62,LOSER,,89.92,85,34,80,51.23,59.74,740,80,740,151.99,9.88,,7.4,5.9,7.4,6.7,23.1,40,46,1.03,0.99
1/07/2021,10:10:00 PM,10:11:11 PM,Penrith,NSW,9,184881014,R9 2125m Pace M,184881015,Harness,2125,Pace,2673042,10,Pay Day,LOSER,3.56,WINNER,,855.68,3.7,1.98,3.15,2.91,6590.54,110,1.31,110,2.51,1628.13,,1.75,1.41,1.74,1.67,540.21,2.96,3,1.03,0.99
1/07/2021,1:37:00 PM,1:37:27 PM,Tamworth,NSW,1,184893771,R1 1609m Pace M,184893772,Harness,1609,Pace,9252825,1,Rory Mclory,LOSER,6,WINNER,,755.98,8.4,5.7,6,7.03,869.76,880,4.9,880,13.03,113.68,,2.58,2.02,2.18,2.23,160.38,6.4,6.6,1.05,0.99
1/07/2021,1:37:00 PM,1:37:27 PM,Tamworth,NSW,1,184893771,R1 1609m Pace M,184893772,Harness,1609,Pace,7401127,2,Dark Side,WINNER,6.67,WINNER,,1151.36,13.5,5.8,7.2,8.15,1257.65,17.5,1.01,1.01,2.95,4961.89,,2.8,2.26,2.78,2.45,190.57,7.4,7.8,1.05,0.99
1/07/2021,1:37:00 PM,1:37:27 PM,Tamworth,NSW,1,184893771,R1 1609m Pace M,184893772,Harness,1609,Pace,27789853,3,Coolalie Kid,LOSER,82.6,LOSER,,74.84,85,17,60,50.36,85.27,720,24,720,70.17,18.55,,9.4,4.2,9.4,7.41,21.68,55,60,1.05,0.99
1/07/2021,1:37:00 PM,1:37:27 PM,Tamworth,NSW,1,184893771,R1 1609m Pace M,184893772,Harness,1609,Pace,24810615,4,Ashincharge,LOSER,12.75,LOSER,,353.91,15,4.3,14,11.08,437.28,890,12.5,890,46.94,162.01,,3.15,3.15,3.15,3.15,8.72,12,13,1.05,0.99
1/07/2021,1:37:00 PM,1:37:27 PM,Tamworth,NSW,1,184893771,R1 1609m Pace M,184893772,Harness,1609,Pace,19132980,5,Monsieur Darcy,LOSER,40,LOSER,,133.17,80,29,36,34.71,185.04,780,38,300,53.41,36.69,,5.7,5.7,5.7,5.7,4.82,29,34,1.05,0.99
1/07/2021,1:37:00 PM,1:37:27 PM,Tamworth,NSW,1,184893771,R1 1609m Pace M,184893772,Harness,1609,Pace,27806780,6,Burrabadine Dream,LOSER,184.82,LOSER,,31.23,190,60,160,150.49,28.19,720,150,700,256.07,5.97,,17,17,17,17,1.58,160,170,1.05,0.99
1/07/2021,1:37:00 PM,1:37:27 PM,Tamworth,NSW,1,184893771,R1 1609m Pace M,184893772,Harness,1609,Pace,38284935,7,Uncle Gregory,LOSER,3.85,LOSER,,844.44,9.8,3.5,3.6,4.51,6588.58,880,2.5,690,9.26,231.99,,2.22,1.56,1.56,1.84,382.33,4.1,4.3,1.05,0.99
1/07/2021,1:37:00 PM,1:37:27 PM,Tamworth,NSW,1,184893771,R1 1609m Pace M,184893772,Harness,1609,Pace,8069336,8,Laser Major,LOSER,40,WINNER,,77.09,55,24,34,39.79,101.47,780,8.4,300,36.77,33.9,,5.2,5.2,5.2,5.2,5.27,38,50,1.05,0.99
1/07/2021,1:37:00 PM,1:37:27 PM,Tamworth,NSW,1,184893771,R1 1609m Pace M,184893772,Harness,1609,Pace,28658578,9,Sundowner Shannon,LOSER,4,LOSER,,1608.74,8,3.85,4,4.29,1845.8,880,2.38,110,6.53,965.37,,1.89,1.68,1.78,1.86,134.36,4.1,4.3,1.05,0.99
1/07/2021,1:37:00 PM,1:37:27 PM,Tamworth,NSW,1,184893771,R1 1609m Pace M,184893772,Harness,1609,Pace,36672741,10,Wicklow Warrior,LOSER,53.56,LOSER,,132.79,85,5.2,85,12.54,2350.72,170,5.1,100,45.12,265.69,,26,2.2,9.2,6.11,256.48,9.6,10.5,1.05,0.99
1/07/2021,2:16:00 PM,2:16:26 PM,Tamworth,NSW,2,184893773,R2 1609m Pace M,184893774,Harness,1609,Pace,2406579,1,Savannahs Boy,LOSER,61.74,LOSER,,58.9,100,28,60,56.87,110.91,720,4.7,230,25.89,42.48,,7,3.3,4.8,5.91,99.61,80,85,1.02,0.99
1/07/2021,2:16:00 PM,2:16:26 PM,Tamworth,NSW,2,184893773,R2 1609m Pace M,184893774,Harness,1609,Pace,10673056,2,Jackeroo Shannon,LOSER,2.6,WINNER,,2332.56,9,2.38,2.56,4.02,5223.5,720,2,9.2,4.76,530.52,,1.66,1.44,1.5,1.55,2430.79,3.75,3.8,1.02,0.99
1/07/2021,2:16:00 PM,2:16:26 PM,Tamworth,NSW,2,184893773,R2 1609m Pace M,184893774,Harness,1609,Pace,11294481,3,Farrahfowler,WINNER,101.87,WINNER,,79.97,240,48,90,120.73,48.28,100,1.01,1.01,1.5,2473.89,,18.5,10,10,13.89,23.43,220,230,1.02,0.99
1/07/2021,2:16:00 PM,2:16:26 PM,Tamworth,NSW,2,184893773,R2 1609m Pace M,184893774,Harness,1609,Pace,23742275,4,Bella Bronski,LOSER,8.35,LOSER,,1258.29,25,1.63,8.4,4.84,15422.08,720,6,550,23.38,834.19,,3.4,1.14,3.35,1.49,4147.94,2.22,2.24,1.02,0.99
1/07/2021,2:16:00 PM,2:16:26 PM,Tamworth,NSW,2,184893773,R2 1609m Pace M,184893774,Harness,1609,Pace,4243646,5,Smiling,LOSER,11.15,WINNER,,404.43,40,10,11.5,17.9,460.43,780,1.17,780,4.85,475.97,,4.7,3.45,3.45,4.1,149.06,22,25,1.02,0.99
1/07/2021,2:16:00 PM,2:16:26 PM,Tamworth,NSW,2,184893773,R2 1609m Pace M,184893774,Harness,1609,Pace,1080563,6,Cronin,LOSER,9.12,LOSER,,554.6,18,5.5,9,8.05,4174.62,720,3.05,720,19.16,53.63,,3,2.22,2.66,2.63,200,13.5,14,1.02,0.99
1/07/2021,2:16:00 PM,2:16:26 PM,Tamworth,NSW,2,184893773,R2 1609m Pace M,184893774,Harness,1609,Pace,18221510,7,Navua Girl,LOSER,6.88,LOSER,,658.27,19,6.4,7,9.61,2373.19,1000,7,1000,14.35,99.52,,2.4,1.98,1.98,2.08,1514.17,9,9.4,1.02,0.99
1/07/2021,2:16:00 PM,2:16:26 PM,Tamworth,NSW,2,184893773,R2 1609m Pace M,184893774,Harness,1609,Pace,18148317,8,Glen Innes Boy,LOSER,11.16,LOSER,,398.46,80,10,11.5,16.63,550.46,780,3.35,720,20.86,232.4,,4.5,2.98,3.15,3.64,108.58,29,36,1.02,0.99
1/07/2021,2:16:00 PM,2:16:26 PM,Tamworth,NSW,2,184893773,R2 1609m Pace M,184893774,Harness,1609,Pace,37705257,9,Under Other,LOSER,60,LOSER,,87.83,140,26,26,56.44,112.49,720,4.7,720,24.93,36.15,,10.5,7,7,8.26,37.69,95,100,1.02,0.99
1/07/2021,2:16:00 PM,2:16:26 PM,Tamworth,NSW,2,184893773,R2 1609m Pace M,184893774,Harness,1609,Pace,26753960,10,Maywyns Honey,LOSER,100,LOSER,,66.95,210,38,90,113.19,124.11,720,140,720,341.94,0.92,,18.5,9.8,9.8,11.59,22.64,160,190,1.02,0.99
1/07/2021,2:55:00 PM,2:55:28 PM,Tamworth,NSW,3,184893775,R3 1609m Pace M,184893776,Harness,1609,Pace,40031613,1,Freddies Delight,WINNER,5.97,WINNER,,1017.45,24,6.4,6.4,8.25,1576,60,1.01,1.01,1.68,2480.54,,8.2,2.16,2.16,2.85,342.73,7,7.4,1.04,1.01
1/07/2021,2:55:00 PM,2:55:28 PM,Tamworth,NSW,3,184893775,R3 1609m Pace M,184893776,Harness,1609,Pace,9204496,2,A Good Ideal,LOSER,11.87,LOSER,,496.83,11.5,5.1,11.5,9.47,611.03,780,6.8,780,15.67,175.17,,2.86,2.28,2.86,2.42,96.44,9.2,11,1.04,1.01
1/07/2021,2:55:00 PM,2:55:28 PM,Tamworth,NSW,3,184893775,R3 1609m Pace M,184893776,Harness,1609,Pace,24940283,3,Seelsters Song,LOSER,17.21,WINNER,,390.62,27,12,20,17.9,307,780,1.4,780,5.57,971.61,,4.1,2.96,4.1,3.38,49.56,17,15,1.04,1.01
1/07/2021,2:55:00 PM,2:55:28 PM,Tamworth,NSW,3,184893775,R3 1609m Pace M,184893776,Harness,1609,Pace,10293600,4,It Aint Royal,LOSER,3.02,LOSER,,1555.23,3.85,2.26,3.15,3.15,5593.77,720,2.98,17,7.34,545.37,,1.68,1.34,1.68,1.6,443.53,3.05,3.1,1.04,1.01
1/07/2021,2:55:00 PM,2:55:28 PM,Tamworth,NSW,3,184893775,R3 1609m Pace M,184893776,Harness,1609,Pace,39594455,5,Pebble Rock,LOSER,15.75,LOSER,,474.5,27,12,15,14.16,936.2,900,5.9,780,41.65,73.56,,4,3.55,3.55,3.77,64.33,13.5,14.5,1.04,1.01
1/07/2021,2:55:00 PM,2:55:28 PM,Tamworth,NSW,3,184893775,R3 1609m Pace M,184893776,Harness,1609,Pace,37705260,6,Blissfull Identity,LOSER,6,LOSER,,902.48,50,5.1,6,7.1,3237.96,720,5.6,700,43.83,80.1,,3.3,2.3,2.52,2.59,173.34,5.7,5.3,1.04,1.01
1/07/2021,2:55:00 PM,2:55:28 PM,Tamworth,NSW,3,184893775,R3 1609m Pace M,184893776,Harness,1609,Pace,38677227,7,Im Plain Jane,LOSER,127.75,WINNER,,58.11,200,55,130,93.71,35.82,280,5,29,8.27,153.34,,,,,,,95,120,1.04,1.01
1/07/2021,2:55:00 PM,2:55:28 PM,Tamworth,NSW,3,184893775,R3 1609m Pace M,184893776,Harness,1609,Pace,9384175,8,Our Bushwacker,LOSER,10.5,LOSER,,658.48,15,3.85,11,6.1,3925.15,780,4.2,480,10.71,151.73,,3,1.93,2.72,2.29,82.13,11.5,12,1.04,1.01
1/07/2021,2:55:00 PM,2:55:28 PM,Tamworth,NSW,3,184893775,R3 1609m Pace M,184893776,Harness,1609,Pace,33950717,9,Killara Insanity,LOSER,53.1,LOSER,,110.58,60,28,46,34.96,137.59,930,17,280,121.58,15.77,,6.8,6.4,6.8,6.63,53.12,34,48,1.04,1.01
1/07/2021,2:55:00 PM,2:55:28 PM,Tamworth,NSW,3,184893775,R3 1609m Pace M,184893776,Harness,1609,Pace,10673322,10,Summer Dreams,LOSER,60,LOSER,,95.43,55,9.4,55,33.62,135.24,740,50,740,119.19,11.96,,,,,,,40,48,1.04,1.01
1/07/2021,3:33:00 PM,3:33:27 PM,Tamworth,NSW,4,184893777,R4 1609m Pace M,184893778,Harness,1609,Pace,25522422,1,Write Time,LOSER,6.02,LOSER,,654.71,10,4.8,5.8,5.82,590.29,720,2.66,720,4.5,704.77,,2.2,1.98,1.98,1.98,85.04,5.2,5.9,1.06,0.96
1/07/2021,3:33:00 PM,3:33:27 PM,Tamworth,NSW,4,184893777,R4 1609m Pace M,184893778,Harness,1609,Pace,24226843,2,Stilton,LOSER,10.76,LOSER,,457.77,24,8.4,10,12.39,430.82,720,5.2,720,13.43,125.68,,3.45,2.84,2.86,3.29,29.5,8.4,8.8,1.06,0.96
1/07/2021,3:33:00 PM,3:33:27 PM,Tamworth,NSW,4,184893777,R4 1609m Pace M,184893778,Harness,1609,Pace,39890262,3,Miss Social Media,LOSER,6.91,LOSER,,1057.29,9.2,3.65,7.4,6.22,1461,880,5.2,690,25.32,105.42,,2.56,1.73,2.46,2.41,142.44,8.4,9,1.06,0.96
1/07/2021,3:33:00 PM,3:33:27 PM,Tamworth,NSW,4,184893777,R4 1609m Pace M,184893778,Harness,1609,Pace,10842672,4,Redbank Olivia,LOSER,176.94,LOSER,,31.52,160,60,140,113.9,19.05,720,160,720,210.52,8.3,,,,,,,130,140,1.06,0.96
1/07/2021,3:33:00 PM,3:33:27 PM,Tamworth,NSW,4,184893777,R4 1609m Pace M,184893778,Harness,1609,Pace,19463922,5,Prince Of Payne,LOSER,130,LOSER,,55.42,110,50,95,79.95,36.06,720,95,720,170.76,5.11,,,,,,,85,90,1.06,0.96
1/07/2021,3:33:00 PM,3:33:27 PM,Tamworth,NSW,4,184893777,R4 1609m Pace M,184893778,Harness,1609,Pace,23697426,6,Our Roys Dream,LOSER,23,LOSER,,150.61,23,6,17.5,15.89,342.97,900,13,780,55.99,40.91,,,,,,,16.5,23,1.06,0.96
1/07/2021,3:33:00 PM,3:33:27 PM,Tamworth,NSW,4,184893777,R4 1609m Pace M,184893778,Harness,1609,Pace,8471565,7,Ark,LOSER,6.15,WINNER,,667.44,9,4.9,5.8,5.67,768.5,720,1.85,150,5.93,250.33,,1.92,1.91,1.91,1.91,100,5,5.4,1.06,0.96
1/07/2021,3:33:00 PM,3:33:27 PM,Tamworth,NSW,4,184893777,R4 1609m Pace M,184893778,Harness,1609,Pace,27483282,8,Gojoe,LOSER,4.5,WINNER,,827.33,6.6,3.6,4.5,4.37,5716.21,110,1.09,100,3.92,361.58,,1.96,1.81,1.86,1.92,58.19,4.5,4.9,1.06,0.96
1/07/2021,3:33:00 PM,3:33:27 PM,Tamworth,NSW,4,184893777,R4 1609m Pace M,184893778,Harness,1609,Pace,19006530,9,Buckledown Buddy,WINNER,12.27,WINNER,,304.35,25,11.5,11.5,15.17,408.46,100,1.01,1.02,1.62,1174.53,,3.5,3.5,3.5,3.5,12,13,14,1.06,0.96
1/07/2021,3:33:00 PM,3:33:27 PM,Tamworth,NSW,4,184893777,R4 1609m Pace M,184893778,Harness,1609,Pace,15604235,10,Illawong Lord,LOSER,22.27,LOSER,,184.67,28,13,22,22.24,153.61,780,11.5,300,57.21,55.89,,,,,,,19.5,22,1.06,0.96
1/07/2021,4:07:00 PM,4:07:24 PM,Tamworth,NSW,5,184893779,R5 1980m Pace M,184893780,Harness,1980,Pace,38139239,1,Grandview,LOSER,64.04,WINNER,,44.6,85,40,44,55.1,105.01,80,3,65,10.87,144.86,,7.8,6,6.8,6.7,73.57,55,60,1.03,1.03
1/07/2021,4:07:00 PM,4:07:24 PM,Tamworth,NSW,5,184893779,R5 1980m Pace M,184893780,Harness,1980,Pace,37705468,2,Yarramans Shadow,LOSER,7.83,LOSER,,705.18,10.5,4.3,9.4,8.26,847.56,720,2.02,720,5.66,634.33,,2.28,2.24,2.24,2.26,500,9.4,10,1.03,1.03
1/07/2021,4:07:00 PM,4:07:24 PM,Tamworth,NSW,5,184893779,R5 1980m Pace M,184893780,Harness,1980,Pace,27639050,3,My Kinda Justus,LOSER,17.93,LOSER,,179.36,38,15,15.5,21.09,381.37,720,3.5,720,27.69,96.08,,,,,,,21,23,1.03,1.03
1/07/2021,4:07:00 PM,4:07:24 PM,Tamworth,NSW,5,184893779,R5 1980m Pace M,184893780,Harness,1980,Pace,35909388,4,Shanks For Coming,LOSER,1.9,LOSER,,3911.77,2.76,1.9,1.91,2.01,7807.19,880,1.52,880,5.86,2408.37,,1.35,1.24,1.3,1.27,195.91,1.97,1.98,1.03,1.03
1/07/2021,4:07:00 PM,4:07:24 PM,Tamworth,NSW,5,184893779,R5 1980m Pace M,184893780,Harness,1980,Pace,19561734,5,Peggy Sue Shannon,LOSER,55,WINNER,,82.93,95,38,38,55.11,66.32,720,15,720,39.92,36.67,,5,4.9,5,4.98,60.61,55,60,1.03,1.03
1/07/2021,4:07:00 PM,4:07:24 PM,Tamworth,NSW,5,184893779,R5 1980m Pace M,184893780,Harness,1980,Pace,22675757,6,Ghostly Silence,LOSER,12,LOSER,,285.8,25,11.5,11.5,15.63,617.27,720,3.7,720,34.65,166.03,,3.85,2.44,2.46,2.56,340.75,14.5,15.5,1.03,1.03
1/07/2021,4:07:00 PM,4:07:24 PM,Tamworth,NSW,5,184893779,R5 1980m Pace M,184893780,Harness,1980,Pace,25463904,7,Wotnow Swanee,WINNER,8.2,WINNER,,555.78,16.5,5.2,8.2,6.72,7612.21,8.2,1.02,1.04,1.97,1853.33,,2.82,1.87,2.14,2.24,115.96,8,6.2,1.03,1.03
1/07/2021,4:07:00 PM,4:07:24 PM,Tamworth,NSW,5,184893779,R5 1980m Pace M,184893780,Harness,1980,Pace,24539953,8,Billboard Bonnie,LOSER,170.25,LOSER,,45.43,230,70,140,111.87,109.35,960,95,720,270.29,8.59,,22,9.6,22,10.77,21.99,140,190,1.03,1.03
1/07/2021,4:07:00 PM,4:07:24 PM,Tamworth,NSW,5,184893779,R5 1980m Pace M,184893780,Harness,1980,Pace,23721186,9,A Paradigm Shift,LOSER,58.48,LOSER,,220.07,110,7.8,110,14.12,1964.54,890,50,720,93.22,61.25,,14,2.18,14,4.57,181.05,8.8,9.2,1.03,1.03
1/07/2021,4:07:00 PM,4:07:24 PM,Tamworth,NSW,5,184893779,R5 1980m Pace M,184893780,Harness,1980,Pace,22436681,10,Big Beat,LOSER,110,LOSER,,60.86,110,55,70,81.31,58.51,720,12,720,25.47,26.78,,11.5,10.5,11.5,11.01,30.89,80,100,1.03,1.03
1/07/2021,4:42:00 PM,4:42:34 PM,Tamworth,NSW,6,184893781,R6 1609m Pace M,184893782,Harness,1609,Pace,11866324,1,Penny A Packet,LOSER,81.61,LOSER,,80,130,16,110,75.11,68.56,930,55,720,115.63,33.01,,9.8,5.1,9.6,7.65,34.45,75,95,1.04,0.99
1/07/2021,4:42:00 PM,4:42:34 PM,Tamworth,NSW,6,184893781,R6 1609m Pace M,184893782,Harness,1609,Pace,18697007,2,Brie,LOSER,7.95,WINNER,,538.9,15,7.2,8,8.37,682.26,100,1.8,100,5.8,406.01,,2.5,2.14,2.16,2.23,290.83,8.2,9.4,1.04,0.99
1/07/2021,4:42:00 PM,4:42:34 PM,Tamworth,NSW,6,184893781,R6 1609m Pace M,184893782,Harness,1609,Pace,26963497,3,Hand Writer,LOSER,14.51,LOSER,,496.71,13.5,5.7,13.5,10.32,528.08,720,12,420,20.01,110.3,,2.52,2.2,2.52,2.39,68.12,10.5,11,1.04,0.99
1/07/2021,4:42:00 PM,4:42:34 PM,Tamworth,NSW,6,184893781,R6 1609m Pace M,184893782,Harness,1609,Pace,16991082,5,Sir Macador,LOSER,45.82,LOSER,,171.03,80,32,55,48.04,80.02,780,44,300,68.63,14.7,,,,,,,40,46,1.04,0.99
1/07/2021,4:42:00 PM,4:42:34 PM,Tamworth,NSW,6,184893781,R6 1609m Pace M,184893782,Harness,1609,Pace,18294540,6,Brexitt,LOSER,3.25,LOSER,,3104.94,3.6,2.42,3.4,3.17,3890.23,720,3.25,720,11.69,274.44,,1.57,1.33,1.5,1.48,310.45,3.35,3.4,1.04,0.99
1/07/2021,4:42:00 PM,4:42:34 PM,Tamworth,NSW,6,184893781,R6 1609m Pace M,184893782,Harness,1609,Pace,26963510,7,Diesel Don,LOSER,22.21,WINNER,,267.71,25,13.5,20,18.41,224.5,860,4.6,860,30.95,20.19,,,,,,,15,16.5,1.04,0.99
1/07/2021,4:42:00 PM,4:42:34 PM,Tamworth,NSW,6,184893781,R6 1609m Pace M,184893782,Harness,1609,Pace,1305961,8,Gotta Rush,LOSER,9.16,LOSER,,702.54,19.5,6.2,8.6,8.41,2592.08,720,8.8,420,16.11,109.3,,3.2,2.24,2.68,2.56,512.28,8.4,8.6,1.04,0.99
1/07/2021,4:42:00 PM,4:42:34 PM,Tamworth,NSW,6,184893781,R6 1609m Pace M,184893782,Harness,1609,Pace,38405928,9,Watchful Lady,WINNER,3.69,WINNER,,1723.9,5.3,3.15,3.4,3.5,5503.42,5,1.01,1.01,1.86,2039.3,,1.81,1.5,1.61,1.68,312.57,3.35,3.5,1.04,0.99
1/07/2021,5:13:00 PM,5:13:22 PM,Tamworth,NSW,7,184893783,R7 1609m Pace M,184893784,Harness,1609,Pace,17567702,1,Manly Boy,LOSER,4.47,WINNER,,1786.28,5.8,2.36,4.7,4.46,2817.75,110,3.35,110,8.06,665.34,,2.26,1.7,1.7,1.78,691.7,4.6,4.9,1.04,0.98
1/07/2021,5:13:00 PM,5:13:22 PM,Tamworth,NSW,7,184893783,R7 1609m Pace M,184893784,Harness,1609,Pace,20027152,2,Casino Comedy,LOSER,4.3,LOSER,,1817.8,20,3.9,4.4,5.54,6982.66,720,3.2,690,5.34,645.09,,2.88,1.5,1.91,1.9,759.19,4.5,4.7,1.04,0.98
1/07/2021,5:13:00 PM,5:13:22 PM,Tamworth,NSW,7,184893783,R7 1609m Pace M,184893784,Harness,1609,Pace,10689640,3,Who Killed Kenny,LOSER,395.04,LOSER,,55.14,470,55,450,241.24,75.12,720,12.5,720,104.98,54.89,,55,34,55,49.28,23.53,310,450,1.04,0.98
1/07/2021,5:13:00 PM,5:13:22 PM,Tamworth,NSW,7,184893783,R7 1609m Pace M,184893784,Harness,1609,Pace,11669831,4,Everything Happens,WINNER,9.83,WINNER,,677.24,9.4,6.4,9.2,8.27,630.97,12,1.01,1.06,1.52,2760.6,,3,2.68,3,2.81,111.05,8,8.6,1.04,0.98
1/07/2021,5:13:00 PM,5:13:22 PM,Tamworth,NSW,7,184893783,R7 1609m Pace M,184893784,Harness,1609,Pace,5597318,6,Amused,LOSER,6.76,LOSER,,1125.31,11.5,6.2,6.4,7.01,1204.99,720,2.22,290,4.47,691.81,,2.5,2.3,2.32,2.37,58.23,6.2,6.6,1.04,0.98
1/07/2021,5:13:00 PM,5:13:22 PM,Tamworth,NSW,7,184893783,R7 1609m Pace M,184893784,Harness,1609,Pace,8651032,7,Peggyville,LOSER,9.77,WINNER,,496.24,11,6.4,9,8.54,1574.86,720,5.7,720,18.74,82.07,,2.54,2.38,2.5,2.44,212.54,9.2,9.6,1.04,0.98
1/07/2021,5:13:00 PM,5:13:22 PM,Tamworth,NSW,7,184893783,R7 1609m Pace M,184893784,Harness,1609,Pace,23721658,8,Mac Stubborn,LOSER,32.85,LOSER,,242.78,50,23,32,33.87,207.4,780,11.5,780,73.8,25.85,,6.8,5.5,6,5.92,38.35,32,36,1.04,0.98
1/07/2021,5:13:00 PM,5:13:22 PM,Tamworth,NSW,7,184893783,R7 1609m Pace M,184893784,Harness,1609,Pace,13427546,9,Tulhurst Terror,LOSER,7.74,LOSER,,1018.36,7.6,3.8,7,6.36,1579.49,720,7.4,290,16.43,85.89,,2.5,2.28,2.36,2.38,775.23,7,7.2,1.04,0.98
1/07/2021,5:13:00 PM,5:13:22 PM,Tamworth,NSW,7,184893783,R7 1609m Pace M,184893784,Harness,1609,Pace,28424662,10,Akuma,LOSER,35.82,LOSER,,220.07,55,20,36,34.65,290.32,780,34,780,74.1,19.7,,7.6,3.8,7.4,6.6,39.9,34,40,1.04,0.98
1/07/2021,5:47:00 PM,5:47:25 PM,Tamworth,NSW,8,184893785,R8 1980m Pace M,184893786,Harness,1980,Pace,19388097,1,The Narrator,LOSER,11,LOSER,,919,12.5,6.8,10.5,9.34,953.27,720,2.8,690,6.49,554.95,,2.16,1.86,2.1,2.11,85.83,10,11,1.04,0.97
1/07/2021,5:47:00 PM,5:47:25 PM,Tamworth,NSW,8,184893785,R8 1980m Pace M,184893786,Harness,1980,Pace,19728091,2,Overthemoon,LOSER,13.61,LOSER,,665.05,24,9,15,12.42,3423.89,890,6.6,210,38.98,146.11,,3.55,2.98,2.98,3.16,29.64,14,20,1.04,0.97
1/07/2021,5:47:00 PM,5:47:25 PM,Tamworth,NSW,8,184893785,R8 1980m Pace M,184893786,Harness,1980,Pace,12014953,3,Bassey,LOSER,44.81,LOSER,,209.23,85,36,46,50.09,102.2,760,23,400,72.96,11.58,,5.7,5.6,5.6,5.65,6.67,44,50,1.04,0.97
1/07/2021,5:47:00 PM,5:47:25 PM,Tamworth,NSW,8,184893785,R8 1980m Pace M,184893786,Harness,1980,Pace,32448096,4,Montana Nights,LOSER,51.01,WINNER,,224.15,80,32,50,48.18,74.19,720,10,100,48.18,56.33,,5.6,3.9,5.4,4.43,19.88,42,60,1.04,0.97
1/07/2021,5:47:00 PM,5:47:25 PM,Tamworth,NSW,8,184893785,R8 1980m Pace M,184893786,Harness,1980,Pace,10665112,5,Rolamax,LOSER,90,LOSER,,103.6,120,38,110,70.16,76.41,970,29,970,158.05,11.61,,7.8,7.4,7.4,7.7,4.88,75,120,1.04,0.97
1/07/2021,5:47:00 PM,5:47:25 PM,Tamworth,NSW,8,184893785,R8 1980m Pace M,184893786,Harness,1980,Pace,35523859,6,Datizit,LOSER,2.22,LOSER,,5704.59,2.56,2.06,2.32,2.29,7246.99,720,2.1,720,2.86,2864.99,,1.42,1.29,1.42,1.36,1046.93,2.34,2.38,1.04,0.97
1/07/2021,5:47:00 PM,5:47:25 PM,Tamworth,NSW,8,184893785,R8 1980m Pace M,184893786,Harness,1980,Pace,18294546,7,Im So Better,LOSER,27.74,WINNER,,322.96,30,16,26,24.4,191.41,300,3.45,29,17.79,95.04,,3.4,3,3.25,3.06,93.39,25,30,1.04,0.97
1/07/2021,5:47:00 PM,5:47:25 PM,Tamworth,NSW,8,184893785,R8 1980m Pace M,184893786,Harness,1980,Pace,15796698,8,Britney Jane,WINNER,3.04,WINNER,,2324.79,4.6,2,3.05,3.32,4433.95,5.3,1.01,1.03,1.7,2993.6,,1.59,1.31,1.45,1.49,1002.06,2.92,3,1.04,0.97
2/07/2021,3:36:00 PM,3:36:53 PM,Addington,NZ,1,184933924,R1 2600m Trot S,184933925,Harness,2600,Trot,27857882,1,Call This Fun,LOSER,,LOSER,,,30,16,23,20.9,43.55,580,38,580,102.75,6.56,,5.1,3.9,5.1,3.91,5.04,19.5,24,1.08,0.9
2/07/2021,3:36:00 PM,3:36:53 PM,Addington,NZ,1,184933924,R1 2600m Trot S,184933925,Harness,2600,Trot,40040747,2,Bourbon On The Rocks,LOSER,,LOSER,,,500,55,440,62.61,8.86,100,5.2,100,11.14,44.17,,8.4,8.4,8.4,8.4,0.04,55,100,1.08,0.9
2/07/2021,3:36:00 PM,3:36:53 PM,Addington,NZ,1,184933924,R1 2600m Trot S,184933925,Harness,2600,Trot,23827061,5,Luminosity,LOSER,,LOSER,,,42,22,25,25.6,33.43,48,9.4,48,20.62,21.38,,4.7,4.6,4.6,4.66,48.4,22,29,1.08,0.9
2/07/2021,3:36:00 PM,3:36:53 PM,Addington,NZ,1,184933924,R1 2600m Trot S,184933925,Harness,2600,Trot,12264307,6,Sundons Flyer,LOSER,,WINNER,,,8.8,5.2,7,5.99,168.65,810,3.85,810,5.57,89.5,,2.44,1.75,2.44,1.75,31.38,6.4,8.6,1.08,0.9
2/07/2021,3:36:00 PM,3:36:53 PM,Addington,NZ,1,184933924,R1 2600m Trot S,184933925,Harness,2600,Trot,40040748,7,Harry Potter,LOSER,,LOSER,,,7.6,5.6,6.8,6.36,203.03,880,6.4,27,32.78,49.34,,3.15,1.91,3.15,2.25,126.09,6.6,7.6,1.08,0.9
2/07/2021,3:36:00 PM,3:36:53 PM,Addington,NZ,1,184933924,R1 2600m Trot S,184933925,Harness,2600,Trot,12747199,8,The Bloss,LOSER,,WINNER,,,18,14.5,18,15.65,21.86,490,9.2,490,18.97,19.11,,2.96,2.96,2.96,2.96,0.04,14.5,18,1.08,0.9
2/07/2021,3:36:00 PM,3:36:53 PM,Addington,NZ,1,184933924,R1 2600m Trot S,184933925,Harness,2600,Trot,4178825,9,Steel Dust,LOSER,,LOSER,,,50,30,48,33.47,14.77,510,18.5,510,46.96,6.67,,6.4,6.4,6.4,6.4,0.02,30,48,1.08,0.9
2/07/2021,3:36:00 PM,3:36:53 PM,Addington,NZ,1,184933924,R1 2600m Trot S,184933925,Harness,2600,Trot,5529033,10,Hurricane Hill,LOSER,,LOSER,,,6.6,4.6,4.9,5.15,124.68,880,9.2,880,80.93,32.98,,,,,,,4.8,5.4,1.08,0.9
2/07/2021,3:36:00 PM,3:36:53 PM,Addington,NZ,1,184933924,R1 2600m Trot S,184933925,Harness,2600,Trot,3916030,12,With Ice,WINNER,,WINNER,,,3.85,2.74,2.74,3.12,709.24,2.92,1.01,1.01,1.99,618.45,,1.63,1.48,1.5,1.5,65.8,2.92,3.25,1.08,0.9
2/07/2021,4:09:00 PM,4:09:57 PM,Addington,NZ,2,184933926,R2 1980m Pace M,184933927,Harness,1980,Pace,37582381,1,Caribbean Lily,LOSER,,WINNER,,,36,16.5,36,19.78,14.03,60,2.4,29,14.43,17.81,,7.4,3.35,4,4.03,336.71,21,34,1.1,0.95
2/07/2021,4:09:00 PM,4:09:57 PM,Addington,NZ,2,184933926,R2 1980m Pace M,184933927,Harness,1980,Pace,40040749,2,Rita Bonita,LOSER,,WINNER,,,30,17.5,30,19.16,33.7,140,30,140,41.89,2.15,,4.5,3.45,4.5,3.45,31.34,21,29,1.1,0.95
2/07/2021,4:09:00 PM,4:09:57 PM,Addington,NZ,2,184933926,R2 1980m Pace M,184933927,Harness,1980,Pace,13269483,3,Prodigal Son,LOSER,,LOSER,,,28,16.5,27,18.38,26.11,140,11.5,140,15.4,20.08,,3.85,3.1,3.1,3.22,63.04,17.5,27,1.1,0.95
2/07/2021,4:09:00 PM,4:09:57 PM,Addington,NZ,2,184933926,R2 1980m Pace M,184933927,Harness,1980,Pace,40040750,4,Nordy Star,LOSER,,LOSER,,,44,12,44,20.33,10.78,140,48,140,64.36,1.37,,3.9,3.85,3.9,3.88,0.04,23,48,1.1,0.95
2/07/2021,4:09:00 PM,4:09:57 PM,Addington,NZ,2,184933926,R2 1980m Pace M,184933927,Harness,1980,Pace,40040751,5,Still Grinnin,LOSER,,LOSER,,,11,5.6,8,7.33,58.4,630,14,630,17.16,5.89,,1.92,1.86,1.92,1.87,0.32,7.4,7.8,1.1,0.95
2/07/2021,4:09:00 PM,4:09:57 PM,Addington,NZ,2,184933926,R2 1980m Pace M,184933927,Harness,1980,Pace,12409273,6,Red Right Hand,LOSER,,LOSER,,,4.2,2.82,3.5,3.7,119.91,140,6,140,8.42,28.91,,1.41,1.41,1.41,1.41,14,3.6,4,1.1,0.95
2/07/2021,4:09:00 PM,4:09:57 PM,Addington,NZ,2,184933926,R2 1980m Pace M,184933927,Harness,1980,Pace,40040752,7,Lumen Caeli,WINNER,,WINNER,,,2.88,2.14,2.16,2.35,546.73,3,1.04,1.06,2.03,974.63,,1.25,1.25,1.25,1.25,0.5,2.2,2.32,1.1,0.95
2/07/2021,4:09:00 PM,4:09:57 PM,Addington,NZ,2,184933926,R2 1980m Pace M,184933927,Harness,1980,Pace,40040753,8,Kikorangi Blue,LOSER,,LOSER,,,55,25,55,43.74,5.36,140,80,140,81.97,1.06,,4.5,4.5,4.5,4.5,0.04,25,42,1.1,0.95
2/07/2021,4:38:00 PM,4:38:48 PM,Addington,NZ,3,184933928,R3 2000m Trot S,184933929,Harness,2000,Trot,40040755,1,Aditi,LOSER,,LOSER,,,17,10,11,12.46,32.66,1000,13,1000,23.39,16.73,,3.6,3.6,3.6,3.6,0.04,11.5,17,1.16,0.92
2/07/2021,4:38:00 PM,4:38:48 PM,Addington,NZ,3,184933928,R3 2000m Trot S,184933929,Harness,2000,Trot,7254541,2,Clicquot,WINNER,,WINNER,,,7,5.6,5.6,5.66,35.87,4.2,1.35,1.4,2.43,476.67,,2.32,2.32,2.32,2.32,0.22,5.6,7,1.16,0.92
2/07/2021,4:38:00 PM,4:38:48 PM,Addington,NZ,3,184933928,R3 2000m Trot S,184933929,Harness,2000,Trot,39657640,3,Butcher Kate,LOSER,,LOSER,,,70,65,70,68.36,1.1,420,28,100,49.33,6.55,,11,11,11,11,0.04,65,70,1.16,0.92
2/07/2021,4:38:00 PM,4:38:48 PM,Addington,NZ,3,184933928,R3 2000m Trot S,184933929,Harness,2000,Trot,40040756,4,Ginas Majesty,LOSER,,LOSER,,,,,,,,640,100,640,215.97,0.33,,16.5,16.5,16.5,16.5,0.04,85,530,1.16,0.92
2/07/2021,4:38:00 PM,4:38:48 PM,Addington,NZ,3,184933928,R3 2000m Trot S,184933929,Harness,2000,Trot,40040757,5,Random Spur,LOSER,,LOSER,,,28,16.5,19,18.34,21.75,46,11.5,11.5,18.27,8.5,,4.6,4.5,4.6,4.55,16.72,19,28,1.16,0.92
2/07/2021,4:38:00 PM,4:38:48 PM,Addington,NZ,3,184933928,R3 2000m Trot S,184933929,Harness,2000,Trot,39867303,6,Jesper Fast,LOSER,,WINNER,,,9,6.2,7.4,7.67,118.57,34,4.1,4.1,7.65,56.1,,2.54,2.28,2.28,2.45,54.66,7.4,8,1.16,0.92
2/07/2021,4:38:00 PM,4:38:48 PM,Addington,NZ,3,184933928,R3 2000m Trot S,184933929,Harness,2000,Trot,40040758,7,Bacardi Pride,LOSER,,LOSER,,,85,85,85,85,0.28,540,29,36,63.93,2.13,,16,16,16,16,0.08,85,550,1.16,0.92
2/07/2021,4:38:00 PM,4:38:48 PM,Addington,NZ,3,184933928,R3 2000m Trot S,184933929,Harness,2000,Trot,3954984,8,Build A Bridge,LOSER,,LOSER,,,10,7,7,7.75,64.58,65,5.3,65,11.98,49.88,,2.96,2.7,2.7,2.7,5.03,8,8.6,1.16,0.92
2/07/2021,4:38:00 PM,4:38:48 PM,Addington,NZ,3,184933928,R3 2000m Trot S,184933929,Harness,2000,Trot,40040759,9,Terror Cove,LOSER,,LOSER,,,20,14.5,18,17.34,20,95,18,95,32.89,6.98,,3.9,3.9,3.9,3.9,0.04,15,20,1.16,0.92
2/07/2021,4:38:00 PM,4:38:48 PM,Addington,NZ,3,184933928,R3 2000m Trot S,184933929,Harness,2000,Trot,6665136,10,Masterofthemanor,LOSER,,LOSER,,,95,70,95,77.57,5.47,640,630,640,632.31,0.12,,16.5,16.5,16.5,16.5,0.04,85,640,1.16,0.92
2/07/2021,4:38:00 PM,4:38:48 PM,Addington,NZ,3,184933928,R3 2000m Trot S,184933929,Harness,2000,Trot,40040760,11,Galleons Devotion,LOSER,,LOSER,,,19,11.5,19,13.69,2.19,36,6.2,6.2,15.42,6.82,,3.4,3.4,3.4,3.4,0.04,14,19,1.16,0.92
2/07/2021,4:38:00 PM,4:38:48 PM,Addington,NZ,3,184933928,R3 2000m Trot S,184933929,Harness,2000,Trot,40040761,12,Westar Milly,LOSER,,LOSER,,,7.2,5.2,5.7,5.58,39.13,30,2.28,20,4.47,84.61,,2.28,2.28,2.28,2.28,0.04,5.7,8.8,1.16,0.92
2/07/2021,4:38:00 PM,4:38:48 PM,Addington,NZ,3,184933928,R3 2000m Trot S,184933929,Harness,2000,Trot,40040762,13,Spot The Gamble,LOSER,,WINNER,,,6.6,4.7,5,5.5,361.58,25,5,23,6.7,48.61,,2.54,2.14,2.14,2.37,46.32,4.7,4.9,1.16,0.92
2/07/2021,5:08:00 PM,5:08:49 PM,Addington,NZ,4,184933930,R4 1980m Pace M,184933931,Harness,1980,Pace,40040763,1,Aimees First Meddle,LOSER,,WINNER,,,46,16.5,46,26.59,16.35,210,60,210,116.19,0.66,,6.8,5.3,6.6,5.37,5.04,38,60,1.06,0.93
2/07/2021,5:08:00 PM,5:08:49 PM,Addington,NZ,4,184933930,R4 1980m Pace M,184933931,Harness,1980,Pace,38343732,2,Beta Than Love,LOSER,,LOSER,,,27,24,26,24.63,18.73,230,44,160,72.24,1.11,,5.5,5,5.4,5.01,5.06,28,40,1.06,0.93
2/07/2021,5:08:00 PM,5:08:49 PM,Addington,NZ,4,184933930,R4 1980m Pace M,184933931,Harness,1980,Pace,35441776,3,Riveered,LOSER,,LOSER,,,8,5,5.3,5.69,197.19,190,9.6,190,18.09,7.38,,1.83,1.82,1.83,1.83,0.14,5.3,6,1.06,0.93
2/07/2021,5:08:00 PM,5:08:49 PM,Addington,NZ,4,184933930,R4 1980m Pace M,184933931,Harness,1980,Pace,27921956,4,Town Echo,LOSER,,WINNER,,,3.3,2.94,2.96,3.08,357.09,10,2.22,10,3.05,124.48,,1.49,1.38,1.49,1.39,0.68,2.98,3.05,1.06,0.93
2/07/2021,5:08:00 PM,5:08:49 PM,Addington,NZ,4,184933930,R4 1980m Pace M,184933931,Harness,1980,Pace,40040764,5,Sugar Me,WINNER,,WINNER,,,4.4,3.1,3.65,3.72,162.35,2.64,1.1,1.12,2.28,792.57,,,,,,,3.45,3.55,1.06,0.93
2/07/2021,5:08:00 PM,5:08:49 PM,Addington,NZ,4,184933930,R4 1980m Pace M,184933931,Harness,1980,Pace,40040765,7,The Morning Star,LOSER,,LOSER,,,28,25,28,27.15,7.53,90,44,85,66.4,1.63,,5.6,3.2,3.95,3.7,374.24,26,27,1.06,0.93
2/07/2021,5:08:00 PM,5:08:49 PM,Addington,NZ,4,184933930,R4 1980m Pace M,184933931,Harness,1980,Pace,26397783,8,Alpine Delight,LOSER,,LOSER,,,,,,,,780,85,780,232.43,0.16,,11,11,11,11,0.04,75,470,1.06,0.93
2/07/2021,5:08:00 PM,5:08:49 PM,Addington,NZ,4,184933930,R4 1980m Pace M,184933931,Harness,1980,Pace,4879412,9,On The Buzzer,LOSER,,LOSER,,,27,27,27,27,0.87,520,48,520,93.99,0.82,,5.8,5.1,5.8,5.11,12.08,29,46,1.06,0.93
2/07/2021,5:08:00 PM,5:08:49 PM,Addington,NZ,4,184933930,R4 1980m Pace M,184933931,Harness,1980,Pace,22675876,10,Blazing Impact,LOSER,,LOSER,,,,,,,,280,85,280,126.53,0.35,,6.8,5.1,6.8,5.11,13.08,46,85,1.06,0.93
2/07/2021,5:08:00 PM,5:08:49 PM,Addington,NZ,4,184933930,R4 1980m Pace M,184933931,Harness,1980,Pace,40040766,11,Midfrew Luisianabeau,LOSER,,LOSER,,,14.5,13,13,13.53,25.82,920,13,920,146.2,7.65,,3.6,3.6,3.6,3.6,0.29,13.5,23,1.06,0.93
2/07/2021,5:39:00 PM,5:39:48 PM,Addington,NZ,5,184933932,R5 1980m Trot M,184933933,Harness,1980,Trot,16010540,1,Unique Rose,LOSER,,LOSER,,,34,21,30,24.44,4.84,100,38,80,68.36,2.3,,4.2,4.2,4.2,4.2,0.04,21,34,1.12,0.95
2/07/2021,5:39:00 PM,5:39:48 PM,Addington,NZ,5,184933932,R5 1980m Trot M,184933933,Harness,1980,Trot,40040767,3,Tyene,LOSER,,LOSER,,,15.5,6.4,15.5,11.44,13.31,16.5,16.5,16.5,16.5,0.67,,,,,,,7.8,9.8,1.12,0.95
2/07/2021,5:39:00 PM,5:39:48 PM,Addington,NZ,5,184933932,R5 1980m Trot M,184933933,Harness,1980,Trot,2512871,4,Sods Law,LOSER,,WINNER,,,6,3.9,4.3,4.82,103.2,140,3.2,140,4.12,28.03,,,,,,,4.2,5.7,1.12,0.95
2/07/2021,5:39:00 PM,5:39:48 PM,Addington,NZ,5,184933932,R5 1980m Trot M,184933933,Harness,1980,Trot,37582380,5,Sally Lindenny,LOSER,,LOSER,,,9.8,7.6,9.4,8.48,48.52,18.5,5.3,5.3,5.68,20.59,,2.3,2.28,2.28,2.3,5.04,7.2,12.5,1.12,0.95
2/07/2021,5:39:00 PM,5:39:48 PM,Addington,NZ,5,184933932,R5 1980m Trot M,184933933,Harness,1980,Trot,37451640,6,Hes A Cassanova,LOSER,,LOSER,,,90,75,75,84.17,0.44,610,90,610,236.86,0.84,,6.8,6.8,6.8,6.8,0.04,42,75,1.12,0.95
2/07/2021,5:39:00 PM,5:39:48 PM,Addington,NZ,5,184933932,R5 1980m Trot M,184933933,Harness,1980,Trot,22119967,7,Rogie Falls,WINNER,,WINNER,,,4.2,2.34,2.62,2.78,1138.83,2.2,1.2,1.2,1.92,137.75,,1.55,1.33,1.33,1.37,23.28,2.8,2.6,1.12,0.95
2/07/2021,5:39:00 PM,5:39:48 PM,Addington,NZ,5,184933932,R5 1980m Trot M,184933933,Harness,1980,Trot,9407436,8,Take After Me,LOSER,,LOSER,,,42,19,42,20.9,41.24,920,46,920,217.58,5.61,,4.9,4.9,4.9,4.9,0.04,25,42,1.12,0.95
2/07/2021,5:39:00 PM,5:39:48 PM,Addington,NZ,5,184933932,R5 1980m Trot M,184933933,Harness,1980,Trot,35523903,9,One Over All,LOSER,,WINNER,,,12,7.2,11.5,9.87,69.49,17,2.86,2.86,4.16,65.64,,2.28,2.28,2.28,2.28,0.04,7,7.2,1.12,0.95
2/07/2021,6:08:00 PM,6:08:40 PM,Addington,NZ,6,184933934,R6 2600m Pace S,184933935,Harness,2600,Pace,26598428,1,Down To The Bone,LOSER,,LOSER,,,6.4,4.4,5.3,4.81,435.08,810,6.6,120,11.13,89.21,,2.86,2.04,2.48,2.53,78.5,4.4,4.8,1.09,0.95
2/07/2021,6:08:00 PM,6:08:40 PM,Addington,NZ,6,184933934,R6 2600m Pace S,184933935,Harness,2600,Pace,6133697,2,Bettor Believe It,WINNER,,WINNER,,,20,15,19.5,16.28,59.58,10.5,1.03,1.06,2.64,125.19,,6.4,6.2,6.4,6.3,0.14,15.5,19.5,1.09,0.95
2/07/2021,6:08:00 PM,6:08:40 PM,Addington,NZ,6,184933934,R6 2600m Pace S,184933935,Harness,2600,Pace,16549000,3,Copperhead Rose,LOSER,,LOSER,,,2.94,2.18,2.18,2.41,1567.23,140,2.04,120,2.97,516.99,,1.84,1.51,1.52,1.67,0.96,2.34,2.48,1.09,0.95
2/07/2021,6:08:00 PM,6:08:40 PM,Addington,NZ,6,184933934,R6 2600m Pace S,184933935,Harness,2600,Pace,27456055,4,Champagneandwine,LOSER,,LOSER,,,20,15,20,16.11,7.88,650,9.2,650,25.25,12.31,,5.8,5.8,5.8,5.8,20.08,16,19,1.09,0.95
2/07/2021,6:08:00 PM,6:08:40 PM,Addington,NZ,6,184933934,R6 2600m Pace S,184933935,Harness,2600,Pace,26101027,5,Ardens Reality,LOSER,,LOSER,,,6.4,4.1,6.4,5.34,155.36,620,2.44,6.4,4.47,99.13,,2.98,1.97,2.28,2.03,349.73,4.8,6.4,1.09,0.95
2/07/2021,6:08:00 PM,6:08:40 PM,Addington,NZ,6,184933934,R6 2600m Pace S,184933935,Harness,2600,Pace,1192984,6,Mogul,LOSER,,WINNER,,,19.5,16,16.5,16.41,42.15,30,4,4,9.01,49.55,,6.2,6,6.2,6.2,5.04,16.5,20,1.09,0.95
2/07/2021,6:08:00 PM,6:08:40 PM,Addington,NZ,6,184933934,R6 2600m Pace S,184933935,Harness,2600,Pace,13535695,7,Mikey Maguire,LOSER,,LOSER,,,42,22,27,26.79,104.46,140,16,16,45.13,7.74,,8.2,6.4,8.2,6.4,31.38,24,40,1.09,0.95
2/07/2021,6:39:00 PM,6:40:27 PM,Addington,NZ,7,184933936,R7 2600m Trot S,184933937,Harness,2600,Trot,22402341,1,Zsa Zoe,LOSER,,WINNER,,,,,,,,50,13,13,17.59,8.27,,3.95,3.95,3.95,3.95,0.06,32,60,1.03,0.94
2/07/2021,6:39:00 PM,6:40:27 PM,Addington,NZ,7,184933936,R7 2600m Trot S,184933937,Harness,2600,Trot,37012229,3,Puzzled,LOSER,,LOSER,,,19,18,18.5,18.51,5.12,720,18,18.5,99.14,10.36,,3.5,2.88,3.5,3.12,2.03,18,25,1.03,0.94
2/07/2021,6:39:00 PM,6:40:27 PM,Addington,NZ,7,184933936,R7 2600m Trot S,184933937,Harness,2600,Trot,25632839,4,Kowhai Sundown,LOSER,,LOSER,,,12.5,8.6,12.5,10.06,36.82,65,27,65,55.93,2.07,,2.3,2.3,2.3,2.3,0.05,10.5,11.5,1.03,0.94
2/07/2021,6:39:00 PM,6:40:27 PM,Addington,NZ,7,184933936,R7 2600m Trot S,184933937,Harness,2600,Trot,4777149,5,Time In A Bottle,WINNER,,WINNER,,,6,4.8,5.1,5.06,69.82,13.5,13.5,13.5,13.5,0.99,,1.55,1.55,1.55,1.55,5.04,5.2,5.8,1.03,0.94
2/07/2021,6:39:00 PM,6:40:27 PM,Addington,NZ,7,184933936,R7 2600m Trot S,184933937,Harness,2600,Trot,19166709,6,Valley Star,LOSER,,LOSER,,,9.2,5.7,6.2,6.74,155.93,19,5.2,19,6.23,11.69,,2,1.71,1.78,1.84,157.38,5.8,6.4,1.03,0.94
2/07/2021,6:39:00 PM,6:40:27 PM,Addington,NZ,7,184933936,R7 2600m Trot S,184933937,Harness,2600,Trot,4914745,7,Chief Of Staff,LOSER,,WINNER,,,2.18,1.98,2.04,2.03,1313.5,2.2,1.2,1.3,1.78,209.02,,1.31,1.18,1.31,1.28,109.64,2.14,2.18,1.03,0.94
2/07/2021,6:39:00 PM,6:40:27 PM,Addington,NZ,7,184933936,R7 2600m Trot S,184933937,Harness,2600,Trot,9426364,8,Monkeys Way,LOSER,,LOSER,,,,,,,,100,100,100,100,0.13,,7.4,5.8,6,5.9,326.51,55,100,1.03,0.94
2/07/2021,7:09:00 PM,7:09:46 PM,Addington,NZ,8,184933938,R8 2600m Pace M,184933939,Harness,2600,Pace,10320939,1,Pay Me Visa,LOSER,,LOSER,,,24,14.5,22,16.72,13.64,70,9.8,70,28.73,11.67,,3.75,3.75,3.75,3.75,5.16,14.5,28,1.1,0.93
2/07/2021,7:09:00 PM,7:09:46 PM,Addington,NZ,8,184933938,R8 2600m Pace M,184933939,Harness,2600,Pace,25000264,2,Eastwood Isabella,LOSER,,LOSER,,,3.65,2.24,2.46,2.52,1158.95,8.4,1.54,8.4,2.36,473.4,,1.85,1.5,1.83,1.8,58.15,2.24,2.36,1.1,0.93
2/07/2021,7:09:00 PM,7:09:46 PM,Addington,NZ,8,184933938,R8 2600m Pace M,184933939,Harness,2600,Pace,16920636,3,Especial,LOSER,,LOSER,,,8,5.6,7.6,7.3,240.81,28,5.4,28,12.64,24.35,,3.15,2.68,3.15,2.68,5.04,7,7.4,1.1,0.93
2/07/2021,7:09:00 PM,7:09:46 PM,Addington,NZ,8,184933938,R8 2600m Pace M,184933939,Harness,2600,Pace,9330802,4,Black Ops,WINNER,,WINNER,,,7,4.7,6.6,6.26,197.49,17.5,1.45,1.45,6.39,71.03,,2.86,2.76,2.86,2.86,5.11,5.9,9.8,1.1,0.93
2/07/2021,7:09:00 PM,7:09:46 PM,Addington,NZ,8,184933938,R8 2600m Pace M,184933939,Harness,2600,Pace,24704586,5,Olive Cook,LOSER,,WINNER,,,22,14,19.5,16.14,16.89,70,9,20,16.11,26.35,,4,4,4,4,0.1,15.5,21,1.1,0.93
2/07/2021,7:09:00 PM,7:09:46 PM,Addington,NZ,8,184933938,R8 2600m Pace M,184933939,Harness,2600,Pace,21808470,6,Dreaminsover,LOSER,,LOSER,,,65,24,26,26.77,10.55,240,65,240,108.2,2.82,,7.8,7.8,7.8,7.8,0.07,28,65,1.1,0.93
2/07/2021,7:09:00 PM,7:09:46 PM,Addington,NZ,8,184933938,R8 2600m Pace M,184933939,Harness,2600,Pace,10981539,7,Rake,LOSER,,LOSER,,,6.8,5.2,5.5,5.47,104.33,6,3.6,6,5.31,131.9,,2.7,2.7,2.7,2.7,10.04,5.8,6,1.1,0.93
2/07/2021,7:39:00 PM,7:39:59 PM,Addington,NZ,9,184933940,R9 1980m Pace M,184933941,Harness,1980,Pace,24796592,1,Invisible Girl,LOSER,,WINNER,,,16,15.5,15.5,15.99,1.27,500,9.8,140,38.68,2.29,,3.65,3.65,3.65,3.65,0.04,15.5,24,1.07,0.95
2/07/2021,7:39:00 PM,7:39:59 PM,Addington,NZ,9,184933940,R9 1980m Pace M,184933941,Harness,1980,Pace,38936694,2,Luminite,LOSER,,LOSER,,,55,28,40,34.82,21.12,510,50,510,164.33,0.45,,7,7,7,7,0.04,28,29,1.07,0.95
2/07/2021,7:39:00 PM,7:39:59 PM,Addington,NZ,9,184933940,R9 1980m Pace M,184933941,Harness,1980,Pace,10922919,3,Songbird,LOSER,,LOSER,,,16.5,11.5,14,12.83,96.9,630,140,630,474.09,0.1,,3.9,3.9,3.9,3.9,0.04,13,14,1.07,0.95
2/07/2021,7:39:00 PM,7:39:59 PM,Addington,NZ,9,184933940,R9 1980m Pace M,184933941,Harness,1980,Pace,35695639,4,Stephs Boy,LOSER,,LOSER,,,9.8,5.2,9.6,7.16,52.2,890,17.5,890,62.76,14.27,,2.78,2.78,2.78,2.78,0.02,8.6,9.8,1.07,0.95
2/07/2021,7:39:00 PM,7:39:59 PM,Addington,NZ,9,184933940,R9 1980m Pace M,184933941,Harness,1980,Pace,39887425,5,A Guinness Dance,WINNER,,WINNER,,,11,8,9,9.2,100.14,5.9,1.01,1.01,2.43,151.94,,3.2,2.9,2.9,3.2,18.73,8.6,9.2,1.07,0.95
2/07/2021,7:39:00 PM,7:39:59 PM,Addington,NZ,9,184933940,R9 1980m Pace M,184933941,Harness,1980,Pace,23611714,6,El Dorado,LOSER,,LOSER,,,13.5,11,11,13.03,32.22,640,70,640,155.09,0.54,,3.9,3.9,3.9,3.9,0.02,13.5,15.5,1.07,0.95
2/07/2021,7:39:00 PM,7:39:59 PM,Addington,NZ,9,184933940,R9 1980m Pace M,184933941,Harness,1980,Pace,38197053,7,Artatac,LOSER,,LOSER,,,12,8.8,9.4,10.13,101.96,480,6.4,480,60.05,2.18,,3.45,3.45,3.45,3.45,0.02,8.8,10,1.07,0.95
2/07/2021,7:39:00 PM,7:39:59 PM,Addington,NZ,9,184933940,R9 1980m Pace M,184933941,Harness,1980,Pace,40040769,8,Endless Dreams,LOSER,,LOSER,,,7.2,5.7,5.7,6.09,58.23,620,70,620,95.15,0.65,,2.26,2.16,2.26,2.18,5.77,5.8,6.4,1.07,0.95
2/07/2021,7:39:00 PM,7:39:59 PM,Addington,NZ,9,184933940,R9 1980m Pace M,184933941,Harness,1980,Pace,16504090,9,Unfazed,LOSER,,LOSER,,,7,5.5,5.5,5.91,165.99,810,70,80,100.91,0.65,,2.3,2.3,2.3,2.3,0.02,5.7,5.8,1.07,0.95
2/07/2021,7:39:00 PM,7:39:59 PM,Addington,NZ,9,184933940,R9 1980m Pace M,184933941,Harness,1980,Pace,40040770,10,Tasman Tempest,LOSER,,WINNER,,,13.5,9,9,9.48,103.68,480,6.2,120,35.38,2.3,,5.3,3.2,5.3,5.28,4.02,11,13.5,1.07,0.95
2/07/2021,7:39:00 PM,7:39:59 PM,Addington,NZ,9,184933940,R9 1980m Pace M,184933941,Harness,1980,Pace,1284575,11,Takemybreathaway,LOSER,,LOSER,,,,,,,,930,140,930,638.95,0.09,,5.6,5.6,5.6,5.6,0.02,28,46,1.07,0.95
2/07/2021,6:27:00 PM,6:27:37 PM,Albion Park,QLD,1,184919416,R1 1660m Pace M,184919417,Harness,1660,Pace,11160882,1,Invincible Loxton,LOSER,7.6,LOSER,2.17,497.96,8.6,5.4,7.4,7.05,2075.41,720,4.2,6.2,6.98,539.05,908.12,2.48,2.02,2.08,2.07,1915.88,6.6,7,1.04,0.99
2/07/2021,6:27:00 PM,6:27:37 PM,Albion Park,QLD,1,184919416,R1 1660m Pace M,184919417,Harness,1660,Pace,10944907,3,Eh Ef El,LOSER,36,WINNER,10,215.08,48,8,36,15.08,1166.09,720,23,44,62.34,26.78,185,5.7,3.1,5.6,4.24,40.03,23,26,1.04,0.99
2/07/2021,6:27:00 PM,6:27:37 PM,Albion Park,QLD,1,184919416,R1 1660m Pace M,184919417,Harness,1660,Pace,5769946,4,Key Largo,LOSER,58.76,LOSER,5.8,65.86,60,36,50,45.53,102.83,930,36,100,75.73,32.08,151.19,8.4,6,6,7.6,67.33,46,60,1.04,0.99
2/07/2021,6:27:00 PM,6:27:37 PM,Albion Park,QLD,1,184919416,R1 1660m Pace M,184919417,Harness,1660,Pace,23814293,5,Fond Memories,WINNER,3.1,WINNER,1.57,2765.61,5.4,3.1,3.4,3.72,6472.67,10,1.03,6.8,2.22,4730.11,2011.73,1.74,1.51,1.57,1.62,434.92,3.5,3.65,1.04,0.99
2/07/2021,6:27:00 PM,6:27:37 PM,Albion Park,QLD,1,184919416,R1 1660m Pace M,184919417,Harness,1660,Pace,9231294,6,Bridget Blue Chip,LOSER,199.72,LOSER,814.73,37.1,200,100,160,122.67,48.1,720,130,130,192.2,21.98,0.06,820,17,820,30.4,5.12,110,120,1.04,0.99
2/07/2021,6:27:00 PM,6:27:37 PM,Albion Park,QLD,1,184919416,R1 1660m Pace M,184919417,Harness,1660,Pace,4073964,7,Street Appeal,LOSER,11.34,LOSER,2.82,443.25,12.5,7.4,9.8,9.86,1185.21,780,4.8,780,17.6,223.84,609.05,3,2.02,2.82,2.54,364.35,10,10.5,1.04,0.99
2/07/2021,6:27:00 PM,6:27:37 PM,Albion Park,QLD,1,184919416,R1 1660m Pace M,184919417,Harness,1660,Pace,17773879,8,The Announcer,LOSER,10.65,WINNER,2.72,406.36,9.6,5.2,9.6,7.09,1106.42,480,1.08,1.18,3.58,1302.29,1268.37,4.8,2.22,2.52,2.42,180.37,7,7.2,1.04,0.99
2/07/2021,6:27:00 PM,6:27:37 PM,Albion Park,QLD,1,184919416,R1 1660m Pace M,184919417,Harness,1660,Pace,20169412,9,Corey William,LOSER,53.19,LOSER,5.36,146.76,55,27,46,35.1,181.07,730,22,30,45.53,67.84,1008.17,5.8,5,5.8,5.31,90.33,30,36,1.04,0.99
2/07/2021,6:27:00 PM,6:27:37 PM,Albion Park,QLD,1,184919416,R1 1660m Pace M,184919417,Harness,1660,Pace,26981137,10,Bombadier Jujon,LOSER,3.4,LOSER,1.68,1537.94,5.9,3.45,3.45,4.1,2752.54,720,2.22,48,3.33,1137.1,1099.12,1.93,1.59,1.61,1.72,617.94,3.95,4.1,1.04,0.99
2/07/2021,6:52:00 PM,6:52:41 PM,Albion Park,QLD,2,184919418,R2 2138m Pace M,184919419,Harness,2138,Pace,31078419,1,Sweet Appeal,LOSER,2.32,LOSER,1.27,2905.38,3.8,2.16,2.2,2.38,9386.18,720,2,230,4.39,2310.86,1208.74,1.33,1.25,1.29,1.29,392.78,2.26,2.32,1.03,0.98
2/07/2021,6:52:00 PM,6:52:41 PM,Albion Park,QLD,2,184919418,R2 2138m Pace M,184919419,Harness,2138,Pace,39722655,2,Nicks Pick,WINNER,3.68,WINNER,1.54,2499.56,4.2,2.44,3.7,3.72,3015.07,3.85,1.01,1.01,1.68,7746.5,1122.75,1.59,1.36,1.54,1.53,336.96,3.75,4,1.03,0.98
2/07/2021,6:52:00 PM,6:52:41 PM,Albion Park,QLD,2,184919418,R2 2138m Pace M,184919419,Harness,2138,Pace,18528277,3,Getaloadathisgirl,LOSER,108.19,LOSER,11.87,79.63,150,60,150,80.11,68.57,950,100,110,177.02,13.2,110.49,9.2,7.2,8.4,8.74,10.06,60,65,1.03,0.98
2/07/2021,6:52:00 PM,6:52:41 PM,Albion Park,QLD,2,184919418,R2 2138m Pace M,184919419,Harness,2138,Pace,10588998,4,Recipe For Dreaming,LOSER,18,WINNER,3.38,316.4,19,12.5,18.5,16.07,414.78,410,13,230,40.07,50.23,559.82,3.7,3.3,3.3,3.6,31.41,14.5,15.5,1.03,0.98
2/07/2021,6:52:00 PM,6:52:41 PM,Albion Park,QLD,2,184919418,R2 2138m Pace M,184919419,Harness,2138,Pace,14535265,5,Onya Doug,LOSER,36.36,WINNER,6.34,221.72,42,22,38,33.16,102.37,720,6,720,58.7,30.01,114.84,5.3,5.2,5.3,5.25,0.04,32,34,1.03,0.98
2/07/2021,6:52:00 PM,6:52:41 PM,Albion Park,QLD,2,184919418,R2 2138m Pace M,184919419,Harness,2138,Pace,23783464,6,Specialandiknowit,LOSER,45.92,LOSER,8,161.44,60,36,48,44.48,49.49,720,30,720,109.13,14.33,74.15,6,5.9,6,5.95,0.04,42,48,1.03,0.98
2/07/2021,6:52:00 PM,6:52:41 PM,Albion Park,QLD,2,184919418,R2 2138m Pace M,184919419,Harness,2138,Pace,21174007,7,No Doubt,LOSER,38,LOSER,10.85,167.1,80,30,38,40.21,102.51,720,38,720,100.2,16,83.71,5.1,5.1,5.1,5.1,0.04,30,32,1.03,0.98
2/07/2021,6:52:00 PM,6:52:41 PM,Albion Park,QLD,2,184919418,R2 2138m Pace M,184919419,Harness,2138,Pace,27549514,8,Flo Ryda,LOSER,13.85,LOSER,2.76,373.54,14.5,9.2,13,12.64,822.55,720,9.8,670,25.94,129.1,459.25,3,2.56,2.56,2.77,299.49,13.5,14.5,1.03,0.98
2/07/2021,6:52:00 PM,6:52:41 PM,Albion Park,QLD,2,184919418,R2 2138m Pace M,184919419,Harness,2138,Pace,28081728,9,Our Ultimate Hanna,LOSER,16.67,LOSER,3.37,358.31,16,6.8,15.5,9.95,1189.47,120,8.4,100,20.6,89.29,271.58,3.7,2.58,3.7,3.43,23.45,14,15,1.03,0.98
2/07/2021,7:24:00 PM,7:24:55 PM,Albion Park,QLD,3,184919420,R3 1660m Pace M,184919421,Harness,1660,Pace,27703115,1,Typhoon Torque,LOSER,5.38,WINNER,1.8,2516.5,9.4,5.7,6,6.81,1740.24,130,2,60,4.51,1264.23,863.36,2.06,1.78,1.83,1.87,370.74,6.8,7.2,1.03,0.98
2/07/2021,7:24:00 PM,7:24:55 PM,Albion Park,QLD,3,184919420,R3 1660m Pace M,184919421,Harness,1660,Pace,15172802,2,Kettering Girl,LOSER,340,LOSER,14,48.71,440,65,340,183.72,35.44,720,240,720,381.9,4.79,7.89,14,8,14,8.84,15.01,240,430,1.03,0.98
2/07/2021,7:24:00 PM,7:24:55 PM,Albion Park,QLD,3,184919420,R3 1660m Pace M,184919421,Harness,1660,Pace,27788521,3,Rockindownunder,LOSER,5.15,LOSER,1.81,2397.23,12.5,5.6,5.9,7.26,2194.99,720,3.45,280,7.47,353.15,742.46,2.1,1.92,2,2.02,72.85,6.6,7.2,1.03,0.98
2/07/2021,7:24:00 PM,7:24:55 PM,Albion Park,QLD,3,184919420,R3 1660m Pace M,184919421,Harness,1660,Pace,12417681,4,True Stepper,LOSER,13,LOSER,2.84,748.33,13,8,12.5,11.47,416.92,780,8,380,22.27,74.64,469.09,2.64,2.44,2.62,2.63,10.02,11.5,12,1.03,0.98
2/07/2021,7:24:00 PM,7:24:55 PM,Albion Park,QLD,3,184919420,R3 1660m Pace M,184919421,Harness,1660,Pace,35818848,5,Stoker Ace,LOSER,17,WINNER,3.28,360.87,25,12,16.5,14,698.57,780,10,580,31.42,55.84,312.85,2.82,2.78,2.78,2.8,25.83,13,14,1.03,0.98
2/07/2021,7:24:00 PM,7:24:55 PM,Albion Park,QLD,3,184919420,R3 1660m Pace M,184919421,Harness,1660,Pace,39967781,6,Whata Terror,LOSER,45.56,LOSER,6.65,144.38,50,40,44,43.39,69.14,720,18,300,63.62,16.75,243.17,6.4,4.5,6.4,4.5,31.34,42,44,1.03,0.98
2/07/2021,7:24:00 PM,7:24:55 PM,Albion Park,QLD,3,184919420,R3 1660m Pace M,184919421,Harness,1660,Pace,27140863,7,Canstar,LOSER,70,LOSER,16.9,104.67,75,46,75,55.04,44.18,720,36,720,189.79,6.41,106.44,29,6.8,15.5,16.53,1.67,46,50,1.03,0.98
2/07/2021,7:24:00 PM,7:24:55 PM,Albion Park,QLD,3,184919420,R3 1660m Pace M,184919421,Harness,1660,Pace,19557202,9,Ima Birubi Boy,WINNER,92.11,WINNER,8.47,93.47,75,40,75,58.95,64.21,95,1.02,1.03,1.79,3047.43,192.1,9.8,7.2,7.8,7.83,44.25,55,60,1.03,0.98
2/07/2021,7:24:00 PM,7:24:55 PM,Albion Park,QLD,3,184919420,R3 1660m Pace M,184919421,Harness,1660,Pace,40040391,10,Our Action Man,LOSER,2.06,LOSER,1.27,3820.36,2.14,1.65,2.12,1.95,17795.91,110,1.82,90,2.86,1313.34,1133.59,1.31,1.16,1.31,1.26,472.95,1.99,2.04,1.03,0.98
2/07/2021,7:54:00 PM,7:54:43 PM,Albion Park,QLD,4,184919422,R4 1660m Pace M,184919423,Harness,1660,Pace,27334913,1,Major Lester,LOSER,7.2,WINNER,2.24,514.96,12,7,7.2,8.98,1116.79,720,4,720,8.72,720.46,850.82,2.8,2.1,2.24,2.32,642.49,9.2,10.5,1.05,0.96
2/07/2021,7:54:00 PM,7:54:43 PM,Albion Park,QLD,4,184919422,R4 1660m Pace M,184919423,Harness,1660,Pace,7900121,2,Targaryen,WINNER,11.51,WINNER,2.75,325.89,11,6.6,11,8.44,1294.01,27,1.01,1.01,1.52,3066.01,192.12,2.48,2.32,2.4,2.41,200.09,9,9.6,1.05,0.96
2/07/2021,7:54:00 PM,7:54:43 PM,Albion Park,QLD,4,184919422,R4 1660m Pace M,184919423,Harness,1660,Pace,28863279,3,Love Your Work,LOSER,6.2,LOSER,1.98,1052.13,6.8,5.8,6,6,880.2,1000,2.48,230,22.03,369.37,746.43,2.3,1.97,2.04,1.98,142.2,5.8,6.2,1.05,0.96
2/07/2021,7:54:00 PM,7:54:43 PM,Albion Park,QLD,4,184919422,R4 1660m Pace M,184919423,Harness,1660,Pace,39811482,4,Keayang Marven,LOSER,3.75,LOSER,1.9,2145.18,4.6,2.6,3.75,3.54,4312.65,720,3.55,720,6.37,1088.09,2211.92,2.84,1.48,1.85,1.71,426.16,3.3,3.45,1.05,0.96
2/07/2021,7:54:00 PM,7:54:43 PM,Albion Park,QLD,4,184919422,R4 1660m Pace M,184919423,Harness,1660,Pace,10569186,5,Springfield Spirit,LOSER,415.84,LOSER,28,20.43,480,300,420,388.62,40.74,720,350,720,430.34,0.74,9.26,110,14.5,110,28.91,0.77,340,400,1.05,0.96
2/07/2021,7:54:00 PM,7:54:43 PM,Albion Park,QLD,4,184919422,R4 1660m Pace M,184919423,Harness,1660,Pace,10589046,6,Four Starzzz Forsa,LOSER,22.27,WINNER,5.01,203.88,44,18.5,26,26.86,297.91,720,17.5,710,63.71,14.03,291.5,5.7,5.1,5.7,5.44,71.44,26,30,1.05,0.96
2/07/2021,7:54:00 PM,7:54:43 PM,Albion Park,QLD,4,184919422,R4 1660m Pace M,184919423,Harness,1660,Pace,38213948,7,Major Fernco,LOSER,10.1,LOSER,3.05,809.72,18,10,11.5,12.63,974.52,720,3.25,720,14.17,234.76,522.79,3.35,3.2,3.25,3.28,29.12,10.5,12,1.05,0.96
2/07/2021,7:54:00 PM,7:54:43 PM,Albion Park,QLD,4,184919422,R4 1660m Pace M,184919423,Harness,1660,Pace,24706601,8,Rocks Or Diamonds,LOSER,3.7,LOSER,1.75,3288.9,5.1,2.94,4.4,4.3,2114.82,720,2.64,690,3.7,2540.06,2203.05,1.88,1.52,1.8,1.73,564.52,4.6,5.2,1.05,0.96
2/07/2021,8:24:00 PM,8:24:56 PM,Albion Park,QLD,5,184919424,R5 1660m Pace M,184919425,Harness,1660,Pace,10425041,1,Runfortheroses,WINNER,9.18,WINNER,2.06,444,19,6.8,7.4,10.45,2357.17,80,1.01,1.02,1.69,3239.92,1317.21,2.84,2.02,2.12,2.12,746.17,8.8,9,1,0.98
2/07/2021,8:24:00 PM,8:24:56 PM,Albion Park,QLD,5,184919424,R5 1660m Pace M,184919425,Harness,1660,Pace,24730224,2,Fearless Faith,LOSER,27,LOSER,4.12,225.18,44,25,32,31.03,166.81,720,23,720,48.2,24.64,95.74,4.6,3.95,4.4,4.26,87.85,30,32,1,0.98
2/07/2021,8:24:00 PM,8:24:56 PM,Albion Park,QLD,5,184919424,R5 1660m Pace M,184919425,Harness,1660,Pace,11274889,3,Dollarbill,LOSER,223.29,LOSER,401,14.39,210,75,210,114.31,51,960,210,720,345.03,5.42,,11.5,9.8,11,11.35,6.55,120,140,1,0.98
2/07/2021,8:24:00 PM,8:24:56 PM,Albion Park,QLD,5,184919424,R5 1660m Pace M,184919425,Harness,1660,Pace,26014727,4,Kay Nora Shannon,LOSER,102.57,LOSER,13.99,66.93,240,85,100,132.76,106.46,720,85,720,127.3,26.04,51.94,11,11,11,11,0.04,110,180,1,0.98
2/07/2021,8:24:00 PM,8:24:56 PM,Albion Park,QLD,5,184919424,R5 1660m Pace M,184919425,Harness,1660,Pace,13673102,5,Bettor Watch Him,LOSER,190,LOSER,12.19,21.67,190,55,190,112.67,28.5,720,190,720,349.72,3.62,115.28,10.5,10.5,10.5,10.5,0.04,120,130,1,0.98
2/07/2021,8:24:00 PM,8:24:56 PM,Albion Park,QLD,5,184919424,R5 1660m Pace M,184919425,Harness,1660,Pace,38178866,6,Leithen Burn,LOSER,2.39,LOSER,1.36,2820.94,2.96,2.36,2.56,2.57,7047.52,120,2,120,3.47,1324.19,1875.59,1.41,1.3,1.37,1.36,446.08,2.6,2.52,1,0.98
2/07/2021,8:24:00 PM,8:24:56 PM,Albion Park,QLD,5,184919424,R5 1660m Pace M,184919425,Harness,1660,Pace,40040392,7,Shez Grinin,LOSER,11.77,LOSER,2.54,638.25,14.5,10.5,11.5,11.39,956.11,280,9.6,280,18.61,110.26,707.89,2.88,2.46,2.54,2.55,189.98,10.5,11.5,1,0.98
2/07/2021,8:24:00 PM,8:24:56 PM,Albion Park,QLD,5,184919424,R5 1660m Pace M,184919425,Harness,1660,Pace,27346261,8,Hot N Gold,LOSER,3.1,WINNER,1.42,1908.89,3.35,2.38,3.2,2.88,6918.31,120,1.27,110,2.21,1745.16,793.08,1.4,1.17,1.38,1.33,172.79,3.15,3.35,1,0.98
2/07/2021,8:24:00 PM,8:24:56 PM,Albion Park,QLD,5,184919424,R5 1660m Pace M,184919425,Harness,1660,Pace,39456341,9,Courageous Sam,LOSER,43.91,LOSER,6.38,296.55,65,42,60,55.03,58.3,300,5.3,300,38.98,62.99,95.94,6.2,6,6,6.17,8.61,50,55,1,0.98
2/07/2021,8:24:00 PM,8:24:56 PM,Albion Park,QLD,5,184919424,R5 1660m Pace M,184919425,Harness,1660,Pace,39456356,10,My Ultimate Heston,LOSER,105.55,WINNER,11.75,57.12,120,40,120,75.38,45.89,720,11,720,103.12,14.14,140.02,7,7,7,7,0.06,70,75,1,0.98
2/07/2021,8:54:00 PM,8:54:28 PM,Albion Park,QLD,6,184919426,R6 1660m Pace M,184919427,Harness,1660,Pace,40040393,1,Racy Roxy,WINNER,3.12,WINNER,1.58,2315.82,3.35,2.54,3.1,3.02,19743.22,3.35,1.01,1.01,1.98,9887.98,1855.28,1.59,1.18,1.59,1.53,1426.05,3,3.1,1.02,0.97
2/07/2021,8:54:00 PM,8:54:28 PM,Albion Park,QLD,6,184919426,R6 1660m Pace M,184919427,Harness,1660,Pace,15313677,3,Just One Good One,LOSER,213.25,LOSER,1000,38.61,340,85,180,183.99,83.5,840,180,840,262.56,8.82,0.04,1000,1000,1000,1000,0.06,140,170,1.02,0.97
2/07/2021,8:54:00 PM,8:54:28 PM,Albion Park,QLD,6,184919426,R6 1660m Pace M,184919427,Harness,1660,Pace,27385337,4,Dargos Pet,LOSER,82.7,LOSER,8.84,98.76,90,38,75,60.53,90.42,720,13,710,39.51,42.21,15,9,8.8,9,8.84,14.99,65,85,1.02,0.97
2/07/2021,8:54:00 PM,8:54:28 PM,Albion Park,QLD,6,184919426,R6 1660m Pace M,184919427,Harness,1660,Pace,23519745,5,Woodlands Wonder,LOSER,18.44,WINNER,3.82,494.3,55,16.5,17,23.2,488.3,720,3.05,720,13.99,229.84,496.12,3.95,3.75,3.95,3.84,0.06,16.5,17.5,1.02,0.97
2/07/2021,8:54:00 PM,8:54:28 PM,Albion Park,QLD,6,184919426,R6 1660m Pace M,184919427,Harness,1660,Pace,20137678,6,Atomic Bombshell,LOSER,4.36,LOSER,1.8,1566.95,5.7,3.55,4.2,4.08,7782.87,720,3.35,720,6.56,583.08,723.17,1.86,1.66,1.86,1.74,396.95,4.2,4.3,1.02,0.97
2/07/2021,8:54:00 PM,8:54:28 PM,Albion Park,QLD,6,184919426,R6 1660m Pace M,184919427,Harness,1660,Pace,36513832,7,Tee Jay Cee,LOSER,13.5,LOSER,3.45,711.76,21,12.5,14,14.42,552.68,230,9.2,220,20.19,73.36,460.75,3.25,3.15,3.2,3.17,69.3,14,14.5,1.02,0.97
2/07/2021,8:54:00 PM,8:54:28 PM,Albion Park,QLD,6,184919426,R6 1660m Pace M,184919427,Harness,1660,Pace,39678962,8,Happy Publicans,LOSER,5.76,LOSER,2,1421.85,7.4,4.8,6,6.24,2341.87,230,5.7,230,12.4,139.71,841.92,2.28,1.68,2,1.99,342.4,6.8,7,1.02,0.97
2/07/2021,8:54:00 PM,8:54:28 PM,Albion Park,QLD,6,184919426,R6 1660m Pace M,184919427,Harness,1660,Pace,37376859,9,Estarday,LOSER,17.63,WINNER,3.71,797.76,21,9.8,20,14.18,714.55,230,9.8,230,18.95,99.5,291.44,3.3,3.25,3.3,3.27,0.18,16.5,21,1.02,0.97
2/07/2021,8:54:00 PM,8:54:28 PM,Albion Park,QLD,6,184919426,R6 1660m Pace M,184919427,Harness,1660,Pace,24986264,10,Wheres Tascott,LOSER,15,LOSER,3.45,388.36,28,11.5,13.5,14.17,742.08,230,12.5,230,22.99,60.07,355.99,3.05,3,3.05,3.05,5.19,11.5,12,1.02,0.97
2/07/2021,9:24:00 PM,9:24:32 PM,Albion Park,QLD,7,184919428,R7 1660m Pace M,184919429,Harness,1660,Pace,27744234,1,Beta Jewel,LOSER,5.44,WINNER,1.22,1018.46,7.8,3.9,5.3,4.63,4066.72,230,3.9,170,6.37,293.9,1406.68,1.41,1.22,1.22,1.26,803.43,3.9,4.2,1.02,0.97
2/07/2021,9:24:00 PM,9:24:32 PM,Albion Park,QLD,7,184919428,R7 1660m Pace M,184919429,Harness,1660,Pace,36661977,2,Eva Mateo,WINNER,1.63,WINNER,1.13,3385.19,1.85,1.43,1.6,1.67,24044.81,1.65,1.01,1.03,1.29,12315.34,1445.81,1.16,1.09,1.15,1.12,477.71,1.76,1.79,1.02,0.97
2/07/2021,9:24:00 PM,9:24:32 PM,Albion Park,QLD,7,184919428,R7 1660m Pace M,184919429,Harness,1660,Pace,36593152,3,Peppa Bliss,LOSER,270,LOSER,496.25,14.45,270,90,270,186.5,37.11,960,190,960,350.29,3.32,,8.8,8.6,8.8,8.6,15.04,160,180,1.02,0.97
2/07/2021,9:24:00 PM,9:24:32 PM,Albion Park,QLD,7,184919428,R7 1660m Pace M,184919429,Harness,1660,Pace,35672082,4,Tascott Terror,LOSER,1000,LOSER,59.83,20.92,1000,130,970,607.38,61.3,,,,,,30.51,16,16,16,16,0.05,340,950,1.02,0.97
2/07/2021,9:24:00 PM,9:24:32 PM,Albion Park,QLD,7,184919428,R7 1660m Pace M,184919429,Harness,1660,Pace,40040394,5,Shakatie,LOSER,409.13,LOSER,106.3,18.37,410,110,400,218.92,51.17,970,350,970,668.84,0.94,5.04,13,12.5,12.5,12.75,0.04,250,300,1.02,0.97
2/07/2021,9:24:00 PM,9:24:32 PM,Albion Park,QLD,7,184919428,R7 1660m Pace M,184919429,Harness,1660,Pace,38484152,6,Bondi Shake,LOSER,130,LOSER,25.89,53.06,230,55,220,122.49,43.68,780,90,780,434.49,1.87,73.26,8.6,8.6,8.6,8.6,0.06,100,110,1.02,0.97
2/07/2021,9:24:00 PM,9:24:32 PM,Albion Park,QLD,7,184919428,R7 1660m Pace M,184919429,Harness,1660,Pace,28318452,7,Uncle Lukey,LOSER,27.13,LOSER,3.65,341.49,38,20,32,26.87,337.13,720,32,300,70.25,20.54,204.25,3.15,3.15,3.15,3.15,0.08,25,30,1.02,0.97
2/07/2021,9:24:00 PM,9:24:32 PM,Albion Park,QLD,7,184919428,R7 1660m Pace M,184919429,Harness,1660,Pace,515580,8,King Of Cool,LOSER,32.27,LOSER,2.84,403.95,34,17.5,30,25.51,468.86,720,22,720,50.71,31.16,395.52,3.15,2.76,2.88,2.91,413.39,24,30,1.02,0.97
2/07/2021,9:24:00 PM,9:24:32 PM,Albion Park,QLD,7,184919428,R7 1660m Pace M,184919429,Harness,1660,Pace,40040395,9,Skippys Delight,LOSER,9.87,WINNER,1.89,633.54,14.5,8.2,11,10.23,1073.64,170,9.6,170,21.6,85.66,799.67,2.06,1.91,1.91,1.97,95.3,10.5,11,1.02,0.97
2/07/2021,9:50:00 PM,9:50:35 PM,Albion Park,QLD,8,184919430,R8 2138m Pace M,184919431,Harness,2138,Pace,13979522,1,Blissfulday,WINNER,5.17,WINNER,1.92,973.41,5.5,3.5,4.2,4.07,5074.4,19,1.01,1.01,2.55,5215.39,318,2.06,1.57,1.83,1.84,1053.99,4.2,4.3,1.04,0.98
2/07/2021,9:50:00 PM,9:50:35 PM,Albion Park,QLD,8,184919430,R8 2138m Pace M,184919431,Harness,2138,Pace,18356835,2,Major Tralee,LOSER,59.53,LOSER,15,80.38,100,34,60,58.82,111.72,720,27,55,57.86,32.26,126.56,7.4,7.4,7.4,7.4,0.07,60,70,1.04,0.98
2/07/2021,9:50:00 PM,9:50:35 PM,Albion Park,QLD,8,184919430,R8 2138m Pace M,184919431,Harness,2138,Pace,8574727,3,Monterey Jack,LOSER,6.85,LOSER,2.14,1651.04,8.8,5.8,7.4,7.41,886.04,720,6.8,140,15.13,184.6,1313.34,2.56,2.12,2.2,2.23,453.68,7.8,8.6,1.04,0.98
2/07/2021,9:50:00 PM,9:50:35 PM,Albion Park,QLD,8,184919430,R8 2138m Pace M,184919431,Harness,2138,Pace,24607458,4,Man Of Action,LOSER,23,LOSER,4.6,166.25,65,19.5,19.5,24.54,256.89,720,20,230,49.62,36.57,363.72,5,4.5,4.6,4.59,56.67,23,25,1.04,0.98
2/07/2021,9:50:00 PM,9:50:35 PM,Albion Park,QLD,8,184919430,R8 2138m Pace M,184919431,Harness,2138,Pace,27870418,5,Remember Me Now,LOSER,21.88,WINNER,3.85,246.35,24,9.2,21,13.3,319.94,720,1.8,25,4.13,932.67,161.46,3.5,3.4,3.45,3.47,18.57,14.5,15.5,1.04,0.98
2/07/2021,9:50:00 PM,9:50:35 PM,Albion Park,QLD,8,184919430,R8 2138m Pace M,184919431,Harness,2138,Pace,28338816,6,Which Hunt,LOSER,3.76,WINNER,1.75,1916.59,5.6,3.85,3.9,4.22,2978.14,34,1.28,34,4.39,916.22,927.96,2.3,1.61,1.66,1.8,133.47,4,4.2,1.04,0.98
2/07/2021,9:50:00 PM,9:50:35 PM,Albion Park,QLD,8,184919430,R8 2138m Pace M,184919431,Harness,2138,Pace,25000260,7,In Chevron We Trust,LOSER,5.6,LOSER,2.04,1156.8,6.2,4.8,5.3,5.44,1778.45,720,4.7,230,9.41,267.32,917,2.26,1.97,2,2.02,85.62,5.7,5.9,1.04,0.98
2/07/2021,9:50:00 PM,9:50:35 PM,Albion Park,QLD,8,184919430,R8 2138m Pace M,184919431,Harness,2138,Pace,20520543,8,Artistic Saint,LOSER,8.45,LOSER,2.48,877.58,11,7.6,9.2,8.95,764.8,720,8,200,16.15,130.3,743.08,2.68,2.46,2.58,2.61,163.75,8.6,9.4,1.04,0.98
2/07/2021,10:25:00 PM,10:25:48 PM,Albion Park,QLD,9,184919432,R9 2138m Trot M,184919433,Harness,2138,Trot,23131699,1,Touche De Fling,LOSER,14.21,LOSER,3.55,399.7,46,13.5,17.5,17.82,757.11,720,14,720,55.53,57.54,269.32,3.6,3.4,3.4,3.56,18.7,18,20,1.04,0.98
2/07/2021,10:25:00 PM,10:25:48 PM,Albion Park,QLD,9,184919432,R9 2138m Trot M,184919433,Harness,2138,Trot,12862923,2,Norahs Fling,LOSER,61.54,LOSER,7.1,95.5,110,42,60,54.24,172.8,720,34,720,93.86,11.8,114.06,6.6,5.9,6.2,6.23,0.58,42,44,1.04,0.98
2/07/2021,10:25:00 PM,10:25:48 PM,Albion Park,QLD,9,184919432,R9 2138m Trot M,184919433,Harness,2138,Trot,21085897,3,Ima Calvert Rose,LOSER,3.12,LOSER,1.4,1423.72,3.25,2.28,2.8,2.92,4124.02,100,1.6,55,2.11,1793.09,1382.05,1.42,1.27,1.39,1.35,499.61,2.8,2.9,1.04,0.98
2/07/2021,10:25:00 PM,10:25:48 PM,Albion Park,QLD,9,184919432,R9 2138m Trot M,184919433,Harness,2138,Trot,38177375,5,Hattie,LOSER,17,WINNER,3.03,226.96,23,14,16.5,16.48,496.36,720,10,250,21.43,65,423.92,3.05,2.86,2.92,2.96,14,17,18,1.04,0.98
2/07/2021,10:25:00 PM,10:25:48 PM,Albion Park,QLD,9,184919432,R9 2138m Trot M,184919433,Harness,2138,Trot,19258296,6,Clover Lou,LOSER,100,LOSER,11.6,50.52,160,48,130,99.46,36.31,940,17,940,135.71,13.01,144.86,7.6,6,7.4,6.91,18.8,75,110,1.04,0.98
2/07/2021,10:25:00 PM,10:25:48 PM,Albion Park,QLD,9,184919432,R9 2138m Trot M,184919433,Harness,2138,Trot,19382064,7,Majestic Speed,WINNER,3.17,WINNER,1.4,1478.21,5.7,3.2,3.35,3.5,4580.61,5,1.01,1.01,1.4,5083.23,1296.86,1.62,1.39,1.4,1.41,37.74,3.2,3.45,1.04,0.98
2/07/2021,10:25:00 PM,10:25:48 PM,Albion Park,QLD,9,184919432,R9 2138m Trot M,184919433,Harness,2138,Trot,35382047,8,Just Call Me Molly,LOSER,4.8,WINNER,1.59,957.32,5,2.62,4.9,4.38,3003.47,720,5,250,12.31,129.48,999.76,1.65,1.54,1.56,1.6,173.3,4.5,4.8,1.04,0.98
2/07/2021,3:45:00 PM,3:45:30 PM,Alexandra Park,NZ,1,184934027,R1 2700m Trot S,184934028,Harness,2700,Trot,28073882,1,Heston Hall,WINNER,,WINNER,,,4.8,3.3,3.3,3.58,32.24,8.4,1.01,1.01,1.99,342.56,,1.91,1.57,1.91,1.83,0.17,3.25,3.3,1.18,0.84
2/07/2021,3:45:00 PM,3:45:30 PM,Alexandra Park,NZ,1,184934027,R1 2700m Trot S,184934028,Harness,2700,Trot,36010217,3,Wanna Snuggle,LOSER,,LOSER,,,5.3,2.88,3.15,3.69,57.59,18,1.23,18,1.97,470.49,,,,,,,3.25,5.4,1.18,0.84
2/07/2021,3:45:00 PM,3:45:30 PM,Alexandra Park,NZ,1,184934027,R1 2700m Trot S,184934028,Harness,2700,Trot,28216541,4,Scrappylittlenobody,LOSER,,LOSER,,,26,12.5,26,13.13,17.98,570,26,210,67.44,6.15,,3,3,3,3,0.04,13,25,1.18,0.84
2/07/2021,3:45:00 PM,3:45:30 PM,Alexandra Park,NZ,1,184934027,R1 2700m Trot S,184934028,Harness,2700,Trot,11470790,5,Bro Fawkes S,LOSER,,LOSER,,,30,11.5,14.5,15.17,31.47,55,9.4,9.4,13.77,23.55,,2.78,2.78,2.78,2.78,0.04,13.5,24,1.18,0.84
2/07/2021,3:45:00 PM,3:45:30 PM,Alexandra Park,NZ,1,184934027,R1 2700m Trot S,184934028,Harness,2700,Trot,6944057,6,Soledad,LOSER,,LOSER,,,32,15,15,15.82,5.28,570,32,570,85.48,6.79,,4.5,4.4,4.5,4.47,0.06,15.5,32,1.18,0.84
2/07/2021,3:45:00 PM,3:45:30 PM,Alexandra Park,NZ,1,184934027,R1 2700m Trot S,184934028,Harness,2700,Trot,36758232,7,Random Jude,LOSER,,LOSER,,,55,29,29,40.27,0.3,590,80,100,100.29,1.73,,4.6,4.6,4.6,4.6,0.06,29,55,1.18,0.84
2/07/2021,3:45:00 PM,3:45:30 PM,Alexandra Park,NZ,1,184934027,R1 2700m Trot S,184934028,Harness,2700,Trot,40040813,8,Chicago H,LOSER,,LOSER,,,14.5,10.5,11,11.43,6.07,70,28,70,39.77,4.71,,3.35,3.35,3.35,3.35,0.04,10.5,14,1.18,0.84
2/07/2021,3:45:00 PM,3:45:30 PM,Alexandra Park,NZ,1,184934027,R1 2700m Trot S,184934028,Harness,2700,Trot,40040814,9,Hill Of Peace,LOSER,,WINNER,,,27,18,18.5,18.59,11.27,100,28,85,51.83,3.58,,4.6,4.5,4.5,4.6,5.02,18.5,28,1.18,0.84
2/07/2021,3:45:00 PM,3:45:30 PM,Alexandra Park,NZ,1,184934027,R1 2700m Trot S,184934028,Harness,2700,Trot,38534285,10,Aldebaran Flame,LOSER,,WINNER,,,12.5,7,12.5,10.23,98.98,50,11.5,50,19.89,11.54,,2.86,2.66,2.8,2.82,50.01,11.5,12.5,1.18,0.84
2/07/2021,3:45:00 PM,3:45:30 PM,Alexandra Park,NZ,1,184934027,R1 2700m Trot S,184934028,Harness,2700,Trot,40040815,11,Majestic Princess,LOSER,,LOSER,,,30,15,30,17.69,1.44,160,44,160,69.28,2.73,,4.3,4.3,4.3,4.3,0.04,16,30,1.18,0.84
2/07/2021,3:45:00 PM,3:45:30 PM,Alexandra Park,NZ,1,184934027,R1 2700m Trot S,184934028,Harness,2700,Trot,36010222,12,Cepheus,LOSER,,LOSER,,,480,200,480,340,0.03,,,,,,,14,13,13,13.5,0.04,90,560,1.18,0.84
2/07/2021,4:20:00 PM,4:20:53 PM,Alexandra Park,NZ,2,184934029,R2 2200m Pace M,184934030,Harness,2200,Pace,32353800,1,Hugo George,LOSER,,LOSER,,,17,11,11,14.81,23.07,90,22,90,23.77,2.88,,3.1,2.52,2.9,3.01,89.25,11,14.5,1.21,0.85
2/07/2021,4:20:00 PM,4:20:53 PM,Alexandra Park,NZ,2,184934029,R2 2200m Pace M,184934030,Harness,2200,Pace,11214656,2,Murphys Reward,LOSER,,LOSER,,,8.4,4.7,4.7,6.14,114.51,75,2.32,15,3.41,239.97,,2.2,1.84,1.84,2.2,46.07,5.1,5.8,1.21,0.85
2/07/2021,4:20:00 PM,4:20:53 PM,Alexandra Park,NZ,2,184934029,R2 2200m Pace M,184934030,Harness,2200,Pace,33751183,3,Chris Kyle,LOSER,,WINNER,,,10,7.2,7.2,7.46,8.09,50,13,50,14.06,4.87,,2.42,2.38,2.42,2.4,0.04,7.2,11.5,1.21,0.85
2/07/2021,4:20:00 PM,4:20:53 PM,Alexandra Park,NZ,2,184934029,R2 2200m Pace M,184934030,Harness,2200,Pace,5895069,4,Once Bitten,LOSER,,WINNER,,,7,5.6,7,6.19,4.98,200,4.1,200,6.59,39.71,,2.3,2.28,2.3,2.29,0.04,5.6,9.2,1.21,0.85
2/07/2021,4:20:00 PM,4:20:53 PM,Alexandra Park,NZ,2,184934029,R2 2200m Pace M,184934030,Harness,2200,Pace,666645,5,Platinum,WINNER,,WINNER,,,15.5,15.5,15.5,15.5,1.2,75,1.06,1.06,5.63,60.21,,3.65,3.65,3.65,3.65,0.04,15.5,27,1.21,0.85
2/07/2021,4:20:00 PM,4:20:53 PM,Alexandra Park,NZ,2,184934029,R2 2200m Pace M,184934030,Harness,2200,Pace,10984497,7,John Wayne,LOSER,,LOSER,,,4.4,3.85,4.1,4.05,123.78,28,3.65,28,6.91,26.38,,1.71,1.67,1.71,1.68,4.34,3.95,5.4,1.21,0.85
2/07/2021,4:20:00 PM,4:20:53 PM,Alexandra Park,NZ,2,184934029,R2 2200m Pace M,184934030,Harness,2200,Pace,39592099,8,Stac,LOSER,,LOSER,,,17,13,16,15.59,7.36,900,5.7,560,30.32,45.63,,3.25,3.25,3.25,3.25,0.04,15,16.5,1.21,0.85
2/07/2021,4:20:00 PM,4:20:53 PM,Alexandra Park,NZ,2,184934029,R2 2200m Pace M,184934030,Harness,2200,Pace,5349518,9,Voodoo Prince,LOSER,,LOSER,,,,,,,,860,630,630,777.86,0.08,,12,11.5,12,11.75,0.04,75,410,1.21,0.85
2/07/2021,4:20:00 PM,4:20:53 PM,Alexandra Park,NZ,2,184934029,R2 2200m Pace M,184934030,Harness,2200,Pace,40040817,10,Tennessee Honey,LOSER,,LOSER,,,17,8.6,15,10.51,5.49,60,15.5,60,16.78,4.12,,3.3,3.3,3.3,3.3,0.04,8.6,15,1.21,0.85
2/07/2021,4:20:00 PM,4:20:53 PM,Alexandra Park,NZ,2,184934029,R2 2200m Pace M,184934030,Harness,2200,Pace,36590628,11,Bet West,LOSER,,LOSER,,,22,22,22,22,0.87,150,38,150,43.72,5.11,,5,5,5,5,0.04,22,38,1.21,0.85
2/07/2021,4:20:00 PM,4:20:53 PM,Alexandra Park,NZ,2,184934029,R2 2200m Pace M,184934030,Harness,2200,Pace,40040818,12,Hesashorething,LOSER,,LOSER,,,26,26,26,26,0.13,48,3.1,3.1,11.47,8.62,,4.7,4.7,4.7,4.7,0.04,22,26,1.21,0.85
2/07/2021,4:49:00 PM,4:49:35 PM,Alexandra Park,NZ,3,184934031,R3 2200m Trot S,184934032,Harness,2200,Trot,4979940,1,The Governator,LOSER,,WINNER,,,4.3,3.05,3.15,3.27,166.24,15,4.4,4.4,7.25,3.84,,1.63,1.59,1.59,1.61,0.04,3.15,6.8,1.23,0.76
2/07/2021,4:49:00 PM,4:49:35 PM,Alexandra Park,NZ,3,184934031,R3 2200m Trot S,184934032,Harness,2200,Trot,13321194,2,Kingsclere,LOSER,,LOSER,,,24,18.5,24,21.03,15.1,140,50,140,70.77,0.39,,4.2,4.2,4.2,4.2,0.04,18.5,24,1.23,0.76
2/07/2021,4:49:00 PM,4:49:35 PM,Alexandra Park,NZ,3,184934031,R3 2200m Trot S,184934032,Harness,2200,Trot,28546395,3,Debbie Lee Galleon,LOSER,,LOSER,,,38,16,38,20.95,11.6,920,48,740,296.52,3.62,,3.45,3.45,3.45,3.45,0.04,16.5,34,1.23,0.76
2/07/2021,4:49:00 PM,4:49:35 PM,Alexandra Park,NZ,3,184934031,R3 2200m Trot S,184934032,Harness,2200,Trot,40040819,4,Eight Miles High,LOSER,,LOSER,,,260,48,100,78.78,1.63,470,470,470,470,0.03,,6.8,6.8,6.8,6.8,0.04,55,100,1.23,0.76
2/07/2021,4:49:00 PM,4:49:35 PM,Alexandra Park,NZ,3,184934031,R3 2200m Trot S,184934032,Harness,2200,Trot,40040820,5,Aardiebythehill,LOSER,,LOSER,,,6,4.8,5.9,5.47,38.65,890,10,700,75.44,15.41,,1.88,1.87,1.88,1.87,0.21,5.5,8.8,1.23,0.76
2/07/2021,4:49:00 PM,4:49:35 PM,Alexandra Park,NZ,3,184934031,R3 2200m Trot S,184934032,Harness,2200,Trot,36496804,6,Dolly P,LOSER,,LOSER,,,80,29,70,36.28,15.97,940,95,610,574.65,1.62,,6.4,6.2,6.4,6.3,0.04,34,70,1.23,0.76
2/07/2021,4:49:00 PM,4:49:35 PM,Alexandra Park,NZ,3,184934031,R3 2200m Trot S,184934032,Harness,2200,Trot,16503369,7,Cyber Attack,LOSER,,WINNER,,,10,5.2,9.6,8.37,12.29,5.8,4.9,5,5.04,47,,2,2,2,2,0.04,5.1,9.2,1.23,0.76
2/07/2021,4:49:00 PM,4:49:35 PM,Alexandra Park,NZ,3,184934031,R3 2200m Trot S,184934032,Harness,2200,Trot,39436927,9,Phoebe Majestic,WINNER,,WINNER,,,4,3.1,4,3.29,838.01,2.62,1.25,1.35,1.85,333.84,,1.93,1.49,1.8,1.76,58.41,3.55,4,1.23,0.76
2/07/2021,4:49:00 PM,4:49:35 PM,Alexandra Park,NZ,3,184934031,R3 2200m Trot S,184934032,Harness,2200,Trot,40040822,10,Willis Graham,LOSER,,LOSER,,,27,9.2,22,14.35,10.65,910,32,490,311.71,1.07,,2.58,2.58,2.58,2.58,0.04,11,21,1.23,0.76
2/07/2021,5:19:00 PM,5:19:40 PM,Alexandra Park,NZ,4,184934033,R4 2200m Pace M,184934034,Harness,2200,Pace,17220262,1,Harvey Specter,LOSER,,WINNER,,,9.4,5.2,6.6,6.21,436.48,630,4.5,12.5,6.12,128.2,,3,1.89,2,2.06,191.92,5.4,5.6,1.06,0.98
2/07/2021,5:19:00 PM,5:19:40 PM,Alexandra Park,NZ,4,184934033,R4 2200m Pace M,184934034,Harness,2200,Pace,39307928,2,Lauries Delight,LOSER,,LOSER,,,10,5.2,10,7.93,100.79,550,6.2,200,61.2,9.49,,3.05,2.68,2.7,3,0.28,9.2,10,1.06,0.98
2/07/2021,5:19:00 PM,5:19:40 PM,Alexandra Park,NZ,4,184934033,R4 2200m Pace M,184934034,Harness,2200,Pace,40040823,3,Rasana,LOSER,,LOSER,,,32,14.5,29,22.16,40.18,490,12.5,120,26.18,4.42,,4.3,3.3,4.3,4.13,320.53,22,28,1.06,0.98
2/07/2021,5:19:00 PM,5:19:40 PM,Alexandra Park,NZ,4,184934033,R4 2200m Pace M,184934034,Harness,2200,Pace,2477148,4,Brother John,LOSER,,LOSER,,,18,10,11,13.2,54.92,140,6,140,6.52,84.92,,3.3,3.25,3.3,3.28,0.08,13.5,16,1.06,0.98
2/07/2021,5:19:00 PM,5:19:40 PM,Alexandra Park,NZ,4,184934033,R4 2200m Pace M,184934034,Harness,2200,Pace,3867602,5,Barbarossa,LOSER,,LOSER,,,320,40,320,104.09,11.15,870,40,870,61.34,1.75,,8.4,7.8,8.4,8.39,5.06,110,180,1.06,0.98
2/07/2021,5:19:00 PM,5:19:40 PM,Alexandra Park,NZ,4,184934033,R4 2200m Pace M,184934034,Harness,2200,Pace,35791139,6,Eyecon,LOSER,,LOSER,,,13.5,11,11,12.29,67.49,650,7.4,650,9.07,25.83,,3.4,2.9,2.9,3.19,82.48,12,12.5,1.06,0.98
2/07/2021,5:19:00 PM,5:19:40 PM,Alexandra Park,NZ,4,184934033,R4 2200m Pace M,184934034,Harness,2200,Pace,39232259,7,Father Quinn,LOSER,,LOSER,,,100,29,95,47.42,16.66,920,95,140,586.57,1.5,,6.8,6.8,6.8,6.8,0.08,40,55,1.06,0.98
2/07/2021,5:19:00 PM,5:19:40 PM,Alexandra Park,NZ,4,184934033,R4 2200m Pace M,184934034,Harness,2200,Pace,39375828,8,Joshua Richard,LOSER,,WINNER,,,4.1,2.52,3.75,3.57,1133.47,26,2.5,6.4,6.06,95.13,,1.84,1.49,1.61,1.62,1.39,3.8,4.1,1.06,0.98
2/07/2021,5:19:00 PM,5:19:40 PM,Alexandra Park,NZ,4,184934033,R4 2200m Pace M,184934034,Harness,2200,Pace,40040824,9,I Expect Bettor,WINNER,,WINNER,,,5.4,3.7,4.3,4.06,689.04,7,1.04,1.32,3.22,180.18,,2.04,1.68,1.69,1.73,0.82,3.75,3.9,1.06,0.98
2/07/2021,5:50:00 PM,5:50:48 PM,Alexandra Park,NZ,5,184934035,R5 1700m Pace M,184934036,Harness,1700,Pace,27289984,1,The Blue Beat,LOSER,,LOSER,,,19.5,19.5,19.5,19.5,1.15,510,120,510,326.47,0.09,,4.5,4.5,4.5,4.5,0.04,19.5,34,1.17,0.85
2/07/2021,5:50:00 PM,5:50:48 PM,Alexandra Park,NZ,5,184934035,R5 1700m Pace M,184934036,Harness,1700,Pace,526134,2,Manhattan,LOSER,,WINNER,,,10,9.4,9.6,9.61,15.75,85,7,85,58.7,0.57,,2.84,2.84,2.84,2.84,0.04,9.6,12.5,1.17,0.85
2/07/2021,5:50:00 PM,5:50:48 PM,Alexandra Park,NZ,5,184934035,R5 1700m Pace M,184934036,Harness,1700,Pace,13254063,3,Sweet Treat,LOSER,,LOSER,,,11.5,8.6,11,9.64,23.43,480,50,480,213.1,0.14,,2.7,2.7,2.7,2.7,0.04,8.8,11.5,1.17,0.85
2/07/2021,5:50:00 PM,5:50:48 PM,Alexandra Park,NZ,5,184934035,R5 1700m Pace M,184934036,Harness,1700,Pace,28209188,4,We Have A Mach Two,LOSER,,LOSER,,,17.5,17,17.5,17.37,1.22,510,110,510,321.76,0.09,,4.2,4.2,4.2,4.2,0.04,17,30,1.17,0.85
2/07/2021,5:50:00 PM,5:50:48 PM,Alexandra Park,NZ,5,184934035,R5 1700m Pace M,184934036,Harness,1700,Pace,28776866,6,Emmber,LOSER,,LOSER,,,28,23,23,24.41,5,520,240,520,420,0.08,,4.6,4.6,4.6,4.6,0.04,28,50,1.17,0.85
2/07/2021,5:50:00 PM,5:50:48 PM,Alexandra Park,NZ,5,184934035,R5 1700m Pace M,184934036,Harness,1700,Pace,26963910,7,Swell Time,LOSER,,LOSER,,,15.5,14,14,14.42,9.27,490,8.6,490,19.43,3.27,,3.5,3.5,3.5,3.5,0.04,14.5,18,1.17,0.85
2/07/2021,5:50:00 PM,5:50:48 PM,Alexandra Park,NZ,5,184934035,R5 1700m Pace M,184934036,Harness,1700,Pace,23484016,8,A Taste Of Honey,LOSER,,WINNER,,,4.5,3.5,4.1,3.82,64.02,810,1.16,25,3.63,70.12,,1.59,1.59,1.59,1.59,0.04,3.55,4.5,1.17,0.85
2/07/2021,5:50:00 PM,5:50:48 PM,Alexandra Park,NZ,5,184934035,R5 1700m Pace M,184934036,Harness,1700,Pace,40040825,9,Whooshka,LOSER,,LOSER,,,75,36,38,43.06,5.83,220,220,220,220,0.02,,6.8,6.8,6.8,6.8,0.04,48,75,1.17,0.85
2/07/2021,5:50:00 PM,5:50:48 PM,Alexandra Park,NZ,5,184934035,R5 1700m Pace M,184934036,Harness,1700,Pace,40040826,10,Settle Petal,LOSER,,LOSER,,,12,8.8,8.8,9.4,18.56,85,5.8,85,8.51,11.38,,2.56,2.56,2.56,2.56,0.04,7.4,11.5,1.17,0.85
2/07/2021,5:50:00 PM,5:50:48 PM,Alexandra Park,NZ,5,184934035,R5 1700m Pace M,184934036,Harness,1700,Pace,27132936,11,Little Miss Perfect,LOSER,,LOSER,,,16,14.5,15,15.18,5.22,490,110,490,330,0.09,,3.6,3,3.6,3.05,376,14.5,20,1.17,0.85
2/07/2021,5:50:00 PM,5:50:48 PM,Alexandra Park,NZ,5,184934035,R5 1700m Pace M,184934036,Harness,1700,Pace,40040827,12,Commander Cathy,WINNER,,WINNER,,,5.8,4.4,4.7,4.95,142.92,29,1.01,1.01,1.59,113.42,,,,,,,4.3,5.7,1.17,0.85
2/07/2021,6:19:00 PM,6:19:44 PM,Alexandra Park,NZ,6,184934037,R6 2200m Pace M,184934038,Harness,2200,Pace,39232362,1,Meetmeinsorrento,LOSER,,WINNER,,,38,20,38,23.61,18.09,17.5,13.5,13.5,14.6,4,,5,5,5,5,0.04,23,40,1.1,0.85
2/07/2021,6:19:00 PM,6:19:44 PM,Alexandra Park,NZ,6,184934037,R6 2200m Pace M,184934038,Harness,2200,Pace,1127486,2,Marathon Man,WINNER,,WINNER,,,3.6,2.88,3.1,3.02,374.76,3.5,2.16,2.16,2.57,130,,1.54,1.53,1.53,1.54,0.62,3.6,4.7,1.1,0.85
2/07/2021,6:19:00 PM,6:19:44 PM,Alexandra Park,NZ,6,184934037,R6 2200m Pace M,184934038,Harness,2200,Pace,21051063,3,Eastanbull,LOSER,,LOSER,,,19,11,19,13.39,16.92,,,,,,,2.94,2.94,2.94,2.94,0.04,11,14.5,1.1,0.85
2/07/2021,6:19:00 PM,6:19:44 PM,Alexandra Park,NZ,6,184934037,R6 2200m Pace M,184934038,Harness,2200,Pace,35608335,4,Stag Party,LOSER,,WINNER,,,9.2,7.4,7.4,8.17,112.82,6.4,5.1,5.1,5.23,46.12,,2.54,2.3,2.3,2.3,17.27,8,8.8,1.1,0.85
2/07/2021,6:19:00 PM,6:19:44 PM,Alexandra Park,NZ,6,184934037,R6 2200m Pace M,184934038,Harness,2200,Pace,11062917,5,Comic Book Hero,LOSER,,LOSER,,,340,330,340,330.56,0.26,,,,,,,13.5,13.5,13.5,13.5,0.04,75,460,1.1,0.85
2/07/2021,6:19:00 PM,6:19:44 PM,Alexandra Park,NZ,6,184934037,R6 2200m Pace M,184934038,Harness,2200,Pace,6280181,6,Optical Illusion,LOSER,,LOSER,,,29,16,29,24.23,4.16,,,,,,,3.9,3.55,3.9,3.63,62.64,19,27,1.1,0.85
2/07/2021,6:19:00 PM,6:19:44 PM,Alexandra Park,NZ,6,184934037,R6 2200m Pace M,184934038,Harness,2200,Pace,27200750,7,Major Jellis,LOSER,,LOSER,,,8.2,5.8,6.4,6.45,94.62,4.7,4.2,4.7,4.34,10,,2.18,2.18,2.18,2.18,0.04,6.2,7.8,1.1,0.85
2/07/2021,6:19:00 PM,6:19:44 PM,Alexandra Park,NZ,6,184934037,R6 2200m Pace M,184934038,Harness,2200,Pace,35523913,8,Got You Covered,LOSER,,LOSER,,,4.9,3.9,3.95,4.17,276.6,5.5,4.6,4.9,5.23,24,,,,,,,4.5,5.2,1.1,0.85
2/07/2021,6:19:00 PM,6:19:44 PM,Alexandra Park,NZ,6,184934037,R6 2200m Pace M,184934038,Harness,2200,Pace,12226904,9,Lynton Creek,LOSER,,LOSER,,,340,320,340,321.11,0.26,,,,,,,10.5,10.5,10.5,10.5,0.04,70,390,1.1,0.85
2/07/2021,6:19:00 PM,6:19:44 PM,Alexandra Park,NZ,6,184934037,R6 2200m Pace M,184934038,Harness,2200,Pace,1165163,10,Satchmo,LOSER,,LOSER,,,16,11.5,11.5,12.46,27.29,,,,,,,5.9,2.78,2.94,2.92,329.81,11.5,16,1.1,0.85
2/07/2021,6:19:00 PM,6:19:44 PM,Alexandra Park,NZ,6,184934037,R6 2200m Pace M,184934038,Harness,2200,Pace,37904310,12,Ohoka Achilles,LOSER,,LOSER,,,120,65,120,66.21,10.37,,,,,,,9.8,9.6,9.8,9.8,20.04,70,120,1.1,0.85
2/07/2021,6:50:00 PM,6:51:55 PM,Alexandra Park,NZ,7,184934039,R7 2700m Pace S,184934040,Harness,2700,Pace,12668178,1,Imallaboutthebase,LOSER,,LOSER,,,18,8.4,17.5,13.48,54.55,14.5,12.5,12.5,14.4,18.27,,3.45,3.25,3.45,3.45,5.08,12.5,16.5,1.04,0.92
2/07/2021,6:50:00 PM,6:51:55 PM,Alexandra Park,NZ,7,184934039,R7 2700m Pace S,184934040,Harness,2700,Pace,36241346,3,Rough And Ready,LOSER,,LOSER,,,300,42,270,97.06,6.08,350,340,350,340.65,0.69,,,,,,,120,290,1.04,0.92
2/07/2021,6:50:00 PM,6:51:55 PM,Alexandra Park,NZ,7,184934039,R7 2700m Pace S,184934040,Harness,2700,Pace,35596720,4,Hot And Treacherous,WINNER,,WINNER,,,2.54,2.02,2.18,2.16,5167.59,2.3,1.67,2.3,2.09,352.38,,1.41,1.3,1.37,1.36,164.1,2.12,2.14,1.04,0.92
2/07/2021,6:50:00 PM,6:51:55 PM,Alexandra Park,NZ,7,184934039,R7 2700m Pace S,184934040,Harness,2700,Pace,19636693,5,Cheezel,LOSER,,LOSER,,,13,6.4,13,8.34,147,6,5.2,5.2,5.72,5.68,,3.05,2.26,2.3,2.3,63.79,8.8,12.5,1.04,0.92
2/07/2021,6:50:00 PM,6:51:55 PM,Alexandra Park,NZ,7,184934039,R7 2700m Pace S,184934040,Harness,2700,Pace,23055439,6,Double Rocket,LOSER,,LOSER,,,8,5.2,5.3,6.18,190.16,140,11.5,120,13.82,12.16,,2.2,1.79,2.14,1.84,92.42,8,8.4,1.04,0.92
2/07/2021,6:50:00 PM,6:51:55 PM,Alexandra Park,NZ,7,184934039,R7 2700m Pace S,184934040,Harness,2700,Pace,14066899,7,Dracarys,LOSER,,LOSER,,,300,100,210,162.28,2.04,960,340,960,923.6,0.94,,8.4,6.6,6.8,7.29,107.76,100,200,1.04,0.92
2/07/2021,6:50:00 PM,6:51:55 PM,Alexandra Park,NZ,7,184934039,R7 2700m Pace S,184934040,Harness,2700,Pace,24228944,8,Plutonium Lady,LOSER,,LOSER,,,14,7.6,13.5,9.76,98.26,200,24,44,44.5,10.17,,2.92,2.72,2.92,2.91,5.18,10.5,13,1.04,0.92
2/07/2021,6:50:00 PM,6:51:55 PM,Alexandra Park,NZ,7,184934039,R7 2700m Pace S,184934040,Harness,2700,Pace,27132945,9,Havtime,LOSER,,WINNER,,,18.5,12,12,14.19,99.41,11.5,6,6,7.53,43.19,,3.7,3.45,3.45,3.48,82.25,14.5,17.5,1.04,0.92
2/07/2021,6:50:00 PM,6:51:55 PM,Alexandra Park,NZ,7,184934039,R7 2700m Pace S,184934040,Harness,2700,Pace,13083580,10,Warloch,LOSER,,WINNER,,,50,24,50,31.25,27.74,30,11,11,13.23,30.07,,5.2,5.2,5.2,5.2,0.18,30,34,1.04,0.92
2/07/2021,6:50:00 PM,6:51:55 PM,Alexandra Park,NZ,7,184934039,R7 2700m Pace S,184934040,Harness,2700,Pace,663581,11,Fabrizio,LOSER,,LOSER,,,50,29,38,35.97,29.98,170,21,25,45.19,12.66,,6.4,6.4,6.4,6.4,0.06,32,46,1.04,0.92
2/07/2021,7:19:00 PM,7:20:09 PM,Alexandra Park,NZ,8,184934041,R8 2700m Trot S,184934042,Harness,2700,Trot,28546294,1,Maudarchy,LOSER,,LOSER,,,19,12.5,16.5,15.54,40.9,900,6.2,900,36.57,16.25,,3.05,2.86,3,2.99,20.04,15,16.5,1.1,0.96
2/07/2021,7:19:00 PM,7:20:09 PM,Alexandra Park,NZ,8,184934041,R8 2700m Trot S,184934042,Harness,2700,Trot,28708203,2,High In The Sky,LOSER,,LOSER,,,70,34,42,44.3,28.84,270,140,270,247.25,0.19,,6.2,5,5.1,5.53,105.06,34,40,1.1,0.96
2/07/2021,7:19:00 PM,7:20:09 PM,Alexandra Park,NZ,8,184934041,R8 2700m Trot S,184934042,Harness,2700,Trot,18275387,3,Superfast Ninja,LOSER,,WINNER,,,100,46,100,57.86,11.02,220,19.5,220,40.28,1.97,,8.4,6.8,8.2,8.05,10.23,46,90,1.1,0.96
2/07/2021,7:19:00 PM,7:20:09 PM,Alexandra Park,NZ,8,184934041,R8 2700m Trot S,184934042,Harness,2700,Trot,21922998,4,In Sequence,LOSER,,LOSER,,,11.5,8.4,9.2,9.4,148.12,480,5.9,480,14.93,13.67,,2.82,2.34,2.82,2.39,0.3,9,10.5,1.1,0.96
2/07/2021,7:19:00 PM,7:20:09 PM,Alexandra Park,NZ,8,184934041,R8 2700m Trot S,184934042,Harness,2700,Trot,11575314,5,Saint Michel,LOSER,,LOSER,,,60,32,60,45.06,15.91,520,16.5,520,30.96,5.66,,5.3,5.3,5.3,5.3,0.08,32,60,1.1,0.96
2/07/2021,7:19:00 PM,7:20:09 PM,Alexandra Park,NZ,8,184934041,R8 2700m Trot S,184934042,Harness,2700,Trot,24415747,7,Emma Frost,LOSER,,WINNER,,,8.2,4.6,4.7,5.2,364.57,480,3.55,140,14.85,5.47,,1.83,1.63,1.63,1.7,5.2,5,5.9,1.1,0.96
2/07/2021,7:19:00 PM,7:20:09 PM,Alexandra Park,NZ,8,184934041,R8 2700m Trot S,184934042,Harness,2700,Trot,10800412,8,I See Fire,LOSER,,LOSER,,,2.42,1.96,2.2,2.14,1979.66,29,1.7,29,3.89,23.72,,1.35,1.35,1.35,1.35,9.17,2,2.08,1.1,0.96
2/07/2021,7:19:00 PM,7:20:09 PM,Alexandra Park,NZ,8,184934041,R8 2700m Trot S,184934042,Harness,2700,Trot,39519584,9,Kimkar Dash,WINNER,,WINNER,,,10,5.4,9.8,7.5,106.83,11.5,1.01,1.05,1.45,109.72,,1.85,1.84,1.85,1.85,0.44,7.2,10,1.1,0.96
2/07/2021,7:50:00 PM,7:50:44 PM,Alexandra Park,NZ,9,184934043,R9 2200m Pace M,184934044,Harness,2200,Pace,38459423,1,Shanlou,LOSER,,WINNER,,,6,4.8,5.9,5.9,23.47,470,11,450,20.99,10.2,,2.04,1.93,2.04,2.04,20.21,6.2,8.6,1.11,0.78
2/07/2021,7:50:00 PM,7:50:44 PM,Alexandra Park,NZ,9,184934043,R9 2200m Pace M,184934044,Harness,2200,Pace,40040828,2,Supasundae,LOSER,,LOSER,,,32,27,32,31.57,5.71,870,870,870,870,0.13,,5.1,5.1,5.1,5.1,0.04,32,48,1.11,0.78
2/07/2021,7:50:00 PM,7:50:44 PM,Alexandra Park,NZ,9,184934043,R9 2200m Pace M,184934044,Harness,2200,Pace,2701897,3,Je Taime,LOSER,,LOSER,,,38,28,28,35.7,5.51,880,880,880,880,0.13,,6.2,6.2,6.2,6.2,0.04,38,60,1.11,0.78
2/07/2021,7:50:00 PM,7:50:44 PM,Alexandra Park,NZ,9,184934043,R9 2200m Pace M,184934044,Harness,2200,Pace,745234,4,Spice It Up,WINNER,,WINNER,,,3.75,3.05,3.25,3.19,33.69,8,1.01,1.01,1.75,316.41,,1.82,1.4,1.43,1.41,19.37,3.2,3.75,1.11,0.78
2/07/2021,7:50:00 PM,7:50:44 PM,Alexandra Park,NZ,9,184934043,R9 2200m Pace M,184934044,Harness,2200,Pace,37749138,5,The Missing Sock,LOSER,,WINNER,,,5.8,3.15,5.6,4.78,26.38,18,1.04,1.95,6.54,33.81,,1.45,1.43,1.45,1.43,147.87,3.45,5.8,1.11,0.78
2/07/2021,7:50:00 PM,7:50:44 PM,Alexandra Park,NZ,9,184934043,R9 2200m Pace M,184934044,Harness,2200,Pace,39967751,6,Sharkine,LOSER,,LOSER,,,80,55,65,74.29,5,,,,,,,10,10,10,10,0.04,75,310,1.11,0.78
2/07/2021,7:50:00 PM,7:50:44 PM,Alexandra Park,NZ,9,184934043,R9 2200m Pace M,184934044,Harness,2200,Pace,1464964,7,Ronda,LOSER,,LOSER,,,12.5,9.2,9.2,10.81,2.58,840,820,840,834.67,0.15,,2.46,2.46,2.46,2.46,0.04,9.2,15,1.11,0.78
2/07/2021,7:50:00 PM,7:50:44 PM,Alexandra Park,NZ,9,184934043,R9 2200m Pace M,184934044,Harness,2200,Pace,40040829,8,Wet Flipflops,LOSER,,LOSER,,,14,13,13,13.21,5.56,1000,490,1000,557.5,0.21,,3.4,3.4,3.4,3.4,0.04,14,20,1.11,0.78
2/07/2021,7:50:00 PM,7:50:44 PM,Alexandra Park,NZ,9,184934043,R9 2200m Pace M,184934044,Harness,2200,Pace,39876770,9,Willsherocknroll,LOSER,,LOSER,,,,,,,,370,370,370,370,0.29,,6.8,6.8,6.8,6.8,0.08,50,95,1.11,0.78
2/07/2021,7:50:00 PM,7:50:44 PM,Alexandra Park,NZ,9,184934043,R9 2200m Pace M,184934044,Harness,2200,Pace,13125937,10,Sky Full Of Stars,LOSER,,LOSER,,,17.5,10.5,17,15.3,9.35,500,23,500,36.84,5.68,,2.96,2.96,2.96,2.96,0.14,12.5,17.5,1.11,0.78
2/07/2021,8:15:00 PM,8:15:23 PM,Alexandra Park,NZ,10,184934045,R10 2700m Trot S,184934046,Harness,2700,Trot,2838667,1,Silver Power,LOSER,,WINNER,,,13.5,8.4,8.4,9.9,95.11,7.6,4.7,4.7,6.19,31.77,,3.1,3.1,3.1,3.1,0.04,8,8.4,1.04,0.91
2/07/2021,8:15:00 PM,8:15:23 PM,Alexandra Park,NZ,10,184934045,R10 2700m Trot S,184934046,Harness,2700,Trot,5811456,2,Sertorius,LOSER,,LOSER,,,36,21,36,25.58,35.23,,,,,,,6.6,6.6,6.6,6.6,0.09,26,36,1.04,0.91
2/07/2021,8:15:00 PM,8:15:23 PM,Alexandra Park,NZ,10,184934045,R10 2700m Trot S,184934046,Harness,2700,Trot,1465285,3,Invictus,LOSER,,LOSER,,,22,11.5,11.5,16.41,29.38,10,10,10,10,10.99,,4.3,4.3,4.3,4.3,0.04,11.5,17,1.04,0.91
2/07/2021,8:15:00 PM,8:15:23 PM,Alexandra Park,NZ,10,184934045,R10 2700m Trot S,184934046,Harness,2700,Trot,15551599,4,Credit Master,LOSER,,LOSER,,,9.8,6,8.2,7.29,53.04,5.3,5.3,5.3,5.3,10,,3.15,3.15,3.15,3.15,0.08,8.8,10.5,1.04,0.91
2/07/2021,8:15:00 PM,8:15:23 PM,Alexandra Park,NZ,10,184934045,R10 2700m Trot S,184934046,Harness,2700,Trot,21649476,5,Kings Landing,LOSER,,LOSER,,,12,8.4,12,9.66,72.61,8,4.3,4.3,5.88,40,,3.3,3.3,3.3,3.3,0.06,9.2,12,1.04,0.91
2/07/2021,8:15:00 PM,8:15:23 PM,Alexandra Park,NZ,10,184934045,R10 2700m Trot S,184934046,Harness,2700,Trot,10641350,6,Temporale,WINNER,,WINNER,,,1.87,1.5,1.75,1.64,1357.61,2,1.37,2,1.8,513.42,,1.47,1.2,1.42,1.23,82.31,1.76,1.9,1.04,0.91
2/07/2021,7:14:00 PM,7:14:57 PM,Gloucester Park,WA,1,184915243,R1 2130m Pace M,184915244,Harness,2130,Pace,28252216,1,Pocket The Cash,LOSER,2.27,WINNER,1.18,3133.62,3.5,2.3,2.42,2.79,11481.05,100,1.86,80,2.35,2974.01,1637.66,1.26,1.16,1.19,1.21,559.31,2.9,3,1.03,0.98
2/07/2021,7:14:00 PM,7:14:57 PM,Gloucester Park,WA,1,184915243,R1 2130m Pace M,184915244,Harness,2130,Pace,17668301,2,Shanway,LOSER,4.52,WINNER,1.36,1250.55,5.2,3.4,4.4,4.09,3246.39,160,2.4,160,6.67,465.18,825.68,1.41,1.29,1.35,1.36,484.69,3.85,4.1,1.03,0.98
2/07/2021,7:14:00 PM,7:14:57 PM,Gloucester Park,WA,1,184915243,R1 2130m Pace M,184915244,Harness,2130,Pace,18294682,3,Henwood Bay,LOSER,17.57,LOSER,2.86,531.87,44,14,18,19,996.4,720,4.4,150,26.63,145.25,262.47,3.7,2.34,3.2,2.92,339.37,15,16.5,1.03,0.98
2/07/2021,7:14:00 PM,7:14:57 PM,Gloucester Park,WA,1,184915243,R1 2130m Pace M,184915244,Harness,2130,Pace,19647653,4,Bettor Be Oscar,LOSER,82.15,LOSER,7.66,99.53,160,50,120,90.14,87.68,1000,27,910,83.04,22.65,447.02,6.2,5.4,6.2,5.83,23.32,70,80,1.03,0.98
2/07/2021,7:14:00 PM,7:14:57 PM,Gloucester Park,WA,1,184915243,R1 2130m Pace M,184915244,Harness,2130,Pace,13326218,5,Burning Rubber,LOSER,1000,LOSER,896.18,40.13,1000,300,990,614.25,41.11,1000,260,260,979.81,10.66,0.09,900,14.5,890,634.67,0.13,480,930,1.03,0.98
2/07/2021,7:14:00 PM,7:14:57 PM,Gloucester Park,WA,1,184915243,R1 2130m Pace M,184915244,Harness,2130,Pace,23415232,6,Secret Operation,LOSER,378.27,LOSER,26,53.66,740,180,350,237.5,39,700,30,100,117.4,39.2,,15.5,14.5,15.5,15.49,5.04,220,270,1.03,0.98
2/07/2021,7:14:00 PM,7:14:57 PM,Gloucester Park,WA,1,184915243,R1 2130m Pace M,184915244,Harness,2130,Pace,19006170,7,Gambit,WINNER,3.27,WINNER,1.32,1948.88,3.85,2.22,3.4,3.07,12037.98,10,1.01,1.01,1.81,2176.72,2516.03,1.4,1.24,1.31,1.3,840.87,2.98,3.15,1.03,0.98
2/07/2021,7:14:00 PM,7:14:57 PM,Gloucester Park,WA,1,184915243,R1 2130m Pace M,184915244,Harness,2130,Pace,5080750,8,Plutonium,LOSER,140,LOSER,14.25,52.69,380,90,370,198.77,41.22,990,19,990,163.16,15.03,44.31,9.4,9,9.4,9.4,10.04,190,340,1.03,0.98
2/07/2021,7:42:00 PM,7:42:57 PM,Gloucester Park,WA,2,184915245,R2 2130m Pace M,184915246,Harness,2130,Pace,22402345,1,Mini Mine Yet,WINNER,1.67,WINNER,1.19,3264.66,2.24,1.67,1.71,1.84,17186.43,15.5,1.01,1.01,1.72,3922.67,1810.1,1.27,1.14,1.19,1.18,1266.72,1.84,1.88,1.03,0.99
2/07/2021,7:42:00 PM,7:42:57 PM,Gloucester Park,WA,2,184915245,R2 2130m Pace M,184915246,Harness,2130,Pace,9465503,2,Disco Under Fire,LOSER,11.94,LOSER,2.4,380.21,12,6.4,11.5,9.98,1266.74,720,6.8,720,22.06,95.45,710.73,2.6,2.28,2.4,2.37,261.06,10,10.5,1.03,0.99
2/07/2021,7:42:00 PM,7:42:57 PM,Gloucester Park,WA,2,184915245,R2 2130m Pace M,184915246,Harness,2130,Pace,22674693,3,Rebel With A Grin,LOSER,6,WINNER,1.73,1025.26,6.2,4.6,6.2,5.17,3815.46,100,1.17,100,2.23,2413.03,906.05,1.73,1.57,1.73,1.63,679.62,5.4,5.7,1.03,0.99
2/07/2021,7:42:00 PM,7:42:57 PM,Gloucester Park,WA,2,184915245,R2 2130m Pace M,184915246,Harness,2130,Pace,25102784,4,Blockjorg,LOSER,19.84,LOSER,3.37,561.47,25,13,22,20.13,301.14,720,10.5,720,31,50.34,468.89,3.9,2.74,3.35,3.5,163.46,19.5,21,1.03,0.99
2/07/2021,7:42:00 PM,7:42:57 PM,Gloucester Park,WA,2,184915245,R2 2130m Pace M,184915246,Harness,2130,Pace,21859569,6,Jesse Allwood,LOSER,140,LOSER,9.3,64.81,140,38,140,66.78,78.5,720,30,700,128.8,14.69,141.44,9.4,5.4,9.4,6.15,25.88,75,85,1.03,0.99
2/07/2021,7:42:00 PM,7:42:57 PM,Gloucester Park,WA,2,184915245,R2 2130m Pace M,184915246,Harness,2130,Pace,24050968,8,Pierre Whitby,LOSER,12.5,WINNER,2.72,553.52,21,11.5,12.5,12.74,784.49,720,11.5,210,23.69,87.99,505.89,2.96,2.46,2.58,2.75,152.66,12,12.5,1.03,0.99
2/07/2021,7:42:00 PM,7:42:57 PM,Gloucester Park,WA,2,184915245,R2 2130m Pace M,184915246,Harness,2130,Pace,12451179,9,Budd Sidewinder,LOSER,115.3,LOSER,11.15,69.67,180,40,180,69.84,46.19,750,44,750,216.99,5.99,89.26,9.6,6.4,9.6,8.18,14.33,65,75,1.03,0.99
2/07/2021,7:42:00 PM,7:42:57 PM,Gloucester Park,WA,2,184915245,R2 2130m Pace M,184915246,Harness,2130,Pace,11282699,10,Baylan Jett,LOSER,42,LOSER,2.92,145.13,48,23,44,31.56,163.84,720,7.8,230,57.55,27.67,601.77,3.4,2.92,2.92,3.06,1159.32,29,32,1.03,0.99
2/07/2021,8:12:00 PM,8:13:11 PM,Gloucester Park,WA,3,184915247,R3 2130m Pace M,184915248,Harness,2130,Pace,9336159,1,Rocknroll Whitby,LOSER,31.6,LOSER,3.15,150.9,48,24,30,31.03,263.09,720,14,720,82.55,31.9,559.6,3.55,2.98,3.15,3.26,1300.37,30,34,1.02,0.99
2/07/2021,8:12:00 PM,8:13:11 PM,Gloucester Park,WA,3,184915247,R3 2130m Pace M,184915248,Harness,2130,Pace,24190797,2,Al Guerrero,WINNER,1.64,WINNER,1.27,4519.97,1.75,1.34,1.67,1.51,52031.41,2.38,1.01,1.01,1.37,5871.31,1048.54,1.29,1.14,1.29,1.18,5362.19,1.52,1.53,1.02,0.99
2/07/2021,8:12:00 PM,8:13:11 PM,Gloucester Park,WA,3,184915247,R3 2130m Pace M,184915248,Harness,2130,Pace,22069312,3,Valbonne,LOSER,11.69,LOSER,2.83,751.22,65,12,12.5,17.14,502.85,230,11,230,16.27,130.57,645.42,3.05,2.62,2.92,2.86,53.56,16.5,17.5,1.02,0.99
2/07/2021,8:12:00 PM,8:13:11 PM,Gloucester Park,WA,3,184915247,R3 2130m Pace M,184915248,Harness,2130,Pace,1334778,4,The Kraken,LOSER,66.83,LOSER,7.51,115.52,80,42,60,53.09,105.5,720,32,720,95.09,14.74,198.37,7,6,7,6.56,3.6,55,60,1.02,0.99
2/07/2021,8:12:00 PM,8:13:11 PM,Gloucester Park,WA,3,184915247,R3 2130m Pace M,184915248,Harness,2130,Pace,12708921,5,Space Junk,LOSER,233.61,LOSER,22,41.96,210,110,190,143.32,70.22,780,110,780,296.78,3.93,48.82,22,12,22,15.23,16.83,140,170,1.02,0.99
2/07/2021,8:12:00 PM,8:13:11 PM,Gloucester Park,WA,3,184915247,R3 2130m Pace M,184915248,Harness,2130,Pace,19575637,6,Our Virtuoso,LOSER,393.53,LOSER,19,29.29,340,140,340,235.17,67.33,720,95,210,337.39,10.57,90.29,19,14.5,19,17.27,3.64,240,310,1.02,0.99
2/07/2021,8:12:00 PM,8:13:11 PM,Gloucester Park,WA,3,184915247,R3 2130m Pace M,184915248,Harness,2130,Pace,18720555,7,Blue Blazer,LOSER,18.26,WINNER,4.5,585.31,80,20,20,28.77,270.28,720,7.6,720,18.02,171.16,422.12,5.6,4,4.4,4.74,482.6,24,26,1.02,0.99
2/07/2021,8:12:00 PM,8:13:11 PM,Gloucester Park,WA,3,184915247,R3 2130m Pace M,184915248,Harness,2130,Pace,20274596,8,Will I Rocknroll,LOSER,24.54,LOSER,4.32,174.15,60,22,23,28.64,257.49,720,8.4,720,34.71,44.36,379.12,4.6,4.3,4.3,4.44,31.34,26,27,1.02,0.99
2/07/2021,8:12:00 PM,8:13:11 PM,Gloucester Park,WA,3,184915247,R3 2130m Pace M,184915248,Harness,2130,Pace,13224851,9,Bracken Sky,LOSER,16.54,LOSER,4.2,889.41,29,11,20,17.95,2297.89,720,12.5,720,20.12,199.03,315.61,4.4,3.5,3.95,3.68,2070.93,21,23,1.02,0.99
2/07/2021,8:12:00 PM,8:13:11 PM,Gloucester Park,WA,3,184915247,R3 2130m Pace M,184915248,Harness,2130,Pace,11087335,10,Powerplay,LOSER,14.34,LOSER,2.81,293.81,27,13,14,15.8,877.62,720,6.4,720,13.49,192.39,563.67,3.1,2.74,2.84,2.88,791.95,16.5,17.5,1.02,0.99
2/07/2021,8:12:00 PM,8:13:11 PM,Gloucester Park,WA,3,184915247,R3 2130m Pace M,184915248,Harness,2130,Pace,39232246,11,Bettor Copagoodone,LOSER,17.51,WINNER,3.4,275.56,32,14.5,18.5,20.05,501.71,100,4.2,100,11.65,343.85,458.97,4.1,2.28,3.3,3.06,3626.78,19,19.5,1.02,0.99
2/07/2021,8:42:00 PM,8:42:35 PM,Gloucester Park,WA,4,184915249,R4 1730m Pace M,184915250,Harness,1730,Pace,8568084,1,Argyle Red,LOSER,104.12,LOSER,33.47,68.77,120,55,100,89.04,81.19,820,10.5,820,86.31,46.64,49.35,17,17,17,17,0.04,100,110,1.04,0.98
2/07/2021,8:42:00 PM,8:42:35 PM,Gloucester Park,WA,4,184915249,R4 1730m Pace M,184915250,Harness,1730,Pace,6489760,2,Chiaroscuro,LOSER,9.76,LOSER,3.9,425.15,14.5,8.8,9,10.76,970.49,720,7,720,14.32,288.17,370.89,4,3.55,3.7,3.68,0.45,10.5,12.5,1.04,0.98
2/07/2021,8:42:00 PM,8:42:35 PM,Gloucester Park,WA,4,184915249,R4 1730m Pace M,184915250,Harness,1730,Pace,26610217,3,Patronus Star,WINNER,3.69,WINNER,2.14,1415.08,4.2,2,3.45,2.91,9066.63,3.95,1.01,1.01,1.78,4546.03,719.13,2.26,1.4,2.06,2.14,59.5,3.8,4.1,1.04,0.98
2/07/2021,8:42:00 PM,8:42:35 PM,Gloucester Park,WA,4,184915249,R4 1730m Pace M,184915250,Harness,1730,Pace,22551685,4,Perfect Major,LOSER,9.66,LOSER,3.52,904.7,14,7.2,9,8.48,1699.43,720,5.2,720,18.98,325.15,320.26,2.94,2.94,2.94,2.94,0.04,7.8,8.2,1.04,0.98
2/07/2021,8:42:00 PM,8:42:35 PM,Gloucester Park,WA,4,184915249,R4 1730m Pace M,184915250,Harness,1730,Pace,7826449,5,Whozideawasthis,LOSER,28,LOSER,12.15,156.03,48,22,28,30.23,273.02,720,11,270,33.08,181.97,92.9,7,7,7,7,0.04,30,34,1.04,0.98
2/07/2021,8:42:00 PM,8:42:35 PM,Gloucester Park,WA,4,184915249,R4 1730m Pace M,184915250,Harness,1730,Pace,13218356,6,Major Times,LOSER,2.68,WINNER,1.73,2323.69,4.1,2.32,2.6,2.78,11013.95,100,2.2,100,3.29,1181.22,1053.22,1.77,1.61,1.7,1.72,445.71,2.36,2.4,1.04,0.98
2/07/2021,8:42:00 PM,8:42:35 PM,Gloucester Park,WA,4,184915249,R4 1730m Pace M,184915250,Harness,1730,Pace,13757709,7,Vampiro,LOSER,11.84,LOSER,5.72,1041.77,17,7.8,13,11.35,1078.48,780,9.8,720,26.27,90.5,325.23,4.7,4.7,4.7,4.7,0.04,12,13,1.04,0.98
2/07/2021,9:12:00 PM,9:12:53 PM,Gloucester Park,WA,5,184915251,R5 2130m Pace M,184915252,Harness,2130,Pace,156453,1,Make Your Mark,LOSER,84.41,LOSER,2.93,92.59,85,17,80,46.9,124.4,720,19.5,720,48.89,33.73,696.75,3.6,2.9,3.3,3.2,1338.15,70,75,1.02,0.99
2/07/2021,9:12:00 PM,9:12:53 PM,Gloucester Park,WA,5,184915251,R5 2130m Pace M,184915252,Harness,2130,Pace,40040539,2,Dance Steps,LOSER,240.6,LOSER,13.2,39.8,360,50,360,188.7,41.73,720,370,720,512.15,0.87,106.52,18,8,11.5,10.96,11.12,260,340,1.02,0.99
2/07/2021,9:12:00 PM,9:12:53 PM,Gloucester Park,WA,5,184915251,R5 2130m Pace M,184915252,Harness,2130,Pace,40040540,3,Champagne Everyone,LOSER,15.39,LOSER,1.96,656.92,17.5,8,13,13.8,723.44,230,5.7,230,9.77,176.93,898.78,2.12,1.87,2,1.99,288.91,12,12.5,1.02,0.99
2/07/2021,9:12:00 PM,9:12:53 PM,Gloucester Park,WA,5,184915251,R5 2130m Pace M,184915252,Harness,2130,Pace,40040541,4,Motor On Lilly,LOSER,798.45,LOSER,38.1,27.74,690,100,380,351.12,35.03,950,660,950,800.58,10.82,54.55,50,17,36,21.26,6.13,420,500,1.02,0.99
2/07/2021,9:12:00 PM,9:12:53 PM,Gloucester Park,WA,5,184915251,R5 2130m Pace M,184915252,Harness,2130,Pace,38947791,5,Wonderful To Fly,WINNER,1.37,WINNER,1.09,3790.65,1.48,1.28,1.37,1.36,32104.75,1.59,1.01,1.01,1.19,12106.69,222.98,1.13,1.06,1.1,1.1,3829.2,1.44,1.46,1.02,0.99
2/07/2021,9:12:00 PM,9:12:53 PM,Gloucester Park,WA,5,184915251,R5 2130m Pace M,184915252,Harness,2130,Pace,39670222,6,Taking The Miki,LOSER,7.12,WINNER,1.56,856.08,9,5.8,6.8,7.1,2909.8,580,5.4,580,15.28,181.69,441.49,1.67,1.47,1.53,1.55,5633.93,5.8,6.2,1.02,0.99
2/07/2021,9:12:00 PM,9:12:53 PM,Gloucester Park,WA,5,184915251,R5 2130m Pace M,184915252,Harness,2130,Pace,5104803,8,See The World,LOSER,350.34,LOSER,10.73,45.67,350,80,210,143.8,124.29,990,210,700,357.4,18.44,121.74,12,7,11.5,9.9,10.07,95,140,1.02,0.99
2/07/2021,9:12:00 PM,9:12:53 PM,Gloucester Park,WA,5,184915251,R5 2130m Pace M,184915252,Harness,2130,Pace,40040543,9,Follow The Ark,LOSER,495.28,LOSER,14,30.75,450,95,360,275.56,21.63,710,440,710,510.81,11.13,36.63,18.5,11.5,13,12.69,21.13,280,390,1.02,0.99
2/07/2021,9:12:00 PM,9:12:53 PM,Gloucester Park,WA,5,184915251,R5 2130m Pace M,184915252,Harness,2130,Pace,40040544,10,Sheza Mikimoto,LOSER,119.8,LOSER,7.69,81.7,180,34,130,106.04,47.67,840,230,720,571.66,0.72,108.11,6.8,5.4,6.2,5.77,217,95,120,1.02,0.99
2/07/2021,9:12:00 PM,9:12:53 PM,Gloucester Park,WA,5,184915251,R5 2130m Pace M,184915252,Harness,2130,Pace,40040545,11,Dontbesillychilli,LOSER,44,WINNER,3.55,167.34,120,30,48,52.8,120.91,480,10,480,74.89,11.47,420.61,5,3.15,3.7,3.95,505.89,36,44,1.02,0.99
2/07/2021,9:42:00 PM,9:42:44 PM,Gloucester Park,WA,6,184915253,R6 2130m Pace M,184915254,Harness,2130,Pace,5542214,1,Dredlock Rockstar,LOSER,3.05,LOSER,1.48,1459.62,3.1,2.26,3.05,2.79,7026.38,270,2.98,230,7.77,214.74,1047.12,1.6,1.32,1.49,1.45,929.64,2.68,2.78,1.04,0.99
2/07/2021,9:42:00 PM,9:42:44 PM,Gloucester Park,WA,6,184915253,R6 2130m Pace M,184915254,Harness,2130,Pace,12581021,2,Jimmy Mack,LOSER,10.06,WINNER,2.55,609.14,10.5,6.6,10,8.11,438.04,230,4.3,170,15.04,114.15,389.72,2.62,2.28,2.32,2.45,0.08,8,8.6,1.04,0.99
2/07/2021,9:42:00 PM,9:42:44 PM,Gloucester Park,WA,6,184915253,R6 2130m Pace M,184915254,Harness,2130,Pace,18294727,3,Black Jack Zac,LOSER,14.98,LOSER,3.53,736.36,24,14,14.5,16.26,513.54,280,10,230,39.97,33.56,353.3,3.4,3.25,3.3,3.27,200.1,15.5,16.5,1.04,0.99
2/07/2021,9:42:00 PM,9:42:44 PM,Gloucester Park,WA,6,184915253,R6 2130m Pace M,184915254,Harness,2130,Pace,10093991,4,Thereugo,WINNER,3.09,WINNER,1.61,2667.16,4.8,2.9,3.15,3.46,3960.65,60,1.01,1.02,1.56,6065.27,788.58,1.71,1.45,1.63,1.57,346.01,3.65,3.75,1.04,0.99
2/07/2021,9:42:00 PM,9:42:44 PM,Gloucester Park,WA,6,184915253,R6 2130m Pace M,184915254,Harness,2130,Pace,1104675,5,Tiffany Rose,LOSER,8.52,WINNER,2.39,865.87,16.5,8.4,8.6,10.84,1005.39,230,1.68,100,10.1,235.81,818.8,3,2.38,2.4,2.63,62.74,9,9.4,1.04,0.99
2/07/2021,9:42:00 PM,9:42:44 PM,Gloucester Park,WA,6,184915253,R6 2130m Pace M,184915254,Harness,2130,Pace,8868649,6,C C Chevron,LOSER,102.09,LOSER,12.05,66.81,120,70,120,87.64,74.87,720,170,700,276.3,4.7,,11.5,11.5,11.5,11.5,0.04,85,100,1.04,0.99
2/07/2021,9:42:00 PM,9:42:44 PM,Gloucester Park,WA,6,184915253,R6 2130m Pace M,184915254,Harness,2130,Pace,26433579,7,La Suleiman,LOSER,302.25,LOSER,55.2,25.56,370,110,370,274.08,43.63,720,100,720,170.13,10.73,43.74,23,23,23,23,5.06,230,280,1.04,0.99
2/07/2021,9:42:00 PM,9:42:44 PM,Gloucester Park,WA,6,184915253,R6 2130m Pace M,184915254,Harness,2130,Pace,21270472,8,Deeorse,LOSER,30.37,LOSER,4.78,190.38,60,22,27,28.17,318.24,400,23,300,71.29,18.55,286.39,5,4,4.7,4.33,346.77,30,32,1.04,0.99
2/07/2021,9:42:00 PM,9:42:44 PM,Gloucester Park,WA,6,184915253,R6 2130m Pace M,184915254,Harness,2130,Pace,20358483,9,Machs Gold,LOSER,101.12,LOSER,14.14,41.69,110,28,110,77.57,31.12,720,26,720,132.79,11.41,128.88,19.5,8,14,11.67,3.76,60,90,1.04,0.99
2/07/2021,9:42:00 PM,9:42:44 PM,Gloucester Park,WA,6,184915253,R6 2130m Pace M,184915254,Harness,2130,Pace,17793761,10,Allwoods Rocknroll,LOSER,38.47,LOSER,4.26,122.71,44,29,38,36.08,92.58,720,50,300,116.15,10.17,491.63,4.8,4.1,4.5,4.45,103.47,40,44,1.04,0.99
2/07/2021,10:17:00 PM,10:17:33 PM,Gloucester Park,WA,7,184915255,R7 2503m Pace S,184915256,Harness,2503,Pace,26709635,1,Perlee Gates,LOSER,58.29,WINNER,5.5,61.51,250,38,42,47.21,78.64,930,12.5,930,52.26,68.25,305.2,6.8,4.1,6.8,5.66,0.1,38,42,1.02,0.98
2/07/2021,10:17:00 PM,10:17:33 PM,Gloucester Park,WA,7,184915255,R7 2503m Pace S,184915256,Harness,2503,Pace,12669103,2,Manofthepeople,LOSER,130,LOSER,9.2,41.01,200,55,95,84.37,27.38,940,42,940,311.41,4.85,206.01,6.6,6.4,6.6,6.4,20.04,80,120,1.02,0.98
2/07/2021,10:17:00 PM,10:17:33 PM,Gloucester Park,WA,7,184915255,R7 2503m Pace S,184915256,Harness,2503,Pace,15906140,3,Hit The Sky,LOSER,81.98,LOSER,6.9,38.72,95,44,85,70.24,58.34,940,46,940,244.23,8.15,236.54,6.2,4.7,6.2,5.08,173.75,75,85,1.02,0.98
2/07/2021,10:17:00 PM,10:17:33 PM,Gloucester Park,WA,7,184915255,R7 2503m Pace S,184915256,Harness,2503,Pace,19101668,4,Major Artist,LOSER,7.8,LOSER,1.75,397.63,10.5,7.2,7.6,8.52,2417.4,720,4.6,720,10.48,287.57,1073.76,1.86,1.75,1.78,1.77,217.69,7.8,8.4,1.02,0.98
2/07/2021,10:17:00 PM,10:17:33 PM,Gloucester Park,WA,7,184915255,R7 2503m Pace S,184915256,Harness,2503,Pace,19976596,5,Bettor Pack It,LOSER,22.07,WINNER,2.86,237.67,21,13.5,21,16.91,373.22,720,5,720,26.1,134.36,845.18,3.05,2.72,3.05,2.79,39.17,18,19.5,1.02,0.98
2/07/2021,10:17:00 PM,10:17:33 PM,Gloucester Park,WA,7,184915255,R7 2503m Pace S,184915256,Harness,2503,Pace,28551745,6,Flying Mister Ideal,LOSER,43.71,LOSER,4.6,115.7,44,13.5,40,33.06,85.22,910,14,910,48.55,50.86,401.17,5.2,3.4,5.2,3.55,8.38,34,38,1.02,0.98
2/07/2021,10:17:00 PM,10:17:33 PM,Gloucester Park,WA,7,184915255,R7 2503m Pace S,184915256,Harness,2503,Pace,16708467,7,Triroyale Brigade,LOSER,20,LOSER,2.24,146.03,21,13.5,19,17.62,276.46,910,7.4,910,25.16,106.45,816.5,2.6,2,2.3,2.25,489.35,16,18,1.02,0.98
2/07/2021,10:17:00 PM,10:17:33 PM,Gloucester Park,WA,7,184915255,R7 2503m Pace S,184915256,Harness,2503,Pace,9795707,8,The Black Cardinal,LOSER,102.7,LOSER,8.4,52.08,130,46,130,80.94,30.06,950,75,950,385.48,3.68,117.37,7.4,6.6,6.8,6.9,40.04,85,95,1.02,0.98
2/07/2021,10:17:00 PM,10:17:33 PM,Gloucester Park,WA,7,184915255,R7 2503m Pace S,184915256,Harness,2503,Pace,11735721,9,Bad Round,LOSER,317.25,LOSER,27,41.56,340,120,270,217.7,10.43,830,140,830,330.68,12.28,62.53,12,11.5,12,11.75,0.04,200,230,1.02,0.98
2/07/2021,10:17:00 PM,10:17:33 PM,Gloucester Park,WA,7,184915255,R7 2503m Pace S,184915256,Harness,2503,Pace,2831682,10,Minstrel,WINNER,1.43,WINNER,1.15,3904.97,1.53,1.38,1.49,1.46,18121.36,2.18,1.01,1.01,1.36,11820.69,1479.03,1.17,1.11,1.15,1.14,331.74,1.47,1.49,1.02,0.98
2/07/2021,10:50:00 PM,10:51:11 PM,Gloucester Park,WA,8,184915257,R8 2130m Pace M,184915258,Harness,2130,Pace,28672139,1,Soho Party Girl,LOSER,120,LOSER,7.9,59.4,250,70,220,106.03,56.96,940,100,940,418.69,2.23,218.2,9.2,5.9,6.6,6.9,18.31,110,140,1.02,0.99
2/07/2021,10:50:00 PM,10:51:11 PM,Gloucester Park,WA,8,184915257,R8 2130m Pace M,184915258,Harness,2130,Pace,22282197,2,Triple Brie,LOSER,234.36,LOSER,22.93,79.96,350,210,310,308.72,37.04,720,200,720,256.49,11.38,85.38,12,12,12,12,0.04,250,300,1.02,0.99
2/07/2021,10:50:00 PM,10:51:11 PM,Gloucester Park,WA,8,184915257,R8 2130m Pace M,184915258,Harness,2130,Pace,36610559,3,Miss Limelight,LOSER,21,WINNER,2.83,307.77,27,9.8,21,17.77,837.72,720,21,720,45.19,23.19,434.26,3.1,2.48,2.78,2.67,84.82,19,21,1.02,0.99
2/07/2021,10:50:00 PM,10:51:11 PM,Gloucester Park,WA,8,184915257,R8 2130m Pace M,184915258,Harness,2130,Pace,25649866,4,Blissfullabbey,LOSER,85.89,LOSER,7.1,120.68,160,40,160,87.46,36.09,720,28,720,97.1,17.41,141.36,8.8,5.9,8,6.2,100.15,80,100,1.02,0.99
2/07/2021,10:50:00 PM,10:51:11 PM,Gloucester Park,WA,8,184915257,R8 2130m Pace M,184915258,Harness,2130,Pace,3843996,5,Radiant Amber,LOSER,150,LOSER,9.88,50.12,220,90,220,123.72,70.27,500,19,29,64.56,29.9,188.78,12.5,7.8,8,8.55,145,100,130,1.02,0.99
2/07/2021,10:50:00 PM,10:51:11 PM,Gloucester Park,WA,8,184915257,R8 2130m Pace M,184915258,Harness,2130,Pace,23721830,6,Fifty Five Reborn,WINNER,4.7,WINNER,1.33,919.81,5.7,3.6,4.5,4.61,3803.47,7,1.01,1.01,1.64,2282.44,1205.99,1.38,1.32,1.34,1.36,153.14,4.6,4.7,1.02,0.99
2/07/2021,10:50:00 PM,10:51:11 PM,Gloucester Park,WA,8,184915257,R8 2130m Pace M,184915258,Harness,2130,Pace,25489427,7,Queen Shenandoah,LOSER,8.95,LOSER,1.75,536.26,12,6.8,8.8,9.6,1920.34,200,4.1,200,13.99,87.1,1052.64,1.91,1.75,1.78,1.79,359.05,9.6,10,1.02,0.99
2/07/2021,10:50:00 PM,10:51:11 PM,Gloucester Park,WA,8,184915257,R8 2130m Pace M,184915258,Harness,2130,Pace,22625736,8,Balcatherine,LOSER,1.61,WINNER,1.09,3779.64,2.16,1.56,1.64,1.66,22328.52,110,1.32,90,1.96,2873.12,172.73,1.15,1.07,1.12,1.11,1216.69,1.63,1.65,1.02,0.99
2/07/2021,11:25:00 PM,11:25:56 PM,Gloucester Park,WA,9,184915259,R9 2130m Pace M,184915260,Harness,2130,Pace,37047751,1,Our Star Billing,WINNER,3.55,WINNER,1.38,1750.81,4.2,2.4,3.5,3.04,15977.59,7,2.26,2.32,2.57,2649.11,1202.77,1.47,1.38,1.38,1.41,214.08,3.9,4,1.04,0.99
2/07/2021,11:25:00 PM,11:25:56 PM,Gloucester Park,WA,9,184915259,R9 2130m Pace M,184915260,Harness,2130,Pace,39317051,2,Shellna,LOSER,304.74,WINNER,20.5,58.71,290,120,270,193.89,44.45,1000,120,720,351.2,9.85,84.82,13,12.5,13,12.74,7.72,180,260,1.04,0.99
2/07/2021,11:25:00 PM,11:25:56 PM,Gloucester Park,WA,9,184915259,R9 2130m Pace M,184915260,Harness,2130,Pace,39378783,3,Patrikiar,LOSER,691.36,LOSER,17.75,40.23,830,240,740,357.95,40.13,230,21,100,79.75,4.57,106.88,13.5,13,13.5,13.46,7.71,280,390,1.04,0.99
2/07/2021,11:25:00 PM,11:25:56 PM,Gloucester Park,WA,9,184915259,R9 2130m Pace M,184915260,Harness,2130,Pace,36796314,4,Joelene,LOSER,20,LOSER,3.71,352.06,23,13,19.5,15.4,830.4,55,4.5,55,12.75,74.23,146.23,3.55,3,3.5,3.23,101.82,17,19,1.04,0.99
2/07/2021,11:25:00 PM,11:25:56 PM,Gloucester Park,WA,9,184915259,R9 2130m Pace M,184915260,Harness,2130,Pace,39528393,5,Captains Beachbabe,LOSER,11.51,LOSER,2.23,700.03,18.5,10,10.5,11.47,957.72,90,3.05,3.05,8.81,138.14,916.51,2.58,2.04,2.34,2.27,167.34,10.5,11.5,1.04,0.99
2/07/2021,11:25:00 PM,11:25:56 PM,Gloucester Park,WA,9,184915259,R9 2130m Pace M,184915260,Harness,2130,Pace,28013764,6,Just For Love,LOSER,19.53,LOSER,3.17,378.99,27,13,18,15.45,395.94,40,9.2,40,25.34,55.15,143.72,3.05,2.58,2.74,2.61,60.96,13.5,15.5,1.04,0.99
2/07/2021,11:25:00 PM,11:25:56 PM,Gloucester Park,WA,9,184915259,R9 2130m Pace M,184915260,Harness,2130,Pace,27058510,7,Rumour Has It,LOSER,12,LOSER,2.55,383.17,21,10.5,12.5,12.8,1452.41,230,9.4,230,42.49,40.07,450.39,2.68,2.48,2.54,2.64,35.03,11.5,12.5,1.04,0.99
2/07/2021,11:25:00 PM,11:25:56 PM,Gloucester Park,WA,9,184915259,R9 2130m Pace M,184915260,Harness,2130,Pace,37765378,8,Black Jack Baby,LOSER,2.33,WINNER,1.3,2465.74,2.66,2.1,2.26,2.3,13976.61,4.6,1.71,1.71,2.36,1042.58,1208.3,1.31,1.27,1.28,1.28,282.48,2.2,2.24,1.04,0.99
2/07/2021,12:00:00 AM,12:00:52 AM,Gloucester Park,WA,10,184915261,R10 2536m Pace M,184915262,Harness,2536,Pace,7999838,1,Vespa,LOSER,8.6,WINNER,1.75,242.15,8.8,5.3,8.6,6.93,705.09,140,7.2,140,19.13,147.51,671.69,1.72,1.34,1.35,1.42,5074.8,7,8.2,1.03,0.98
2/07/2021,12:00:00 AM,12:00:52 AM,Gloucester Park,WA,10,184915261,R10 2536m Pace M,184915262,Harness,2536,Pace,17857287,2,Im Beta Than Gouda,LOSER,242.65,LOSER,910.68,51.56,270,120,230,159.28,25.61,930,240,930,477.79,3,0.35,990,22,310,96.76,5.28,130,170,1.03,0.98
2/07/2021,12:00:00 AM,12:00:52 AM,Gloucester Park,WA,10,184915261,R10 2536m Pace M,184915262,Harness,2536,Pace,28737196,3,Alta Blues,WINNER,1.18,WINNER,1.21,6112.74,1.4,1.21,1.22,1.27,17304.21,1.35,1.01,1.01,1.1,9309.57,1432.37,1.13,1.07,1.1,1.1,2761.88,1.26,1.28,1.03,0.98
2/07/2021,12:00:00 AM,12:00:52 AM,Gloucester Park,WA,10,184915261,R10 2536m Pace M,184915262,Harness,2536,Pace,23922963,4,Jaspervellabeach,LOSER,31.48,LOSER,7.15,135.1,70,25,42,35.48,139.53,230,30,230,79.4,23.21,199.35,8.2,4.6,4.6,7.63,55.56,25,28,1.03,0.98
2/07/2021,12:00:00 AM,12:00:52 AM,Gloucester Park,WA,10,184915261,R10 2536m Pace M,184915262,Harness,2536,Pace,13023938,5,Cordero,LOSER,150,LOSER,27.7,54.92,160,70,150,105.61,55.42,900,14.5,100,172.91,13.39,66.54,28,14.5,28,27.76,6.79,110,130,1.03,0.98
2/07/2021,12:00:00 AM,12:00:52 AM,Gloucester Park,WA,10,184915261,R10 2536m Pace M,184915262,Harness,2536,Pace,19166660,6,Euphoric Moment,LOSER,70,LOSER,13.45,130.42,120,55,75,77.03,55.39,950,80,950,223.05,6.23,104.34,13,7.4,13,10.22,47.57,70,80,1.03,0.98
2/07/2021,12:00:00 AM,12:00:52 AM,Gloucester Park,WA,10,184915261,R10 2536m Pace M,184915262,Harness,2536,Pace,16010568,7,Nota Bene Denario,LOSER,45.06,LOSER,4.81,108.68,85,42,60,54.13,96.43,750,44,500,131.77,13.7,227.52,7.2,5.8,6,6.08,596.12,46,55,1.03,0.98
2/07/2021,5:34:00 PM,5:34:29 PM,Hobart,TAS,1,184933908,R1 2090m Pace M,184933909,Harness,2090,Pace,8453972,1,Pink Ponder,LOSER,5.71,LOSER,,704.14,5.5,4.3,5.4,4.96,355.14,880,2.64,610,6.01,782.82,,2.18,1.86,1.86,2.01,0.08,5,5.4,1.05,0.98
2/07/2021,5:34:00 PM,5:34:29 PM,Hobart,TAS,1,184933908,R1 2090m Pace M,184933909,Harness,2090,Pace,9446313,2,Pockets Of Courage,LOSER,19.5,LOSER,,199.14,19.5,14.5,19,17.55,49.4,910,7.6,910,24.14,141.63,,4.4,4,4,4.39,5.06,17.5,18.5,1.05,0.98
2/07/2021,5:34:00 PM,5:34:29 PM,Hobart,TAS,1,184933908,R1 2090m Pace M,184933909,Harness,2090,Pace,12955146,3,Live For Peace,LOSER,100,LOSER,,43.74,95,55,90,61.47,9.39,940,60,780,226.84,9.14,,7.4,7.4,7.4,7.4,0.04,65,90,1.05,0.98
2/07/2021,5:34:00 PM,5:34:29 PM,Hobart,TAS,1,184933908,R1 2090m Pace M,184933909,Harness,2090,Pace,523532,4,War Chest,LOSER,36.55,LOSER,,99.4,32,19.5,32,25.14,48.76,910,11.5,910,61.89,55.59,,5.2,4.6,5.2,4.8,10.38,26,30,1.05,0.98
2/07/2021,5:34:00 PM,5:34:29 PM,Hobart,TAS,1,184933908,R1 2090m Pace M,184933909,Harness,2090,Pace,12781627,5,Iden Forest,LOSER,7.34,WINNER,,546.74,7,5.9,6.8,6.36,124.86,540,3,540,7.28,657.38,,2.52,2.16,2.24,2.24,5.23,6,6.6,1.05,0.98
2/07/2021,5:34:00 PM,5:34:29 PM,Hobart,TAS,1,184933908,R1 2090m Pace M,184933909,Harness,2090,Pace,11338477,6,Murry,LOSER,11.95,WINNER,,496.72,17.5,8.2,11.5,10.89,844.32,900,1.62,710,19.77,146.64,,2.66,2.66,2.66,2.66,0.08,10.5,11.5,1.05,0.98
2/07/2021,5:34:00 PM,5:34:29 PM,Hobart,TAS,1,184933908,R1 2090m Pace M,184933909,Harness,2090,Pace,6540382,7,Proficient,LOSER,31.09,LOSER,,114.77,36,24,27,27.59,58.5,920,18,740,90.07,36.43,,4.2,4.1,4.2,4.15,0.04,24,28,1.05,0.98
2/07/2021,5:34:00 PM,5:34:29 PM,Hobart,TAS,1,184933908,R1 2090m Pace M,184933909,Harness,2090,Pace,2116946,8,Ranieri,LOSER,8.6,LOSER,,486.09,8.6,6.8,8.6,7.84,160.75,880,2.4,880,14.79,189.07,,2.6,2.34,2.4,2.4,5.22,7.4,7.8,1.05,0.98
2/07/2021,5:34:00 PM,5:34:29 PM,Hobart,TAS,1,184933908,R1 2090m Pace M,184933909,Harness,2090,Pace,25064676,9,Deadly Assassin,WINNER,3.32,WINNER,,1204.21,5.5,2.92,3.2,3.62,1933.11,9.6,1.01,1.01,1.68,3178.01,,1.95,1.48,1.48,1.58,300.77,3.3,3.4,1.05,0.98
2/07/2021,6:04:00 PM,6:04:30 PM,Hobart,TAS,2,184933910,R2 1609m Pace M,184933911,Harness,1609,Pace,40042375,1,Whey Better,WINNER,16.5,WINNER,,248.87,18.5,13.5,16.5,14.67,174.85,16.5,1.01,1.01,1.57,1365.07,,3.95,3.65,3.75,3.8,13.8,14,15,1.04,0.97
2/07/2021,6:04:00 PM,6:04:30 PM,Hobart,TAS,2,184933910,R2 1609m Pace M,184933911,Harness,1609,Pace,12710187,2,Really Frank,LOSER,26.71,WINNER,,192.32,36,27,29,32.73,67.46,160,5.9,160,16.38,120.17,,6.8,5.5,6.8,5.64,59.34,32,34,1.04,0.97
2/07/2021,6:04:00 PM,6:04:30 PM,Hobart,TAS,2,184933910,R2 1609m Pace M,184933911,Harness,1609,Pace,24810539,3,Little Cessna,LOSER,40,LOSER,,113.89,46,21,46,31.83,28.92,780,30,780,114.93,6.62,,6.8,6.2,6.8,6.79,5.06,34,36,1.04,0.97
2/07/2021,6:04:00 PM,6:04:30 PM,Hobart,TAS,2,184933910,R2 1609m Pace M,184933911,Harness,1609,Pace,22565929,5,Lutetia Midfrew,LOSER,12,LOSER,,296.71,13.5,11,11.5,11.54,158.56,780,5.8,780,28.24,39.03,,3.4,3.35,3.4,3.4,5.04,12,13,1.04,0.97
2/07/2021,6:04:00 PM,6:04:30 PM,Hobart,TAS,2,184933910,R2 1609m Pace M,184933911,Harness,1609,Pace,28708232,6,Gauci,LOSER,3.86,LOSER,,1010,11,3.6,3.75,3.96,2578.63,880,3,880,4.04,1495.09,,2.58,1.69,1.91,1.96,131.65,3.8,3.95,1.04,0.97
2/07/2021,6:04:00 PM,6:04:30 PM,Hobart,TAS,2,184933910,R2 1609m Pace M,184933911,Harness,1609,Pace,37029986,7,Navua Pixie,LOSER,7.09,LOSER,,1069.05,16,7.2,7.4,8.99,980.57,720,6.6,710,10,215.32,,3.1,2.56,2.56,2.64,0.12,7.4,7.6,1.04,0.97
2/07/2021,6:04:00 PM,6:04:30 PM,Hobart,TAS,2,184933910,R2 1609m Pace M,184933911,Harness,1609,Pace,27500275,8,Taumalolo,LOSER,172.19,LOSER,,19.96,230,80,170,102.46,7.68,990,95,990,557.2,0.85,,15,15,15,15,0.04,160,220,1.04,0.97
2/07/2021,6:04:00 PM,6:04:30 PM,Hobart,TAS,2,184933910,R2 1609m Pace M,184933911,Harness,1609,Pace,23054147,10,Ifbutzandmaybes,LOSER,5.8,LOSER,,874.38,5.9,5.1,5.9,5.49,204.55,720,5.4,690,39.27,15.52,,2.1,2.06,2.08,2.08,53.69,5.4,6,1.04,0.97
2/07/2021,6:04:00 PM,6:04:30 PM,Hobart,TAS,2,184933910,R2 1609m Pace M,184933911,Harness,1609,Pace,14349733,11,Crowbar Johnson,LOSER,11.87,LOSER,,375.76,11.5,3.75,10.5,7.63,218.78,230,3.85,210,11.9,124.67,,2.64,2.64,2.64,2.64,0.04,10.5,11,1.04,0.97
2/07/2021,6:04:00 PM,6:04:30 PM,Hobart,TAS,2,184933910,R2 1609m Pace M,184933911,Harness,1609,Pace,36773290,12,Island Rocknroll,LOSER,25,WINNER,,171.93,32,20,25,25.65,91.53,780,24,780,180.31,3.2,,5.4,5.4,5.4,5.4,0.04,27,28,1.04,0.97
2/07/2021,6:04:00 PM,6:04:30 PM,Hobart,TAS,2,184933910,R2 1609m Pace M,184933911,Harness,1609,Pace,28024231,13,Mach Charm,LOSER,10.41,LOSER,,493.88,13,9.6,11,10.89,195.24,900,10,780,18.87,70.17,,3.25,3,3,3.06,78.74,10,11.5,1.04,0.97
2/07/2021,6:33:00 PM,6:33:49 PM,Hobart,TAS,3,184933912,R3 1609m Pace M,184933913,Harness,1609,Pace,21732964,2,Betterthanfetta,WINNER,12.67,WINNER,,241.66,13,7.2,13,11.19,285.51,60,1.01,1.01,1.85,1339.99,,3.4,3.25,3.35,3.29,21.04,9.4,10.5,1.03,0.95
2/07/2021,6:33:00 PM,6:33:49 PM,Hobart,TAS,3,184933912,R3 1609m Pace M,184933913,Harness,1609,Pace,12632859,3,Andrew Jay,LOSER,75,LOSER,,70.22,190,44,75,59.16,282.36,920,34,750,153.66,11.19,,8.6,8.6,8.6,8.6,5,85,120,1.03,0.95
2/07/2021,6:33:00 PM,6:33:49 PM,Hobart,TAS,3,184933912,R3 1609m Pace M,184933913,Harness,1609,Pace,37454777,4,My Flying Spur,LOSER,8.4,LOSER,,563.83,9.4,5.4,9.4,6.97,318.07,720,5.2,720,19.05,53.38,,2.44,1.94,2.44,2.34,15.26,7.4,8,1.03,0.95
2/07/2021,6:33:00 PM,6:33:49 PM,Hobart,TAS,3,184933912,R3 1609m Pace M,184933913,Harness,1609,Pace,26138549,5,Coveffe Hustler,LOSER,16.5,LOSER,,219.92,17,8.4,15,15.96,60.63,780,10,780,32.98,31.21,,3.95,3.95,3.95,3.95,6.48,16,16.5,1.03,0.95
2/07/2021,6:33:00 PM,6:33:49 PM,Hobart,TAS,3,184933912,R3 1609m Pace M,184933913,Harness,1609,Pace,19945090,6,Makinmefeelgood,LOSER,23,LOSER,,213.14,34,18,19.5,24.41,123.13,780,30,720,57.28,25.76,,4.7,4.6,4.7,4.69,0.35,19.5,24,1.03,0.95
2/07/2021,6:33:00 PM,6:33:49 PM,Hobart,TAS,3,184933912,R3 1609m Pace M,184933913,Harness,1609,Pace,35453127,7,Just For Dave,LOSER,12,WINNER,,315.23,23,12,12,16.79,277.02,110,1.94,100,11.08,107.45,,4.2,3.6,3.6,3.69,5.49,14.5,15.5,1.03,0.95
2/07/2021,6:33:00 PM,6:33:49 PM,Hobart,TAS,3,184933912,R3 1609m Pace M,184933913,Harness,1609,Pace,7181255,8,Boltnmach,LOSER,60,LOSER,,67.75,80,28,70,52.65,87.9,720,100,480,169.26,6.99,,5.9,5.8,5.9,5.88,0.25,50,55,1.03,0.95
2/07/2021,6:33:00 PM,6:33:49 PM,Hobart,TAS,3,184933912,R3 1609m Pace M,184933913,Harness,1609,Pace,24721077,9,Raffas Ace,LOSER,9.98,LOSER,,444.38,10.5,5.9,10,8.23,293.24,690,2.6,230,5.94,373.95,,2.7,2.24,2.38,2.25,61.38,7.6,9,1.03,0.95
2/07/2021,6:33:00 PM,6:33:49 PM,Hobart,TAS,3,184933912,R3 1609m Pace M,184933913,Harness,1609,Pace,23294645,10,Velocity Stride,LOSER,25.69,WINNER,,128.97,26,22,26,24.56,31.84,780,10.5,500,48.47,16.15,,5,4.7,5,4.94,9.48,23,24,1.03,0.95
2/07/2021,6:33:00 PM,6:33:49 PM,Hobart,TAS,3,184933912,R3 1609m Pace M,184933913,Harness,1609,Pace,39880907,12,Sir Jujon,LOSER,12,LOSER,,342.09,19,10.5,12,13.92,113.57,780,7.8,780,25.65,138.35,,4.2,3.7,3.75,3.95,22.42,16.5,18,1.03,0.95
2/07/2021,6:33:00 PM,6:33:49 PM,Hobart,TAS,3,184933912,R3 1609m Pace M,184933913,Harness,1609,Pace,40042377,13,Left A Hurrikane,LOSER,3.1,LOSER,,1405.08,3.8,2.84,3,3.07,3138.16,720,2,720,3.3,1095.09,,1.97,1.46,1.46,1.7,239.06,2.96,3.05,1.03,0.95
2/07/2021,7:00:00 PM,7:00:45 PM,Hobart,TAS,4,184933914,R4 2090m Pace M,184933915,Harness,2090,Pace,7145722,1,Hear The Call,LOSER,65,LOSER,,63.78,75,36,65,46.12,17.02,960,65,960,157.3,4.78,,8.4,8,8.4,8,7.04,48,75,1.1,0.94
2/07/2021,7:00:00 PM,7:00:45 PM,Hobart,TAS,4,184933914,R4 2090m Pace M,184933915,Harness,2090,Pace,22361334,2,Heidi Go Seek,LOSER,27,LOSER,,105.51,25,19.5,25,21.4,45.72,750,27,750,172.62,4.3,,5.2,5.2,5.2,5.2,0.03,20,23,1.1,0.94
2/07/2021,7:00:00 PM,7:00:45 PM,Hobart,TAS,4,184933914,R4 2090m Pace M,184933915,Harness,2090,Pace,16653644,4,Machavelli,LOSER,11,LOSER,,276.01,13,8.4,11,9.7,106.04,700,9.2,700,59.46,13.16,,,,,,,10,12,1.1,0.94
2/07/2021,7:00:00 PM,7:00:45 PM,Hobart,TAS,4,184933914,R4 2090m Pace M,184933915,Harness,2090,Pace,25404151,5,Always A Stride,LOSER,7.8,WINNER,,401.13,8.6,6.4,7.6,7.87,207.75,720,4.7,720,9.87,230.35,,2.4,2.4,2.4,2.4,0.02,7.8,9.6,1.1,0.94
2/07/2021,7:00:00 PM,7:00:45 PM,Hobart,TAS,4,184933914,R4 2090m Pace M,184933915,Harness,2090,Pace,5291807,6,Baccarat,LOSER,55,LOSER,,45.27,46,44,46,45.4,3.76,960,36,960,90.61,14.27,,5.7,5.7,5.7,5.7,0.04,36,44,1.1,0.94
2/07/2021,7:00:00 PM,7:00:45 PM,Hobart,TAS,4,184933914,R4 2090m Pace M,184933915,Harness,2090,Pace,4579110,7,Got The Goods,LOSER,11,LOSER,,282.98,12.5,8.4,10.5,10.42,175.64,720,5.3,720,60.93,60.61,,2.72,2.72,2.72,2.72,0.02,11.5,13,1.1,0.94
2/07/2021,7:00:00 PM,7:00:45 PM,Hobart,TAS,4,184933914,R4 2090m Pace M,184933915,Harness,2090,Pace,26839678,8,Squatter Shannon,LOSER,7.98,LOSER,,317.83,7.8,5.4,7.8,7.11,158.91,720,3.25,720,7.05,245.57,,2.26,2.2,2.26,2.2,10.82,6.2,7.2,1.1,0.94
2/07/2021,7:00:00 PM,7:00:45 PM,Hobart,TAS,4,184933914,R4 2090m Pace M,184933915,Harness,2090,Pace,27934607,9,Illawong Achilles,LOSER,47.76,LOSER,,51.58,44,16.5,32,31.33,15.95,730,17.5,730,73.83,16.82,,4.5,4.5,4.5,4.5,0.02,25,44,1.1,0.94
2/07/2021,7:00:00 PM,7:00:45 PM,Hobart,TAS,4,184933914,R4 2090m Pace M,184933915,Harness,2090,Pace,1485418,10,Kissing Game,LOSER,21.7,WINNER,,127.2,25,18.5,22,19.89,50.7,740,19.5,740,59.22,17.04,,4.9,4.1,4.9,4.89,5.04,18.5,23,1.1,0.94
2/07/2021,7:00:00 PM,7:00:45 PM,Hobart,TAS,4,184933914,R4 2090m Pace M,184933915,Harness,2090,Pace,28535655,11,Emrites,WINNER,3.02,WINNER,,1141.96,3.95,2.86,2.88,3.33,1031.6,3.1,1.01,1.01,1.31,1355.64,,1.69,1.47,1.49,1.52,136,2.98,3.15,1.1,0.94
2/07/2021,7:00:00 PM,7:00:45 PM,Hobart,TAS,4,184933914,R4 2090m Pace M,184933915,Harness,2090,Pace,40042378,12,Rockaria,LOSER,20.26,LOSER,,148.27,21,16,21,18.97,74.92,720,7.8,720,40.62,21.72,,4.3,4.3,4.3,4.3,0.02,19.5,22,1.1,0.94
2/07/2021,7:00:00 PM,7:00:45 PM,Hobart,TAS,4,184933914,R4 2090m Pace M,184933915,Harness,2090,Pace,40042379,13,Jo Dina,LOSER,28.83,LOSER,,83.08,28,19,28,24.16,2.35,920,30,730,123.05,12.91,,4.8,4.8,4.8,4.8,0.02,23,32,1.1,0.94
2/07/2021,7:32:00 PM,7:37:28 PM,Hobart,TAS,5,184933916,R5 2090m Pace S,184933917,Harness,2090,Pace,10767307,1,Stylish Trend,WINNER,4.81,WINNER,,1199.95,5.3,3.6,5.2,4,1605.81,12,1.01,1.01,1.62,1755.36,,1.91,1.67,1.89,1.79,97.07,3.9,3.95,1.06,0.97
2/07/2021,7:32:00 PM,7:37:28 PM,Hobart,TAS,5,184933916,R5 2090m Pace S,184933917,Harness,2090,Pace,12827787,2,The Lemondrop Kid,LOSER,38,LOSER,,99.64,36,22,36,31.31,63.34,720,38,720,66.25,8.12,,6.8,5.3,6.8,6.79,5.04,24,30,1.06,0.97
2/07/2021,7:32:00 PM,7:37:28 PM,Hobart,TAS,5,184933916,R5 2090m Pace S,184933917,Harness,2090,Pace,13943503,3,Keep Playing,LOSER,4.6,WINNER,,934.52,6,4.5,4.6,4.95,630.51,230,2.98,230,6.02,174.64,,2,1.78,1.78,1.87,394.98,5,5.4,1.06,0.97
2/07/2021,7:32:00 PM,7:37:28 PM,Hobart,TAS,5,184933916,R5 2090m Pace S,184933917,Harness,2090,Pace,12034186,4,Weerrook Harry,LOSER,9,LOSER,,266.87,12,8.2,9,9.87,180.34,720,9,720,29.28,19.07,,3.6,2.66,3.1,3.41,51.82,9.8,11,1.06,0.97
2/07/2021,7:32:00 PM,7:37:28 PM,Hobart,TAS,5,184933916,R5 2090m Pace S,184933917,Harness,2090,Pace,27379121,5,Mista Eagle,LOSER,9.31,WINNER,,216.68,14,9,9.2,9.65,843.18,720,2.92,230,8.48,206.35,,3.05,2.78,3,2.83,220.4,10.5,11.5,1.06,0.97
2/07/2021,7:32:00 PM,7:37:28 PM,Hobart,TAS,5,184933916,R5 2090m Pace S,184933917,Harness,2090,Pace,1336290,6,Punchinello,LOSER,21.53,LOSER,,196.32,44,22,24,26.63,145.35,720,21,300,79.78,33.33,,6,6,6,6,0.04,29,34,1.06,0.97
2/07/2021,7:32:00 PM,7:37:28 PM,Hobart,TAS,5,184933916,R5 2090m Pace S,184933917,Harness,2090,Pace,19543764,7,My Ultimate Major,LOSER,36,LOSER,,157.97,36,14.5,36,30.62,75.96,720,38,720,102.66,3.83,,3.6,3.5,3.6,3.55,0.04,18.5,26,1.06,0.97
2/07/2021,7:32:00 PM,7:37:28 PM,Hobart,TAS,5,184933916,R5 2090m Pace S,184933917,Harness,2090,Pace,22154641,9,Signorina Jujon,LOSER,51.35,LOSER,,75.67,100,44,50,56.2,56.69,720,18,230,58.51,14.59,,10.5,7.2,10.5,10.42,5.04,44,48,1.06,0.97
2/07/2021,7:32:00 PM,7:37:28 PM,Hobart,TAS,5,184933916,R5 2090m Pace S,184933917,Harness,2090,Pace,16040078,10,Ozzie Major,LOSER,13.37,LOSER,,310.46,13.5,11,13,12.74,212.43,720,26,720,97.33,4.57,,3.7,3.65,3.7,3.68,0.04,12.5,13.5,1.06,0.97
2/07/2021,7:32:00 PM,7:37:28 PM,Hobart,TAS,5,184933916,R5 2090m Pace S,184933917,Harness,2090,Pace,39610851,11,Joey Girl,LOSER,11.24,LOSER,,473.24,12.5,10.5,11.5,11.5,265,890,5.5,890,43.76,16.08,,3.55,3.4,3.55,3.54,27.77,11,11.5,1.06,0.97
2/07/2021,7:32:00 PM,7:37:28 PM,Hobart,TAS,5,184933916,R5 2090m Pace S,184933917,Harness,2090,Pace,40042380,12,Stone Cracker,LOSER,10.28,LOSER,,338.86,24,10,11,11.77,315.42,720,9.8,720,16.42,62.72,,3.4,3.3,3.3,3.33,101.16,11.5,15,1.06,0.97
2/07/2021,8:07:00 PM,8:08:05 PM,Hobart,TAS,6,184933918,R6 2090m Pace S,184933919,Harness,2090,Pace,12654746,1,Heza Rummage,WINNER,4.83,WINNER,,834.48,4.8,3.75,4,4.23,1065.52,4.9,1.08,3.5,2.45,398.41,,1.89,1.58,1.89,1.89,11.22,3.9,4.3,1.05,0.93
2/07/2021,8:07:00 PM,8:08:05 PM,Hobart,TAS,6,184933918,R6 2090m Pace S,184933919,Harness,2090,Pace,2184560,2,Roosevelt,LOSER,21.38,LOSER,,165.08,28,18,24,20.3,29.74,140,5.4,110,82.21,27.89,,4.4,4.4,4.4,4.4,0.04,20,26,1.05,0.93
2/07/2021,8:07:00 PM,8:08:05 PM,Hobart,TAS,6,184933918,R6 2090m Pace S,184933919,Harness,2090,Pace,7373265,3,Good Feelings,LOSER,19.63,WINNER,,173.46,22,15.5,17.5,16.5,40.05,100,7.4,100,37.04,79.13,,3.45,3.45,3.45,3.45,0.04,16,21,1.05,0.93
2/07/2021,8:07:00 PM,8:08:05 PM,Hobart,TAS,6,184933918,R6 2090m Pace S,184933919,Harness,2090,Pace,40042381,4,Kuzma,LOSER,11.62,LOSER,,330.02,20,11,11.5,12.82,151.75,910,11.5,560,69.39,42.48,,3.25,2.94,3.15,3.02,28.08,12,12.5,1.05,0.93
2/07/2021,8:07:00 PM,8:08:05 PM,Hobart,TAS,6,184933918,R6 2090m Pace S,184933919,Harness,2090,Pace,28646725,5,Postal Run,LOSER,26,LOSER,,139.35,38,23,27,26.97,33.95,230,10,230,16.78,39.55,,5.2,5.2,5.2,5.2,0.04,24,30,1.05,0.93
2/07/2021,8:07:00 PM,8:08:05 PM,Hobart,TAS,6,184933918,R6 2090m Pace S,184933919,Harness,2090,Pace,12676775,6,Distinctive Del,LOSER,34,LOSER,,153.39,38,21,34,24.94,97.33,110,44,100,76.02,1.63,,5.2,5.2,5.2,5.2,0.04,23,26,1.05,0.93
2/07/2021,8:07:00 PM,8:08:05 PM,Hobart,TAS,6,184933918,R6 2090m Pace S,184933919,Harness,2090,Pace,16220869,7,Artiflash,LOSER,24.44,LOSER,,152.1,30,22,25,23.9,79.52,720,6.6,300,22.53,39.51,,5,5,5,5,0.04,23,27,1.05,0.93
2/07/2021,8:07:00 PM,8:08:05 PM,Hobart,TAS,6,184933918,R6 2090m Pace S,184933919,Harness,2090,Pace,9306982,8,Lake Eyre,LOSER,55,LOSER,,102.01,85,42,55,48.61,74.87,300,38,230,66.32,7.84,,8.2,8.2,8.2,8.2,0.04,46,48,1.05,0.93
2/07/2021,8:07:00 PM,8:08:05 PM,Hobart,TAS,6,184933918,R6 2090m Pace S,184933919,Harness,2090,Pace,12118459,9,Christian Major,LOSER,8.22,WINNER,,395.81,8,4.2,8,6.47,239.56,70,1.48,1.49,4.89,177.43,,2.2,1.92,2.18,2.14,64.08,6.6,7,1.05,0.93
2/07/2021,8:07:00 PM,8:08:05 PM,Hobart,TAS,6,184933918,R6 2090m Pace S,184933919,Harness,2090,Pace,10192094,10,Tarleton Riley,LOSER,3.1,LOSER,,1675.79,4,3.05,3.1,3.38,4114.16,120,2,110,6.54,74.3,,1.89,1.38,1.6,1.74,193.6,3.4,3.8,1.05,0.93
2/07/2021,8:46:00 PM,8:46:40 PM,Hobart,TAS,7,184933920,R7 2090m Pace S,184933921,Harness,2090,Pace,11669388,1,Tally Operator,LOSER,33.51,LOSER,,102.4,80,25,32,30.76,98.88,930,22,930,65.93,14.68,,5.2,4.2,5.2,4.69,10.08,29,36,1.05,0.97
2/07/2021,8:46:00 PM,8:46:40 PM,Hobart,TAS,7,184933920,R7 2090m Pace S,184933921,Harness,2090,Pace,7164800,2,Karalta Dazzler,LOSER,13,LOSER,,320.85,23,12,12,13.74,206.13,720,5.8,720,26.71,70.66,,3.3,3.2,3.25,3.22,14.09,12,14,1.05,0.97
2/07/2021,8:46:00 PM,8:46:40 PM,Hobart,TAS,7,184933920,R7 2090m Pace S,184933921,Harness,2090,Pace,11947421,3,Northview Dave,WINNER,3.29,WINNER,,1343.75,3.45,2.98,3.1,3.09,2811.3,5.7,1.01,1.01,1.71,3063.04,,1.51,1.43,1.45,1.44,191.77,3,3.1,1.05,0.97
2/07/2021,8:46:00 PM,8:46:40 PM,Hobart,TAS,7,184933920,R7 2090m Pace S,184933921,Harness,2090,Pace,6950068,4,Chilla Breeze,LOSER,39.11,LOSER,,138.12,100,38,48,43.68,57.97,930,29,930,67.17,24.45,,7.4,7.4,7.4,7.4,0.06,40,46,1.05,0.97
2/07/2021,8:46:00 PM,8:46:40 PM,Hobart,TAS,7,184933920,R7 2090m Pace S,184933921,Harness,2090,Pace,11575318,5,Full Speed Ahead,LOSER,4.59,WINNER,,1034.96,4.4,3.4,4.3,3.99,1008.81,720,2.76,720,6.29,274.66,,1.69,1.63,1.64,1.64,0.56,4.1,4.3,1.05,0.97
2/07/2021,8:46:00 PM,8:46:40 PM,Hobart,TAS,7,184933920,R7 2090m Pace S,184933921,Harness,2090,Pace,18528256,6,Gone And Forgotten,LOSER,5.78,LOSER,,767.46,6.4,3.95,5.5,5.62,1160.86,880,4,880,15.16,155.2,,2.22,1.86,1.92,1.92,14.34,6,6.2,1.05,0.97
2/07/2021,8:46:00 PM,8:46:40 PM,Hobart,TAS,7,184933920,R7 2090m Pace S,184933921,Harness,2090,Pace,6936846,7,Jeans Mattjesty,LOSER,30,LOSER,,139.04,60,28,30,31.98,77.28,920,20,920,189.09,4.15,,6.2,6.2,6.2,6.2,5.06,29,44,1.05,0.97
2/07/2021,8:46:00 PM,8:46:40 PM,Hobart,TAS,7,184933920,R7 2090m Pace S,184933921,Harness,2090,Pace,5669386,8,Monarkmac,LOSER,51.08,LOSER,,85.94,85,44,46,53.74,102.1,930,46,930,100.59,12.34,,7.4,7,7.4,7.1,0.37,50,55,1.05,0.97
2/07/2021,8:46:00 PM,8:46:40 PM,Hobart,TAS,7,184933920,R7 2090m Pace S,184933921,Harness,2090,Pace,8404015,9,Bounty Eyre,LOSER,12,WINNER,,332.59,15,8.6,12,10.41,877.49,230,1.62,100,10.56,195.97,,3.2,2.6,3,2.72,62.71,9.2,10.5,1.05,0.97
2/07/2021,9:16:00 PM,9:16:47 PM,Hobart,TAS,8,184933922,R8 1609m Pace M,184933923,Harness,1609,Pace,11062584,2,Jakes A Joy,LOSER,25.96,LOSER,,136.47,44,19,23,23.39,95.13,230,7,21,24.89,31.39,,5.1,5,5,5.09,5,19.5,22,1.06,0.95
2/07/2021,9:16:00 PM,9:16:47 PM,Hobart,TAS,8,184933922,R8 1609m Pace M,184933923,Harness,1609,Pace,26237705,3,My Celebrity,WINNER,2.91,WINNER,,1725.32,3.65,2.72,2.94,2.99,2238.03,5.4,1.01,1.01,1.46,4181.13,,1.67,1.5,1.51,1.53,118.12,3.05,3.25,1.06,0.95
2/07/2021,9:16:00 PM,9:16:47 PM,Hobart,TAS,8,184933922,R8 1609m Pace M,184933923,Harness,1609,Pace,28912226,4,Iden Black Prince,LOSER,13.5,LOSER,,250.32,22,13,13,15.42,90.72,780,23,780,135.83,10.6,,3.8,3.8,3.8,3.8,0.03,16.5,24,1.06,0.95
2/07/2021,9:16:00 PM,9:16:47 PM,Hobart,TAS,8,184933922,R8 1609m Pace M,184933923,Harness,1609,Pace,24444104,5,Hesa Bit Different,LOSER,7.2,LOSER,,326.94,11,7,7.2,8.38,413.86,720,4.6,720,27.79,26,,2.54,2.3,2.3,2.3,44.04,9.8,10.5,1.06,0.95
2/07/2021,9:16:00 PM,9:16:47 PM,Hobart,TAS,8,184933922,R8 1609m Pace M,184933923,Harness,1609,Pace,15797095,6,A Good Knight,LOSER,47.79,LOSER,,48.3,46,30,36,37.02,7.94,780,12.5,780,40.36,69.31,,5.7,5.7,5.7,5.7,0.05,30,40,1.06,0.95
2/07/2021,9:16:00 PM,9:16:47 PM,Hobart,TAS,8,184933922,R8 1609m Pace M,184933923,Harness,1609,Pace,12408550,7,Guys Bettor Bet,LOSER,38.43,LOSER,,98.44,55,38,46,41.25,8.19,780,15,780,50.61,41.44,,6.8,6.6,6.8,6.7,0.04,38,50,1.06,0.95
2/07/2021,9:16:00 PM,9:16:47 PM,Hobart,TAS,8,184933922,R8 1609m Pace M,184933923,Harness,1609,Pace,17220490,8,Denstown,LOSER,59.12,LOSER,,73.99,75,36,70,46.78,20.33,720,22,720,161.59,1.8,,7.8,6.4,7.8,7.61,10.72,36,40,1.06,0.95
2/07/2021,9:16:00 PM,9:16:47 PM,Hobart,TAS,8,184933922,R8 1609m Pace M,184933923,Harness,1609,Pace,18544914,9,Juniper,LOSER,17.91,LOSER,,248.03,18,11.5,18,15.45,136.49,480,8.6,480,29.01,19.7,,3.65,3.55,3.65,3.55,1.79,14,15.5,1.06,0.95
2/07/2021,9:16:00 PM,9:16:47 PM,Hobart,TAS,8,184933922,R8 1609m Pace M,184933923,Harness,1609,Pace,13427547,10,Lifes A Jungle,LOSER,7.27,WINNER,,291.03,7.4,5.4,6.6,6.21,256.84,690,5.2,690,13,46.39,,2.24,2.12,2.24,2.22,5.93,5.7,5.9,1.06,0.95
2/07/2021,9:16:00 PM,9:16:47 PM,Hobart,TAS,8,184933922,R8 1609m Pace M,184933923,Harness,1609,Pace,12034041,11,Blackjackhanover,LOSER,25.23,LOSER,,117.38,40,17.5,26,22.8,96.09,780,10.5,780,55.59,49.96,,5.5,4,5.2,4.6,141.83,24,27,1.06,0.95
2/07/2021,9:16:00 PM,9:16:47 PM,Hobart,TAS,8,184933922,R8 1609m Pace M,184933923,Harness,1609,Pace,9420710,12,Christian Jaz,LOSER,10.53,WINNER,,271.23,11.5,8.2,10,9.35,101.76,140,10.5,120,17.68,50.83,,2.74,2.68,2.74,2.72,31.14,8.8,10.5,1.06,0.95
2/07/2021,9:16:00 PM,9:16:47 PM,Hobart,TAS,8,184933922,R8 1609m Pace M,184933923,Harness,1609,Pace,9387108,13,Only In Rome,LOSER,48.48,LOSER,,50.58,48,27,44,33,8.4,780,44,780,98.35,6.42,,6.2,6.2,6.2,6.2,0.24,30,40,1.06,0.95
2/07/2021,5:30:00 PM,5:31:18 PM,Melton,VIC,1,184924647,R1 2240m Trot M,184924648,Harness,2240,Trot,38629307,1,Skyrita,LOSER,22.38,LOSER,7.32,1067.46,60,5.1,60,9.54,3521.65,1000,17.5,1000,168.77,116.17,119.86,5.2,1.73,5.1,2.84,446.78,6,6.2,1.04,0.99
2/07/2021,5:30:00 PM,5:31:18 PM,Melton,VIC,1,184924647,R1 2240m Trot M,184924648,Harness,2240,Trot,486238,2,Dragonfly,WINNER,23,WINNER,7.7,206.01,34,18,28,22.3,395.55,23,1.03,1.03,1.96,1564.27,118.89,4.7,4.6,4.6,4.61,20.1,19.5,20,1.04,0.99
2/07/2021,5:30:00 PM,5:31:18 PM,Melton,VIC,1,184924647,R1 2240m Trot M,184924648,Harness,2240,Trot,37748266,3,Ikara,LOSER,3.98,WINNER,2.04,2841.49,5.3,2.84,4.3,4.41,5275.08,100,2.5,55,4.2,971.26,461.17,2.3,1.48,1.91,1.99,559.53,4.4,4.6,1.04,0.99
2/07/2021,5:30:00 PM,5:31:18 PM,Melton,VIC,1,184924647,R1 2240m Trot M,184924648,Harness,2240,Trot,29807509,4,Maori Mayhem,LOSER,46.81,LOSER,12.5,196.69,70,28,34,40.19,245.9,1000,24,1000,59.82,14.7,,8.6,6.8,8.6,7.15,64.6,34,36,1.04,0.99
2/07/2021,5:30:00 PM,5:31:18 PM,Melton,VIC,1,184924647,R1 2240m Trot M,184924648,Harness,2240,Trot,37467477,5,Orlandos Gift,LOSER,3.79,LOSER,1.93,3180.74,5.9,4.2,4.2,4.72,2275.09,1000,2.64,1000,6.29,1007.99,766.02,2.02,1.8,1.91,1.92,498.3,4.7,4.9,1.04,0.99
2/07/2021,5:30:00 PM,5:31:18 PM,Melton,VIC,1,184924647,R1 2240m Trot M,184924648,Harness,2240,Trot,40040604,6,Roshambo,LOSER,34,LOSER,10.3,200.09,60,16.5,38,32.81,285.24,1000,12,1000,89.7,65.89,,7.4,5.9,5.9,6.24,14.42,30,36,1.04,0.99
2/07/2021,5:30:00 PM,5:31:18 PM,Melton,VIC,1,184924647,R1 2240m Trot M,184924648,Harness,2240,Trot,40040605,7,Whose Me Mum,LOSER,120.37,LOSER,41.5,50.66,170,70,80,120.36,177.7,1000,65,1000,256.88,9.75,,16,15,16,15.4,0.05,95,130,1.04,0.99
2/07/2021,5:30:00 PM,5:31:18 PM,Melton,VIC,1,184924647,R1 2240m Trot M,184924648,Harness,2240,Trot,37398308,9,Bacardi Chic,LOSER,5.4,WINNER,2.45,2724.82,13,6,6.2,7.34,2898.95,1000,2.02,720,6.02,1217.77,600.76,2.8,2.16,2.18,2.65,312.94,8.4,8.8,1.04,0.99
2/07/2021,5:30:00 PM,5:31:18 PM,Melton,VIC,1,184924647,R1 2240m Trot M,184924648,Harness,2240,Trot,38979756,10,Buslin Brody,LOSER,8.2,LOSER,2.74,334.41,14.5,7.4,7.8,9.06,2125.32,1000,8,1000,110.35,71.69,302.61,2.8,2.8,2.8,2.8,0.04,8.6,9,1.04,0.99
2/07/2021,5:30:00 PM,5:31:18 PM,Melton,VIC,1,184924647,R1 2240m Trot M,184924648,Harness,2240,Trot,40040606,11,Touchandgo,LOSER,44.19,LOSER,9.4,104.43,75,38,38,46.64,166.94,1000,34,1000,170.52,8.93,9.49,11,8.6,10.5,9.22,19.49,60,70,1.04,0.99
2/07/2021,5:30:00 PM,5:31:18 PM,Melton,VIC,1,184924647,R1 2240m Trot M,184924648,Harness,2240,Trot,40040607,12,Cronk,LOSER,130.01,LOSER,619.57,41.86,310,100,140,149.03,86.18,1000,370,1000,792.7,3.03,0.09,980,17.5,200,316.71,0.15,150,160,1.04,0.99
2/07/2021,5:30:00 PM,5:31:18 PM,Melton,VIC,1,184924647,R1 2240m Trot M,184924648,Harness,2240,Trot,38320318,13,Mynamesgraham,LOSER,16.8,LOSER,6.25,241.79,27,14,15,20.57,317.45,1000,12.5,1000,38.25,32.86,303.78,5.5,4.6,4.7,5.07,84.68,19,20,1.04,0.99
2/07/2021,6:00:00 PM,6:01:10 PM,Melton,VIC,2,184924649,R2 1720m Pace M,184924650,Harness,1720,Pace,24374072,1,The Defiant,LOSER,343.18,LOSER,35.49,37.11,490,200,480,302.09,69.9,1000,50,1000,142.81,85.89,48.89,27,22,23,24.78,8.72,300,470,1.03,0.97
2/07/2021,6:00:00 PM,6:01:10 PM,Melton,VIC,2,184924649,R2 1720m Pace M,184924650,Harness,1720,Pace,11832483,2,Keayang Da Vinci,LOSER,89.83,LOSER,10.18,92.36,100,50,100,70.75,50.79,980,26,980,124.63,21.46,70.57,9.6,7.4,9.6,8.1,31.39,80,85,1.03,0.97
2/07/2021,6:00:00 PM,6:01:10 PM,Melton,VIC,2,184924649,R2 1720m Pace M,184924650,Harness,1720,Pace,8799687,3,Lexus On The Beach,LOSER,10.6,LOSER,2.71,837.55,16.5,8.2,11,9.88,1281.73,720,9,710,42.43,95.75,524.86,2.74,2.44,2.72,2.66,185.21,9.6,10,1.03,0.97
2/07/2021,6:00:00 PM,6:01:10 PM,Melton,VIC,2,184924649,R2 1720m Pace M,184924650,Harness,1720,Pace,11383594,4,Elteearr,LOSER,150,LOSER,18.73,36.15,200,60,180,132.13,62.54,990,70,990,199.59,6.61,54.42,12,9.4,12,11.98,5.04,110,120,1.03,0.97
2/07/2021,6:00:00 PM,6:01:10 PM,Melton,VIC,2,184924649,R2 1720m Pace M,184924650,Harness,1720,Pace,11277511,5,Timely Sovereign,LOSER,22.8,LOSER,3.7,336.09,26,11,21,16.47,752.81,1000,4.9,1000,14.75,448.54,303.87,3.8,3.15,3.8,3.42,62.96,14,15,1.03,0.97
2/07/2021,6:00:00 PM,6:01:10 PM,Melton,VIC,2,184924649,R2 1720m Pace M,184924650,Harness,1720,Pace,11608298,6,Carload,WINNER,3.05,WINNER,1.47,1431.83,6.8,3.05,3.1,3.86,5220.06,10,1.01,1.01,1.36,8010.89,1752.73,1.79,1.43,1.48,1.48,647.72,3.3,3.5,1.03,0.97
2/07/2021,6:00:00 PM,6:01:10 PM,Melton,VIC,2,184924649,R2 1720m Pace M,184924650,Harness,1720,Pace,19193870,7,Explicit Castle,LOSER,6.2,WINNER,2.12,877.15,8,4.3,6,6.37,2825.08,140,2.46,100,4.34,1490.8,738.84,2.24,1.99,2.04,2.16,525.72,7.4,7.8,1.03,0.97
2/07/2021,6:00:00 PM,6:01:10 PM,Melton,VIC,2,184924649,R2 1720m Pace M,184924650,Harness,1720,Pace,12421436,8,Chapter One,LOSER,15.42,LOSER,3.67,454.98,28,16,18,20.13,323.09,720,6.4,420,21.07,207.46,441.21,3.75,3.45,3.45,3.55,63.74,17.5,18.5,1.03,0.97
2/07/2021,6:00:00 PM,6:01:10 PM,Melton,VIC,2,184924649,R2 1720m Pace M,184924650,Harness,1720,Pace,11735657,9,Ample Power,LOSER,3.08,WINNER,1.49,1630.36,3.45,1.98,3.2,2.76,9376.49,720,1.78,230,3.26,1320.04,799.5,1.53,1.35,1.53,1.42,281.72,3,3.15,1.03,0.97
2/07/2021,6:37:00 PM,6:41:20 PM,Melton,VIC,3,184924651,R3 2240m Trot M,184924652,Harness,2240,Trot,7907842,1,Right Of Reply,LOSER,432.39,LOSER,42,52.73,580,260,530,418.27,46.55,900,160,720,433.88,12.7,9.96,19.5,18.5,19.5,19.49,5.04,360,470,1.04,0.98
2/07/2021,6:37:00 PM,6:41:20 PM,Melton,VIC,3,184924651,R3 2240m Trot M,184924652,Harness,2240,Trot,28329790,2,Here Comes Kyvalley,WINNER,52.03,WINNER,4.9,117.84,50,24,50,34.43,391.55,95,1.01,1.03,1.3,4388.1,125.78,4.2,3.7,4,4.15,155.04,24,32,1.04,0.98
2/07/2021,6:37:00 PM,6:41:20 PM,Melton,VIC,3,184924651,R3 2240m Trot M,184924652,Harness,2240,Trot,40040608,3,Free Starr,LOSER,5.99,WINNER,1.97,626.37,7,5.4,6,5.92,1880.38,100,1.15,60,4.91,723.42,459.36,2.12,1.95,1.97,2.04,379.51,6,6.4,1.04,0.98
2/07/2021,6:37:00 PM,6:41:20 PM,Melton,VIC,3,184924651,R3 2240m Trot M,184924652,Harness,2240,Trot,40040609,4,Waikare Colleen,LOSER,120,LOSER,16.92,69.55,190,75,120,111.23,77.92,720,230,700,544.63,0.82,50.24,11.5,11.5,11.5,11.5,5.04,75,80,1.04,0.98
2/07/2021,6:37:00 PM,6:41:20 PM,Melton,VIC,3,184924651,R3 2240m Trot M,184924652,Harness,2240,Trot,28551717,5,Euryphaessa,LOSER,3.61,WINNER,1.61,2308.93,4.9,2.76,3.65,3.34,9954.64,720,2.6,720,10.85,177.93,752.93,1.72,1.38,1.65,1.48,252.43,2.86,2.92,1.04,0.98
2/07/2021,6:37:00 PM,6:41:20 PM,Melton,VIC,3,184924651,R3 2240m Trot M,184924652,Harness,2240,Trot,39951924,6,Kyvalley Heist,LOSER,3.95,LOSER,1.74,1344.51,5.2,3.95,4,4.37,3531.27,720,1.33,250,5.96,534.53,583.01,1.9,1.56,1.72,1.76,150.23,4.3,4.6,1.04,0.98
2/07/2021,6:37:00 PM,6:41:20 PM,Melton,VIC,3,184924651,R3 2240m Trot M,184924652,Harness,2240,Trot,20740951,7,Abundance,LOSER,19,LOSER,6,399.52,60,15.5,19,22.57,460.55,720,13,420,70.72,15.32,128.15,7,3.85,4.6,4.48,416.73,36,38,1.04,0.98
2/07/2021,6:37:00 PM,6:41:20 PM,Melton,VIC,3,184924651,R3 2240m Trot M,184924652,Harness,2240,Trot,40040610,8,My Mate Yankee,LOSER,16.44,LOSER,4.49,255.3,18.5,13,16.5,15.33,786.46,720,10,420,79.84,20.04,62.34,2.94,2.94,2.94,2.94,0.04,15.5,16,1.04,0.98
2/07/2021,6:37:00 PM,6:41:20 PM,Melton,VIC,3,184924651,R3 2240m Trot M,184924652,Harness,2240,Trot,39722633,9,Webster Hall,LOSER,5.63,LOSER,2.34,955.32,8.4,3.9,5.8,6.33,2766.59,720,2.06,290,9.69,262.84,210.54,2.52,2.12,2.16,2.32,249.62,7.2,7.8,1.04,0.98
2/07/2021,7:03:00 PM,7:05:11 PM,Melton,VIC,4,184924653,R4 2240m Pace M,184924654,Harness,2240,Pace,21335594,1,Elleker Hanover,LOSER,2.71,WINNER,1.44,2148.68,5.8,2.6,2.7,3.55,8732.98,720,1.3,690,2.82,1818.86,746.21,1.48,1.43,1.43,1.45,107.53,2.88,3.05,1.04,0.98
2/07/2021,7:03:00 PM,7:05:11 PM,Melton,VIC,4,184924653,R4 2240m Pace M,184924654,Harness,2240,Pace,19858655,2,Lotakevi,LOSER,196.55,LOSER,80.05,20.65,390,110,200,207.69,73.3,720,100,720,372.34,2.08,23.51,160,10.5,90,20.76,9.38,180,220,1.04,0.98
2/07/2021,7:03:00 PM,7:05:11 PM,Melton,VIC,4,184924653,R4 2240m Pace M,184924654,Harness,2240,Pace,18357100,3,Junior Feelgood,LOSER,4.55,WINNER,2.79,979.21,6.2,3.75,4.5,4.76,3424.41,110,1.8,100,5.28,617.21,367.67,4.8,1.61,2.26,2.34,156.99,5.7,6,1.04,0.98
2/07/2021,7:03:00 PM,7:05:11 PM,Melton,VIC,4,184924653,R4 2240m Pace M,184924654,Harness,2240,Pace,24796606,4,Argh Me Hearty,LOSER,28.52,LOSER,6.26,167.39,27,18,27,21.15,241.48,910,11,720,66,53.15,185.55,4.3,4,4.3,4.3,10.42,20,22,1.04,0.98
2/07/2021,7:03:00 PM,7:05:11 PM,Melton,VIC,4,184924653,R4 2240m Pace M,184924654,Harness,2240,Pace,17845537,5,Four Lonely Nights,LOSER,64.61,LOSER,10.1,90.94,75,30,75,44.85,95.73,930,11,760,40.34,152.3,104.92,8,6.2,8,7.08,9.85,40,42,1.04,0.98
2/07/2021,7:03:00 PM,7:05:11 PM,Melton,VIC,4,184924653,R4 2240m Pace M,184924654,Harness,2240,Pace,28286329,6,Sonnys Amazing,LOSER,19.84,LOSER,4,293.57,22,16,22,17.8,317.76,720,16,420,40.72,73.04,399.36,3.6,3.6,3.6,3.6,0.04,16,17.5,1.04,0.98
2/07/2021,7:03:00 PM,7:05:11 PM,Melton,VIC,4,184924653,R4 2240m Pace M,184924654,Harness,2240,Pace,28091440,7,Whata Roller,LOSER,30.13,LOSER,7.25,98.31,44,24,29,27.96,234.99,720,6.2,300,18.6,110.39,96.41,5.3,5.2,5.3,5.3,14.15,30,34,1.04,0.98
2/07/2021,7:03:00 PM,7:05:11 PM,Melton,VIC,4,184924653,R4 2240m Pace M,184924654,Harness,2240,Pace,35523860,8,Punt For Pleasure,WINNER,6.2,WINNER,1.68,1393.13,6.2,3.9,6.2,4.67,4166.37,20,1.01,1.01,2.46,1900.58,1460.78,1.76,1.63,1.73,1.73,345.7,4.7,4.9,1.04,0.98
2/07/2021,7:03:00 PM,7:05:11 PM,Melton,VIC,4,184924653,R4 2240m Pace M,184924654,Harness,2240,Pace,40040611,9,Fuller Cee Ess,LOSER,7.23,LOSER,2.14,1216.81,9,5,7.2,7.22,1848.21,720,2.76,720,7.43,345.11,1488.89,2.42,1.87,2.42,2.22,231.82,7.8,8.2,1.04,0.98
2/07/2021,7:30:00 PM,7:31:10 PM,Melton,VIC,5,184924655,R5 2240m Pace M,184924656,Harness,2240,Pace,27692649,1,Major Mal,LOSER,5.93,LOSER,2.12,749.83,6.4,3.8,5.5,5.32,2039.47,880,4,880,8.27,665.57,632.72,2.18,1.72,1.95,1.9,257.6,5.8,6.4,1.04,0.97
2/07/2021,7:30:00 PM,7:31:10 PM,Melton,VIC,5,184924655,R5 2240m Pace M,184924656,Harness,2240,Pace,7004198,2,Revitalise,LOSER,5.4,WINNER,1.96,1315.86,7.4,5.1,5.4,5.74,2808.39,780,1.85,480,5.27,464.98,818.13,2.36,1.95,1.98,2.01,107.88,5.3,5.6,1.04,0.97
2/07/2021,7:30:00 PM,7:31:10 PM,Melton,VIC,5,184924655,R5 2240m Pace M,184924656,Harness,2240,Pace,24742762,3,Bao Nien,LOSER,60,LOSER,26.38,98.65,70,27,65,52.09,118.76,770,14,720,27.14,312.19,70.48,46,8.2,46,13.05,6.59,48,55,1.04,0.97
2/07/2021,7:30:00 PM,7:31:10 PM,Melton,VIC,5,184924655,R5 2240m Pace M,184924656,Harness,2240,Pace,12852323,4,Manthadee,LOSER,20.24,LOSER,5.55,260.73,28,18,20,20.73,283.48,720,9.6,720,34.23,70.67,318.38,4.6,4.6,4.6,4.6,0.06,18.5,20,1.04,0.97
2/07/2021,7:30:00 PM,7:31:10 PM,Melton,VIC,5,184924655,R5 2240m Pace M,184924656,Harness,2240,Pace,9672583,5,Return Soldier,LOSER,60,LOSER,24.14,79.67,75,23,75,47.89,78.87,740,22,720,78.57,18.51,77.14,42,7.8,42,23.77,1.62,60,65,1.04,0.97
2/07/2021,7:30:00 PM,7:31:10 PM,Melton,VIC,5,184924655,R5 2240m Pace M,184924656,Harness,2240,Pace,5924894,6,Duty Bound,LOSER,7.99,LOSER,2.64,588.3,12,7.2,7.8,7.83,909.73,780,7,780,36.68,124.54,410.23,2.92,2.3,2.92,2.69,120.21,7.4,8,1.04,0.97
2/07/2021,7:30:00 PM,7:31:10 PM,Melton,VIC,5,184924655,R5 2240m Pace M,184924656,Harness,2240,Pace,18391133,7,Supreme Dominator,LOSER,4.2,WINNER,1.78,1384.77,5.43,3.35,4.3,3.82,4522.58,160,1.75,110,5,749.04,1535.1,1.89,1.75,1.78,1.81,312.26,3.65,3.8,1.04,0.97
2/07/2021,7:30:00 PM,7:31:10 PM,Melton,VIC,5,184924655,R5 2240m Pace M,184924656,Harness,2240,Pace,16722578,8,Belle Of Brooklyn,LOSER,15.99,LOSER,6.13,538.74,40,16,17.5,23.53,397.43,720,13,720,26.74,164.03,309.72,6.6,4.5,4.5,4.96,19.84,34,38,1.04,0.97
2/07/2021,7:30:00 PM,7:31:10 PM,Melton,VIC,5,184924655,R5 2240m Pace M,184924656,Harness,2240,Pace,22257500,9,Messerati,WINNER,8.4,WINNER,2.11,773.15,11,8.2,8.4,8.6,1044.98,16,1.01,1.01,1.75,1623.42,767.84,2.54,2.02,2.24,2.34,306.39,8.2,8.8,1.04,0.97
2/07/2021,7:30:00 PM,7:31:10 PM,Melton,VIC,5,184924655,R5 2240m Pace M,184924656,Harness,2240,Pace,40040612,11,American Alli,LOSER,36.86,LOSER,20.36,196.25,48,29,42,34.04,107.68,740,32,740,96.7,23.63,95.79,40,6,21,9.44,10.03,32,36,1.04,0.97
2/07/2021,8:00:00 PM,8:01:40 PM,Melton,VIC,6,184924657,R6 1720m Trot M,184924658,Harness,1720,Trot,38707070,1,Tequila Bree,LOSER,39.32,LOSER,5.5,152.41,50,27,32,35.52,282.7,720,22,250,32.33,67.44,153.48,6,5.3,5.5,5.51,183.09,42,48,1.03,0.98
2/07/2021,8:00:00 PM,8:01:40 PM,Melton,VIC,6,184924657,R6 1720m Trot M,184924658,Harness,1720,Trot,21859502,2,Fling About,LOSER,61.91,LOSER,6.75,83.47,65,42,50,48.42,139.38,720,40,720,98.4,18,271.22,6.6,6.2,6.2,6.29,43.44,48,50,1.03,0.98
2/07/2021,8:00:00 PM,8:01:40 PM,Melton,VIC,6,184924657,R6 1720m Trot M,184924658,Harness,1720,Trot,1403090,3,Carnera,LOSER,49.08,LOSER,6.65,95.4,48,22,48,33.5,205.54,740,48,740,93.3,27.52,258.88,5.2,4.2,5.2,4.25,31.19,34,44,1.03,0.98
2/07/2021,8:00:00 PM,8:01:40 PM,Melton,VIC,6,184924657,R6 1720m Trot M,184924658,Harness,1720,Trot,28639909,4,Leanne Leeann,LOSER,7.16,WINNER,1.72,1122.98,7.2,3,6.4,5.26,1701.93,720,3.8,250,9.6,221.95,830.47,1.75,1.45,1.73,1.55,180.25,5.7,6.2,1.03,0.98
2/07/2021,8:00:00 PM,8:01:40 PM,Melton,VIC,6,184924657,R6 1720m Trot M,184924658,Harness,1720,Trot,39242077,5,Zigzagzoo,WINNER,1.69,WINNER,1.23,10354.3,3.6,1.84,1.87,2.06,11330.36,2.04,1.01,1.01,1.22,9527.47,2073.28,1.27,1.11,1.23,1.23,5028.33,1.97,2.02,1.03,0.98
2/07/2021,8:00:00 PM,8:01:40 PM,Melton,VIC,6,184924657,R6 1720m Trot M,184924658,Harness,1720,Trot,18165646,6,Pharisee,LOSER,133.7,LOSER,494.8,55.08,160,90,95,113.7,41.29,790,80,790,202.68,10.1,,9,9,9,9,0.04,120,130,1.03,0.98
2/07/2021,8:00:00 PM,8:01:40 PM,Melton,VIC,6,184924657,R6 1720m Trot M,184924658,Harness,1720,Trot,40040613,7,Whos The Man,LOSER,5.16,LOSER,1.55,1797.72,7.6,4.7,5,5.14,3691.12,720,4.1,720,15.17,99.48,1245.83,1.83,1.54,1.56,1.59,237.6,5,5.2,1.03,0.98
2/07/2021,8:00:00 PM,8:01:40 PM,Melton,VIC,6,184924657,R6 1720m Trot M,184924658,Harness,1720,Trot,28546314,8,Full Noise,LOSER,38.9,WINNER,4.6,260.68,46,19,38,31.19,302.48,720,2.94,140,34.04,124.47,364.19,4.7,4,4.7,4.66,17.5,26,28,1.03,0.98
2/07/2021,8:00:00 PM,8:01:40 PM,Melton,VIC,6,184924657,R6 1720m Trot M,184924658,Harness,1720,Trot,10093947,9,Kyvalley Barney,LOSER,61.64,LOSER,7.4,80.87,65,29,44,40.66,147.69,920,55,130,170.99,20.35,117.67,6.8,5.3,6.6,6.75,13.34,38,42,1.03,0.98
2/07/2021,8:30:00 PM,8:31:41 PM,Melton,VIC,7,184924659,R7 2240m Pace M,184924660,Harness,2240,Pace,40040614,1,Miss Hattie,LOSER,8.5,WINNER,2.92,651.99,12.5,4.8,8.6,9.47,1267.64,780,2,480,14.39,371.11,299,3.2,2.18,2.92,2.5,217.03,12,12.5,1.03,0.97
2/07/2021,8:30:00 PM,8:31:41 PM,Melton,VIC,7,184924659,R7 2240m Pace M,184924660,Harness,2240,Pace,40040615,2,Ghost Of Time,LOSER,4.53,LOSER,1.82,1422.52,5.9,3.55,4.6,4.27,6108.24,780,2.94,720,5.72,637.32,355.02,1.87,1.61,1.87,1.76,351.12,3.85,3.95,1.03,0.97
2/07/2021,8:30:00 PM,8:31:41 PM,Melton,VIC,7,184924659,R7 2240m Pace M,184924660,Harness,2240,Pace,36317985,3,Captain Wilson,LOSER,12.55,WINNER,3.35,876.93,22,12,14,13.94,925.79,720,2,170,8.96,319.2,466.91,3.5,3.45,3.45,3.48,15.1,13.5,14,1.03,0.97
2/07/2021,8:30:00 PM,8:31:41 PM,Melton,VIC,7,184924659,R7 2240m Pace M,184924660,Harness,2240,Pace,40040616,4,Azterian,LOSER,14,LOSER,3.25,892.89,28,12,14,15.62,528.12,720,7.4,90,20.71,104.8,495.31,3.45,3.2,3.25,3.25,5.18,14,14.5,1.03,0.97
2/07/2021,8:30:00 PM,8:31:41 PM,Melton,VIC,7,184924659,R7 2240m Pace M,184924660,Harness,2240,Pace,35453081,5,Master Remi,LOSER,22.75,LOSER,4.6,231.66,40,18,22,22.38,407.51,720,20,720,32.16,111.35,245.41,4.5,4.2,4.2,4.32,32.71,20,21,1.03,0.97
2/07/2021,8:30:00 PM,8:31:41 PM,Melton,VIC,7,184924659,R7 2240m Pace M,184924660,Harness,2240,Pace,28535651,6,Cashflow Cassie,LOSER,7.6,LOSER,2.37,793.29,11.5,7.6,8.2,8.26,1776.39,890,5.7,890,24.06,175.64,548.78,2.62,2.34,2.34,2.34,169.1,8.2,8.6,1.03,0.97
2/07/2021,8:30:00 PM,8:31:41 PM,Melton,VIC,7,184924659,R7 2240m Pace M,184924660,Harness,2240,Pace,36386788,7,Dabyminga,LOSER,416.3,LOSER,27,56.86,720,160,300,262.24,65.89,720,300,720,422.36,10.36,78.9,14.5,14.5,14.5,14.5,0.06,320,370,1.03,0.97
2/07/2021,8:30:00 PM,8:31:41 PM,Melton,VIC,7,184924659,R7 2240m Pace M,184924660,Harness,2240,Pace,37832512,8,Rock Nien,LOSER,52.51,LOSER,6.35,128.15,65,36,55,46.37,188.48,720,24,300,63.59,28.56,61.29,7.2,6,6.2,6.35,220.7,55,60,1.03,0.97
2/07/2021,8:30:00 PM,8:31:41 PM,Melton,VIC,7,184924659,R7 2240m Pace M,184924660,Harness,2240,Pace,40040617,9,Call Me Diva,LOSER,127.45,LOSER,18.98,66.12,180,65,180,91.54,52.26,720,42,720,119.11,13.52,63.03,12,12,12,12,0.04,65,75,1.03,0.97
2/07/2021,8:30:00 PM,8:31:41 PM,Melton,VIC,7,184924659,R7 2240m Pace M,184924660,Harness,2240,Pace,2528364,10,Pray Tell,WINNER,3.05,WINNER,1.56,1582.21,3.8,2.4,3.05,3.2,7605.82,4.8,1.01,1.01,1.55,5448.84,857.86,1.59,1.38,1.59,1.52,334.33,3,3.35,1.03,0.97
2/07/2021,9:01:00 PM,9:03:18 PM,Melton,VIC,8,184924661,R8 1720m Trot M,184924662,Harness,1720,Trot,13739909,1,Whizzbang Dan,LOSER,18.57,LOSER,2.7,439.6,25,11,16,15.64,654.84,720,17,720,103.51,17.9,709.02,2.7,2.1,2.62,2.59,87.11,14.5,15,1.02,0.98
2/07/2021,9:01:00 PM,9:03:18 PM,Melton,VIC,8,184924661,R8 1720m Trot M,184924662,Harness,1720,Trot,40040618,2,Celtic Cash,WINNER,9.6,WINNER,1.92,584.59,11,5.9,7.8,7.28,1764.46,8,1.01,1.01,1.6,5459.35,903.59,1.97,1.52,1.97,1.83,344.43,7.2,7.6,1.02,0.98
2/07/2021,9:01:00 PM,9:03:18 PM,Melton,VIC,8,184924661,R8 1720m Trot M,184924662,Harness,1720,Trot,6363720,3,Icicle,LOSER,140,LOSER,8.8,54.01,150,55,110,75.03,195.77,950,22,950,97.45,26.45,168.52,9.2,5.2,9.2,8.97,9.93,100,110,1.02,0.98
2/07/2021,9:01:00 PM,9:03:18 PM,Melton,VIC,8,184924661,R8 1720m Trot M,184924662,Harness,1720,Trot,36087605,4,Hopeful Beauty,LOSER,1.5,WINNER,1.24,2191.41,1.73,1.45,1.58,1.62,14787.73,220,1.43,220,2.62,2998.87,1142.14,1.25,1.1,1.22,1.22,1985.39,1.62,1.63,1.02,0.98
2/07/2021,9:01:00 PM,9:03:18 PM,Melton,VIC,8,184924661,R8 1720m Trot M,184924662,Harness,1720,Trot,28587436,5,Namoscar,LOSER,15.5,LOSER,2.75,160.26,32,14,14,17.44,472.61,730,30,730,105.26,14.88,548.9,3.2,2.6,2.6,2.75,79.27,15,17,1.02,0.98
2/07/2021,9:01:00 PM,9:03:18 PM,Melton,VIC,8,184924661,R8 1720m Trot M,184924662,Harness,1720,Trot,22845003,7,Natty Pagger,LOSER,14.74,LOSER,2.88,610.4,29,15,15,18.02,575.32,730,9.8,730,28.5,144.03,414.29,3,2.52,2.56,2.66,175.51,19,21,1.02,0.98
2/07/2021,9:01:00 PM,9:03:18 PM,Melton,VIC,8,184924661,R8 1720m Trot M,184924662,Harness,1720,Trot,40040619,8,Gil Favor,LOSER,16.17,WINNER,2.62,618.76,22,10.5,17.5,15.78,1740.88,900,11,900,30.91,103.97,477.9,2.88,2.34,2.34,2.53,309.85,15.5,18,1.02,0.98
2/07/2021,9:30:00 PM,9:31:50 PM,Melton,VIC,9,184924663,R9 2240m Pace M,184924664,Harness,2240,Pace,13942223,1,Esspe Supreme,LOSER,230,LOSER,34,18.09,460,90,460,216.14,40.08,780,55,65,271.86,2.17,,36,10,29,26.72,23.8,110,120,1.03,0.99
2/07/2021,9:30:00 PM,9:31:50 PM,Melton,VIC,9,184924663,R9 2240m Pace M,184924664,Harness,2240,Pace,39317138,2,Calf Pen,WINNER,8.88,WINNER,2.08,585.34,10.5,4.6,8.2,8.2,1236.9,9,1.03,1.04,1.69,2156.42,811.36,2.32,1.87,2.08,2.13,438.5,10,10.5,1.03,0.99
2/07/2021,9:30:00 PM,9:31:50 PM,Melton,VIC,9,184924663,R9 2240m Pace M,184924664,Harness,2240,Pace,16408021,3,Our Master George,LOSER,21.86,LOSER,3.85,441.62,34,20,23,22.41,387.11,720,5.3,300,23.42,94.77,299,3.85,3.7,3.7,3.82,98.18,22,24,1.03,0.99
2/07/2021,9:30:00 PM,9:31:50 PM,Melton,VIC,9,184924663,R9 2240m Pace M,184924664,Harness,2240,Pace,40040620,4,Our Classie Reactor,LOSER,1.74,WINNER,1.17,2298.97,1.81,1.45,1.63,1.61,15878.1,60,1.21,38,2.99,3048.53,1507.28,1.19,1.13,1.17,1.15,865.01,1.58,1.6,1.03,0.99
2/07/2021,9:30:00 PM,9:31:50 PM,Melton,VIC,9,184924663,R9 2240m Pace M,184924664,Harness,2240,Pace,15796690,5,Sheiswatching,LOSER,509.86,LOSER,642.86,14.24,560,140,510,283.49,7.98,720,50,590,209.96,12.08,0.11,990,16,280,373.03,0.13,240,510,1.03,0.99
2/07/2021,9:30:00 PM,9:31:50 PM,Melton,VIC,9,184924663,R9 2240m Pace M,184924664,Harness,2240,Pace,27788414,6,Rock On Shadow,LOSER,110,LOSER,12.7,95.45,180,55,85,95.94,109.19,720,32,700,89.58,12.83,,7.2,7,7.2,7.11,0.09,85,100,1.03,0.99
2/07/2021,9:30:00 PM,9:31:50 PM,Melton,VIC,9,184924663,R9 2240m Pace M,184924664,Harness,2240,Pace,38533784,7,Jemstone Glory,LOSER,16.77,LOSER,2.86,482.21,25,14.5,16,16.88,423.84,720,11.5,350,33.81,55.19,460.57,3,2.42,2.68,2.79,44.52,16,17,1.03,0.99
2/07/2021,9:30:00 PM,9:31:50 PM,Melton,VIC,9,184924663,R9 2240m Pace M,184924664,Harness,2240,Pace,38185195,8,Rueslan,LOSER,9.12,LOSER,2.04,731.88,20,8.8,10,10.44,1014.98,1000,6.6,780,17.68,161.94,612.9,2.64,1.98,2,2.03,243.47,9.6,10.5,1.03,0.99
2/07/2021,9:30:00 PM,9:31:50 PM,Melton,VIC,9,184924663,R9 2240m Pace M,184924664,Harness,2240,Pace,25201451,9,Blazin Cracker,LOSER,22.07,WINNER,3.29,349.53,42,19.5,21,22.63,509.65,720,4.2,300,12.19,193.08,436.28,3.5,3.2,3.25,3.21,71.49,20,22,1.03,0.99
2/07/2021,9:30:00 PM,9:31:50 PM,Melton,VIC,9,184924663,R9 2240m Pace M,184924664,Harness,2240,Pace,24540363,10,Nikitaras,LOSER,231.73,LOSER,15.5,26.02,260,75,220,161.46,8.44,930,38,700,194.87,10.59,38.76,9.8,9.8,9.8,9.8,0.04,120,180,1.03,0.99
2/07/2021,10:00:00 PM,10:01:54 PM,Melton,VIC,10,184924665,R10 1720m Pace M,184924666,Harness,1720,Pace,5306442,1,The Regulator,WINNER,7.42,WINNER,2.05,490.57,7.6,3.8,7.2,5.75,2929.26,48,1.01,1.01,1.97,2356.36,328.87,1.98,1.33,1.85,1.79,108.7,5.6,6,1.02,0.97
2/07/2021,10:00:00 PM,10:01:54 PM,Melton,VIC,10,184924665,R10 1720m Pace M,184924666,Harness,1720,Pace,39446915,2,Ulani,LOSER,6.71,LOSER,1.97,1227.25,11,6.6,8.2,8.55,1303.56,720,1.5,150,10.32,270.74,828.72,2.34,1.93,2.06,2.11,602.64,9.2,10,1.02,0.97
2/07/2021,10:00:00 PM,10:01:54 PM,Melton,VIC,10,184924665,R10 1720m Pace M,184924666,Harness,1720,Pace,37582120,3,Billabong Madi,LOSER,309.02,LOSER,25,25.86,360,180,300,300.04,35.11,720,140,140,333.95,6.7,9.98,11.5,11.5,11.5,11.5,0.04,320,340,1.02,0.97
2/07/2021,10:00:00 PM,10:01:54 PM,Melton,VIC,10,184924665,R10 1720m Pace M,184924666,Harness,1720,Pace,24465458,4,Mirari,LOSER,59.45,LOSER,13.54,90.44,95,40,75,67.19,121.08,920,55,920,188.24,20.2,66.01,8.6,8.2,8.6,8.2,9.37,60,75,1.02,0.97
2/07/2021,10:00:00 PM,10:01:54 PM,Melton,VIC,10,184924665,R10 1720m Pace M,184924666,Harness,1720,Pace,40040621,5,Beau Steele,LOSER,2.07,WINNER,1.41,2576.22,2.74,1.92,2.04,2.08,15614.13,560,1.11,560,2.3,5299.52,1094.98,2.08,1.21,2.08,1.28,377.75,2.2,2.26,1.02,0.97
2/07/2021,10:00:00 PM,10:01:54 PM,Melton,VIC,10,184924665,R10 1720m Pace M,184924666,Harness,1720,Pace,28737094,6,Lady Olivias Folly,LOSER,10.4,WINNER,2.64,537.42,15.5,8.8,10.5,10.88,1244.23,720,6.8,110,25.25,77.5,207.24,2.42,1.96,2.2,2.16,114.07,11,11.5,1.02,0.97
2/07/2021,10:00:00 PM,10:01:54 PM,Melton,VIC,10,184924665,R10 1720m Pace M,184924666,Harness,1720,Pace,40040622,7,Ajays Racer,LOSER,42.66,LOSER,7.65,415.84,48,36,44,43.64,203.68,780,46,380,84.42,30.52,84.12,5.3,5.2,5.3,5.25,0.04,38,46,1.02,0.97
2/07/2021,10:00:00 PM,10:01:54 PM,Melton,VIC,10,184924665,R10 1720m Pace M,184924666,Harness,1720,Pace,15907438,8,Our Downunder Mach,LOSER,8.42,LOSER,2.15,821.66,30,6.8,8.6,8.65,2360.33,720,1.31,170,10.75,204.3,207.92,2.08,1.79,2.08,1.82,210.78,7,7.2,1.02,0.97
2/07/2021,5:12:00 PM,5:12:43 PM,Newcastle,NSW,1,184914789,R1 1609m Pace M,184914790,Harness,1609,Pace,19830433,1,Wallaroy Boy,LOSER,24,LOSER,,194.23,36,18,23,24.3,156.71,780,18.5,710,83.24,13.95,,5.5,3.65,3.95,4.44,166.85,28,34,1.05,1.01
2/07/2021,5:12:00 PM,5:12:43 PM,Newcastle,NSW,1,184914789,R1 1609m Pace M,184914790,Harness,1609,Pace,14580324,2,Icspots,LOSER,2.79,WINNER,,2118.03,5.9,2.88,3.05,3.56,3967.06,720,2.2,720,4.58,519.26,,1.73,1.57,1.57,1.61,101.33,3.2,3.35,1.05,1.01
2/07/2021,5:12:00 PM,5:12:43 PM,Newcastle,NSW,1,184914789,R1 1609m Pace M,184914790,Harness,1609,Pace,11128894,3,Corporal Jujon,LOSER,130,LOSER,,97.09,120,70,85,87.71,84.75,910,8.8,720,78.06,32.93,,13.5,10,10,11.07,37.39,85,100,1.05,1.01
2/07/2021,5:12:00 PM,5:12:43 PM,Newcastle,NSW,1,184914789,R1 1609m Pace M,184914790,Harness,1609,Pace,40040636,4,Waiting For Love,WINNER,6.77,WINNER,,745.64,11,7.2,7.4,8.16,671.75,8.4,1.01,1.01,1.4,1980.55,,2.74,2.4,2.4,2.5,1236.32,8.2,9.2,1.05,1.01
2/07/2021,5:12:00 PM,5:12:43 PM,Newcastle,NSW,1,184914789,R1 1609m Pace M,184914790,Harness,1609,Pace,23520573,5,Nifty Studleigh,LOSER,6.27,LOSER,,765.42,9.2,4.5,5.9,6.39,1132.55,720,3.5,690,6.96,333.99,,2.68,2.18,2.34,2.47,75.89,6.8,7.4,1.05,1.01
2/07/2021,5:12:00 PM,5:12:43 PM,Newcastle,NSW,1,184914789,R1 1609m Pace M,184914790,Harness,1609,Pace,16220885,6,Cloudin Up,LOSER,26,WINNER,,219.87,50,25,25,29.61,365.98,780,12.5,780,26.3,99.87,,6.2,5.3,5.9,5.76,20.7,25,26,1.05,1.01
2/07/2021,5:12:00 PM,5:12:43 PM,Newcastle,NSW,1,184914789,R1 1609m Pace M,184914790,Harness,1609,Pace,18097948,7,Miss Trocadero,LOSER,18.1,LOSER,,229.24,22,13,16.5,17.41,175.4,900,10,900,71.25,62.54,,4.7,3.9,4.6,4.49,32.36,18.5,20,1.05,1.01
2/07/2021,5:12:00 PM,5:12:43 PM,Newcastle,NSW,1,184914789,R1 1609m Pace M,184914790,Harness,1609,Pace,39098043,8,Mannho,LOSER,16.09,LOSER,,243.41,19,11.5,14.5,15.8,299.91,780,3.85,780,27.76,63.45,,4.2,3.1,4.1,4.06,37.98,15.5,17,1.05,1.01
2/07/2021,5:12:00 PM,5:12:43 PM,Newcastle,NSW,1,184914789,R1 1609m Pace M,184914790,Harness,1609,Pace,38338859,9,My Classy Mate,LOSER,11.31,LOSER,,419.86,15.5,8.2,13,10.27,1835.4,780,9,780,39.66,38.28,,2.96,2.6,2.6,2.68,264.67,10.5,11,1.05,1.01
2/07/2021,5:12:00 PM,5:12:43 PM,Newcastle,NSW,1,184914789,R1 1609m Pace M,184914790,Harness,1609,Pace,26695096,10,Mister Woodport,LOSER,13.02,LOSER,,931.24,19.5,4.3,15,7.57,1788.41,980,8.8,980,26.45,234.68,,85,2.04,80,12.32,397.72,6,5.4,1.05,1.01
2/07/2021,5:49:00 PM,5:49:56 PM,Newcastle,NSW,2,184914791,R2 1609m Pace M,184914792,Harness,1609,Pace,24339254,1,Illgiveuadaisyaday,LOSER,19.4,LOSER,,256.21,19.5,13.5,17.5,16.08,349.05,780,14,780,30.05,93.72,,3.8,3.35,3.65,3.73,128.36,16.5,17,1.05,0.98
2/07/2021,5:49:00 PM,5:49:56 PM,Newcastle,NSW,2,184914791,R2 1609m Pace M,184914792,Harness,1609,Pace,37582131,2,Miss Piggy Wiggy,LOSER,27.43,LOSER,,172.82,28,12.5,28,19.32,184.56,780,11,710,23.14,91.91,,4.3,3.6,3.6,3.95,111.71,19,20,1.05,0.98
2/07/2021,5:49:00 PM,5:49:56 PM,Newcastle,NSW,2,184914791,R2 1609m Pace M,184914792,Harness,1609,Pace,40040638,4,Three In Heaven,LOSER,6,WINNER,,799.22,6.4,3.5,6.2,5.2,1433.31,290,3.5,110,6.43,424.11,,2.34,1.81,1.93,2.15,509.66,5.8,6,1.05,0.98
2/07/2021,5:49:00 PM,5:49:56 PM,Newcastle,NSW,2,184914791,R2 1609m Pace M,184914792,Harness,1609,Pace,27973245,5,Soho Brandenburg,WINNER,1.98,WINNER,,4021.77,3.5,2.12,2.14,2.44,4447.43,3.6,1.01,1.01,1.58,4496.48,,1.4,1.33,1.33,1.38,137.63,2.4,2.5,1.05,0.98
2/07/2021,5:49:00 PM,5:49:56 PM,Newcastle,NSW,2,184914791,R2 1609m Pace M,184914792,Harness,1609,Pace,10120398,6,Scotlynn Jiggs,LOSER,21,LOSER,,307.23,20,13,17,16.54,141.97,780,14,710,44.42,27.74,,3.15,3.1,3.15,3.12,0.08,15,18,1.05,0.98
2/07/2021,5:49:00 PM,5:49:56 PM,Newcastle,NSW,2,184914791,R2 1609m Pace M,184914792,Harness,1609,Pace,27465878,7,Buddy Claydon,LOSER,25,LOSER,,153.47,32,19,28,22.75,243.59,780,17,780,68.14,25.16,,4.2,4.1,4.1,4.11,75.04,20,22,1.05,0.98
2/07/2021,5:49:00 PM,5:49:56 PM,Newcastle,NSW,2,184914791,R2 1609m Pace M,184914792,Harness,1609,Pace,27932721,8,Better Than Carmer,LOSER,42,LOSER,,126.03,80,26,44,36.02,153.11,780,50,300,142.29,9.17,,5.9,5.9,5.9,5.9,0.06,30,34,1.05,0.98
2/07/2021,5:49:00 PM,5:49:56 PM,Newcastle,NSW,2,184914791,R2 1609m Pace M,184914792,Harness,1609,Pace,23707081,9,Marika Springfield,LOSER,14.61,LOSER,,224.9,38,13.5,16,15.26,332.12,780,11.5,720,48.85,33.7,,3,2.98,3,2.99,0.04,13.5,15.5,1.05,0.98
2/07/2021,5:49:00 PM,5:49:56 PM,Newcastle,NSW,2,184914791,R2 1609m Pace M,184914792,Harness,1609,Pace,40040639,10,Miss Verstappen,LOSER,8.79,WINNER,,540.22,10,4.9,9.4,8.07,910.92,1000,2.02,1000,8.18,784.47,,3.15,2.22,2.58,2.36,426.3,8.4,9.2,1.05,0.98
2/07/2021,6:15:00 PM,6:16:03 PM,Newcastle,NSW,3,184914793,R3 2030m Pace M,184914794,Harness,2030,Pace,22941413,1,La La Bron,WINNER,12.5,WINNER,,716.7,21,7.4,12.5,10.69,1015.44,17.5,1.01,1.01,2.21,1917.85,,3,2.84,2.96,2.91,592.73,13,15.5,1.04,0.98
2/07/2021,6:15:00 PM,6:16:03 PM,Newcastle,NSW,3,184914793,R3 2030m Pace M,184914794,Harness,2030,Pace,11161026,2,Zoemagic,LOSER,34,LOSER,,315.76,60,20,34,32.67,307.84,720,2.5,230,42.2,40.38,,6.8,6,6.8,6.3,46.92,38,42,1.04,0.98
2/07/2021,6:15:00 PM,6:16:03 PM,Newcastle,NSW,3,184914793,R3 2030m Pace M,184914794,Harness,2030,Pace,10659319,3,Our Chance Todream,LOSER,19.62,LOSER,,561.47,60,18.5,19,23.25,241.05,910,14,170,53.03,40.38,,4.7,4.3,4.7,4.43,11.81,21,24,1.04,0.98
2/07/2021,6:15:00 PM,6:16:03 PM,Newcastle,NSW,3,184914793,R3 2030m Pace M,184914794,Harness,2030,Pace,14736431,5,Miss Ciriello,LOSER,22.7,WINNER,,261.7,23,9.2,23,14.82,358.18,720,1.3,230,7.1,410.51,,3.6,3.4,3.6,3.46,60.46,19,19.5,1.04,0.98
2/07/2021,6:15:00 PM,6:16:03 PM,Newcastle,NSW,3,184914793,R3 2030m Pace M,184914794,Harness,2030,Pace,23141433,6,Corbaux,LOSER,4.06,LOSER,,1587.5,4.7,2.82,4.1,3.96,5095.72,720,4,230,13.52,53.6,,2.06,1.7,1.86,1.93,277.9,3.7,3.95,1.04,0.98
2/07/2021,6:15:00 PM,6:16:03 PM,Newcastle,NSW,3,184914793,R3 2030m Pace M,184914794,Harness,2030,Pace,10053968,7,Bite The Bullet,LOSER,4.78,WINNER,,1495.64,10,4.1,4.8,4.81,2919.56,720,4.7,170,10.85,214.54,,2.18,1.8,1.89,2.04,774.16,4.4,4.6,1.04,0.98
2/07/2021,6:15:00 PM,6:16:03 PM,Newcastle,NSW,3,184914793,R3 2030m Pace M,184914794,Harness,2030,Pace,17858905,8,Its Allabout Alice,LOSER,6.6,LOSER,,887.51,40,6.6,6.6,9.14,2389.27,720,6.6,720,12.98,104.72,,3.15,2.28,2.28,2.3,1.4,6.8,7.2,1.04,0.98
2/07/2021,6:15:00 PM,6:16:03 PM,Newcastle,NSW,3,184914793,R3 2030m Pace M,184914794,Harness,2030,Pace,5719013,9,Regal Rock,LOSER,89.62,LOSER,,103.49,110,29,75,66.08,181.1,720,26,720,86.12,19.53,,12,5.9,7.2,6.7,103.78,55,80,1.04,0.98
2/07/2021,6:15:00 PM,6:16:03 PM,Newcastle,NSW,3,184914793,R3 2030m Pace M,184914794,Harness,2030,Pace,21733385,10,Hidden Delight,LOSER,4.9,LOSER,,1432.78,7,2.74,4.9,5.12,3575.04,720,3,690,14.17,168.88,,2.18,1.83,2.08,1.98,338.96,5.7,5.8,1.04,0.98
2/07/2021,6:44:00 PM,6:44:54 PM,Newcastle,NSW,4,184914795,R4 2030m Pace M,184914796,Harness,2030,Pace,40040640,1,Soho Sinatra,WINNER,2.45,WINNER,,3915.92,3.85,2.72,2.78,2.99,2777.43,7.8,1.01,1.01,2,3340.93,,1.62,1.41,1.62,1.57,300.24,2.98,3.35,1.09,0.95
2/07/2021,6:44:00 PM,6:44:54 PM,Newcastle,NSW,4,184914795,R4 2030m Pace M,184914796,Harness,2030,Pace,8403896,2,Days End,LOSER,13.7,LOSER,,330.22,90,14,14,18.13,252.2,720,10,720,23.04,107.39,,8,3.3,3.8,4.38,95.02,17.5,18,1.09,0.95
2/07/2021,6:44:00 PM,6:44:54 PM,Newcastle,NSW,4,184914795,R4 2030m Pace M,184914796,Harness,2030,Pace,16022890,3,The Big Cheese,LOSER,75,LOSER,,63.86,120,38,110,63.6,25.66,720,17,650,95.94,26.1,,6.6,6.6,6.6,6.6,0.04,42,70,1.09,0.95
2/07/2021,6:44:00 PM,6:44:54 PM,Newcastle,NSW,4,184914795,R4 2030m Pace M,184914796,Harness,2030,Pace,17439673,4,Mondooley Heaven,LOSER,8.2,LOSER,,381.42,11.5,6.4,8,8.3,336.65,720,4.2,290,12.73,402.41,,2.7,2.28,2.7,2.43,0.11,8.8,11,1.09,0.95
2/07/2021,6:44:00 PM,6:44:54 PM,Newcastle,NSW,4,184914795,R4 2030m Pace M,184914796,Harness,2030,Pace,26312024,5,Azur Express,LOSER,10.79,WINNER,,405.94,11,7.8,10.5,9.02,171.9,890,2,890,7.84,1146.66,,2.38,2.36,2.38,2.37,0.1,8.2,9.6,1.09,0.95
2/07/2021,6:44:00 PM,6:44:54 PM,Newcastle,NSW,4,184914795,R4 2030m Pace M,184914796,Harness,2030,Pace,6804366,6,The Bachelor,LOSER,70.4,LOSER,,57.35,80,34,70,55.43,19.92,920,34,720,110.79,30.05,,6.6,6.6,6.6,6.6,0.06,44,50,1.09,0.95
2/07/2021,6:44:00 PM,6:44:54 PM,Newcastle,NSW,4,184914795,R4 2030m Pace M,184914796,Harness,2030,Pace,23054180,7,Itz Georgiaonmymind,LOSER,10.36,LOSER,,373.11,10,6.6,9.2,7.76,209.71,720,7,690,16.94,121.31,,2.32,2.26,2.32,2.27,5.39,7.2,8.2,1.09,0.95
2/07/2021,6:44:00 PM,6:44:54 PM,Newcastle,NSW,4,184914795,R4 2030m Pace M,184914796,Harness,2030,Pace,20044638,9,Sergei,LOSER,58.11,WINNER,,54.26,50,23,50,38.66,64.11,930,15,300,82.73,26.61,,4.2,4.2,4.2,4.2,0.35,27,38,1.09,0.95
2/07/2021,6:44:00 PM,6:44:54 PM,Newcastle,NSW,4,184914795,R4 2030m Pace M,184914796,Harness,2030,Pace,25166014,10,Major Bob,LOSER,4.9,LOSER,,985.41,5.2,3.05,4.9,4.58,1089.04,720,4.2,690,8.24,275.84,,1.98,1.66,1.98,1.67,20.48,4.2,4.6,1.09,0.95
2/07/2021,7:20:00 PM,7:20:58 PM,Newcastle,NSW,5,184914797,R5 1609m Pace M,184914798,Harness,1609,Pace,25311215,1,Classic Arc,LOSER,6.56,LOSER,,646.22,13.5,5.5,6,7.68,1309.19,720,6,720,12.9,201.45,,2.62,1.99,1.99,2.15,245.74,6.8,8,1.04,0.94
2/07/2021,7:20:00 PM,7:20:58 PM,Newcastle,NSW,5,184914797,R5 1609m Pace M,184914798,Harness,1609,Pace,9104272,2,Its Inevitable,LOSER,9.91,LOSER,,382.76,9.8,5.2,9.8,7.2,354.77,720,5.2,720,13.18,147.8,,6,2.1,2.54,2.89,534.95,6.2,7,1.04,0.94
2/07/2021,7:20:00 PM,7:20:58 PM,Newcastle,NSW,5,184914797,R5 1609m Pace M,184914798,Harness,1609,Pace,9120146,3,Sultan Fella,LOSER,46.58,WINNER,,119.66,65,32,55,52.93,113.84,780,44,780,85.8,18.13,,8,6.8,8,7.94,1.62,46,50,1.04,0.94
2/07/2021,7:20:00 PM,7:20:58 PM,Newcastle,NSW,5,184914797,R5 1609m Pace M,184914798,Harness,1609,Pace,13757754,4,Misterfire,LOSER,8.6,WINNER,,326.37,10.5,6.4,8,8.51,354.87,720,2.14,140,6.09,232.71,,2.48,2.38,2.44,2.44,50.72,9.2,9.6,1.04,0.94
2/07/2021,7:20:00 PM,7:20:58 PM,Newcastle,NSW,5,184914797,R5 1609m Pace M,184914798,Harness,1609,Pace,17117940,5,Rolling With Stell,WINNER,10.5,WINNER,,278.7,12,5.1,9.6,10.68,381.66,10.5,1.01,1.01,1.72,2371.26,,2.96,2.7,2.96,2.96,4.18,10.5,12,1.04,0.94
2/07/2021,7:20:00 PM,7:20:58 PM,Newcastle,NSW,5,184914797,R5 1609m Pace M,184914798,Harness,1609,Pace,17296692,6,Trouble Looming,LOSER,7.58,LOSER,,980.68,8.4,3.4,8.2,5.38,380.8,720,3,640,7.91,495.5,,2.64,1.84,2.42,2.04,42.96,7,7.4,1.04,0.94
2/07/2021,7:20:00 PM,7:20:58 PM,Newcastle,NSW,5,184914797,R5 1609m Pace M,184914798,Harness,1609,Pace,20302777,7,Mammals Riddle,LOSER,4.5,LOSER,,866.16,8.8,4.6,4.7,5.11,561.11,880,3.05,150,9.47,425.8,,2.58,1.81,1.89,2,93.7,4.8,5.2,1.04,0.94
2/07/2021,7:20:00 PM,7:20:58 PM,Newcastle,NSW,5,184914797,R5 1609m Pace M,184914798,Harness,1609,Pace,16249872,8,Styx Vixen,LOSER,19.65,LOSER,,252.31,42,17.5,22,22.74,221.55,780,17.5,780,41.06,51.94,,5.2,5.1,5.1,5.1,2.45,22,26,1.04,0.94
2/07/2021,7:20:00 PM,7:20:58 PM,Newcastle,NSW,5,184914797,R5 1609m Pace M,184914798,Harness,1609,Pace,39732994,10,Baby Ginnie,LOSER,8.8,LOSER,,459.92,14.5,7.8,9.4,9.71,777.01,720,4.4,720,8.48,300.52,,3,2.46,2.74,2.69,23.72,9.2,9.8,1.04,0.94
2/07/2021,7:49:00 PM,7:50:00 PM,Newcastle,NSW,6,184914799,R6 1609m Pace M,184914800,Harness,1609,Pace,23202317,1,Noworries,LOSER,23.05,LOSER,,384.26,44,19,24,22.91,139.19,650,5.3,300,33.94,67.24,,5.1,4.6,4.9,4.92,112.5,23,26,1.07,0.96
2/07/2021,7:49:00 PM,7:50:00 PM,Newcastle,NSW,6,184914799,R6 1609m Pace M,184914800,Harness,1609,Pace,25393995,2,Sunny Town,LOSER,10.2,WINNER,,509.82,9.2,5.3,8.4,7.5,359.65,10.5,1.01,1.09,2,1576.34,,2.44,1.92,2.44,2.21,121.41,7.4,8.4,1.07,0.96
2/07/2021,7:49:00 PM,7:50:00 PM,Newcastle,NSW,6,184914799,R6 1609m Pace M,184914800,Harness,1609,Pace,1081825,3,Clever Cowboy,LOSER,75,LOSER,,117.91,100,60,75,72.24,84.15,720,75,720,168.21,10.34,,8.4,8,8.4,8.12,0.21,65,70,1.07,0.96
2/07/2021,7:49:00 PM,7:50:00 PM,Newcastle,NSW,6,184914799,R6 1609m Pace M,184914800,Harness,1609,Pace,12675281,4,Casual River,LOSER,6.4,LOSER,,931.57,11,6,6.4,6.77,1320.86,690,3.35,100,10.2,344.34,,2.48,2.04,2.04,2.2,200.89,6,6.6,1.07,0.96
2/07/2021,7:49:00 PM,7:50:00 PM,Newcastle,NSW,6,184914799,R6 1609m Pace M,184914800,Harness,1609,Pace,26518303,5,Jodie Podie,WINNER,5.38,WINNER,,827.06,7,4.8,5.2,5.31,960.16,230,4.7,60,7.45,240.27,,2.28,2.02,2.26,2.23,493.31,4.9,5.4,1.07,0.96
2/07/2021,7:49:00 PM,7:50:00 PM,Newcastle,NSW,6,184914799,R6 1609m Pace M,184914800,Harness,1609,Pace,12708282,6,Roll With Annie,LOSER,10.5,LOSER,,670.42,20,10.5,10.5,13.08,329.61,280,8,44,14.95,111.14,,4.1,3,3.2,3.67,48.27,11.5,12.5,1.07,0.96
2/07/2021,7:49:00 PM,7:50:00 PM,Newcastle,NSW,6,184914799,R6 1609m Pace M,184914800,Harness,1609,Pace,5828626,7,Eagle Falls,LOSER,11.34,WINNER,,787.08,16.5,7.2,12,12.42,164.89,230,6.2,7.2,15.9,160.64,,3.2,3,3,3.04,17.84,11.5,14.5,1.07,0.96
2/07/2021,7:49:00 PM,7:50:00 PM,Newcastle,NSW,6,184914799,R6 1609m Pace M,184914800,Harness,1609,Pace,976067,8,Harbour Town,LOSER,66.71,LOSER,,182.9,75,30,75,59.24,106.72,720,65,300,88.86,21.52,,7.6,7.6,7.6,7.6,5.23,48,65,1.07,0.96
2/07/2021,7:49:00 PM,7:50:00 PM,Newcastle,NSW,6,184914799,R6 1609m Pace M,184914800,Harness,1609,Pace,27501198,9,Rocknroll Tony,LOSER,12.02,LOSER,,832.42,14.5,9.4,13,12.25,176.53,280,11.5,230,19.26,118.89,,3.25,2.98,3.2,3.16,179.65,13,14,1.07,0.96
2/07/2021,7:49:00 PM,7:50:00 PM,Newcastle,NSW,6,184914799,R6 1609m Pace M,184914800,Harness,1609,Pace,28596391,10,Rosarito Rock,LOSER,4.68,LOSER,,1020.87,5,4,4.5,4.39,2760.02,690,3.1,230,5.37,478.84,,2.06,1.72,1.87,1.91,353.14,4.2,4.6,1.07,0.96
2/07/2021,8:19:00 PM,8:20:10 PM,Newcastle,NSW,7,184914801,R7 1609m Pace M,184914802,Harness,1609,Pace,40040641,1,Spirit Inside,LOSER,19.47,WINNER,,693.46,26,13.5,19,17.99,383.46,790,20,280,35.52,72.07,,4.6,2.52,2.76,3.15,164.45,19.5,23,1.04,0.99
2/07/2021,8:19:00 PM,8:20:10 PM,Newcastle,NSW,7,184914801,R7 1609m Pace M,184914802,Harness,1609,Pace,40040642,2,Chrissyscreek,LOSER,17.7,LOSER,,520.24,20,13,18,17.26,324.72,900,20,790,88.28,31.52,,2.84,2.66,2.76,2.83,12.82,18,19.5,1.04,0.99
2/07/2021,8:19:00 PM,8:20:10 PM,Newcastle,NSW,7,184914801,R7 1609m Pace M,184914802,Harness,1609,Pace,2594640,3,Flare Up,WINNER,2.12,WINNER,,2434.61,2.56,1.51,2.12,2.15,18156.01,2.5,1.01,1.01,1.6,3702.73,,1.4,1.18,1.32,1.29,616.69,2.12,2.18,1.04,0.99
2/07/2021,8:19:00 PM,8:20:10 PM,Newcastle,NSW,7,184914801,R7 1609m Pace M,184914802,Harness,1609,Pace,40040643,4,Artful Babe,LOSER,87.34,LOSER,,91.15,110,29,65,48.16,164.91,920,27,920,143.22,17.39,,5,4.9,5,4.91,0.3,40,55,1.04,0.99
2/07/2021,8:19:00 PM,8:20:10 PM,Newcastle,NSW,7,184914801,R7 1609m Pace M,184914802,Harness,1609,Pace,40040644,5,Sweetly Spoken,LOSER,38.19,LOSER,,179.75,44,19,36,26.38,315.01,920,29,790,113.44,24.82,,3.5,3.5,3.5,3.5,0.53,23,24,1.04,0.99
2/07/2021,8:19:00 PM,8:20:10 PM,Newcastle,NSW,7,184914801,R7 1609m Pace M,184914802,Harness,1609,Pace,40040645,6,Ideal Mondo,LOSER,2.94,WINNER,,1681.06,5,2.86,2.94,3,6553.88,720,2.24,150,3.11,914.88,,1.52,1.27,1.31,1.35,567.64,2.9,3.05,1.04,0.99
2/07/2021,8:19:00 PM,8:20:10 PM,Newcastle,NSW,7,184914801,R7 1609m Pace M,184914802,Harness,1609,Pace,40040646,7,Pinkromar,LOSER,59.86,LOSER,,116.91,70,32,55,47.78,172.15,920,26,580,181.8,16.19,,6.8,5.4,5.4,5.96,43.5,46,55,1.04,0.99
2/07/2021,8:19:00 PM,8:20:10 PM,Newcastle,NSW,7,184914801,R7 1609m Pace M,184914802,Harness,1609,Pace,40040647,8,Carrara Babe,LOSER,52.03,LOSER,,484.65,90,29,55,46.1,179.9,920,24,740,198.14,13.87,,5.4,5.4,5.4,5.4,0.27,55,60,1.04,0.99
2/07/2021,8:19:00 PM,8:20:10 PM,Newcastle,NSW,7,184914801,R7 1609m Pace M,184914802,Harness,1609,Pace,40040648,9,Shes Lush,LOSER,140.41,LOSER,,50.39,190,60,190,108.42,91,950,65,950,268.54,9.42,,11,10,10.5,10.96,5.24,95,110,1.04,0.99
2/07/2021,8:49:00 PM,8:50:09 PM,Newcastle,NSW,8,184914803,R8 1609m Pace M,184914804,Harness,1609,Pace,11988738,1,Burning Shadows,LOSER,19.19,WINNER,,429.53,44,15.5,19,18.63,235.68,780,10.5,780,22.56,107.5,,4.3,4.3,4.3,4.3,0.04,19.5,26,1.13,0.91
2/07/2021,8:49:00 PM,8:50:09 PM,Newcastle,NSW,8,184914803,R8 1609m Pace M,184914804,Harness,1609,Pace,25284494,2,Sweet Creation,LOSER,7.6,LOSER,,420.57,12,6.8,7.4,7.99,523.55,720,7.6,720,12.21,205.44,,2.8,2.44,2.44,2.44,8.04,7,9.6,1.13,0.91
2/07/2021,8:49:00 PM,8:50:09 PM,Newcastle,NSW,8,184914803,R8 1609m Pace M,184914804,Harness,1609,Pace,8528038,3,Cant Explain It,LOSER,5.6,WINNER,,1079.89,5.3,3.95,4.8,4.48,2989.27,690,3,690,5.05,735.75,,1.87,1.73,1.87,1.87,56,4.5,4.9,1.13,0.91
2/07/2021,8:49:00 PM,8:50:09 PM,Newcastle,NSW,8,184914803,R8 1609m Pace M,184914804,Harness,1609,Pace,30099464,4,Mystic Eagle,LOSER,32,LOSER,,95.17,44,24,32,31.74,163.56,780,10.5,780,25.05,218.66,,5.3,5.3,5.3,5.3,5.04,24,26,1.13,0.91
2/07/2021,8:49:00 PM,8:50:09 PM,Newcastle,NSW,8,184914803,R8 1609m Pace M,184914804,Harness,1609,Pace,13370625,5,Cameos Kiwi,LOSER,14,LOSER,,219.88,14,8.4,13.5,11.46,243.45,780,5.8,780,19.04,92.47,,2.52,2.52,2.52,2.52,0.04,9.8,13,1.13,0.91
2/07/2021,8:49:00 PM,8:50:09 PM,Newcastle,NSW,8,184914803,R8 1609m Pace M,184914804,Harness,1609,Pace,28111709,6,Caymangone,LOSER,21.36,LOSER,,253.31,80,17,21,27.34,332.55,780,3,780,14.9,209.41,,5.6,5,5,5.02,22.56,34,60,1.13,0.91
2/07/2021,8:49:00 PM,8:50:09 PM,Newcastle,NSW,8,184914803,R8 1609m Pace M,184914804,Harness,1609,Pace,22734049,7,Hasler,WINNER,8.6,WINNER,,667.95,9.4,5.8,9.4,8.38,242.61,11,1.01,1.01,1.84,3258.65,,2.7,2.42,2.7,2.52,23.04,6,9.4,1.13,0.91
2/07/2021,8:49:00 PM,8:50:09 PM,Newcastle,NSW,8,184914803,R8 1609m Pace M,184914804,Harness,1609,Pace,25673989,8,Walmara,LOSER,23.85,LOSER,,564.9,38,11.5,34,22.29,157.71,780,10,780,29.07,144.51,,3.3,3.3,3.3,3.3,0.04,19,30,1.13,0.91
2/07/2021,8:49:00 PM,8:50:09 PM,Newcastle,NSW,8,184914803,R8 1609m Pace M,184914804,Harness,1609,Pace,12181960,9,Sunday Sesh,LOSER,5.2,LOSER,,554.56,12,5.1,5.5,6.14,2257.09,720,5.2,720,12.43,178.4,,2.28,2.14,2.16,2.18,54.81,6.6,6.8,1.13,0.91
2/07/2021,8:49:00 PM,8:50:09 PM,Newcastle,NSW,8,184914803,R8 1609m Pace M,184914804,Harness,1609,Pace,1009527,10,Rococo,LOSER,8.32,LOSER,,336.18,8.4,4.7,7.4,6.96,1119.6,690,3.25,340,20.82,205.06,,2.26,1.76,2.2,2.21,18.95,5.9,7,1.13,0.91
2/07/2021,9:19:00 PM,9:20:19 PM,Newcastle,NSW,9,184914805,R9 2030m Pace M,184914806,Harness,2030,Pace,30463808,1,Takeme Tothe Beach,LOSER,6.69,LOSER,,1145.34,9.2,5.7,6.6,7.22,727.31,100,1.9,100,7.7,514.2,,2.54,1.92,2.22,2.08,773.82,7.6,9.6,1.05,0.95
2/07/2021,9:19:00 PM,9:20:19 PM,Newcastle,NSW,9,184914805,R9 2030m Pace M,184914806,Harness,2030,Pace,40040649,2,Jelignite Jack,LOSER,7.21,LOSER,,628.46,7.4,3.5,7.4,5.44,1235.05,26,3,22,9.49,109.16,,2.02,1.84,2,1.99,58.53,6,7.2,1.05,0.95
2/07/2021,9:19:00 PM,9:20:19 PM,Newcastle,NSW,9,184914805,R9 2030m Pace M,184914806,Harness,2030,Pace,40040650,3,Gunfightersghost,LOSER,15.23,WINNER,,522.53,25,15,15.5,17.26,304.67,21,1.81,1.81,9.34,184.45,,3.8,3.3,3.75,3.77,38.9,18,19,1.05,0.95
2/07/2021,9:19:00 PM,9:20:19 PM,Newcastle,NSW,9,184914805,R9 2030m Pace M,184914806,Harness,2030,Pace,28866586,4,Talk About Art,WINNER,17.48,WINNER,,195.9,50,13.5,16.5,21.69,409.07,85,1.8,2.6,15.82,137.26,,5.1,5,5.1,5.01,0.72,26,27,1.05,0.95
2/07/2021,9:19:00 PM,9:20:19 PM,Newcastle,NSW,9,184914805,R9 2030m Pace M,184914806,Harness,2030,Pace,39989687,5,Samuel John,LOSER,3.25,WINNER,,1613.28,5.4,2.84,3.25,3.29,5575.2,30,2.5,2.72,3.17,362.94,,1.5,1.44,1.44,1.46,325.65,3.15,3.3,1.05,0.95
2/07/2021,9:19:00 PM,9:20:19 PM,Newcastle,NSW,9,184914805,R9 2030m Pace M,184914806,Harness,2030,Pace,28309623,6,Major Noah William,LOSER,15,LOSER,,319.32,20,10.5,15,14.71,211.1,100,17.5,17.5,31.96,26.2,,2.86,2.86,2.86,2.86,0.58,11.5,12.5,1.05,0.95
2/07/2021,9:19:00 PM,9:20:19 PM,Newcastle,NSW,9,184914805,R9 2030m Pace M,184914806,Harness,2030,Pace,39378662,7,Codeblue,LOSER,6.14,LOSER,,1120.78,6.2,3.75,6.2,4.8,1562.91,90,4.3,90,7.06,195.5,,1.96,1.64,1.81,1.74,283.71,4.5,4.8,1.05,0.95
2/07/2021,9:19:00 PM,9:20:19 PM,Newcastle,NSW,9,184914805,R9 2030m Pace M,184914806,Harness,2030,Pace,964763,8,Polish Prince,LOSER,44,LOSER,,122.56,44,26,44,34.65,68.87,230,38,140,47.34,19.25,,5.2,4.7,5.2,4.8,0.43,32,36,1.05,0.95
2/07/2021,7:58:00 PM,7:58:40 PM,Northam,WA,1,184925237,R1 2190m Pace M,184925238,Harness,2190,Pace,40040651,1,Cluster Star,WINNER,3.28,WINNER,1.5,1730.72,4.2,2.7,3.35,3.11,3264.88,3.15,1.03,1.03,1.53,1527.13,866.57,1.58,1.43,1.5,1.46,536.3,3.35,3.55,1.04,0.98
2/07/2021,7:58:00 PM,7:58:40 PM,Northam,WA,1,184925237,R1 2190m Pace M,184925238,Harness,2190,Pace,36709320,2,Testarudo,LOSER,5.2,LOSER,1.83,668.59,6.2,4.1,5.6,4.76,1153.33,100,3,85,7.9,55.1,805.01,1.77,1.77,1.77,1.77,1.61,4.4,4.6,1.04,0.98
2/07/2021,7:58:00 PM,7:58:40 PM,Northam,WA,1,184925237,R1 2190m Pace M,184925238,Harness,2190,Pace,7225775,3,Courage To Dance,LOSER,288.58,WINNER,53,34.29,400,100,400,192.07,82.99,700,2.02,100,10.65,53.81,35.78,12.5,11,12.5,11.64,0.16,180,190,1.04,0.98
2/07/2021,7:58:00 PM,7:58:40 PM,Northam,WA,1,184925237,R1 2190m Pace M,184925238,Harness,2190,Pace,28719631,4,Follow My Stride,LOSER,8.62,LOSER,3.05,735.53,17.5,8.4,8.6,9.96,600.34,290,4.4,290,23.9,40.63,408.22,3,2.62,3,2.91,10.4,8.6,9.2,1.04,0.98
2/07/2021,7:58:00 PM,7:58:40 PM,Northam,WA,1,184925237,R1 2190m Pace M,184925238,Harness,2190,Pace,24154807,5,Magical Mysty,LOSER,72.25,LOSER,23.84,74.98,100,55,75,67.88,49.92,720,75,720,155.58,3.48,78.09,40,8.6,29,22.18,1.62,55,60,1.04,0.98
2/07/2021,7:58:00 PM,7:58:40 PM,Northam,WA,1,184925237,R1 2190m Pace M,184925238,Harness,2190,Pace,37801178,6,Sleek And Sweet,LOSER,11.68,LOSER,3.37,328.72,12,9.6,12,10.49,211.45,170,9.8,120,24.08,46.73,397.84,3.2,2.76,3.2,2.95,18.76,9.8,10.5,1.04,0.98
2/07/2021,7:58:00 PM,7:58:40 PM,Northam,WA,1,184925237,R1 2190m Pace M,184925238,Harness,2190,Pace,8077601,7,Flash Mob,LOSER,7.56,WINNER,2.46,519.28,10.5,7,7.4,8.07,362.72,110,6.8,100,21.2,25.3,603.81,2.56,2.2,2.36,2.28,448.65,8.4,8.8,1.04,0.98
2/07/2021,7:58:00 PM,7:58:40 PM,Northam,WA,1,184925237,R1 2190m Pace M,184925238,Harness,2190,Pace,31814386,8,Foxy Rose,LOSER,8.25,LOSER,2.66,476.63,10.5,8.2,8.4,9.05,246.39,230,4.7,230,41.93,56.47,641.43,2.6,2.6,2.6,2.6,10.9,9.4,9.6,1.04,0.98
2/07/2021,7:58:00 PM,7:58:40 PM,Northam,WA,1,184925237,R1 2190m Pace M,184925238,Harness,2190,Pace,39387726,9,American Dutchess,LOSER,34.28,LOSER,6.52,130.32,46,18,44,24.38,133.81,300,26,300,76.16,10.99,307.14,5.2,3.95,5.2,4.78,7.74,28,32,1.04,0.98
2/07/2021,7:58:00 PM,7:58:40 PM,Northam,WA,1,184925237,R1 2190m Pace M,184925238,Harness,2190,Pace,38461370,10,Batavia Streamline,LOSER,191.32,LOSER,63.03,41.52,230,100,200,154.82,28.85,700,30,700,92.83,5.84,30.1,13.5,13.5,13.5,13.5,0.2,110,150,1.04,0.98
2/07/2021,8:25:00 PM,8:25:48 PM,Northam,WA,2,184925239,R2 1780m Pace M,184925240,Harness,1780,Pace,5178912,1,Royal Order,LOSER,3.96,WINNER,1.5,1121.1,5.7,3.8,4,4.25,1516.49,100,2.5,100,5.6,173.73,1160.22,1.83,1.52,1.52,1.71,4.51,4.2,4.3,1.02,0.98
2/07/2021,8:25:00 PM,8:25:48 PM,Northam,WA,2,184925239,R2 1780m Pace M,184925240,Harness,1780,Pace,19951073,2,King Memphis,LOSER,44,WINNER,4.61,68.67,60,25,44,40.89,28.78,720,8,510,30.4,38.5,437.82,5.3,3.4,5,4.93,56.83,36,46,1.02,0.98
2/07/2021,8:25:00 PM,8:25:48 PM,Northam,WA,2,184925239,R2 1780m Pace M,184925240,Harness,1780,Pace,27943967,3,Mybrotherskeeper,LOSER,22.43,LOSER,3.9,169.75,27,11,27,18.98,44.01,720,7.4,720,71.73,10.45,144.23,3.05,3.05,3.05,3.05,0.04,18,19,1.02,0.98
2/07/2021,8:25:00 PM,8:25:48 PM,Northam,WA,2,184925239,R2 1780m Pace M,184925240,Harness,1780,Pace,39610841,4,The Monies On,LOSER,10.68,LOSER,2.57,647.41,12.5,8.4,11,10.26,142.2,890,6.8,890,67.2,65.21,660.94,2.5,2.5,2.5,2.5,0.1,11.5,12.5,1.02,0.98
2/07/2021,8:25:00 PM,8:25:48 PM,Northam,WA,2,184925239,R2 1780m Pace M,184925240,Harness,1780,Pace,9124802,5,Cordoring Road,LOSER,30,LOSER,6.85,146.8,34,27,32,31.41,60.12,720,7.2,720,49.57,12.69,41.22,4.5,4.5,4.5,4.5,0.06,30,32,1.02,0.98
2/07/2021,8:25:00 PM,8:25:48 PM,Northam,WA,2,184925239,R2 1780m Pace M,184925240,Harness,1780,Pace,28424746,6,Stars Of Gold,LOSER,100,LOSER,16.5,18.25,110,70,100,99.51,2.87,630,7.6,100,77.09,9.04,68.62,16.5,7.8,16.5,16.16,1,70,90,1.02,0.98
2/07/2021,8:25:00 PM,8:25:48 PM,Northam,WA,2,184925239,R2 1780m Pace M,184925240,Harness,1780,Pace,39594438,7,Robo Reactor,LOSER,32,LOSER,6.4,106.02,48,26,34,34.72,44.72,910,7.4,910,105.5,8.08,138.86,4.9,4.9,4.9,4.9,0.04,40,48,1.02,0.98
2/07/2021,8:25:00 PM,8:25:48 PM,Northam,WA,2,184925239,R2 1780m Pace M,184925240,Harness,1780,Pace,1114212,8,Make It Quick,WINNER,1.98,WINNER,1.2,3175.95,2.3,1.94,1.98,2,3841.3,2.24,1.01,1.02,1.17,2358.83,1617.72,1.3,1.19,1.19,1.2,46.96,1.97,1.98,1.02,0.98
2/07/2021,8:25:00 PM,8:25:48 PM,Northam,WA,2,184925239,R2 1780m Pace M,184925240,Harness,1780,Pace,39877292,9,Thats So Fetch,LOSER,345.89,LOSER,38.18,15.37,410,90,390,241.98,15.06,720,600,720,670,0.56,41.11,13,13,13,13,0.04,95,170,1.02,0.98
2/07/2021,8:25:00 PM,8:25:48 PM,Northam,WA,2,184925239,R2 1780m Pace M,184925240,Harness,1780,Pace,28392401,10,Star Of Madonna,LOSER,68,LOSER,12.39,62.4,75,38,75,71.06,3.77,720,7.4,720,100.16,6.13,41.7,21,5.3,12.5,12.25,1.91,40,50,1.02,0.98
2/07/2021,8:56:00 PM,8:56:34 PM,Northam,WA,3,184925241,R3 2190m Pace M,184925242,Harness,2190,Pace,28223614,1,Hurrikane Coffee,LOSER,36.42,LOSER,13.05,105.69,36,21,30,28.28,17.08,920,36,920,268.49,12.06,21.72,3.55,3.55,3.55,3.55,0.04,21,38,1.09,0.98
2/07/2021,8:56:00 PM,8:56:34 PM,Northam,WA,3,184925241,R3 2190m Pace M,184925242,Harness,2190,Pace,28286721,2,Party Boy Freddy,LOSER,80,LOSER,20.31,49.47,65,44,65,55.61,11.22,720,60,720,168.21,10.92,93.42,6.6,6.6,6.6,6.6,0.05,44,50,1.09,0.98
2/07/2021,8:56:00 PM,8:56:34 PM,Northam,WA,3,184925241,R3 2190m Pace M,184925242,Harness,2190,Pace,27767786,3,Sanford Harry,LOSER,5.13,WINNER,1.97,811.77,6,4.8,5.1,5.09,649.29,32,3.8,24,7.53,99.06,804.3,2,1.85,2,1.92,0.08,4.9,5.3,1.09,0.98
2/07/2021,8:56:00 PM,8:56:34 PM,Northam,WA,3,184925241,R3 2190m Pace M,184925242,Harness,2190,Pace,38461371,4,Navajo Outawagga,LOSER,8,LOSER,2.69,590.15,10.5,5.3,8.4,6.94,416.78,720,3.55,290,35.34,104.22,585.47,2.58,2.34,2.36,2.53,31.54,7,7.8,1.09,0.98
2/07/2021,8:56:00 PM,8:56:34 PM,Northam,WA,3,184925241,R3 2190m Pace M,184925242,Harness,2190,Pace,13628850,5,Wilkins Medinahall,LOSER,11.92,LOSER,3.55,368.46,19,11.5,13.5,15.89,89.51,230,8.6,230,17.08,98.21,256.35,2.5,2.26,2.5,2.3,43.43,12,15,1.09,0.98
2/07/2021,8:56:00 PM,8:56:34 PM,Northam,WA,3,184925241,R3 2190m Pace M,184925242,Harness,2190,Pace,23314786,6,Star In Art,LOSER,2.93,LOSER,1.54,1284.91,3.5,2.82,2.82,2.97,2323.67,720,1.84,690,3.37,1049.54,1090.4,1.65,1.51,1.51,1.6,97.66,2.92,2.98,1.09,0.98
2/07/2021,8:56:00 PM,8:56:34 PM,Northam,WA,3,184925241,R3 2190m Pace M,184925242,Harness,2190,Pace,28596448,7,I Work Out,LOSER,40.26,LOSER,8.75,131.43,85,42,44,49.63,30.8,720,38,720,100.41,15.21,205.04,6,6,6,6,0.48,42,46,1.09,0.98
2/07/2021,8:56:00 PM,8:56:34 PM,Northam,WA,3,184925241,R3 2190m Pace M,184925242,Harness,2190,Pace,24798298,8,Tenacious George,WINNER,7.04,WINNER,2.34,502.11,8.8,5.3,6.8,6.5,1046.58,9,1.03,1.03,1.62,2032.62,677.2,2.74,2.12,2.48,2.17,305.23,6.4,7.2,1.09,0.98
2/07/2021,8:56:00 PM,8:56:34 PM,Northam,WA,3,184925241,R3 2190m Pace M,184925242,Harness,2190,Pace,25101810,9,Sports Central,LOSER,66.03,WINNER,15.83,56.61,65,38,65,51.12,1.08,880,18.5,720,58.08,14.64,109.94,29,5.5,29,14.01,2.07,38,55,1.09,0.98
2/07/2021,8:56:00 PM,8:56:34 PM,Northam,WA,3,184925241,R3 2190m Pace M,184925242,Harness,2190,Pace,27346384,10,Thunder Jolt,LOSER,34.45,LOSER,15.4,126.05,38,26,30,30.03,160.54,720,26,720,40.3,39.69,54.52,32,5.9,13.5,13.71,2.49,28,30,1.09,0.98
2/07/2021,9:27:00 PM,9:27:44 PM,Northam,WA,4,184925243,R4 2190m Pace M,184925244,Harness,2190,Pace,32828537,1,Isaidboo,LOSER,13.82,LOSER,3.4,259.33,22,12.5,13.5,15.39,462.05,720,6.8,420,50.8,105.63,583.82,3.9,3.85,3.85,3.85,8.73,14,14.5,1.03,0.98
2/07/2021,9:27:00 PM,9:27:44 PM,Northam,WA,4,184925243,R4 2190m Pace M,184925244,Harness,2190,Pace,11866380,2,American Voodoo,LOSER,13.5,LOSER,4.58,263.97,38,11.5,13.5,17.17,1139.44,420,8.2,190,33.77,27.94,257.19,4.6,3.8,3.8,4.09,10.24,15.5,16.5,1.03,0.98
2/07/2021,9:27:00 PM,9:27:44 PM,Northam,WA,4,184925243,R4 2190m Pace M,184925244,Harness,2190,Pace,22136842,3,Hilo Tyson,LOSER,8.64,WINNER,2.76,426.57,8.8,6.4,8,7.79,757.47,23,1.96,4,3.83,412.6,405.24,2.54,2.44,2.54,2.46,212.45,7.4,7.6,1.03,0.98
2/07/2021,9:27:00 PM,9:27:44 PM,Northam,WA,4,184925243,R4 2190m Pace M,184925244,Harness,2190,Pace,17344772,4,Allthewaytoroyalty,LOSER,10.36,LOSER,3.23,385.44,12.5,5.8,9.8,8.91,242.47,420,4.5,190,16.78,59.65,285.83,2.68,2.66,2.68,2.67,0.04,9,9.8,1.03,0.98
2/07/2021,9:27:00 PM,9:27:44 PM,Northam,WA,4,184925243,R4 2190m Pace M,184925244,Harness,2190,Pace,14580800,5,Fortunate Adda,LOSER,4.57,LOSER,1.94,976,6.2,3.55,4.3,4.1,2602.69,720,4.3,690,8.22,248.15,844.42,2.14,1.8,1.94,1.92,256.5,3.95,4.1,1.03,0.98
2/07/2021,9:27:00 PM,9:27:44 PM,Northam,WA,4,184925243,R4 2190m Pace M,184925244,Harness,2190,Pace,23698208,6,Miss Pocket Rocket,LOSER,108.21,LOSER,58.03,60.17,90,42,90,65.43,51.18,930,60,720,202.05,12.29,31,120,9.2,19.5,43.52,1.9,70,85,1.03,0.98
2/07/2021,9:27:00 PM,9:27:44 PM,Northam,WA,4,184925243,R4 2190m Pace M,184925244,Harness,2190,Pace,22656207,7,Elsu You,WINNER,7.55,WINNER,2.88,490.9,9,7.4,7.8,8.21,305.16,12,1.05,1.12,2.68,605.83,497.36,2.56,2.5,2.56,2.5,0.72,8.4,9,1.03,0.98
2/07/2021,9:27:00 PM,9:27:44 PM,Northam,WA,4,184925243,R4 2190m Pace M,184925244,Harness,2190,Pace,11224780,8,Dontch Remember,LOSER,74.24,LOSER,29.02,69.31,50,38,50,41.85,77.91,930,18.5,720,105.23,13.04,63.26,55,7.2,15.5,24.28,2.92,40,42,1.03,0.98
2/07/2021,9:27:00 PM,9:27:44 PM,Northam,WA,4,184925243,R4 2190m Pace M,184925244,Harness,2190,Pace,12714412,9,Sammy Strikes,LOSER,23.07,LOSER,5.98,133.17,21,11,18.5,18.12,111.34,720,21,300,42.82,22.93,122.6,3.75,3.7,3.75,3.7,0.42,19,19.5,1.03,0.98
2/07/2021,9:27:00 PM,9:27:44 PM,Northam,WA,4,184925243,R4 2190m Pace M,184925244,Harness,2190,Pace,40040652,10,Ocean Beach,LOSER,5.1,WINNER,1.91,775.04,8.2,4.7,5.2,5.74,1550.29,720,4,720,17.22,54.65,808.73,2.14,1.9,2.06,1.96,45.71,5.4,5.6,1.03,0.98
2/07/2021,9:55:00 PM,9:55:47 PM,Northam,WA,5,184925245,R5 2190m Pace M,184925246,Harness,2190,Pace,24152770,1,Girlfromdandalup,LOSER,29.27,WINNER,3.95,154.68,44,18.5,28,28.16,96.39,150,9.8,110,30.14,42.43,107.53,3.5,2.98,3,3.06,110.92,25,30,1.03,0.98
2/07/2021,9:55:00 PM,9:55:47 PM,Northam,WA,5,184925245,R5 2190m Pace M,184925246,Harness,2190,Pace,12897522,2,Bailey Major,LOSER,422.55,LOSER,57.07,30.7,740,200,570,353.4,18.72,,,,,,13.98,16.5,16.5,16.5,16.5,1.02,270,540,1.03,0.98
2/07/2021,9:55:00 PM,9:55:47 PM,Northam,WA,5,184925245,R5 2190m Pace M,184925246,Harness,2190,Pace,1004461,3,Bells Fool,LOSER,44.14,LOSER,6.65,93.71,130,40,40,62.72,165.01,720,42,720,85.19,16.73,124.95,5,4.9,5,5,3.32,55,60,1.03,0.98
2/07/2021,9:55:00 PM,9:55:47 PM,Northam,WA,5,184925245,R5 2190m Pace M,184925246,Harness,2190,Pace,39160991,4,Miss Taken,WINNER,1.56,WINNER,1.12,2904.68,2.3,1.5,1.56,1.56,15497.78,2,1.03,1.03,1.24,4149.07,1981.61,1.14,1.12,1.14,1.12,542.49,1.59,1.62,1.03,0.98
2/07/2021,9:55:00 PM,9:55:47 PM,Northam,WA,5,184925245,R5 2190m Pace M,184925246,Harness,2190,Pace,38415676,5,Bazza Mac,LOSER,14.5,LOSER,2.75,397.19,17.5,13,14,14.43,568.17,230,10.5,230,24.69,58.1,447.45,7.8,2.7,3,3.1,349.5,13.5,14,1.03,0.98
2/07/2021,9:55:00 PM,9:55:47 PM,Northam,WA,5,184925245,R5 2190m Pace M,184925246,Harness,2190,Pace,6149674,6,Changingoftheguard,LOSER,24.56,LOSER,3.14,90.92,30,15,25,17.67,338.8,230,6.8,230,20.94,66.5,220.64,3.5,2.82,2.84,3.04,53.6,24,28,1.03,0.98
2/07/2021,9:55:00 PM,9:55:47 PM,Northam,WA,5,184925245,R5 2190m Pace M,184925246,Harness,2190,Pace,27627478,7,Miracle Max,LOSER,38,LOSER,6.14,100.06,46,28,42,37.4,54.15,720,55,720,119.31,7.51,321.35,4.3,4.3,4.3,4.3,4.06,32,36,1.03,0.98
2/07/2021,9:55:00 PM,9:55:47 PM,Northam,WA,5,184925245,R5 2190m Pace M,184925246,Harness,2190,Pace,29058675,8,Riverina Flash,LOSER,7.09,WINNER,1.75,435.02,7.6,3.9,7,6.02,367.04,90,4.1,90,8.14,228.28,632.44,1.66,1.54,1.62,1.64,33.52,5.6,5.9,1.03,0.98
2/07/2021,9:55:00 PM,9:55:47 PM,Northam,WA,5,184925245,R5 2190m Pace M,184925246,Harness,2190,Pace,5139043,9,Glowing Report,LOSER,254.32,LOSER,14.58,21.78,220,150,160,190.64,18.23,900,190,890,323.7,7.37,110.21,9.4,9.4,9.4,9.4,1.74,160,210,1.03,0.98
2/07/2021,9:55:00 PM,9:55:47 PM,Northam,WA,5,184925245,R5 2190m Pace M,184925246,Harness,2190,Pace,16407904,10,Im Decadent,LOSER,584.18,LOSER,711.87,10.28,500,200,250,271.75,12.18,990,480,950,619.87,10.44,0.22,360,13.5,70,56.26,1.44,230,290,1.03,0.98
2/07/2021,10:32:00 PM,10:32:53 PM,Northam,WA,6,184925247,R6 1780m Pace M,184925248,Harness,1780,Pace,25990483,1,Tevarich,LOSER,18.83,LOSER,2.72,624.3,29,14,20,21.8,236.36,720,5.2,720,33.79,121.79,176.76,3.55,2.4,2.72,2.6,268.24,24,29,1.04,0.99
2/07/2021,10:32:00 PM,10:32:53 PM,Northam,WA,6,184925247,R6 1780m Pace M,184925248,Harness,1780,Pace,34137191,2,Smooth Rye,WINNER,1.45,WINNER,1.14,4004.47,1.74,1.4,1.42,1.45,16534.56,3.05,1.01,1.01,1.41,9589.24,1493.08,1.15,1.09,1.13,1.12,607.75,1.47,1.48,1.04,0.99
2/07/2021,10:32:00 PM,10:32:53 PM,Northam,WA,6,184925247,R6 1780m Pace M,184925248,Harness,1780,Pace,11933195,3,Sebastiens Lad,LOSER,609.96,LOSER,859.09,18.64,490,230,490,386.29,2.46,990,100,600,584.98,19.28,0.29,990,13.5,990,498.77,0.48,230,370,1.04,0.99
2/07/2021,10:32:00 PM,10:32:53 PM,Northam,WA,6,184925247,R6 1780m Pace M,184925248,Harness,1780,Pace,15326565,4,Bountiful Reactor,LOSER,7.78,LOSER,1.69,773.95,10,6.6,7.8,7.72,1690.94,230,1.59,230,11.51,287.22,1043.8,1.77,1.66,1.69,1.71,731.5,6.6,7,1.04,0.99
2/07/2021,10:32:00 PM,10:32:53 PM,Northam,WA,6,184925247,R6 1780m Pace M,184925248,Harness,1780,Pace,11323860,5,Thejewelinhereye,LOSER,56.93,LOSER,6,79.55,60,30,60,47.17,19.11,920,19.5,920,77.15,15.71,226.84,8,4.1,8,4.17,27.84,36,42,1.04,0.99
2/07/2021,10:32:00 PM,10:32:53 PM,Northam,WA,6,184925247,R6 1780m Pace M,184925248,Harness,1780,Pace,17551822,6,Here Comes Sharkie,LOSER,230,WINNER,13.3,14.31,230,95,230,131.14,41.27,960,65,960,250.41,8.82,,9.8,6,9.8,8.69,4.28,95,110,1.04,0.99
2/07/2021,10:32:00 PM,10:32:53 PM,Northam,WA,6,184925247,R6 1780m Pace M,184925248,Harness,1780,Pace,28307023,7,Our Surrogate,LOSER,34,LOSER,4.03,156.17,42,25,38,30.75,44.95,480,18,480,71.41,18.82,472.94,5.2,2.96,3,3.23,85.35,30,38,1.04,0.99
2/07/2021,10:32:00 PM,10:32:53 PM,Northam,WA,6,184925247,R6 1780m Pace M,184925248,Harness,1780,Pace,18739879,8,Toto Picasso,LOSER,153.99,LOSER,15.98,36.73,150,60,150,84.82,18.27,960,55,960,198.29,9.48,117,970,5.8,13.5,11.05,7.32,65,90,1.04,0.99
2/07/2021,10:32:00 PM,10:32:53 PM,Northam,WA,6,184925247,R6 1780m Pace M,184925248,Harness,1780,Pace,10199476,9,Just A Legend,LOSER,432.8,LOSER,601.56,20.29,340,200,340,260.92,7.06,990,85,85,362.09,25.89,0.09,980,13.5,70,196.21,0.26,230,280,1.04,0.99
2/07/2021,10:32:00 PM,10:32:53 PM,Northam,WA,6,184925247,R6 1780m Pace M,184925248,Harness,1780,Pace,27857976,10,Star Of The Class,LOSER,23.96,WINNER,2.63,202.43,22,9.2,22,14.93,131.87,480,6,480,23.3,67.49,511.59,2.5,2.18,2.28,2.2,45.16,15,16.5,1.04,0.99
2/07/2021,11:05:00 PM,11:05:49 PM,Northam,WA,7,184925249,R7 2190m Pace M,184925250,Harness,2190,Pace,37467857,2,Paroquet,WINNER,6.2,WINNER,2.2,594.96,7.6,4.6,6.4,5.93,2103.47,12,1.02,1.05,1.97,702.44,818.26,2.26,1.93,2.26,2.08,72.86,6.6,7,1.03,0.98
2/07/2021,11:05:00 PM,11:05:49 PM,Northam,WA,7,184925249,R7 2190m Pace M,184925250,Harness,2190,Pace,39989769,3,Velvet Shadow,LOSER,35.5,LOSER,7.68,211.49,50,22,22,28.13,430.26,230,13,150,40.9,20.58,,5.3,5.3,5.3,5.3,5.52,25,29,1.03,0.98
2/07/2021,11:05:00 PM,11:05:49 PM,Northam,WA,7,184925249,R7 2190m Pace M,184925250,Harness,2190,Pace,36341801,4,Classnsmart,LOSER,14.65,WINNER,3.6,443.77,28,11.5,16,15.04,701.62,230,1.6,90,8.52,197.48,211.31,3.8,3.6,3.65,3.67,30.44,16,16.5,1.03,0.98
2/07/2021,11:05:00 PM,11:05:49 PM,Northam,WA,7,184925249,R7 2190m Pace M,184925250,Harness,2190,Pace,39877283,5,Lil Delight,LOSER,28.97,LOSER,5.5,118.7,36,19,34,30.02,107.62,1000,26,1000,320.04,22.28,222.05,5.7,5,5.7,5.66,9.98,32,34,1.03,0.98
2/07/2021,11:05:00 PM,11:05:49 PM,Northam,WA,7,184925249,R7 2190m Pace M,184925250,Harness,2190,Pace,33045706,6,Torrevean Veloce,LOSER,13.71,LOSER,3.9,218.35,19.5,12,12.5,15.13,962.49,720,13,720,112.06,44.09,184.34,4,3.8,4,3.95,34.02,14.5,15,1.03,0.98
2/07/2021,11:05:00 PM,11:05:49 PM,Northam,WA,7,184925249,R7 2190m Pace M,184925250,Harness,2190,Pace,40040653,7,Our Glowing Star,LOSER,18.5,LOSER,5.83,209.21,22,15.5,16,17.63,631.54,230,8,230,20.95,48.07,325.72,3.8,3.45,3.8,3.52,0.52,17.5,19,1.03,0.98
2/07/2021,11:05:00 PM,11:05:49 PM,Northam,WA,7,184925249,R7 2190m Pace M,184925250,Harness,2190,Pace,8097792,8,Diamond Daze,LOSER,14.5,WINNER,4.35,242.44,17,9.4,14.5,13.1,625.79,230,7.8,100,19.87,38.99,436.16,3.45,2.98,3.1,3.1,16.87,13.5,14,1.03,0.98
2/07/2021,11:05:00 PM,11:05:49 PM,Northam,WA,7,184925249,R7 2190m Pace M,184925250,Harness,2190,Pace,37467860,9,Rusinol,LOSER,2.67,LOSER,1.43,1554.79,3.4,2.24,2.6,2.55,11122.57,960,2.2,960,8.93,459.27,1045.61,1.48,1.33,1.37,1.4,251.48,2.44,2.56,1.03,0.98
2/07/2021,11:05:00 PM,11:05:49 PM,Northam,WA,7,184925249,R7 2190m Pace M,184925250,Harness,2190,Pace,40040654,10,Silent Reaction,LOSER,7.11,LOSER,2.28,717.09,8.8,6,8,7.1,2625.31,230,5.4,140,9.82,132.22,399.51,2.64,2.16,2.36,2.23,1141.83,7.4,7.8,1.03,0.98
2/07/2021,11:35:00 PM,11:39:50 PM,Northam,WA,8,184925251,R8 2190m Pace M,184925252,Harness,2190,Pace,39150267,1,Shes A Lucky Evie,LOSER,4.3,LOSER,1.58,1592.49,5.5,2.92,4.3,3.69,10166.66,230,2.9,230,5.7,426.68,550.21,1.93,1.4,1.56,1.53,760.62,3.6,3.75,1.03,0.97
2/07/2021,11:35:00 PM,11:39:50 PM,Northam,WA,8,184925251,R8 2190m Pace M,184925252,Harness,2190,Pace,27627474,2,Time To Be Me,LOSER,4.4,LOSER,1.97,1337.34,6,4.2,4.8,4.68,3576.5,230,2.78,230,6.28,595.48,1433.3,2.6,1.69,1.91,1.86,450.4,5,5.2,1.03,0.97
2/07/2021,11:35:00 PM,11:39:50 PM,Northam,WA,8,184925251,R8 2190m Pace M,184925252,Harness,2190,Pace,38989508,3,Rufusbrandy,WINNER,3.78,WINNER,1.55,1247.9,5.2,3.35,3.6,3.81,4905.37,4.8,1.01,1.02,1.38,3124.56,1230.92,1.97,1.48,1.53,1.55,279.69,3.5,3.85,1.03,0.97
2/07/2021,11:35:00 PM,11:39:50 PM,Northam,WA,8,184925251,R8 2190m Pace M,184925252,Harness,2190,Pace,38014155,5,Layla Bells,LOSER,88.51,LOSER,24.5,75.92,150,85,95,122.7,43.55,500,85,500,161.45,7.7,,13,10.5,13,13,30.04,90,140,1.03,0.97
2/07/2021,11:35:00 PM,11:39:50 PM,Northam,WA,8,184925251,R8 2190m Pace M,184925252,Harness,2190,Pace,38761695,6,Bathtime,LOSER,396.49,LOSER,28,63.78,630,140,150,202.86,48.96,990,260,480,394.48,22.7,10.17,19.5,12.5,14.5,13.92,31.32,240,260,1.03,0.97
2/07/2021,11:35:00 PM,11:39:50 PM,Northam,WA,8,184925251,R8 2190m Pace M,184925252,Harness,2190,Pace,35382079,7,Lilly Laguna,LOSER,14,WINNER,3.16,284.08,16.5,5.5,14,11.95,1636.41,720,5.1,720,108.87,20.53,278.24,3.25,2.76,3.1,3.11,43.65,11.5,12,1.03,0.97
2/07/2021,11:35:00 PM,11:39:50 PM,Northam,WA,8,184925251,R8 2190m Pace M,184925252,Harness,2190,Pace,39387730,8,Batavia Jane,LOSER,11.92,LOSER,3.35,586.57,15.5,5.9,12.5,11.85,1969.02,230,13.5,230,42.18,25.85,282.78,2.8,2.76,2.76,2.76,18.04,11.5,12.5,1.03,0.97
2/07/2021,11:35:00 PM,11:39:50 PM,Northam,WA,8,184925251,R8 2190m Pace M,184925252,Harness,2190,Pace,24441949,9,Whitney Whitby,LOSER,94.88,WINNER,16.7,101.45,110,30,95,80.57,76.15,1000,90,1000,126.54,17.79,,10,7.6,9.4,9.72,60.1,60,100,1.03,0.97
2/07/2021,11:35:00 PM,11:39:50 PM,Northam,WA,8,184925251,R8 2190m Pace M,184925252,Harness,2190,Pace,40040655,10,Whoz This,LOSER,10.45,LOSER,3.11,447.92,40,10,11.5,14.05,1038.16,230,10,150,24.67,61.38,192.46,3.55,2.94,3,3.16,19.2,15.5,16,1.03,0.97
2/07/2021,12:12:00 AM,12:12:44 AM,Northam,WA,9,184925253,R9 2190m Pace M,184925254,Harness,2190,Pace,39395804,1,Cutting Roses,LOSER,3.85,LOSER,2.14,1283.1,3.75,2.22,3.6,3.23,1986.98,90,2,90,3.05,619.24,684.14,1.66,1.44,1.66,1.46,0.51,3.3,3.45,1.02,0.97
2/07/2021,12:12:00 AM,12:12:44 AM,Northam,WA,9,184925253,R9 2190m Pace M,184925254,Harness,2190,Pace,40040657,3,Dustyroads,WINNER,4.13,WINNER,2.16,864.32,4.5,3.6,4.1,4.04,1825.52,7.4,1.03,1.03,1.74,1345.35,775.33,2.3,2,2,2.01,10.11,4,4.2,1.02,0.97
2/07/2021,12:12:00 AM,12:12:44 AM,Northam,WA,9,184925253,R9 2190m Pace M,184925254,Harness,2190,Pace,40040658,4,Pacific Eagle,LOSER,10.17,LOSER,3.98,249.62,14,8.8,9,10.49,1216.74,140,7.8,140,14.95,69.39,424.96,4,3.25,4,3.65,23.85,11,12,1.02,0.97
2/07/2021,12:12:00 AM,12:12:44 AM,Northam,WA,9,184925253,R9 2190m Pace M,184925254,Harness,2190,Pace,704838,5,Regimental Star,LOSER,3.13,WINNER,2.01,1792.3,6.4,2.96,3.05,3.35,6628.08,100,2.24,100,3.8,326.3,734.02,1.66,1.65,1.66,1.66,15.56,3.05,3.2,1.02,0.97
2/07/2021,12:12:00 AM,12:12:44 AM,Northam,WA,9,184925253,R9 2190m Pace M,184925254,Harness,2190,Pace,40040659,6,Hilo Louisa,LOSER,18.27,LOSER,14.07,179.88,25,13.5,17,18.08,702.93,140,8.8,140,22.18,40.33,68.38,24,5.4,24,6.51,198.28,19,20,1.02,0.97
2/07/2021,7:10:00 PM,7:10:52 PM,Parkes,NSW,1,184915310,R1 2040m Pace M,184915311,Harness,2040,Pace,28279757,1,Royalhotshot,WINNER,3.63,WINNER,,862.66,4.1,3,3.15,3.55,3225.91,3.7,1.01,1.01,1.92,3131.94,,1.79,1.25,1.78,1.64,194.97,3.3,4,1.06,0.94
2/07/2021,7:10:00 PM,7:10:52 PM,Parkes,NSW,1,184915310,R1 2040m Pace M,184915311,Harness,2040,Pace,17311111,2,Caesars Rockstar,LOSER,20.94,LOSER,,267.77,44,23,23,29.53,69.72,720,13.5,300,29.72,56.76,,6.4,6.4,6.4,6.4,0.04,29,30,1.06,0.94
2/07/2021,7:10:00 PM,7:10:52 PM,Parkes,NSW,1,184915310,R1 2040m Pace M,184915311,Harness,2040,Pace,39678914,3,Milliondollarlill,LOSER,98.22,LOSER,,78.47,150,44,150,89.96,25.28,720,30,300,97.36,20.45,,9,9,9,9,0.04,70,100,1.06,0.94
2/07/2021,7:10:00 PM,7:10:52 PM,Parkes,NSW,1,184915310,R1 2040m Pace M,184915311,Harness,2040,Pace,23814276,4,Maudies Delight,LOSER,17.24,WINNER,,299.4,25,16,18,17.78,170.44,720,21,720,46.6,13.51,,4.6,3.7,4.5,4.55,8.72,18,19,1.06,0.94
2/07/2021,7:10:00 PM,7:10:52 PM,Parkes,NSW,1,184915310,R1 2040m Pace M,184915311,Harness,2040,Pace,28350672,5,Nicky Brook,LOSER,17.05,LOSER,,312.03,22,10.5,16,14.87,164.07,910,16,710,73.59,31.45,,4.1,3.55,4,3.77,15.43,14,16,1.06,0.94
2/07/2021,7:10:00 PM,7:10:52 PM,Parkes,NSW,1,184915310,R1 2040m Pace M,184915311,Harness,2040,Pace,39528423,6,Caribbean Pat,LOSER,4.94,LOSER,,1316.69,7.6,4.9,5,5.39,808.23,720,3.6,290,8.12,318.93,,2.68,2.08,2.64,2.56,183.93,5.3,5.7,1.06,0.94
2/07/2021,7:10:00 PM,7:10:52 PM,Parkes,NSW,1,184915310,R1 2040m Pace M,184915311,Harness,2040,Pace,27078533,7,Gotta Kick,LOSER,8.6,LOSER,,446.63,11.5,6.2,8.6,8.06,156.74,890,5.3,720,25.18,112.42,,2.22,2.2,2.22,2.22,0.89,8.2,10,1.06,0.94
2/07/2021,7:10:00 PM,7:10:52 PM,Parkes,NSW,1,184915310,R1 2040m Pace M,184915311,Harness,2040,Pace,2831572,8,Sharp Shooter,LOSER,7.74,WINNER,,672.66,7.4,4.5,7.4,6,615.78,720,3,150,5.83,346.6,,2.26,1.97,2.26,2.13,83.69,5.8,6,1.06,0.94
2/07/2021,7:10:00 PM,7:10:52 PM,Parkes,NSW,1,184915310,R1 2040m Pace M,184915311,Harness,2040,Pace,19651119,9,Future Fun,LOSER,46.91,LOSER,,90.89,55,34,48,37.52,51.46,720,50,720,123.02,7.56,,5.7,5.7,5.7,5.7,0.96,38,50,1.06,0.94
2/07/2021,7:10:00 PM,7:10:52 PM,Parkes,NSW,1,184915310,R1 2040m Pace M,184915311,Harness,2040,Pace,40041920,10,Why Nott,LOSER,14,LOSER,,356.96,17.5,10,15,14.15,347.26,720,10,720,21.93,48.27,,3.1,3.05,3.1,3.1,0.79,13.5,14.5,1.06,0.94
2/07/2021,7:35:00 PM,7:38:46 PM,Parkes,NSW,2,184915312,R2 2040m Pace M,184915313,Harness,2040,Pace,25394011,1,Uroc N Warrior,LOSER,68.94,LOSER,,137.06,80,25,75,51.06,68.83,1000,110,1000,242.51,1.36,,7.2,5.7,7.2,6.98,3.46,46,60,1.13,0.97
2/07/2021,7:35:00 PM,7:38:46 PM,Parkes,NSW,2,184915312,R2 2040m Pace M,184915313,Harness,2040,Pace,23741715,2,Dynamite Dee,LOSER,9.05,LOSER,,684.93,11.5,7,9.4,8.91,416.26,1000,1.99,720,8.45,140.25,,2.46,2.46,2.46,2.46,8.72,9.6,10,1.13,0.97
2/07/2021,7:35:00 PM,7:38:46 PM,Parkes,NSW,2,184915312,R2 2040m Pace M,184915313,Harness,2040,Pace,16565898,3,Jacobs Thunder,WINNER,4.08,WINNER,,694.33,5.2,3.45,3.85,4.32,2033.82,4.3,1.01,1.01,1.65,1819.62,,2.08,1.61,1.65,1.7,436.78,3.3,3.7,1.13,0.97
2/07/2021,7:35:00 PM,7:38:46 PM,Parkes,NSW,2,184915312,R2 2040m Pace M,184915313,Harness,2040,Pace,994958,4,Jaffa,LOSER,4.3,LOSER,,1593.26,5.7,3.95,4.2,4.43,3574.8,1000,4,1000,35.17,67.16,,3.4,1.9,1.93,2.16,593.39,4.9,5.3,1.13,0.97
2/07/2021,7:35:00 PM,7:38:46 PM,Parkes,NSW,2,184915312,R2 2040m Pace M,184915313,Harness,2040,Pace,12542258,5,Kamendable Joe,LOSER,6.37,LOSER,,451.53,6.8,4.6,6.2,5.69,804.4,1000,5.3,1000,22.17,111.71,,2.96,2.12,2.24,2.65,358.58,4.7,5.8,1.13,0.97
2/07/2021,7:35:00 PM,7:38:46 PM,Parkes,NSW,2,184915312,R2 2040m Pace M,184915313,Harness,2040,Pace,22598518,6,Remember Bubbles,LOSER,16.5,LOSER,,284.03,17.5,8.8,17.5,15.86,164.34,1000,8.4,720,49.12,24.1,,3.95,3.15,3.75,3.74,15.54,17,17.5,1.13,0.97
2/07/2021,7:35:00 PM,7:38:46 PM,Parkes,NSW,2,184915312,R2 2040m Pace M,184915313,Harness,2040,Pace,23741711,7,To The Lookout,LOSER,12.56,WINNER,,750.01,17,10,17,12.84,229.29,1000,2.56,720,14.23,116.73,,3.15,2.54,3.15,2.95,21.74,11,16,1.13,0.97
2/07/2021,7:35:00 PM,7:38:46 PM,Parkes,NSW,2,184915312,R2 2040m Pace M,184915313,Harness,2040,Pace,39528425,8,Choc A Block,LOSER,102.71,LOSER,,104.27,110,44,110,71.16,120.16,1000,140,1000,322.58,4.26,,7.8,7.6,7.8,7.76,3.34,50,70,1.13,0.97
2/07/2021,7:35:00 PM,7:38:46 PM,Parkes,NSW,2,184915312,R2 2040m Pace M,184915313,Harness,2040,Pace,29907458,9,Lovin Everyday,LOSER,81.04,LOSER,,101.76,140,27,100,59.6,66.36,1000,20,1000,95.39,6.48,,7,5.8,7,6.86,3.45,32,42,1.13,0.97
2/07/2021,7:35:00 PM,7:38:46 PM,Parkes,NSW,2,184915312,R2 2040m Pace M,184915313,Harness,2040,Pace,40041921,10,Holy Camp Paxton,LOSER,12.33,WINNER,,399.9,15,9.6,12.5,11.04,242.17,720,10,530,58.23,8.91,,2.94,2.86,2.94,2.91,29.13,12,15,1.13,0.97
2/07/2021,8:05:00 PM,8:06:02 PM,Parkes,NSW,3,184915314,R3 2040m Pace M,184915315,Harness,2040,Pace,18904344,1,Im A Shy Guy,LOSER,3.85,WINNER,,1644.89,5.2,3,3.9,3.99,1851.21,120,3,90,6.14,525.47,,1.68,1.52,1.68,1.58,397.25,4.3,4.9,1.09,0.97
2/07/2021,8:05:00 PM,8:06:02 PM,Parkes,NSW,3,184915314,R3 2040m Pace M,184915315,Harness,2040,Pace,27346111,2,Rocky Leigh,LOSER,31.66,LOSER,,105.6,46,27,30,32.9,124.29,720,3.95,300,30.43,90.64,,5.1,5.1,5.1,5.1,0.05,30,38,1.09,0.97
2/07/2021,8:05:00 PM,8:06:02 PM,Parkes,NSW,3,184915314,R3 2040m Pace M,184915315,Harness,2040,Pace,8979445,3,Hardliner,LOSER,15.15,LOSER,,459.91,16,9.2,15,11.78,810.88,720,5.8,720,29.32,83.57,,2.76,2.66,2.72,2.71,15.1,11.5,12,1.09,0.97
2/07/2021,8:05:00 PM,8:06:02 PM,Parkes,NSW,3,184915314,R3 2040m Pace M,184915315,Harness,2040,Pace,22021332,4,Soulwriter,LOSER,266.4,LOSER,,52.04,360,100,270,200.4,44.38,720,100,100,589.93,0.68,,17.5,17.5,17.5,17.5,0.14,180,230,1.09,0.97
2/07/2021,8:05:00 PM,8:06:02 PM,Parkes,NSW,3,184915314,R3 2040m Pace M,184915315,Harness,2040,Pace,13543505,5,Kempley Princess,LOSER,62.52,LOSER,,130.17,80,32,65,60.3,83.5,720,10.5,720,20.54,179.03,,7.4,5.8,5.8,7.38,5.06,50,55,1.09,0.97
2/07/2021,8:05:00 PM,8:06:02 PM,Parkes,NSW,3,184915314,R3 2040m Pace M,184915315,Harness,2040,Pace,8245768,6,Digger Shed,LOSER,21.6,WINNER,,226.29,44,19,21,25.46,208.73,720,2.6,720,52.61,23.81,,5.3,4.4,5.3,5.02,31.03,17.5,36,1.09,0.97
2/07/2021,8:05:00 PM,8:06:02 PM,Parkes,NSW,3,184915314,R3 2040m Pace M,184915315,Harness,2040,Pace,2505909,7,Red Envy,LOSER,7.87,LOSER,,738.41,9,5,7.8,6.27,727.26,880,5,110,15.71,239.22,,1.98,1.82,1.97,1.98,100.31,5.7,6.4,1.09,0.97
2/07/2021,8:05:00 PM,8:06:02 PM,Parkes,NSW,3,184915314,R3 2040m Pace M,184915315,Harness,2040,Pace,37454778,8,Jogalong Blue,LOSER,50,LOSER,,129.34,80,42,50,56.26,65.7,720,22,300,85.9,10.99,,8.8,8,8,8.22,40.3,55,60,1.09,0.97
2/07/2021,8:05:00 PM,8:06:02 PM,Parkes,NSW,3,184915314,R3 2040m Pace M,184915315,Harness,2040,Pace,28546212,9,Itsallaboutned,LOSER,3.22,LOSER,,1347.03,4.2,2.9,3.25,3.19,2804.91,720,2.52,150,4.34,730.69,,1.51,1.42,1.49,1.48,222.55,3,3.2,1.09,0.97
2/07/2021,8:05:00 PM,8:06:02 PM,Parkes,NSW,3,184915314,R3 2040m Pace M,184915315,Harness,2040,Pace,40041922,10,Gabbys Ideal,WINNER,9.64,WINNER,,558.67,12,7.4,10,8.56,493.56,12,1.01,1.01,1.73,3101.75,,2.12,2.12,2.12,2.12,0.04,7.8,8.6,1.09,0.97
2/07/2021,8:35:00 PM,8:35:31 PM,Parkes,NSW,4,184915316,R4 2040m Pace M,184915317,Harness,2040,Pace,7948433,1,Double Standards,LOSER,89,LOSER,,70.79,100,55,100,85.65,9.85,720,29,720,100.52,22.28,,9.4,9.4,9.4,9.4,0.04,60,85,1.06,0.95
2/07/2021,8:35:00 PM,8:35:31 PM,Parkes,NSW,4,184915316,R4 2040m Pace M,184915317,Harness,2040,Pace,4051505,2,Lucky Lyla,LOSER,7.38,LOSER,,331.31,9.2,5,7.6,6.65,294.66,720,4.2,720,26.83,119.36,,2.4,2.4,2.4,2.4,0.04,8,8.6,1.06,0.95
2/07/2021,8:35:00 PM,8:35:31 PM,Parkes,NSW,4,184915316,R4 2040m Pace M,184915317,Harness,2040,Pace,27540143,3,Just Won More,LOSER,7.09,LOSER,,947.16,9.6,7.2,7.6,8.03,69.88,720,2.24,140,12.13,109.3,,2.6,2.2,2.2,2.26,100.04,7.6,9.8,1.06,0.95
2/07/2021,8:35:00 PM,8:35:31 PM,Parkes,NSW,4,184915316,R4 2040m Pace M,184915317,Harness,2040,Pace,26993907,4,Camanchi Warrior,WINNER,6.14,WINNER,,857.03,6.4,5.5,6.2,6.07,185.87,6.2,1.12,2.5,3.04,912.55,,2.26,2.22,2.26,2.26,20.24,5.9,6.2,1.06,0.95
2/07/2021,8:35:00 PM,8:35:31 PM,Parkes,NSW,4,184915316,R4 2040m Pace M,184915317,Harness,2040,Pace,20191841,5,Lucky Nutter,LOSER,17.8,LOSER,,152.14,29,15.5,17.5,18.93,50.35,720,10,280,39.2,24.08,,4.1,4.1,4.1,4.1,0.04,19.5,25,1.06,0.95
2/07/2021,8:35:00 PM,8:35:31 PM,Parkes,NSW,4,184915316,R4 2040m Pace M,184915317,Harness,2040,Pace,27973278,6,Yes You May,LOSER,7.6,WINNER,,735.61,10,6.8,7.6,7.9,369.66,720,1.89,90,8.99,196.46,,2.38,2.38,2.38,2.38,0.04,6.8,7,1.06,0.95
2/07/2021,8:35:00 PM,8:35:31 PM,Parkes,NSW,4,184915316,R4 2040m Pace M,184915317,Harness,2040,Pace,40041923,7,Holy Camp Dillon,LOSER,8.28,LOSER,,491.97,17,6,7.8,8.88,559.85,720,5.2,720,18.4,84.22,,2.48,2.34,2.48,2.41,57.98,7.4,7.6,1.06,0.95
2/07/2021,8:35:00 PM,8:35:31 PM,Parkes,NSW,4,184915316,R4 2040m Pace M,184915317,Harness,2040,Pace,18221499,8,Carlas Angel,LOSER,49.18,LOSER,,58.57,90,44,90,54.51,19.13,720,8.4,300,31.29,44.8,,7.2,7.2,7.2,7.2,0.04,46,60,1.06,0.95
2/07/2021,8:35:00 PM,8:35:31 PM,Parkes,NSW,4,184915316,R4 2040m Pace M,184915317,Harness,2040,Pace,24718314,9,Gabbys Sportstar,LOSER,5.92,LOSER,,981.33,6.4,5.1,6.2,5.92,492.4,880,4.3,690,13.59,200.27,,2.5,2.08,2.2,2.3,46.48,5.7,7,1.06,0.95
2/07/2021,8:35:00 PM,8:35:31 PM,Parkes,NSW,4,184915316,R4 2040m Pace M,184915317,Harness,2040,Pace,25181982,10,Terryrama,LOSER,12.73,WINNER,,187.23,14,9.8,12.5,11.51,76.96,65,1.3,2.6,5.59,540.31,,2.82,2.82,2.82,2.82,0.04,11,12.5,1.06,0.95
2/07/2021,9:07:00 PM,9:07:57 PM,Parkes,NSW,5,184915318,R5 1660m Pace M,184915319,Harness,1660,Pace,19187095,1,My Mels Place,LOSER,5,LOSER,,799.67,8.6,4.8,5.2,5.74,1127.43,230,2,220,6.1,486.35,,2.04,1.57,1.57,1.69,277.97,5.7,6,1.04,0.97
2/07/2021,9:07:00 PM,9:07:57 PM,Parkes,NSW,5,184915318,R5 1660m Pace M,184915319,Harness,1660,Pace,15072250,2,Goodtime Hero,WINNER,2.28,WINNER,,1560.51,2.84,1.95,2.46,2.27,6021.56,3.55,1.01,1.01,1.76,3865.79,,1.42,1.26,1.42,1.36,220.25,2.28,2.44,1.04,0.97
2/07/2021,9:07:00 PM,9:07:57 PM,Parkes,NSW,5,184915318,R5 1660m Pace M,184915319,Harness,1660,Pace,39317193,3,Why Not Surf,LOSER,11.93,LOSER,,622.01,18.5,10,14,12.25,511.46,720,5.8,720,20.14,86.28,,2.84,2.68,2.84,2.84,22.08,12,13.5,1.04,0.97
2/07/2021,9:07:00 PM,9:07:57 PM,Parkes,NSW,5,184915318,R5 1660m Pace M,184915319,Harness,1660,Pace,40041924,4,Lou Cee,LOSER,173.83,LOSER,,18.45,170,70,170,125.01,25.13,720,170,700,313.66,3.14,,10,9.2,9.2,9.78,5.04,100,130,1.04,0.97
2/07/2021,9:07:00 PM,9:07:57 PM,Parkes,NSW,5,184915318,R5 1660m Pace M,184915319,Harness,1660,Pace,22598509,5,Cambo Blaster,LOSER,6.54,WINNER,,531.56,7.6,5,6,5.94,866.89,720,5.2,290,12.29,264.56,,2.14,1.78,1.81,1.83,223.76,5.4,5.7,1.04,0.97
2/07/2021,9:07:00 PM,9:07:57 PM,Parkes,NSW,5,184915318,R5 1660m Pace M,184915319,Harness,1660,Pace,35533342,6,Watch And Weep,LOSER,80,LOSER,,60,110,46,90,61.79,53.84,720,38,720,69.36,18.39,,7.4,6.6,7.4,7.11,5.76,55,60,1.04,0.97
2/07/2021,9:07:00 PM,9:07:57 PM,Parkes,NSW,5,184915318,R5 1660m Pace M,184915319,Harness,1660,Pace,27627449,7,Old Farm Way,LOSER,19.53,WINNER,,440.23,110,17.5,25,25.33,224.74,420,5.9,280,23.08,113.18,,4,3.3,3.45,3.65,108.04,27,30,1.04,0.97
2/07/2021,9:07:00 PM,9:07:57 PM,Parkes,NSW,5,184915318,R5 1660m Pace M,184915319,Harness,1660,Pace,23484991,8,Kelli Frost,LOSER,315.72,LOSER,,25.62,460,110,450,304.44,8.51,720,310,700,384.95,6.04,,22,10,22,18.88,1.15,330,390,1.04,0.97
2/07/2021,9:07:00 PM,9:07:57 PM,Parkes,NSW,5,184915318,R5 1660m Pace M,184915319,Harness,1660,Pace,39810613,10,Warra Downs,LOSER,9.67,LOSER,,718.56,12.5,6.4,11,9.87,756.82,420,9.2,420,20.56,162.27,,2.94,2.4,2.94,2.55,1.06,11,12,1.04,0.97
2/07/2021,9:37:00 PM,9:37:56 PM,Parkes,NSW,6,184915320,R6 1660m Pace M,184915321,Harness,1660,Pace,36136470,1,You Look Well,LOSER,125.74,LOSER,,25.68,250,70,130,102.11,40.21,960,90,960,324.32,4.39,,13.5,9.4,10.5,11.52,36.52,130,220,1.02,0.97
2/07/2021,9:37:00 PM,9:37:56 PM,Parkes,NSW,6,184915320,R6 1660m Pace M,184915321,Harness,1660,Pace,37261403,2,Amora Dancer,LOSER,146.21,LOSER,,40.3,460,46,400,166.49,40.23,960,120,960,238.44,10.17,,9.4,8.2,9.4,9.33,5.39,50,70,1.02,0.97
2/07/2021,9:37:00 PM,9:37:56 PM,Parkes,NSW,6,184915320,R6 1660m Pace M,184915321,Harness,1660,Pace,28440207,3,Nosey Josey,LOSER,53.73,LOSER,,96.78,75,34,75,50.47,20.2,930,9.6,930,61.32,74.38,,6.4,5.1,5.8,5.41,30.44,40,50,1.02,0.97
2/07/2021,9:37:00 PM,9:37:56 PM,Parkes,NSW,6,184915320,R6 1660m Pace M,184915321,Harness,1660,Pace,20620474,4,Regretable,WINNER,4.6,WINNER,,602.47,5.5,4,4.6,4.47,1036.25,7.4,1.01,1.01,1.9,3187.42,,1.86,1.59,1.86,1.79,18.98,4.3,4.4,1.02,0.97
2/07/2021,9:37:00 PM,9:37:56 PM,Parkes,NSW,6,184915320,R6 1660m Pace M,184915321,Harness,1660,Pace,32830250,5,Jaytees Hat,LOSER,48.83,LOSER,,81.41,50,21,42,33.31,19.46,720,13,720,36.69,86.91,,5.9,5.9,5.9,5.9,27.03,32,40,1.02,0.97
2/07/2021,9:37:00 PM,9:37:56 PM,Parkes,NSW,6,184915320,R6 1660m Pace M,184915321,Harness,1660,Pace,8292328,6,Indiana Angel,LOSER,10.67,LOSER,,385.98,12,6.6,10,10.66,273.94,890,6.6,890,36.45,113.38,,3.1,2.44,2.88,3,21.7,10.5,11,1.02,0.97
2/07/2021,9:37:00 PM,9:37:56 PM,Parkes,NSW,6,184915320,R6 1660m Pace M,184915321,Harness,1660,Pace,10239723,7,Our Big Slow,LOSER,4.88,WINNER,,1047.19,9.4,5.4,5.6,6.4,1101.4,720,4.3,720,6.83,494.98,,2.1,2.04,2.04,2.05,17.21,6.4,6.6,1.02,0.97
2/07/2021,9:37:00 PM,9:37:56 PM,Parkes,NSW,6,184915320,R6 1660m Pace M,184915321,Harness,1660,Pace,10151246,8,Grinorama,LOSER,57.08,LOSER,,59.57,70,44,70,53.54,22.82,720,15,720,70.15,23.01,,4.8,4.5,4.5,4.6,16.04,44,50,1.02,0.97
2/07/2021,9:37:00 PM,9:37:56 PM,Parkes,NSW,6,184915320,R6 1660m Pace M,184915321,Harness,1660,Pace,5520743,9,Royal Feeling,LOSER,3.03,LOSER,,1805.35,4.9,3,3.1,3.51,2698.24,720,2.3,720,3.85,694.14,,1.82,1.59,1.59,1.63,65.48,3.55,3.65,1.02,0.97
2/07/2021,9:37:00 PM,9:37:56 PM,Parkes,NSW,6,184915320,R6 1660m Pace M,184915321,Harness,1660,Pace,25781135,10,Tessfeelsgood,LOSER,8.73,WINNER,,381.69,8,5.9,7.8,6.8,335.11,720,2.12,720,14.58,142.81,,2.5,2.1,2.5,2.49,40.04,6.6,7.2,1.02,0.97
2/07/2021,10:10:00 PM,10:11:02 PM,Parkes,NSW,7,184915322,R7 1660m Pace M,184915323,Harness,1660,Pace,39859144,1,Getaloadacam,LOSER,5.2,WINNER,,661.09,7.4,4.4,5.2,4.84,1953.02,230,3.9,230,11.55,117.54,,1.92,1.62,1.62,1.62,44.78,4.7,5,1.03,0.96
2/07/2021,10:10:00 PM,10:11:02 PM,Parkes,NSW,7,184915322,R7 1660m Pace M,184915323,Harness,1660,Pace,40041925,2,Frontier,LOSER,8.3,WINNER,,620.59,9.6,5.1,8,7.1,1073.18,230,4.2,230,9.92,177.52,,2.48,1.89,1.89,2,12.49,6.8,7.6,1.03,0.96
2/07/2021,10:10:00 PM,10:11:02 PM,Parkes,NSW,7,184915322,R7 1660m Pace M,184915323,Harness,1660,Pace,40041926,3,Hurrikane Dude,WINNER,2.1,WINNER,,2634.34,2.96,2,2.08,2.32,8387.58,2.64,1.01,1.01,1.44,6701.4,,1.46,1.24,1.3,1.32,459.38,2.4,2.46,1.03,0.96
2/07/2021,10:10:00 PM,10:11:02 PM,Parkes,NSW,7,184915322,R7 1660m Pace M,184915323,Harness,1660,Pace,40041927,4,Chilled Captain,LOSER,30.29,LOSER,,125.81,42,21,40,30.01,102.3,740,9.8,740,60.21,33.63,,4,3.95,4,3.96,0.52,21,30,1.03,0.96
2/07/2021,10:10:00 PM,10:11:02 PM,Parkes,NSW,7,184915322,R7 1660m Pace M,184915323,Harness,1660,Pace,40041928,5,Tulhurst Pebbles,LOSER,11.47,LOSER,,350.64,14,4.9,11.5,9.47,1095.99,720,6,720,21.85,146.07,,2.82,2.12,2.7,2.47,229.17,10.5,11,1.03,0.96
2/07/2021,10:10:00 PM,10:11:02 PM,Parkes,NSW,7,184915322,R7 1660m Pace M,184915323,Harness,1660,Pace,40041930,7,Tiger Tommy,LOSER,26,LOSER,,144.92,32,16,26,24.37,358.22,720,20,720,61.51,31.1,,4.2,3.95,4.2,3.99,1.8,24,29,1.03,0.96
2/07/2021,10:10:00 PM,10:11:02 PM,Parkes,NSW,7,184915322,R7 1660m Pace M,184915323,Harness,1660,Pace,40041931,8,Tralee Charlie,LOSER,28.01,LOSER,,171.27,29,9,28,18.22,464.8,720,3.25,720,10.04,209.39,,2.94,2.7,2.88,2.93,19.39,17,18,1.03,0.96
2/07/2021,10:10:00 PM,10:11:02 PM,Parkes,NSW,7,184915322,R7 1660m Pace M,184915323,Harness,1660,Pace,40041932,9,Tulhurst Smoocher,LOSER,110.1,LOSER,,58.02,190,60,130,114.5,87.66,950,90,950,516.95,2.33,,10.5,9,10.5,9.55,0.22,100,110,1.03,0.96
2/07/2021,10:40:00 PM,10:41:12 PM,Parkes,NSW,8,184915324,R8 2040m Pace M,184915325,Harness,2040,Pace,35621034,1,Caribbean Delight,LOSER,108.54,LOSER,,64.4,120,65,120,81.42,40.75,700,24,690,230.79,2.34,,9.8,7,9.8,8.22,36.45,75,95,1,1.01
2/07/2021,10:40:00 PM,10:41:12 PM,Parkes,NSW,8,184915324,R8 2040m Pace M,184915325,Harness,2040,Pace,38417429,2,Jessejames Shannon,LOSER,7.2,WINNER,,941.42,9,5.9,7.6,7.68,1746.5,230,7.2,85,14.03,125.62,,2.4,1.96,1.97,2.04,624.33,8,8.4,1,1.01
2/07/2021,10:40:00 PM,10:41:12 PM,Parkes,NSW,8,184915324,R8 2040m Pace M,184915325,Harness,2040,Pace,35621030,3,Girl Just Fly,LOSER,2.43,WINNER,,3083.79,4.6,2.5,2.52,2.98,7036.87,3.25,1.53,3.15,2.23,3484.3,,1.63,1.41,1.49,1.51,167.64,2.86,2.96,1,1.01
2/07/2021,10:40:00 PM,10:41:12 PM,Parkes,NSW,8,184915324,R8 2040m Pace M,184915325,Harness,2040,Pace,40041933,4,Cashbox,WINNER,15.76,WINNER,,341.77,16.5,10,15.5,12.69,896.5,80,1.5,1.5,4.25,261.13,,4.9,3.3,3.55,3.39,96,11.5,12,1,1.01
2/07/2021,10:40:00 PM,10:41:12 PM,Parkes,NSW,8,184915324,R8 2040m Pace M,184915325,Harness,2040,Pace,27850890,5,Wheres Our Money,LOSER,190,LOSER,,21.39,210,65,190,120.69,10.51,700,60,700,84.98,22.05,,8,7.4,8,7.46,0.38,75,95,1,1.01
2/07/2021,10:40:00 PM,10:41:12 PM,Parkes,NSW,8,184915324,R8 2040m Pace M,184915325,Harness,2040,Pace,40041934,6,Kulani Courage,LOSER,20,LOSER,,296.84,28,18,22,19.97,184.03,190,7.4,100,17.46,79.98,,6,4.5,4.5,4.52,6.72,19.5,20,1,1.01
2/07/2021,10:40:00 PM,10:41:12 PM,Parkes,NSW,8,184915324,R8 2040m Pace M,184915325,Harness,2040,Pace,28546208,7,The Donny,LOSER,19,LOSER,,587.43,32,9.8,29,18.68,470.08,720,29,720,117.76,14.34,,4.5,3.65,4.2,3.76,65.61,17,25,1,1.01
2/07/2021,10:40:00 PM,10:41:12 PM,Parkes,NSW,8,184915324,R8 2040m Pace M,184915325,Harness,2040,Pace,40041935,8,Our Uncle Harold,LOSER,6.6,LOSER,,1045.29,7.4,3.7,7.4,6.2,1840.34,720,5,690,11.71,272.98,,2.18,1.89,2.06,2.07,229.69,6.4,7,1,1.01
2/07/2021,10:40:00 PM,10:41:12 PM,Parkes,NSW,8,184915324,R8 2040m Pace M,184915325,Harness,2040,Pace,40041936,9,Rowdy Rhonda,LOSER,6.15,LOSER,,804.07,9.6,4.8,5.7,5.44,1769.57,720,4.4,720,18.19,168.04,,2.22,1.89,2,2,164.68,7,4.8,1,1.01
2/07/2021,10:40:00 PM,10:41:12 PM,Parkes,NSW,8,184915324,R8 2040m Pace M,184915325,Harness,2040,Pace,40041937,10,The Alfie,LOSER,459.95,LOSER,,39.56,490,100,340,293.37,29.67,950,2.66,100,426.93,10.62,,19.5,14,19.5,18.91,1.25,250,330,1,1.01
2/07/2021,12:42:00 PM,12:43:25 PM,Wagga,NSW,1,184914749,R1 2270m Trot M,184914750,Harness,2270,Trot,28605583,1,Critical Advantage,LOSER,78.95,LOSER,,47.34,440,42,75,68.38,35.9,980,46,980,123.51,6.99,,5.3,4.5,5.3,4.65,0.27,60,70,1.03,0.98
2/07/2021,12:42:00 PM,12:43:25 PM,Wagga,NSW,1,184914749,R1 2270m Trot M,184914750,Harness,2270,Trot,39465391,2,Count Your Eyes,WINNER,122.63,WINNER,,23.15,400,42,180,79.94,22.91,990,1.01,1.02,2.3,651.92,,5.7,5.7,5.7,5.7,0.04,100,120,1.03,0.98
2/07/2021,12:42:00 PM,12:43:25 PM,Wagga,NSW,1,184914749,R1 2270m Trot M,184914750,Harness,2270,Trot,28430496,3,Chateaubriant,LOSER,28.02,LOSER,,106.19,50,25,32,31.09,173.99,940,9,720,21.01,106.61,,4.5,3.6,3.95,3.67,7.32,26,27,1.03,0.98
2/07/2021,12:42:00 PM,12:43:25 PM,Wagga,NSW,1,184914749,R1 2270m Trot M,184914750,Harness,2270,Trot,36036847,4,Sally Em,LOSER,10.29,WINNER,,519.54,12,6.2,10,9.35,988.32,230,2.98,230,8.96,184.17,,2,1.78,1.8,1.91,319.73,9.6,10,1.03,0.98
2/07/2021,12:42:00 PM,12:43:25 PM,Wagga,NSW,1,184914749,R1 2270m Trot M,184914750,Harness,2270,Trot,19951110,5,Orlando Storm,LOSER,2.62,WINNER,,2139.78,4.1,2.42,2.72,3.01,2618.45,230,1.7,230,2.45,1855.74,,1.46,1.21,1.3,1.3,1170.48,2.98,3.1,1.03,0.98
2/07/2021,12:42:00 PM,12:43:25 PM,Wagga,NSW,1,184914749,R1 2270m Trot M,184914750,Harness,2270,Trot,21049459,6,Galleons Glory,LOSER,2.2,LOSER,,2593.62,3.1,1.96,2.22,2.15,6379.08,100,2.18,100,3.34,526.23,,1.27,1.13,1.23,1.23,1313.95,2.1,2.2,1.03,0.98
2/07/2021,12:42:00 PM,12:43:25 PM,Wagga,NSW,1,184914749,R1 2270m Trot M,184914750,Harness,2270,Trot,38858958,7,Thebestbourbon,LOSER,46,LOSER,,86.16,60,22,48,37.77,133.09,980,38,980,91.28,16.35,,6,3.95,5,4.95,2.64,36,38,1.03,0.98
2/07/2021,12:42:00 PM,12:43:25 PM,Wagga,NSW,1,184914749,R1 2270m Trot M,184914750,Harness,2270,Trot,22565942,8,Worthy Hall,LOSER,55.65,LOSER,,98.56,80,15.5,65,31.91,239.76,990,85,990,200.9,8.16,,4.8,4.5,4.8,4.51,1.69,50,65,1.03,0.98
2/07/2021,1:17:00 PM,1:18:04 PM,Wagga,NSW,2,184914751,R2 1740m Pace M,184914752,Harness,1740,Pace,27605761,1,Takidah,LOSER,251.45,LOSER,,32.51,350,55,350,168.78,23.51,980,38,980,111.61,16.62,,8.4,6.8,8.2,8.26,40.4,250,310,1.01,1.04
2/07/2021,1:17:00 PM,1:18:04 PM,Wagga,NSW,2,184914751,R2 1740m Pace M,184914752,Harness,1740,Pace,28638286,2,Rozy Soma,LOSER,210,LOSER,,30.05,310,38,310,98.29,32.77,980,80,980,211.64,6.42,,7.2,7.2,7.2,7.2,0.88,170,220,1.01,1.04
2/07/2021,1:17:00 PM,1:18:04 PM,Wagga,NSW,2,184914751,R2 1740m Pace M,184914752,Harness,1740,Pace,27605763,3,Eippermill,LOSER,44,WINNER,,70.12,65,14.5,44,38.13,102.89,230,2.02,140,8.89,197.64,,6.8,2.76,3.15,3.05,274.83,50,55,1.01,1.04
2/07/2021,1:17:00 PM,1:18:04 PM,Wagga,NSW,2,184914751,R2 1740m Pace M,184914752,Harness,1740,Pace,40040660,4,Gracenava,LOSER,237.03,WINNER,,16.9,220,48,220,121.1,43.42,980,42,980,113.39,25.67,,8.6,6.2,6.2,7.62,40.06,180,210,1.01,1.04
2/07/2021,1:17:00 PM,1:18:04 PM,Wagga,NSW,2,184914751,R2 1740m Pace M,184914752,Harness,1740,Pace,40040661,5,Our Buffalosoldier,LOSER,14.5,LOSER,,269.57,21,12.5,14.5,16.1,504.75,230,3.25,230,9.87,192.69,,2.08,1.91,1.91,2,510.81,14.5,15,1.01,1.04
2/07/2021,1:17:00 PM,1:18:04 PM,Wagga,NSW,2,184914751,R2 1740m Pace M,184914752,Harness,1740,Pace,40040662,6,Rolla Rocket,LOSER,18.5,LOSER,,168.6,19,7.4,19,14.79,791.43,890,10.5,230,77.56,35.83,,2.48,1.98,2.1,2.21,267.87,14.5,8.8,1.01,1.04
2/07/2021,1:17:00 PM,1:18:04 PM,Wagga,NSW,2,184914751,R2 1740m Pace M,184914752,Harness,1740,Pace,40040663,7,Louthario,LOSER,1.25,LOSER,,5116.8,1.92,1.22,1.29,1.28,14429.35,710,1.35,690,2.55,2792.04,,1.1,1.04,1.1,1.07,2732.53,1.27,1.28,1.01,1.04
2/07/2021,1:17:00 PM,1:18:04 PM,Wagga,NSW,2,184914751,R2 1740m Pace M,184914752,Harness,1740,Pace,40040664,9,Redbank Molly,WINNER,23,WINNER,,204.97,26,13.5,24,17.87,821.01,23,1.01,1.01,1.7,1669.79,,2.5,1.74,1.89,1.94,1304.05,18.5,19.5,1.01,1.04
2/07/2021,1:52:00 PM,1:53:08 PM,Wagga,NSW,3,184914753,R3 1740m Pace M,184914754,Harness,1740,Pace,24902033,1,Chubbs,LOSER,42.29,LOSER,,165.65,42,19,36,25.06,306.97,910,38,910,95.9,23.56,,5.7,3.85,3.85,4.38,295.49,32,34,1.03,0.98
2/07/2021,1:52:00 PM,1:53:08 PM,Wagga,NSW,3,184914753,R3 1740m Pace M,184914754,Harness,1740,Pace,7082713,2,Conrod Kenze,LOSER,57.18,LOSER,,90.08,120,29,55,64.07,67.97,920,26,710,57.29,37.73,,9,6.4,9,7.98,29.92,75,110,1.03,0.98
2/07/2021,1:52:00 PM,1:53:08 PM,Wagga,NSW,3,184914753,R3 1740m Pace M,184914754,Harness,1740,Pace,38338834,4,Mastablasta,LOSER,2.76,WINNER,,1681.31,3.55,2.58,2.7,2.88,4940.96,4,1.09,4,1.76,2519.95,,1.69,1.56,1.59,1.65,931.9,2.84,2.88,1.03,0.98
2/07/2021,1:52:00 PM,1:53:08 PM,Wagga,NSW,3,184914753,R3 1740m Pace M,184914754,Harness,1740,Pace,27270907,5,Harpers Spirit,LOSER,5.08,LOSER,,1138.05,5.9,4.4,4.7,4.83,1537.38,720,3.4,710,8.01,466.8,,2,1.75,1.82,1.82,252.78,4.9,5.1,1.03,0.98
2/07/2021,1:52:00 PM,1:53:08 PM,Wagga,NSW,3,184914753,R3 1740m Pace M,184914754,Harness,1740,Pace,16311317,6,Eastbro Tex,LOSER,202.6,LOSER,,45.86,310,130,230,153.14,81.24,990,150,700,237.99,19.77,,18.5,15,18.5,17.75,24.01,180,220,1.03,0.98
2/07/2021,1:52:00 PM,1:53:08 PM,Wagga,NSW,3,184914753,R3 1740m Pace M,184914754,Harness,1740,Pace,11542035,7,Cocofollownoone,WINNER,6.94,WINNER,,693.47,10.5,6.2,6.8,7.07,1212.69,85,1.3,1.33,4.15,505.69,,2.48,2.08,2.42,2.35,182.59,6.2,6.6,1.03,0.98
2/07/2021,1:52:00 PM,1:53:08 PM,Wagga,NSW,3,184914753,R3 1740m Pace M,184914754,Harness,1740,Pace,26827475,8,Heavenly Wisdom,LOSER,10.71,LOSER,,491.35,10.5,7,10,7.75,950.73,720,10.5,710,32.07,74.35,,2.7,2.3,2.52,2.54,149.6,7.2,7.4,1.03,0.98
2/07/2021,1:52:00 PM,1:53:08 PM,Wagga,NSW,3,184914753,R3 1740m Pace M,184914754,Harness,1740,Pace,19830583,9,Mcdreamy Guy,LOSER,22.34,LOSER,,224.27,32,13,19.5,18.43,617.41,920,16.5,730,63.69,43.38,,5,3.6,3.6,4.29,45.9,16,19.5,1.03,0.98
2/07/2021,1:52:00 PM,1:53:08 PM,Wagga,NSW,3,184914753,R3 1740m Pace M,184914754,Harness,1740,Pace,7854883,10,Smokin Tally,LOSER,13.29,WINNER,,533.68,19,7.4,14,10.48,1463,420,6,420,11.14,299.78,,2.6,2.46,2.5,2.5,87.35,16.5,18.5,1.03,0.98
2/07/2021,2:33:00 PM,2:34:10 PM,Wagga,NSW,4,184914755,R4 2270m Pace M,184914756,Harness,2270,Pace,22834454,1,Light Up Billy,LOSER,39.51,LOSER,,102.42,44,24,42,30.49,132.39,720,10,720,21.92,141.03,,4.5,3.5,3.9,3.96,134.12,25,27,1.04,0.98
2/07/2021,2:33:00 PM,2:34:10 PM,Wagga,NSW,4,184914755,R4 2270m Pace M,184914756,Harness,2270,Pace,24826269,2,Walkamileinmyshoes,LOSER,70,LOSER,,76.25,90,18.5,85,42.23,59.96,910,17,720,118.9,22.33,,5,3.65,5,4.46,18.72,55,60,1.04,0.98
2/07/2021,2:33:00 PM,2:34:10 PM,Wagga,NSW,4,184914755,R4 2270m Pace M,184914756,Harness,2270,Pace,12902475,3,Temora Reactor,LOSER,18.85,LOSER,,198.33,21,12.5,21,17.72,73.22,900,5.5,900,22.61,269.94,,3.35,3,3.35,3,30.12,16,17.5,1.04,0.98
2/07/2021,2:33:00 PM,2:34:10 PM,Wagga,NSW,4,184914755,R4 2270m Pace M,184914756,Harness,2270,Pace,21925707,4,Tubbee Tee,LOSER,209,LOSER,,17.3,370,110,250,136.07,14.37,990,240,990,521.11,2.25,,12.5,12.5,12.5,12.5,0.04,120,130,1.04,0.98
2/07/2021,2:33:00 PM,2:34:10 PM,Wagga,NSW,4,184914755,R4 2270m Pace M,184914756,Harness,2270,Pace,24417540,5,Rocco Variety,LOSER,27,LOSER,,109.18,44,24,27,28.89,79.73,980,12,980,67.89,39.81,,6.8,3.7,6.8,6.78,5.03,25,27,1.04,0.98
2/07/2021,2:33:00 PM,2:34:10 PM,Wagga,NSW,4,184914755,R4 2270m Pace M,184914756,Harness,2270,Pace,39446928,6,Glenfield Grey,LOSER,48.95,LOSER,,70.32,65,42,60,54.74,19.07,720,15,720,59.48,29.47,,6.8,6.8,6.8,6.8,0.04,55,65,1.04,0.98
2/07/2021,2:33:00 PM,2:34:10 PM,Wagga,NSW,4,184914755,R4 2270m Pace M,184914756,Harness,2270,Pace,39810603,7,Irish Speed,LOSER,440,LOSER,,13.01,710,200,440,433.93,23.43,990,440,990,493.56,2.82,,18,18,18,18,0.04,210,220,1.04,0.98
2/07/2021,2:33:00 PM,2:34:10 PM,Wagga,NSW,4,184914755,R4 2270m Pace M,184914756,Harness,2270,Pace,21414707,8,Imapest,LOSER,6,WINNER,,1043.04,10,4.7,6,5.74,735.32,720,4.2,720,13.17,208.5,,1.98,1.65,1.7,1.68,23.45,5.5,5.9,1.04,0.98
2/07/2021,2:33:00 PM,2:34:10 PM,Wagga,NSW,4,184914755,R4 2270m Pace M,184914756,Harness,2270,Pace,23390525,9,Isntthatright,LOSER,4.7,WINNER,,1068.08,5.2,3.75,4.7,4.39,823.69,48,1.04,5.9,3.53,781.92,,1.61,1.51,1.51,1.52,0.2,4.9,5,1.04,0.98
2/07/2021,2:33:00 PM,2:34:10 PM,Wagga,NSW,4,184914755,R4 2270m Pace M,184914756,Harness,2270,Pace,28364567,10,Dancing Lilly,WINNER,1.85,WINNER,,7311.63,2.72,2.02,2.04,2.22,3839.76,24,1.05,1.19,1.98,4631.02,,1.32,1.25,1.27,1.27,205.64,2.18,2.3,1.04,0.98
2/07/2021,3:12:00 PM,3:12:34 PM,Wagga,NSW,5,184914757,R5 2270m Pace M,184914758,Harness,2270,Pace,8947062,1,Louie Finn,LOSER,28.9,LOSER,,212.47,29,14.5,28,24.56,328.5,720,3.1,720,12.85,192.82,,4.5,2.78,3.1,3.19,243.53,25,20,1.04,0.99
2/07/2021,3:12:00 PM,3:12:34 PM,Wagga,NSW,5,184914757,R5 2270m Pace M,184914758,Harness,2270,Pace,7336316,2,Flaneur,LOSER,4.22,WINNER,,1008.99,6.4,4,4.1,4.53,2390.4,720,2.8,720,5.68,352.59,,2.48,1.68,1.68,2,298.88,4.1,4.2,1.04,0.99
2/07/2021,3:12:00 PM,3:12:34 PM,Wagga,NSW,5,184914757,R5 2270m Pace M,184914758,Harness,2270,Pace,36036866,3,Artistic Trouble,LOSER,78.34,LOSER,,57.38,200,30,85,70.69,130.1,720,30,720,61.54,112.07,,6.6,6.2,6.6,6.25,0.47,70,80,1.04,0.99
2/07/2021,3:12:00 PM,3:12:34 PM,Wagga,NSW,5,184914757,R5 2270m Pace M,184914758,Harness,2270,Pace,28507054,5,Machs Legacy,LOSER,3.55,WINNER,,1135.93,4.5,2.6,3.55,3.59,3282.03,110,2,100,3.8,1424.11,,1.93,1.47,1.8,1.8,205.95,3.9,4.2,1.04,0.99
2/07/2021,3:12:00 PM,3:12:34 PM,Wagga,NSW,5,184914757,R5 2270m Pace M,184914758,Harness,2270,Pace,37623173,7,Rockin In Chelsea,LOSER,17,LOSER,,317.88,18,8,17,11.8,628.48,720,10,720,42.07,28.56,,3.6,2.86,3.05,3.51,30.68,11.5,12,1.04,0.99
2/07/2021,3:12:00 PM,3:12:34 PM,Wagga,NSW,5,184914757,R5 2270m Pace M,184914758,Harness,2270,Pace,38686750,8,Kickatinalongpony,LOSER,5.87,LOSER,,685.8,8.2,5.8,6,6.4,2761.67,720,5,720,12.19,163.25,,2.6,2.14,2.2,2.52,108.8,6,6.6,1.04,0.99
2/07/2021,3:12:00 PM,3:12:34 PM,Wagga,NSW,5,184914757,R5 2270m Pace M,184914758,Harness,2270,Pace,1319056,9,Hilly,WINNER,6.48,WINNER,,678.78,7.8,5.1,6.2,5.57,1705.06,8.6,1.01,1.01,2.07,2167,,1.9,1.67,1.7,1.75,2314.47,5.3,5.6,1.04,0.99
2/07/2021,3:12:00 PM,3:12:34 PM,Wagga,NSW,5,184914757,R5 2270m Pace M,184914758,Harness,2270,Pace,1103803,10,The Hustler,LOSER,27.8,LOSER,,220.45,28,16,28,22.95,331.81,720,12.5,720,92.44,32.95,,4.5,4.2,4.5,4.21,0.99,25,27,1.04,0.99
2/07/2021,3:47:00 PM,3:47:56 PM,Wagga,NSW,6,184914759,R6 1740m Pace M,184914760,Harness,1740,Pace,35695694,1,Bated Breath,LOSER,7.01,LOSER,,1993.84,8.8,6.6,7.6,7.57,1650.82,720,4.1,710,8.82,227.21,,2.1,1.82,1.85,1.95,167.24,7.4,8.6,1.05,0.98
2/07/2021,3:47:00 PM,3:47:56 PM,Wagga,NSW,6,184914759,R6 1740m Pace M,184914760,Harness,1740,Pace,681235,2,Cassius,LOSER,22,LOSER,,492.61,34,17.5,22,24.28,325.14,720,1.84,720,14.04,85.85,,4.4,2.56,2.56,3.2,326.98,28,32,1.05,0.98
2/07/2021,3:47:00 PM,3:47:56 PM,Wagga,NSW,6,184914759,R6 1740m Pace M,184914760,Harness,1740,Pace,20258195,3,Caribbean Magic,LOSER,13.2,WINNER,,635.51,19,12.5,16,14.52,638.74,780,3.25,710,13.75,174.5,,2.88,2.5,2.62,2.71,254.33,13.5,16.5,1.05,0.98
2/07/2021,3:47:00 PM,3:47:56 PM,Wagga,NSW,6,184914759,R6 1740m Pace M,184914760,Harness,1740,Pace,28334542,4,Ab Fab,LOSER,8.31,WINNER,,1763.48,10.5,6.8,9.4,8.65,854.5,230,5.1,110,9.8,571.72,,2.24,2.02,2.1,2.18,195.71,9,9.8,1.05,0.98
2/07/2021,3:47:00 PM,3:47:56 PM,Wagga,NSW,6,184914759,R6 1740m Pace M,184914760,Harness,1740,Pace,24940326,5,Shadow Sign,WINNER,1.67,WINNER,,4079.66,2.7,1.62,1.69,1.74,18576.8,6.2,1.01,1.01,1.72,4108.76,,1.28,1.15,1.24,1.2,1367.54,1.64,1.69,1.05,0.98
2/07/2021,3:47:00 PM,3:47:56 PM,Wagga,NSW,6,184914759,R6 1740m Pace M,184914760,Harness,1740,Pace,19258636,6,Mister Rebel,LOSER,230.78,LOSER,,89.48,480,250,340,318.61,32.08,720,10,710,183,60.79,,16.5,16.5,16.5,16.5,0.18,270,410,1.05,0.98
2/07/2021,3:47:00 PM,3:47:56 PM,Wagga,NSW,6,184914759,R6 1740m Pace M,184914760,Harness,1740,Pace,9307416,7,Sir Macs Man,LOSER,56.86,LOSER,,182.49,110,36,110,76.86,49.33,720,34,710,66.01,32.43,,7.8,7.6,7.8,7.64,0.19,75,90,1.05,0.98
2/07/2021,3:47:00 PM,3:47:56 PM,Wagga,NSW,6,184914759,R6 1740m Pace M,184914760,Harness,1740,Pace,19351707,8,Majoress Jujon,LOSER,83.59,LOSER,,156.41,150,29,140,94.24,70.64,930,36,710,96.74,39.4,,10,9,9.8,9.21,0.17,90,95,1.05,0.98
2/07/2021,3:47:00 PM,3:47:56 PM,Wagga,NSW,6,184914759,R6 1740m Pace M,184914760,Harness,1740,Pace,8432303,9,Redbank Harry,LOSER,22.56,LOSER,,371.98,26,16,26,19.15,717.2,720,10,710,25.54,83.16,,3.5,2.88,3.05,3.06,982.49,21,22,1.05,0.98
2/07/2021,3:47:00 PM,3:47:56 PM,Wagga,NSW,6,184914759,R6 1740m Pace M,184914760,Harness,1740,Pace,14757318,10,Sports Bounty,LOSER,114.48,LOSER,,122.88,220,80,190,127.27,81.66,930,34,900,133.51,31.88,,12,11.5,12,11.6,0.3,170,210,1.05,0.98
2/07/2021,4:25:00 PM,4:25:51 PM,Wagga,NSW,7,184914761,R7 1740m Pace M,184914762,Harness,1740,Pace,38948822,1,Dee Terror,LOSER,250,LOSER,,18.15,530,55,240,189.53,49.47,990,240,990,312.43,7.38,,9.4,8.6,9.4,8.91,20.17,240,450,1.04,0.98
2/07/2021,4:25:00 PM,4:25:51 PM,Wagga,NSW,7,184914761,R7 1740m Pace M,184914762,Harness,1740,Pace,38123825,2,Bosch,WINNER,2.96,WINNER,,2381.61,3.05,1.7,2.96,2.66,5398.46,4.5,1.01,1.01,2.14,2733.35,,1.57,1.27,1.35,1.38,389.89,2.76,2.96,1.04,0.98
2/07/2021,4:25:00 PM,4:25:51 PM,Wagga,NSW,7,184914761,R7 1740m Pace M,184914762,Harness,1740,Pace,25764793,4,Braeview Fella,LOSER,10.5,LOSER,,496.42,12.5,2.5,10,7.89,2118.45,780,4.6,720,15.83,222.12,,2.88,2,2.08,2.17,1597.35,9.6,10,1.04,0.98
2/07/2021,4:25:00 PM,4:25:51 PM,Wagga,NSW,7,184914761,R7 1740m Pace M,184914762,Harness,1740,Pace,25178685,5,Forged In Fire,LOSER,88.46,LOSER,,60.49,130,36,120,80.58,56.65,980,140,980,321.1,6.13,,9.4,6,8,8.5,62.36,65,80,1.04,0.98
2/07/2021,4:25:00 PM,4:25:51 PM,Wagga,NSW,7,184914761,R7 1740m Pace M,184914762,Harness,1740,Pace,27549520,6,Anam Nunu,LOSER,7.91,WINNER,,690.37,19.5,6.4,8.2,9.59,1616.64,720,5.6,720,10.81,260.96,,2.38,1.81,1.81,1.94,82.77,8.2,8.4,1.04,0.98
2/07/2021,4:25:00 PM,4:25:51 PM,Wagga,NSW,7,184914761,R7 1740m Pace M,184914762,Harness,1740,Pace,39150397,7,The Mountain,LOSER,2.86,WINNER,,2145.24,5,2.74,2.84,2.89,3266.2,160,1.63,130,2.4,2265.79,,1.6,1.26,1.55,1.49,806.95,2.76,2.86,1.04,0.98
2/07/2021,4:25:00 PM,4:25:51 PM,Wagga,NSW,7,184914761,R7 1740m Pace M,184914762,Harness,1740,Pace,24051053,8,The Clock Winder,LOSER,87.2,LOSER,,92.93,85,28,85,42.08,123.8,980,85,980,249.06,8.79,,5.8,5,5.8,5.07,0.45,42,60,1.04,0.98
2/07/2021,4:25:00 PM,4:25:51 PM,Wagga,NSW,7,184914761,R7 1740m Pace M,184914762,Harness,1740,Pace,15424563,9,Dust To Diamonds,LOSER,62.68,LOSER,,92.8,100,19.5,50,52.83,116.55,980,65,980,218.44,9.54,,6.4,4.7,5,4.94,68,50,55,1.04,0.98
2/07/2021,4:25:00 PM,4:25:51 PM,Wagga,NSW,7,184914761,R7 1740m Pace M,184914762,Harness,1740,Pace,8432293,10,Norms Courage,LOSER,30.74,LOSER,,95.2,65,24,25,34.5,240.95,980,30,980,102.37,22.51,,4.8,3,3.8,3.96,156.65,34,48,1.04,0.98
2/07/2021,5:00:00 PM,5:00:40 PM,Wagga,NSW,8,184914763,R8 1740m Pace M,184914764,Harness,1740,Pace,27212816,1,Procurement,LOSER,3.96,WINNER,,3228.82,12,3.45,4.1,5.05,2400.42,720,2.66,720,5.39,504.14,,2.62,1.83,1.91,2.04,196.23,5.2,5.4,1.02,0.95
2/07/2021,5:00:00 PM,5:00:40 PM,Wagga,NSW,8,184914763,R8 1740m Pace M,184914764,Harness,1740,Pace,14582823,2,Penny Writer,LOSER,53.92,LOSER,,110.21,80,32,60,54.62,74.07,980,70,980,147.51,11.26,,7.4,7.4,7.4,7.4,0.04,55,60,1.02,0.95
2/07/2021,5:00:00 PM,5:00:40 PM,Wagga,NSW,8,184914763,R8 1740m Pace M,184914764,Harness,1740,Pace,28299809,3,Four Starzzz Lil,LOSER,90,LOSER,,49.18,120,34,90,70.22,51.76,1000,170,1000,627.91,17.29,,9,9,9,9,0.04,95,110,1.02,0.95
2/07/2021,5:00:00 PM,5:00:40 PM,Wagga,NSW,8,184914763,R8 1740m Pace M,184914764,Harness,1740,Pace,26801352,4,Fleetwood Rock,LOSER,22.3,LOSER,,450.95,28,17.5,22,22.41,318.79,910,16.5,910,54.35,38.73,,5.2,4.3,5,4.58,80.09,24,28,1.02,0.95
2/07/2021,5:00:00 PM,5:00:40 PM,Wagga,NSW,8,184914763,R8 1740m Pace M,184914764,Harness,1740,Pace,21819965,5,Marianna Bromac,LOSER,21.43,WINNER,,211.42,23,11.5,22,17.69,406.59,900,25,710,78.87,21.62,,4.4,3.6,4.4,4.15,66.96,18.5,21,1.02,0.95
2/07/2021,5:00:00 PM,5:00:40 PM,Wagga,NSW,8,184914763,R8 1740m Pace M,184914764,Harness,1740,Pace,32637664,6,Western Style,LOSER,7.37,LOSER,,1789.71,12.5,5.1,9.8,8.37,1084.51,1000,7.2,1000,51.61,112.6,,3.2,1.66,3.2,2.49,150.09,11,12,1.02,0.95
2/07/2021,5:00:00 PM,5:00:40 PM,Wagga,NSW,8,184914763,R8 1740m Pace M,184914764,Harness,1740,Pace,36418799,7,B K Swy,WINNER,3.57,WINNER,,3564.55,4.5,3.15,3.5,3.73,3268.52,3.95,1.01,1.01,1.56,3350.42,,1.86,1.55,1.75,1.71,189.26,3.55,3.7,1.02,0.95
2/07/2021,5:00:00 PM,5:00:40 PM,Wagga,NSW,8,184914763,R8 1740m Pace M,184914764,Harness,1740,Pace,36710833,8,Killara Missile,LOSER,3.75,LOSER,,3077.23,5.3,2.88,3.85,4.15,3720.91,970,3.7,820,14.49,297.4,,2.2,1.67,1.7,1.77,927.46,4.3,4.5,1.02,0.95
2/07/2021,5:00:00 PM,5:00:40 PM,Wagga,NSW,8,184914763,R8 1740m Pace M,184914764,Harness,1740,Pace,28277192,9,Good Time Nedra,LOSER,13.3,LOSER,,574.69,19,11.5,13.5,13.13,771.23,1000,8.8,1000,108.28,112.51,,3.2,2.9,2.96,3.08,100.12,11.5,13,1.02,0.95
2/07/2021,5:00:00 PM,5:00:40 PM,Wagga,NSW,8,184914763,R8 1740m Pace M,184914764,Harness,1740,Pace,9449537,10,Topsie Grinner,LOSER,129.15,LOSER,,35.64,150,42,120,106.03,51.87,980,70,980,191.58,6.98,,9.4,7.2,9.4,7.39,0.46,95,140,1.02,0.95
2/07/2021,5:37:00 PM,5:37:36 PM,Wagga,NSW,9,184914765,R9 1740m Pace M,184914766,Harness,1740,Pace,18953342,1,The Ideal Dancer,LOSER,38.57,LOSER,,97.95,75,40,44,53.18,57.18,720,38,720,76.63,29.88,,5,3.95,4.3,4.2,478.36,50,55,1.02,0.97
2/07/2021,5:37:00 PM,5:37:36 PM,Wagga,NSW,9,184914765,R9 1740m Pace M,184914766,Harness,1740,Pace,8421341,2,Streamliner,LOSER,10.82,WINNER,,369.6,15.5,8.4,10.5,10.29,617.59,44,1.15,3.45,4.93,413.43,,2.6,1.96,2.16,2.11,311.27,9.2,10.5,1.02,0.97
2/07/2021,5:37:00 PM,5:37:36 PM,Wagga,NSW,9,184914765,R9 1740m Pace M,184914766,Harness,1740,Pace,12817504,4,Threes A Charm,LOSER,40,LOSER,,56.82,65,26,40,40.65,970.82,720,15,720,36.94,113.67,,8.2,5.7,8.2,8.15,1.01,44,50,1.02,0.97
2/07/2021,5:37:00 PM,5:37:36 PM,Wagga,NSW,9,184914765,R9 1740m Pace M,184914766,Harness,1740,Pace,24985042,5,Dancelikeanangel,LOSER,3.03,WINNER,,7657.65,3.55,1.8,3.55,2.78,3979.35,230,2.08,230,3.16,5051.66,,1.53,1.29,1.53,1.42,155.11,2.9,2.94,1.02,0.97
2/07/2021,5:37:00 PM,5:37:36 PM,Wagga,NSW,9,184914765,R9 1740m Pace M,184914766,Harness,1740,Pace,28453010,6,Nobbys Clock,LOSER,15.7,LOSER,,208.4,26,16,19,18.29,188.08,280,5.2,280,18.4,182.14,,4.2,3.75,4.2,4.2,5.04,18.5,19,1.02,0.97
2/07/2021,5:37:00 PM,5:37:36 PM,Wagga,NSW,9,184914765,R9 1740m Pace M,184914766,Harness,1740,Pace,10585342,7,God Sake,WINNER,96.46,WINNER,,27.77,220,38,220,53.9,281.37,990,1.51,2.62,11.69,136.07,,16.5,8.2,16.5,14.33,0.68,95,140,1.02,0.97
2/07/2021,5:37:00 PM,5:37:36 PM,Wagga,NSW,9,184914765,R9 1740m Pace M,184914766,Harness,1740,Pace,27426835,8,Ultimate Rocker,LOSER,2.16,LOSER,,10003.59,5.2,2.6,2.6,3.16,3349.42,30,1.09,24,2.21,5963.41,,1.5,1.39,1.39,1.44,131.04,2.96,3.1,1.02,0.97
2/07/2021,5:37:00 PM,5:37:36 PM,Wagga,NSW,9,184914765,R9 1740m Pace M,184914766,Harness,1740,Pace,22213133,9,Rise Above This,LOSER,9.8,LOSER,,717.78,20,9.4,10,12.49,530.89,280,7.6,280,15.21,161.57,,2.78,2.36,2.4,2.41,85.41,11.5,12.5,1.02,0.97
2/07/2021,5:37:00 PM,5:37:36 PM,Wagga,NSW,9,184914765,R9 1740m Pace M,184914766,Harness,1740,Pace,12119403,10,Duke Jujon,LOSER,26,LOSER,,120.89,60,24,28,29.22,303.86,300,13.5,300,38.86,75.03,,4.9,3.8,4.5,4.62,14.09,32,34,1.02,0.97
3/07/2021,4:43:00 PM,4:44:50 PM,Albion Park,QLD,1,184954244,R1 1660m Pace M,184954245,Harness,1660,Pace,24796702,1,Ale Ale Kai,LOSER,39.39,LOSER,6.64,170.09,50,27,38,34.92,168.29,720,42,300,97.92,10.51,230.26,7,6,6.6,6.27,60.55,36,40,1.04,0.99
3/07/2021,4:43:00 PM,4:44:50 PM,Albion Park,QLD,1,184954244,R1 1660m Pace M,184954245,Harness,1660,Pace,39326255,2,Helgart,LOSER,44.46,LOSER,7.2,86.29,50,34,42,39.86,272.52,720,42,230,86.02,15.47,194.77,8,7,8,7.28,53.9,32,36,1.04,0.99
3/07/2021,4:43:00 PM,4:44:50 PM,Albion Park,QLD,1,184954244,R1 1660m Pace M,184954245,Harness,1660,Pace,18528254,3,Itzamajor Surprise,LOSER,135.98,LOSER,17.5,57.45,140,65,130,99.88,135.62,990,150,700,342.29,3.57,7.27,17.5,17.5,17.5,17.5,2.71,95,110,1.04,0.99
3/07/2021,4:43:00 PM,4:44:50 PM,Albion Park,QLD,1,184954244,R1 1660m Pace M,184954245,Harness,1660,Pace,4628559,4,La Bella Vita,WINNER,11.67,WINNER,3.11,443.14,18.5,9.6,11.5,11.24,2038.98,14.5,1.01,1.01,1.61,2230.74,526.12,4.4,3.05,3.05,3.31,148.43,11,11.5,1.04,0.99
3/07/2021,4:43:00 PM,4:44:50 PM,Albion Park,QLD,1,184954244,R1 1660m Pace M,184954245,Harness,1660,Pace,23696955,5,Miss Ruby Sunshine,LOSER,6.88,LOSER,2.76,709.53,13.5,6.2,7.8,8.63,2435.6,290,1.6,220,7.22,745.84,485.76,3.65,2.58,2.58,2.8,674.01,8.6,9,1.04,0.99
3/07/2021,4:43:00 PM,4:44:50 PM,Albion Park,QLD,1,184954244,R1 1660m Pace M,184954245,Harness,1660,Pace,27540176,6,Chevrons Reward,LOSER,37.51,LOSER,7.64,188.87,40,28,36,33,235.95,720,36,230,49.88,51.34,239.13,6.4,6.4,6.4,6.4,5,32,34,1.04,0.99
3/07/2021,4:43:00 PM,4:44:50 PM,Albion Park,QLD,1,184954244,R1 1660m Pace M,184954245,Harness,1660,Pace,10516972,7,Bettor Enforce,LOSER,3.64,LOSER,1.71,4846.86,3.8,3.1,3.55,3.51,9366.82,1000,3.55,1000,7.08,935.39,938.14,1.75,1.53,1.68,1.7,412.38,3.55,3.6,1.04,0.99
3/07/2021,4:43:00 PM,4:44:50 PM,Albion Park,QLD,1,184954244,R1 1660m Pace M,184954245,Harness,1660,Pace,19858546,8,Jeradas Delight,LOSER,24,LOSER,3.75,194.64,25,16.5,24,20.07,562.35,720,12,230,45.26,51.77,469.33,4,3.4,3.75,3.61,255.98,18.5,21,1.04,0.99
3/07/2021,4:43:00 PM,4:44:50 PM,Albion Park,QLD,1,184954244,R1 1660m Pace M,184954245,Harness,1660,Pace,16492766,9,Scarlet Babe,LOSER,4.47,WINNER,1.72,1853.3,4.4,2.86,4.2,3.62,10019.02,710,2.1,230,5.62,552.66,834.12,1.87,1.56,1.73,1.73,750.78,3.75,3.95,1.04,0.99
3/07/2021,4:43:00 PM,4:44:50 PM,Albion Park,QLD,1,184954244,R1 1660m Pace M,184954245,Harness,1660,Pace,13488550,10,Fame Assured,LOSER,7.6,WINNER,2.36,681.82,12,6.6,7.8,8.17,3112.53,290,2.2,11.5,8.99,308.31,432.97,2.88,2.24,2.26,2.36,251.45,8,8.4,1.04,0.99
3/07/2021,5:09:00 PM,5:10:11 PM,Albion Park,QLD,2,184954246,R2 1660m Pace M,184954247,Harness,1660,Pace,17020825,1,Bohannan,LOSER,480,LOSER,8.53,22.12,690,75,690,283.32,16.58,720,65,380,162.26,4.6,9.98,16.5,16.5,16.5,16.5,0.49,280,450,1.02,0.99
3/07/2021,5:09:00 PM,5:10:11 PM,Albion Park,QLD,2,184954246,R2 1660m Pace M,184954247,Harness,1660,Pace,2016522,2,Tactical Response,LOSER,170,LOSER,14.8,35.58,220,70,190,121.49,103.9,720,60,720,207.51,2.44,79.16,9,8.4,9,8.98,5.17,110,170,1.02,0.99
3/07/2021,5:09:00 PM,5:10:11 PM,Albion Park,QLD,2,184954246,R2 1660m Pace M,184954247,Harness,1660,Pace,12418333,3,Watch Pulp Fiction,LOSER,150,LOSER,13.91,42.78,400,75,150,192.79,70.19,720,150,720,183.43,10.76,39.05,12.5,11.5,12,12.34,26.42,220,360,1.02,0.99
3/07/2021,5:09:00 PM,5:10:11 PM,Albion Park,QLD,2,184954246,R2 1660m Pace M,184954247,Harness,1660,Pace,24690198,4,Bright Energy,LOSER,9.46,WINNER,1.39,497.03,12,7.2,9.2,8.78,2054.93,720,3.2,580,9.46,553.25,1359.51,1.7,1.38,1.44,1.48,1658.82,7.4,7.8,1.02,0.99
3/07/2021,5:09:00 PM,5:10:11 PM,Albion Park,QLD,2,184954246,R2 1660m Pace M,184954247,Harness,1660,Pace,22970694,5,Blacksadance,LOSER,11.5,WINNER,1.94,329.09,15,8.4,10.5,11.66,998.86,780,5,580,11.47,249.81,989.19,2.14,1.88,1.98,1.99,353.69,10.5,11,1.02,0.99
3/07/2021,5:09:00 PM,5:10:11 PM,Albion Park,QLD,2,184954246,R2 1660m Pace M,184954247,Harness,1660,Pace,18221522,6,Feelingforarainbow,LOSER,296.13,LOSER,9.06,38.48,230,80,200,144.18,26.63,720,95,720,301.56,18.97,247.95,11,8.2,11,8.96,161.57,130,160,1.02,0.99
3/07/2021,5:09:00 PM,5:10:11 PM,Albion Park,QLD,2,184954246,R2 1660m Pace M,184954247,Harness,1660,Pace,25267282,7,Expensive Ego,WINNER,1.34,WINNER,1.08,5420.09,1.65,1.28,1.35,1.34,36909.84,1.84,1.01,1.02,1.25,13740.32,23.9,1.09,1.04,1.08,1.07,3291.31,1.39,1.42,1.02,0.99
3/07/2021,5:09:00 PM,5:10:11 PM,Albion Park,QLD,2,184954246,R2 1660m Pace M,184954247,Harness,1660,Pace,28396462,8,Keayang Kreuzer,LOSER,65,LOSER,3.6,73.07,60,21,55,43.92,186.31,720,15.5,230,46.87,35.83,258.21,4.2,3.05,3.6,3.78,726.41,42,44,1.02,0.99
3/07/2021,5:09:00 PM,5:10:11 PM,Albion Park,QLD,2,184954246,R2 1660m Pace M,184954247,Harness,1660,Pace,22941446,9,Aphorism,LOSER,117.85,LOSER,8.8,50.3,190,48,130,101.66,63.08,960,20,700,140.9,19.63,56.08,10,7,7.8,7.39,122.92,110,120,1.02,0.99
3/07/2021,5:09:00 PM,5:10:11 PM,Albion Park,QLD,2,184954246,R2 1660m Pace M,184954247,Harness,1660,Pace,12714399,10,Sam Is Perfection,LOSER,59.82,LOSER,5.24,112.03,100,48,65,66.43,83.55,950,26,380,126.87,15.59,221.27,6,4.3,4.5,4.87,148.46,65,70,1.02,0.99
3/07/2021,5:38:00 PM,5:39:46 PM,Albion Park,QLD,3,184954248,R3 2138m Pace M,184954249,Harness,2138,Pace,11161129,1,Stompem,WINNER,15,WINNER,2.54,326.35,28,12.5,14.5,14.36,680.6,34,1.01,1.01,1.82,3308.09,419.33,4,2.42,2.52,2.85,413.39,13,13.5,1.03,0.98
3/07/2021,5:38:00 PM,5:39:46 PM,Albion Park,QLD,3,184954248,R3 2138m Pace M,184954249,Harness,2138,Pace,21912621,2,Mohs Em Down,LOSER,89.39,LOSER,7.43,77.55,90,46,80,62.41,70.39,720,80,720,140.1,14.87,72.77,8.4,8.4,8.4,8.4,6.57,55,65,1.03,0.98
3/07/2021,5:38:00 PM,5:39:46 PM,Albion Park,QLD,3,184954248,R3 2138m Pace M,184954249,Harness,2138,Pace,40050268,3,Kensington Bill,LOSER,19.04,LOSER,3.48,241.84,17.5,10.5,16,13.17,432.91,720,17.5,480,37.81,91.31,434.58,,,,,,11.5,12,1.03,0.98
3/07/2021,5:38:00 PM,5:39:46 PM,Albion Park,QLD,3,184954248,R3 2138m Pace M,184954249,Harness,2138,Pace,28672093,4,Will The Wizard,LOSER,1.95,WINNER,1.29,3324.68,2.3,1.84,1.95,2.12,19839.68,100,1.19,100,1.67,6454.92,2546.89,1.37,1.22,1.36,1.31,279.05,2.16,2.18,1.03,0.98
3/07/2021,5:38:00 PM,5:39:46 PM,Albion Park,QLD,3,184954248,R3 2138m Pace M,184954249,Harness,2138,Pace,21207981,5,Montana Chief,LOSER,16.08,LOSER,3.52,314.23,38,14,16,17.41,749.56,720,19,720,62.02,49.6,128.89,,,,,,17,18.5,1.03,0.98
3/07/2021,5:38:00 PM,5:39:46 PM,Albion Park,QLD,3,184954248,R3 2138m Pace M,184954249,Harness,2138,Pace,11062591,6,Misterfreeze,LOSER,25,LOSER,4.14,204.56,25,19,25,21.77,204.49,720,22,380,69.66,28.08,382.44,4.5,4,4.4,4.14,111.61,20,22,1.03,0.98
3/07/2021,5:38:00 PM,5:39:46 PM,Albion Park,QLD,3,184954248,R3 2138m Pace M,184954249,Harness,2138,Pace,21559998,7,Smokin By,LOSER,58.73,LOSER,7.2,82.14,60,22,55,31.03,570.53,910,44,910,161.73,16.96,5,7.2,7.2,7.2,7.2,4.98,42,48,1.03,0.98
3/07/2021,5:38:00 PM,5:39:46 PM,Albion Park,QLD,3,184954248,R3 2138m Pace M,184954249,Harness,2138,Pace,19101742,8,No Win No Feed,LOSER,28.2,WINNER,2.97,124.61,38,9.4,28,23.77,356.07,720,4.3,230,35.42,90.47,194.58,4.2,2.94,3.2,3.67,680.61,24,38,1.03,0.98
3/07/2021,5:38:00 PM,5:39:46 PM,Albion Park,QLD,3,184954248,R3 2138m Pace M,184954249,Harness,2138,Pace,10712727,9,Smooth Sailor,LOSER,5.8,LOSER,1.74,684.86,7.6,4.7,5.4,5.24,2331.29,720,4.6,290,8.97,413.95,1007.64,1.89,1.66,1.68,1.77,1914.15,5.6,5.8,1.03,0.98
3/07/2021,5:38:00 PM,5:39:46 PM,Albion Park,QLD,3,184954248,R3 2138m Pace M,184954249,Harness,2138,Pace,10993949,10,Jonah Jones,LOSER,38,LOSER,7.23,107.62,100,32,38,40.98,232.63,720,30,390,81,48.97,85.81,6,5.5,5.5,5.57,37,32,36,1.03,0.98
3/07/2021,6:09:00 PM,6:10:29 PM,Albion Park,QLD,4,184954250,R4 2647m Trot S,184954251,Harness,2647,Trot,13088620,1,Godofthunder,LOSER,13,WINNER,2.88,472.2,14.5,9.6,13,13.26,926.2,720,5,720,10.18,316.32,689.52,3.25,2.82,2.9,3.01,264.53,12,12.5,1.03,0.99
3/07/2021,6:09:00 PM,6:10:29 PM,Albion Park,QLD,4,184954250,R4 2647m Trot S,184954251,Harness,2647,Trot,17034240,2,Claudys Prince,LOSER,2.74,LOSER,1.49,2541.62,5.3,2.64,2.78,2.89,10877.77,1000,2.7,1000,34.91,275.7,972.75,1.53,1.44,1.48,1.47,247.77,2.76,2.8,1.03,0.99
3/07/2021,6:09:00 PM,6:10:29 PM,Albion Park,QLD,4,184954250,R4 2647m Trot S,184954251,Harness,2647,Trot,14866375,5,Puma Road,LOSER,45.35,LOSER,8.95,119.39,44,30,44,36.47,200.42,720,34,720,85.98,27.9,157.82,10,10,10,10,1.85,34,38,1.03,0.99
3/07/2021,6:09:00 PM,6:10:29 PM,Albion Park,QLD,4,184954250,R4 2647m Trot S,184954251,Harness,2647,Trot,19710325,6,Orlando Jolt,LOSER,6.74,LOSER,2.53,712.26,19,6.8,7,10.27,2615.91,900,5.4,900,12.29,358.11,366.52,3,2.36,2.54,2.64,344.37,11,11.5,1.03,0.99
3/07/2021,6:09:00 PM,6:10:29 PM,Albion Park,QLD,4,184954250,R4 2647m Trot S,184954251,Harness,2647,Trot,2296414,7,Aladdin Sane,LOSER,13.5,LOSER,4.5,540.88,23,14,14.5,16.66,559,910,12.5,420,29.77,119.82,207.27,5,4.4,4.5,4.54,101.29,21,22,1.03,0.99
3/07/2021,6:09:00 PM,6:10:29 PM,Albion Park,QLD,4,184954250,R4 2647m Trot S,184954251,Harness,2647,Trot,16024661,8,Musculus,LOSER,67.46,LOSER,8.8,70.21,65,26,65,37.88,103.07,920,65,920,192.68,14.63,114.99,7.6,6.6,7.6,6.66,41.7,38,40,1.03,0.99
3/07/2021,6:09:00 PM,6:10:29 PM,Albion Park,QLD,4,184954250,R4 2647m Trot S,184954251,Harness,2647,Trot,27356270,9,Red Castleton,LOSER,236.45,WINNER,27,21.07,230,40,230,97.91,38.36,1000,1.39,1000,25.44,207.34,39.72,25,19,25,21.05,2.15,95,160,1.03,0.99
3/07/2021,6:09:00 PM,6:10:29 PM,Albion Park,QLD,4,184954250,R4 2647m Trot S,184954251,Harness,2647,Trot,35620930,10,Sir Fahrenheit,LOSER,25.47,LOSER,4.57,119.98,27,17,22,21.03,289.49,720,4.4,720,41.54,61.15,261.19,6.4,4.1,4.5,4.59,392,21,24,1.03,0.99
3/07/2021,6:09:00 PM,6:10:29 PM,Albion Park,QLD,4,184954250,R4 2647m Trot S,184954251,Harness,2647,Trot,17429897,11,Northern Muscle,LOSER,74.77,LOSER,8.53,88.92,170,22,100,40.36,132.49,1000,3.6,200,62.74,55.85,107.11,10.5,5.6,10.5,7.21,56.6,34,36,1.03,0.99
3/07/2021,6:09:00 PM,6:10:29 PM,Albion Park,QLD,4,184954250,R4 2647m Trot S,184954251,Harness,2647,Trot,24608947,12,Humble Ladd,WINNER,6.6,WINNER,2.61,701.45,8,2.96,6.6,5.87,3185.61,6.6,1.01,1.01,1.52,7270.82,331.84,2.62,1.44,2.62,2.25,1680.18,5.9,6.2,1.03,0.99
3/07/2021,6:09:00 PM,6:10:29 PM,Albion Park,QLD,4,184954250,R4 2647m Trot S,184954251,Harness,2647,Trot,34138828,13,Majestic Simon,LOSER,9.85,LOSER,2.74,571.63,10.5,4.7,9.6,7.27,2697.61,230,2.14,110,3.61,1584.61,291.18,2.76,2.42,2.74,2.49,270.5,7.4,7.6,1.03,0.99
3/07/2021,6:43:00 PM,6:44:07 PM,Albion Park,QLD,5,184954252,R5 1660m Pace M,184954253,Harness,1660,Pace,21755917,2,Uncle Jord,LOSER,22.49,LOSER,4,190.37,36,16.5,19.5,18.4,434.48,720,20,720,41.35,47.43,291.99,4.2,3.85,4,4.04,56.18,18,19.5,1.04,0.98
3/07/2021,6:43:00 PM,6:44:07 PM,Albion Park,QLD,5,184954252,R5 1660m Pace M,184954253,Harness,1660,Pace,4027405,3,Balraj,LOSER,11.69,WINNER,3.24,415.27,17.5,7.2,12.5,11.75,1017.8,230,1.16,220,3.19,1490.3,223.72,3.7,2.3,2.8,2.72,523.49,14.5,16.5,1.04,0.98
3/07/2021,6:43:00 PM,6:44:07 PM,Albion Park,QLD,5,184954252,R5 1660m Pace M,184954253,Harness,1660,Pace,22373186,4,Rockin Marty,LOSER,15.13,WINNER,3.55,508.33,22,13,14,15.03,174.14,780,15,780,48.53,43.83,443.22,3.4,3.35,3.35,3.39,6,13.5,14.5,1.04,0.98
3/07/2021,6:43:00 PM,6:44:07 PM,Albion Park,QLD,5,184954252,R5 1660m Pace M,184954253,Harness,1660,Pace,12986498,5,Spankem,LOSER,2.63,LOSER,1.51,1909.15,2.92,2,2.6,2.61,14213.98,230,1.27,230,2.24,2355.2,666.94,1.51,1.39,1.44,1.46,304.77,2.76,2.82,1.04,0.98
3/07/2021,6:43:00 PM,6:44:07 PM,Albion Park,QLD,5,184954252,R5 1660m Pace M,184954253,Harness,1660,Pace,13425912,6,Colt Thirty One,LOSER,4.41,LOSER,1.6,982.79,14,3.6,4.2,5.02,4140.13,720,3.95,480,10.2,252.96,1344,3.85,1.6,1.64,2.17,633.33,3.6,3.8,1.04,0.98
3/07/2021,6:43:00 PM,6:44:07 PM,Albion Park,QLD,5,184954252,R5 1660m Pace M,184954253,Harness,1660,Pace,6330362,7,Maywyns Best,LOSER,40,LOSER,7.84,265.77,60,32,38,40.13,52.74,720,14.5,500,153.48,19.29,170.95,7.6,5.5,6.6,5.94,44.23,36,42,1.04,0.98
3/07/2021,6:43:00 PM,6:44:07 PM,Albion Park,QLD,5,184954252,R5 1660m Pace M,184954253,Harness,1660,Pace,2493921,8,Copy That,WINNER,9.6,WINNER,2.3,563.54,10.5,5.7,9.4,8.68,1208.89,190,1.01,1.01,1.65,3990.59,461.99,2.52,1.82,2.3,2.17,411.05,8.8,9.6,1.04,0.98
3/07/2021,6:43:00 PM,6:44:07 PM,Albion Park,QLD,5,184954252,R5 1660m Pace M,184954253,Harness,1660,Pace,7899759,9,Escalera,LOSER,66.21,LOSER,8.4,69.78,60,23,50,45.02,99.95,720,1.28,650,13,199.67,182.69,7,7,7,7,13.57,46,55,1.04,0.98
3/07/2021,6:43:00 PM,6:44:07 PM,Albion Park,QLD,5,184954252,R5 1660m Pace M,184954253,Harness,1660,Pace,20707673,10,Cardlesfromheaven,LOSER,136.54,LOSER,13.99,54.57,180,60,160,112.18,55.57,720,230,720,357.05,2.37,85.31,14.5,12,14.5,12.66,47.39,100,110,1.04,0.98
3/07/2021,6:43:00 PM,6:44:07 PM,Albion Park,QLD,5,184954252,R5 1660m Pace M,184954253,Harness,1660,Pace,36331351,11,Turn It Up,LOSER,34,LOSER,6.07,190.13,46,18.5,36,24.16,412.82,720,14,720,60.18,25.32,314.68,6.6,6.6,6.6,6.6,1.54,32,38,1.04,0.98
3/07/2021,7:11:00 PM,7:11:57 PM,Albion Park,QLD,6,184954254,R6 2647m Trot S,184954255,Harness,2647,Trot,12128032,1,One Night Out,LOSER,30.8,LOSER,5,206.6,36,21,32,25.22,330.4,720,11.5,720,36.08,34.99,365.57,5,4.8,5,4.94,22.68,24,27,1.04,0.97
3/07/2021,7:11:00 PM,7:11:57 PM,Albion Park,QLD,6,184954254,R6 2647m Trot S,184954255,Harness,2647,Trot,9007846,2,Il Pirata,LOSER,108.66,LOSER,13.86,65.11,140,75,130,95.14,31.63,720,50,720,132.52,8.01,178.61,9.8,9.8,9.8,9.8,0.02,85,90,1.04,0.97
3/07/2021,7:11:00 PM,7:11:57 PM,Albion Park,QLD,6,184954254,R6 2647m Trot S,184954255,Harness,2647,Trot,8545673,3,Father Christmas,LOSER,100,LOSER,12,88.2,100,42,100,73.69,63,720,28,720,63.08,23.56,138.4,12,9.8,12,11.31,23.23,70,90,1.04,0.97
3/07/2021,7:11:00 PM,7:11:57 PM,Albion Park,QLD,6,184954254,R6 2647m Trot S,184954255,Harness,2647,Trot,11689593,4,Matatoki,LOSER,467.18,LOSER,62.31,38.67,450,110,430,312.68,38.83,720,100,720,425.49,11.82,31.46,26,26,26,26,0.02,300,430,1.04,0.97
3/07/2021,7:11:00 PM,7:11:57 PM,Albion Park,QLD,6,184954254,R6 2647m Trot S,184954255,Harness,2647,Trot,4675218,5,Doug,LOSER,7.6,LOSER,2.46,890.3,18.5,7.2,7.2,9.17,1697.04,720,7.6,720,16.82,224.98,704.06,3.4,2.46,2.46,2.79,57.01,7.2,8,1.04,0.97
3/07/2021,7:11:00 PM,7:11:57 PM,Albion Park,QLD,6,184954254,R6 2647m Trot S,184954255,Harness,2647,Trot,35421288,7,Princess Faith,LOSER,55,LOSER,10.3,171.12,60,22,55,43.39,97.07,720,11,250,24.76,72.85,166.73,8,8,8,8,0.02,46,60,1.04,0.97
3/07/2021,7:11:00 PM,7:11:57 PM,Albion Park,QLD,6,184954254,R6 2647m Trot S,184954255,Harness,2647,Trot,24888255,8,Jansson,LOSER,303.5,LOSER,25.89,26.99,460,85,450,170.5,38.79,720,7.4,720,27.52,88.84,79.58,18,18,18,18,0.02,220,230,1.04,0.97
3/07/2021,7:11:00 PM,7:11:57 PM,Albion Park,QLD,6,184954254,R6 2647m Trot S,184954255,Harness,2647,Trot,1065834,9,Gold Chain,LOSER,4.86,WINNER,1.97,942.6,5.3,2.14,4.5,4.15,7120.01,720,2.32,720,3.43,2405.74,827.55,1.99,1.7,1.99,1.89,315.14,4.8,5.4,1.04,0.97
3/07/2021,7:11:00 PM,7:11:57 PM,Albion Park,QLD,6,184954254,R6 2647m Trot S,184954255,Harness,2647,Trot,35818881,10,More Shades Of Gold,LOSER,7.07,LOSER,2.24,1009.65,14,7.2,7.4,8.57,1494.21,720,2.6,720,17.4,296.4,608.78,2.98,2.24,2.3,2.33,256.92,7.8,8.2,1.04,0.97
3/07/2021,7:11:00 PM,7:11:57 PM,Albion Park,QLD,6,184954254,R6 2647m Trot S,184954255,Harness,2647,Trot,107822,11,Kingdom Come,LOSER,209.15,LOSER,18,56.14,250,110,230,195.22,21.46,720,60,230,200.41,14.51,106.81,18,11.5,18,13.7,8.85,200,230,1.04,0.97
3/07/2021,7:11:00 PM,7:11:57 PM,Albion Park,QLD,6,184954254,R6 2647m Trot S,184954255,Harness,2647,Trot,40050269,12,Flingandwingit,LOSER,25.55,LOSER,4.25,329.8,38,17.5,23,21.15,303.77,720,9.2,720,24.9,118.12,418.26,4.1,3.85,4,4,6.02,20,19.5,1.04,0.97
3/07/2021,7:11:00 PM,7:11:57 PM,Albion Park,QLD,6,184954254,R6 2647m Trot S,184954255,Harness,2647,Trot,40050270,13,Pink Galahs,WINNER,2.84,WINNER,1.49,5685.11,4.3,2.7,2.9,2.93,9646.54,32,1.01,1.01,2.5,5517.14,1108.28,1.52,1.46,1.47,1.5,357.16,2.82,2.9,1.04,0.97
3/07/2021,7:11:00 PM,7:11:57 PM,Albion Park,QLD,6,184954254,R6 2647m Trot S,184954255,Harness,2647,Trot,8934117,14,Our Overanova,LOSER,23.37,WINNER,4.4,283.22,40,14,18.5,19.69,690.15,230,1.35,160,4.96,838.84,378.64,4.8,3.5,3.5,4.75,10.01,17.5,18.5,1.04,0.97
3/07/2021,7:40:00 PM,7:41:14 PM,Albion Park,QLD,7,184954256,R7 1660m Pace M,184954257,Harness,1660,Pace,25268081,1,Islas Joy,LOSER,17.93,LOSER,2,318.18,38,15,16,19,1095.68,1000,10,1000,23.35,231.61,624.85,2.38,1.95,1.96,2.1,298.14,23,20,1.01,0.99
3/07/2021,7:40:00 PM,7:41:14 PM,Albion Park,QLD,7,184954256,R7 1660m Pace M,184954257,Harness,1660,Pace,24141147,2,Kash Us Back,LOSER,4.02,WINNER,1.22,1818.18,6.8,3,3.65,3.65,7630.5,1000,3.7,1000,10.7,403.84,1302.69,1.37,1.22,1.23,1.24,563.98,3.2,3.25,1.01,0.99
3/07/2021,7:40:00 PM,7:41:14 PM,Albion Park,QLD,7,184954256,R7 1660m Pace M,184954257,Harness,1660,Pace,19547608,3,Left A Terror,LOSER,210,LOSER,10.95,38.3,230,110,230,165.46,37.54,1000,170,1000,347.29,3.86,45.28,8,5.5,7.2,7.24,86.32,190,200,1.01,0.99
3/07/2021,7:40:00 PM,7:41:14 PM,Albion Park,QLD,7,184954256,R7 1660m Pace M,184954257,Harness,1660,Pace,36526820,4,It Aint The Money,LOSER,77.31,LOSER,14.41,103.28,160,48,85,58.08,443.54,1000,26,1000,88.29,20.68,86.68,29,5.7,19.5,6.66,20.65,90,100,1.01,0.99
3/07/2021,7:40:00 PM,7:41:14 PM,Albion Park,QLD,7,184954256,R7 1660m Pace M,184954257,Harness,1660,Pace,26695125,5,Henry Hu,LOSER,444.92,LOSER,20.75,51.63,490,240,410,324.25,16.16,1000,410,1000,463.61,11.58,,13.5,13.5,13.5,13.5,0.79,250,260,1.01,0.99
3/07/2021,7:40:00 PM,7:41:14 PM,Albion Park,QLD,7,184954256,R7 1660m Pace M,184954257,Harness,1660,Pace,17399064,6,Joannies Girl,LOSER,430.89,LOSER,25,38.07,530,250,410,391.46,38.2,1000,370,1000,523.79,9.76,9.95,34,16,34,30.16,34.86,280,410,1.01,0.99
3/07/2021,7:40:00 PM,7:41:14 PM,Albion Park,QLD,7,184954256,R7 1660m Pace M,184954257,Harness,1660,Pace,37535679,7,Italian Lad,LOSER,38,WINNER,3.92,246.99,44,11.5,36,26.25,251.58,1000,6.8,90,25.52,163.76,406.49,3.5,2.88,3.15,3,93.47,28,38,1.01,0.99
3/07/2021,7:40:00 PM,7:41:14 PM,Albion Park,QLD,7,184954256,R7 1660m Pace M,184954257,Harness,1660,Pace,3137709,8,Spirit Of St Louis,WINNER,1.67,WINNER,1.13,6916.7,1.82,1.37,1.66,1.69,29806.07,2.12,1.01,1.01,1.17,7541.76,617.36,1.14,1.09,1.13,1.11,2307.56,1.7,1.74,1.01,0.99
3/07/2021,7:40:00 PM,7:41:14 PM,Albion Park,QLD,7,184954256,R7 1660m Pace M,184954257,Harness,1660,Pace,19588156,9,We Salute You,LOSER,146.4,LOSER,7.7,63.53,170,55,170,108.75,47.12,1000,42,1000,79.69,30.37,192.03,6.4,4.2,5.9,4.77,13.52,130,170,1.01,0.99
3/07/2021,8:08:00 PM,8:08:54 PM,Albion Park,QLD,8,184954258,R8 1660m Pace M,184954259,Harness,1660,Pace,12741059,1,Franco Hampton,LOSER,4.94,LOSER,1.66,694.42,6,4.1,4.3,4.98,2077.87,720,3.6,720,6.63,460.25,694.78,1.74,1.57,1.69,1.64,138.35,5.2,5.5,1.04,0.99
3/07/2021,8:08:00 PM,8:08:54 PM,Albion Park,QLD,8,184954258,R8 1660m Pace M,184954259,Harness,1660,Pace,19597739,2,Just Joshin,LOSER,48.06,LOSER,5.49,127.56,60,34,60,43.95,123.56,720,29,80,79.95,10.59,227.02,6,5.2,6,6,15.63,44,50,1.04,0.99
3/07/2021,8:08:00 PM,8:08:54 PM,Albion Park,QLD,8,184954258,R8 1660m Pace M,184954259,Harness,1660,Pace,24985006,3,My Ultimate Star,WINNER,8,WINNER,2.07,689.84,11,6.4,8.6,8.16,1459.7,21,1.01,1.02,1.74,2957.02,537.86,2.18,1.91,2.18,2.01,41.06,8,8.4,1.04,0.99
3/07/2021,8:08:00 PM,8:08:54 PM,Albion Park,QLD,8,184954258,R8 1660m Pace M,184954259,Harness,1660,Pace,18528260,4,Two Times Bettor,LOSER,8.79,WINNER,1.88,381.51,9.4,7,9.2,7.56,826.3,230,1.97,230,11.5,83.77,403.68,2.12,1.83,2.12,1.87,115.98,7,7.6,1.04,0.99
3/07/2021,8:08:00 PM,8:08:54 PM,Albion Park,QLD,8,184954258,R8 1660m Pace M,184954259,Harness,1660,Pace,13001826,6,Aqua Miss,LOSER,269.8,LOSER,13.3,54.56,260,80,260,135,69.92,720,170,720,266.03,9.03,59.86,16,8.8,15.5,11.15,58.67,150,160,1.04,0.99
3/07/2021,8:08:00 PM,8:08:54 PM,Albion Park,QLD,8,184954258,R8 1660m Pace M,184954259,Harness,1660,Pace,35634439,7,Ranger Bomb,LOSER,2.08,WINNER,1.23,3736.46,2.64,1.93,2.1,2.06,10937.26,200,1.9,50,2.49,1684.37,887.41,1.25,1.19,1.25,1.23,47.54,2,2.04,1.04,0.99
3/07/2021,8:08:00 PM,8:08:54 PM,Albion Park,QLD,8,184954258,R8 1660m Pace M,184954259,Harness,1660,Pace,10699371,9,Jumping Jack Jimmy,LOSER,18.95,LOSER,2.58,426.46,25,14,22,19.04,498.13,780,16.5,720,32.8,69.73,452.6,3.45,2.14,2.98,2.78,771.37,21,24,1.04,0.99
3/07/2021,8:40:00 PM,8:40:53 PM,Albion Park,QLD,9,184954260,R9 2138m Pace M,184954261,Harness,2138,Pace,23278461,1,Lifeofbrian,LOSER,325.25,LOSER,11.5,31.29,320,90,320,179.81,45.04,760,85,730,165.13,10.17,42.83,13,8.2,11.5,9.68,47.71,120,200,1.03,0.99
3/07/2021,8:40:00 PM,8:40:53 PM,Albion Park,QLD,9,184954260,R9 2138m Pace M,184954261,Harness,2138,Pace,19100813,2,Nowhere Creek,LOSER,7.4,LOSER,2.28,622.67,10.5,5.7,8.2,8.23,1467.25,720,6,280,10.19,316.62,701.06,2.08,2.02,2.08,2.04,25.05,8,8.8,1.03,0.99
3/07/2021,8:40:00 PM,8:40:53 PM,Albion Park,QLD,9,184954260,R9 2138m Pace M,184954261,Harness,2138,Pace,159034,3,Blue Moon Rising,LOSER,607.13,LOSER,45.71,21.21,540,220,370,305.46,62.92,990,150,970,515.53,23.77,36.62,46,30,44,33.53,32.31,250,450,1.03,0.99
3/07/2021,8:40:00 PM,8:40:53 PM,Albion Park,QLD,9,184954260,R9 2138m Pace M,184954261,Harness,2138,Pace,25404147,4,Black Hawk Joe,LOSER,36,WINNER,4.36,179.52,90,22,32,27.17,306.15,720,6,230,29.52,138.92,411.83,4.4,3.9,3.95,4.26,17,23,25,1.03,0.99
3/07/2021,8:40:00 PM,8:40:53 PM,Albion Park,QLD,9,184954260,R9 2138m Pace M,184954261,Harness,2138,Pace,18953344,5,Make Mine Memphis,LOSER,11.19,LOSER,2.2,1313.39,15,9.2,13,12.12,1291.42,720,2.6,480,16.13,172.8,2082.84,2.5,2.08,2.46,2.3,329.69,12,12.5,1.03,0.99
3/07/2021,8:40:00 PM,8:40:53 PM,Albion Park,QLD,9,184954260,R9 2138m Pace M,184954261,Harness,2138,Pace,40050271,6,Ilikemebettor,WINNER,2.97,WINNER,1.23,2668.99,3.5,2,3.1,2.82,6192.19,3.2,1.01,1.01,1.55,5210.76,1587.65,1.29,1.17,1.23,1.24,1784.92,2.82,2.88,1.03,0.99
3/07/2021,8:40:00 PM,8:40:53 PM,Albion Park,QLD,9,184954260,R9 2138m Pace M,184954261,Harness,2138,Pace,24795454,7,Rock Fisherman,LOSER,348.99,WINNER,14,28.4,340,90,250,136.65,79.73,990,40,990,284.71,22.85,68.2,9.8,8,9.4,8.4,90.95,100,110,1.03,0.99
3/07/2021,8:40:00 PM,8:40:53 PM,Albion Park,QLD,9,184954260,R9 2138m Pace M,184954261,Harness,2138,Pace,24417669,8,Good As It Gets,LOSER,142.95,LOSER,13.95,33.26,250,95,180,141.1,57.5,760,110,700,203.13,8.02,65.67,10,8.2,8.4,8.48,41.46,100,140,1.03,0.99
3/07/2021,8:40:00 PM,8:40:53 PM,Albion Park,QLD,9,184954260,R9 2138m Pace M,184954261,Harness,2138,Pace,29816184,9,Tommy Lincoln,LOSER,2.24,LOSER,1.29,3476.53,3.6,2.22,2.4,2.52,5942.44,720,2.1,720,3.1,1909.72,1515.25,1.3,1.23,1.3,1.27,62.67,2.54,2.62,1.03,0.99
3/07/2021,9:08:00 PM,9:08:58 PM,Albion Park,QLD,10,184954262,R10 1660m Pace M,184954263,Harness,1660,Pace,39978396,1,Sweet Jemma,LOSER,4.08,WINNER,1.6,2025.77,4.3,3.3,3.9,3.67,6599.26,510,3.2,510,7.53,293.34,531.82,1.53,1.46,1.52,1.5,271.58,3.45,3.55,1.03,0.96
3/07/2021,9:08:00 PM,9:08:58 PM,Albion Park,QLD,10,184954262,R10 1660m Pace M,184954263,Harness,1660,Pace,22461962,2,Fairy Tinkabell,WINNER,5.17,WINNER,1.8,1049.81,5.9,4.4,4.5,5.08,2341.85,8.2,1.01,1.02,1.36,5750.58,394.22,1.88,1.63,1.87,1.65,95.53,5.3,5.9,1.03,0.96
3/07/2021,9:08:00 PM,9:08:58 PM,Albion Park,QLD,10,184954262,R10 1660m Pace M,184954263,Harness,1660,Pace,12714443,3,Dibaba,LOSER,25,LOSER,4.3,170.86,25,9.2,22,21.71,283.31,910,19,910,72.28,38.48,116.75,4.2,3.6,4.2,3.77,174.16,22,24,1.03,0.96
3/07/2021,9:08:00 PM,9:08:58 PM,Albion Park,QLD,10,184954262,R10 1660m Pace M,184954263,Harness,1660,Pace,27788528,4,Jenden Strike,LOSER,5.3,LOSER,1.77,609.9,6.6,4.4,5.2,4.99,2734.31,720,3.65,230,15.84,123.3,823.76,1.99,1.8,1.82,1.82,48.36,4.6,5.1,1.03,0.96
3/07/2021,9:08:00 PM,9:08:58 PM,Albion Park,QLD,10,184954262,R10 1660m Pace M,184954263,Harness,1660,Pace,28763070,5,Voodoo Lou,LOSER,70.5,LOSER,25.26,120,170,50,60,105.21,181.56,720,70,580,147.72,7.14,77.88,29,19.5,19.5,23.72,0.09,60,70,1.03,0.96
3/07/2021,9:08:00 PM,9:08:58 PM,Albion Park,QLD,10,184954262,R10 1660m Pace M,184954263,Harness,1660,Pace,2919226,6,Pelosi,LOSER,4.08,WINNER,1.87,1563.62,5.5,3.3,4.2,4.78,2228.49,720,3.15,720,6.49,625.95,311.06,2.02,1.81,1.97,1.95,322.04,4.7,5,1.03,0.96
3/07/2021,9:08:00 PM,9:08:58 PM,Albion Park,QLD,10,184954262,R10 1660m Pace M,184954263,Harness,1660,Pace,17117410,7,Brooklyns Best,LOSER,167.6,LOSER,15.94,59.7,210,110,160,157.11,104.19,720,140,500,186.81,32.29,56.29,18,15,15.5,16.73,308.43,150,160,1.03,0.96
3/07/2021,9:08:00 PM,9:08:58 PM,Albion Park,QLD,10,184954262,R10 1660m Pace M,184954263,Harness,1660,Pace,31376817,8,Yoha,LOSER,20.41,LOSER,3.45,284.73,22,14,19,18.75,423.6,720,2.9,400,27.73,127.14,190.15,3.8,3.35,3.45,3.51,222.88,18,19.5,1.03,0.96
3/07/2021,9:35:00 PM,9:35:52 PM,Albion Park,QLD,11,184954264,R11 1660m Pace M,184954265,Harness,1660,Pace,38618903,1,Kashed Up,WINNER,2.96,WINNER,1.74,1774.88,3.6,2.56,2.98,3.07,8810.02,5.3,1.01,1.03,1.18,6558.28,627.91,1.84,1.25,1.65,1.68,211.96,3.25,3.3,1.01,0.99
3/07/2021,9:35:00 PM,9:35:52 PM,Albion Park,QLD,11,184954264,R11 1660m Pace M,184954265,Harness,1660,Pace,28419996,2,Talent To Spare,LOSER,5.35,LOSER,2.72,1394.57,8,2.82,5.2,5.37,3392.01,230,2.24,230,3.32,2029.03,525.09,3.15,2.58,2.66,2.78,122.09,6.6,7,1.01,0.99
3/07/2021,9:35:00 PM,9:35:52 PM,Albion Park,QLD,11,184954264,R11 1660m Pace M,184954265,Harness,1660,Pace,37300224,3,Franco Nandor,LOSER,239.53,LOSER,210,31.82,360,90,260,158.23,57.21,720,30,720,118.17,14.43,1.74,400,170,180,180.7,1.77,180,220,1.01,0.99
3/07/2021,9:35:00 PM,9:35:52 PM,Albion Park,QLD,11,184954264,R11 1660m Pace M,184954265,Harness,1660,Pace,34985084,4,American Dealer,LOSER,3.62,WINNER,1.83,1575.29,6.2,2.74,3.25,3.17,7917.53,720,2.8,720,4.93,705.33,980.7,2.14,2.04,2.04,2.1,27.79,2.82,2.86,1.01,0.99
3/07/2021,9:35:00 PM,9:35:52 PM,Albion Park,QLD,11,184954264,R11 1660m Pace M,184954265,Harness,1660,Pace,7194623,5,Big Wheels,LOSER,7.2,LOSER,3.22,930.5,14,6.6,7,7.35,1579.57,720,6.2,720,27.78,66.41,360.46,3.05,3,3,3,87.74,6.6,6.8,1.01,0.99
3/07/2021,9:35:00 PM,9:35:52 PM,Albion Park,QLD,11,184954264,R11 1660m Pace M,184954265,Harness,1660,Pace,40050272,6,Delightful Dude,LOSER,26.3,LOSER,10.6,190.85,70,21,29,30.77,330.13,720,9,230,32.83,42.11,136.34,8.6,5.5,8.6,6.51,22.14,27,28,1.01,0.99
3/07/2021,9:35:00 PM,9:35:52 PM,Albion Park,QLD,11,184954264,R11 1660m Pace M,184954265,Harness,1660,Pace,28290680,7,Chamonix,LOSER,220,LOSER,155.22,34.23,360,60,230,149.37,56.23,720,65,720,183.07,8.48,0.57,350,28,350,31.66,26.04,210,220,1.01,0.99
3/07/2021,4:58:00 PM,4:59:11 PM,Bendigo,VIC,1,184948867,R1 1650m Pace M,184948868,Harness,1650,Pace,40049850,1,Yankee Gold,WINNER,4.3,WINNER,1.81,1266.59,6.6,4.1,4.4,4.45,10349.31,70,1.01,1.01,3.57,12018.7,1316.46,2.02,1.78,1.86,1.87,629.4,4.5,4.6,1.03,0.98
3/07/2021,4:58:00 PM,4:59:11 PM,Bendigo,VIC,1,184948867,R1 1650m Pace M,184948868,Harness,1650,Pace,19087650,2,Streitkid,LOSER,9.25,WINNER,2.96,1053.07,18.5,9,9.4,10.95,2834.65,1000,2.14,1000,13.04,586.88,230.6,3.1,2.78,2.78,2.91,12.64,10,10.5,1.03,0.98
3/07/2021,4:58:00 PM,4:59:11 PM,Bendigo,VIC,1,184948867,R1 1650m Pace M,184948868,Harness,1650,Pace,17202303,3,Doitson,LOSER,40.27,LOSER,6.98,146.37,40,16,36,24.43,543.22,1000,8.6,1000,139.78,32.66,156.83,7.8,6.6,6.6,6.75,15.37,29,32,1.03,0.98
3/07/2021,4:58:00 PM,4:59:11 PM,Bendigo,VIC,1,184948867,R1 1650m Pace M,184948868,Harness,1650,Pace,16836961,4,Brackenreid,LOSER,10.98,LOSER,3.72,580.96,22,11,11.5,12.8,560.64,1000,10,1000,73.37,73.5,448.82,4.1,3.55,3.55,3.67,21.78,12,13.5,1.03,0.98
3/07/2021,4:58:00 PM,4:59:11 PM,Bendigo,VIC,1,184948867,R1 1650m Pace M,184948868,Harness,1650,Pace,35510729,5,Hayden Bromac,LOSER,5.15,LOSER,2.1,1139.04,5.7,3.4,4.8,4.85,5046.1,1000,2.46,1000,11.48,731.05,813.32,1.87,1.87,1.87,1.87,0.17,4.9,5.1,1.03,0.98
3/07/2021,4:58:00 PM,4:59:11 PM,Bendigo,VIC,1,184948867,R1 1650m Pace M,184948868,Harness,1650,Pace,22119915,6,Stingray Tara,LOSER,7.71,LOSER,2.87,519.51,10.5,7.2,8.2,8.37,1598.34,1000,8,1000,33.37,202.96,424.09,2.76,2.72,2.72,2.74,89.92,9.2,9.6,1.03,0.98
3/07/2021,4:58:00 PM,4:59:11 PM,Bendigo,VIC,1,184948867,R1 1650m Pace M,184948868,Harness,1650,Pace,39890306,8,Rambleon,LOSER,80,LOSER,8.53,61.61,95,18.5,80,55.73,136.34,720,3.5,530,53.8,97.53,9.98,8.2,8,8,8.12,5,80,85,1.03,0.98
3/07/2021,4:58:00 PM,4:59:11 PM,Bendigo,VIC,1,184948867,R1 1650m Pace M,184948868,Harness,1650,Pace,39575319,9,Batman Barry,LOSER,19.48,WINNER,5.04,368.24,26,16,21,18.12,569.6,1000,6,1000,46.24,141.03,298.79,5.1,4.3,4.3,4.54,13.5,16.5,18,1.03,0.98
3/07/2021,4:58:00 PM,4:59:11 PM,Bendigo,VIC,1,184948867,R1 1650m Pace M,184948868,Harness,1650,Pace,17385668,10,Azza,LOSER,26.5,LOSER,10.46,368.25,30,17.5,30,23.01,1060.16,1000,12.5,1000,90.97,66.33,131.79,6.8,5.7,5.7,5.96,6.58,25,26,1.03,0.98
3/07/2021,4:58:00 PM,4:59:11 PM,Bendigo,VIC,1,184948867,R1 1650m Pace M,184948868,Harness,1650,Pace,28863286,11,Daylight At Dawn,LOSER,7.98,LOSER,2.41,731.72,7.8,5.5,7.6,6.6,1480.22,1000,2.18,1000,12.52,486.48,431.58,2.4,2.16,2.26,2.21,119.95,6.2,6.6,1.03,0.98
3/07/2021,5:28:00 PM,5:29:03 PM,Bendigo,VIC,2,184948869,R2 2150m Pace M,184948870,Harness,2150,Pace,5172030,1,She Will Rock,WINNER,25.42,WINNER,5.15,230.88,38,16.5,23,23,312.25,32,1.01,1.02,1.5,3022.53,252.67,,,,,,18,20,1.04,0.98
3/07/2021,5:28:00 PM,5:29:03 PM,Bendigo,VIC,2,184948869,R2 2150m Pace M,184948870,Harness,2150,Pace,27200778,2,Smoken Shazza,LOSER,68.58,LOSER,8.65,108.61,120,34,75,51.65,142.2,720,17.5,300,73.24,14.73,371.53,13.5,8.6,13,11.56,24.62,42,55,1.04,0.98
3/07/2021,5:28:00 PM,5:29:03 PM,Bendigo,VIC,2,184948869,R2 2150m Pace M,184948870,Harness,2150,Pace,22348217,3,Belladonna Girl,LOSER,3.74,WINNER,1.75,1584.15,8.8,3.25,4,3.61,10288.13,720,2.2,230,4.65,1626.9,1655.88,1.81,1.59,1.73,1.65,613.55,3.45,3.55,1.04,0.98
3/07/2021,5:28:00 PM,5:29:03 PM,Bendigo,VIC,2,184948869,R2 2150m Pace M,184948870,Harness,2150,Pace,26801370,4,Keayang Shady,LOSER,56.34,LOSER,8.53,116.97,100,50,65,65.59,134.33,720,22,230,113.6,13.38,9.98,11.5,11.5,11.5,11.5,6.57,55,65,1.04,0.98
3/07/2021,5:28:00 PM,5:29:03 PM,Bendigo,VIC,2,184948869,R2 2150m Pace M,184948870,Harness,2150,Pace,24128259,5,Divine Diva,LOSER,70,LOSER,8.53,123.92,80,40,75,57.7,71.26,920,70,920,294.41,11.16,9.98,,,,,,44,46,1.04,0.98
3/07/2021,5:28:00 PM,5:29:03 PM,Bendigo,VIC,2,184948869,R2 2150m Pace M,184948870,Harness,2150,Pace,23294154,6,Yannarie,LOSER,15,LOSER,4.4,502.91,25,15,15,18.5,1315.08,720,15,230,46.14,58.02,97.64,5.2,3.95,3.95,4.13,65.79,15.5,18,1.04,0.98
3/07/2021,5:28:00 PM,5:29:03 PM,Bendigo,VIC,2,184948869,R2 2150m Pace M,184948870,Harness,2150,Pace,34975768,7,Momentslikethese,LOSER,5.1,WINNER,1.97,1238.6,5.8,4,5.1,4.91,2920.84,720,2.8,690,9.28,274.12,630.56,2.04,1.89,1.89,1.96,295.35,4.9,5.1,1.04,0.98
3/07/2021,5:28:00 PM,5:29:03 PM,Bendigo,VIC,2,184948869,R2 2150m Pace M,184948870,Harness,2150,Pace,28152907,8,Final Peace,LOSER,14.71,LOSER,3,496.27,19,13,15,14.24,515.2,900,5.9,710,29.01,119.49,328.78,4.1,2.9,3,3.15,384.55,13.5,15,1.04,0.98
3/07/2021,5:28:00 PM,5:29:03 PM,Bendigo,VIC,2,184948869,R2 2150m Pace M,184948870,Harness,2150,Pace,40049851,9,Boxofchocolates,LOSER,3.61,LOSER,1.7,1832.05,5.2,2.64,3.75,3.9,5634.82,720,2.78,280,6.22,1007.79,841.06,2.06,1.61,1.73,1.7,143.2,4.7,4.9,1.04,0.98
3/07/2021,5:28:00 PM,5:29:03 PM,Bendigo,VIC,2,184948869,R2 2150m Pace M,184948870,Harness,2150,Pace,13072963,10,Pick Up Line,LOSER,12.5,LOSER,3.39,444.62,18,12,13,13.24,701.32,900,7.6,900,63.62,112.82,347.82,3.4,3.2,3.4,3.3,68.68,13.5,15,1.04,0.98
3/07/2021,5:58:00 PM,5:59:07 PM,Bendigo,VIC,3,184948871,R3 2150m Trot M,184948872,Harness,2150,Trot,22637952,1,Maorishadow,LOSER,119.89,LOSER,9.8,66.02,110,46,110,66.33,91.96,720,110,700,250.37,4,9.25,9.8,9.8,9.8,9.8,0.71,60,70,1.05,0.97
3/07/2021,5:58:00 PM,5:59:07 PM,Bendigo,VIC,3,184948871,R3 2150m Trot M,184948872,Harness,2150,Trot,24596068,2,Cyclone S Adams,LOSER,5.65,WINNER,2.53,2038.37,9.2,4.7,6,6.76,4203.55,230,4.3,230,6.26,681.84,515.7,2.88,2.16,2.32,2.38,160.2,6.8,7.6,1.05,0.97
3/07/2021,5:58:00 PM,5:59:07 PM,Bendigo,VIC,3,184948871,R3 2150m Trot M,184948872,Harness,2150,Trot,27212847,3,A Jewel In The Crown,LOSER,37.15,LOSER,6.71,199.64,55,28,36,32.64,501.59,250,20,250,60.23,31.36,170.84,6.8,6.4,6.4,6.6,47.76,28,29,1.05,0.97
3/07/2021,5:58:00 PM,5:59:07 PM,Bendigo,VIC,3,184948871,R3 2150m Trot M,184948872,Harness,2150,Trot,21411251,4,Scruffy Doolan,LOSER,110.59,LOSER,10.97,86.26,180,80,110,109.43,150.19,720,110,700,123.19,37.51,13.75,14,10.5,12.5,12.6,35.96,85,90,1.05,0.97
3/07/2021,5:58:00 PM,5:59:07 PM,Bendigo,VIC,3,184948871,R3 2150m Trot M,184948872,Harness,2150,Trot,18528249,5,Morgan Mylee,LOSER,58.55,LOSER,10.55,129.91,55,24,55,32.94,357.65,920,55,920,168.56,23.35,111.72,10.5,6.8,7,6.93,28.22,38,44,1.05,0.97
3/07/2021,5:58:00 PM,5:59:07 PM,Bendigo,VIC,3,184948871,R3 2150m Trot M,184948872,Harness,2150,Trot,10979131,6,Prosthesis,LOSER,46,LOSER,8.83,165.63,55,26,55,42.71,315.28,720,46,300,176.21,6.24,122.81,11.5,6.2,11.5,6.71,5.53,46,50,1.05,0.97
3/07/2021,5:58:00 PM,5:59:07 PM,Bendigo,VIC,3,184948871,R3 2150m Trot M,184948872,Harness,2150,Trot,23957735,7,Is That A Bid,LOSER,18.87,WINNER,6.82,275.78,16.5,5.6,16,10.73,867.35,720,17,420,35.52,61.67,265.81,3.6,2.36,3.6,3.19,52.79,11,11.5,1.05,0.97
3/07/2021,5:58:00 PM,5:59:07 PM,Bendigo,VIC,3,184948871,R3 2150m Trot M,184948872,Harness,2150,Trot,27399334,9,Rules Dont Apply,LOSER,32.21,LOSER,4.5,117.36,44,22,29,26.48,713.58,910,10.5,910,81.27,56.33,154.59,4.6,4.5,4.5,4.53,268.45,24,26,1.05,0.97
3/07/2021,5:58:00 PM,5:59:07 PM,Bendigo,VIC,3,184948871,R3 2150m Trot M,184948872,Harness,2150,Trot,18984521,10,Beau Garcon,LOSER,16,LOSER,3.9,326.15,19,13,16,14.97,743,720,3,230,10.1,212.3,256.71,4.8,4.3,4.3,4.4,39.78,16.5,18.5,1.05,0.97
3/07/2021,5:58:00 PM,5:59:07 PM,Bendigo,VIC,3,184948871,R3 2150m Trot M,184948872,Harness,2150,Trot,7846706,11,Norquay,LOSER,4.3,LOSER,1.9,1272.56,5.2,3.9,4.1,4.25,5684.17,720,4.2,230,11.83,438.86,608.86,1.96,1.83,1.88,1.93,40.57,4.2,4.4,1.05,0.97
3/07/2021,5:58:00 PM,5:59:07 PM,Bendigo,VIC,3,184948871,R3 2150m Trot M,184948872,Harness,2150,Trot,39803068,12,Kyvalley Chief,LOSER,6.06,LOSER,2.36,1184.11,8,6,6.4,6.73,2501.65,720,3.2,250,10.08,170.28,716.69,2.5,2.32,2.36,2.38,99.31,6.6,7,1.05,0.97
3/07/2021,5:58:00 PM,5:59:07 PM,Bendigo,VIC,3,184948871,R3 2150m Trot M,184948872,Harness,2150,Trot,39528261,13,Brandlo Prince,WINNER,4.84,WINNER,2.08,2037.27,7.8,4.6,5.1,5.51,3528.07,5,1.01,1.01,1.93,2565.43,697.36,2.22,1.94,1.94,2.1,219.78,4.9,5.3,1.05,0.97
3/07/2021,6:32:00 PM,6:32:59 PM,Bendigo,VIC,4,184948873,R4 2150m Pace M,184948874,Harness,2150,Pace,20357227,1,Arden Voyager,LOSER,2.24,LOSER,1.68,3404.36,4.1,2.32,2.38,2.63,14115.56,720,1.7,720,3.52,2831.48,1264.58,1.79,1.62,1.67,1.67,564.64,2.44,2.5,1.03,0.99
3/07/2021,6:32:00 PM,6:32:59 PM,Bendigo,VIC,4,184948873,R4 2150m Pace M,184948874,Harness,2150,Pace,27139781,2,Glenavril King,LOSER,7.41,LOSER,2.33,650.29,8.4,5.1,6.8,5.95,2474.23,720,3.8,230,7.88,596.98,1634.97,2.98,2.3,2.42,2.42,380.7,5.8,6,1.03,0.99
3/07/2021,6:32:00 PM,6:32:59 PM,Bendigo,VIC,4,184948873,R4 2150m Pace M,184948874,Harness,2150,Pace,18274274,3,Young Rooster,LOSER,30.14,WINNER,6.42,227.21,27,14.5,25,20.36,363.57,720,20,580,41.77,120.67,265.86,5.8,3.95,5.8,4.54,8.05,21,20,1.03,0.99
3/07/2021,6:32:00 PM,6:32:59 PM,Bendigo,VIC,4,184948873,R4 2150m Pace M,184948874,Harness,2150,Pace,40049852,4,Major Manbar,LOSER,11.74,LOSER,4.35,361.63,15,8.6,11.5,10.49,1326.82,720,11.5,720,38.97,84.5,403.94,5,4,4.4,4.47,15.61,9.2,10,1.03,0.99
3/07/2021,6:32:00 PM,6:32:59 PM,Bendigo,VIC,4,184948873,R4 2150m Pace M,184948874,Harness,2150,Pace,15313701,5,Vandanta,WINNER,10,WINNER,4.15,566.67,12,4.8,9.8,9.63,791.55,21,1.01,1.01,1.59,2346.49,190.01,4,3.5,3.95,3.94,10.31,10.5,11.5,1.03,0.99
3/07/2021,6:32:00 PM,6:32:59 PM,Bendigo,VIC,4,184948873,R4 2150m Pace M,184948874,Harness,2150,Pace,16638124,6,Boncel Benjamin,LOSER,5.2,LOSER,3.06,700.4,6,3.25,4.8,4.38,2303.93,880,3.6,170,7.86,830.36,919.64,3.6,2.12,2.9,2.82,77.2,5,5.4,1.03,0.99
3/07/2021,7:00:00 PM,7:01:20 PM,Bendigo,VIC,5,184948875,R5 2150m Pace M,184948876,Harness,2150,Pace,40049853,1,Would You Mind,LOSER,3.25,WINNER,1.47,1513.82,3.35,2.26,3.2,2.82,10093.88,720,2.64,180,4.98,766.78,908.04,1.57,1.33,1.57,1.39,505.05,2.72,2.76,1.03,0.99
3/07/2021,7:00:00 PM,7:01:20 PM,Bendigo,VIC,5,184948875,R5 2150m Pace M,184948876,Harness,2150,Pace,19393892,2,Villacci,LOSER,26.69,LOSER,5.6,182.91,55,21,21,26.56,599.71,720,34,490,92.47,16.25,87.15,6.6,3.95,4,4.34,87.61,30,32,1.03,0.99
3/07/2021,7:00:00 PM,7:01:20 PM,Bendigo,VIC,5,184948875,R5 2150m Pace M,184948876,Harness,2150,Pace,36331396,3,Bar Room Banta,LOSER,18.13,WINNER,4.38,172.71,21,10,16,16.29,1180.97,720,2.4,230,7.73,524.48,434.77,3.35,3.2,3.2,3.29,75.84,17,18,1.03,0.99
3/07/2021,7:00:00 PM,7:01:20 PM,Bendigo,VIC,5,184948875,R5 2150m Pace M,184948876,Harness,2150,Pace,19258126,4,Rocky Creed,LOSER,16.07,LOSER,3.6,350.31,20,11,15.5,16.65,417.45,900,10,420,64.49,62.24,224.27,4.7,3.55,3.6,3.67,38.37,17.5,19.5,1.03,0.99
3/07/2021,7:00:00 PM,7:01:20 PM,Bendigo,VIC,5,184948875,R5 2150m Pace M,184948876,Harness,2150,Pace,18277157,5,Hugo Rocks,LOSER,340.57,LOSER,663.45,35.04,400,210,300,292.12,52.3,1000,150,1000,493.59,8.23,0.05,1000,15,130,353.75,0.14,220,290,1.03,0.99
3/07/2021,7:00:00 PM,7:01:20 PM,Bendigo,VIC,5,184948875,R5 2150m Pace M,184948876,Harness,2150,Pace,7104374,6,Regulus,LOSER,249.9,LOSER,485.58,39.67,280,150,230,224.78,7.05,720,490,490,498.93,1.36,0.09,760,15.5,180,124.25,0.24,180,230,1.03,0.99
3/07/2021,7:00:00 PM,7:01:20 PM,Bendigo,VIC,5,184948875,R5 2150m Pace M,184948876,Harness,2150,Pace,27778001,8,Imnopumpkin,LOSER,34.44,LOSER,7.09,296.23,42,22,36,30.81,189.29,720,3.05,480,32.58,46.4,40.74,5.3,3.8,4.5,4.77,280.96,36,40,1.03,0.99
3/07/2021,7:00:00 PM,7:01:20 PM,Bendigo,VIC,5,184948875,R5 2150m Pace M,184948876,Harness,2150,Pace,21300776,9,Mongiana,LOSER,43.39,LOSER,6.97,139.38,48,18,38,37.23,211.42,720,5,230,49.99,32.48,235.6,7.6,6.2,6.2,6.39,9.47,40,44,1.03,0.99
3/07/2021,7:00:00 PM,7:01:20 PM,Bendigo,VIC,5,184948875,R5 2150m Pace M,184948876,Harness,2150,Pace,40049854,10,Jimmy The Irishman,WINNER,13.93,WINNER,3.87,317.94,17,12,14,13.91,843.75,28,1.01,1.01,1.52,1716.71,311.06,5.2,3.45,3.45,4.01,198.28,14,14.5,1.03,0.99
3/07/2021,7:00:00 PM,7:01:20 PM,Bendigo,VIC,5,184948875,R5 2150m Pace M,184948876,Harness,2150,Pace,22638120,11,Tango Tara,LOSER,2.9,LOSER,1.5,2346.95,3.85,2.78,2.92,2.96,6061.77,720,2.16,380,4.84,640.8,1604.02,1.57,1.42,1.57,1.45,222.54,2.84,2.9,1.03,0.99
3/07/2021,7:00:00 PM,7:01:20 PM,Bendigo,VIC,5,184948875,R5 2150m Pace M,184948876,Harness,2150,Pace,18984509,12,Untitled,LOSER,647.57,LOSER,887.8,31.95,930,230,570,401.91,7.58,490,490,490,490,0.6,0.28,990,28,310,656.52,0.38,220,530,1.03,0.99
3/07/2021,7:00:00 PM,7:01:20 PM,Bendigo,VIC,5,184948875,R5 2150m Pace M,184948876,Harness,2150,Pace,40049855,13,Jemsoms Pet,LOSER,53.56,LOSER,13.79,126.77,65,36,65,48.93,247.16,920,80,230,241.7,3.27,83.44,10,6.8,9.4,8.8,77.62,50,60,1.03,0.99
3/07/2021,7:32:00 PM,7:33:06 PM,Bendigo,VIC,6,184948877,R6 1650m Pace M,184948878,Harness,1650,Pace,17971521,1,Huli Nien,LOSER,4,LOSER,1.83,1216.72,4.4,2.8,4,3.83,4552.55,720,3.2,720,6.99,372.12,1109.11,1.9,1.7,1.72,1.74,1049.61,4.2,4.4,1.03,0.97
3/07/2021,7:32:00 PM,7:33:06 PM,Bendigo,VIC,6,184948877,R6 1650m Pace M,184948878,Harness,1650,Pace,36610534,2,Major Assassin,LOSER,78.28,LOSER,11,104.01,110,26,75,47.83,76.83,720,22,300,56.96,17.41,110.9,9,7.6,8,8.07,11.96,48,50,1.03,0.97
3/07/2021,7:32:00 PM,7:33:06 PM,Bendigo,VIC,6,184948877,R6 1650m Pace M,184948878,Harness,1650,Pace,22399366,3,Ozzie Battler,LOSER,10.37,LOSER,2.8,361.09,11.5,8,10.5,8.95,2100.04,720,3.25,230,10.55,543.49,651.58,2.98,2.72,2.94,2.81,95.96,9,9.4,1.03,0.97
3/07/2021,7:32:00 PM,7:33:06 PM,Bendigo,VIC,6,184948877,R6 1650m Pace M,184948878,Harness,1650,Pace,355295,4,Highway To Heaven,LOSER,4.55,WINNER,1.9,1048.5,6.2,4.3,4.6,4.89,1917.89,720,2.18,720,8.97,235.77,649.22,2.2,1.82,1.82,1.82,82.02,4.6,4.7,1.03,0.97
3/07/2021,7:32:00 PM,7:33:06 PM,Bendigo,VIC,6,184948877,R6 1650m Pace M,184948878,Harness,1650,Pace,18740325,5,Still Hungover,LOSER,12.5,WINNER,3.89,325.45,23,11.5,12.5,13.43,1263.73,720,16,720,58.42,27.54,356.8,4.4,3.7,3.7,3.82,4.88,13.5,15,1.03,0.97
3/07/2021,7:32:00 PM,7:33:06 PM,Bendigo,VIC,6,184948877,R6 1650m Pace M,184948878,Harness,1650,Pace,23202300,6,Im No Outlaw,LOSER,130,LOSER,122.5,51.02,130,85,130,105.6,43.11,720,48,700,139.61,8.11,,13.5,13.5,13.5,13.5,0.25,85,95,1.03,0.97
3/07/2021,7:32:00 PM,7:33:06 PM,Bendigo,VIC,6,184948877,R6 1650m Pace M,184948878,Harness,1650,Pace,40049856,7,Major Meister,LOSER,59.93,LOSER,7.4,127.35,70,30,55,42.39,583.72,720,70,230,183.22,4.06,217.22,10.5,7.4,7.6,10.06,86.63,34,42,1.03,0.97
3/07/2021,7:32:00 PM,7:33:06 PM,Bendigo,VIC,6,184948877,R6 1650m Pace M,184948878,Harness,1650,Pace,24327122,9,Struve,LOSER,9.08,LOSER,2.37,720.89,10,5.5,10,7.54,1856.44,720,12,420,74.07,16.13,592.88,3.2,2.3,2.44,2.33,2450.92,7.8,8,1.03,0.97
3/07/2021,7:32:00 PM,7:33:06 PM,Bendigo,VIC,6,184948877,R6 1650m Pace M,184948878,Harness,1650,Pace,24796347,10,Jamieson Steele,WINNER,11.5,WINNER,3.2,330.75,14,9.8,11.5,11.34,982.65,12,1.03,1.03,1.31,1315.49,602.06,3.3,2.9,2.9,2.92,258.67,10.5,11.5,1.03,0.97
3/07/2021,7:32:00 PM,7:33:06 PM,Bendigo,VIC,6,184948877,R6 1650m Pace M,184948878,Harness,1650,Pace,19451941,11,Enchanted Stride,LOSER,9.8,LOSER,3.15,360.49,12,7.8,10,9.13,1971.87,30,3.2,30,9.51,174.24,536.43,3.15,2.96,3.15,3.01,34.51,9.8,10.5,1.03,0.97
3/07/2021,8:03:00 PM,8:04:05 PM,Bendigo,VIC,7,184948879,R7 2150m Pace M,184948880,Harness,2150,Pace,20129319,1,Rupert Of Lincoln,LOSER,14.11,LOSER,3.25,748.98,18,10,13.5,12.88,369.08,720,13.5,420,39.84,69.77,446.93,3.2,2.62,2.84,2.95,269.41,12,13,1.01,0.98
3/07/2021,8:03:00 PM,8:04:05 PM,Bendigo,VIC,7,184948879,R7 2150m Pace M,184948880,Harness,2150,Pace,23586473,3,Torrid Saint,LOSER,6.8,WINNER,2.26,1602.99,10,6.4,6.6,7.24,2035.12,480,1.96,480,9.35,247.75,810.8,2.56,2.18,2.18,2.26,358.41,7.8,6.8,1.01,0.98
3/07/2021,8:03:00 PM,8:04:05 PM,Bendigo,VIC,7,184948879,R7 2150m Pace M,184948880,Harness,2150,Pace,37398316,4,Western Sonador,WINNER,2.86,WINNER,1.54,2353.82,3,2.32,2.82,2.69,9516.24,2.9,1.01,1.01,1.4,4249.63,1326.59,1.56,1.47,1.53,1.53,90.51,2.82,2.88,1.01,0.98
3/07/2021,8:03:00 PM,8:04:05 PM,Bendigo,VIC,7,184948879,R7 2150m Pace M,184948880,Harness,2150,Pace,27223794,5,Always Fast,LOSER,8.87,LOSER,2.98,545.29,9.4,6.4,8.4,8.08,1094.72,720,8.8,690,24.59,76.83,655.22,3,2.5,2.98,2.58,36.31,8.6,9.2,1.01,0.98
3/07/2021,8:03:00 PM,8:04:05 PM,Bendigo,VIC,7,184948879,R7 2150m Pace M,184948880,Harness,2150,Pace,13334170,6,Iolanta,LOSER,97.08,WINNER,11.61,64.98,85,42,85,57.5,120.28,290,40,290,149.65,25.9,110.66,8.4,8,8.4,8.01,10.18,55,65,1.01,0.98
3/07/2021,8:03:00 PM,8:04:05 PM,Bendigo,VIC,7,184948879,R7 2150m Pace M,184948880,Harness,2150,Pace,24326518,7,Santa Casa Beach,LOSER,16.73,LOSER,4.3,560.36,27,16,17.5,18.61,421.19,720,16.5,280,48.54,57.39,406.53,4.4,4,4.4,4.15,78.19,17.5,18.5,1.01,0.98
3/07/2021,8:03:00 PM,8:04:05 PM,Bendigo,VIC,7,184948879,R7 2150m Pace M,184948880,Harness,2150,Pace,23047292,8,Boy From Bondi,LOSER,232.05,LOSER,1001,33.44,230,80,230,120.12,44.95,930,19.5,930,174.05,24.23,,18,13,14.5,15.57,1.93,100,120,1.01,0.98
3/07/2021,8:03:00 PM,8:04:05 PM,Bendigo,VIC,7,184948879,R7 2150m Pace M,184948880,Harness,2150,Pace,22370251,9,Idealsomemagic,LOSER,1000,LOSER,785.87,17.68,480,280,480,372.69,28.65,1000,100,670,502.35,28.1,0.09,980,19.5,350,285.47,0.27,350,480,1.01,0.98
3/07/2021,8:03:00 PM,8:04:05 PM,Bendigo,VIC,7,184948879,R7 2150m Pace M,184948880,Harness,2150,Pace,28417592,10,Sirletic,LOSER,8.71,LOSER,2.9,1072.99,13.5,9,9.4,10.36,1146.67,720,6,720,19.31,143.03,292.94,2.94,2.72,2.72,2.75,0.68,10,11,1.01,0.98
3/07/2021,8:03:00 PM,8:04:05 PM,Bendigo,VIC,7,184948879,R7 2150m Pace M,184948880,Harness,2150,Pace,21938012,11,Rackemup Tigerpie,LOSER,54.79,LOSER,14.1,130.19,100,40,46,46.82,268.62,720,34,230,60.43,52.26,,9.2,9.2,9.2,9.2,0.52,50,55,1.01,0.98
3/07/2021,8:03:00 PM,8:04:05 PM,Bendigo,VIC,7,184948879,R7 2150m Pace M,184948880,Harness,2150,Pace,40049857,12,Bettor Be The Bomb,LOSER,45.44,LOSER,9.11,179.95,50,36,44,43.69,136.82,720,55,720,97.4,19.05,169.56,7.6,6.8,7.4,7.32,13.43,44,48,1.01,0.98
3/07/2021,8:03:00 PM,8:04:05 PM,Bendigo,VIC,7,184948879,R7 2150m Pace M,184948880,Harness,2150,Pace,26204851,13,Shadow Sax,LOSER,12.09,LOSER,3.21,562.2,13.5,7.6,11.5,10.29,1016.92,890,11.5,890,59.92,53.86,341.4,3.5,2.62,3.25,3.16,98.45,10,11,1.01,0.98
3/07/2021,8:33:00 PM,8:34:02 PM,Bendigo,VIC,8,184948881,R8 2150m Trot M,184948882,Harness,2150,Trot,36331420,1,Majestic Courtney,LOSER,7.2,WINNER,2.7,804.82,23,6.8,7.6,8.87,2935.36,38,2.6,20,6.59,198.39,234.27,2.88,2.2,2.62,2.7,63.31,7,7.4,1.02,0.98
3/07/2021,8:33:00 PM,8:34:02 PM,Bendigo,VIC,8,184948881,R8 2150m Trot M,184948882,Harness,2150,Trot,27483310,2,Travel Bug,WINNER,82.98,WINNER,44.1,109.22,90,55,80,72.31,73.69,720,32,720,127.52,19.17,,13,8.8,9.4,9.09,103.95,70,75,1.02,0.98
3/07/2021,8:33:00 PM,8:34:02 PM,Bendigo,VIC,8,184948881,R8 2150m Trot M,184948882,Harness,2150,Trot,28222653,3,Anywhere Hugo,LOSER,50,LOSER,31.3,102.96,60,30,50,45.71,125.17,720,42,720,97.49,26.61,,7.6,6.8,6.8,7.58,8.78,48,50,1.02,0.98
3/07/2021,8:33:00 PM,8:34:02 PM,Bendigo,VIC,8,184948881,R8 2150m Trot M,184948882,Harness,2150,Trot,20996545,4,Aldebaran Crescent,LOSER,11.07,WINNER,2.61,926.79,8.4,5.5,8,7.23,1591.53,22,1.03,1.07,2.67,1393.28,198.35,2.48,2.3,2.3,2.3,5.8,7.4,8,1.02,0.98
3/07/2021,8:33:00 PM,8:34:02 PM,Bendigo,VIC,8,184948881,R8 2150m Trot M,184948882,Harness,2150,Trot,11659832,5,Maori Law,LOSER,17.34,LOSER,3.72,235.61,23,15,16.5,16.25,437.79,910,17,90,50.31,106.91,269.94,3.85,3.75,3.75,3.76,85.35,15.5,16.5,1.02,0.98
3/07/2021,8:33:00 PM,8:34:02 PM,Bendigo,VIC,8,184948881,R8 2150m Trot M,184948882,Harness,2150,Trot,11151932,6,Sundons Courage,LOSER,16.46,LOSER,4.6,336.29,17.5,11.5,15.5,14.48,853.57,420,10.5,280,44.59,49.61,373.76,5.4,3.6,3.6,5.06,2.01,13,14,1.02,0.98
3/07/2021,8:33:00 PM,8:34:02 PM,Bendigo,VIC,8,184948881,R8 2150m Trot M,184948882,Harness,2150,Trot,17744402,7,Robbie Royale,LOSER,185.22,LOSER,48,51.06,160,55,150,99.53,88.1,960,160,700,277.31,8.38,,13,13,13,13,0.17,120,140,1.02,0.98
3/07/2021,8:33:00 PM,8:34:02 PM,Bendigo,VIC,8,184948881,R8 2150m Trot M,184948882,Harness,2150,Trot,19543942,8,Nephew Of Sonoko,LOSER,19.99,LOSER,5.81,257.03,24,15,19.5,17.51,546.55,230,10,200,45.02,15.98,324.25,3.8,3.8,3.8,3.8,1.02,16.5,17.5,1.02,0.98
3/07/2021,8:33:00 PM,8:34:02 PM,Bendigo,VIC,8,184948881,R8 2150m Trot M,184948882,Harness,2150,Trot,10791223,9,Sparkling Success,LOSER,3.66,LOSER,1.86,2393.32,4.2,2.44,3.8,3.28,12903.64,250,2.88,250,7.19,616.02,367.85,1.82,1.4,1.67,1.49,355.05,3.95,4,1.02,0.98
3/07/2021,8:33:00 PM,8:34:02 PM,Bendigo,VIC,8,184948881,R8 2150m Trot M,184948882,Harness,2150,Trot,35709522,10,Keayang Livana,LOSER,3.67,LOSER,1.7,1778.51,5.6,3.65,3.8,4.18,3686.78,230,2,110,4.99,268.82,1036.52,1.74,1.68,1.68,1.7,38.72,4.1,4.2,1.02,0.98
3/07/2021,9:00:00 PM,9:01:07 PM,Bendigo,VIC,9,184948883,R9 2150m Pace M,184948884,Harness,2150,Pace,36408779,1,Isabella Princess,LOSER,1000,LOSER,120,21.66,380,230,380,277.05,46.82,1000,210,1000,809.19,9.56,9.95,50,46,50,49.64,45.38,280,290,1.02,0.99
3/07/2021,9:00:00 PM,9:01:07 PM,Bendigo,VIC,9,184948883,R9 2150m Pace M,184948884,Harness,2150,Pace,39678816,2,Jilliby Dynamite,LOSER,5.8,LOSER,2.42,685.11,6.6,3.3,5.7,4.86,5072.39,1000,1.13,1000,7.12,472.01,464.86,2.66,1.92,2.26,2.25,379.03,5.6,5.8,1.02,0.99
3/07/2021,9:00:00 PM,9:01:07 PM,Bendigo,VIC,9,184948883,R9 2150m Pace M,184948884,Harness,2150,Pace,37258127,3,Spring In His Step,LOSER,3.11,LOSER,1.71,1427.91,4,2.68,3.1,3.03,6950.8,1000,2.28,1000,9.62,609.86,930.16,1.74,1.64,1.74,1.71,98.18,2.98,3.05,1.02,0.99
3/07/2021,9:00:00 PM,9:01:07 PM,Bendigo,VIC,9,184948883,R9 2150m Pace M,184948884,Harness,2150,Pace,1410343,4,Starvin Marvin,LOSER,55,LOSER,13.85,114.74,55,32,55,38.72,270.85,1000,7.4,1000,40.9,127.95,82.7,9.4,9,9,9.38,5.24,34,36,1.02,0.99
3/07/2021,9:00:00 PM,9:01:07 PM,Bendigo,VIC,9,184948883,R9 2150m Pace M,184948884,Harness,2150,Pace,38138894,5,Bondi Lockdown,WINNER,2.41,WINNER,1.52,3272.8,3.4,2.4,2.46,2.62,8155.57,12,1.01,1.01,2.43,5415.74,750.66,1.64,1.47,1.47,1.54,169.53,2.6,2.64,1.02,0.99
3/07/2021,9:00:00 PM,9:01:07 PM,Bendigo,VIC,9,184948883,R9 2150m Pace M,184948884,Harness,2150,Pace,36394595,6,Apieceoflou,LOSER,11.4,WINNER,3.64,1020.37,15,7.6,12,11.14,2203.64,730,1.12,730,5.27,702.82,351.92,4,3.5,4,3.63,29.46,11.5,12,1.02,0.99
3/07/2021,9:30:00 PM,9:31:54 PM,Bendigo,VIC,10,184948885,R10 1650m Pace M,184948886,Harness,1650,Pace,11078062,1,Zuberi,LOSER,4.75,LOSER,1.99,1929.75,8.8,4.2,4.8,4.8,6658.43,720,4,510,16.06,321.92,1114.79,2.24,1.79,1.99,1.9,935.76,4.4,4.7,1.03,0.97
3/07/2021,9:30:00 PM,9:31:54 PM,Bendigo,VIC,10,184948885,R10 1650m Pace M,184948886,Harness,1650,Pace,21559924,2,Toby Ogara,WINNER,33.04,WINNER,8.5,320.99,55,26,36,33.2,370.46,110,1.01,1.01,2.03,1451.34,147.2,7.4,7.4,7.4,7.4,0.48,38,42,1.03,0.97
3/07/2021,9:30:00 PM,9:31:54 PM,Bendigo,VIC,10,184948885,R10 1650m Pace M,184948886,Harness,1650,Pace,22153248,3,Manassa Sky,LOSER,188.81,LOSER,13,141.11,230,65,110,102.65,210.74,930,15,930,161.2,67.25,44.97,13,9,13,10.07,120.89,90,100,1.03,0.97
3/07/2021,9:30:00 PM,9:31:54 PM,Bendigo,VIC,10,184948885,R10 1650m Pace M,184948886,Harness,1650,Pace,17733222,4,Roslyn Gaye,LOSER,47.89,LOSER,8.07,184.29,80,26,40,39.87,225.75,720,8.2,720,47.65,96.3,123.31,7.6,6.4,6.6,6.55,396.88,50,55,1.03,0.97
3/07/2021,9:30:00 PM,9:31:54 PM,Bendigo,VIC,10,184948885,R10 1650m Pace M,184948886,Harness,1650,Pace,17399091,5,Sheer Modern,LOSER,61.84,LOSER,7.12,198.57,80,18,55,52.42,280.11,720,60,720,131.11,10.35,165.22,9.8,5.3,7.2,6.87,302.74,70,80,1.03,0.97
3/07/2021,9:30:00 PM,9:31:54 PM,Bendigo,VIC,10,184948885,R10 1650m Pace M,184948886,Harness,1650,Pace,23202355,7,Wotdidusaaay,LOSER,5.9,WINNER,2.18,853,9.8,5.3,5.4,6.17,2579.11,720,4,720,14.5,118.91,768.17,2.5,2.16,2.22,2.3,666.29,6.2,6.6,1.03,0.97
3/07/2021,9:30:00 PM,9:31:54 PM,Bendigo,VIC,10,184948885,R10 1650m Pace M,184948886,Harness,1650,Pace,38858883,8,Sporty Azz,LOSER,8.75,LOSER,2.8,489.04,11.5,7.6,8.2,8.32,1163.44,230,8.6,230,14.92,120.55,447.98,3.15,2.6,2.6,2.74,428.44,7.8,8.6,1.03,0.97
3/07/2021,9:30:00 PM,9:31:54 PM,Bendigo,VIC,10,184948885,R10 1650m Pace M,184948886,Harness,1650,Pace,27757624,9,Mister Jimaringle,LOSER,14.35,LOSER,2.83,377.19,14.5,4.2,11,9.9,2429.01,720,5.3,720,17.38,128.09,441.6,2.8,1.76,2.8,2.49,308.84,9.4,9.8,1.03,0.97
3/07/2021,9:30:00 PM,9:31:54 PM,Bendigo,VIC,10,184948885,R10 1650m Pace M,184948886,Harness,1650,Pace,31079432,10,Vanity Bay,LOSER,5.6,WINNER,2.33,2284.09,6,3.35,5.6,4.76,2661.39,230,1.04,230,2.57,456.5,511.36,2.34,1.7,2.34,1.89,78.6,4.9,5.2,1.03,0.97
3/07/2021,9:30:00 PM,9:31:54 PM,Bendigo,VIC,10,184948885,R10 1650m Pace M,184948886,Harness,1650,Pace,27139791,11,Run Boy Run,LOSER,6.03,LOSER,2.36,626.59,15,6,6,7.11,2663.01,720,3.6,720,45.04,21.58,693.39,2.52,2.36,2.38,2.4,38.45,7.4,7.8,1.03,0.97
3/07/2021,8:20:00 PM,8:20:45 PM,Bunbury,WA,1,184955495,R1 2100m Pace M,184955496,Harness,2100,Pace,40049859,1,Ponzi Beach,LOSER,6.13,LOSER,3.01,429.38,11,5.6,5.7,6.69,2460.22,290,2.12,290,15.26,247.51,366.04,3.05,2.42,2.68,2.9,411.51,9.4,8,1.01,1.01
3/07/2021,8:20:00 PM,8:20:45 PM,Bunbury,WA,1,184955495,R1 2100m Pace M,184955496,Harness,2100,Pace,40049860,2,Radiant Bay,LOSER,7.23,LOSER,3.75,828.95,16.5,6.6,7,9.13,1705.39,9.6,3.25,9.6,5.63,154.11,344.34,4.2,3.45,3.5,3.96,326.28,12.5,13,1.01,1.01
3/07/2021,8:20:00 PM,8:20:45 PM,Bunbury,WA,1,184955495,R1 2100m Pace M,184955496,Harness,2100,Pace,39465490,3,Captains Cote,LOSER,9,LOSER,4.4,349.21,310,8.2,8.2,11.83,1541.89,24,1.29,24,7,77.95,220.56,4.4,3.95,4,4.12,82.82,16.5,17.5,1.01,1.01
3/07/2021,8:20:00 PM,8:20:45 PM,Bunbury,WA,1,184955495,R1 2100m Pace M,184955496,Harness,2100,Pace,40049861,4,Debrenika,LOSER,383.24,LOSER,263.06,36.26,720,150,160,191.98,85.98,990,100,500,344.3,33.77,0.53,360,50,300,78.08,3.93,200,310,1.01,1.01
3/07/2021,8:20:00 PM,8:20:45 PM,Bunbury,WA,1,184955495,R1 2100m Pace M,184955496,Harness,2100,Pace,40049862,5,Sport Sport Sport,WINNER,7.85,WINNER,4,411.37,15,7.4,7.4,9.36,1466.13,20,1.29,1.34,5.82,923.11,157.03,3.8,3.55,3.55,3.66,60.23,14.5,15.5,1.01,1.01
3/07/2021,8:20:00 PM,8:20:45 PM,Bunbury,WA,1,184955495,R1 2100m Pace M,184955496,Harness,2100,Pace,39989762,6,Wall Street Girl,LOSER,2.63,LOSER,1.71,2580.07,3,1.48,2.9,2,30694.82,780,2,720,3.74,6904.02,1002.09,2.02,1.17,1.47,1.35,1127.77,1.52,1.53,1.01,1.01
3/07/2021,8:20:00 PM,8:20:45 PM,Bunbury,WA,1,184955495,R1 2100m Pace M,184955496,Harness,2100,Pace,40049863,7,Cheese And Biccys,LOSER,17.75,WINNER,6.05,305.9,38,14.5,14.5,21.31,1131.98,32,2.2,5.3,11.01,121.87,117.85,7.2,5,5,6.05,73.83,30,32,1.01,1.01
3/07/2021,8:45:00 PM,8:45:33 PM,Bunbury,WA,2,184955497,R2 2100m Pace M,184955498,Harness,2100,Pace,10546174,1,Beware Of Darkness,LOSER,1000,LOSER,42,15.93,990,260,990,562.3,24.99,1000,260,260,981.29,6.49,61.95,70,25,48,49.81,8.04,470,560,1.01,0.98
3/07/2021,8:45:00 PM,8:45:33 PM,Bunbury,WA,2,184955497,R2 2100m Pace M,184955498,Harness,2100,Pace,9984727,2,Mr Fantastic,WINNER,1.25,WINNER,1.07,5078.6,1.4,1.13,1.21,1.17,24082.15,1.49,1.01,1.01,1.08,6928.01,25.31,1.08,1.04,1.08,1.06,2954.41,1.17,1.19,1.01,0.98
3/07/2021,8:45:00 PM,8:45:33 PM,Bunbury,WA,2,184955497,R2 2100m Pace M,184955498,Harness,2100,Pace,27078469,3,Goodonya Mate,LOSER,175.65,LOSER,15.25,23.42,230,46,220,136.84,32.5,720,26,720,133.38,21.34,,18,14.5,18,16.14,0.23,190,220,1.01,0.98
3/07/2021,8:45:00 PM,8:45:33 PM,Bunbury,WA,2,184955497,R2 2100m Pace M,184955498,Harness,2100,Pace,29058669,4,Soho Gigolo,LOSER,442.48,LOSER,595.96,51.31,480,300,420,379.23,22.78,970,90,100,399.54,4.13,0.57,990,24,130,37.2,29.76,320,360,1.01,0.98
3/07/2021,8:45:00 PM,8:45:33 PM,Bunbury,WA,2,184955497,R2 2100m Pace M,184955498,Harness,2100,Pace,28210607,5,Iamthefirecracker,LOSER,26,LOSER,3.6,74.31,38,8.2,16.5,26.02,247.58,920,15.5,490,161.22,37.89,480.85,4,3.5,3.5,3.89,393.56,30,32,1.01,0.98
3/07/2021,8:45:00 PM,8:45:33 PM,Bunbury,WA,2,184955497,R2 2100m Pace M,184955498,Harness,2100,Pace,38123506,6,Strike Team,LOSER,10.39,WINNER,1.58,372.9,14,9,9.2,10.79,883.72,720,4.2,230,29.74,124.45,1062.81,1.89,1.51,1.63,1.72,622.47,9.8,10.5,1.01,0.98
3/07/2021,8:45:00 PM,8:45:33 PM,Bunbury,WA,2,184955497,R2 2100m Pace M,184955498,Harness,2100,Pace,12901541,7,Rocknstar,LOSER,101.73,LOSER,10.1,28.59,200,34,140,121.33,37.61,720,30,720,87.29,23.96,111.32,11.5,8,11.5,9.29,0.49,95,140,1.01,0.98
3/07/2021,9:15:00 PM,9:19:57 PM,Bunbury,WA,3,184955499,R3 2100m Pace M,184955500,Harness,2100,Pace,23399766,1,Rockinthebox,LOSER,3.68,LOSER,1.45,1221.43,4.3,3.05,3.8,3.84,3903.04,230,3,100,6.58,209.86,619.24,1.51,1.38,1.44,1.42,572.6,3.9,3.95,1.02,0.99
3/07/2021,9:15:00 PM,9:19:57 PM,Bunbury,WA,3,184955499,R3 2100m Pace M,184955500,Harness,2100,Pace,27559930,2,Sagatious,LOSER,5.7,WINNER,1.88,771.02,9,5.1,5.1,6.18,3157.31,11,1.03,1.22,2.79,525.28,921.94,2.04,1.81,1.82,1.85,1203.73,5.5,5.7,1.02,0.99
3/07/2021,9:15:00 PM,9:19:57 PM,Bunbury,WA,3,184955499,R3 2100m Pace M,184955500,Harness,2100,Pace,39797190,3,Rockin Jetstar,LOSER,9.32,WINNER,2.37,897.02,19,8.2,10.5,10.4,1503.15,190,6,100,17.7,45.49,373.44,2.54,2.14,2.46,2.25,356.36,9.8,10,1.02,0.99
3/07/2021,9:15:00 PM,9:19:57 PM,Bunbury,WA,3,184955499,R3 2100m Pace M,184955500,Harness,2100,Pace,28290633,4,Fireball Friday,LOSER,26.85,LOSER,5.14,140.6,44,24,25,29.92,232.33,720,26,300,89.31,26.72,351.07,5.6,4.4,5.1,4.92,372.2,34,38,1.02,0.99
3/07/2021,9:15:00 PM,9:19:57 PM,Bunbury,WA,3,184955499,R3 2100m Pace M,184955500,Harness,2100,Pace,16053364,5,Theycall Me Stooge,LOSER,278.69,LOSER,601.56,24.4,270,110,190,204.42,72.59,720,200,720,297.01,11.43,0.09,980,70,70,483.33,0.09,200,230,1.02,0.99
3/07/2021,9:15:00 PM,9:19:57 PM,Bunbury,WA,3,184955499,R3 2100m Pace M,184955500,Harness,2100,Pace,5139713,6,Trickin,LOSER,20,LOSER,4.63,198.18,55,20,20,29.95,287.56,230,20,190,67.31,20.17,235.17,5.2,3.8,3.8,4.44,25.61,28,32,1.02,0.99
3/07/2021,9:15:00 PM,9:19:57 PM,Bunbury,WA,3,184955499,R3 2100m Pace M,184955500,Harness,2100,Pace,5444322,7,Mad Magic,LOSER,107.63,LOSER,32.75,74.48,300,100,110,152.89,22.11,990,60,990,523.26,11.37,,15,15,15,15,0.09,120,260,1.02,0.99
3/07/2021,9:15:00 PM,9:19:57 PM,Bunbury,WA,3,184955499,R3 2100m Pace M,184955500,Harness,2100,Pace,40049864,8,Adda Something,WINNER,3.15,WINNER,1.33,3198.63,3.1,2,2.92,2.63,17066.35,55,1.61,38,2.58,1665.06,1195.75,1.39,1.23,1.33,1.31,831.7,2.58,2.62,1.02,0.99
3/07/2021,9:15:00 PM,9:19:57 PM,Bunbury,WA,3,184955499,R3 2100m Pace M,184955500,Harness,2100,Pace,6906510,9,Seger,LOSER,301.68,LOSER,14.5,62.15,480,100,160,268.66,48.78,720,65,720,318.71,11.47,49.96,17,9.2,15,10.31,81.5,270,430,1.02,0.99
3/07/2021,9:15:00 PM,9:19:57 PM,Bunbury,WA,3,184955499,R3 2100m Pace M,184955500,Harness,2100,Pace,38475480,10,Advance Strike,LOSER,318.45,LOSER,18.55,42.89,260,110,220,190.75,84.95,720,110,700,336.6,11.71,132.79,18.5,14.5,15.5,15.72,122.13,200,250,1.02,0.99
3/07/2021,9:15:00 PM,9:19:57 PM,Bunbury,WA,3,184955499,R3 2100m Pace M,184955500,Harness,2100,Pace,7311007,11,Nellie Babe,LOSER,766.52,LOSER,821.35,27.02,800,200,320,408.07,23.92,1000,90,100,759.64,17.57,0.22,980,25,300,506.67,0.33,420,620,1.02,0.99
3/07/2021,9:15:00 PM,9:19:57 PM,Bunbury,WA,3,184955499,R3 2100m Pace M,184955500,Harness,2100,Pace,40049865,12,Sweetdream Trunkey,LOSER,962.59,LOSER,774.77,23.91,670,200,440,467.22,59.13,1000,55,55,926.04,14.35,0.16,980,20,300,322.03,0.38,540,670,1.02,0.99
3/07/2021,9:42:00 PM,9:42:56 PM,Bunbury,WA,4,184955501,R4 2100m Pace M,184955502,Harness,2100,Pace,27849108,1,Miss Eerie,WINNER,4.54,WINNER,1.61,753.49,6.2,3.9,4.8,4.71,1716.46,18.5,1.01,1.01,1.75,1973.46,684.3,1.68,1.44,1.61,1.47,411.82,4.8,5.4,1.03,0.98
3/07/2021,9:42:00 PM,9:42:56 PM,Bunbury,WA,4,184955501,R4 2100m Pace M,184955502,Harness,2100,Pace,27274284,2,Ark Of Rock,LOSER,599.99,LOSER,70.02,20.81,570,230,480,433.9,2.53,800,570,800,600.04,14.96,39.58,,,,,,410,480,1.03,0.98
3/07/2021,9:42:00 PM,9:42:56 PM,Bunbury,WA,4,184955501,R4 2100m Pace M,184955502,Harness,2100,Pace,35620791,3,Lap Of Honour,LOSER,37.8,LOSER,4.87,143.91,60,29,32,33.78,171.51,720,36,230,64.23,23.63,299.16,4.3,4.1,4.2,4.25,45.61,32,34,1.03,0.98
3/07/2021,9:42:00 PM,9:42:56 PM,Bunbury,WA,4,184955501,R4 2100m Pace M,184955502,Harness,2100,Pace,38196909,4,Swanbourne Spunk,LOSER,480,LOSER,88.86,10.61,510,230,480,466.73,27.34,770,480,770,488.34,2.79,27.16,110,14,110,29.59,0.14,240,460,1.03,0.98
3/07/2021,9:42:00 PM,9:42:56 PM,Bunbury,WA,4,184955501,R4 2100m Pace M,184955502,Harness,2100,Pace,39610837,5,Jukebox Girl,LOSER,110.72,LOSER,16.1,46.52,120,70,70,81.78,44.02,720,90,230,216.78,6.14,110.62,8.2,8.2,8.2,8.2,0.31,85,100,1.03,0.98
3/07/2021,9:42:00 PM,9:42:56 PM,Bunbury,WA,4,184955501,R4 2100m Pace M,184955502,Harness,2100,Pace,28672127,6,Mega Mach,LOSER,270,LOSER,24.69,11.8,240,160,220,176.08,5.12,720,220,700,308.47,6.52,75.9,12.5,12.5,12.5,12.5,0.26,170,220,1.03,0.98
3/07/2021,9:42:00 PM,9:42:56 PM,Bunbury,WA,4,184955501,R4 2100m Pace M,184955502,Harness,2100,Pace,39242057,7,Star Like,LOSER,469.85,LOSER,95.41,10.03,480,230,320,418.56,26.73,720,460,720,481.16,3.88,24.58,90,18.5,90,33.82,0.07,280,470,1.03,0.98
3/07/2021,9:42:00 PM,9:42:56 PM,Bunbury,WA,4,184955501,R4 2100m Pace M,184955502,Harness,2100,Pace,40049866,8,Lamour Dottie,LOSER,4.54,WINNER,1.57,832.44,8.4,4,4.6,4.68,3537.88,510,4,510,9.02,210.28,916.41,1.62,1.44,1.49,1.5,72.72,4.7,4.8,1.03,0.98
3/07/2021,9:42:00 PM,9:42:56 PM,Bunbury,WA,4,184955501,R4 2100m Pace M,184955502,Harness,2100,Pace,37974971,9,Dynamite Dolly,LOSER,120,WINNER,28.79,16.48,270,85,150,107.94,15.31,720,80,700,163.52,7.49,63.16,55,5.5,32,6.42,102.56,140,220,1.03,0.98
3/07/2021,9:42:00 PM,9:42:56 PM,Bunbury,WA,4,184955501,R4 2100m Pace M,184955502,Harness,2100,Pace,39877288,10,Art Revival,LOSER,390.68,LOSER,70,20.67,770,210,510,395.53,4.29,100,1.98,65,11.64,11.17,38.06,14,14,14,14,0.22,260,510,1.03,0.98
3/07/2021,9:42:00 PM,9:42:56 PM,Bunbury,WA,4,184955501,R4 2100m Pace M,184955502,Harness,2100,Pace,40049867,11,Icanbolt,LOSER,2.35,LOSER,1.18,1191.11,2.44,1.77,2.18,2.08,6425.51,230,1.4,90,2.45,1513.99,1604.16,1.2,1.16,1.16,1.18,391.01,2.02,2.06,1.03,0.98
3/07/2021,9:42:00 PM,9:42:56 PM,Bunbury,WA,4,184955501,R4 2100m Pace M,184955502,Harness,2100,Pace,28587387,12,Sweet Sassymolassy,LOSER,18,LOSER,3.5,176.77,25,19,19.5,21.13,124.89,720,17.5,100,41.25,39.95,306.7,4.2,2.92,3.05,3.35,29.13,23,25,1.03,0.98
3/07/2021,10:09:00 PM,10:09:40 PM,Bunbury,WA,5,184955503,R5 2100m Pace M,184955504,Harness,2100,Pace,22502263,1,Andiamo Rusty,LOSER,95,LOSER,11.58,47.21,90,65,70,73.11,1.06,110,22,75,61.77,29.11,49.99,7.6,6.6,7.6,7.01,284.39,60,85,1.02,0.98
3/07/2021,10:09:00 PM,10:09:40 PM,Bunbury,WA,5,184955503,R5 2100m Pace M,184955504,Harness,2100,Pace,39098053,2,El Jessie,LOSER,48,LOSER,8.4,112.66,55,18.5,55,24.25,51.85,720,19.5,710,136.49,27.44,197.52,7.2,6.6,7.2,7.14,3.28,48,50,1.02,0.98
3/07/2021,10:09:00 PM,10:09:40 PM,Bunbury,WA,5,184955503,R5 2100m Pace M,184955504,Harness,2100,Pace,22070959,3,Baltic Ace,LOSER,9.24,WINNER,2.25,624.37,8.4,5.9,7.8,7.14,411.54,990,4.3,100,12.99,185.25,740.06,2.34,2.16,2.16,2.17,311.63,7.6,8,1.02,0.98
3/07/2021,10:09:00 PM,10:09:40 PM,Bunbury,WA,5,184955503,R5 2100m Pace M,184955504,Harness,2100,Pace,24154814,4,Just American,WINNER,3.49,WINNER,1.46,1655.67,3.8,2.38,3.4,2.96,4829.99,4,1.05,3.85,2.05,1073.28,1198.65,1.6,1.3,1.45,1.44,180.74,3.35,3.4,1.02,0.98
3/07/2021,10:09:00 PM,10:09:40 PM,Bunbury,WA,5,184955503,R5 2100m Pace M,184955504,Harness,2100,Pace,28024050,5,Alta Camino,LOSER,10.5,LOSER,2.43,771.93,14.5,9.8,10.5,11.24,683.59,720,5.4,110,17.17,100.42,674.45,2.72,2.32,2.56,2.47,237.75,10,10.5,1.02,0.98
3/07/2021,10:09:00 PM,10:09:40 PM,Bunbury,WA,5,184955503,R5 2100m Pace M,184955504,Harness,2100,Pace,39601846,6,Justlike Turbo,LOSER,2.64,LOSER,1.39,2382.66,5.9,2.7,2.7,3.12,4939.18,720,2.42,29,3.71,871.63,1082.79,1.5,1.36,1.36,1.45,914.83,2.84,2.88,1.02,0.98
3/07/2021,10:09:00 PM,10:09:40 PM,Bunbury,WA,5,184955503,R5 2100m Pace M,184955504,Harness,2100,Pace,35453031,7,Ainsworth,LOSER,51.73,LOSER,7.86,98.45,95,40,48,48.6,68.57,720,60,110,131.51,4.13,147.39,6.2,4.6,6.2,4.81,208.64,46,55,1.02,0.98
3/07/2021,10:09:00 PM,10:09:40 PM,Bunbury,WA,5,184955503,R5 2100m Pace M,184955504,Harness,2100,Pace,27943973,8,Classy Colby,LOSER,13.58,WINNER,3.42,634.55,22,13,16,16.33,300.07,28,1.47,26,11.9,299.66,431.01,3.6,3.1,3.25,3.29,18.34,16.5,17.5,1.02,0.98
3/07/2021,10:09:00 PM,10:09:40 PM,Bunbury,WA,5,184955503,R5 2100m Pace M,184955504,Harness,2100,Pace,17234777,9,Madam Of Mischief,LOSER,82.08,LOSER,15.5,70.9,110,42,80,60.63,33.42,720,75,300,98.76,11.71,99.36,8,7,7.8,7.1,206.88,70,85,1.02,0.98
3/07/2021,10:40:00 PM,10:40:58 PM,Bunbury,WA,6,184955505,R6 2100m Pace M,184955506,Harness,2100,Pace,40049868,1,Doctor Tom,WINNER,1.08,WINNER,1.02,6630.85,1.29,1.09,1.09,1.12,35291.57,1.4,1.01,1.01,1.11,5872.71,93.57,1.07,1.02,1.02,1.03,1848.53,1.1,1.11,1.03,0.99
3/07/2021,10:40:00 PM,10:40:58 PM,Bunbury,WA,6,184955505,R6 2100m Pace M,184955506,Harness,2100,Pace,32828527,2,Mister Mach,LOSER,88.75,WINNER,4.3,51.33,100,27,90,69.68,49.66,800,38,720,88,8.85,418.18,3.75,3.3,3.3,3.32,60.18,65,75,1.03,0.99
3/07/2021,10:40:00 PM,10:40:58 PM,Bunbury,WA,6,184955505,R6 2100m Pace M,184955506,Harness,2100,Pace,26122963,3,Gingers Jet,LOSER,350,WINNER,17.6,9.84,350,120,250,210.82,17.58,800,50,720,252.59,15,,7.6,7.4,7.4,7.59,0.33,180,330,1.03,0.99
3/07/2021,10:40:00 PM,10:40:58 PM,Bunbury,WA,6,184955505,R6 2100m Pace M,184955506,Harness,2100,Pace,10883282,4,Heza Head Honcho,LOSER,130,LOSER,6.18,33.42,140,38,130,98.91,31.59,930,29,930,111.7,7.52,262.66,5.8,5,5.3,5.32,26.78,85,90,1.03,0.99
3/07/2021,10:40:00 PM,10:40:58 PM,Bunbury,WA,6,184955505,R6 2100m Pace M,184955506,Harness,2100,Pace,26336809,5,Batavia Silverline,LOSER,316.35,LOSER,12.1,14.99,270,110,250,213.32,31.95,1000,70,700,205.53,9.95,,7.4,7.4,7.4,7.4,0.96,200,230,1.03,0.99
3/07/2021,10:40:00 PM,10:40:58 PM,Bunbury,WA,6,184955505,R6 2100m Pace M,184955506,Harness,2100,Pace,12326726,6,Sammys Ideal,LOSER,245.73,LOSER,6.82,15.64,240,44,240,156.91,38.53,800,120,800,183.06,7.99,236.65,6.4,6,6.2,6.07,15.32,160,180,1.03,0.99
3/07/2021,10:40:00 PM,10:40:58 PM,Bunbury,WA,6,184955505,R6 2100m Pace M,184955506,Harness,2100,Pace,23437914,7,Walsh,LOSER,73.99,LOSER,4.45,59.43,85,23,80,63.16,59.42,800,19.5,490,58.82,17.98,309.29,4.4,3.2,4.3,3.56,22.38,60,80,1.03,0.99
3/07/2021,10:40:00 PM,10:40:58 PM,Bunbury,WA,6,184955505,R6 2100m Pace M,184955506,Harness,2100,Pace,27956463,8,Tyron Terranova,LOSER,73.96,LOSER,2.34,69.77,65,26,55,43.48,137.79,490,10.5,190,24.28,72.22,871.85,2.62,2.02,2.5,2.42,1395.71,46,60,1.03,0.99
3/07/2021,10:40:00 PM,10:40:58 PM,Bunbury,WA,6,184955505,R6 2100m Pace M,184955506,Harness,2100,Pace,27849106,9,Diamond Dove,LOSER,43.01,LOSER,2.02,57.85,40,23,36,34.91,133.76,800,15.5,490,58.79,13.26,531.88,2.4,1.89,2.02,2,2213.87,30,42,1.03,0.99
3/07/2021,10:40:00 PM,10:40:58 PM,Bunbury,WA,6,184955505,R6 2100m Pace M,184955506,Harness,2100,Pace,10668464,10,Sir Nicholas,LOSER,864.18,LOSER,21.49,21.22,620,250,610,375.02,35.96,1000,65,80,589.57,21.24,71.46,10.5,10,10.5,10.48,0.48,330,490,1.03,0.99
3/07/2021,11:12:00 PM,11:12:37 PM,Bunbury,WA,7,184955507,R7 2503m Pace S,184955508,Harness,2503,Pace,17327705,1,Thewizard,LOSER,5.2,WINNER,1.35,980.25,5.9,3.8,5.5,5.28,438.4,90,3,90,6.74,451.25,1152.17,1.41,1.34,1.36,1.37,43.84,5.5,5.6,1.02,0.98
3/07/2021,11:12:00 PM,11:12:37 PM,Bunbury,WA,7,184955507,R7 2503m Pace S,184955508,Harness,2503,Pace,22674280,2,Over Armed,LOSER,55,LOSER,2.65,65.46,90,44,48,59.41,30.38,940,16,940,53.96,36.4,333.92,3.3,2.24,3.25,2.74,195.54,42,50,1.02,0.98
3/07/2021,11:12:00 PM,11:12:37 PM,Bunbury,WA,7,184955507,R7 2503m Pace S,184955508,Harness,2503,Pace,20256275,3,How Gouda She,LOSER,101.71,WINNER,8.7,20.23,180,85,160,120.42,9.1,950,90,950,336.66,4.3,151.88,6.4,5.9,6.4,6.39,10.22,80,130,1.02,0.98
3/07/2021,11:12:00 PM,11:12:37 PM,Bunbury,WA,7,184955507,R7 2503m Pace S,184955508,Harness,2503,Pace,39307477,4,Celebrity Chef,LOSER,28,LOSER,3.29,143.59,29,8.2,29,15.32,141.9,700,13.5,700,68.92,26.49,291.17,2.8,2.4,2.8,2.55,5.44,21,24,1.02,0.98
3/07/2021,11:12:00 PM,11:12:37 PM,Bunbury,WA,7,184955507,R7 2503m Pace S,184955508,Harness,2503,Pace,10147799,5,Eyes On The Money,LOSER,30.81,LOSER,3.1,148.81,48,25,36,29.24,78.18,920,40,920,124.76,17.36,362.94,2.8,2.74,2.8,2.74,100.57,26,29,1.02,0.98
3/07/2021,11:12:00 PM,11:12:37 PM,Bunbury,WA,7,184955507,R7 2503m Pace S,184955508,Harness,2503,Pace,15327919,6,Nuclear Poker,LOSER,90,LOSER,5.65,37.59,180,50,130,84.54,10.39,990,42,990,289.24,6.07,298.63,4.4,4.4,4.4,4.4,0.57,55,80,1.02,0.98
3/07/2021,11:12:00 PM,11:12:37 PM,Bunbury,WA,7,184955507,R7 2503m Pace S,184955508,Harness,2503,Pace,23390921,7,Awaitinginstructions,WINNER,1.34,WINNER,1.08,3259,1.71,1.37,1.38,1.47,8408.89,1.62,1.01,1.01,1.21,5139.3,267.66,1.1,1.07,1.09,1.08,717.11,1.44,1.47,1.02,0.98
3/07/2021,11:12:00 PM,11:12:37 PM,Bunbury,WA,7,184955507,R7 2503m Pace S,184955508,Harness,2503,Pace,12525431,8,Call Me Ernie,LOSER,569.99,LOSER,17.9,21.95,590,270,590,374.78,2.86,720,360,720,571.14,8.76,95.89,9.8,9.8,9.8,9.8,0.17,280,450,1.02,0.98
3/07/2021,11:45:00 PM,11:45:51 PM,Bunbury,WA,8,184955509,R8 2100m Pace M,184955510,Harness,2100,Pace,36408767,1,Goodealehmaddie,LOSER,1.33,LOSER,1.09,2865.12,1.81,1.16,1.25,1.31,8845.7,720,1.11,690,1.64,1906.31,3064.01,1.14,1.08,1.14,1.11,532.78,1.37,1.4,1.04,0.97
3/07/2021,11:45:00 PM,11:45:51 PM,Bunbury,WA,8,184955509,R8 2100m Pace M,184955510,Harness,2100,Pace,21950651,2,Ourcaribbeancruise,LOSER,50,LOSER,5.6,87.62,110,30,100,43.46,156.91,850,14.5,200,34.31,18.72,60.15,6,4.4,4.9,4.5,227.43,32,55,1.04,0.97
3/07/2021,11:45:00 PM,11:45:51 PM,Bunbury,WA,8,184955509,R8 2100m Pace M,184955510,Harness,2100,Pace,38475071,3,Go Widgie,LOSER,7.17,LOSER,2.18,418.31,9,5.6,7,6.55,540.44,280,2.26,140,9.45,46.99,481.2,2.44,2,2,2.02,144.77,6,6.2,1.04,0.97
3/07/2021,11:45:00 PM,11:45:51 PM,Bunbury,WA,8,184955509,R8 2100m Pace M,184955510,Harness,2100,Pace,39610836,4,Im Inapickle,LOSER,84.48,LOSER,13.45,21.2,270,65,270,121.04,27.79,720,5.6,720,30.72,15.64,,,,,,,70,110,1.04,0.97
3/07/2021,11:45:00 PM,11:45:51 PM,Bunbury,WA,8,184955509,R8 2100m Pace M,184955510,Harness,2100,Pace,37081828,5,Batavia Fusion,LOSER,38,WINNER,10.6,49.16,85,19,38,44.2,72.91,110,13,100,25.99,31.22,145.74,5.5,3.15,3.6,4.1,50,30,48,1.04,0.97
3/07/2021,11:45:00 PM,11:45:51 PM,Bunbury,WA,8,184955509,R8 2100m Pace M,184955510,Harness,2100,Pace,39679015,6,Miracle Mary,LOSER,170,LOSER,428.72,18.96,270,95,240,175.44,20.04,1000,90,700,249.65,2.63,0.13,990,80,80,294.8,0.11,140,180,1.04,0.97
3/07/2021,11:45:00 PM,11:45:51 PM,Bunbury,WA,8,184955509,R8 2100m Pace M,184955510,Harness,2100,Pace,25190282,7,Jovovich,WINNER,35.38,WINNER,6.2,60.25,90,18.5,70,41.26,60.62,110,1.01,1.01,1.18,1444.54,242.39,3.95,3.85,3.85,3.88,20,18.5,27,1.04,0.97
3/07/2021,6:48:00 PM,6:50:04 PM,Globe Derby,SA,1,184954453,R1 1800m Pace M,184954454,Harness,1800,Pace,8211783,1,Calcavado,LOSER,40,LOSER,14.1,94.23,85,36,48,42.99,57.32,720,13,230,47.8,48.42,60.08,8.8,7.4,8.8,8.37,17.42,44,60,1.06,0.96
3/07/2021,6:48:00 PM,6:50:04 PM,Globe Derby,SA,1,184954453,R1 1800m Pace M,184954454,Harness,1800,Pace,10783021,2,Secret Jack,LOSER,94.38,LOSER,65,41.76,190,65,130,119.24,131.05,720,13,230,74.15,13.63,0.73,65,65,65,65,0.75,95,140,1.06,0.96
3/07/2021,6:48:00 PM,6:50:04 PM,Globe Derby,SA,1,184954453,R1 1800m Pace M,184954454,Harness,1800,Pace,11010204,3,Karmic Fire,LOSER,30.86,LOSER,6.63,84.3,60,23,34,30.37,90.93,230,13,230,41.73,31.28,217.94,,,,,,30,48,1.06,0.96
3/07/2021,6:48:00 PM,6:50:04 PM,Globe Derby,SA,1,184954453,R1 1800m Pace M,184954454,Harness,1800,Pace,25797079,4,Charming Major,LOSER,3.85,WINNER,1.67,574.24,4.4,2.56,4,3.7,1132.39,720,2.04,720,5.33,259.68,711.21,1.7,1.53,1.68,1.64,125.2,3.65,4.1,1.06,0.96
3/07/2021,6:48:00 PM,6:50:04 PM,Globe Derby,SA,1,184954453,R1 1800m Pace M,184954454,Harness,1800,Pace,7170953,5,Smackwater Jack,LOSER,56.58,LOSER,20.3,92.16,70,26,60,44.58,48.32,720,4.2,720,17.7,107.71,,,,,,,30,42,1.06,0.96
3/07/2021,6:48:00 PM,6:50:04 PM,Globe Derby,SA,1,184954453,R1 1800m Pace M,184954454,Harness,1800,Pace,19932807,6,Crookwell Jake,WINNER,1.6,WINNER,1.21,2638.56,2,1.62,1.67,1.69,6480.21,7.4,1.01,1.01,2.09,2141.95,1333.98,1.4,1.17,1.21,1.22,548.47,1.69,1.72,1.06,0.96
3/07/2021,6:48:00 PM,6:50:04 PM,Globe Derby,SA,1,184954453,R1 1800m Pace M,184954454,Harness,1800,Pace,9457660,7,Star Writer,LOSER,17.07,LOSER,10.02,123.06,18,8.6,16.5,13.07,212.85,230,2.5,230,8.47,282.46,54.45,,,,,,11,14.5,1.06,0.96
3/07/2021,7:24:00 PM,7:24:57 PM,Globe Derby,SA,2,184954455,R2 1800m Pace M,184954456,Harness,1800,Pace,10982230,1,Brohart,LOSER,56.32,WINNER,7.89,127.4,100,30,55,40.77,219.58,720,16.5,230,39.72,38.58,131.12,10,6.4,7.2,6.95,403.53,32,38,1.03,0.98
3/07/2021,7:24:00 PM,7:24:57 PM,Globe Derby,SA,2,184954455,R2 1800m Pace M,184954456,Harness,1800,Pace,4603348,2,Above Average,WINNER,4.3,WINNER,1.89,888.95,5,2.78,4.2,4.09,6258.24,38,1.01,1.01,1.71,3641.4,1021.93,2.1,1.52,1.89,1.71,1296.85,4.6,4.7,1.03,0.98
3/07/2021,7:24:00 PM,7:24:57 PM,Globe Derby,SA,2,184954455,R2 1800m Pace M,184954456,Harness,1800,Pace,19557322,3,Shardonant,LOSER,6.4,LOSER,2.46,605.75,12.5,6.4,6.8,7.81,1144.53,280,3.4,230,10.49,165.63,558.02,2.82,2.3,2.3,2.41,309.67,7.4,7.8,1.03,0.98
3/07/2021,7:24:00 PM,7:24:57 PM,Globe Derby,SA,2,184954455,R2 1800m Pace M,184954456,Harness,1800,Pace,37228331,5,Lets Get Shorty,LOSER,9.62,LOSER,2.67,391.49,9.2,7.6,9.2,8.47,527.49,880,9.2,720,30.25,119.37,446.59,2.54,2.5,2.5,2.5,12.16,8,8.4,1.03,0.98
3/07/2021,7:24:00 PM,7:24:57 PM,Globe Derby,SA,2,184954455,R2 1800m Pace M,184954456,Harness,1800,Pace,19072761,6,On The Case,LOSER,14.87,LOSER,3.62,398.37,14,9.4,14,11.28,912.99,1000,14.5,1000,25.59,99.39,439.2,3.4,2.94,3.4,3.25,28.99,11,11.5,1.03,0.98
3/07/2021,7:24:00 PM,7:24:57 PM,Globe Derby,SA,2,184954455,R2 1800m Pace M,184954456,Harness,1800,Pace,27973230,7,Ammicchi,LOSER,4.53,WINNER,2.1,1150.11,5.7,3.7,4.6,4.85,2275.17,230,1.12,100,2.65,600.29,783.87,2.28,1.82,2.1,2.16,115.33,5.2,5.3,1.03,0.98
3/07/2021,7:24:00 PM,7:24:57 PM,Globe Derby,SA,2,184954455,R2 1800m Pace M,184954456,Harness,1800,Pace,27550534,8,Aces Daughter,LOSER,28.98,LOSER,5.26,132.28,30,18,25,22.15,318.18,720,19.5,230,48.73,23.57,132.65,4.7,4,4.3,4.11,542.25,18,21,1.03,0.98
3/07/2021,7:24:00 PM,7:24:57 PM,Globe Derby,SA,2,184954455,R2 1800m Pace M,184954456,Harness,1800,Pace,12898890,9,Rocking With Charm,LOSER,160,LOSER,56.73,49.24,260,110,220,168.12,81.42,720,120,720,229.15,13.09,33.12,32,23,32,31.71,0.62,180,220,1.03,0.98
3/07/2021,7:24:00 PM,7:24:57 PM,Globe Derby,SA,2,184954455,R2 1800m Pace M,184954456,Harness,1800,Pace,24035657,10,Ayejayem,LOSER,6.4,LOSER,1.99,736.87,12,5.6,6.4,6.89,1191.59,690,6,690,19.59,60.03,909.96,2.5,1.96,2.08,2.04,91.09,5.6,6.2,1.03,0.98
3/07/2021,7:55:00 PM,7:56:14 PM,Globe Derby,SA,3,184954457,R3 1800m Pace M,184954458,Harness,1800,Pace,27152309,1,Dungeon Dragon,LOSER,26,WINNER,5.43,128.81,34,17,18,19.43,29.76,720,13,230,34.37,40.22,109.38,4.3,4,4.1,4.19,33.62,23,30,1.06,0.93
3/07/2021,7:55:00 PM,7:56:14 PM,Globe Derby,SA,3,184954457,R3 1800m Pace M,184954458,Harness,1800,Pace,13001942,2,Edwin Bromac,LOSER,6.32,LOSER,2.32,340.83,9.2,5.9,6.2,7.32,355.38,720,6.2,280,21.19,86.86,181.55,2.48,2.08,2.12,2.11,88.13,7.4,8.2,1.06,0.93
3/07/2021,7:55:00 PM,7:56:14 PM,Globe Derby,SA,3,184954457,R3 1800m Pace M,184954458,Harness,1800,Pace,10425082,3,Midnight Prowler,LOSER,380.85,LOSER,130,46.76,360,130,290,253.86,28.34,1000,100,100,210.77,18.39,0.38,130,130,130,130,0.4,300,470,1.06,0.93
3/07/2021,7:55:00 PM,7:56:14 PM,Globe Derby,SA,3,184954457,R3 1800m Pace M,184954458,Harness,1800,Pace,19740657,4,Steinman,LOSER,8.48,LOSER,2.73,295.29,11.5,6.2,8.2,7.31,340.46,720,8.2,720,37.15,58.58,293.85,2.5,2.04,2.04,2.22,8.14,6.8,10.5,1.06,0.93
3/07/2021,7:55:00 PM,7:56:14 PM,Globe Derby,SA,3,184954457,R3 1800m Pace M,184954458,Harness,1800,Pace,27223520,5,Son Of Rayson,WINNER,3.95,WINNER,2.05,919.5,4.4,2.66,3.95,3.71,2230.33,3.95,1.01,1.01,1.55,4138.9,346.23,1.61,1.42,1.61,1.5,133.17,3.2,3.35,1.06,0.93
3/07/2021,7:55:00 PM,7:56:14 PM,Globe Derby,SA,3,184954457,R3 1800m Pace M,184954458,Harness,1800,Pace,23202363,6,Crowded Reactor,LOSER,5.54,LOSER,2.09,351.48,7,4.8,5.7,5.37,1304.28,720,7.6,690,36.83,36.66,1097.73,2.28,1.91,2.06,2.01,57.78,5.5,5.6,1.06,0.93
3/07/2021,7:55:00 PM,7:56:14 PM,Globe Derby,SA,3,184954457,R3 1800m Pace M,184954458,Harness,1800,Pace,21561914,7,Bayonet Soldier,LOSER,230,LOSER,230.87,38.75,300,110,300,246.82,11.39,720,75,490,302.52,3.07,0.42,260,80,80,157.2,0.39,220,280,1.06,0.93
3/07/2021,7:55:00 PM,7:56:14 PM,Globe Derby,SA,3,184954457,R3 1800m Pace M,184954458,Harness,1800,Pace,21412896,8,Cavalryman,LOSER,25,WINNER,4.42,83.88,29,16.5,29,21.15,97.11,720,11,720,46.73,22.82,128.11,3.5,3.5,3.5,3.5,15,21,23,1.06,0.93
3/07/2021,7:55:00 PM,7:56:14 PM,Globe Derby,SA,3,184954457,R3 1800m Pace M,184954458,Harness,1800,Pace,24239484,9,Wolf Of West Bay,LOSER,5.36,LOSER,2.01,262.34,7.8,4.6,5.2,5.47,674.72,720,3.25,230,10.04,150.68,434.5,2.02,1.8,1.95,1.92,108.71,5.5,6.6,1.06,0.93
3/07/2021,8:26:00 PM,8:26:42 PM,Globe Derby,SA,4,184954459,R4 1800m Pace M,184954460,Harness,1800,Pace,12537324,1,Valbarann,LOSER,12.78,LOSER,5.3,377.14,16,7.4,14.5,12.09,591.56,1000,9.6,1000,26.48,100.57,194.63,4.6,3.85,4.6,4.11,38.62,13.5,15,1.04,0.95
3/07/2021,8:26:00 PM,8:26:42 PM,Globe Derby,SA,4,184954459,R4 1800m Pace M,184954460,Harness,1800,Pace,34139643,2,Carijoy,LOSER,4.91,LOSER,2.11,501.26,5.3,3.7,4.6,4.29,1150.85,1000,2.82,690,15.33,133.51,763.41,2.1,1.95,2.1,2,244.59,4,4.5,1.04,0.95
3/07/2021,8:26:00 PM,8:26:42 PM,Globe Derby,SA,4,184954459,R4 1800m Pace M,184954460,Harness,1800,Pace,19832870,4,Nevada Esmeralda,LOSER,22.02,LOSER,7.1,191.1,27,17.5,26,19.96,371.26,1000,10,230,53.1,26.05,51.44,5.9,5.9,5.9,5.9,0.1,20,27,1.04,0.95
3/07/2021,8:26:00 PM,8:26:42 PM,Globe Derby,SA,4,184954459,R4 1800m Pace M,184954460,Harness,1800,Pace,39170945,5,Impressive Peace,LOSER,300.59,LOSER,22.16,29.24,400,95,360,237.79,75.9,1000,210,210,310.19,6.21,211.9,55,15.5,22,31.79,30.48,300,360,1.04,0.95
3/07/2021,8:26:00 PM,8:26:42 PM,Globe Derby,SA,4,184954459,R4 1800m Pace M,184954460,Harness,1800,Pace,26237587,6,Rocknroll Yankee,WINNER,2.07,WINNER,1.42,1488.31,2.96,1.92,1.98,2.11,7731.19,4.1,1.01,1.01,1.75,2751.31,1409.59,1.49,1.39,1.4,1.43,88.72,2.06,2.16,1.04,0.95
3/07/2021,8:26:00 PM,8:26:42 PM,Globe Derby,SA,4,184954459,R4 1800m Pace M,184954460,Harness,1800,Pace,5716044,7,Bien Hoa,LOSER,12.5,WINNER,5.3,297.76,18,11,13,12.87,383.13,1000,6.2,720,20.53,81.14,282.04,6.4,4.9,6.4,5.26,0.16,12,13.5,1.04,0.95
3/07/2021,8:26:00 PM,8:26:42 PM,Globe Derby,SA,4,184954459,R4 1800m Pace M,184954460,Harness,1800,Pace,11044641,8,Celestial Daybreak,LOSER,10.06,LOSER,4.37,400.06,12.5,6,11,10.66,1287.12,1000,4.2,720,13.16,158.39,277.82,3.7,3.2,3.7,3.54,23.84,11,12.5,1.04,0.95
3/07/2021,8:52:00 PM,8:53:15 PM,Globe Derby,SA,5,184954461,R5 2230m Pace M,184954462,Harness,2230,Pace,12581861,1,Dennis,LOSER,28.48,WINNER,9.2,220.99,48,20,32,31.08,218.49,720,2.04,510,40.08,110.2,111.14,7.4,6,6.8,6.43,206,30,32,1.04,0.96
3/07/2021,8:52:00 PM,8:53:15 PM,Globe Derby,SA,5,184954461,R5 2230m Pace M,184954462,Harness,2230,Pace,28343912,2,In Shoobees Shoes,LOSER,3.98,LOSER,2.06,810.69,4.5,3.15,3.65,3.55,1783.15,720,2.46,510,8.03,410.78,178.54,1.96,1.87,1.96,1.89,85.91,3.45,3.65,1.04,0.96
3/07/2021,8:52:00 PM,8:53:15 PM,Globe Derby,SA,5,184954461,R5 2230m Pace M,184954462,Harness,2230,Pace,27290156,3,Jaccka Ted,WINNER,6,WINNER,3.16,379.54,10.5,6,6.2,7.22,1494.42,9,1.01,1.01,1.88,1846.36,176.5,3,2.74,2.84,3,329.95,7,7.6,1.04,0.96
3/07/2021,8:52:00 PM,8:53:15 PM,Globe Derby,SA,5,184954461,R5 2230m Pace M,184954462,Harness,2230,Pace,18258979,4,Culture King,LOSER,15.5,LOSER,6.89,195.44,25,13,16,16.82,493.89,280,6.4,230,19.47,96.84,196.23,,,,,,17,21,1.04,0.96
3/07/2021,8:52:00 PM,8:53:15 PM,Globe Derby,SA,5,184954461,R5 2230m Pace M,184954462,Harness,2230,Pace,16385095,5,Ellmers Hoofing It,LOSER,8.36,LOSER,3.17,1052.34,8.8,6,7.4,7.68,698.43,880,5.3,720,13.77,247.88,443.2,3.4,3.2,3.2,3.24,29.19,7.6,8.4,1.04,0.96
3/07/2021,8:52:00 PM,8:53:15 PM,Globe Derby,SA,5,184954461,R5 2230m Pace M,184954462,Harness,2230,Pace,11072709,6,Jack William,LOSER,400,LOSER,50,26.8,330,36,330,218.21,47.44,720,330,720,388.43,2.85,6.87,50,50,50,50,3.1,250,310,1.04,0.96
3/07/2021,8:52:00 PM,8:53:15 PM,Globe Derby,SA,5,184954461,R5 2230m Pace M,184954462,Harness,2230,Pace,12617205,7,Emain Macha,LOSER,2.86,LOSER,1.77,1308.39,3.5,2.16,2.86,2.76,4679.14,720,2.3,510,3.06,2183.19,420.7,1.79,1.6,1.74,1.72,649.78,2.64,2.82,1.04,0.96
3/07/2021,9:22:00 PM,9:22:58 PM,Globe Derby,SA,6,184954463,R6 1800m Pace M,184954464,Harness,1800,Pace,39529012,1,Summerdays,LOSER,10.18,LOSER,2.52,417.09,10.5,5.6,9.6,7.99,1344.92,720,3.65,720,12,304.92,572.47,2.24,2.24,2.24,2.24,7.33,7,7.6,1.04,0.97
3/07/2021,9:22:00 PM,9:22:58 PM,Globe Derby,SA,6,184954463,R6 1800m Pace M,184954464,Harness,1800,Pace,39465445,2,Whitestarchristian,LOSER,35.45,LOSER,6.61,365.8,60,46,46,57.33,222.05,780,4.7,780,44.68,107.48,692.2,7.8,5.7,7.4,6.94,22.38,55,60,1.04,0.97
3/07/2021,9:22:00 PM,9:22:58 PM,Globe Derby,SA,6,184954463,R6 1800m Pace M,184954464,Harness,1800,Pace,19647777,3,Dashingthruthefire,LOSER,805.43,LOSER,219.27,13.55,400,130,240,263.59,7.23,950,270,680,786.93,9.94,0.51,200,100,140,140.59,0.49,220,400,1.04,0.97
3/07/2021,9:22:00 PM,9:22:58 PM,Globe Derby,SA,6,184954463,R6 1800m Pace M,184954464,Harness,1800,Pace,38139020,4,Franco Enzo,LOSER,5.09,WINNER,1.88,1415.38,6.6,5,5.3,5.71,323.14,720,4,510,18.53,177.84,463.1,1.8,1.8,1.8,1.8,5,5.5,5.9,1.04,0.97
3/07/2021,9:22:00 PM,9:22:58 PM,Globe Derby,SA,6,184954463,R6 1800m Pace M,184954464,Harness,1800,Pace,27757629,5,Heza Western,LOSER,36,LOSER,11.21,97.7,36,9.6,30,23.5,48.59,720,11,230,51.03,36.27,167.52,13,7.2,7.2,11.17,0.76,25,36,1.04,0.97
3/07/2021,9:22:00 PM,9:22:58 PM,Globe Derby,SA,6,184954463,R6 1800m Pace M,184954464,Harness,1800,Pace,39978485,6,Tiddly Winx,WINNER,3.74,WINNER,1.53,1514.81,4.8,2.78,3.85,3.61,872,6.4,1.01,1.01,1.54,1925.13,1158.09,1.54,1.54,1.54,1.54,0.28,3.7,3.95,1.04,0.97
3/07/2021,9:22:00 PM,9:22:58 PM,Globe Derby,SA,6,184954463,R6 1800m Pace M,184954464,Harness,1800,Pace,28339110,7,Springfield Affair,LOSER,2.98,WINNER,1.4,1543.56,4.4,2.8,2.84,3.01,2245.6,720,2.2,510,9.7,422.73,1263.4,1.45,1.36,1.4,1.39,91.32,2.96,3.05,1.04,0.97
3/07/2021,9:22:00 PM,9:22:58 PM,Globe Derby,SA,6,184954463,R6 1800m Pace M,184954464,Harness,1800,Pace,37536517,8,Quadricep,LOSER,19.61,LOSER,4.12,175.26,36,17.5,20,22.22,216.7,230,6.2,230,17.26,127.38,106.27,3.8,3.5,3.8,3.75,15.25,21,25,1.04,0.97
3/07/2021,9:54:00 PM,9:54:54 PM,Globe Derby,SA,7,184954465,R7 1800m Pace M,184954466,Harness,1800,Pace,5498315,1,Regal Breeze,LOSER,563.04,LOSER,612.27,41.14,380,110,290,215.56,56.81,1000,170,170,479.96,16.77,0.09,980,90,180,505.24,0.09,190,230,1.02,0.99
3/07/2021,9:54:00 PM,9:54:54 PM,Globe Derby,SA,7,184954465,R7 1800m Pace M,184954466,Harness,1800,Pace,31579441,2,Soho Bob,LOSER,16.85,LOSER,2.72,223.3,19,10.5,15,14.42,361.8,600,10,600,37.29,121.6,553.48,3,2.5,2.5,2.71,128.05,12.5,13.5,1.02,0.99
3/07/2021,9:54:00 PM,9:54:54 PM,Globe Derby,SA,7,184954465,R7 1800m Pace M,184954466,Harness,1800,Pace,36431003,3,White Star Peejay,LOSER,647.13,LOSER,39.27,34.67,300,85,260,230.89,20.16,1000,290,500,584.07,19.96,48.31,,,,,,230,260,1.02,0.99
3/07/2021,9:54:00 PM,9:54:54 PM,Globe Derby,SA,7,184954465,R7 1800m Pace M,184954466,Harness,1800,Pace,6737609,5,Artillery,WINNER,1.22,WINNER,1.07,4031.24,1.78,1.22,1.23,1.26,11686.88,1.5,1.01,1.01,1.16,2370.18,287.2,1.12,1.06,1.07,1.08,2206.23,1.27,1.29,1.02,0.99
3/07/2021,9:54:00 PM,9:54:54 PM,Globe Derby,SA,7,184954465,R7 1800m Pace M,184954466,Harness,1800,Pace,40050387,6,Princess Lil,LOSER,42,LOSER,6.03,130.81,48,25,48,31.66,116.45,720,23,230,52.38,32.49,303.6,5,5,5,5,10,30,34,1.02,0.99
3/07/2021,9:54:00 PM,9:54:54 PM,Globe Derby,SA,7,184954465,R7 1800m Pace M,184954466,Harness,1800,Pace,28339104,7,Thiswaytothebeach,LOSER,9.57,WINNER,2.37,371.02,12,6.2,8.8,9.19,821.77,230,5.2,230,19.24,101.64,679.88,2.42,1.96,2.1,2.21,96.13,9.2,9.8,1.02,0.99
3/07/2021,10:22:00 PM,10:23:00 PM,Globe Derby,SA,8,184954467,R8 2230m Trot M,184954468,Harness,2230,Trot,11568916,1,Sweetasis,LOSER,111.55,LOSER,102.72,53.43,120,65,120,92.71,44.78,800,25,800,147.8,26.23,0.7,120,29,100,39.62,14.99,70,85,1.08,0.97
3/07/2021,10:22:00 PM,10:23:00 PM,Globe Derby,SA,8,184954467,R8 2230m Trot M,184954468,Harness,2230,Trot,25521972,2,Super Angus,WINNER,6.25,WINNER,3.34,710.57,9.4,5.5,7,6.88,394.12,6.4,1.01,1.01,2.27,1104.4,481.96,3.3,3.3,3.3,3.3,0.02,6.6,8,1.08,0.97
3/07/2021,10:22:00 PM,10:23:00 PM,Globe Derby,SA,8,184954467,R8 2230m Trot M,184954468,Harness,2230,Trot,23520780,3,Ceejay Success,LOSER,6.35,WINNER,2.75,410.48,6.2,3.85,6,5.3,426.91,90,1.77,18.5,4.03,483.9,261.67,2.72,2.26,2.72,2.27,5.09,4.4,5.3,1.08,0.97
3/07/2021,10:22:00 PM,10:23:00 PM,Globe Derby,SA,8,184954467,R8 2230m Trot M,184954468,Harness,2230,Trot,24117545,4,Lord Chancellor,LOSER,3.96,LOSER,1.94,631.24,4.6,2.72,3.55,3.75,886.31,800,3.8,800,20.68,122.86,800.74,1.99,1.56,1.94,1.9,133.91,3.55,3.75,1.08,0.97
3/07/2021,10:22:00 PM,10:23:00 PM,Globe Derby,SA,8,184954467,R8 2230m Trot M,184954468,Harness,2230,Trot,935341,5,Midaswell,LOSER,5.63,LOSER,2.48,593.01,4.5,2.76,4.1,4.03,1531.92,800,3.8,800,9.12,269.15,601.97,2.3,2.1,2.3,2.18,64.17,3.85,4,1.08,0.97
3/07/2021,10:22:00 PM,10:23:00 PM,Globe Derby,SA,8,184954467,R8 2230m Trot M,184954468,Harness,2230,Trot,36709274,6,Winsome Ruby,LOSER,29.87,LOSER,11.9,60.13,34,15.5,30,28.41,58.27,720,10.5,720,33.43,39.51,118.45,9.2,9.2,9.2,9.2,0.02,28,32,1.08,0.97
3/07/2021,10:22:00 PM,10:23:00 PM,Globe Derby,SA,8,184954467,R8 2230m Trot M,184954468,Harness,2230,Trot,8314978,7,The Majestic,LOSER,8.06,LOSER,3.45,305.38,11,7,7.8,8.37,273.49,800,5.4,720,46.15,81.15,242.7,3.8,3.65,3.8,3.78,9.68,9,10,1.08,0.97
3/07/2021,5:18:00 PM,5:18:53 PM,Menangle,NSW,1,184948853,R1 1609m Pace M,184948854,Harness,1609,Pace,13334014,2,Major Generaljujon,LOSER,26.69,LOSER,,250.19,40,19,26,23.23,986.41,790,18.5,300,39.18,60.62,,5.1,3.6,4.6,4.67,49.14,24,26,1.04,0.97
3/07/2021,5:18:00 PM,5:18:53 PM,Menangle,NSW,1,184948853,R1 1609m Pace M,184948854,Harness,1609,Pace,26493349,3,Mustang Milly,LOSER,42.9,LOSER,,147.99,50,27,44,39.73,147.12,920,28,790,112.39,28.23,,7.8,5.5,7.8,6.05,21.37,40,42,1.04,0.97
3/07/2021,5:18:00 PM,5:18:53 PM,Menangle,NSW,1,184948853,R1 1609m Pace M,184948854,Harness,1609,Pace,19728756,4,Nota Replica,LOSER,2.98,WINNER,,4337.48,4.2,2.68,3.1,2.98,8924.02,690,2,160,3.41,1564.65,,1.7,1.4,1.41,1.45,153.69,3.05,3.4,1.04,0.97
3/07/2021,5:18:00 PM,5:18:53 PM,Menangle,NSW,1,184948853,R1 1609m Pace M,184948854,Harness,1609,Pace,1411355,5,War Club,LOSER,130,LOSER,,59.55,150,34,150,97.26,134.67,720,55,700,299.64,2.51,,12,12,12,12,3.66,100,140,1.04,0.97
3/07/2021,5:18:00 PM,5:18:53 PM,Menangle,NSW,1,184948853,R1 1609m Pace M,184948854,Harness,1609,Pace,12730218,6,Never Been Said,WINNER,5.01,WINNER,,1152.32,7.6,4.4,4.8,5.05,3657.01,24,1.01,1.01,1.49,1877.72,,2,1.75,1.75,1.94,45.56,4.8,5,1.04,0.97
3/07/2021,5:18:00 PM,5:18:53 PM,Menangle,NSW,1,184948853,R1 1609m Pace M,184948854,Harness,1609,Pace,12536067,7,I Am Serengeti,LOSER,3.86,WINNER,,1132.17,6.8,3.3,4.1,4.34,6602.21,720,1.15,230,4.98,1125.15,,1.79,1.62,1.62,1.64,234.34,3.9,4,1.04,0.97
3/07/2021,5:18:00 PM,5:18:53 PM,Menangle,NSW,1,184948853,R1 1609m Pace M,184948854,Harness,1609,Pace,24916465,8,Wahs Fire Bug,LOSER,42.03,LOSER,,139.24,44,22,36,31.63,223.66,790,30,230,57.6,45.1,,5.9,4.4,5.5,5,112.86,32,38,1.04,0.97
3/07/2021,5:18:00 PM,5:18:53 PM,Menangle,NSW,1,184948853,R1 1609m Pace M,184948854,Harness,1609,Pace,17344344,9,Madazalways,LOSER,141.25,LOSER,,45.22,210,34,210,123.87,50.3,720,90,700,197.79,7.66,,9,9,9,9,5.22,120,150,1.04,0.97
3/07/2021,5:18:00 PM,5:18:53 PM,Menangle,NSW,1,184948853,R1 1609m Pace M,184948854,Harness,1609,Pace,10199223,10,Swaggie Shannon,LOSER,9.2,LOSER,,821.83,11.5,5.6,9.8,8.19,1685.74,720,2.64,140,6.91,456.88,,2.92,2.5,2.78,2.51,175.19,9.2,9.8,1.04,0.97
3/07/2021,5:18:00 PM,5:18:53 PM,Menangle,NSW,1,184948853,R1 1609m Pace M,184948854,Harness,1609,Pace,10974897,11,Mister Magic Man,LOSER,44.95,LOSER,,167.04,65,24,48,40.67,140.42,790,14,780,45.27,79.29,,8,8,8,8,8.66,46,48,1.04,0.97
3/07/2021,5:50:00 PM,5:50:34 PM,Menangle,NSW,2,184948855,R2 2300m Pace M,184948856,Harness,2300,Pace,24702827,1,Bronski Belle,LOSER,34,LOSER,,161.88,40,15.5,30,22.67,272.76,720,27,720,61.92,41.45,,5.5,3.7,5.2,4.78,170.26,27,30,1.03,0.94
3/07/2021,5:50:00 PM,5:50:34 PM,Menangle,NSW,2,184948855,R2 2300m Pace M,184948856,Harness,2300,Pace,15708339,2,Triple Vc,LOSER,26,LOSER,,195.34,29,13,24,22.04,579.77,720,20,500,76.39,23.24,,,,,,,20,27,1.03,0.94
3/07/2021,5:50:00 PM,5:50:34 PM,Menangle,NSW,2,184948855,R2 2300m Pace M,184948856,Harness,2300,Pace,22834242,3,Big Black Diamond,LOSER,31.11,LOSER,,131.64,34,20,28,28.45,189.95,720,9.8,720,43.21,32.14,,5.5,5.5,5.5,5.5,15,28,34,1.03,0.94
3/07/2021,5:50:00 PM,5:50:34 PM,Menangle,NSW,2,184948855,R2 2300m Pace M,184948856,Harness,2300,Pace,8234173,4,Jedi Mind,LOSER,18.43,WINNER,,369.15,34,16.5,19,19.21,322.91,720,12,230,19.88,119.93,,4.7,4.1,4.7,4.62,13.26,19,21,1.03,0.94
3/07/2021,5:50:00 PM,5:50:34 PM,Menangle,NSW,2,184948855,R2 2300m Pace M,184948856,Harness,2300,Pace,14121401,5,Christmas Toyboy,LOSER,29.53,LOSER,,160.52,44,25,27,29.56,301.59,920,21,740,86.8,33.84,,7.2,5.2,5.9,6.01,55.24,28,32,1.03,0.94
3/07/2021,5:50:00 PM,5:50:34 PM,Menangle,NSW,2,184948855,R2 2300m Pace M,184948856,Harness,2300,Pace,13192063,6,Benalong Valley,WINNER,3.9,WINNER,,2241.67,6,3.55,3.7,4.15,4355.46,5.6,1.01,1.01,1.72,3136.64,,2.2,1.75,1.75,1.84,116.75,3.7,3.9,1.03,0.94
3/07/2021,5:50:00 PM,5:50:34 PM,Menangle,NSW,2,184948855,R2 2300m Pace M,184948856,Harness,2300,Pace,12391710,7,Harps,LOSER,6.8,LOSER,,710.53,9.2,5.7,6.4,6.22,1561.33,720,3.3,690,8.38,203.93,,2.56,2.16,2.42,2.3,474.5,6,6.6,1.03,0.94
3/07/2021,5:50:00 PM,5:50:34 PM,Menangle,NSW,2,184948855,R2 2300m Pace M,184948856,Harness,2300,Pace,10054031,8,Top The Ace,LOSER,6.4,LOSER,,660.6,7,4.7,6,6.07,1236.75,880,3.8,230,9.62,756.96,,2.78,2.78,2.78,2.78,3.99,6.4,6.6,1.03,0.94
3/07/2021,5:50:00 PM,5:50:34 PM,Menangle,NSW,2,184948855,R2 2300m Pace M,184948856,Harness,2300,Pace,11328944,9,Gottashopearly,LOSER,20,WINNER,,315.86,18.5,12,15.5,15.51,167.11,900,4.3,720,13.28,170.28,,3.8,3.35,3.5,3.55,353.31,15,17,1.03,0.94
3/07/2021,5:50:00 PM,5:50:34 PM,Menangle,NSW,2,184948855,R2 2300m Pace M,184948856,Harness,2300,Pace,22822447,10,Jazzy Star,LOSER,6.73,LOSER,,855.39,6.8,3.9,6.6,5.35,2508.46,720,4.6,690,17.63,157.77,,2.56,1.99,2.26,2.05,359.23,6.4,6.8,1.03,0.94
3/07/2021,6:18:00 PM,6:19:16 PM,Menangle,NSW,3,184948857,R3 1609m Pace M,184948858,Harness,1609,Pace,8068808,1,Elroy Jetson,LOSER,61.52,LOSER,,87.64,110,40,60,53.79,34.33,720,38,480,95.83,23.09,,,,,,,60,70,1.02,0.97
3/07/2021,6:18:00 PM,6:19:16 PM,Menangle,NSW,3,184948857,R3 1609m Pace M,184948858,Harness,1609,Pace,880436,2,Always Rockin,LOSER,80.46,LOSER,,76.38,90,42,90,59.3,34.55,720,34,720,150.81,7.04,,6.6,5.8,5.8,5.99,285.31,60,70,1.02,0.97
3/07/2021,6:18:00 PM,6:19:16 PM,Menangle,NSW,3,184948857,R3 1609m Pace M,184948858,Harness,1609,Pace,23585013,3,Red Reactor,LOSER,22.06,LOSER,,194.43,34,17,28,21.97,99.24,780,16,780,22.14,168.66,,3.3,3.15,3.25,3.24,399.87,19.5,24,1.02,0.97
3/07/2021,6:18:00 PM,6:19:16 PM,Menangle,NSW,3,184948857,R3 1609m Pace M,184948858,Harness,1609,Pace,38790100,4,Ball Of Art,LOSER,79.06,LOSER,,96.92,100,60,90,86.28,136.7,720,55,480,147.4,18.16,,8.4,8.4,8.4,8.4,5,75,85,1.02,0.97
3/07/2021,6:18:00 PM,6:19:16 PM,Menangle,NSW,3,184948857,R3 1609m Pace M,184948858,Harness,1609,Pace,27849040,5,Chubby Checker,LOSER,2.85,LOSER,,1606.31,4.3,2.74,2.8,3.16,5866.66,720,2.28,230,8.03,494.76,,1.3,1.3,1.3,1.3,48,3.2,3.4,1.02,0.97
3/07/2021,6:18:00 PM,6:19:16 PM,Menangle,NSW,3,184948857,R3 1609m Pace M,184948858,Harness,1609,Pace,26085632,6,Jimmy Locke,LOSER,20.75,WINNER,,377.2,21,18.5,19.5,20.22,148.11,780,3.4,780,9.38,276.04,,4.9,3.5,3.5,3.71,16.52,19.5,20,1.02,0.97
3/07/2021,6:18:00 PM,6:19:16 PM,Menangle,NSW,3,184948857,R3 1609m Pace M,184948858,Harness,1609,Pace,24007435,7,The Stunning Nun,WINNER,2.66,WINNER,,1917.36,2.88,2.4,2.48,2.6,8319.43,4.5,1.01,1.01,1.5,3973.35,,1.34,1.29,1.29,1.31,846.56,2.54,2.6,1.02,0.97
3/07/2021,6:18:00 PM,6:19:16 PM,Menangle,NSW,3,184948857,R3 1609m Pace M,184948858,Harness,1609,Pace,39456220,9,Arden Messi,LOSER,12.24,WINNER,,318.37,12.5,4.6,12.5,9.05,974.21,280,5.5,280,14.27,155.21,,2.52,1.87,2.08,2.03,471.37,7,7.2,1.02,0.97
3/07/2021,6:18:00 PM,6:19:16 PM,Menangle,NSW,3,184948857,R3 1609m Pace M,184948858,Harness,1609,Pace,16991090,10,Golden Year,LOSER,55.56,LOSER,,113.96,60,44,55,54.73,37.91,720,18,720,108.91,33.47,,14,5.6,5.6,6.05,12.78,48,60,1.02,0.97
3/07/2021,6:18:00 PM,6:19:16 PM,Menangle,NSW,3,184948857,R3 1609m Pace M,184948858,Harness,1609,Pace,12940359,11,Warfare,LOSER,287.37,LOSER,,42.25,480,160,410,227.7,20.13,1000,190,1000,805.62,1.34,,,,,,,310,460,1.02,0.97
3/07/2021,6:53:00 PM,6:53:46 PM,Menangle,NSW,4,184948859,R4 1609m Pace M,184948860,Harness,1609,Pace,23585450,2,Mach Da Vinci,LOSER,14,LOSER,,311.69,15,11.5,13.5,12.58,523.29,100,5.6,60,12,65.66,,3.75,3.3,3.4,3.34,246.23,12,12.5,1.06,0.96
3/07/2021,6:53:00 PM,6:53:46 PM,Menangle,NSW,4,184948859,R4 1609m Pace M,184948860,Harness,1609,Pace,26105235,3,Taroona Bromac,LOSER,418.91,LOSER,,39.66,460,150,450,249.22,36.23,720,27,350,54.2,68.28,,320,55,120,71.27,0.62,210,320,1.06,0.96
3/07/2021,6:53:00 PM,6:53:46 PM,Menangle,NSW,4,184948859,R4 1609m Pace M,184948860,Harness,1609,Pace,1227762,4,Rays Choice,LOSER,15.53,LOSER,,329.86,22,8.6,18,17.84,286.69,420,4.5,420,21.34,182.32,,4.3,3.15,3.55,3.85,486.86,18,20,1.06,0.96
3/07/2021,6:53:00 PM,6:53:46 PM,Menangle,NSW,4,184948859,R4 1609m Pace M,184948860,Harness,1609,Pace,11398788,5,Hidden Courage,LOSER,15,LOSER,,214.03,19,11.5,16,15.41,783.51,100,7.6,100,13.76,76.2,,3.7,3.6,3.7,3.67,32.4,14,16,1.06,0.96
3/07/2021,6:53:00 PM,6:53:46 PM,Menangle,NSW,4,184948859,R4 1609m Pace M,184948860,Harness,1609,Pace,23814260,6,Major Roll,LOSER,50.19,WINNER,,127.27,50,34,50,39.13,68.42,230,32,230,50.98,26.04,,46,9.6,46,12.37,6.08,38,42,1.06,0.96
3/07/2021,6:53:00 PM,6:53:46 PM,Menangle,NSW,4,184948859,R4 1609m Pace M,184948860,Harness,1609,Pace,13126875,7,Pocket Of Terror,LOSER,3.19,LOSER,,1336.78,5.8,2.98,3.1,3.46,5161.79,90,2,90,3.49,1136.7,,1.66,1.55,1.65,1.6,273.08,3.35,3.65,1.06,0.96
3/07/2021,6:53:00 PM,6:53:46 PM,Menangle,NSW,4,184948859,R4 1609m Pace M,184948860,Harness,1609,Pace,12897573,8,Cash N Flow,LOSER,5.32,LOSER,,846.25,7.4,4.4,5.5,5.67,1133.05,230,1.85,230,4.95,570.42,,2.6,2.04,2.32,2.23,64.47,5.4,6,1.06,0.96
3/07/2021,6:53:00 PM,6:53:46 PM,Menangle,NSW,4,184948859,R4 1609m Pace M,184948860,Harness,1609,Pace,27399210,9,Burnham Boy,LOSER,8.78,WINNER,,250.45,9.8,5.2,8.2,7.42,1382.27,110,4.8,110,8.81,123.54,,2.66,2.06,2.06,2.23,351.39,7.8,9.4,1.06,0.96
3/07/2021,6:53:00 PM,6:53:46 PM,Menangle,NSW,4,184948859,R4 1609m Pace M,184948860,Harness,1609,Pace,26721469,10,Loorrim Lake,WINNER,16,WINNER,,318.77,12.5,5.8,12.5,10.21,568.83,65,1.12,1.35,3.96,386.64,,3.6,2.82,3.35,3,155.68,10.5,12,1.06,0.96
3/07/2021,6:53:00 PM,6:53:46 PM,Menangle,NSW,4,184948859,R4 1609m Pace M,184948860,Harness,1609,Pace,8480800,11,Alta Orlando,LOSER,11.45,LOSER,,376.63,13.5,6.4,11,10.02,1546.45,190,10,110,18.29,54.69,,2.9,2.58,2.88,2.63,1576.51,8.8,9.4,1.06,0.96
3/07/2021,7:19:00 PM,7:20:32 PM,Menangle,NSW,5,184948861,R5 1609m Trot M,184948862,Harness,1609,Trot,8688210,1,Kyvalley Boomerang,LOSER,180.59,LOSER,,56.4,320,85,190,210.07,62.5,950,14,700,167.74,12.11,,12,4.5,4.5,6.49,107.25,210,310,1.02,0.97
3/07/2021,7:19:00 PM,7:20:32 PM,Menangle,NSW,5,184948861,R5 1609m Trot M,184948862,Harness,1609,Trot,558964,2,Ball Park,LOSER,19.06,LOSER,,244.98,44,14.5,15.5,23.68,646.85,1000,30,1000,276.34,24.16,,4.2,2.88,3.3,3.54,354.53,27,34,1.02,0.97
3/07/2021,7:19:00 PM,7:20:32 PM,Menangle,NSW,5,184948861,R5 1609m Trot M,184948862,Harness,1609,Trot,25102750,3,Major Thomas,LOSER,80.49,LOSER,,71.22,170,50,85,89.8,63.72,940,75,390,154.03,7.08,,8.8,5.5,5.6,6.6,76.96,95,160,1.02,0.97
3/07/2021,7:19:00 PM,7:20:32 PM,Menangle,NSW,5,184948861,R5 1609m Trot M,184948862,Harness,1609,Trot,22153901,4,Royal Glenferrie,LOSER,18.96,LOSER,,232.02,44,17,20,23.43,686.11,720,12,720,41.95,47.56,,4.6,3.05,3.05,3.66,211.8,23,24,1.02,0.97
3/07/2021,7:19:00 PM,7:20:32 PM,Menangle,NSW,5,184948861,R5 1609m Trot M,184948862,Harness,1609,Trot,24608330,5,In The Valley,LOSER,142.39,LOSER,,73.29,780,44,220,138.72,251.49,1000,50,1000,188.73,24.54,,25,6,22,22.92,130.72,46,55,1.02,0.97
3/07/2021,7:19:00 PM,7:20:32 PM,Menangle,NSW,5,184948861,R5 1609m Trot M,184948862,Harness,1609,Trot,21822136,6,Monaro Mia,LOSER,7.31,LOSER,,704.59,12.5,3.85,7.2,5.82,5774.08,1000,4.3,75,39.71,153.8,,44,1.44,9,5.52,1828.92,3.85,4,1.02,0.97
3/07/2021,7:19:00 PM,7:20:32 PM,Menangle,NSW,5,184948861,R5 1609m Trot M,184948862,Harness,1609,Trot,12494668,7,Tough Monarch,WINNER,1.96,WINNER,,2576.39,2.4,1.71,1.92,2.05,21626.93,1.94,1.01,1.01,1.2,4974.36,,1.35,1.19,1.27,1.3,876.52,2.14,2.18,1.02,0.97
3/07/2021,7:19:00 PM,7:20:32 PM,Menangle,NSW,5,184948861,R5 1609m Trot M,184948862,Harness,1609,Trot,12715007,8,Drop The Hammer,LOSER,8.85,WINNER,,485.84,13,6.4,7.2,9.43,1360.2,720,6.2,250,18.43,90.13,,2.44,1.94,1.94,2.14,222.06,10.5,11,1.02,0.97
3/07/2021,7:19:00 PM,7:20:32 PM,Menangle,NSW,5,184948861,R5 1609m Trot M,184948862,Harness,1609,Trot,21412056,9,Super Fast Pat,LOSER,149.65,LOSER,,46.24,240,60,160,155.69,112.23,940,140,720,202.14,10.53,,15.5,10,10,12.99,61.79,180,190,1.02,0.97
3/07/2021,7:19:00 PM,7:20:32 PM,Menangle,NSW,5,184948861,R5 1609m Trot M,184948862,Harness,1609,Trot,801607,10,Caligula,LOSER,9.6,WINNER,,520.04,17.5,9.4,10,13.24,1232.57,250,4.7,250,20.16,108.86,,3.65,2.08,2.08,2.36,223.23,14,16,1.02,0.97
3/07/2021,7:48:00 PM,7:48:42 PM,Menangle,NSW,6,184948863,R6 1609m Pace M,184948864,Harness,1609,Pace,40050385,1,Quick Dan,LOSER,4.69,LOSER,,1631.96,5.7,3.85,5.1,4.88,1809.87,720,4.6,690,16.69,186.07,,1.93,1.6,1.6,1.73,1491.18,5.3,5.5,1.02,0.97
3/07/2021,7:48:00 PM,7:48:42 PM,Menangle,NSW,6,184948863,R6 1609m Pace M,184948864,Harness,1609,Pace,39297281,2,Mi Furioso Toro,LOSER,446.6,LOSER,,38.48,480,200,420,300.49,7.61,720,420,720,451.42,3.38,,85,32,38,37.84,5.49,250,350,1.02,0.97
3/07/2021,7:48:00 PM,7:48:42 PM,Menangle,NSW,6,184948863,R6 1609m Pace M,184948864,Harness,1609,Pace,6857938,3,Black Edition,LOSER,38.01,LOSER,,153.23,60,30,38,42.31,118.66,790,29,270,104.83,15.21,,7.6,5.5,5.8,6.16,109.79,34,40,1.02,0.97
3/07/2021,7:48:00 PM,7:48:42 PM,Menangle,NSW,6,184948863,R6 1609m Pace M,184948864,Harness,1609,Pace,28178957,4,Jay Gees Devil,LOSER,151.97,LOSER,,68.32,200,60,190,144.63,39.61,890,140,620,278.97,2.59,,42,19,40,22.59,5.65,140,160,1.02,0.97
3/07/2021,7:48:00 PM,7:48:42 PM,Menangle,NSW,6,184948863,R6 1609m Pace M,184948864,Harness,1609,Pace,40050386,5,Cherishthememories,LOSER,27.74,LOSER,,240.48,60,16,24,21.09,561.59,790,12.5,790,42.98,58.23,,5.1,4.5,4.5,4.72,21.49,17,20,1.02,0.97
3/07/2021,7:48:00 PM,7:48:42 PM,Menangle,NSW,6,184948863,R6 1609m Pace M,184948864,Harness,1609,Pace,27788524,6,Titian Raider,LOSER,29,WINNER,,119.29,29,17,29,19.62,462.19,790,29,790,90.07,14.08,,4.2,3.25,4.2,3.78,29.03,17,22,1.02,0.97
3/07/2021,7:48:00 PM,7:48:42 PM,Menangle,NSW,6,184948863,R6 1609m Pace M,184948864,Harness,1609,Pace,29907422,7,Island Fire Dance,WINNER,1.44,WINNER,,3669.3,1.64,1.36,1.44,1.47,18953.37,1.55,1.01,1.01,1.15,3288.97,,1.2,1.14,1.17,1.18,154.72,1.48,1.51,1.02,0.97
3/07/2021,8:15:00 PM,8:15:42 PM,Menangle,NSW,7,184948865,R7 1609m Pace M,184948866,Harness,1609,Pace,12708270,1,Has The Courage,LOSER,39.13,WINNER,,106.78,55,24,46,32.98,129.56,1000,6,720,33.5,61.7,,4,3.15,3.25,3.22,55.15,26,44,1.05,0.97
3/07/2021,8:15:00 PM,8:15:42 PM,Menangle,NSW,7,184948865,R7 1609m Pace M,184948866,Harness,1609,Pace,22941515,2,Prosecution Witness,WINNER,60,WINNER,,88.15,60,7.8,60,33.26,99.44,230,1.01,1.01,1.66,1433.57,,3.7,3.5,3.7,3.52,11.15,27,44,1.05,0.97
3/07/2021,8:15:00 PM,8:15:42 PM,Menangle,NSW,7,184948865,R7 1609m Pace M,184948866,Harness,1609,Pace,24446536,3,Pocket More For Less,LOSER,419.39,LOSER,,34.99,780,60,390,305.57,32.32,1000,100,1000,487.05,0.27,,12,12,12,12,0.04,200,290,1.05,0.97
3/07/2021,8:15:00 PM,8:15:42 PM,Menangle,NSW,7,184948865,R7 1609m Pace M,184948866,Harness,1609,Pace,9363116,4,Most Happy Cullen,LOSER,4.54,LOSER,,959.64,5.3,3.45,4.6,4.25,6183.98,720,1.39,720,5.77,583.63,,1.56,1.47,1.48,1.5,30.37,3.95,4.1,1.05,0.97
3/07/2021,8:15:00 PM,8:15:42 PM,Menangle,NSW,7,184948865,R7 1609m Pace M,184948866,Harness,1609,Pace,22211942,5,Bolta,LOSER,131.41,LOSER,,40.41,180,55,180,87.5,30.33,720,25,400,222.54,4.48,,6.2,5.1,6.2,6.05,13.6,75,95,1.05,0.97
3/07/2021,8:15:00 PM,8:15:42 PM,Menangle,NSW,7,184948865,R7 1609m Pace M,184948866,Harness,1609,Pace,19352632,6,True Confessions,LOSER,7.03,LOSER,,434.49,17.5,6.8,7.2,7.82,1546.6,1000,5,1000,10.17,254.76,,2.1,1.71,1.71,1.74,100.3,8.4,9,1.05,0.97
3/07/2021,8:15:00 PM,8:15:42 PM,Menangle,NSW,7,184948865,R7 1609m Pace M,184948866,Harness,1609,Pace,1501725,7,Happy As,LOSER,540.87,LOSER,,37.73,580,50,580,226.72,48.9,1000,120,1000,540.63,0.49,,11,11,11,11,0.04,190,240,1.05,0.97
3/07/2021,8:15:00 PM,8:15:42 PM,Menangle,NSW,7,184948865,R7 1609m Pace M,184948866,Harness,1609,Pace,16904953,8,Bettor To Be Tricky,LOSER,42.53,LOSER,,194.03,100,27,44,35.41,1023.24,1000,26,1000,191.77,14.77,,4.7,3.95,3.95,4.1,22.07,27,55,1.05,0.97
3/07/2021,8:15:00 PM,8:15:42 PM,Menangle,NSW,7,184948865,R7 1609m Pace M,184948866,Harness,1609,Pace,17221343,9,Masons Delight,LOSER,1.85,WINNER,,2002.58,2.02,1.6,1.85,1.84,11343.69,1000,1.08,690,3.6,1114.28,,1.22,1.13,1.22,1.2,295.76,1.84,1.86,1.05,0.97
4/07/2021,11:09:00 AM,11:09:44 AM,Addington,NZ,1,184980392,R1 1980m Pace M,184980393,Harness,1980,Pace,24525111,1,Honour Before Glory,LOSER,,LOSER,,,22,19.5,22,19.66,10.01,,,,,,,3.45,3.4,3.45,3.42,28.35,22,38,1.12,0.87
4/07/2021,11:09:00 AM,11:09:44 AM,Addington,NZ,1,184980392,R1 1980m Pace M,184980393,Harness,1980,Pace,39887412,2,Daggy Lamb,LOSER,,LOSER,,,16.5,6.2,10.5,11.03,141.81,,,,,,,,,,,,11.5,16.5,1.12,0.87
4/07/2021,11:09:00 AM,,Addington,NZ,1,184980392,R1 1980m Pace M,184980393,Harness,1980,Pace,1449077,3,Bolzano,LOSER,,LOSER,,,,,,,,,,,,,,,,,,,,,,
4/07/2021,11:09:00 AM,,Addington,NZ,1,184980392,R1 1980m Pace M,184980393,Harness,1980,Pace,18528875,4,Myrcella,LOSER,,WINNER,,,,,,,,,,,,,,,,,,,,,,
4/07/2021,11:09:00 AM,11:09:44 AM,Addington,NZ,1,184980392,R1 1980m Pace M,184980393,Harness,1980,Pace,37807055,5,Von Art,LOSER,,LOSER,,,17,10.5,10.5,16.25,10.19,,,,,,,,,,,,11,19,1.12,0.87
4/07/2021,11:09:00 AM,11:09:44 AM,Addington,NZ,1,184980392,R1 1980m Pace M,184980393,Harness,1980,Pace,23429514,6,Franco Hoffman,WINNER,,WINNER,,,2,1.41,1.55,1.63,4592.17,,,,,,,1.18,1.12,1.12,1.12,7.46,1.43,1.6,1.12,0.87
4/07/2021,11:09:00 AM,11:09:44 AM,Addington,NZ,1,184980392,R1 1980m Pace M,184980393,Harness,1980,Pace,17202299,7,Jenabella,LOSER,,LOSER,,,16.5,10,16.5,11.55,11.21,,,,,,,,,,,,16.5,25,1.12,0.87
4/07/2021,11:09:00 AM,11:09:44 AM,Addington,NZ,1,184980392,R1 1980m Pace M,184980393,Harness,1980,Pace,7211090,8,Flamboyant,LOSER,,WINNER,,,85,36,38,51.01,21.7,,,,,,,,,,,,38,85,1.12,0.87
4/07/2021,11:09:00 AM,11:09:44 AM,Addington,NZ,1,184980392,R1 1980m Pace M,184980393,Harness,1980,Pace,9349092,9,Four Starzzz Shiraz,LOSER,,LOSER,,,20,14.5,20,18.16,18.34,,,,,,,2.72,2.7,2.7,2.71,46,18.5,38,1.12,0.87
4/07/2021,11:34:00 AM,11:34:46 AM,Addington,NZ,2,184980394,R2 2000m Trot S,184980395,Harness,2000,Trot,40047451,1,Westland Peak,LOSER,,LOSER,,,40,40,40,40,0.09,,,,,,,,,,,,26,38,1.06,0.87
4/07/2021,11:34:00 AM,11:34:46 AM,Addington,NZ,2,184980394,R2 2000m Trot S,184980395,Harness,2000,Trot,40047458,2,Aditi,LOSER,,LOSER,,,6,4.6,5.5,5.34,400.81,,,,,,,,,,,,5.2,5.9,1.06,0.87
4/07/2021,11:34:00 AM,11:34:46 AM,Addington,NZ,2,184980394,R2 2000m Trot S,184980395,Harness,2000,Trot,40047452,3,Moons Way,LOSER,,LOSER,,,44,23,42,25.97,11.8,,,,,,,,,,,,26,44,1.06,0.87
4/07/2021,11:34:00 AM,11:34:46 AM,Addington,NZ,2,184980394,R2 2000m Trot S,184980395,Harness,2000,Trot,40047453,5,Superfast Whizz,LOSER,,WINNER,,,44,44,44,44,0.09,,,,,,,,,,,,26,44,1.06,0.87
4/07/2021,11:34:00 AM,11:34:46 AM,Addington,NZ,2,184980394,R2 2000m Trot S,184980395,Harness,2000,Trot,40047454,6,Terror Cove,LOSER,,LOSER,,,7.2,4.3,4.4,5.28,1516.37,,,,,,,2.2,2.1,2.1,2.1,334.44,4.6,4.9,1.06,0.87
4/07/2021,11:34:00 AM,11:34:46 AM,Addington,NZ,2,184980394,R2 2000m Trot S,184980395,Harness,2000,Trot,481491,7,Cheeky Monkey,LOSER,,LOSER,,,42,24,42,27.44,30.38,,,,,,,6,6,6,6,35,27,44,1.06,0.87
4/07/2021,11:34:00 AM,11:34:46 AM,Addington,NZ,2,184980394,R2 2000m Trot S,184980395,Harness,2000,Trot,38761294,8,Ginas Majesty,LOSER,,LOSER,,,160,160,160,160,0.05,,,,,,,,,,,,65,100,1.06,0.87
4/07/2021,11:34:00 AM,11:34:46 AM,Addington,NZ,2,184980394,R2 2000m Trot S,184980395,Harness,2000,Trot,4042765,9,Build A Bridge,LOSER,,LOSER,,,8.2,6.4,6.8,7.15,34.01,,,,,,,,,,,,6.8,8.2,1.06,0.87
4/07/2021,11:34:00 AM,11:34:46 AM,Addington,NZ,2,184980394,R2 2000m Trot S,184980395,Harness,2000,Trot,40047455,10,Tinted Stuart,LOSER,,LOSER,,,18,13.5,16,15.48,28.1,,,,,,,,,,,,15.5,17.5,1.06,0.87
4/07/2021,11:34:00 AM,11:34:46 AM,Addington,NZ,2,184980394,R2 2000m Trot S,184980395,Harness,2000,Trot,38859020,11,Random Spur,LOSER,,WINNER,,,18,13.5,13.5,15.19,39.95,,,,,,,,,,,,14.5,17,1.06,0.87
4/07/2021,11:34:00 AM,11:34:46 AM,Addington,NZ,2,184980394,R2 2000m Trot S,184980395,Harness,2000,Trot,7403253,13,Masterofthemanor,LOSER,,LOSER,,,46,18.5,18.5,19.51,35.23,,,,,,,,,,,,28,46,1.06,0.87
4/07/2021,11:34:00 AM,11:34:46 AM,Addington,NZ,2,184980394,R2 2000m Trot S,184980395,Harness,2000,Trot,36864767,15,Monaro Mako,WINNER,,WINNER,,,11,7.8,11,9.2,142.21,,,,,,,2.9,2.9,2.9,2.9,44,8.6,10.5,1.06,0.87
4/07/2021,11:34:00 AM,,Addington,NZ,2,184980394,R2 2000m Trot S,184980395,Harness,2000,Trot,40047456,16,Night Watch,LOSER,,LOSER,,,,,,,,,,,,,,,,,,,,,,
4/07/2021,11:59:00 AM,12:01:10 PM,Addington,NZ,3,184980396,R3 2600m Pace S,184980397,Harness,2600,Pace,40047459,1,Glitz And Glam,LOSER,,LOSER,,,17,9.2,15,12.27,279.47,,,,,,,3.35,2.78,3.35,3.07,44,13.5,15,1.09,0.98
4/07/2021,11:59:00 AM,12:01:10 PM,Addington,NZ,3,184980396,R3 2600m Pace S,184980397,Harness,2600,Pace,40047460,2,Proteus,LOSER,,WINNER,,,80,32,75,45.93,17.7,,,,,,,,,,,,32,48,1.09,0.98
4/07/2021,11:59:00 AM,12:01:10 PM,Addington,NZ,3,184980396,R3 2600m Pace S,184980397,Harness,2600,Pace,40047461,3,Vincent Vega,LOSER,,LOSER,,,15,6.8,13,9.26,240.15,,,,,,,2.76,2.24,2.76,2.68,38.27,8.8,9.8,1.09,0.98
4/07/2021,11:59:00 AM,12:01:10 PM,Addington,NZ,3,184980396,R3 2600m Pace S,184980397,Harness,2600,Pace,40047462,4,Mr Cash Man,LOSER,,LOSER,,,380,210,380,265.16,1.54,,,,,,,,,,,,90,210,1.09,0.98
4/07/2021,11:59:00 AM,12:01:10 PM,Addington,NZ,3,184980396,R3 2600m Pace S,184980397,Harness,2600,Pace,40047463,5,Kaka Point Galanty,LOSER,,LOSER,,,11,5.3,5.3,6.67,936.04,,,,,,,2.42,2.1,2.1,2.41,25.53,6,6.8,1.09,0.98
4/07/2021,11:59:00 AM,12:01:10 PM,Addington,NZ,3,184980396,R3 2600m Pace S,184980397,Harness,2600,Pace,27750266,6,Miss Markle,LOSER,,LOSER,,,18,11.5,11.5,13.2,133.71,,,,,,,3.45,3.15,3.15,3.34,29,13,14,1.09,0.98
4/07/2021,11:59:00 AM,12:01:10 PM,Addington,NZ,3,184980396,R3 2600m Pace S,184980397,Harness,2600,Pace,40047464,7,Bondi Lustre,LOSER,,LOSER,,,300,150,150,167.98,7.01,,,,,,,,,,,,95,180,1.09,0.98
4/07/2021,11:59:00 AM,12:01:10 PM,Addington,NZ,3,184980396,R3 2600m Pace S,184980397,Harness,2600,Pace,40047465,8,Sheeza Artist,WINNER,,WINNER,,,2.46,1.97,2.1,2.14,6790.04,,,,,,,1.5,1.26,1.48,1.38,63.89,2.16,2.24,1.09,0.98
4/07/2021,11:59:00 AM,12:01:10 PM,Addington,NZ,3,184980396,R3 2600m Pace S,184980397,Harness,2600,Pace,40047466,9,Lunar Legend,LOSER,,LOSER,,,350,110,150,177.31,3.81,,,,,,,,,,,,75,110,1.09,0.98
4/07/2021,11:59:00 AM,12:01:10 PM,Addington,NZ,3,184980396,R3 2600m Pace S,184980397,Harness,2600,Pace,40047467,10,Watching Our Coin,LOSER,,WINNER,,,17.5,12,15.5,13.59,88.26,,,,,,,,,,,,12.5,13,1.09,0.98
4/07/2021,11:59:00 AM,12:01:10 PM,Addington,NZ,3,184980396,R3 2600m Pace S,184980397,Harness,2600,Pace,37886352,11,Full Of Desire,LOSER,,LOSER,,,75,36,75,49.75,17.53,,,,,,,,,,,,36,50,1.09,0.98
4/07/2021,11:59:00 AM,12:01:10 PM,Addington,NZ,3,184980396,R3 2600m Pace S,184980397,Harness,2600,Pace,39388320,12,Cheekygrin,LOSER,,LOSER,,,360,100,200,126.55,12.53,,,,,,,,,,,,110,220,1.09,0.98
4/07/2021,11:59:00 AM,12:01:10 PM,Addington,NZ,3,184980396,R3 2600m Pace S,184980397,Harness,2600,Pace,40047468,13,Webs Reactor,LOSER,,LOSER,,,330,65,85,76.56,45.71,,,,,,,,,,,,80,160,1.09,0.98
4/07/2021,12:24:00 PM,12:27:19 PM,Addington,NZ,4,184980398,R4 1980m Pace M,184980399,Harness,1980,Pace,40047469,1,Magic Sign,LOSER,,LOSER,,,4.3,3.2,3.85,3.66,588.89,,,,,,,1.75,1.75,1.75,1.75,0.04,3.55,3.85,1.1,0.95
4/07/2021,12:24:00 PM,12:27:19 PM,Addington,NZ,4,184980398,R4 1980m Pace M,184980399,Harness,1980,Pace,23294492,2,Smooth Debate,WINNER,,WINNER,,,3.95,2.94,3.05,3.18,815.65,,,,,,,1.63,1.63,1.63,1.63,5.95,2.98,3.15,1.1,0.95
4/07/2021,12:24:00 PM,12:27:19 PM,Addington,NZ,4,184980398,R4 1980m Pace M,184980399,Harness,1980,Pace,822063,3,Little Gee,LOSER,,LOSER,,,230,38,48,54.81,5.1,,,,,,,,,,,,46,230,1.1,0.95
4/07/2021,12:24:00 PM,12:27:19 PM,Addington,NZ,4,184980398,R4 1980m Pace M,184980399,Harness,1980,Pace,23306661,4,Its Me,LOSER,,LOSER,,,75,32,75,39.69,5.98,,,,,,,,,,,,38,75,1.1,0.95
4/07/2021,12:24:00 PM,12:27:19 PM,Addington,NZ,4,184980398,R4 1980m Pace M,184980399,Harness,1980,Pace,23306713,6,Frosty Reception,LOSER,,LOSER,,,90,29,32,40.84,4.73,,,,,,,,,,,,30,90,1.1,0.95
4/07/2021,12:24:00 PM,12:27:19 PM,Addington,NZ,4,184980398,R4 1980m Pace M,184980399,Harness,1980,Pace,18408425,7,Bettor Beontoit,LOSER,,WINNER,,,6,4.7,4.9,5.34,84.11,,,,,,,,,,,,5.3,5.9,1.1,0.95
4/07/2021,12:24:00 PM,12:27:19 PM,Addington,NZ,4,184980398,R4 1980m Pace M,184980399,Harness,1980,Pace,33750177,8,Zircon Lass,LOSER,,LOSER,,,12.5,7.6,9.4,9.18,81.3,,,,,,,3.1,3.1,3.1,3.1,6.39,9.4,9.6,1.1,0.95
4/07/2021,12:24:00 PM,12:27:19 PM,Addington,NZ,4,184980398,R4 1980m Pace M,184980399,Harness,1980,Pace,25765969,10,Conquer Me,LOSER,,WINNER,,,14.5,8,11.5,10.53,143.96,,,,,,,2.56,2.34,2.54,2.49,40,9.2,14,1.1,0.95
4/07/2021,12:49:00 PM,12:49:45 PM,Addington,NZ,5,184980400,R5 2600m Pace S,184980401,Harness,2600,Pace,1183213,1,Art Collector,LOSER,,WINNER,,,10.5,9,9.2,9.63,220.22,,,,,,,5.3,5.3,5.3,5.3,18.4,9.2,10,1.1,0.92
4/07/2021,12:49:00 PM,12:49:45 PM,Addington,NZ,5,184980400,R5 2600m Pace S,184980401,Harness,2600,Pace,27849029,2,Shes A Dagg,LOSER,,LOSER,,,13,8,8.2,9.43,53.33,,,,,,,3.3,3.3,3.3,3.3,0.36,8.2,11.5,1.1,0.92
4/07/2021,12:49:00 PM,12:49:45 PM,Addington,NZ,5,184980400,R5 2600m Pace S,184980401,Harness,2600,Pace,39810515,3,Tiger Lou,LOSER,,LOSER,,,18.5,15.5,16.5,17.49,62.43,,,,,,,6.4,6.4,6.4,6.4,14.72,15.5,16.5,1.1,0.92
4/07/2021,12:49:00 PM,,Addington,NZ,5,184980400,R5 2600m Pace S,184980401,Harness,2600,Pace,28170643,4,Megarock,LOSER,,LOSER,,,,,,,,,,,,,,,,,,,,,,
4/07/2021,12:49:00 PM,12:49:45 PM,Addington,NZ,5,184980400,R5 2600m Pace S,184980401,Harness,2600,Pace,39388332,6,Dont Write Me Off,LOSER,,WINNER,,,5.1,3.65,4.2,4.22,458.52,,,,,,,1.98,1.81,1.98,1.94,118.06,3.75,4.1,1.1,0.92
4/07/2021,12:49:00 PM,12:49:45 PM,Addington,NZ,5,184980400,R5 2600m Pace S,184980401,Harness,2600,Pace,26585542,7,Kingsdown Atom,LOSER,,LOSER,,,20,14,16,15.44,73.43,,,,,,,,,,,,16.5,20,1.1,0.92
4/07/2021,12:49:00 PM,12:49:45 PM,Addington,NZ,5,184980400,R5 2600m Pace S,184980401,Harness,2600,Pace,25475117,8,Woodlea Diego,LOSER,,LOSER,,,9.8,8.8,9,9.34,104.35,,,,,,,,,,,,9,9.8,1.1,0.92
4/07/2021,12:49:00 PM,12:49:45 PM,Addington,NZ,5,184980400,R5 2600m Pace S,184980401,Harness,2600,Pace,40047470,9,Sophia Bromac,WINNER,,WINNER,,,14,11,12,11.91,28.71,,,,,,,,,,,,12,15,1.1,0.92
4/07/2021,12:49:00 PM,12:49:45 PM,Addington,NZ,5,184980400,R5 2600m Pace S,184980401,Harness,2600,Pace,1525342,10,Taurus,LOSER,,LOSER,,,17,13.5,14,13.59,8.51,,,,,,,,,,,,14,17,1.1,0.92
4/07/2021,12:49:00 PM,12:49:45 PM,Addington,NZ,5,184980400,R5 2600m Pace S,184980401,Harness,2600,Pace,13326212,11,Terrier,LOSER,,LOSER,,,16.5,15,15,15.82,19.63,,,,,,,,,,,,15,18,1.1,0.92
4/07/2021,12:49:00 PM,12:49:45 PM,Addington,NZ,5,184980400,R5 2600m Pace S,184980401,Harness,2600,Pace,1274947,12,Kennedy,LOSER,,LOSER,,,42,40,42,41.23,1.03,,,,,,,,,,,,27,44,1.1,0.92
4/07/2021,12:49:00 PM,,Addington,NZ,5,184980400,R5 2600m Pace S,184980401,Harness,2600,Pace,40047471,13,Safe Zone,LOSER,,LOSER,,,,,,,,,,,,,,,,,,,,,,
4/07/2021,12:49:00 PM,,Addington,NZ,5,184980400,R5 2600m Pace S,184980401,Harness,2600,Pace,40047472,14,Serious Moonlite,LOSER,,LOSER,,,,,,,,,,,,,,,,,,,,,,
4/07/2021,1:14:00 PM,1:15:08 PM,Addington,NZ,6,184980402,R6 2600m Trot S,184980403,Harness,2600,Trot,40047473,1,Moment Of Kaos,LOSER,,LOSER,,,36.29,20.05,21.96,23.07,32.49,,,,,,,,,,,,23,36,1.13,0.8
4/07/2021,1:14:00 PM,1:15:08 PM,Addington,NZ,6,184980402,R6 2600m Trot S,184980403,Harness,2600,Trot,5435043,2,Smudgee,LOSER,,LOSER,,,21.01,18.62,19.1,19.15,34.99,,,,,,,,,,,,20,34,1.13,0.8
4/07/2021,1:14:00 PM,1:15:08 PM,Addington,NZ,6,184980402,R6 2600m Trot S,184980403,Harness,2600,Trot,9925388,4,Arran Chief,LOSER,,LOSER,,,24.83,21.96,22.92,22.46,10.4,,,,,,,,,,,,24,38,1.13,0.8
4/07/2021,1:14:00 PM,1:15:08 PM,Addington,NZ,6,184980402,R6 2600m Trot S,184980403,Harness,2600,Trot,17220486,6,Thats The Story,LOSER,,WINNER,,,10.03,4.49,4.49,4.96,332.85,,,,,,,1.83,1.82,1.83,1.83,44.5,4.8,8.8,1.13,0.8
4/07/2021,1:14:00 PM,1:15:08 PM,Addington,NZ,6,184980402,R6 2600m Trot S,184980403,Harness,2600,Trot,39810503,7,Kenny Keko,LOSER,,LOSER,,,6.49,4.2,4.49,4.68,329.02,,,,,,,2,2,2,2,0.36,4.4,7.2,1.13,0.8
4/07/2021,1:14:00 PM,1:15:08 PM,Addington,NZ,6,184980402,R6 2600m Trot S,184980403,Harness,2600,Trot,40047475,8,Zsahara,LOSER,,LOSER,,,47.75,47.75,47.75,47.75,0.17,,,,,,,,,,,,48,70,1.13,0.8
4/07/2021,1:14:00 PM,1:15:08 PM,Addington,NZ,6,184980402,R6 2600m Trot S,184980403,Harness,2600,Trot,6391743,9,Beyond The Horizon,LOSER,,WINNER,,,14.8,14.32,14.8,14.44,5,,,,,,,3.37,2.64,2.73,2.65,2229.14,14,21,1.13,0.8
4/07/2021,1:14:00 PM,1:15:08 PM,Addington,NZ,6,184980402,R6 2600m Trot S,184980403,Harness,2600,Trot,24141252,10,Dds Super Stuart,LOSER,,LOSER,,,6.88,4.97,6.11,6.04,38.78,,,,,,,,,,,,6.6,8,1.13,0.8
4/07/2021,1:14:00 PM,1:15:08 PM,Addington,NZ,6,184980402,R6 2600m Trot S,184980403,Harness,2600,Trot,24228941,11,Yuri,WINNER,,WINNER,,,5.16,3.92,4.58,4.33,267.86,,,,,,,1.77,1.77,1.77,1.77,0.64,4.3,4.7,1.13,0.8
4/07/2021,1:14:00 PM,1:15:08 PM,Addington,NZ,6,184980402,R6 2600m Trot S,184980403,Harness,2600,Trot,26505616,13,Faith No More,LOSER,,LOSER,,,16.23,10.03,11.94,12.56,75.96,,,,,,,3.69,3.46,3.51,3.6,50,12,16.5,1.13,0.8
4/07/2021,1:39:00 PM,1:39:45 PM,Addington,NZ,7,184980404,R7 1980m Pace M,184980405,Harness,1980,Pace,18884955,1,Cha Cha B,LOSER,,WINNER,,,4.2,3.35,3.35,3.67,239.03,,,,,,,,,,,,3.6,3.8,1.1,0.82
4/07/2021,1:39:00 PM,1:39:45 PM,Addington,NZ,7,184980404,R7 1980m Pace M,184980405,Harness,1980,Pace,36484229,2,Shards In Manhattan,LOSER,,WINNER,,,9.4,5.6,6.8,6.32,142.37,,,,,,,,,,,,6,6.8,1.1,0.82
4/07/2021,1:39:00 PM,,Addington,NZ,7,184980404,R7 1980m Pace M,184980405,Harness,1980,Pace,35430378,3,Dont Quote Me,LOSER,,LOSER,,,,,,,,,,,,,,,,,,,,,,
4/07/2021,1:39:00 PM,,Addington,NZ,7,184980404,R7 1980m Pace M,184980405,Harness,1980,Pace,38981691,4,Huego Bos,LOSER,,LOSER,,,,,,,,,,,,,,,,,,,,,,
4/07/2021,1:39:00 PM,1:39:45 PM,Addington,NZ,7,184980404,R7 1980m Pace M,184980405,Harness,1980,Pace,39375741,5,Haiti Franco,LOSER,,LOSER,,,5,4.1,4.1,4.21,16.78,,,,,,,,,,,,4.1,5,1.1,0.82
4/07/2021,1:39:00 PM,1:39:45 PM,Addington,NZ,7,184980404,R7 1980m Pace M,184980405,Harness,1980,Pace,16786263,6,Petes Dash,LOSER,,LOSER,,,85,28,29,29.28,5.09,,,,,,,,,,,,29,85,1.1,0.82
4/07/2021,1:39:00 PM,1:39:45 PM,Addington,NZ,7,184980404,R7 1980m Pace M,184980405,Harness,1980,Pace,37049134,7,Captain Confetti,LOSER,,LOSER,,,9,8.6,8.8,8.89,17.6,,,,,,,2.64,2.64,2.64,2.64,15,9,12.5,1.1,0.82
4/07/2021,1:39:00 PM,1:39:45 PM,Addington,NZ,7,184980404,R7 1980m Pace M,184980405,Harness,1980,Pace,10862175,8,Martin John,LOSER,,LOSER,,,75,30,32,32.08,10.09,,,,,,,5.6,5.6,5.6,5.6,5,29,75,1.1,0.82
4/07/2021,1:39:00 PM,1:39:45 PM,Addington,NZ,7,184980404,R7 1980m Pace M,184980405,Harness,1980,Pace,23704148,9,Betstars Blue Jean,LOSER,,LOSER,,,120,36,36,38.83,5.06,,,,,,,,,,,,42,95,1.1,0.82
4/07/2021,1:39:00 PM,1:39:45 PM,Addington,NZ,7,184980404,R7 1980m Pace M,184980405,Harness,1980,Pace,7892096,10,Alexy,LOSER,,LOSER,,,95,90,90,91.46,0.33,,,,,,,,,,,,27,90,1.1,0.82
4/07/2021,1:39:00 PM,,Addington,NZ,7,184980404,R7 1980m Pace M,184980405,Harness,1980,Pace,8233494,11,Skidaddle,WINNER,,WINNER,,,,,,,,,,,,,,,,,,,,,,
4/07/2021,2:04:00 PM,2:05:20 PM,Addington,NZ,8,184980406,R8 1980m Pace M,184980407,Harness,1980,Pace,27131693,1,Leconte,LOSER,,LOSER,,,16,11.5,16,12.49,27.08,,,,,,,3.25,3.25,3.25,3.25,41.74,11.5,16,1.1,0.87
4/07/2021,2:04:00 PM,2:05:20 PM,Addington,NZ,8,184980406,R8 1980m Pace M,184980407,Harness,1980,Pace,35921151,2,Unchanged Memory,LOSER,,LOSER,,,17,12.5,13,14.07,54.86,,,,,,,3.8,3.8,3.8,3.8,27,12.5,16.5,1.1,0.87
4/07/2021,2:04:00 PM,2:05:20 PM,Addington,NZ,8,184980406,R8 1980m Pace M,184980407,Harness,1980,Pace,37012238,3,Itz To The Macs,WINNER,,WINNER,,,6.2,5,5.2,5.33,319.5,,,,,,,2.18,2.18,2.18,2.18,0.24,5.6,6.4,1.1,0.87
4/07/2021,2:04:00 PM,2:05:20 PM,Addington,NZ,8,184980406,R8 1980m Pace M,184980407,Harness,1980,Pace,9308740,4,Moody River,LOSER,,WINNER,,,4.6,3.25,3.5,3.67,1176.39,,,,,,,1.6,1.57,1.57,1.57,1.03,3.6,4.1,1.1,0.87
4/07/2021,2:04:00 PM,2:05:20 PM,Addington,NZ,8,184980406,R8 1980m Pace M,184980407,Harness,1980,Pace,36781877,5,Sherwood Maggie,LOSER,,LOSER,,,11.5,7.8,11,8.73,101.3,,,,,,,,,,,,7.8,12,1.1,0.87
4/07/2021,2:04:00 PM,2:05:20 PM,Addington,NZ,8,184980406,R8 1980m Pace M,184980407,Harness,1980,Pace,9335757,6,Taliesin,LOSER,,LOSER,,,8.6,6.4,7.6,7.09,215.32,,,,,,,,,,,,6.4,7.2,1.1,0.87
4/07/2021,2:04:00 PM,2:05:20 PM,Addington,NZ,8,184980406,R8 1980m Pace M,184980407,Harness,1980,Pace,39388316,7,Machs Eliminator,LOSER,,WINNER,,,22,10.5,19,14.88,71.87,,,,,,,4.1,2.94,4,3.42,15,15.5,28,1.1,0.87
4/07/2021,2:04:00 PM,2:05:20 PM,Addington,NZ,8,184980406,R8 1980m Pace M,184980407,Harness,1980,Pace,12747733,8,Greenback Boogie,LOSER,,LOSER,,,16.5,8.2,13.5,11.17,67.24,,,,,,,3.55,3.55,3.55,3.55,6,11,13.5,1.1,0.87
4/07/2021,2:04:00 PM,2:05:20 PM,Addington,NZ,8,184980406,R8 1980m Pace M,184980407,Harness,1980,Pace,36241722,9,Rosies Terror,LOSER,,LOSER,,,75,28,28,30.07,10.41,,,,,,,7.4,7.4,7.4,7.4,5.24,28,75,1.1,0.87
4/07/2021,11:04:00 AM,11:04:33 AM,Charlton,VIC,1,184976784,R1 2100m Pace M,184976785,Harness,2100,Pace,40050391,1,Petreos,LOSER,120.06,LOSER,55.78,33.54,160,26,160,75.2,40.49,1000,48,1000,282.81,6.81,39.66,,,,,,110,130,1.01,0.99
4/07/2021,11:04:00 AM,11:04:33 AM,Charlton,VIC,1,184976784,R1 2100m Pace M,184976785,Harness,2100,Pace,40050392,2,Stormboy Star,LOSER,562.79,LOSER,42,20.83,740,30,340,243.61,18.93,1000,120,1000,550.43,14.79,6.54,44,42,44,43.18,8.46,280,290,1.01,0.99
4/07/2021,11:04:00 AM,11:04:33 AM,Charlton,VIC,1,184976784,R1 2100m Pace M,184976785,Harness,2100,Pace,35727440,3,Smooth Rolling,LOSER,44,LOSER,11.08,151.62,80,26,48,41.69,411.19,1000,18.5,1000,152.91,19.92,327.99,11.5,11.5,11.5,11.5,3.68,42,48,1.01,0.99
4/07/2021,11:04:00 AM,11:04:33 AM,Charlton,VIC,1,184976784,R1 2100m Pace M,184976785,Harness,2100,Pace,40050393,4,Goodtime Mach,LOSER,28,LOSER,10.31,159.24,65,26,34,31.07,180.56,1000,9.6,1000,64.08,55.36,136.24,,,,,,28,30,1.01,0.99
4/07/2021,11:04:00 AM,11:04:33 AM,Charlton,VIC,1,184976784,R1 2100m Pace M,184976785,Harness,2100,Pace,40050394,5,Harryhoo,LOSER,2.41,LOSER,1.36,2265.92,2.54,2.04,2.42,2.3,4101.89,1000,2.38,1000,10.29,522.22,1068.6,1.42,1.34,1.39,1.36,16.1,2.34,2.4,1.01,0.99
4/07/2021,11:04:00 AM,11:04:33 AM,Charlton,VIC,1,184976784,R1 2100m Pace M,184976785,Harness,2100,Pace,40050395,7,Yapper,LOSER,14.02,WINNER,4.1,419.09,17.5,9.6,14.5,12.47,574.77,1000,2,1000,16,91.5,465.86,,,,,,11.5,12.5,1.01,0.99
4/07/2021,11:04:00 AM,11:04:33 AM,Charlton,VIC,1,184976784,R1 2100m Pace M,184976785,Harness,2100,Pace,36386789,8,Dessie Gee,WINNER,2.11,WINNER,1.33,3137.95,2.9,2.12,2.16,2.37,4703.67,2.14,1.01,1.01,1.31,2174.82,1336.38,1.35,1.33,1.33,1.34,31.69,2.34,2.36,1.01,0.99
4/07/2021,11:29:00 AM,11:29:46 AM,Charlton,VIC,2,184976786,R2 2100m Pace M,184976787,Harness,2100,Pace,11004050,1,Calvert Hot Shot,LOSER,13,LOSER,4.83,547.48,44,13,13.5,18.94,374.2,1000,7.4,1000,153.17,31.29,382.31,3.65,3.65,3.65,3.65,12,13,14,0.83,1.03
4/07/2021,11:29:00 AM,11:29:46 AM,Charlton,VIC,2,184976786,R2 2100m Pace M,184976787,Harness,2100,Pace,3879226,2,Magnified,LOSER,27.53,LOSER,4.86,161.61,30,24,27,27.21,67.74,720,27,300,92.62,15.92,398.92,4.9,4.9,4.9,4.9,8.05,26,29,0.83,1.03
4/07/2021,11:29:00 AM,11:29:46 AM,Charlton,VIC,2,184976786,R2 2100m Pace M,184976787,Harness,2100,Pace,10067899,3,Danman,LOSER,9.33,LOSER,2.47,396.71,16,7.8,9,8.58,791,720,5.6,110,21.1,45.05,802.46,2.54,2.54,2.54,2.54,0.11,8,8.4,0.83,1.03
4/07/2021,11:29:00 AM,11:29:46 AM,Charlton,VIC,2,184976786,R2 2100m Pace M,184976787,Harness,2100,Pace,28596476,4,Jong Ang,WINNER,7.2,WINNER,2.55,442.05,11.5,7,7,8.62,599.45,44,1.02,1.02,3.1,549.93,724.92,,,,,,7.6,7.8,0.83,1.03
4/07/2021,11:29:00 AM,11:29:46 AM,Charlton,VIC,2,184976786,R2 2100m Pace M,184976787,Harness,2100,Pace,28051072,5,Rocknroll Opal,LOSER,4.97,WINNER,1.97,939.74,42,4.4,4.8,7.13,2055.8,150,3.55,70,7.22,100.24,477.06,2.86,1.77,1.77,2.47,13.9,30,4.9,0.83,1.03
4/07/2021,11:29:00 AM,11:29:46 AM,Charlton,VIC,2,184976786,R2 2100m Pace M,184976787,Harness,2100,Pace,16921982,6,Mista Pumblechook,LOSER,6,LOSER,2.11,832,6,2.8,5.7,4.15,2997.47,780,2.58,290,5.17,472.61,672.21,1.88,1.54,1.88,1.81,14.61,5.1,5.3,0.83,1.03
4/07/2021,11:29:00 AM,11:29:46 AM,Charlton,VIC,2,184976786,R2 2100m Pace M,184976787,Harness,2100,Pace,9116465,7,Irishmurphy,LOSER,70,LOSER,8.51,73.6,95,28,80,64.21,152.51,720,32,300,109.42,14.72,10.02,,,,,,70,80,0.83,1.03
4/07/2021,11:29:00 AM,11:29:46 AM,Charlton,VIC,2,184976786,R2 2100m Pace M,184976787,Harness,2100,Pace,27466314,8,Western Ricki,LOSER,4.6,WINNER,1.82,889.83,4.9,2.52,4.6,3.99,2563.63,100,2.58,100,7.73,172.85,986.32,1.87,1.4,1.87,1.4,5.04,4.6,3.7,0.83,1.03
4/07/2021,12:06:00 PM,12:06:40 PM,Charlton,VIC,3,184976788,R3 1609m Pace M,184976789,Harness,1609,Pace,13903999,1,Happyaslarry,WINNER,4.97,WINNER,1.87,758.01,5,3.7,4.6,4.7,893.3,5.1,1.01,1.01,1.58,2085.87,904.26,1.99,1.67,1.78,1.79,25.24,4.7,4.8,0.97,0.97
4/07/2021,12:06:00 PM,12:06:40 PM,Charlton,VIC,3,184976788,R3 1609m Pace M,184976789,Harness,1609,Pace,36105170,2,Justblingit Cresco,LOSER,7.95,LOSER,2.6,578.58,11,7.2,7.6,8.39,809.43,1000,6,1000,26.6,69.46,394.94,3.2,2.6,2.6,2.61,14.69,7.8,8.6,0.97,0.97
4/07/2021,12:06:00 PM,12:06:40 PM,Charlton,VIC,3,184976788,R3 1609m Pace M,184976789,Harness,1609,Pace,28304073,3,Ardent Bliss,LOSER,28.93,LOSER,15.04,138.59,30,21,27,24.27,61.77,1000,10,1000,43.69,42.06,130.47,3.55,3.55,3.55,3.55,15,26,30,0.97,0.97
4/07/2021,12:06:00 PM,12:06:40 PM,Charlton,VIC,3,184976788,R3 1609m Pace M,184976789,Harness,1609,Pace,40050396,5,Cresco Goldigger,LOSER,36,LOSER,7.6,117.2,65,30,36,35.25,28.45,1000,13,530,59.74,29.87,197.25,,,,,,34,36,0.97,0.97
4/07/2021,12:06:00 PM,12:06:40 PM,Charlton,VIC,3,184976788,R3 1609m Pace M,184976789,Harness,1609,Pace,40050397,6,Colby Art,LOSER,59.18,LOSER,8.51,85.34,90,30,46,63.11,64.66,1000,34,1000,274.37,14,10.02,,,,,,80,85,0.97,0.97
4/07/2021,12:06:00 PM,12:06:40 PM,Charlton,VIC,3,184976788,R3 1609m Pace M,184976789,Harness,1609,Pace,39056826,7,Loven Laughter,LOSER,16,LOSER,3.61,324.36,19,15,16,16.78,333.18,1000,13,780,56.05,35.46,150.13,3.65,3.6,3.6,3.6,222,16,19.5,0.97,0.97
4/07/2021,12:06:00 PM,12:06:40 PM,Charlton,VIC,3,184976788,R3 1609m Pace M,184976789,Harness,1609,Pace,21100659,8,Kellys Ideal,LOSER,4.03,WINNER,1.56,1336.71,4.2,2.64,3.65,3.36,1545.52,1000,3.8,1000,11.6,245.61,1458.94,1.72,1.45,1.72,1.56,560.42,3.45,3.55,0.97,0.97
4/07/2021,12:06:00 PM,12:06:40 PM,Charlton,VIC,3,184976788,R3 1609m Pace M,184976789,Harness,1609,Pace,9327627,9,Our Pontiac,LOSER,27.93,LOSER,4.9,168.31,30,23,27,26.08,94.38,1000,13.5,780,50.9,51.99,220.89,,,,,,26,27,0.97,0.97
4/07/2021,12:06:00 PM,12:06:40 PM,Charlton,VIC,3,184976788,R3 1609m Pace M,184976789,Harness,1609,Pace,7783669,10,Angus Bromac,LOSER,106.12,LOSER,30,40.15,260,15,210,63.51,175.33,1000,70,1000,373.18,14.83,6.14,36,11.5,30,28.81,29.65,34,36,0.97,0.97
4/07/2021,12:06:00 PM,12:06:40 PM,Charlton,VIC,3,184976788,R3 1609m Pace M,184976789,Harness,1609,Pace,17006404,11,Mighty Regal,LOSER,5.05,WINNER,2.03,950.93,10,5.2,5.2,6.58,1678.67,1000,2.56,1000,9.42,286.25,796.95,2.62,2.1,2.1,2.2,26.96,7.8,5.6,0.97,0.97
4/07/2021,12:44:00 PM,12:44:50 PM,Charlton,VIC,4,184976790,R4 2100m Pace M,184976791,Harness,2100,Pace,7871598,1,Wild Imagination,LOSER,9.86,WINNER,1.89,257.77,11,6,8.8,6.89,1159.69,720,3.7,690,9.31,130.91,940.84,2.06,1.77,1.77,1.78,20.84,6.2,6.4,1.02,0.99
4/07/2021,12:44:00 PM,12:44:50 PM,Charlton,VIC,4,184976790,R4 2100m Pace M,184976791,Harness,2100,Pace,24553582,2,Sport Dreamer,LOSER,42,LOSER,3.81,104.9,50,26,42,31.66,321.66,720,42,720,58.25,17.96,319.13,5.3,3.8,5.3,3.92,70.48,27,29,1.02,0.99
4/07/2021,12:44:00 PM,12:44:50 PM,Charlton,VIC,4,184976790,R4 2100m Pace M,184976791,Harness,2100,Pace,27385381,3,Aerodyne Guy,LOSER,78.06,LOSER,8.98,97.03,480,65,75,88.7,24.87,720,75,720,190.03,2.8,49.03,7.8,7.8,7.8,7.8,0.16,65,70,1.02,0.99
4/07/2021,12:44:00 PM,12:44:50 PM,Charlton,VIC,4,184976790,R4 2100m Pace M,184976791,Harness,2100,Pace,40050398,4,Cuzin Lyndal,WINNER,2.96,WINNER,1.45,1302.27,5.8,2.84,2.9,3.57,3430.98,2.98,1.01,1.01,1.65,2608.32,1297.84,1.73,1.38,1.42,1.45,73.05,3.6,3.75,1.02,0.99
4/07/2021,12:44:00 PM,12:44:50 PM,Charlton,VIC,4,184976790,R4 2100m Pace M,184976791,Harness,2100,Pace,12502167,5,Kempseys Delight,LOSER,101.34,LOSER,13.71,64.21,190,70,100,80.38,42.02,720,100,720,274.81,1.79,89.36,8.8,8.8,8.8,8.8,5.67,70,75,1.02,0.99
4/07/2021,12:44:00 PM,12:44:50 PM,Charlton,VIC,4,184976790,R4 2100m Pace M,184976791,Harness,2100,Pace,17889505,6,Twilight Willy,LOSER,310,LOSER,32,17.97,720,130,260,206.51,30.29,720,310,720,451.89,1.9,9.98,14.5,14.5,14.5,14.5,1.64,130,150,1.02,0.99
4/07/2021,12:44:00 PM,12:44:50 PM,Charlton,VIC,4,184976790,R4 2100m Pace M,184976791,Harness,2100,Pace,397873,7,On My Oath,LOSER,2.56,WINNER,1.34,1581.71,2.84,1.9,2.48,2.37,6094.03,720,2.52,720,5.93,202.96,2186.56,1.37,1.2,1.37,1.3,480.07,2.48,2.5,1.02,0.99
4/07/2021,12:44:00 PM,12:44:50 PM,Charlton,VIC,4,184976790,R4 2100m Pace M,184976791,Harness,2100,Pace,18145070,8,Good Guy Mack,LOSER,13.23,LOSER,2.8,347.78,16,9,13,12,622.62,720,13,720,30.73,49.88,1415.7,2.94,2.32,2.76,2.64,317.12,11.5,12.5,1.02,0.99
4/07/2021,12:44:00 PM,12:44:50 PM,Charlton,VIC,4,184976790,R4 2100m Pace M,184976791,Harness,2100,Pace,38031221,9,Waiting For You,LOSER,67.06,LOSER,9.45,61.86,95,27,85,58.72,90.32,720,65,500,136.27,3.77,42.11,9.8,6,7.2,7.55,10.82,60,75,1.02,0.99
4/07/2021,1:24:00 PM,1:24:40 PM,Charlton,VIC,5,184976792,R5 2100m Trot M,184976793,Harness,2100,Trot,40050399,1,Everybodylovesme,LOSER,15.33,LOSER,2.94,230.74,16,8,15,12.2,615.98,890,15,890,80.94,33.44,633.62,3.15,3.15,3.15,3.15,0.04,13.5,14.5,1.02,0.98
4/07/2021,1:24:00 PM,1:24:40 PM,Charlton,VIC,5,184976792,R5 2100m Trot M,184976793,Harness,2100,Trot,36154762,2,Fremarkskuzo,LOSER,43.34,LOSER,5.4,70.47,50,29,40,36.31,130.12,980,13,580,140.6,17.54,18.55,5.8,5.4,5.8,5.46,1.7,40,46,1.02,0.98
4/07/2021,1:24:00 PM,1:24:40 PM,Charlton,VIC,5,184976792,R5 2100m Trot M,184976793,Harness,2100,Trot,26779224,3,Kalarney Heidi,LOSER,26.35,LOSER,4.64,334.28,60,14.5,34,30.32,279.44,720,6.6,100,19.76,67.59,231.4,5,3.75,4.9,4.69,37.46,30,32,1.02,0.98
4/07/2021,1:24:00 PM,1:24:40 PM,Charlton,VIC,5,184976792,R5 2100m Trot M,184976793,Harness,2100,Trot,37199404,4,Glengarriff,LOSER,6.4,WINNER,2.1,774.52,7,5,6.2,5.9,1553.6,220,2.1,220,13.58,113.52,764.74,2.5,1.91,1.91,2.28,25.08,6.2,6.4,1.02,0.98
4/07/2021,1:24:00 PM,1:24:40 PM,Charlton,VIC,5,184976792,R5 2100m Trot M,184976793,Harness,2100,Trot,18697117,5,Christmas Babe,WINNER,15.5,WINNER,4.2,245.31,32,16,16,20.91,214.08,80,1.01,1.08,3.35,532.17,281.21,3.85,3.3,3.55,3.59,36.54,23,25,1.02,0.98
4/07/2021,1:24:00 PM,1:24:40 PM,Charlton,VIC,5,184976792,R5 2100m Trot M,184976793,Harness,2100,Trot,28447721,6,Countess Chiron,LOSER,150.02,LOSER,38,30.01,210,110,210,146,9.71,990,210,990,672.49,1.18,10.01,13.5,13.5,13.5,13.5,0.84,130,150,1.02,0.98
4/07/2021,1:24:00 PM,1:24:40 PM,Charlton,VIC,5,184976792,R5 2100m Trot M,184976793,Harness,2100,Trot,39610807,7,La Serena,LOSER,2.66,WINNER,1.37,1394.62,3.2,2.3,2.6,2.59,6334.44,1000,1.09,60,5.19,1357.57,1435.79,1.49,1.34,1.34,1.42,298.65,2.54,2.6,1.02,0.98
4/07/2021,1:24:00 PM,1:24:40 PM,Charlton,VIC,5,184976792,R5 2100m Trot M,184976793,Harness,2100,Trot,27483289,8,My Honey Dont,LOSER,3.96,LOSER,1.62,1088.43,6.8,3.75,3.75,4.32,3160.8,720,2.42,250,5.58,304.96,1183.34,1.98,1.56,1.56,1.66,38.04,3.9,4.1,1.02,0.98
4/07/2021,1:24:00 PM,1:24:40 PM,Charlton,VIC,5,184976792,R5 2100m Trot M,184976793,Harness,2100,Trot,36087606,9,Cronk,LOSER,280,LOSER,19,28.56,400,190,360,339.3,6.04,990,280,700,425.91,2.68,7.08,19,19,19,19,9.84,200,360,1.02,0.98
4/07/2021,1:24:00 PM,1:24:40 PM,Charlton,VIC,5,184976792,R5 2100m Trot M,184976793,Harness,2100,Trot,24730159,11,Dublin Chubb,LOSER,95.76,LOSER,45.87,95.45,530,16.5,370,61.18,182.3,1000,95,1000,179.78,39.57,17.37,34,4.2,34,8.57,220.73,40,42,1.02,0.98
4/07/2021,2:04:00 PM,2:04:28 PM,Charlton,VIC,6,184976794,R6 2100m Pace M,184976795,Harness,2100,Pace,40050400,1,Racing Dream,LOSER,97.22,LOSER,9.59,28.4,120,38,100,80.31,15.46,1000,50,1000,218.11,21.13,196.46,,,,,,75,100,1.05,0.98
4/07/2021,2:04:00 PM,2:04:28 PM,Charlton,VIC,6,184976794,R6 2100m Pace M,184976795,Harness,2100,Pace,40050401,2,Roll With Ron,LOSER,160,LOSER,17.61,16.68,230,85,210,104.11,19.36,1000,46,1000,420.36,4.56,103.8,,,,,,90,95,1.05,0.98
4/07/2021,2:04:00 PM,2:04:28 PM,Charlton,VIC,6,184976794,R6 2100m Pace M,184976795,Harness,2100,Pace,40050402,3,No Neigh Philtra,LOSER,25.44,LOSER,5.84,252.28,75,26,32,34.18,181.2,1000,22,720,37.36,91.99,115.83,9.6,4.6,5.4,4.73,54.49,29,34,1.05,0.98
4/07/2021,2:04:00 PM,2:04:28 PM,Charlton,VIC,6,184976794,R6 2100m Pace M,184976795,Harness,2100,Pace,40050403,4,Rockandance,WINNER,19,WINNER,3.33,269.37,21,12,20,14.59,411.99,28,1.01,1.04,1.55,1959.96,298.7,3.5,3.5,3.5,3.5,2.84,14,16,1.05,0.98
4/07/2021,2:04:00 PM,2:04:28 PM,Charlton,VIC,6,184976794,R6 2100m Pace M,184976795,Harness,2100,Pace,40050404,5,Carramar Solomona,LOSER,100,LOSER,16.76,54.85,110,70,80,73.93,49.35,1000,34,1000,272.42,19.54,101.5,,,,,,70,100,1.05,0.98
4/07/2021,2:04:00 PM,2:04:28 PM,Charlton,VIC,6,184976794,R6 2100m Pace M,184976795,Harness,2100,Pace,39296470,6,Pas Guarantee,LOSER,14.29,WINNER,3.28,279.59,21,14.5,14.5,15.68,286.51,1000,6,100,33.78,57.55,468.58,3,3,3,3,10.43,16,17,1.05,0.98
4/07/2021,2:04:00 PM,2:04:28 PM,Charlton,VIC,6,184976794,R6 2100m Pace M,184976795,Harness,2100,Pace,40050405,7,Ozzie Joy,LOSER,3.77,LOSER,1.5,934.44,4.1,2.9,3.7,3.71,803.61,1000,2.82,1000,10.51,389.89,1055.8,1.65,1.49,1.49,1.49,5.04,3.65,3.95,1.05,0.98
4/07/2021,2:04:00 PM,2:04:28 PM,Charlton,VIC,6,184976794,R6 2100m Pace M,184976795,Harness,2100,Pace,40050406,8,Soho Historia,LOSER,19.1,LOSER,2.78,185.58,23,7.4,23,13.85,287.44,1000,5,1000,16.01,180.94,709.62,2.98,2.98,2.98,2.98,12.68,11.5,12.5,1.05,0.98
4/07/2021,2:04:00 PM,2:04:28 PM,Charlton,VIC,6,184976794,R6 2100m Pace M,184976795,Harness,2100,Pace,39594559,9,Im Princess Bella,LOSER,2.01,WINNER,1.18,2139.36,3.05,1.97,2,2.13,5627.5,1000,1.55,1000,3.27,2011.65,2035.38,1.25,1.17,1.25,1.19,301.28,2.18,2.22,1.05,0.98
4/07/2021,2:04:00 PM,2:04:28 PM,Charlton,VIC,6,184976794,R6 2100m Pace M,184976795,Harness,2100,Pace,40050407,10,Torque No Fear,LOSER,75,LOSER,9.58,62.59,95,42,85,65.62,12.21,720,34,34,173.15,6.67,195.27,,,,,,50,75,1.05,0.98
4/07/2021,2:42:00 PM,2:42:31 PM,Charlton,VIC,7,184976796,R7 2100m Pace M,184976797,Harness,2100,Pace,19823304,1,Taxi Meter,LOSER,14.86,LOSER,5.3,377.04,12.5,7.8,11.5,9.94,297.07,720,12,720,18.3,80.04,288.8,,,,,,12,12.5,1.03,0.97
4/07/2021,2:42:00 PM,2:42:31 PM,Charlton,VIC,7,184976796,R7 2100m Pace M,184976797,Harness,2100,Pace,21289907,2,Minimum Wage,LOSER,12.23,WINNER,4.2,251.49,12.5,6.8,10.5,8.88,288.91,720,3.85,690,6.34,201.5,179.58,,,,,,7.4,8,1.03,0.97
4/07/2021,2:42:00 PM,2:42:31 PM,Charlton,VIC,7,184976796,R7 2100m Pace M,184976797,Harness,2100,Pace,27355843,3,Van Niekerk,LOSER,8.6,LOSER,4.17,354.72,11.5,6.4,8,7.85,96.82,780,8,780,24.35,91.29,364.78,,,,,,9.6,10.5,1.03,0.97
4/07/2021,2:42:00 PM,2:42:31 PM,Charlton,VIC,7,184976796,R7 2100m Pace M,184976797,Harness,2100,Pace,7634084,4,Playing The Ace,LOSER,34.66,LOSER,15.5,122.76,80,38,38,44.26,13.32,720,5.6,720,51.71,13.35,97.76,,,,,,44,46,1.03,0.97
4/07/2021,2:42:00 PM,2:42:31 PM,Charlton,VIC,7,184976796,R7 2100m Pace M,184976797,Harness,2100,Pace,23709716,5,Cee Cee In America,WINNER,1.9,WINNER,1.41,2342.38,2.48,1.91,1.94,1.99,2164.31,2.56,1.01,1.01,1.67,2978.09,1270.02,1.41,1.38,1.39,1.39,63.91,1.96,2.02,1.03,0.97
4/07/2021,2:42:00 PM,2:42:31 PM,Charlton,VIC,7,184976796,R7 2100m Pace M,184976797,Harness,2100,Pace,18740917,6,Regardless,LOSER,130.9,LOSER,33.25,15.99,580,50,140,124.5,66.33,870,8.4,870,104.95,19.07,,,,,,,46,55,1.03,0.97
4/07/2021,2:42:00 PM,2:42:31 PM,Charlton,VIC,7,184976796,R7 2100m Pace M,184976797,Harness,2100,Pace,28708235,7,The Sportz Star,LOSER,6.76,LOSER,3.02,563.74,8,6.2,6.2,6.46,188.83,780,4.6,780,42.12,72.49,342.81,2.62,2.56,2.62,2.57,20.13,6.6,7.2,1.03,0.97
4/07/2021,3:22:00 PM,3:22:34 PM,Charlton,VIC,8,184976798,R8 1609m Pace M,184976799,Harness,1609,Pace,17118833,1,Blissfull Mind,LOSER,96.79,LOSER,20.52,67.42,200,65,110,95.69,26.72,120,28,120,74.6,12.88,96.39,,,,,,95,110,1.01,0.99
4/07/2021,3:22:00 PM,3:22:34 PM,Charlton,VIC,8,184976798,R8 1609m Pace M,184976799,Harness,1609,Pace,37748282,2,Major Watson,LOSER,10.95,LOSER,2.58,452.57,17,7.6,10,9.55,216.02,100,5.3,100,15.98,144.47,742.57,2.32,2.32,2.32,2.32,0.13,9.2,10.5,1.01,0.99
4/07/2021,3:22:00 PM,3:22:34 PM,Charlton,VIC,8,184976798,R8 1609m Pace M,184976799,Harness,1609,Pace,21934691,3,Sea Hawke,LOSER,66.81,LOSER,16.26,85.39,250,55,70,94.1,23.52,720,27,580,81.03,12.76,112.82,14,13.5,14,13.98,122.53,70,80,1.01,0.99
4/07/2021,3:22:00 PM,3:22:34 PM,Charlton,VIC,8,184976798,R8 1609m Pace M,184976799,Harness,1609,Pace,9209355,4,Aladdin,WINNER,1.33,WINNER,1.06,4198.21,1.42,1.2,1.34,1.31,15863.57,1.5,1.05,1.5,1.25,1924.1,13,1.15,1.06,1.08,1.1,1290.32,1.35,1.36,1.01,0.99
4/07/2021,3:22:00 PM,3:22:34 PM,Charlton,VIC,8,184976798,R8 1609m Pace M,184976799,Harness,1609,Pace,11277511,5,Timely Sovereign,LOSER,33.66,LOSER,6.57,145.65,48,26,30,34.34,284.5,780,32,780,65.59,37,270.83,,,,,,29,32,1.01,0.99
4/07/2021,3:22:00 PM,3:22:34 PM,Charlton,VIC,8,184976798,R8 1609m Pace M,184976799,Harness,1609,Pace,17181145,6,Dot The Eye,LOSER,10.32,WINNER,2.72,526.71,19,9,9.6,11.32,576.53,36,3.2,19.5,14.69,125.07,688.64,,,,,,9.6,9.8,1.01,0.99
4/07/2021,3:52:00 PM,3:52:35 PM,Charlton,VIC,9,184976800,R9 1609m Pace M,184976801,Harness,1609,Pace,31734830,1,Local Icon,LOSER,6.32,LOSER,2.36,654.53,8,6.2,6.2,6.52,546.58,720,3.4,720,7.18,299.53,744.8,,,,,,6.2,6.4,1.05,0.97
4/07/2021,3:52:00 PM,3:52:35 PM,Charlton,VIC,9,184976800,R9 1609m Pace M,184976801,Harness,1609,Pace,11978909,2,Markleigh Caz,LOSER,15.99,LOSER,4.5,252.9,85,15,15,20.29,302.63,920,14.5,780,39.3,81.9,64.9,5.9,3.4,4.1,3.86,415.04,17,19,1.05,0.97
4/07/2021,3:52:00 PM,3:52:35 PM,Charlton,VIC,9,184976800,R9 1609m Pace M,184976801,Harness,1609,Pace,25673593,3,Crossroader,LOSER,7.3,WINNER,2.13,780.71,6.8,3.05,6.4,5.56,469.41,110,2.74,12.5,5.12,441.11,814.44,1.98,1.98,1.98,1.98,0.18,5.5,5.8,1.05,0.97
4/07/2021,3:52:00 PM,3:52:35 PM,Charlton,VIC,9,184976800,R9 1609m Pace M,184976801,Harness,1609,Pace,11904940,4,Little Safari,WINNER,4.89,WINNER,2.02,1725.51,6.4,4.2,5.1,4.8,2010.19,5.5,1.01,1.01,2.23,1021.77,763.82,1.95,1.95,1.95,1.95,21.45,5,5.3,1.05,0.97
4/07/2021,3:52:00 PM,3:52:35 PM,Charlton,VIC,9,184976800,R9 1609m Pace M,184976801,Harness,1609,Pace,18849493,5,Shawami Lass,LOSER,12.14,LOSER,3.36,461.83,19,12.5,13.5,15.51,124.25,780,7.2,480,21.32,57.54,560.82,,,,,,12.5,14,1.05,0.97
4/07/2021,3:52:00 PM,3:52:35 PM,Charlton,VIC,9,184976800,R9 1609m Pace M,184976801,Harness,1609,Pace,718450,6,Dont Tell Tom,LOSER,6.2,LOSER,2.25,621.58,6.4,5.1,6,5.6,1331.21,720,6,290,17.83,67.1,786.93,2.2,2.14,2.16,2.19,330.12,5.5,6.4,1.05,0.97
4/07/2021,3:52:00 PM,3:52:35 PM,Charlton,VIC,9,184976800,R9 1609m Pace M,184976801,Harness,1609,Pace,12456447,7,Creative Lad,LOSER,8.07,WINNER,2.65,529.55,10.5,7.6,7.6,8.31,721.47,720,7.2,23,16.57,59.25,698.46,,,,,,7.8,8.2,1.05,0.97
4/07/2021,3:52:00 PM,3:52:35 PM,Charlton,VIC,9,184976800,R9 1609m Pace M,184976801,Harness,1609,Pace,13029052,8,Asharah,LOSER,20.46,LOSER,5.65,210.21,20,15.5,18.5,18.11,68.59,780,19.5,300,43.2,19.23,135.03,,,,,,16.5,19.5,1.05,0.97
4/07/2021,4:21:00 PM,4:21:27 PM,Charlton,VIC,10,184976802,R10 1609m Pace M,184976803,Harness,1609,Pace,17430114,1,Reddy Major,LOSER,12.49,WINNER,2.39,712.39,15.5,8.4,12,12.09,916.03,780,12,720,30.03,37.95,466.01,2.74,2.32,2.42,2.55,176.77,13.5,15,1.04,0.98
4/07/2021,4:21:00 PM,4:21:27 PM,Charlton,VIC,10,184976802,R10 1609m Pace M,184976803,Harness,1609,Pace,40050408,2,Miss Gabby Okane,LOSER,64.15,LOSER,6.17,67.02,85,30,65,48.35,24.29,740,90,720,170.22,3.8,5,6.2,6,6.2,6.17,5.02,60,80,1.04,0.98
4/07/2021,4:21:00 PM,4:21:27 PM,Charlton,VIC,10,184976802,R10 1609m Pace M,184976803,Harness,1609,Pace,8515085,3,Johnny Redcoat,LOSER,96.54,LOSER,6.4,45.46,120,60,95,85.52,102.61,720,38,720,74.97,9.53,5,6.4,6.4,6.4,6.4,5.02,80,90,1.04,0.98
4/07/2021,4:21:00 PM,4:21:27 PM,Charlton,VIC,10,184976802,R10 1609m Pace M,184976803,Harness,1609,Pace,36430693,4,Attention Seeking,LOSER,10.36,LOSER,2.08,537.16,8.8,3.45,8.8,6.9,861.95,780,8.8,780,18.15,145.02,724.15,2.08,1.68,2.08,1.99,209.66,7.6,8.2,1.04,0.98
4/07/2021,4:21:00 PM,4:21:27 PM,Charlton,VIC,10,184976802,R10 1609m Pace M,184976803,Harness,1609,Pace,40050409,5,Beneath The Shadow,WINNER,1.92,WINNER,1.21,2644.06,2.36,1.88,1.97,2.01,6089.32,1.91,1.01,1.01,1.24,1684.03,1683.68,1.24,1.18,1.21,1.21,1007.45,1.89,1.91,1.04,0.98
4/07/2021,4:21:00 PM,4:21:27 PM,Charlton,VIC,10,184976802,R10 1609m Pace M,184976803,Harness,1609,Pace,40050410,6,Clarenden Envoy,LOSER,5.34,LOSER,1.75,695.13,7.8,5.1,5.3,5.56,867.01,690,6.4,690,17.88,47.56,1074.02,2.1,1.7,1.73,1.74,37.41,5.2,5.5,1.04,0.98
4/07/2021,4:21:00 PM,4:21:27 PM,Charlton,VIC,10,184976802,R10 1609m Pace M,184976803,Harness,1609,Pace,4890365,7,Wanted Lady,LOSER,40,LOSER,5.11,106.54,50,21,42,37.41,69.33,780,44,780,83.61,11.42,184.85,3.85,3.8,3.8,3.81,15,32,42,1.04,0.98
4/07/2021,4:21:00 PM,4:21:27 PM,Charlton,VIC,10,184976802,R10 1609m Pace M,184976803,Harness,1609,Pace,38778747,8,Ghanasuya,LOSER,22,WINNER,4.62,153.92,23,17.5,20,19.89,114.32,720,11,720,30.64,37.68,400.24,,,,,,20,23,1.04,0.98
4/07/2021,4:49:00 PM,4:49:51 PM,Launceston,TAS,1,184981003,R1 1680m Pace M,184981004,Harness,1680,Pace,40050670,1,Notlaughinow,LOSER,6.89,LOSER,3.28,1005.38,14.5,6.6,6.6,7.65,2357.67,890,6.6,500,17.12,219.16,199.74,,,,,,8.8,7,0.98,0.99
4/07/2021,4:49:00 PM,4:49:51 PM,Launceston,TAS,1,184981003,R1 1680m Pace M,184981004,Harness,1680,Pace,40050671,2,Flo Jo Carvalho,WINNER,3.52,WINNER,2.05,1851.79,5.6,3.8,3.8,4.16,966.2,44,1.01,1.01,2.56,1238.14,821.08,2.2,2.04,2.08,2.07,22.81,4,4.1,0.98,0.99
4/07/2021,4:49:00 PM,4:49:51 PM,Launceston,TAS,1,184981003,R1 1680m Pace M,184981004,Harness,1680,Pace,39457278,4,Lorimertyrrell,LOSER,2.79,WINNER,1.63,1657.35,3.6,2.44,2.76,2.74,3845.42,100,1.01,42,1.97,2218.55,1029.98,1.64,1.44,1.61,1.52,485.4,2.66,2.7,0.98,0.99
4/07/2021,4:49:00 PM,4:49:51 PM,Launceston,TAS,1,184981003,R1 1680m Pace M,184981004,Harness,1680,Pace,39457279,5,Hivoltage Glenwood,LOSER,6.4,LOSER,3.39,757.2,8.6,5.6,6.6,6.18,746.58,880,4.8,90,24.23,78.23,518.21,3,3,3,3,0.57,5.8,6.2,0.98,0.99
4/07/2021,4:49:00 PM,4:49:51 PM,Launceston,TAS,1,184981003,R1 1680m Pace M,184981004,Harness,1680,Pace,40050673,6,Codys Legacy,LOSER,13,LOSER,4.97,504.2,15.5,3.8,13,10.05,1055.86,1000,7.8,1000,29.16,189.5,130.69,3.75,3.75,3.75,3.75,0.04,14,15,0.98,0.99
4/07/2021,5:27:00 PM,5:32:36 PM,Launceston,TAS,2,184981005,R2 1680m Pace M,184981006,Harness,1680,Pace,39242370,2,Fury Dan,LOSER,14.97,LOSER,2.83,294.34,28,10,14.5,16.43,327.16,730,14,730,47.38,37.78,233.94,2.44,2.3,2.3,2.35,71.88,15,15.5,1.02,1
4/07/2021,5:27:00 PM,5:32:36 PM,Launceston,TAS,2,184981005,R2 1680m Pace M,184981006,Harness,1680,Pace,39000678,3,Shady Story,LOSER,30.22,WINNER,4.32,150.93,36,19.5,30,24.75,221.74,730,40,490,111.28,10.32,80.3,3.75,3,3,3.14,37.91,21,23,1.02,1
4/07/2021,5:27:00 PM,5:32:36 PM,Launceston,TAS,2,184981005,R2 1680m Pace M,184981006,Harness,1680,Pace,26695797,4,Budvar Eyre,LOSER,95,LOSER,9.15,61.87,110,55,80,76.16,76.16,780,140,780,411.36,1.77,,,,,,,65,70,1.02,1
4/07/2021,5:27:00 PM,5:32:36 PM,Launceston,TAS,2,184981005,R2 1680m Pace M,184981006,Harness,1680,Pace,24987248,5,Vonns Angel,LOSER,12.65,LOSER,2.64,327.99,18,6.2,12.5,13.71,1231.13,690,23,550,70.2,13.21,318.5,2.62,2,2.28,2.39,394.97,16.5,17.5,1.02,1
4/07/2021,5:27:00 PM,5:32:36 PM,Launceston,TAS,2,184981005,R2 1680m Pace M,184981006,Harness,1680,Pace,28903784,6,Gordievsky Leis,LOSER,29,LOSER,3.14,137.84,44,18.5,29,31.84,84.79,490,12,380,41.29,25.63,240.79,3.7,3.15,3.3,3.33,234.17,32,34,1.02,1
4/07/2021,5:27:00 PM,5:32:36 PM,Launceston,TAS,2,184981005,R2 1680m Pace M,184981006,Harness,1680,Pace,28091398,8,Popnpennies,LOSER,50,WINNER,3.21,81.65,55,27,40,38.28,138.39,740,13.5,740,55.46,18.25,1356.35,4.3,2.86,3.8,3.55,167.46,38,40,1.02,1
4/07/2021,5:27:00 PM,5:32:36 PM,Launceston,TAS,2,184981005,R2 1680m Pace M,184981006,Harness,1680,Pace,39810644,9,Montana Storm,WINNER,1.31,WINNER,1.12,6293.71,2,1.3,1.31,1.35,19661.48,1.35,1.01,1.01,1.06,1958.5,1735.07,1.22,1.05,1.11,1.11,976.55,1.35,1.36,1.02,1
4/07/2021,5:27:00 PM,5:32:36 PM,Launceston,TAS,2,184981005,R2 1680m Pace M,184981006,Harness,1680,Pace,39679322,10,Gopati,LOSER,392.41,LOSER,24.3,31.02,690,170,250,279.36,32.61,720,710,720,712.61,0.23,,,,,,,180,220,1.02,1
4/07/2021,5:27:00 PM,5:32:36 PM,Launceston,TAS,2,184981005,R2 1680m Pace M,184981006,Harness,1680,Pace,25989475,11,Dyslexic,LOSER,153.35,LOSER,13,20.83,170,38,170,94.18,33.61,950,170,950,475.36,1.55,,6.2,6.2,6.2,6.2,13.55,85,100,1.02,1
4/07/2021,5:27:00 PM,5:32:36 PM,Launceston,TAS,2,184981005,R2 1680m Pace M,184981006,Harness,1680,Pace,40050675,12,Dollarsign,LOSER,136.15,LOSER,12.2,28.13,160,50,160,107.56,62.07,780,32,500,104.13,11.04,,9.2,8.2,9.2,8.48,17.56,95,110,1.02,1
4/07/2021,5:27:00 PM,5:32:36 PM,Launceston,TAS,2,184981005,R2 1680m Pace M,184981006,Harness,1680,Pace,38936677,13,Lord Bazalup,LOSER,501.7,LOSER,1000,30.44,560,190,470,325.61,26.99,720,600,720,640,0.15,0.06,210,55,210,148.67,0.07,250,270,1.02,1
4/07/2021,5:57:00 PM,5:57:51 PM,Launceston,TAS,3,184981007,R3 2200m Pace M,184981008,Harness,2200,Pace,10979057,1,Kermadec,LOSER,339.24,LOSER,51.02,42.52,270,100,270,179.7,22.78,820,38,820,165.56,44.39,37.08,12.5,12.5,12.5,12.5,0.09,190,260,1.02,0.98
4/07/2021,5:57:00 PM,5:57:51 PM,Launceston,TAS,3,184981007,R3 2200m Pace M,184981008,Harness,2200,Pace,40050676,2,Baldasarre,LOSER,12.75,LOSER,3.93,554.23,24,12,12.5,14.22,1102.03,910,6,720,27.4,157.15,360.8,3.6,3.35,3.35,3.57,33.96,12.5,13,1.02,0.98
4/07/2021,5:57:00 PM,5:57:51 PM,Launceston,TAS,3,184981007,R3 2200m Pace M,184981008,Harness,2200,Pace,40050677,3,Nova Baxter,WINNER,1.98,WINNER,1.25,2813.86,2.12,1.59,1.96,1.93,10968.47,1.98,1.01,1.01,1.27,5161.63,1416.02,1.28,1.1,1.28,1.22,194.54,2.04,2.06,1.02,0.98
4/07/2021,5:57:00 PM,5:57:51 PM,Launceston,TAS,3,184981007,R3 2200m Pace M,184981008,Harness,2200,Pace,40050678,4,Our Rainbow Blue,LOSER,256.62,LOSER,39.8,40.11,210,70,200,137.62,13.89,720,200,720,271.11,18.02,42.1,,,,,,110,160,1.02,0.98
4/07/2021,5:57:00 PM,5:57:51 PM,Launceston,TAS,3,184981007,R3 2200m Pace M,184981008,Harness,2200,Pace,40050679,5,Who Said You Said,LOSER,5.67,LOSER,2.87,1563.35,13,6.8,7.2,8.6,1002.24,490,4,120,7.66,795.63,149.95,2.36,2.14,2.14,2.15,10.71,7,7.4,1.02,0.98
4/07/2021,5:57:00 PM,5:57:51 PM,Launceston,TAS,3,184981007,R3 2200m Pace M,184981008,Harness,2200,Pace,40050680,6,Tactic Stride,LOSER,12.5,LOSER,2.8,747.59,13.5,9.4,12.5,11.67,908.15,890,8.4,890,42.49,103.95,499.05,3.45,2.62,3.35,3,97.41,13,13.5,1.02,0.98
4/07/2021,5:57:00 PM,5:57:51 PM,Launceston,TAS,3,184981007,R3 2200m Pace M,184981008,Harness,2200,Pace,40050681,7,All About Paisley,LOSER,430.7,LOSER,427.26,37.38,370,250,340,308.59,7.85,980,340,880,430.9,17.51,4.82,430,110,110,426.89,4.81,280,340,1.02,0.98
4/07/2021,5:57:00 PM,5:57:51 PM,Launceston,TAS,3,184981007,R3 2200m Pace M,184981008,Harness,2200,Pace,36513978,8,Szabolski Leis,LOSER,15.53,LOSER,3.77,340.2,15,8.6,13.5,10.47,752.75,550,5.4,36,18.26,152.22,501.98,2.42,2.32,2.4,2.4,113.81,10.5,11,1.02,0.98
4/07/2021,5:57:00 PM,5:57:51 PM,Launceston,TAS,3,184981007,R3 2200m Pace M,184981008,Harness,2200,Pace,40050682,9,My Ultimate Beauty,LOSER,34,WINNER,6.13,212.31,42,30,36,36.23,93.66,920,34,740,124.47,13.74,321.86,5.5,4.7,4.7,4.85,99.2,36,38,1.02,0.98
4/07/2021,5:57:00 PM,5:57:51 PM,Launceston,TAS,3,184981007,R3 2200m Pace M,184981008,Harness,2200,Pace,40050683,10,Iden Delight,LOSER,22.58,WINNER,4.47,287.55,40,20,23,25.84,282.74,920,30,730,95.41,18.95,318.97,4.3,3.95,3.95,4.06,32,21,22,1.02,0.98
4/07/2021,5:57:00 PM,5:57:51 PM,Launceston,TAS,3,184981007,R3 2200m Pace M,184981008,Harness,2200,Pace,40050684,11,Vin Dan,LOSER,39.39,LOSER,8.95,423.97,120,36,40,50.53,277.85,950,29,950,119.03,14.88,153.54,,,,,,36,46,1.02,0.98
4/07/2021,5:57:00 PM,5:57:51 PM,Launceston,TAS,3,184981007,R3 2200m Pace M,184981008,Harness,2200,Pace,31419166,12,Bold Centurian,LOSER,100,LOSER,13.01,50.44,100,50,100,81.99,184.45,950,100,950,170.53,9.56,73.89,,,,,,75,85,1.02,0.98
4/07/2021,6:27:00 PM,6:27:39 PM,Launceston,TAS,4,184981009,R4 1680m Pace M,184981010,Harness,1680,Pace,6202030,1,Mollys Best,LOSER,876.38,LOSER,257.51,29.06,720,160,420,409.27,41.86,1000,290,300,593.55,10.27,26.03,990,100,120,257.61,3.81,410,470,1.03,0.99
4/07/2021,6:27:00 PM,6:27:39 PM,Launceston,TAS,4,184981009,R4 1680m Pace M,184981010,Harness,1680,Pace,19747671,3,Major Davvin,LOSER,3.87,WINNER,1.82,2730.82,5.9,4.14,5.1,5.11,1121.89,880,2.8,880,5.5,1355.89,763.25,2.1,1.85,1.85,1.85,2.47,4.9,5.2,1.03,0.99
4/07/2021,6:27:00 PM,6:27:39 PM,Launceston,TAS,4,184981009,R4 1680m Pace M,184981010,Harness,1680,Pace,16837279,4,Wandary Muscat,LOSER,11.29,LOSER,2.82,360.34,14.5,7.6,11,10.53,618.48,720,5,720,10.39,236.68,677.7,2.96,2.8,2.96,2.82,3.99,12,13,1.03,0.99
4/07/2021,6:27:00 PM,6:27:39 PM,Launceston,TAS,4,184981009,R4 1680m Pace M,184981010,Harness,1680,Pace,27695325,5,Stepping Stones,WINNER,2.24,WINNER,1.22,2413.88,3.37,2.02,2.36,2.22,15443.98,4,1.01,1.01,1.77,2894.79,2172.67,1.56,1.16,1.3,1.25,311.68,2.14,2.18,1.03,0.99
4/07/2021,6:27:00 PM,6:27:39 PM,Launceston,TAS,4,184981009,R4 1680m Pace M,184981010,Harness,1680,Pace,17441059,6,Boulder City,LOSER,14.36,LOSER,3.5,322.52,19,12.5,15,14.27,207.21,900,4.4,140,34.83,145.83,506.97,3.9,2.5,3.3,3.12,126.94,14.5,15.5,1.03,0.99
4/07/2021,6:27:00 PM,6:27:39 PM,Launceston,TAS,4,184981009,R4 1680m Pace M,184981010,Harness,1680,Pace,38014136,8,Starofremembrance,LOSER,26.73,LOSER,7.16,154.01,30,16,26,24.41,102.88,480,9.4,480,29.61,50.69,228.88,,,,,,24,27,1.03,0.99
4/07/2021,6:27:00 PM,6:27:39 PM,Launceston,TAS,4,184981009,R4 1680m Pace M,184981010,Harness,1680,Pace,25977446,9,Somehowsomeway,LOSER,25,WINNER,4.78,142.57,27,14.5,24,21.05,349.54,220,4,170,17.11,61.76,168.76,6,3.4,4.6,3.65,94.99,25,26,1.03,0.99
4/07/2021,6:27:00 PM,6:27:39 PM,Launceston,TAS,4,184981009,R4 1680m Pace M,184981010,Harness,1680,Pace,24783722,10,Brighton Prince,LOSER,49.08,LOSER,7.7,114.49,55,27,48,42.21,65.31,780,30,780,85.08,20.58,116.76,,,,,,44,48,1.03,0.99
4/07/2021,6:27:00 PM,6:27:39 PM,Launceston,TAS,4,184981009,R4 1680m Pace M,184981010,Harness,1680,Pace,40050685,11,Artyboy Glenwood,LOSER,27.75,LOSER,6.6,183.25,34,20,30,29.68,81.87,780,27,480,75.86,12.6,235.51,,,,,,30,32,1.03,0.99
4/07/2021,6:27:00 PM,6:27:39 PM,Launceston,TAS,4,184981009,R4 1680m Pace M,184981010,Harness,1680,Pace,20358388,12,Smile Lyle,LOSER,65,LOSER,20.04,86.01,65,38,65,48.43,59.07,930,70,720,92.98,29.82,82.04,34,7,24,8.1,20.61,46,48,1.03,0.99
4/07/2021,6:27:00 PM,6:27:39 PM,Launceston,TAS,4,184981009,R4 1680m Pace M,184981010,Harness,1680,Pace,23809414,13,Rowley,LOSER,22,LOSER,4.19,165.74,28,17.5,22,20.15,232.39,580,21,480,63.52,13.54,359.64,5.8,4.1,4.2,4.44,48.47,21,22,1.03,0.99
4/07/2021,7:02:00 PM,7:02:49 PM,Launceston,TAS,5,184981011,R5 2200m Pace M,184981012,Harness,2200,Pace,10736569,1,Karalta Kruise,LOSER,65,LOSER,15,71.99,60,17.5,55,45.81,105.63,300,10,300,27.61,153.55,70.77,15,6,15,7.17,55.84,48,50,1.02,0.96
4/07/2021,7:02:00 PM,7:02:49 PM,Launceston,TAS,5,184981011,R5 2200m Pace M,184981012,Harness,2200,Pace,23103478,2,Boston Busker,WINNER,2.54,WINNER,1.48,2091.03,4,2.52,2.54,2.74,7777.02,5,1.14,2.1,2.22,604.38,437.88,1.55,1.43,1.45,1.48,112.67,2.82,2.96,1.02,0.96
4/07/2021,7:02:00 PM,7:02:49 PM,Launceston,TAS,5,184981011,R5 2200m Pace M,184981012,Harness,2200,Pace,26993910,4,Ranieri,LOSER,67.9,LOSER,23.76,120.42,85,55,65,66.32,157.89,90,1.7,90,24.91,18.8,82.36,50,10.5,50,13.56,34.34,60,70,1.02,0.96
4/07/2021,7:02:00 PM,7:02:49 PM,Launceston,TAS,5,184981011,R5 2200m Pace M,184981012,Harness,2200,Pace,11989527,5,Lockaway Kacie,LOSER,28.13,WINNER,6.99,137.44,60,24,27,32.51,255.43,110,2.1,2.22,6.65,67.46,172.82,5.6,5.6,5.6,5.6,2.94,29,30,1.02,0.96
4/07/2021,7:02:00 PM,7:02:49 PM,Launceston,TAS,5,184981011,R5 2200m Pace M,184981012,Harness,2200,Pace,28223726,6,Kadar,LOSER,22.62,LOSER,6.35,125.74,26,15.5,24,20.69,274.42,110,18,110,36.46,26.86,226.66,4.6,4.6,4.6,4.6,3.57,21,24,1.02,0.96
4/07/2021,7:02:00 PM,7:02:49 PM,Launceston,TAS,5,184981011,R5 2200m Pace M,184981012,Harness,2200,Pace,8631495,7,Hez The One,LOSER,12.14,LOSER,4.18,366.66,40,12,12.5,15.49,654.12,110,12,110,19.84,45.62,192.77,5.3,3.05,3.05,3.66,10.67,15.5,16.5,1.02,0.96
4/07/2021,7:02:00 PM,7:02:49 PM,Launceston,TAS,5,184981011,R5 2200m Pace M,184981012,Harness,2200,Pace,10155931,8,Taurisi,LOSER,40,LOSER,4.62,180.63,44,14,40,28.5,512.56,280,30,280,48.37,9.23,525.69,7,4.6,5.8,5.29,116.6,21,23,1.02,0.96
4/07/2021,7:02:00 PM,7:02:49 PM,Launceston,TAS,5,184981011,R5 2200m Pace M,184981012,Harness,2200,Pace,28368764,9,Aha Reaction,LOSER,20.28,LOSER,7.07,429.13,26,5.8,23,9.62,2591.26,280,12.5,280,25.72,199.55,371.47,22,2.34,7.2,4.66,404.16,6.8,7.2,1.02,0.96
4/07/2021,7:02:00 PM,7:02:49 PM,Launceston,TAS,5,184981011,R5 2200m Pace M,184981012,Harness,2200,Pace,40050686,10,Cardinal Ringo,LOSER,12.71,LOSER,3.93,331.08,18,10.5,13,15.88,479.81,280,5.4,280,34.34,54.06,256.16,4,3.6,3.6,3.6,4.58,16.5,17,1.02,0.96
4/07/2021,7:02:00 PM,7:02:49 PM,Launceston,TAS,5,184981011,R5 2200m Pace M,184981012,Harness,2200,Pace,11260582,11,Earl Jujon,LOSER,4.72,WINNER,2.16,974.82,6.6,3.7,4.6,5.65,2308.75,34,1.81,30,4.01,426.47,537.66,2.2,2.02,2.12,2.06,13.87,6,6.2,1.02,0.96
4/07/2021,7:02:00 PM,7:02:49 PM,Launceston,TAS,5,184981011,R5 2200m Pace M,184981012,Harness,2200,Pace,12200224,12,Somedan,LOSER,15.65,LOSER,5.32,319.44,36,15.5,16.5,19.92,217.93,60,3.25,60,9.98,74.84,293.41,6.2,4.5,4.5,5.97,28.8,19,21,1.02,0.96
4/07/2021,7:02:00 PM,7:02:49 PM,Launceston,TAS,5,184981011,R5 2200m Pace M,184981012,Harness,2200,Pace,39890309,13,Heza Bromac,LOSER,562.31,LOSER,279.77,3.7,570,110,530,313.93,43.69,720,720,720,720,0.06,0.31,990,24,990,91.67,0.98,200,210,1.02,0.96
4/07/2021,7:37:00 PM,7:38:00 PM,Launceston,TAS,6,184981013,R6 2200m Pace M,184981014,Harness,2200,Pace,19629877,1,Loyola Trios,LOSER,110,LOSER,50,78.56,480,75,110,107.47,85.97,720,80,700,274.2,1.95,38.62,,,,,,95,100,1.01,0.99
4/07/2021,7:37:00 PM,7:38:00 PM,Launceston,TAS,6,184981013,R6 2200m Pace M,184981014,Harness,2200,Pace,40050687,2,Lets Save The Day,LOSER,330,LOSER,669.02,62.43,700,130,220,256.55,80.65,720,200,700,480.31,1.27,0.2,980,130,520,664.32,0.22,360,370,1.01,0.99
4/07/2021,7:37:00 PM,7:38:00 PM,Launceston,TAS,6,184981013,R6 2200m Pace M,184981014,Harness,2200,Pace,8420913,3,Black Ops,LOSER,155.71,LOSER,508.37,53.9,480,65,190,131.41,39.79,1000,130,1000,204.48,10.15,0.17,980,110,450,453.64,0.16,160,210,1.01,0.99
4/07/2021,7:37:00 PM,7:38:00 PM,Launceston,TAS,6,184981013,R6 2200m Pace M,184981014,Harness,2200,Pace,22126364,4,Gotta Good Reason,LOSER,6.61,WINNER,2.61,641.38,11,5.8,6.4,6.97,1710.24,380,4.4,290,14.81,101.37,664.88,3,2.56,2.6,2.74,103.86,6.4,6.6,1.01,0.99
4/07/2021,7:37:00 PM,7:38:00 PM,Launceston,TAS,6,184981013,R6 2200m Pace M,184981014,Harness,2200,Pace,17090559,5,Racketeers Boy,LOSER,2.13,LOSER,1.41,2780.21,3.5,2.12,2.12,2.3,14690.25,720,1.51,270,3.64,584.68,1176.67,1.59,1.38,1.41,1.42,568.85,2.14,2.16,1.01,0.99
4/07/2021,7:37:00 PM,7:38:00 PM,Launceston,TAS,6,184981013,R6 2200m Pace M,184981014,Harness,2200,Pace,11826489,6,Blackbird Power,WINNER,8.8,WINNER,3.05,548.17,10,5.4,8.6,7.57,1502.64,15.5,1.01,1.01,1.38,1799.68,625.26,3.05,2.86,3.05,2.98,42.91,8,8.2,1.01,0.99
4/07/2021,7:37:00 PM,7:38:00 PM,Launceston,TAS,6,184981013,R6 2200m Pace M,184981014,Harness,2200,Pace,10420293,7,Illegal Immigrant,LOSER,4.2,LOSER,2.03,1137.87,4.2,2.02,4.1,3.2,6574.17,150,1.94,100,5.27,445.91,865.16,2.04,1.25,1.98,1.74,277,4.1,4.2,1.01,0.99
4/07/2021,8:10:00 PM,8:11:06 PM,Launceston,TAS,7,184981015,R7 2200m Pace M,184981016,Harness,2200,Pace,2761445,1,Aussie Rock,LOSER,91.79,LOSER,34.02,65.11,300,55,110,105.06,111.77,930,25,30,85.51,12.94,34.37,42,22,29,33.76,2.21,120,170,1.02,0.99
4/07/2021,8:10:00 PM,8:11:06 PM,Launceston,TAS,7,184981015,R7 2200m Pace M,184981016,Harness,2200,Pace,35443226,2,Kivik,LOSER,100,LOSER,26.68,89.39,300,70,95,115.03,129.82,930,27,300,91.84,14.62,34.91,28,17,24,18.76,16.26,120,130,1.02,0.99
4/07/2021,8:10:00 PM,8:11:06 PM,Launceston,TAS,7,184981015,R7 2200m Pace M,184981016,Harness,2200,Pace,1363784,3,Rockandahardplace,LOSER,238.36,LOSER,61.85,42.26,400,80,210,224.09,110.44,720,30,700,115.73,16.07,35.62,75,50,50,62.5,0.04,260,410,1.02,0.99
4/07/2021,8:10:00 PM,8:11:06 PM,Launceston,TAS,7,184981015,R7 2200m Pace M,184981016,Harness,2200,Pace,26596320,4,Montana Lad,LOSER,7.6,WINNER,2.75,568.13,29,7.6,7.8,9.85,1351.69,490,7.2,490,17.35,147.27,573.51,3,2.6,2.6,2.87,44.2,10,11,1.02,0.99
4/07/2021,8:10:00 PM,8:11:06 PM,Launceston,TAS,7,184981015,R7 2200m Pace M,184981016,Harness,2200,Pace,37582032,5,Yorkshire,LOSER,1.96,LOSER,1.21,1711.14,2.12,1.34,1.96,1.86,17564.44,720,1.5,720,5.27,1140.89,1944.04,1.26,1.16,1.21,1.21,862.63,1.8,1.82,1.02,0.99
4/07/2021,8:10:00 PM,8:11:06 PM,Launceston,TAS,7,184981015,R7 2200m Pace M,184981016,Harness,2200,Pace,25089291,6,The Shallows,WINNER,2.96,WINNER,1.51,1525.92,4.5,2.5,3,2.94,6020.85,3.85,1.01,1.01,1.31,4176.64,464.53,1.44,1.32,1.44,1.39,241.39,2.94,3,1.02,0.99
4/07/2021,8:45:00 PM,8:45:28 PM,Launceston,TAS,8,184981017,R8 1680m Pace M,184981018,Harness,1680,Pace,28646727,1,Sports Candy,WINNER,1.87,WINNER,1.17,2301.88,2.78,1.76,1.81,1.85,13288.83,4.5,1.03,1.09,1.52,3057.47,1409.85,1.25,1.17,1.18,1.2,650.07,1.82,1.85,1.01,0.98
4/07/2021,8:45:00 PM,8:45:28 PM,Launceston,TAS,8,184981017,R8 1680m Pace M,184981018,Harness,1680,Pace,25964699,2,Kuyomi,LOSER,7.01,WINNER,2.02,580.67,7.8,4.9,7,6.67,372.54,110,3.65,110,6.36,306.41,520.15,2.08,1.79,1.83,1.8,20.2,6.6,6.8,1.01,0.98
4/07/2021,8:45:00 PM,8:45:28 PM,Launceston,TAS,8,184981017,R8 1680m Pace M,184981018,Harness,1680,Pace,19351779,3,Coolhand Easton,LOSER,17.42,LOSER,3.27,420.9,18,14,16.5,15.41,195.35,720,12.5,720,43.8,92.05,227.87,3.35,2.12,3,2.59,11.56,15.5,16.5,1.01,0.98
4/07/2021,8:45:00 PM,8:45:28 PM,Launceston,TAS,8,184981017,R8 1680m Pace M,184981018,Harness,1680,Pace,17220354,4,Captain Cosmonaut,LOSER,8.79,LOSER,2.48,624.42,14,8.6,8.8,9.41,1167.87,720,7,110,16.78,86.84,311.14,2.82,2.24,2.28,2.49,24.29,8.8,9,1.01,0.98
4/07/2021,8:45:00 PM,8:45:28 PM,Launceston,TAS,8,184981017,R8 1680m Pace M,184981018,Harness,1680,Pace,9316703,6,Pink Ponder,LOSER,381.78,LOSER,535.55,80.34,290,130,290,201.16,66.08,1000,300,480,381.95,38.31,0.07,980,100,300,407.06,0.07,240,270,1.01,0.98
4/07/2021,8:45:00 PM,8:45:28 PM,Launceston,TAS,8,184981017,R8 1680m Pace M,184981018,Harness,1680,Pace,27550760,8,Better Amour,LOSER,21,WINNER,4,177.79,27,10.5,21,17.35,1222.51,110,1.36,100,10.98,141.23,227.6,3.9,3,3.8,3.43,277.43,24,26,1.01,0.98
4/07/2021,8:45:00 PM,8:45:28 PM,Launceston,TAS,8,184981017,R8 1680m Pace M,184981018,Harness,1680,Pace,36424022,9,Brian Who,LOSER,63.5,LOSER,11.29,99.75,100,32,55,59.5,131.42,930,4.5,19.5,65.58,11.14,164.08,5.1,5,5,5.01,50,65,70,1.01,0.98
4/07/2021,8:45:00 PM,8:45:28 PM,Launceston,TAS,8,184981017,R8 1680m Pace M,184981018,Harness,1680,Pace,17220456,10,Machs Mareta,LOSER,32,LOSER,5.5,153.18,34,16,29,30.21,174.41,720,21,720,54.97,22.56,307.57,6.6,6.6,6.6,6.6,1.29,27,30,1.01,0.98
4/07/2021,8:45:00 PM,8:45:28 PM,Launceston,TAS,8,184981017,R8 1680m Pace M,184981018,Harness,1680,Pace,8937957,11,Perfect Mach,LOSER,420.06,LOSER,491.18,56.8,280,200,250,240.12,69.11,1000,32,870,337.53,40.42,0.09,750,18,750,21.1,19.19,220,260,1.01,0.98
4/07/2021,8:45:00 PM,8:45:28 PM,Launceston,TAS,8,184981017,R8 1680m Pace M,184981018,Harness,1680,Pace,40050688,12,Endeavour Stride,LOSER,50,LOSER,15.58,132.51,100,42,48,57.2,98.9,940,50,940,137.55,27.23,60.16,980,6.8,18.5,9.92,12.02,46,48,1.01,0.98
4/07/2021,8:45:00 PM,8:45:28 PM,Launceston,TAS,8,184981017,R8 1680m Pace M,184981018,Harness,1680,Pace,23585447,13,The Dude,LOSER,223.76,LOSER,14.89,101.03,330,100,110,133.5,92.15,900,120,900,233.68,25.59,115.52,18,14.5,14.5,15.4,30.85,110,120,1.01,0.98
4/07/2021,9:18:00 PM,9:18:49 PM,Launceston,TAS,9,184981019,R9 2200m Pace M,184981020,Harness,2200,Pace,36010229,1,Richmond Tiger,LOSER,2.84,WINNER,1.36,1984.81,4.5,2.7,2.78,2.94,7712.54,720,1.99,720,4.05,882.19,1249.99,1.41,1.28,1.34,1.37,242.24,2.78,2.84,1.02,0.99
4/07/2021,9:18:00 PM,9:18:49 PM,Launceston,TAS,9,184981019,R9 2200m Pace M,184981020,Harness,2200,Pace,24717757,3,Iden Gorgeous,WINNER,2.63,WINNER,1.34,2075.85,2.74,1.72,2.58,2.52,8352.96,3.2,1.01,1.01,1.4,2605.49,1386.92,1.41,1.3,1.36,1.34,391.03,2.6,2.56,1.02,0.99
4/07/2021,9:18:00 PM,9:18:49 PM,Launceston,TAS,9,184981019,R9 2200m Pace M,184981020,Harness,2200,Pace,28161164,4,Toanui Spirit,LOSER,394.93,LOSER,43.38,38.81,330,95,280,246.74,51.78,720,320,720,404.52,2.65,48.28,40,40,40,40,0.03,210,280,1.02,0.99
4/07/2021,9:18:00 PM,9:18:49 PM,Launceston,TAS,9,184981019,R9 2200m Pace M,184981020,Harness,2200,Pace,13037030,5,Ideal Karalta,LOSER,55.59,LOSER,8.2,118.91,80,46,46,50.96,90.09,940,18.5,610,118.88,34.13,211.28,,,,,,46,50,1.02,0.99
4/07/2021,9:18:00 PM,9:18:49 PM,Launceston,TAS,9,184981019,R9 2200m Pace M,184981020,Harness,2200,Pace,17550323,6,Oneofthelads,LOSER,116.43,LOSER,13.74,70,110,36,100,87.88,14.92,950,110,950,128.15,14.27,92.74,,,,,,90,95,1.02,0.99
4/07/2021,9:18:00 PM,9:18:49 PM,Launceston,TAS,9,184981019,R9 2200m Pace M,184981020,Harness,2200,Pace,25089292,7,My Ultimate Romeo,LOSER,56.89,LOSER,11,97.59,85,38,46,48.68,94.06,930,55,720,70.15,12.12,156.46,13,9.2,9.6,10.6,59.57,46,55,1.02,0.99
4/07/2021,9:18:00 PM,9:18:49 PM,Launceston,TAS,9,184981019,R9 2200m Pace M,184981020,Harness,2200,Pace,13535769,8,The Deal,LOSER,26.27,LOSER,4.4,191.66,29,19,25,24.56,396.16,140,11,110,25.12,64.07,378.32,4.4,4.1,4.4,4.27,137.49,24,26,1.02,0.99
4/07/2021,9:18:00 PM,9:18:49 PM,Launceston,TAS,9,184981019,R9 2200m Pace M,184981020,Harness,2200,Pace,25091759,9,Emjays Black Chip,LOSER,37.07,LOSER,5.8,138.37,55,25,36,31.76,151.85,720,28,720,45.76,15.39,329.03,6.8,4.6,6.8,5.06,14.19,32,36,1.02,0.99
4/07/2021,9:18:00 PM,9:18:49 PM,Launceston,TAS,9,184981019,R9 2200m Pace M,184981020,Harness,2200,Pace,10786992,10,Hez Razor Sharp,LOSER,24.56,WINNER,4.15,365.57,29,19.5,25,23.82,139.39,230,8.4,110,19.59,43.92,330.08,4.2,4.2,4.2,4.2,31.38,25,27,1.02,0.99
4/07/2021,9:18:00 PM,9:18:49 PM,Launceston,TAS,9,184981019,R9 2200m Pace M,184981020,Harness,2200,Pace,9186194,11,Southern Gnp,LOSER,40,LOSER,6.32,246.89,70,32,40,46.15,109.44,720,40,720,88.33,2.81,262.49,9.2,5.7,6,6.21,358.25,40,46,1.02,0.99
4/07/2021,9:18:00 PM,9:18:49 PM,Launceston,TAS,9,184981019,R9 2200m Pace M,184981020,Harness,2200,Pace,12741081,12,Good Feelings,LOSER,94.95,LOSER,11.49,90.1,120,75,80,89.25,59.14,720,90,720,100.25,25.35,101.24,10,9.8,10,9.84,11.08,80,90,1.02,0.99
4/07/2021,9:18:00 PM,9:18:49 PM,Launceston,TAS,9,184981019,R9 2200m Pace M,184981020,Harness,2200,Pace,39528410,13,Raining On Ringo,LOSER,17.25,LOSER,3.37,305.44,17,9.4,17,15.03,678.13,720,10,720,26.25,71.45,505.98,3.35,3.05,3.35,3.18,62.38,15.5,16,1.02,0.99
4/07/2021,4:36:00 PM,4:37:52 PM,Redcliffe,QLD,1,184976804,R1 1780m Pace M,184976805,Harness,1780,Pace,15779287,1,Inner Light,LOSER,28.94,LOSER,2.93,93.79,360,42,44,51.69,64.33,930,24,930,45.15,211.6,330.25,4.1,2.98,3,3.36,167.48,46,48,1.03,0.96
4/07/2021,4:36:00 PM,4:37:52 PM,Redcliffe,QLD,1,184976804,R1 1780m Pace M,184976805,Harness,1780,Pace,8624653,2,No Confession,LOSER,75.15,LOSER,1001,46.97,480,46,110,74.09,25.95,780,110,780,262.05,5.64,,,,,,,46,55,1.03,0.96
4/07/2021,4:36:00 PM,4:37:52 PM,Redcliffe,QLD,1,184976804,R1 1780m Pace M,184976805,Harness,1780,Pace,17399061,3,First String,WINNER,1.73,WINNER,1.19,1555.05,1.98,1.23,1.7,1.83,4408.1,1.91,1.01,1.01,1.13,10451.39,1609.91,1.21,1.1,1.21,1.17,24.91,1.88,1.89,1.03,0.96
4/07/2021,4:36:00 PM,4:37:52 PM,Redcliffe,QLD,1,184976804,R1 1780m Pace M,184976805,Harness,1780,Pace,18739751,4,Kanye Crusader,LOSER,9,WINNER,2.33,375.43,23,9,9.8,10.03,195.64,280,8.8,95,18.66,95.35,623.3,,,,,,9.4,11,1.03,0.96
4/07/2021,4:36:00 PM,4:37:52 PM,Redcliffe,QLD,1,184976804,R1 1780m Pace M,184976805,Harness,1780,Pace,12771800,5,Majordoit,LOSER,9.29,WINNER,2.33,376.88,26,8.8,10.5,9.87,158.56,550,6.6,550,19.03,97.13,675.72,,,,,,9,10.5,1.03,0.96
4/07/2021,4:36:00 PM,4:37:52 PM,Redcliffe,QLD,1,184976804,R1 1780m Pace M,184976805,Harness,1780,Pace,10517655,6,Jumping Jolt,LOSER,46,LOSER,8.55,126.77,340,44,48,49.18,62.2,940,46,780,118.93,12.67,221.3,,,,,,44,48,1.03,0.96
4/07/2021,4:36:00 PM,4:37:52 PM,Redcliffe,QLD,1,184976804,R1 1780m Pace M,184976805,Harness,1780,Pace,18097933,7,El Gran Senor,LOSER,89.96,LOSER,45.35,45.35,360,50,110,76.66,12.81,960,110,960,252.64,5.53,,,,,,,50,75,1.03,0.96
4/07/2021,4:36:00 PM,4:37:52 PM,Redcliffe,QLD,1,184976804,R1 1780m Pace M,184976805,Harness,1780,Pace,16342684,9,Ohoka Jimmy,LOSER,6.37,LOSER,1.63,558.69,10,5,6.2,5.56,297.78,550,4.2,550,16.26,92.09,1076.58,1.59,1.59,1.59,1.59,0.71,5.2,5.7,1.03,0.96
4/07/2021,5:02:00 PM,5:03:37 PM,Redcliffe,QLD,2,184976806,R2 1780m Pace M,184976807,Harness,1780,Pace,16795825,1,Rnr Windermere,LOSER,40.65,LOSER,8,96.37,46,20,40,36.8,278.86,720,21,720,33.09,36.19,123.28,7.8,6,7.8,7.04,87.89,34,38,1.03,0.98
4/07/2021,5:02:00 PM,5:03:37 PM,Redcliffe,QLD,2,184976806,R2 1780m Pace M,184976807,Harness,1780,Pace,28368770,2,Pebble Sands,LOSER,7.05,LOSER,2.37,543.41,11,5.7,6.8,7.04,1342.96,790,3.5,780,11.2,504.24,676.16,2.42,2.28,2.28,2.29,10.35,7.4,7.8,1.03,0.98
4/07/2021,5:02:00 PM,5:03:37 PM,Redcliffe,QLD,2,184976806,R2 1780m Pace M,184976807,Harness,1780,Pace,19258268,3,Lady Swiss,LOSER,11.5,LOSER,3.19,344.47,18.5,9.2,11.5,13.55,232.73,900,19.5,790,116.42,37.56,429.41,,,,,,14.5,15.5,1.03,0.98
4/07/2021,5:02:00 PM,5:03:37 PM,Redcliffe,QLD,2,184976806,R2 1780m Pace M,184976807,Harness,1780,Pace,26963504,4,Lorimer Lady,LOSER,28.46,WINNER,5.48,238.28,95,15,24,24.12,637.3,300,3.25,3.25,17.55,43.02,113.05,6.2,4.1,5.7,4.69,120.65,17.5,19,1.03,0.98
4/07/2021,5:02:00 PM,5:03:37 PM,Redcliffe,QLD,2,184976806,R2 1780m Pace M,184976807,Harness,1780,Pace,23414743,5,Mega Star,LOSER,2.77,WINNER,1.6,1872.46,5.3,2.48,2.78,2.85,11813.62,5.3,1.21,5.3,2.06,1659.39,1152.63,1.65,1.49,1.59,1.54,492.01,2.62,2.76,1.03,0.98
4/07/2021,5:02:00 PM,5:03:37 PM,Redcliffe,QLD,2,184976806,R2 1780m Pace M,184976807,Harness,1780,Pace,13023676,6,Ifoundthebeach,LOSER,9.83,LOSER,3.19,629.29,14,8.4,10,11.91,398.56,220,7.8,220,27.78,32.73,347.35,3.3,3.15,3.2,3.29,45.93,12,12.5,1.03,0.98
4/07/2021,5:02:00 PM,5:03:37 PM,Redcliffe,QLD,2,184976806,R2 1780m Pace M,184976807,Harness,1780,Pace,18846527,7,Heez Perfect,LOSER,9.4,LOSER,2.81,430.5,17,7.4,9.4,9,1253.16,170,8.6,170,24.16,30.32,518.39,3.35,2.48,2.72,3.02,201.58,8.8,9.2,1.03,0.98
4/07/2021,5:02:00 PM,5:03:37 PM,Redcliffe,QLD,2,184976806,R2 1780m Pace M,184976807,Harness,1780,Pace,12542113,8,Colombian Gold,LOSER,18.7,LOSER,3.6,228.98,19,9.8,19,14.61,609.17,190,2.16,190,21.56,24.85,539.42,3.7,2.72,3.7,3.39,298.48,15,14.5,1.03,0.98
4/07/2021,5:02:00 PM,5:03:37 PM,Redcliffe,QLD,2,184976806,R2 1780m Pace M,184976807,Harness,1780,Pace,25064143,9,Ashlee Nitro,WINNER,9.72,WINNER,2.69,735.71,14.5,4.1,9.6,10.08,1842.97,22,1.28,1.59,2.71,612.27,873.6,3.1,2.5,2.76,2.7,183.43,10.5,11.5,1.03,0.98
4/07/2021,5:42:00 PM,5:43:18 PM,Redcliffe,QLD,3,184976808,R3 1780m Pace M,184976809,Harness,1780,Pace,24810503,1,Call Me Trish,LOSER,10.85,LOSER,2.49,459.92,22,8.6,9.8,11.17,1402.16,780,10.5,280,26.72,81.8,508.41,2.98,2.48,2.52,2.59,347.64,8.8,9.2,1.03,0.98
4/07/2021,5:42:00 PM,5:43:18 PM,Redcliffe,QLD,3,184976808,R3 1780m Pace M,184976809,Harness,1780,Pace,38605427,2,Ocean Lane,LOSER,30,LOSER,8.4,98.36,55,19.5,46,39.84,277.06,720,11.5,520,23.25,174.4,169.67,7.8,7.2,7.2,7.45,26.06,46,48,1.03,0.98
4/07/2021,5:42:00 PM,5:43:18 PM,Redcliffe,QLD,3,184976808,R3 1780m Pace M,184976809,Harness,1780,Pace,25102106,3,Bonnies Cam,LOSER,7.2,WINNER,2.46,545.17,11,7,7.2,7.55,740.27,780,1.8,780,6.97,311.72,646.56,2.46,2.22,2.38,2.39,33.21,7.4,7.8,1.03,0.98
4/07/2021,5:42:00 PM,5:43:18 PM,Redcliffe,QLD,3,184976808,R3 1780m Pace M,184976809,Harness,1780,Pace,36214724,4,Katacha Man,LOSER,7.56,LOSER,2.74,1080.96,18.5,8.4,9.2,11.17,2071.54,780,4.7,36,12.33,370.48,665.73,2.94,2.68,2.68,2.83,135.63,9,9.2,1.03,0.98
4/07/2021,5:42:00 PM,5:43:18 PM,Redcliffe,QLD,3,184976808,R3 1780m Pace M,184976809,Harness,1780,Pace,12909368,5,Congo Line,LOSER,17.1,LOSER,4.57,343.72,20,13,15.5,15.34,267.16,780,5.6,170,20.7,122.02,320.94,,,,,,15,16,1.03,0.98
4/07/2021,5:42:00 PM,5:43:18 PM,Redcliffe,QLD,3,184976808,R3 1780m Pace M,184976809,Harness,1780,Pace,21444486,6,Montana Express,LOSER,26.86,LOSER,7.55,265.18,90,30,32,40.9,285.95,720,26,480,42.82,43.73,150.19,7.2,6.8,7,7.03,76.18,34,38,1.03,0.98
4/07/2021,5:42:00 PM,5:43:18 PM,Redcliffe,QLD,3,184976808,R3 1780m Pace M,184976809,Harness,1780,Pace,27047343,7,Gosling In Flight,LOSER,29.6,LOSER,5.1,138.32,30,16.5,25,21.85,266.96,720,28,720,47.08,36.51,91.2,4.3,4.2,4.2,4.24,12,21,22,1.03,0.98
4/07/2021,5:42:00 PM,5:43:18 PM,Redcliffe,QLD,3,184976808,R3 1780m Pace M,184976809,Harness,1780,Pace,40050745,8,Miami Surf,LOSER,4.88,WINNER,1.95,908.57,5.7,1.81,5.3,3.84,3697.2,780,1.56,720,3.01,1606.7,745.04,2.06,1.55,1.95,1.81,338.15,5,5.1,1.03,0.98
4/07/2021,5:42:00 PM,5:43:18 PM,Redcliffe,QLD,3,184976808,R3 1780m Pace M,184976809,Harness,1780,Pace,38108294,9,Quick Step,WINNER,3.2,WINNER,1.52,1960.01,5.3,3.05,3.25,3.37,5648.54,23,1.01,1.01,1.54,4317.98,1143,1.69,1.3,1.57,1.57,259,3.3,3.55,1.03,0.98
4/07/2021,6:12:00 PM,6:12:45 PM,Redcliffe,QLD,4,184976810,R4 1780m Pace M,184976811,Harness,1780,Pace,40050746,1,Rollonx,LOSER,4.63,WINNER,2.14,936.58,6.2,3.75,5.6,5.55,3539.86,100,2,65,4.21,511.4,298.86,2.2,1.91,2.14,2.03,163.72,5.8,5.9,1.02,0.99
4/07/2021,6:12:00 PM,6:12:45 PM,Redcliffe,QLD,4,184976810,R4 1780m Pace M,184976811,Harness,1780,Pace,36794888,2,Ima Beach Babe,WINNER,2.85,WINNER,1.39,2436.46,4,2.92,2.98,3.18,5209.11,3.65,1.01,1.01,1.58,4999.45,1476.89,1.66,1.37,1.55,1.51,642.35,3,3.05,1.02,0.99
4/07/2021,6:12:00 PM,6:12:45 PM,Redcliffe,QLD,4,184976810,R4 1780m Pace M,184976811,Harness,1780,Pace,17407505,3,Nikalong Henry,LOSER,7.32,WINNER,2.02,674.24,13.5,6,6.6,7.87,1017.44,1000,3.65,65,14.61,225.04,935.2,2.38,2,2.38,2.02,19.55,6.2,6.4,1.02,0.99
4/07/2021,6:12:00 PM,6:12:45 PM,Redcliffe,QLD,4,184976810,R4 1780m Pace M,184976811,Harness,1780,Pace,3425197,4,Gangbuster,LOSER,325.9,LOSER,16.5,50.62,230,130,170,162.84,67.5,990,170,700,335.99,18.41,127.17,19,16.5,18,17.71,17.72,140,150,1.02,0.99
4/07/2021,6:12:00 PM,6:12:45 PM,Redcliffe,QLD,4,184976810,R4 1780m Pace M,184976811,Harness,1780,Pace,28329836,5,After Darn,LOSER,20.76,LOSER,3.95,326.73,24,7,18.5,10.96,598.7,880,24,880,107.3,18.46,326.27,2.28,2.28,2.28,2.28,1.71,15,16.5,1.02,0.99
4/07/2021,6:12:00 PM,6:12:45 PM,Redcliffe,QLD,4,184976810,R4 1780m Pace M,184976811,Harness,1780,Pace,9469216,6,Aqua Cruiser,LOSER,8.36,LOSER,2.4,449.44,23,7.4,8.6,9.31,1444.18,780,9.6,780,36.95,36.1,827.39,2.84,2.38,2.84,2.57,76.19,7.8,8.2,1.02,0.99
4/07/2021,6:12:00 PM,6:12:45 PM,Redcliffe,QLD,4,184976810,R4 1780m Pace M,184976811,Harness,1780,Pace,17311075,7,Go Jo Jolt,LOSER,11,LOSER,2.72,620.86,13,5.8,10.5,10.96,741.27,780,5.2,780,18.86,152.97,553.34,2.64,2.5,2.64,2.64,20.17,10,10.5,1.02,0.99
4/07/2021,6:12:00 PM,6:12:45 PM,Redcliffe,QLD,4,184976810,R4 1780m Pace M,184976811,Harness,1780,Pace,8250876,8,Circle Line,LOSER,27,LOSER,4.3,161.18,30,12,21,19.29,312.92,720,8.2,720,19.58,89.56,332.18,,,,,,19,20,1.02,0.99
4/07/2021,6:12:00 PM,6:12:45 PM,Redcliffe,QLD,4,184976810,R4 1780m Pace M,184976811,Harness,1780,Pace,12604620,9,Heavens Hint,LOSER,763.47,LOSER,91.01,29.55,550,170,550,319.24,37.23,1000,560,730,744.49,12.75,25.94,100,32,95,75.92,30.49,510,520,1.02,0.99
4/07/2021,6:42:00 PM,6:42:31 PM,Redcliffe,QLD,5,184976812,R5 1780m Pace M,184976813,Harness,1780,Pace,11306071,1,Lazy Blaze,LOSER,17.28,LOSER,4.1,276.64,18.5,5,12,11.49,1034.94,480,6,220,25.05,37.96,150.23,3.85,2.78,3.25,3.3,107.11,16.5,18,1.02,0.98
4/07/2021,6:42:00 PM,6:42:31 PM,Redcliffe,QLD,5,184976812,R5 1780m Pace M,184976813,Harness,1780,Pace,8413602,2,Nolonga Your Choice,LOSER,395.87,LOSER,80,29.92,310,90,290,176.92,91.63,850,300,850,398.94,19.76,8.64,80,36,80,75.27,21.72,200,320,1.02,0.98
4/07/2021,6:42:00 PM,6:42:31 PM,Redcliffe,QLD,5,184976812,R5 1780m Pace M,184976813,Harness,1780,Pace,22649673,3,Courageous Ways,LOSER,25,LOSER,5.82,188.63,42,18.5,23,23.56,472.58,720,25,580,50.19,65.02,289.22,,,,,,21,22,1.02,0.98
4/07/2021,6:42:00 PM,6:42:31 PM,Redcliffe,QLD,5,184976812,R5 1780m Pace M,184976813,Harness,1780,Pace,19842051,4,Rock The House,LOSER,11.82,LOSER,3.42,449.6,15.5,9,12,11.76,794.58,480,3.5,280,14.67,165.49,359.75,,,,,,11,11.5,1.02,0.98
4/07/2021,6:42:00 PM,6:42:31 PM,Redcliffe,QLD,5,184976812,R5 1780m Pace M,184976813,Harness,1780,Pace,16249814,5,Lifeinheaven,LOSER,6.52,LOSER,2.08,828.83,8.2,5.3,6.4,6.07,3263.21,380,5,280,11.92,140.48,843.22,2.26,1.92,2.02,2.01,339.06,6.4,6.6,1.02,0.98
4/07/2021,6:42:00 PM,6:42:31 PM,Redcliffe,QLD,5,184976812,R5 1780m Pace M,184976813,Harness,1780,Pace,39867331,6,Crossed Legs,LOSER,20.27,LOSER,5.7,272.94,20,10.5,19,13.25,822.01,720,15,580,34.91,42.23,216.27,,,,,,17,18,1.02,0.98
4/07/2021,6:42:00 PM,6:42:31 PM,Redcliffe,QLD,5,184976812,R5 1780m Pace M,184976813,Harness,1780,Pace,28499367,7,Sweet Lombo,WINNER,2.74,WINNER,1.46,2371.09,3.65,2.74,2.86,3.04,9309.99,3.25,1.01,1.01,1.3,3957.64,1063.73,1.54,1.25,1.42,1.41,386.18,2.84,2.88,1.02,0.98
4/07/2021,6:42:00 PM,6:42:31 PM,Redcliffe,QLD,5,184976812,R5 1780m Pace M,184976813,Harness,1780,Pace,22396884,8,Maywyn A Jug Ortwo,LOSER,44.52,WINNER,6.7,184.29,70,30,40,40.74,116.64,720,24,720,47.19,35.2,192.52,11.5,5.3,5.3,6.9,108.63,32,38,1.02,0.98
4/07/2021,6:42:00 PM,6:42:31 PM,Redcliffe,QLD,5,184976812,R5 1780m Pace M,184976813,Harness,1780,Pace,24091763,9,Devouged,LOSER,4.4,WINNER,1.7,1373.75,5.8,3.75,4.6,4.3,4463.04,280,3.45,150,7.55,227.07,1166.51,1.9,1.69,1.71,1.77,26.68,4.5,4.7,1.02,0.98
4/07/2021,7:20:00 PM,7:21:12 PM,Redcliffe,QLD,6,184976814,R6 1780m Pace M,184976815,Harness,1780,Pace,38936523,1,Looks Just Right,WINNER,13,WINNER,3.6,445,60,12,13,17.66,610.7,44,1.01,1.04,1.25,7367.75,242.52,3.4,3.4,3.4,3.4,303.68,14,15,1.03,0.97
4/07/2021,7:20:00 PM,7:21:12 PM,Redcliffe,QLD,6,184976814,R6 1780m Pace M,184976815,Harness,1780,Pace,23294522,2,Beef City Starzzz,LOSER,8.39,WINNER,2.71,423.63,9.6,4.7,8.2,7.67,766.05,480,1.29,29,8.71,768.63,260.19,2.92,2.44,2.52,2.52,67.58,7.6,8.6,1.03,0.97
4/07/2021,7:20:00 PM,7:21:12 PM,Redcliffe,QLD,6,184976814,R6 1780m Pace M,184976815,Harness,1780,Pace,9332186,3,Purple Shades,LOSER,13,WINNER,4.17,334.74,27,12,13,14.71,652,720,19.5,420,23.55,195.62,245.2,3.35,3.35,3.35,3.35,103.73,15.5,16.5,1.03,0.97
4/07/2021,7:20:00 PM,7:21:12 PM,Redcliffe,QLD,6,184976814,R6 1780m Pace M,184976815,Harness,1780,Pace,40050747,4,Melton Killara,LOSER,65,LOSER,73.26,204.74,160,55,80,94.61,273.77,1000,170,1000,664.79,2,27.47,17.5,17.5,17.5,17.5,6.22,130,140,1.03,0.97
4/07/2021,7:20:00 PM,7:21:12 PM,Redcliffe,QLD,6,184976814,R6 1780m Pace M,184976815,Harness,1780,Pace,11219670,5,All Good,LOSER,7.8,LOSER,2.86,557.5,14.5,7.8,7.8,8.49,508.01,780,1.85,780,5.76,601.58,571.13,2.94,2.76,2.76,2.94,24.8,8,8.6,1.03,0.97
4/07/2021,7:20:00 PM,7:21:12 PM,Redcliffe,QLD,6,184976814,R6 1780m Pace M,184976815,Harness,1780,Pace,40050748,6,Our Ultimate Bonny,LOSER,4.1,LOSER,1.8,630.4,4.1,2.74,4,3.76,5046.34,780,2.16,780,4.98,887.07,475.65,1.78,1.41,1.78,1.65,368.91,3.75,3.85,1.03,0.97
4/07/2021,7:20:00 PM,7:21:12 PM,Redcliffe,QLD,6,184976814,R6 1780m Pace M,184976815,Harness,1780,Pace,24553848,7,Archilles,LOSER,15,LOSER,5.57,282.1,26,12,15,14.62,715.41,720,2.52,720,11.37,479.37,47.56,3.6,3.4,3.6,3.54,9.2,15,16.5,1.03,0.97
4/07/2021,7:20:00 PM,7:21:12 PM,Redcliffe,QLD,6,184976814,R6 1780m Pace M,184976815,Harness,1780,Pace,13715505,8,Abercrombie Tab,LOSER,6,LOSER,2.6,602.81,7.2,4.7,6,5.5,1448.33,780,3.25,150,30.25,39.01,426.07,2.48,1.97,2.12,2.17,136.32,5.6,5.7,1.03,0.97
4/07/2021,7:20:00 PM,7:21:12 PM,Redcliffe,QLD,6,184976814,R6 1780m Pace M,184976815,Harness,1780,Pace,11895117,9,Onyajans,LOSER,9.69,LOSER,2.88,309.51,12,6.2,10,9.08,1356.39,780,7.6,420,35.5,43.25,454.95,2.8,2.3,2.78,2.54,16.91,8.6,9,1.03,0.97
4/07/2021,7:57:00 PM,7:57:46 PM,Redcliffe,QLD,7,184976816,R7 1780m Pace M,184976817,Harness,1780,Pace,23707386,1,The Last Starfire,LOSER,80.39,LOSER,13.75,25.87,85,50,80,68.63,33.26,940,30,940,122.88,26.22,,,,,,,70,80,1.03,0.98
4/07/2021,7:57:00 PM,7:57:46 PM,Redcliffe,QLD,7,184976816,R7 1780m Pace M,184976817,Harness,1780,Pace,10442908,2,Writeaboutchelsea,LOSER,8.5,LOSER,2.75,474.65,13,8,8,8.94,541.03,780,4.9,780,32.43,41.57,519.45,,,,,,9,9.6,1.03,0.98
4/07/2021,7:57:00 PM,7:57:46 PM,Redcliffe,QLD,7,184976816,R7 1780m Pace M,184976817,Harness,1780,Pace,12871242,3,Traces Of Tara,LOSER,16.62,LOSER,4.32,419.43,18.5,6.8,16,10.79,566.98,780,16,720,71.67,46.82,395.9,,,,,,13,13.5,1.03,0.98
4/07/2021,7:57:00 PM,7:57:46 PM,Redcliffe,QLD,7,184976816,R7 1780m Pace M,184976817,Harness,1780,Pace,28252586,4,Game Keeper,LOSER,279.38,LOSER,47.5,38.13,280,70,280,147.37,29.25,950,340,690,717.75,4.55,,,,,,,210,230,1.03,0.98
4/07/2021,7:57:00 PM,7:57:46 PM,Redcliffe,QLD,7,184976816,R7 1780m Pace M,184976817,Harness,1780,Pace,17234859,5,Mister Decorum,WINNER,6.82,WINNER,2.34,468.58,19.5,5.8,6.8,7.02,916.81,6.6,1.01,1.01,1.44,6690.93,617.72,2.88,2.22,2.22,2.42,30.9,7.2,7.4,1.03,0.98
4/07/2021,7:57:00 PM,7:57:46 PM,Redcliffe,QLD,7,184976816,R7 1780m Pace M,184976817,Harness,1780,Pace,3992809,6,Duke,LOSER,5.55,LOSER,1.8,1047.54,7.8,4.5,5.6,5.31,1534.08,780,4.7,780,17.42,81.14,828.81,1.94,1.73,1.94,1.8,46.82,4.7,5,1.03,0.98
4/07/2021,7:57:00 PM,7:57:46 PM,Redcliffe,QLD,7,184976816,R7 1780m Pace M,184976817,Harness,1780,Pace,35994432,7,Mister Rocktober,LOSER,43.73,LOSER,9.61,128.36,85,38,42,49.17,115.42,750,18.5,720,88.57,26.79,189.83,6.6,6.6,6.6,6.6,6,42,46,1.03,0.98
4/07/2021,7:57:00 PM,7:57:46 PM,Redcliffe,QLD,7,184976816,R7 1780m Pace M,184976817,Harness,1780,Pace,2021747,8,Calculated Risk,LOSER,5.64,WINNER,2.21,786.55,6.4,2.88,5.6,5.01,1473.38,780,4.7,280,16.83,64.83,359.57,2,1.84,1.91,1.91,18.83,5.3,5.5,1.03,0.98
4/07/2021,7:57:00 PM,7:57:46 PM,Redcliffe,QLD,7,184976816,R7 1780m Pace M,184976817,Harness,1780,Pace,15936095,9,Patchwork Jet,LOSER,3.71,WINNER,1.67,1278.84,4.9,3.25,3.7,3.84,3005.25,720,3.2,690,9.96,217.04,912.04,1.73,1.56,1.73,1.63,98.92,3.9,4.1,1.03,0.98
4/07/2021,8:24:00 PM,8:26:03 PM,Redcliffe,QLD,8,184976818,R8 1780m Pace M,184976819,Harness,1780,Pace,22436679,1,Wavedancer,LOSER,4.1,LOSER,1.51,912.99,4.4,2.48,3.65,3.69,6573.07,780,2.48,780,6.39,329.56,986.53,1.54,1.19,1.51,1.4,2645.31,3.9,4.1,1.04,0.97
4/07/2021,8:24:00 PM,8:26:03 PM,Redcliffe,QLD,8,184976818,R8 1780m Pace M,184976819,Harness,1780,Pace,9485339,2,Forgive Me,LOSER,8.6,WINNER,2.78,483.59,10.5,4.6,8.4,8.83,1756.62,780,6,780,50.89,24.49,563.82,2.84,1.79,2.66,2.75,557.35,9.6,10.5,1.04,0.97
4/07/2021,8:24:00 PM,8:26:03 PM,Redcliffe,QLD,8,184976818,R8 1780m Pace M,184976819,Harness,1780,Pace,12209357,3,Whata Challenge,LOSER,5.8,LOSER,2.18,759.17,9.2,5.8,6,6.67,1114.46,780,3.65,780,25.23,57.89,841.99,2.4,2.02,2.18,2.16,96.51,6.2,6.6,1.04,0.97
4/07/2021,8:24:00 PM,8:26:03 PM,Redcliffe,QLD,8,184976818,R8 1780m Pace M,184976819,Harness,1780,Pace,36955482,4,Vermont,LOSER,449.64,LOSER,80.25,26.63,1000,150,380,279.54,86.09,,,,,,9.99,24,24,24,24,5.52,200,250,1.04,0.97
4/07/2021,8:24:00 PM,8:26:03 PM,Redcliffe,QLD,8,184976818,R8 1780m Pace M,184976819,Harness,1780,Pace,12828002,5,Deadly Rocker,LOSER,16.17,LOSER,3.5,459.37,40,11,15,14.57,798.82,780,5.8,420,42.98,70.36,439.03,3.65,3.15,3.6,3.3,37.03,10.5,12,1.04,0.97
4/07/2021,8:24:00 PM,8:26:03 PM,Redcliffe,QLD,8,184976818,R8 1780m Pace M,184976819,Harness,1780,Pace,7569824,6,Bukthsystem,LOSER,8.07,WINNER,2.53,590.94,24,7.6,9.6,9.58,2320.66,100,1.28,100,5.07,545.14,348.06,2.94,2.54,2.94,2.63,29.15,9,9.6,1.04,0.97
4/07/2021,8:24:00 PM,8:26:03 PM,Redcliffe,QLD,8,184976818,R8 1780m Pace M,184976819,Harness,1780,Pace,10752938,7,Moonlight Butcher,WINNER,4.69,WINNER,1.66,832.83,4.8,2.92,4.5,3.63,3606.44,65,1.01,1.01,1.41,4723.01,1174.55,1.69,1.55,1.68,1.65,278.61,3.85,4,1.04,0.97
4/07/2021,8:24:00 PM,8:26:03 PM,Redcliffe,QLD,8,184976818,R8 1780m Pace M,184976819,Harness,1780,Pace,18373544,8,Michaels Desire,LOSER,130,LOSER,16.17,54.35,250,85,150,127.7,195.45,930,2.98,500,9.63,287.28,187.13,15.5,15,15,15.19,15,130,150,1.04,0.97
4/07/2021,8:24:00 PM,8:26:03 PM,Redcliffe,QLD,8,184976818,R8 1780m Pace M,184976819,Harness,1780,Pace,37467843,9,Melton Insulted,LOSER,27.64,LOSER,6.74,230.89,100,27,27,34.06,352.17,720,38,720,81.11,12.9,102.83,5.8,5.8,5.8,5.8,5,29,32,1.04,0.97
4/07/2021,9:00:00 PM,9:00:41 PM,Redcliffe,QLD,9,184976820,R9 1780m Pace M,184976821,Harness,1780,Pace,36201178,1,Fremarksindi,LOSER,48.42,LOSER,13.02,150.31,60,8,50,28.07,134.65,910,13,910,90.33,83.68,128.35,6,5.6,6,5.71,0.58,50,55,1.02,0.98
4/07/2021,9:00:00 PM,9:00:41 PM,Redcliffe,QLD,9,184976820,R9 1780m Pace M,184976821,Harness,1780,Pace,24539955,2,Johnrod,LOSER,26.5,LOSER,4.07,179.39,75,14.5,22,22.15,221.9,720,22,300,53.16,19.16,422.84,4,3.75,3.9,3.86,43.22,23,26,1.02,0.98
4/07/2021,9:00:00 PM,9:00:41 PM,Redcliffe,QLD,9,184976820,R9 1780m Pace M,184976821,Harness,1780,Pace,18986217,3,Artistic Humma,LOSER,24,LOSER,6.35,236.1,24,12,22,16.86,271.79,720,9,480,33.96,38.01,87.07,3.5,2.72,3.5,2.79,0.34,22,24,1.02,0.98
4/07/2021,9:00:00 PM,9:00:41 PM,Redcliffe,QLD,9,184976820,R9 1780m Pace M,184976821,Harness,1780,Pace,19921687,4,Dartesian,LOSER,46,LOSER,12.2,131.33,90,42,42,47.11,47.99,720,34,300,149.21,4.09,76.45,,,,,,44,50,1.02,0.98
4/07/2021,9:00:00 PM,9:00:41 PM,Redcliffe,QLD,9,184976820,R9 1780m Pace M,184976821,Harness,1780,Pace,35595126,5,Ally Pink,WINNER,2.92,WINNER,1.34,1328.67,3.7,2.46,2.84,2.8,8416.75,3.75,1.01,1.01,1.25,4972.77,1188.52,1.41,1.27,1.31,1.35,344.22,2.78,2.82,1.02,0.98
4/07/2021,9:00:00 PM,9:00:41 PM,Redcliffe,QLD,9,184976820,R9 1780m Pace M,184976821,Harness,1780,Pace,3787608,6,Marthas Vineyard,LOSER,80,LOSER,31.3,75.86,150,55,85,112.36,98.06,720,32,720,212.87,16.76,59.02,,,,,,100,110,1.02,0.98
4/07/2021,9:00:00 PM,9:00:41 PM,Redcliffe,QLD,9,184976820,R9 1780m Pace M,184976821,Harness,1780,Pace,19101746,7,Gina Tarantella,LOSER,6.39,WINNER,1.91,613.15,19.5,5.2,6.2,5.89,1941.18,880,4.2,880,12.24,197.55,701.78,2.34,1.88,1.89,1.94,52.98,5.9,6.4,1.02,0.98
4/07/2021,9:00:00 PM,9:00:41 PM,Redcliffe,QLD,9,184976820,R9 1780m Pace M,184976821,Harness,1780,Pace,19663800,8,Dontch See It,LOSER,348.87,LOSER,44.52,76.69,280,85,250,208.65,21.66,930,22,720,158.8,26.64,41.14,46,11,44,12.41,51.94,250,260,1.02,0.98
4/07/2021,9:00:00 PM,9:00:41 PM,Redcliffe,QLD,9,184976820,R9 1780m Pace M,184976821,Harness,1780,Pace,13089244,9,Guts,LOSER,2.81,WINNER,1.31,2164.02,4.2,2.74,2.88,3.18,4480.6,100,2.34,100,4.61,406.14,1053.73,1.6,1.3,1.37,1.36,317.36,2.92,2.96,1.02,0.98
4/07/2021,9:31:00 PM,9:31:36 PM,Redcliffe,QLD,10,184976822,R10 1780m Pace M,184976823,Harness,1780,Pace,24888152,1,Caribbean Baby,LOSER,631.8,LOSER,43.66,45.99,290,220,240,259.43,24.04,990,80,80,426.15,28.8,17.31,19,16.5,16.5,16.96,20,270,290,1.02,0.98
4/07/2021,9:31:00 PM,9:31:36 PM,Redcliffe,QLD,10,184976822,R10 1780m Pace M,184976823,Harness,1780,Pace,21746374,2,Sweet Scoot,LOSER,311.07,LOSER,48.23,44.58,300,130,210,228.59,106.33,840,70,500,312.53,15.92,7.32,,,,,,220,230,1.02,0.98
4/07/2021,9:31:00 PM,9:31:36 PM,Redcliffe,QLD,10,184976822,R10 1780m Pace M,184976823,Harness,1780,Pace,34976668,3,Crikey Cam,LOSER,70,LOSER,23.27,52.61,110,22,100,50.14,90.83,920,50,920,562.5,6.98,64.36,40,9.4,23,15.72,3.4,70,80,1.02,0.98
4/07/2021,9:31:00 PM,9:31:36 PM,Redcliffe,QLD,10,184976822,R10 1780m Pace M,184976823,Harness,1780,Pace,28605532,4,Joy To All,WINNER,2.53,WINNER,1.39,1536.74,4.4,2.46,2.68,2.87,4157.32,3,1.01,1.01,1.52,5440.05,1355.57,1.43,1.35,1.39,1.38,102.58,2.76,2.78,1.02,0.98
4/07/2021,9:31:00 PM,9:31:36 PM,Redcliffe,QLD,10,184976822,R10 1780m Pace M,184976823,Harness,1780,Pace,40050749,5,Our Dolly,LOSER,17.75,WINNER,4,253.33,36,16.5,17,21.65,147.57,120,7.8,110,29.57,18.58,104.91,3.7,3.4,3.4,3.52,12.51,18,19,1.02,0.98
4/07/2021,9:31:00 PM,9:31:36 PM,Redcliffe,QLD,10,184976822,R10 1780m Pace M,184976823,Harness,1780,Pace,38597264,6,Three Machs,LOSER,16.64,LOSER,3.26,397.14,17,11.5,14.5,13.82,246.96,720,11,170,27.46,60.12,499.05,3.85,3.8,3.8,3.83,10.05,14.5,15.5,1.02,0.98
4/07/2021,9:31:00 PM,9:31:36 PM,Redcliffe,QLD,10,184976822,R10 1780m Pace M,184976823,Harness,1780,Pace,27870664,7,Highmoralground,LOSER,43.26,WINNER,8.75,163.91,140,11,44,31.95,369.98,720,18,720,48.89,38.93,118.68,9.4,2.76,9.4,7.58,9.62,18,19,1.02,0.98
4/07/2021,9:31:00 PM,9:31:36 PM,Redcliffe,QLD,10,184976822,R10 1780m Pace M,184976823,Harness,1780,Pace,772374,8,Jet Force,LOSER,5.1,LOSER,1.62,726.49,7.2,4.7,4.9,5.59,2068.8,780,2.66,340,17.04,178.45,777.4,2,1.62,1.62,1.68,203.7,4.8,5.1,1.02,0.98
4/07/2021,9:31:00 PM,9:31:36 PM,Redcliffe,QLD,10,184976822,R10 1780m Pace M,184976823,Harness,1780,Pace,38911830,9,Tancaltra Lis,LOSER,4.9,LOSER,1.92,921.69,5,2.22,4.6,4.03,2190.45,780,2.24,720,34.68,95.9,572.87,1.81,1.55,1.55,1.55,4.64,4.1,4.2,1.02,0.98
5/07/2021,1:33:00 PM,1:33:32 PM,Globe Derby,SA,1,185003969,R1 2230m Trot S,185003970,Harness,2230,Trot,39678965,1,Farbio,LOSER,3.5,WINNER,1.78,1167.13,3.8,2.84,3.6,3.35,1516.55,340,1.08,120,9.3,873.7,1108.15,,,,,,3.25,3.5,1.05,0.96
5/07/2021,1:33:00 PM,1:33:32 PM,Globe Derby,SA,1,185003969,R1 2230m Trot S,185003970,Harness,2230,Trot,22723038,2,Gatesys Alley,LOSER,10.5,LOSER,3.97,356.59,14,7.4,11.5,11.44,397.44,890,9.4,890,24.46,156.22,422.53,3.5,3.5,3.5,3.5,15,10.5,12,1.05,0.96
5/07/2021,1:33:00 PM,1:33:32 PM,Globe Derby,SA,1,185003969,R1 2230m Trot S,185003970,Harness,2230,Trot,12863406,3,Reils,LOSER,10.33,LOSER,3.55,344.3,14,8.8,10,10.14,272.83,890,4.7,490,25.19,87.11,436.77,3.3,3.25,3.3,3.28,15.6,9.8,11.5,1.05,0.96
5/07/2021,1:33:00 PM,1:33:32 PM,Globe Derby,SA,1,185003969,R1 2230m Trot S,185003970,Harness,2230,Trot,1250695,4,Spud,LOSER,8.8,LOSER,3.37,351.43,9.6,3.9,8,8.06,978.65,880,4.3,690,26.24,72.17,344.39,,,,,,7.6,8.4,1.05,0.96
5/07/2021,1:33:00 PM,1:33:32 PM,Globe Derby,SA,1,185003969,R1 2230m Trot S,185003970,Harness,2230,Trot,21631027,5,Galleons Victory,WINNER,2.34,WINNER,1.53,933.04,3.2,2.32,2.38,2.44,8518.76,14.5,1.01,1.01,1.7,3397.67,1218.61,1.51,1.5,1.51,1.51,40.41,2.42,2.58,1.05,0.96
5/07/2021,2:07:00 PM,2:07:55 PM,Globe Derby,SA,2,185003971,R2 1800m Pace M,185003972,Harness,1800,Pace,27806774,1,Cruising Bellew,LOSER,22,LOSER,6.22,231.12,32,5.8,19,14.7,259.32,890,11,710,60.14,48.85,243.45,5.3,5.2,5.3,5.25,12,23,28,1.02,0.99
5/07/2021,2:07:00 PM,2:07:55 PM,Globe Derby,SA,2,185003971,R2 1800m Pace M,185003972,Harness,1800,Pace,13942129,2,Althegirlsinmylife,LOSER,158.51,LOSER,89.26,33.41,250,23,160,109.9,49.49,990,55,990,162.16,8,35.76,,,,,,110,140,1.02,0.99
5/07/2021,2:07:00 PM,2:07:55 PM,Globe Derby,SA,2,185003971,R2 1800m Pace M,185003972,Harness,1800,Pace,26237317,3,Playboy Shadow,LOSER,17.46,LOSER,6.01,272.08,23,14.5,17,17.98,704.4,720,7.6,720,31.13,93.4,203.11,,,,,,18.5,19,1.02,0.99
5/07/2021,2:07:00 PM,2:07:55 PM,Globe Derby,SA,2,185003971,R2 1800m Pace M,185003972,Harness,1800,Pace,27223519,4,Tuscan Star,LOSER,12.5,WINNER,4.32,368.51,14,6.4,12.5,11.46,326.51,720,14,690,38.34,49.23,267.6,3.5,3,3.5,3.44,22.73,12,13,1.02,0.99
5/07/2021,2:07:00 PM,2:07:55 PM,Globe Derby,SA,2,185003971,R2 1800m Pace M,185003972,Harness,1800,Pace,37228331,5,Lets Get Shorty,WINNER,2.47,WINNER,1.41,1771.43,2.84,2.14,2.48,2.29,7402.44,2.8,1.01,1.01,1.46,2882.53,1300.56,1.5,1.39,1.41,1.43,163.56,2.3,2.36,1.02,0.99
5/07/2021,2:07:00 PM,2:07:55 PM,Globe Derby,SA,2,185003971,R2 1800m Pace M,185003972,Harness,1800,Pace,22941524,6,Fighting Fire,LOSER,2.7,LOSER,1.54,1540.66,3.9,2.5,2.7,2.78,5686.84,720,2,690,5.34,859.2,969.53,1.93,1.5,1.62,1.61,320.49,2.52,2.56,1.02,0.99
5/07/2021,2:42:00 PM,2:42:52 PM,Globe Derby,SA,3,185003973,R3 2230m Trot S,185003974,Harness,2230,Trot,25279033,1,Super Angus,LOSER,1.8,LOSER,1.26,3074.05,2.96,1.77,1.81,1.9,14619.56,150,1.52,150,2.8,1711.29,1291.95,1.56,1.21,1.22,1.27,3985.84,1.81,1.88,1.03,0.97
5/07/2021,2:42:00 PM,2:42:52 PM,Globe Derby,SA,3,185003973,R3 2230m Trot S,185003974,Harness,2230,Trot,23626894,2,Ellies Image,LOSER,111.99,LOSER,21.98,37.44,170,75,130,111.02,40.8,720,19,610,88.34,19.7,78.43,,,,,,90,150,1.03,0.97
5/07/2021,2:42:00 PM,2:42:52 PM,Globe Derby,SA,3,185003973,R3 2230m Trot S,185003974,Harness,2230,Trot,37290351,4,Fairytale Hall,LOSER,5.62,WINNER,2.06,834.63,5.7,2.98,5.3,4.65,2287.07,720,3,490,7.3,255.67,927.6,2.26,1.99,2.04,2.15,82.12,4.8,5.1,1.03,0.97
5/07/2021,2:42:00 PM,2:42:52 PM,Globe Derby,SA,3,185003973,R3 2230m Trot S,185003974,Harness,2230,Trot,40061756,5,Abiline,LOSER,50,LOSER,14.53,113.7,130,50,50,67.34,59.8,950,46,950,275.55,7.84,71.6,,,,,,55,65,1.03,0.97
5/07/2021,2:42:00 PM,2:42:52 PM,Globe Derby,SA,3,185003973,R3 2230m Trot S,185003974,Harness,2230,Trot,19823652,6,Kyvalley Kid,WINNER,5.12,WINNER,2.46,997.53,5.3,3.35,4.9,4.71,1610.48,5.2,1.01,1.01,1.48,3012.04,1331.23,2.64,1.77,2.34,2,87.86,4.7,5,1.03,0.97
5/07/2021,2:42:00 PM,2:42:52 PM,Globe Derby,SA,3,185003973,R3 2230m Trot S,185003974,Harness,2230,Trot,28260802,7,Winsome Ruby,LOSER,38,LOSER,9.7,165.48,65,30,38,38.37,171.52,720,18,720,56.76,57.42,124.9,9.2,9.2,9.2,9.2,5,38,44,1.03,0.97
5/07/2021,3:17:00 PM,3:17:57 PM,Globe Derby,SA,4,185003975,R4 1800m Pace M,185003976,Harness,1800,Pace,40061757,1,Turnthetables,LOSER,38,LOSER,7.84,112.42,50,34,50,40.9,44.88,720,28,720,115.44,11.75,250.47,,,,,,38,46,1.03,0.98
5/07/2021,3:17:00 PM,3:17:57 PM,Globe Derby,SA,4,185003975,R4 1800m Pace M,185003976,Harness,1800,Pace,40061759,2,Celestial Topaz,LOSER,19.16,LOSER,3.18,227.52,24,13,20,18.12,327.67,910,12,910,39.7,103.52,537.05,3.4,2.82,3.15,2.97,173.91,17,19.5,1.03,0.98
5/07/2021,3:17:00 PM,3:17:57 PM,Globe Derby,SA,4,185003975,R4 1800m Pace M,185003976,Harness,1800,Pace,27850952,3,Trappertwo,LOSER,779.32,LOSER,85,35.57,750,170,740,571.42,6.25,820,95,650,432.5,12.45,9.96,,,,,,610,740,1.03,0.98
5/07/2021,3:17:00 PM,3:17:57 PM,Globe Derby,SA,4,185003975,R4 1800m Pace M,185003976,Harness,1800,Pace,35545868,4,Moneymakinmonkey,WINNER,5.4,WINNER,2,582.98,9.4,5.2,5.2,6.41,1983.86,11.5,1.01,1.01,1.72,1988.74,954.05,2.12,1.65,2,2.02,415.02,6.2,6.4,1.03,0.98
5/07/2021,3:17:00 PM,3:17:57 PM,Globe Derby,SA,4,185003975,R4 1800m Pace M,185003976,Harness,1800,Pace,40061760,5,Rockybomba,LOSER,80.46,LOSER,44.27,56.49,100,50,100,67.31,60.31,930,32,930,116.17,31.78,35.41,95,6,34,8.43,42.45,70,85,1.03,0.98
5/07/2021,3:17:00 PM,3:17:57 PM,Globe Derby,SA,4,185003975,R4 1800m Pace M,185003976,Harness,1800,Pace,40061761,6,El Awoman,LOSER,44.11,LOSER,6.28,155.39,50,26,44,37.39,94.02,720,28,720,129.41,11.05,116.54,4.2,4,4,4.11,40,34,42,1.03,0.98
5/07/2021,3:17:00 PM,3:17:57 PM,Globe Derby,SA,4,185003975,R4 1800m Pace M,185003976,Harness,1800,Pace,39539524,7,Ballotelli,LOSER,262.8,LOSER,556.99,30.44,360,110,270,201.75,16.86,720,170,720,495.15,1.04,0.13,940,50,200,526.21,0.14,160,360,1.03,0.98
5/07/2021,3:17:00 PM,3:17:57 PM,Globe Derby,SA,4,185003975,R4 1800m Pace M,185003976,Harness,1800,Pace,28315076,8,Blacktop Rock,LOSER,2.42,WINNER,1.24,1789.46,2.14,1.59,2.08,1.91,7550.87,340,1.55,340,4.66,1529.18,1477.61,1.26,1.14,1.2,1.21,1262.61,1.88,1.92,1.03,0.98
5/07/2021,3:17:00 PM,3:17:57 PM,Globe Derby,SA,4,185003975,R4 1800m Pace M,185003976,Harness,1800,Pace,40061762,9,Stylish Heaven,LOSER,4.6,WINNER,1.47,912.45,9,4.2,4.4,4.58,2935.67,720,2.46,720,12.26,258.05,754.84,1.77,1.46,1.59,1.57,239.5,4.9,5.3,1.03,0.98
5/07/2021,3:55:00 PM,3:55:59 PM,Globe Derby,SA,5,185003977,R5 1800m Pace M,185003978,Harness,1800,Pace,26910899,1,Miss Heston,LOSER,38,LOSER,7.15,113.11,50,18,38,30.82,231.22,720,18,720,60.18,49.97,179.99,5.7,5.3,5.4,5.4,42.74,38,50,1.02,0.98
5/07/2021,3:55:00 PM,3:55:59 PM,Globe Derby,SA,5,185003977,R5 1800m Pace M,185003978,Harness,1800,Pace,39689759,2,Jaydes Terror,LOSER,41.76,WINNER,7.07,146.66,50,34,42,43.58,103.01,720,2.1,720,15.54,506.86,276.83,,,,,,40,42,1.02,0.98
5/07/2021,3:55:00 PM,3:55:59 PM,Globe Derby,SA,5,185003977,R5 1800m Pace M,185003978,Harness,1800,Pace,18258978,3,Happy Max,LOSER,8.8,LOSER,2.36,598.69,25,8.4,8.6,10.33,1652.2,1000,8,100,14.46,276.7,874.6,2.78,2.18,2.4,2.36,636.13,9.4,9.6,1.02,0.98
5/07/2021,3:55:00 PM,3:55:59 PM,Globe Derby,SA,5,185003977,R5 1800m Pace M,185003978,Harness,1800,Pace,24444075,4,Major Mad,LOSER,120,WINNER,8.8,48.01,120,60,120,90.89,100.24,960,13.5,210,56.08,70.85,9.81,8.8,8.8,8.8,8.8,0.17,75,80,1.02,0.98
5/07/2021,3:55:00 PM,3:55:59 PM,Globe Derby,SA,5,185003977,R5 1800m Pace M,185003978,Harness,1800,Pace,28252224,5,Justanextragrand,WINNER,2.46,WINNER,1.69,2147.49,4.9,2.46,2.5,2.7,7060.27,85,1.01,1.01,1.64,6371.23,1173.84,1.45,1.26,1.4,1.34,578.58,2.56,2.6,1.02,0.98
5/07/2021,3:55:00 PM,3:55:59 PM,Globe Derby,SA,5,185003977,R5 1800m Pace M,185003978,Harness,1800,Pace,39098785,6,Whistle On By,LOSER,71.89,LOSER,9.57,135.05,360,65,70,82.02,122.93,850,2.42,200,10.04,196.55,65.23,,,,,,70,75,1.02,0.98
5/07/2021,3:55:00 PM,3:55:59 PM,Globe Derby,SA,5,185003977,R5 1800m Pace M,185003978,Harness,1800,Pace,35383007,7,Mods,LOSER,895.85,LOSER,60,12.9,910,350,570,411.08,20.11,1000,580,1000,940.13,5.65,9.95,,,,,,380,880,1.02,0.98
5/07/2021,3:55:00 PM,3:55:59 PM,Globe Derby,SA,5,185003977,R5 1800m Pace M,185003978,Harness,1800,Pace,39989678,8,Our Holla Star,LOSER,3.81,LOSER,1.51,1502.7,4.3,1.99,3.7,3.55,4930.43,720,1.19,140,2.57,1491.79,730.14,1.63,1.41,1.49,1.47,346.63,3.45,3.6,1.02,0.98
5/07/2021,3:55:00 PM,3:55:59 PM,Globe Derby,SA,5,185003977,R5 1800m Pace M,185003978,Harness,1800,Pace,24266548,9,Power Pass,LOSER,7.65,LOSER,2.25,800.83,7.4,3.85,7,5.25,1697.74,720,3.75,720,15.79,259.44,705.98,2.16,1.63,1.86,2.02,229.82,6.4,6.8,1.02,0.98
5/07/2021,4:33:00 PM,4:33:51 PM,Globe Derby,SA,6,185003979,R6 1800m Pace M,185003980,Harness,1800,Pace,2019002,1,Absolution,WINNER,2.67,WINNER,1.37,1676.56,4.1,2.42,2.76,2.97,4414.62,5,1.01,1.01,1.71,3810.13,943.73,1.53,1.29,1.32,1.34,761.88,2.98,3.1,1.04,0.98
5/07/2021,4:33:00 PM,4:33:51 PM,Globe Derby,SA,6,185003979,R6 1800m Pace M,185003980,Harness,1800,Pace,12632969,2,James Charles,LOSER,26.99,LOSER,5.95,73.56,44,11.5,26,18.92,230.1,720,3.1,490,25.31,105.37,151.08,4,3.55,4,3.8,26.89,19.5,21,1.04,0.98
5/07/2021,4:33:00 PM,4:33:51 PM,Globe Derby,SA,6,185003979,R6 1800m Pace M,185003980,Harness,1800,Pace,9406776,3,Celestial Daybreak,LOSER,38,WINNER,359,106.2,90,50,85,64.35,65.88,720,10,300,37.21,238.98,,8.2,8.2,8.2,8.2,4.84,50,60,1.04,0.98
5/07/2021,4:33:00 PM,4:33:51 PM,Globe Derby,SA,6,185003979,R6 1800m Pace M,185003980,Harness,1800,Pace,9783389,4,Snapper Rocks,LOSER,44.81,LOSER,367.45,104.67,90,30,38,55.42,118.06,940,13.5,940,92.25,70.83,,11,7.4,7.6,7.61,14.14,60,80,1.04,0.98
5/07/2021,4:33:00 PM,4:33:51 PM,Globe Derby,SA,6,185003979,R6 1800m Pace M,185003980,Harness,1800,Pace,19381803,6,Our Mate Mick,LOSER,376.66,LOSER,72.63,7.25,360,160,330,252.21,43.03,720,360,720,401.55,8.18,23.42,14.5,14.5,14.5,14.5,0.88,220,280,1.04,0.98
5/07/2021,4:33:00 PM,4:33:51 PM,Globe Derby,SA,6,185003979,R6 1800m Pace M,185003980,Harness,1800,Pace,1067715,7,Miradero,LOSER,77.02,LOSER,347.75,51.64,70,42,60,51.83,43.32,930,60,760,155.54,18.04,,7.6,7.6,7.6,7.6,1.69,46,48,1.04,0.98
5/07/2021,4:33:00 PM,4:33:51 PM,Globe Derby,SA,6,185003979,R6 1800m Pace M,185003980,Harness,1800,Pace,27922112,8,Bronski Macarena,LOSER,34,LOSER,9,178.33,34,16.5,34,25.22,231.64,720,34,720,64.82,63.72,58.67,9,3.2,4.6,4.49,154.74,23,18,1.04,0.98
5/07/2021,4:33:00 PM,4:33:51 PM,Globe Derby,SA,6,185003979,R6 1800m Pace M,185003980,Harness,1800,Pace,38483951,9,Overrated,LOSER,13.5,LOSER,2.84,500.58,13.5,7.4,12.5,11.47,796.24,720,8.8,720,21.43,184.13,1081.97,3.3,2.5,2.88,2.95,471.25,12,12.5,1.04,0.98
5/07/2021,4:33:00 PM,4:33:51 PM,Globe Derby,SA,6,185003979,R6 1800m Pace M,185003980,Harness,1800,Pace,25979887,10,Alimonie,LOSER,6,LOSER,2.33,526.73,16.5,5.6,5.8,6.53,1356.94,720,5.7,720,16.23,81.24,302.19,1.88,1.85,1.85,1.88,43.67,6.6,7,1.04,0.98
5/07/2021,4:33:00 PM,4:33:51 PM,Globe Derby,SA,6,185003979,R6 1800m Pace M,185003980,Harness,1800,Pace,39610829,11,Sporty Frank,LOSER,3.47,WINNER,4.74,799.34,4,3.05,3.3,3.52,2352.74,720,1.33,490,3.41,491.29,179.68,2.48,1.48,2.24,1.76,150.54,3.25,3.55,1.04,0.98
5/07/2021,5:11:00 PM,5:12:34 PM,Globe Derby,SA,7,185003981,R7 2230m Pace M,185003982,Harness,2230,Pace,22396833,1,Martys Party,LOSER,6.37,LOSER,1.56,1354.77,7.6,3.15,6.2,3.92,7315.75,1000,4,1000,11.88,1184.61,772.97,1.76,1.46,1.64,1.58,3016.96,3.3,3.4,1.02,0.98
5/07/2021,5:11:00 PM,5:12:34 PM,Globe Derby,SA,7,185003981,R7 2230m Pace M,185003982,Harness,2230,Pace,4272495,2,Shadow Hunter,LOSER,4.24,WINNER,1.64,1864.79,5.9,3.35,3.5,4.68,2643.26,720,2.74,210,6.69,294.32,559.5,2.12,1.6,1.6,1.69,739.94,5.2,5.4,1.02,0.98
5/07/2021,5:11:00 PM,5:12:34 PM,Globe Derby,SA,7,185003981,R7 2230m Pace M,185003982,Harness,2230,Pace,19486644,3,Master Caribbean,WINNER,3.66,WINNER,1.62,1225.32,5,3.5,3.65,3.98,2823.45,3.85,1.01,1.01,1.58,3851.04,752.01,1.92,1.59,1.59,1.69,138.44,3.95,4,1.02,0.98
5/07/2021,5:11:00 PM,5:12:34 PM,Globe Derby,SA,7,185003981,R7 2230m Pace M,185003982,Harness,2230,Pace,22462064,4,Masonjon,LOSER,31.41,LOSER,5.8,101.04,48,26,26,30.32,198.8,920,30,250,152.53,11.27,284.42,,,,,,32,34,1.02,0.98
5/07/2021,5:11:00 PM,5:12:34 PM,Globe Derby,SA,7,185003981,R7 2230m Pace M,185003982,Harness,2230,Pace,8530335,5,Arrokeefe,LOSER,189.21,LOSER,24,17.41,200,110,120,143.65,99.8,720,110,720,239.28,3.99,40.38,,,,,,110,130,1.02,0.98
5/07/2021,5:11:00 PM,5:12:34 PM,Globe Derby,SA,7,185003981,R7 2230m Pace M,185003982,Harness,2230,Pace,9079122,6,The Octagon,LOSER,697.07,LOSER,42,10.13,400,150,260,235.18,42.18,940,400,840,698.27,2.78,9.95,,,,,,150,180,1.02,0.98
5/07/2021,5:11:00 PM,5:12:34 PM,Globe Derby,SA,7,185003981,R7 2230m Pace M,185003982,Harness,2230,Pace,17441060,7,Springfield Desire,LOSER,654.86,LOSER,65,15.11,440,190,240,258.09,22.44,780,440,580,654.5,15.25,9.94,,,,,,290,330,1.02,0.98
5/07/2021,5:11:00 PM,5:12:34 PM,Globe Derby,SA,7,185003981,R7 2230m Pace M,185003982,Harness,2230,Pace,17344354,8,Brohart,LOSER,38,LOSER,6.23,138.14,48,30,40,40.86,172.02,720,38,720,86.05,13.01,170.25,7.4,5.2,5.4,5.3,54.6,38,46,1.02,0.98
5/07/2021,5:11:00 PM,5:12:34 PM,Globe Derby,SA,7,185003981,R7 2230m Pace M,185003982,Harness,2230,Pace,23709662,9,Georgie Mae,LOSER,19.6,LOSER,4.59,417.52,28,10.5,20,21.52,442.58,720,10,720,22.67,110.06,314.29,,,,,,22,25,1.02,0.98
5/07/2021,5:11:00 PM,5:12:34 PM,Globe Derby,SA,7,185003981,R7 2230m Pace M,185003982,Harness,2230,Pace,40061764,10,Bottle Rock,LOSER,6.21,WINNER,2.1,845.68,7.4,3.75,6.6,5.76,3061.28,720,5.9,280,20.55,69.77,576.23,2.1,1.79,2.08,1.97,207.26,6.6,7,1.02,0.98
5/07/2021,5:44:00 PM,5:44:46 PM,Globe Derby,SA,8,185003983,R8 1800m Pace M,185003984,Harness,1800,Pace,12955294,1,Marjorie Jean,LOSER,18,LOSER,3,190.53,24,14,17.5,16.48,486.74,720,8.2,490,23.34,198.05,605.3,3.6,2.88,2.9,3.34,143.46,14.5,15.5,1.03,0.97
5/07/2021,5:44:00 PM,5:44:46 PM,Globe Derby,SA,8,185003983,R8 1800m Pace M,185003984,Harness,1800,Pace,12140876,2,Karmic Fire,LOSER,23,LOSER,5.79,222.48,55,19.5,25,24.76,387.57,910,40,910,122.95,16.11,294.36,5,4.7,4.7,4.85,20.35,21,25,1.03,0.97
5/07/2021,5:44:00 PM,5:44:46 PM,Globe Derby,SA,8,185003983,R8 1800m Pace M,185003984,Harness,1800,Pace,17887093,3,Longtan Cassanova,LOSER,8.4,WINNER,2.59,444.58,17.5,8.6,8.6,10.87,873.55,480,7,140,22.48,70.9,870.37,3.05,2.58,2.66,2.6,8.59,10,11,1.03,0.97
5/07/2021,5:44:00 PM,5:44:46 PM,Globe Derby,SA,8,185003983,R8 1800m Pace M,185003984,Harness,1800,Pace,13309959,4,Giant Jackson,LOSER,1000,LOSER,55,7.31,1000,130,680,371.24,88.58,,,,,,9.93,55,55,55,55,33.11,220,560,1.03,0.97
5/07/2021,5:44:00 PM,5:44:46 PM,Globe Derby,SA,8,185003983,R8 1800m Pace M,185003984,Harness,1800,Pace,11866251,5,Pay Me Interest,LOSER,8.8,LOSER,3.36,540.2,8.6,5.8,8.4,7.92,732.01,490,7,290,17.57,82.15,490.97,2.78,2.54,2.76,2.7,129.91,8.2,8.4,1.03,0.97
5/07/2021,5:44:00 PM,5:44:46 PM,Globe Derby,SA,8,185003983,R8 1800m Pace M,185003984,Harness,1800,Pace,21051052,6,Sabreur,LOSER,217.59,LOSER,13.5,42.83,170,46,170,113.2,36.47,1000,6,80,94.39,46.52,8.01,14,12.5,14,13.45,13.45,120,130,1.03,0.97
5/07/2021,5:44:00 PM,5:44:46 PM,Globe Derby,SA,8,185003983,R8 1800m Pace M,185003984,Harness,1800,Pace,21530523,7,Captain Mannering,LOSER,3.78,LOSER,1.67,937.1,4.4,3.5,3.85,3.77,4821.43,720,2.9,140,12.37,223.6,1016.35,1.79,1.6,1.76,1.66,61.18,3.7,3.9,1.03,0.97
5/07/2021,5:44:00 PM,5:44:46 PM,Globe Derby,SA,8,185003983,R8 1800m Pace M,185003984,Harness,1800,Pace,17980180,8,Semiramide,LOSER,46.33,LOSER,7.25,126.51,60,21,55,39.04,79.93,720,1.77,720,7.67,415.82,63.05,9.6,7.2,7.4,7.35,55.61,46,50,1.03,0.97
5/07/2021,5:44:00 PM,5:44:46 PM,Globe Derby,SA,8,185003983,R8 1800m Pace M,185003984,Harness,1800,Pace,21754577,9,Uncle Leo,WINNER,3.31,WINNER,1.64,1649.36,3.6,2.46,3.35,3.05,4617.05,4.5,1.01,1.01,1.64,2400.91,1014.08,1.58,1.4,1.5,1.44,19.71,3.3,3.4,1.03,0.97
5/07/2021,5:44:00 PM,5:44:46 PM,Globe Derby,SA,8,185003983,R8 1800m Pace M,185003984,Harness,1800,Pace,17020549,10,Clarenden Hustler,LOSER,9.6,WINNER,2.67,725.56,20,10,10,13.29,453.96,280,1.8,190,10.33,257,856.45,2.96,2.36,2.96,2.89,8.89,12,12.5,1.03,0.97
5/07/2021,1:21:00 PM,1:22:04 PM,Newcastle,NSW,1,185001583,R1 1609m Pace M,185001584,Harness,1609,Pace,16856598,1,Ladyfeelgood,LOSER,1000,LOSER,,19.58,1000,140,1000,519.81,31.71,1000,1000,1000,1000,3.95,,906.91,14.28,29.4,250.02,0.51,250,410,1.01,0.99
5/07/2021,1:21:00 PM,1:22:04 PM,Newcastle,NSW,1,185001583,R1 1609m Pace M,185001584,Harness,1609,Pace,27472939,2,Jilliby Gypsy,LOSER,140,LOSER,,23.35,140,25,140,49.04,109.2,720,65,720,152.39,5.39,,2.61,2.23,2.28,2.33,524.65,80,90,1.01,0.99
5/07/2021,1:21:00 PM,1:22:04 PM,Newcastle,NSW,1,185001583,R1 1609m Pace M,185001584,Harness,1609,Pace,40061750,3,Sweet Rippin,LOSER,456.13,WINNER,,23.15,720,120,340,262.09,23.54,990,370,990,464.81,13.19,,6.68,6.68,6.68,6.68,15,240,300,1.01,0.99
5/07/2021,1:21:00 PM,1:22:04 PM,Newcastle,NSW,1,185001583,R1 1609m Pace M,185001584,Harness,1609,Pace,1352055,4,Savannahs Boy,LOSER,374.07,LOSER,,12.91,380,110,330,270.27,27.8,980,320,980,384.59,3.57,,5.31,4.94,5.31,5.01,50,300,370,1.01,0.99
5/07/2021,1:21:00 PM,1:22:04 PM,Newcastle,NSW,1,185001583,R1 1609m Pace M,185001584,Harness,1609,Pace,40061751,5,Chappy Streetnorth,WINNER,1.08,WINNER,,5163.26,1.4,1.07,1.07,1.1,35378,1.08,1.01,1.01,1.03,5163.57,,1.1,1.03,1.05,1.05,1147.62,1.08,1.09,1.01,0.99
5/07/2021,1:21:00 PM,1:22:04 PM,Newcastle,NSW,1,185001583,R1 1609m Pace M,185001584,Harness,1609,Pace,19463919,6,Robyn Taylor,LOSER,258.52,LOSER,,28.01,260,75,260,175.76,22.3,980,720,980,913.62,0.23,,4.66,4.66,4.66,4.66,5,210,230,1.01,0.99
5/07/2021,1:21:00 PM,1:22:04 PM,Newcastle,NSW,1,185001583,R1 1609m Pace M,185001584,Harness,1609,Pace,12730226,7,Write About Her,LOSER,100,WINNER,,71.59,95,29,95,62.89,77.66,720,100,720,234.1,1.24,,3.75,2.74,2.74,2.83,859.19,65,75,1.01,0.99
5/07/2021,1:21:00 PM,1:22:04 PM,Newcastle,NSW,1,185001583,R1 1609m Pace M,185001584,Harness,1609,Pace,17684520,8,Connerman,LOSER,420,LOSER,,12.94,420,130,420,278.12,16.43,980,360,980,449.16,3.66,,,,,,,220,310,1.01,0.99
5/07/2021,1:21:00 PM,1:22:04 PM,Newcastle,NSW,1,185001583,R1 1609m Pace M,185001584,Harness,1609,Pace,8358147,10,A Good Ideal,LOSER,32,LOSER,,167.72,32,14,30,24.24,298.26,910,32,780,105.17,29.87,,1.77,1.41,1.5,1.53,369.1,27,29,1.01,0.99
5/07/2021,1:55:00 PM,1:55:33 PM,Newcastle,NSW,2,185001585,R2 1609m Pace M,185001586,Harness,1609,Pace,39508110,1,Im Plain Jane,LOSER,85,LOSER,,55.87,140,50,110,76.5,80.9,720,55,720,129.97,7.77,,5.1,4,4,4.49,250,75,80,1.03,0.99
5/07/2021,1:55:00 PM,1:55:33 PM,Newcastle,NSW,2,185001585,R2 1609m Pace M,185001586,Harness,1609,Pace,36105160,2,Melati Boy,LOSER,85,LOSER,,40.45,85,55,85,67.37,26.26,770,85,770,179.18,10.71,,6.4,6.4,6.4,6.4,40,75,80,1.03,0.99
5/07/2021,1:55:00 PM,1:55:33 PM,Newcastle,NSW,2,185001585,R2 1609m Pace M,185001586,Harness,1609,Pace,38514638,3,Major Noah William,LOSER,194.14,LOSER,,10.5,320,55,320,230.26,12.35,990,700,990,772.72,0.73,,8,8,8,8,42.63,160,200,1.03,0.99
5/07/2021,1:55:00 PM,1:55:33 PM,Newcastle,NSW,2,185001585,R2 1609m Pace M,185001586,Harness,1609,Pace,40061752,4,What Now Shannon,WINNER,1.43,WINNER,,2704.93,2.36,1.46,1.46,1.51,7305.1,1.46,1.01,1.01,1.15,2533.31,,1.22,1.08,1.1,1.12,409.32,1.48,1.5,1.03,0.99
5/07/2021,1:55:00 PM,1:55:33 PM,Newcastle,NSW,2,185001585,R2 1609m Pace M,185001586,Harness,1609,Pace,31196813,5,Mannho,LOSER,4.8,WINNER,,761.9,7,4.7,4.8,5.34,1219.43,880,4.7,720,10.54,356.18,,1.62,1.44,1.62,1.47,477.85,4.8,5.1,1.03,0.99
5/07/2021,1:55:00 PM,1:55:33 PM,Newcastle,NSW,2,185001585,R2 1609m Pace M,185001586,Harness,1609,Pace,40061753,6,Talk About Art,LOSER,48,LOSER,,66.01,80,23,50,54.33,30.11,980,46,280,239.61,12.86,,,,,,,60,70,1.03,0.99
5/07/2021,1:55:00 PM,1:55:33 PM,Newcastle,NSW,2,185001585,R2 1609m Pace M,185001586,Harness,1609,Pace,39859073,7,Our Tempo,LOSER,77.49,LOSER,,57.42,170,65,80,99.01,13.38,720,100,480,228.96,2.64,,5.8,5.8,5.8,5.8,0.17,90,150,1.03,0.99
5/07/2021,1:55:00 PM,1:55:33 PM,Newcastle,NSW,2,185001585,R2 1609m Pace M,185001586,Harness,1609,Pace,39508112,8,Wicklow Warrior,LOSER,110.1,LOSER,,20.66,150,70,140,119.14,12.03,790,95,790,140.96,13.65,,,,,,,110,150,1.03,0.99
5/07/2021,1:55:00 PM,1:55:33 PM,Newcastle,NSW,2,185001585,R2 1609m Pace M,185001586,Harness,1609,Pace,39170187,9,Cruisen On Bye,LOSER,210,LOSER,,8.87,320,70,310,215.35,25.75,940,210,940,353.58,4.9,,30,30,30,30,2,130,210,1.03,0.99
5/07/2021,1:55:00 PM,1:55:33 PM,Newcastle,NSW,2,185001585,R2 1609m Pace M,185001586,Harness,1609,Pace,40061754,10,Shezabluechip,LOSER,14.71,WINNER,,160.18,20,5.7,20,14.52,229.62,200,11.5,200,28.41,45.09,,2.04,1.75,2.04,2.04,15.17,14.5,15.5,1.03,0.99
5/07/2021,2:34:00 PM,2:34:40 PM,Newcastle,NSW,3,185001587,R3 1609m Pace M,185001588,Harness,1609,Pace,37258840,1,Pebble Rock,LOSER,44.42,LOSER,,98.28,55,28,55,35.96,52.7,980,50,980,104.4,13.75,,5.3,5.3,5.3,5.3,8,32,36,1.05,0.95
5/07/2021,2:34:00 PM,2:34:40 PM,Newcastle,NSW,3,185001587,R3 1609m Pace M,185001588,Harness,1609,Pace,25018199,2,Ashincharge,LOSER,280,LOSER,,28.73,480,110,480,258.88,6.06,990,280,700,310.36,10.6,,,,,,,290,390,1.05,0.95
5/07/2021,2:34:00 PM,2:34:40 PM,Newcastle,NSW,3,185001587,R3 1609m Pace M,185001588,Harness,1609,Pace,3396919,3,Smiling,LOSER,3.29,WINNER,,1399.66,9,3.15,3.15,4.02,5767.67,720,2.94,710,7.82,204.86,,2.12,1.6,1.6,1.78,70.05,3.45,3.75,1.05,0.95
5/07/2021,2:34:00 PM,2:34:40 PM,Newcastle,NSW,3,185001587,R3 1609m Pace M,185001588,Harness,1609,Pace,9618418,4,Apollon,LOSER,18.5,LOSER,,233.06,19,6.8,19,12.27,479.28,780,18.5,190,60.43,20.7,,2.18,2.18,2.18,2.18,12.85,14,17.5,1.05,0.95
5/07/2021,2:34:00 PM,2:34:40 PM,Newcastle,NSW,3,185001587,R3 1609m Pace M,185001588,Harness,1609,Pace,22290734,5,Shes Heavenly,LOSER,12,LOSER,,426.79,25,11.5,12.5,13.4,415.95,780,5.9,780,22.39,72.55,,,,,,,11.5,12.5,1.05,0.95
5/07/2021,2:34:00 PM,2:34:40 PM,Newcastle,NSW,3,185001587,R3 1609m Pace M,185001588,Harness,1609,Pace,20948248,6,Whosaginger,LOSER,22.48,LOSER,,201.18,30,14,26,22.9,202.5,720,8,300,14.14,163.62,,5.6,5.6,5.6,5.6,3.16,23,28,1.05,0.95
5/07/2021,2:34:00 PM,2:34:40 PM,Newcastle,NSW,3,185001587,R3 1609m Pace M,185001588,Harness,1609,Pace,12084807,7,Moonlight Cruiser,LOSER,14.78,LOSER,,278.98,30,12.5,15.5,14.14,440.02,990,14,990,76.87,55.44,,,,,,,13.5,16.5,1.05,0.95
5/07/2021,2:34:00 PM,2:34:40 PM,Newcastle,NSW,3,185001587,R3 1609m Pace M,185001588,Harness,1609,Pace,12728655,8,Rory Mclory,LOSER,83.97,LOSER,,66.01,110,50,90,75.04,34.75,980,110,720,366.13,1.06,,,,,,,70,75,1.05,0.95
5/07/2021,2:34:00 PM,2:34:40 PM,Newcastle,NSW,3,185001587,R3 1609m Pace M,185001588,Harness,1609,Pace,14120198,9,Dothedealdylan,LOSER,5.98,WINNER,,850.23,6.2,5,6,5.63,764.09,30,2.04,30,4.35,299.47,,2.26,2.26,2.26,2.26,5.69,5.4,5.8,1.05,0.95
5/07/2021,2:34:00 PM,2:34:40 PM,Newcastle,NSW,3,185001587,R3 1609m Pace M,185001588,Harness,1609,Pace,19283335,10,Nifty Studleigh,WINNER,4.1,WINNER,,1223.02,5,2.66,4.1,4.04,2272.19,4.1,1.03,1.03,2.1,1138.06,,2.04,1.76,1.76,2.04,507.47,3.95,4.2,1.05,0.95
5/07/2021,3:10:00 PM,3:10:29 PM,Newcastle,NSW,4,185001589,R4 1609m Pace M,185001590,Harness,1609,Pace,25091523,1,Sweet Creation,LOSER,111.02,LOSER,,28.11,160,48,150,92.27,129.23,940,38,780,120.83,23.98,,13,6.2,7.6,7.47,232.64,130,140,1.03,0.99
5/07/2021,3:10:00 PM,3:10:29 PM,Newcastle,NSW,4,185001589,R4 1609m Pace M,185001590,Harness,1609,Pace,12693357,2,Sunday Sesh,LOSER,32,LOSER,,138.39,160,29,32,35.62,114.18,920,32,920,103.62,25.34,,4.4,3.35,3.65,4.12,82.16,30,32,1.03,0.99
5/07/2021,3:10:00 PM,3:10:29 PM,Newcastle,NSW,4,185001589,R4 1609m Pace M,185001590,Harness,1609,Pace,25284754,3,La La Bron,LOSER,1.8,WINNER,,3228.35,2.62,1.66,1.78,1.76,11814.1,48,1.68,3,2.26,1915.86,,1.17,1.12,1.17,1.15,250.7,1.77,1.79,1.03,0.99
5/07/2021,3:10:00 PM,3:10:29 PM,Newcastle,NSW,4,185001589,R4 1609m Pace M,185001590,Harness,1609,Pace,38947364,5,Baby Ginnie,LOSER,8.4,WINNER,,539.5,16,6.2,8,10.93,746.72,11,1.23,1.23,2.59,514.53,,2.18,2.18,2.18,2.18,7.67,8,8.2,1.03,0.99
5/07/2021,3:10:00 PM,3:10:29 PM,Newcastle,NSW,4,185001589,R4 1609m Pace M,185001590,Harness,1609,Pace,39594459,6,Tilly De Lil,LOSER,7.03,LOSER,,716.59,8.8,5,7,7.39,805.9,880,4.6,720,21.32,161.17,,2.18,1.73,1.95,1.86,347.03,7,7.2,1.03,0.99
5/07/2021,3:10:00 PM,3:10:29 PM,Newcastle,NSW,4,185001589,R4 1609m Pace M,185001590,Harness,1609,Pace,22153245,7,Brie,WINNER,14.5,WINNER,,333.32,40,12,15,13.96,455.41,19,6,9.4,7.85,97.23,,3.2,2.3,2.68,2.63,56.76,12,13,1.03,0.99
5/07/2021,3:10:00 PM,3:10:29 PM,Newcastle,NSW,4,185001589,R4 1609m Pace M,185001590,Harness,1609,Pace,35441626,9,Motu Sapphire,LOSER,19,LOSER,,315.31,20,5,16.5,9.68,435.25,780,4,780,68.25,19.46,,2.34,1.69,2.34,1.89,6.45,14.5,17,1.03,0.99
5/07/2021,3:48:00 PM,3:48:37 PM,Newcastle,NSW,5,185001591,R5 1609m Pace M,185001592,Harness,1609,Pace,37199498,1,Under Other,LOSER,45.48,WINNER,,101.78,85,48,50,62.51,112.06,780,16,780,38.11,40.3,,8.2,7.4,8.2,7.7,76.63,60,70,1.04,0.96
5/07/2021,3:48:00 PM,3:48:37 PM,Newcastle,NSW,5,185001591,R5 1609m Pace M,185001592,Harness,1609,Pace,40061755,2,Justlikeboomer,LOSER,682.44,LOSER,,30.05,990,340,350,447.45,75.74,750,310,310,654.38,2.17,,,,,,,550,710,1.04,0.96
5/07/2021,3:48:00 PM,3:48:37 PM,Newcastle,NSW,5,185001591,R5 1609m Pace M,185001592,Harness,1609,Pace,36331652,3,Duastar,LOSER,5.07,WINNER,,1002.68,7,4.6,5.1,5.14,1415.76,150,1.71,100,4.39,386.9,,2.24,1.78,2,1.93,53.07,4.9,5.2,1.04,0.96
5/07/2021,3:48:00 PM,3:48:37 PM,Newcastle,NSW,5,185001591,R5 1609m Pace M,185001592,Harness,1609,Pace,20602849,4,Louth Park Watch,LOSER,5.23,LOSER,,1233.86,5.5,3.8,5.3,4.71,1243.99,720,4.3,720,13.21,236.45,,2.02,1.7,2.02,1.91,61.81,4.6,4.9,1.04,0.96
5/07/2021,3:48:00 PM,3:48:37 PM,Newcastle,NSW,5,185001591,R5 1609m Pace M,185001592,Harness,1609,Pace,20725197,5,Itzexceptional,LOSER,30,LOSER,,217.78,40,16,30,25.84,618.74,780,21,780,54.2,49.47,,10.5,5.1,5.4,5.63,9.62,29,36,1.04,0.96
5/07/2021,3:48:00 PM,3:48:37 PM,Newcastle,NSW,5,185001591,R5 1609m Pace M,185001592,Harness,1609,Pace,8403866,6,Sky Operative,LOSER,12.62,LOSER,,395.42,21,12,13,13.75,636.75,780,8.6,720,31.67,82.34,,3,2.9,2.92,2.97,70,12.5,13.5,1.04,0.96
5/07/2021,3:48:00 PM,3:48:37 PM,Newcastle,NSW,5,185001591,R5 1609m Pace M,185001592,Harness,1609,Pace,18357102,7,Buckledown Buddy,LOSER,4.13,LOSER,,947.68,16,4.3,4.3,5.09,2376.49,720,4,720,11.72,224.41,,2.36,1.88,1.92,2.19,372.14,4.9,5.3,1.04,0.96
5/07/2021,3:48:00 PM,3:48:37 PM,Newcastle,NSW,5,185001591,R5 1609m Pace M,185001592,Harness,1609,Pace,24742790,8,Favouritehighlight,LOSER,18.96,LOSER,,229.35,21,6.6,21,15.82,346.2,780,2.08,780,13.44,216.23,,,,,,,18.5,20,1.04,0.96
5/07/2021,3:48:00 PM,3:48:37 PM,Newcastle,NSW,5,185001591,R5 1609m Pace M,185001592,Harness,1609,Pace,19931212,9,Cc Jones,WINNER,4.41,WINNER,,2366.19,6,3.4,4.8,4.6,1653.6,15,1.01,1.01,2.39,1440.62,,2.04,1.85,1.85,1.98,23.38,4.7,5.1,1.04,0.96
5/07/2021,3:48:00 PM,3:48:37 PM,Newcastle,NSW,5,185001591,R5 1609m Pace M,185001592,Harness,1609,Pace,8540835,10,Emerging Art,LOSER,98.5,LOSER,,52.22,120,80,110,99.46,71.44,870,34,720,150.25,5.15,,,,,,,85,100,1.04,0.96
5/07/2021,4:22:00 PM,4:22:31 PM,Newcastle,NSW,6,185001593,R6 2030m Pace M,185001594,Harness,2030,Pace,25311215,1,Classic Arc,LOSER,5.3,LOSER,,595.06,14,4.4,4.9,5.34,2317.03,720,2,720,6.65,358.17,,2.36,1.63,1.64,1.85,1207.53,4.5,5,1.05,0.97
5/07/2021,4:22:00 PM,4:22:31 PM,Newcastle,NSW,6,185001593,R6 2030m Pace M,185001594,Harness,2030,Pace,10944807,2,Zac Mccool,LOSER,581.38,LOSER,,20.3,810,310,760,394.52,14.62,770,350,480,450.49,8.75,,,,,,,430,470,1.05,0.97
5/07/2021,4:22:00 PM,4:22:31 PM,Newcastle,NSW,6,185001593,R6 2030m Pace M,185001594,Harness,2030,Pace,10402805,3,Max Power,LOSER,3.25,LOSER,,1366.94,3.95,1.75,3.45,2.95,5738.47,720,2.66,170,6.89,686.56,,1.68,1.11,1.68,1.41,180.31,3.65,3.85,1.05,0.97
5/07/2021,4:22:00 PM,4:22:31 PM,Newcastle,NSW,6,185001593,R6 2030m Pace M,185001594,Harness,2030,Pace,13283260,4,Tapthekeg,LOSER,27.58,LOSER,,158.06,28,14,28,22.95,143.9,720,10,150,44.09,17.37,,,,,,,24,26,1.05,0.97
5/07/2021,4:22:00 PM,4:22:31 PM,Newcastle,NSW,6,185001593,R6 2030m Pace M,185001594,Harness,2030,Pace,17773865,5,A Paradigm Shift,WINNER,3.78,WINNER,,763.39,6.6,3.3,3.65,3.73,2479.02,7,1.01,1.01,1.52,1393.92,,1.93,1.58,1.58,1.74,69.95,3.35,3.4,1.05,0.97
5/07/2021,4:22:00 PM,4:22:31 PM,Newcastle,NSW,6,185001593,R6 2030m Pace M,185001594,Harness,2030,Pace,8153659,6,Peggyville,LOSER,19.05,WINNER,,193.18,25,16.5,21,21.13,247.05,720,9.2,190,26.24,88.4,,,,,,,20,24,1.05,0.97
5/07/2021,4:22:00 PM,4:22:31 PM,Newcastle,NSW,6,185001593,R6 2030m Pace M,185001594,Harness,2030,Pace,12177440,7,Styx Vixen,LOSER,22,LOSER,,127.88,65,19.5,22,26.96,252.89,920,10.5,780,69.18,125.05,,,,,,,24,28,1.05,0.97
5/07/2021,4:22:00 PM,4:22:31 PM,Newcastle,NSW,6,185001593,R6 2030m Pace M,185001594,Harness,2030,Pace,546823,8,Sky Diamond,LOSER,33.32,LOSER,,245.16,50,14,40,32.4,183.91,720,7.2,720,36.89,120.42,,4.5,4.4,4.4,4.44,7.35,42,46,1.05,0.97
5/07/2021,4:22:00 PM,4:22:31 PM,Newcastle,NSW,6,185001593,R6 2030m Pace M,185001594,Harness,2030,Pace,11704755,9,Sultan Fella,LOSER,33.18,LOSER,,148.78,48,25,40,33.98,150.29,720,3.05,720,20.53,64.81,,5.6,2.92,4.5,3.23,1135.7,32,38,1.05,0.97
5/07/2021,4:22:00 PM,4:22:31 PM,Newcastle,NSW,6,185001593,R6 2030m Pace M,185001594,Harness,2030,Pace,16408066,10,Scotlynn Jiggs,LOSER,16.26,WINNER,,252.54,19.5,9.8,18,15.26,264.1,140,1.67,110,8.17,177.38,,2.88,2.74,2.88,2.8,106.77,16,18.5,1.05,0.97
5/07/2021,5:00:00 PM,5:02:30 PM,Newcastle,NSW,7,185001595,R7 1609m Pace M,185001596,Harness,1609,Pace,17729050,1,Yosemite,LOSER,11.51,LOSER,,561.23,16.5,5.2,10,9.86,2448.54,1000,9,1000,43.75,82.3,,2.42,1.66,2.3,1.9,1074.29,6.4,6.6,1.02,0.98
5/07/2021,5:00:00 PM,5:02:30 PM,Newcastle,NSW,7,185001595,R7 1609m Pace M,185001596,Harness,1609,Pace,17234874,2,Emm Aye Dee,LOSER,66.01,LOSER,,77.11,90,40,70,60.35,115.5,930,42,580,199.71,8.09,,9.2,8.4,8.4,8.7,100.6,70,75,1.02,0.98
5/07/2021,5:00:00 PM,5:02:30 PM,Newcastle,NSW,7,185001595,R7 1609m Pace M,185001596,Harness,1609,Pace,19965309,3,Mammals Riddle,LOSER,4.34,WINNER,,904.87,5.7,3.7,4.4,4.67,3723.14,880,4.2,880,6.9,338.36,,1.63,1.51,1.63,1.57,253.5,4.6,4.9,1.02,0.98
5/07/2021,5:00:00 PM,5:02:30 PM,Newcastle,NSW,7,185001595,R7 1609m Pace M,185001596,Harness,1609,Pace,8702828,5,Repartee,LOSER,12.34,LOSER,,265.37,15,6.6,12.5,11.99,992.62,890,12,890,60.48,47.53,,2.76,2.68,2.7,2.7,39.64,14,15,1.02,0.98
5/07/2021,5:00:00 PM,5:02:30 PM,Newcastle,NSW,7,185001595,R7 1609m Pace M,185001596,Harness,1609,Pace,11909226,6,Everything Happens,LOSER,18,LOSER,,296.54,25,15,17.5,17.53,714.6,1000,11,1000,63.53,63.68,,3.5,3.5,3.5,3.5,5.22,17.5,19.5,1.02,0.98
5/07/2021,5:00:00 PM,5:02:30 PM,Newcastle,NSW,7,185001595,R7 1609m Pace M,185001596,Harness,1609,Pace,13354281,7,Tulhurst Terror,LOSER,8.59,WINNER,,464.43,15,7.2,8.8,9,1281.14,880,14.5,880,34.03,75.74,,2.76,2.28,2.3,2.38,199.73,9.2,9.4,1.02,0.98
5/07/2021,5:00:00 PM,5:02:30 PM,Newcastle,NSW,7,185001595,R7 1609m Pace M,185001596,Harness,1609,Pace,17858905,8,Its Allabout Alice,WINNER,2.44,WINNER,,1501.32,5.9,2.34,2.48,2.65,9263.41,2.52,1.01,1.01,1.2,2644.75,,1.54,1.33,1.37,1.41,486.89,2.52,2.6,1.02,0.98
5/07/2021,5:33:00 PM,5:34:05 PM,Newcastle,NSW,8,185001597,R8 2030m Pace M,185001598,Harness,2030,Pace,22360881,1,Huey Lewis,LOSER,3.01,LOSER,,2226.17,4.1,2.62,3.1,2.98,3681.21,20,1.3,3,2.36,1318.1,,1.52,1.27,1.41,1.41,104.09,2.96,3.1,1.03,0.97
5/07/2021,5:33:00 PM,5:34:05 PM,Newcastle,NSW,8,185001597,R8 2030m Pace M,185001598,Harness,2030,Pace,13542898,2,Miss Ciriello,LOSER,4.4,LOSER,,1084.37,6,4.5,4.5,4.86,702.91,290,4.3,290,9.3,111.18,,1.89,1.56,1.74,1.74,90.83,4.9,5.1,1.03,0.97
5/07/2021,5:33:00 PM,5:34:05 PM,Newcastle,NSW,8,185001597,R8 2030m Pace M,185001598,Harness,2030,Pace,22213027,3,Wet My Whistle,LOSER,7.91,LOSER,,424.23,18,7.4,8,10.26,1793.25,170,7.8,100,21.05,62.13,,2.64,2.24,2.24,2.36,35.69,7.8,8.8,1.03,0.97
5/07/2021,5:33:00 PM,5:34:05 PM,Newcastle,NSW,8,185001597,R8 2030m Pace M,185001598,Harness,2030,Pace,26067722,4,Yesnomaybeso,LOSER,55,WINNER,,92.71,70,36,65,54.92,104.4,300,25,300,46.57,18.21,,6.8,6,6.2,6.52,82.81,50,70,1.03,0.97
5/07/2021,5:33:00 PM,5:34:05 PM,Newcastle,NSW,8,185001597,R8 2030m Pace M,185001598,Harness,2030,Pace,13258650,5,Western Heir,WINNER,7.72,WINNER,,860.61,8.2,3.6,8,6.97,695.25,24,1.1,2.24,5.55,263.97,,,,,,,7.6,7.8,1.03,0.97
5/07/2021,5:33:00 PM,5:34:05 PM,Newcastle,NSW,8,185001597,R8 2030m Pace M,185001598,Harness,2030,Pace,20031717,6,Glenn Ford,LOSER,7.01,LOSER,,555.65,9,5.5,6.8,7.02,732.71,170,7,100,13.53,84.35,,2.34,1.98,2.1,2.07,28.32,6.2,6.6,1.03,0.97
5/07/2021,5:33:00 PM,5:34:05 PM,Newcastle,NSW,8,185001597,R8 2030m Pace M,185001598,Harness,2030,Pace,5415927,7,Regal Rock,LOSER,18.89,WINNER,,262.32,32,20,21,23.07,427.95,75,13,75,28.86,43.99,,4.2,3.65,3.65,3.95,120.47,20,21,1.03,0.97
5/07/2021,1:51:00 PM,1:51:39 PM,Pinjarra,WA,1,185004410,R1 1684m Pace M,185004411,Harness,1684,Pace,40061816,1,Swingband,WINNER,2.54,WINNER,1.49,1791.93,3.1,2.08,2.46,2.7,3979.86,3.5,1.01,1.01,1.69,1255.38,1011.03,1.52,1.35,1.5,1.44,46.01,2.8,2.86,1.01,0.98
5/07/2021,1:51:00 PM,1:51:39 PM,Pinjarra,WA,1,185004410,R1 1684m Pace M,185004411,Harness,1684,Pace,39989761,3,Hokulani,LOSER,34.45,LOSER,10.69,133.09,38,9.6,38,14.44,880.52,900,17.5,900,116.32,20.47,42.72,16,8.4,16,10.74,0.3,29,32,1.01,0.98
5/07/2021,1:51:00 PM,1:51:39 PM,Pinjarra,WA,1,185004410,R1 1684m Pace M,185004411,Harness,1684,Pace,40061818,4,Wall Street Girl,LOSER,29.51,LOSER,7.45,148.88,29,9.4,28,20.98,474.56,900,29,780,89.07,28.6,214.41,5.3,5,5.2,5.07,20,25,26,1.01,0.98
5/07/2021,1:51:00 PM,1:51:39 PM,Pinjarra,WA,1,185004410,R1 1684m Pace M,185004411,Harness,1684,Pace,40061819,5,Ima Socialite,LOSER,11,LOSER,5.25,571.64,24,10,11.5,12.07,872.38,720,6.6,720,11.62,202.95,276.71,3.85,3.85,3.85,3.85,9.18,10.5,11.5,1.01,0.98
5/07/2021,1:51:00 PM,1:51:39 PM,Pinjarra,WA,1,185004410,R1 1684m Pace M,185004411,Harness,1684,Pace,40061820,6,Torrevean Amy,LOSER,87.69,WINNER,18,76.49,140,70,95,90.04,84.96,720,22,720,81.79,27.3,91.45,12.5,11.5,11.5,12.14,22,85,90,1.01,0.98
5/07/2021,1:51:00 PM,1:51:39 PM,Pinjarra,WA,1,185004410,R1 1684m Pace M,185004411,Harness,1684,Pace,39326161,7,Paul Edward,LOSER,2.35,LOSER,1.38,2072.45,3.25,2.06,2.32,2.25,8929.11,720,1.95,690,2.82,533.19,1206.47,1.52,1.32,1.36,1.37,73.53,2.1,2.14,1.01,0.98
5/07/2021,2:25:00 PM,2:25:24 PM,Pinjarra,WA,2,185004412,R2 2185m Pace M,185004413,Harness,2185,Pace,40061821,1,Diamond Daze,WINNER,5.54,WINNER,1.85,1033.52,15.5,5.5,5.6,7.63,2247.93,13.5,1.01,1.01,1.76,2694.59,588.42,2.32,1.9,1.9,1.95,323.85,6.4,6.8,1.03,0.98
5/07/2021,2:25:00 PM,2:25:24 PM,Pinjarra,WA,2,185004412,R2 2185m Pace M,185004413,Harness,2185,Pace,39456238,2,Fleur Du Maquis,LOSER,40.99,LOSER,6.26,147.8,80,40,40,48.79,56.31,720,36,720,113.89,18.74,10,6.4,6.2,6.2,6.26,9.98,48,50,1.03,0.98
5/07/2021,2:25:00 PM,2:25:24 PM,Pinjarra,WA,2,185004412,R2 2185m Pace M,185004413,Harness,2185,Pace,40061822,3,Rona May,LOSER,4.97,WINNER,1.97,1393.94,5.9,3.95,5.1,5.25,1263.21,110,2,110,11.06,63.77,419.38,1.89,1.72,1.73,1.73,280.49,5.3,5.7,1.03,0.98
5/07/2021,2:25:00 PM,2:25:24 PM,Pinjarra,WA,2,185004412,R2 2185m Pace M,185004413,Harness,2185,Pace,30463851,4,Lil Delight,LOSER,19.5,LOSER,5.49,256.34,55,19.5,19.5,28.19,292.69,1000,16.5,1000,132.82,26.19,336.4,6,6,6,6,4.73,21,22,1.03,0.98
5/07/2021,2:25:00 PM,2:25:24 PM,Pinjarra,WA,2,185004412,R2 2185m Pace M,185004413,Harness,2185,Pace,39170136,5,Moolah Magnet,LOSER,30,LOSER,5.44,211.15,60,29,30,35.69,84.33,720,27,580,142.93,7.38,328.91,,,,,,30,32,1.03,0.98
5/07/2021,2:25:00 PM,2:25:24 PM,Pinjarra,WA,2,185004412,R2 2185m Pace M,185004413,Harness,2185,Pace,34137186,6,Bettor Be Artful,LOSER,5.04,LOSER,1.89,986.46,5.9,3.8,5.2,4.5,1348.96,720,3.55,720,33.73,42.98,885.98,1.77,1.77,1.77,1.77,0.04,4.5,4.7,1.03,0.98
5/07/2021,2:25:00 PM,2:25:24 PM,Pinjarra,WA,2,185004412,R2 2185m Pace M,185004413,Harness,2185,Pace,39465422,7,Gypsy Dragon,LOSER,3.06,WINNER,1.45,3109.77,3.1,2.28,3.1,2.75,11418.77,720,2.7,720,4.24,743.67,1272.36,1.46,1.24,1.36,1.36,477.19,2.84,2.94,1.03,0.98
5/07/2021,2:25:00 PM,2:25:24 PM,Pinjarra,WA,2,185004412,R2 2185m Pace M,185004413,Harness,2185,Pace,28551733,8,Sweet Suzi,LOSER,223.47,LOSER,10.71,31.6,340,110,150,188.41,48.6,910,11,720,96.94,12.24,172.14,,,,,,140,190,1.03,0.98
5/07/2021,3:03:00 PM,3:03:43 PM,Pinjarra,WA,3,185004414,R3 2185m Trot M,185004415,Harness,2185,Trot,40061823,1,Abidebyme,LOSER,360.56,LOSER,10.7,8.01,400,220,280,299.37,2.68,1000,340,1000,371.9,7.68,,,,,,,280,370,1.01,0.99
5/07/2021,3:03:00 PM,3:03:43 PM,Pinjarra,WA,3,185004414,R3 2185m Trot M,185004415,Harness,2185,Trot,6266927,2,Lucky Charm,LOSER,69.4,LOSER,3.87,52.81,90,12,70,47.09,70.62,1000,36,1000,179.96,13.28,130.14,3,2.6,2.82,2.83,88.69,70,95,1.01,0.99
5/07/2021,3:03:00 PM,3:03:43 PM,Pinjarra,WA,3,185004414,R3 2185m Trot M,185004415,Harness,2185,Trot,35546078,3,Luvaflair,LOSER,70,WINNER,4.92,58.13,90,65,70,73.59,15.45,1000,25,1000,196.53,8.52,322,,,,,,75,85,1.01,0.99
5/07/2021,3:03:00 PM,3:03:43 PM,Pinjarra,WA,3,185004414,R3 2185m Trot M,185004415,Harness,2185,Trot,8064314,5,Lansbury,LOSER,238.29,LOSER,9.48,15.23,310,110,200,192.67,7.63,1000,100,1000,286.34,4.9,,3.95,3.95,3.95,3.95,5,230,280,1.01,0.99
5/07/2021,3:03:00 PM,3:03:43 PM,Pinjarra,WA,3,185004414,R3 2185m Trot M,185004415,Harness,2185,Trot,12226886,6,Malabar Spur,LOSER,427.17,LOSER,11.5,28.93,740,230,370,400.81,14.43,1000,350,1000,428.51,27.89,,10.5,8.6,8.8,9.39,215,400,480,1.01,0.99
5/07/2021,3:03:00 PM,3:03:43 PM,Pinjarra,WA,3,185004414,R3 2185m Trot M,185004415,Harness,2185,Trot,12331556,7,Mortician,LOSER,190,LOSER,3.74,16.47,230,85,180,200.95,12.6,1000,190,1000,229.23,3.52,20,3.75,3.7,3.7,3.74,19.98,200,230,1.01,0.99
5/07/2021,3:03:00 PM,3:03:43 PM,Pinjarra,WA,3,185004414,R3 2185m Trot M,185004415,Harness,2185,Trot,10676003,8,Kell Road Kid,LOSER,460.93,LOSER,12.05,28.1,740,320,320,473.33,0.77,1000,400,1000,462.41,27.04,,,,,,,330,400,1.01,0.99
5/07/2021,3:03:00 PM,3:03:43 PM,Pinjarra,WA,3,185004414,R3 2185m Trot M,185004415,Harness,2185,Trot,22723097,9,Tricky Ric,WINNER,1.1,WINNER,1.06,4593.79,1.4,1.08,1.09,1.09,31050.08,1.11,1.01,1.01,1.07,5830.96,,1.06,1.04,1.05,1.05,461.21,1.08,1.09,1.01,0.99
5/07/2021,3:03:00 PM,3:03:43 PM,Pinjarra,WA,3,185004414,R3 2185m Trot M,185004415,Harness,2185,Trot,12119424,10,One Bid Buys,LOSER,447.68,LOSER,11.95,10.66,580,330,330,377.16,1.02,1000,420,1000,454.99,7.69,,,,,,,330,420,1.01,0.99
5/07/2021,3:03:00 PM,3:03:43 PM,Pinjarra,WA,3,185004414,R3 2185m Trot M,185004415,Harness,2185,Trot,8214443,11,Lightning Calder,LOSER,50.47,LOSER,3.94,83.42,90,46,55,59.41,22.97,1000,100,1000,504.62,2.4,479.28,3.05,3.05,3.05,3.05,3.51,65,70,1.01,0.99
5/07/2021,3:03:00 PM,3:03:43 PM,Pinjarra,WA,3,185004414,R3 2185m Trot M,185004415,Harness,2185,Trot,40061824,12,Goodtime Pe Rabbit,LOSER,45.98,WINNER,2.52,79.97,65,25,44,44.42,56.58,920,38,720,209.42,4.71,621.77,2.7,2.2,2.5,2.34,2882.25,50,60,1.01,0.99
5/07/2021,3:40:00 PM,3:40:28 PM,Pinjarra,WA,4,185004416,R4 2185m Pace M,185004417,Harness,2185,Pace,39254800,1,Gods Plan,LOSER,28,LOSER,3.63,183.35,36,20,30,27.18,169.87,720,5.8,720,30.78,89.33,81.08,4.6,2.84,4.6,3.75,445.56,25,28,1.02,0.99
5/07/2021,3:40:00 PM,3:40:28 PM,Pinjarra,WA,4,185004416,R4 2185m Pace M,185004417,Harness,2185,Pace,36796328,2,Roma Rosa,LOSER,2.58,LOSER,1.34,2507.29,3.25,2.44,2.54,2.66,10722.53,720,1.53,120,3.67,1074.37,731.42,1.39,1.3,1.3,1.36,392.12,2.48,2.52,1.02,0.99
5/07/2021,3:40:00 PM,3:40:28 PM,Pinjarra,WA,4,185004416,R4 2185m Pace M,185004417,Harness,2185,Pace,23585062,3,Kiwi Jewel,LOSER,24.22,LOSER,3.69,216.35,25,11.5,22,18.66,432.55,490,2,490,6.28,248.38,236.14,3.35,3.3,3.3,3.33,5,22,24,1.02,0.99
5/07/2021,3:40:00 PM,3:40:28 PM,Pinjarra,WA,4,185004416,R4 2185m Pace M,185004417,Harness,2185,Pace,22989512,4,Shirmaya,LOSER,20.53,WINNER,4.92,352.68,23,8,23,14.22,372.4,720,4.4,720,14.65,114.84,382.44,3.5,3.5,3.5,3.5,0.25,19.5,22,1.02,0.99
5/07/2021,3:40:00 PM,3:40:28 PM,Pinjarra,WA,4,185004416,R4 2185m Pace M,185004417,Harness,2185,Pace,40061825,5,Dontwaitforme,WINNER,2.99,WINNER,1.38,1380.4,4.2,2.82,2.96,3.08,7393.91,5,1.01,1.03,1.55,1753.76,875.15,1.51,1.38,1.38,1.42,166.54,2.96,2.98,1.02,0.99
5/07/2021,3:40:00 PM,3:40:28 PM,Pinjarra,WA,4,185004416,R4 2185m Pace M,185004417,Harness,2185,Pace,28737197,6,Stormyskyes,LOSER,28.65,WINNER,3.85,270.01,44,19,28,26.05,364.08,720,21,720,43.06,48.89,395.26,5,3.85,3.9,4.33,156.41,21,25,1.02,0.99
5/07/2021,3:40:00 PM,3:40:28 PM,Pinjarra,WA,4,185004416,R4 2185m Pace M,185004417,Harness,2185,Pace,38213910,7,Shakira Blue,LOSER,9.63,LOSER,2.72,572.9,22,6.4,10.5,9.47,1490.5,190,8.2,190,13.69,213.27,346.59,2.8,2.68,2.68,2.72,73.36,11.5,12,1.02,0.99
5/07/2021,3:40:00 PM,3:40:28 PM,Pinjarra,WA,4,185004416,R4 2185m Pace M,185004417,Harness,2185,Pace,28364534,8,Rockin The Trend,LOSER,116.93,LOSER,9.1,55.04,130,38,130,54.3,147.37,720,38,700,117.55,12.85,101.96,10,5.2,10,7.27,92.66,80,100,1.02,0.99
5/07/2021,4:15:00 PM,4:15:30 PM,Pinjarra,WA,5,185004418,R5 2185m Pace M,185004419,Harness,2185,Pace,40061826,1,Nomorecheeseplease,LOSER,411.03,LOSER,100,27.26,540,180,480,275.7,30.7,720,300,300,397.32,2.24,30.78,90,90,90,90,0.01,420,470,1.02,0.97
5/07/2021,4:15:00 PM,4:15:30 PM,Pinjarra,WA,5,185004418,R5 2185m Pace M,185004419,Harness,2185,Pace,28605558,2,Burghley Shard,LOSER,2.78,LOSER,1.33,3179.83,3.3,2.54,2.84,2.9,8674.06,720,2.6,720,7.75,720.32,1037.05,1.46,1.25,1.34,1.35,1547.11,2.98,3.1,1.02,0.97
5/07/2021,4:15:00 PM,4:15:30 PM,Pinjarra,WA,5,185004418,R5 2185m Pace M,185004419,Harness,2185,Pace,39905442,3,Lookin Good Lockie,LOSER,250.31,LOSER,9.67,29.93,400,80,340,157.54,21.11,960,23,960,186.58,14.03,106.06,12.5,8.6,9.6,8.73,57.14,210,310,1.02,0.97
5/07/2021,4:15:00 PM,4:15:30 PM,Pinjarra,WA,5,185004418,R5 2185m Pace M,185004419,Harness,2185,Pace,1287524,4,Valdemar,LOSER,228.95,LOSER,27,25.39,300,110,300,202.15,26.77,720,100,720,303.25,2.29,67.69,,,,,,220,290,1.02,0.97
5/07/2021,4:15:00 PM,4:15:30 PM,Pinjarra,WA,5,185004418,R5 2185m Pace M,185004419,Harness,2185,Pace,40061827,5,Strauny,LOSER,50,WINNER,7.01,107.09,120,48,65,65.27,72.59,720,18.5,720,58.96,19.11,213.03,,,,,,55,65,1.02,0.97
5/07/2021,4:15:00 PM,4:15:30 PM,Pinjarra,WA,5,185004418,R5 2185m Pace M,185004419,Harness,2185,Pace,23721835,6,Sono Abruzzese,LOSER,962.57,LOSER,64.48,22.25,960,330,580,528.27,10.66,990,360,360,946.69,12.71,44.15,,,,,,510,730,1.02,0.97
5/07/2021,4:15:00 PM,4:15:30 PM,Pinjarra,WA,5,185004418,R5 2185m Pace M,185004419,Harness,2185,Pace,27956271,7,Hengheng,LOSER,16.13,LOSER,2.62,271.86,17.5,7.2,17.5,13.58,796.49,720,10,490,55.39,38.43,621.27,2.66,2.38,2.58,2.47,166.31,15.5,16.5,1.02,0.97
5/07/2021,4:15:00 PM,4:15:30 PM,Pinjarra,WA,5,185004418,R5 2185m Pace M,185004419,Harness,2185,Pace,40061828,8,Zac Your Nobody,LOSER,758.11,LOSER,17.9,18.14,490,120,400,246.34,13.62,890,230,330,713.42,6.37,108.02,12,12,12,12,45.25,270,390,1.02,0.97
5/07/2021,4:15:00 PM,4:15:30 PM,Pinjarra,WA,5,185004418,R5 2185m Pace M,185004419,Harness,2185,Pace,28672136,9,Call To Arms,LOSER,160,LOSER,11.07,35.23,310,85,310,158.03,37.76,960,75,960,190.98,13.89,168.53,9.4,8,8,9.11,55,140,300,1.02,0.97
5/07/2021,4:15:00 PM,4:15:30 PM,Pinjarra,WA,5,185004418,R5 2185m Pace M,185004419,Harness,2185,Pace,40061829,10,Maccas,LOSER,3.75,WINNER,1.5,1490.95,4.1,2.92,3.75,3.67,7934.42,720,3,170,6.25,353.48,1194.99,1.57,1.46,1.52,1.51,574.14,3.7,3.8,1.02,0.97
5/07/2021,4:15:00 PM,4:15:30 PM,Pinjarra,WA,5,185004418,R5 2185m Pace M,185004419,Harness,2185,Pace,40061830,11,Jedrek,LOSER,825.83,LOSER,25.05,27.52,720,190,470,315.54,33.35,1000,330,340,796.24,7.67,111.73,21,21,21,21,5,310,440,1.02,0.97
5/07/2021,4:15:00 PM,4:15:30 PM,Pinjarra,WA,5,185004418,R5 2185m Pace M,185004419,Harness,2185,Pace,40061831,12,Star Of Willoughby,WINNER,3.5,WINNER,1.45,2061.79,7.4,3.25,3.35,4.14,6759.24,3.5,1.01,1.01,1.43,2147.37,1213.65,1.73,1.43,1.45,1.47,5143.64,3.25,3.4,1.02,0.97
5/07/2021,4:52:00 PM,4:52:36 PM,Pinjarra,WA,6,185004420,R6 2185m Pace M,185004421,Harness,2185,Pace,3363609,1,Deep Blue,LOSER,28.72,LOSER,5.77,285.05,42,20,28,23.53,529.73,480,17,280,36.45,34.66,343.62,4.6,4,4,4.22,225.55,25,27,1.02,1
5/07/2021,4:52:00 PM,4:52:36 PM,Pinjarra,WA,6,185004420,R6 2185m Pace M,185004421,Harness,2185,Pace,21629606,2,Fireplay,LOSER,74.02,LOSER,5.48,114.32,160,55,75,74.81,83.41,720,60,720,109.73,6.72,104,11,5.4,7.4,7.43,45.4,60,70,1.02,1
5/07/2021,4:52:00 PM,4:52:36 PM,Pinjarra,WA,6,185004420,R6 2185m Pace M,185004421,Harness,2185,Pace,25751180,3,Domande,LOSER,869.58,LOSER,72.76,12.05,980,360,710,421.3,57.2,960,710,930,870.46,2.4,19.92,,,,,,430,700,1.02,1
5/07/2021,4:52:00 PM,4:52:36 PM,Pinjarra,WA,6,185004420,R6 2185m Pace M,185004421,Harness,2185,Pace,37081781,4,Aussie Edition,LOSER,14.98,WINNER,2.84,371.62,17.5,7.6,16.5,10.6,1259,280,7.8,120,21.92,47.27,187.54,2.92,2.34,2.6,2.48,59.89,13,13.5,1.02,1
5/07/2021,4:52:00 PM,4:52:36 PM,Pinjarra,WA,6,185004420,R6 2185m Pace M,185004421,Harness,2185,Pace,39465507,5,Middlepage,LOSER,2.89,WINNER,1.47,1592.97,3.65,2.7,2.8,3.02,8233.61,720,1.53,170,2.99,1079.91,968.12,1.51,1.42,1.47,1.45,271.4,2.94,2.96,1.02,1
5/07/2021,4:52:00 PM,4:52:36 PM,Pinjarra,WA,6,185004420,R6 2185m Pace M,185004421,Harness,2185,Pace,35264707,6,Arma Einstein,WINNER,2.66,WINNER,1.5,2128.06,5.1,2.68,2.76,3,7358.79,7,1.01,1.05,1.92,2161.11,1160.48,1.53,1.43,1.51,1.5,284.08,2.76,2.8,1.02,1
5/07/2021,4:52:00 PM,4:52:36 PM,Pinjarra,WA,6,185004420,R6 2185m Pace M,185004421,Harness,2185,Pace,23278476,7,Cassius Bromac,LOSER,18,LOSER,4.15,210.7,29,13,18,22.16,310.4,220,5.6,110,12.98,182.44,206.73,5.6,4.2,4.3,4.41,13.93,23,26,1.02,1
5/07/2021,4:52:00 PM,4:52:36 PM,Pinjarra,WA,6,185004420,R6 2185m Pace M,185004421,Harness,2185,Pace,25574563,8,Hesty,LOSER,29.87,LOSER,3.59,183.16,34,12,28,22.77,251.45,920,18,580,82.88,32.67,642.93,4.4,3.2,3.55,3.71,120,21,16.5,1.02,1
5/07/2021,4:52:00 PM,4:52:36 PM,Pinjarra,WA,6,185004420,R6 2185m Pace M,185004421,Harness,2185,Pace,12791662,9,Southern Belle,LOSER,220,LOSER,24.74,20.08,360,100,260,169.38,21.94,720,260,720,462.94,1.1,9.96,,,,,,170,210,1.02,1
5/07/2021,4:52:00 PM,4:52:36 PM,Pinjarra,WA,6,185004420,R6 2185m Pace M,185004421,Harness,2185,Pace,39610850,10,Illawong Mustang,LOSER,107.88,LOSER,8.54,64.67,170,70,120,84.39,136.96,720,140,720,242.77,2.49,9.98,9.8,9.8,9.8,9.8,6,70,90,1.02,1
5/07/2021,4:52:00 PM,4:52:36 PM,Pinjarra,WA,6,185004420,R6 2185m Pace M,185004421,Harness,2185,Pace,28467507,11,Ohoka Titan,LOSER,15,LOSER,3.53,752.22,22,6.2,16,12.75,1925.3,720,8.2,280,21.47,97.28,486.58,3.7,2.2,3.65,2.91,213.59,14.5,15,1.02,1
5/07/2021,5:22:00 PM,5:22:30 PM,Pinjarra,WA,7,185004422,R7 2185m Pace M,185004423,Harness,2185,Pace,16156770,2,Mileys Desire,LOSER,55,LOSER,5.4,99.58,95,40,60,52.33,139.71,920,4.9,720,97.94,54.98,340.68,6.4,5.2,5.5,5.28,53.1,55,65,1.02,0.99
5/07/2021,5:22:00 PM,5:22:30 PM,Pinjarra,WA,7,185004422,R7 2185m Pace M,185004423,Harness,2185,Pace,11219560,3,Talkerup,WINNER,7.54,WINNER,1.58,713.26,7.6,5.8,7,6.34,3137.95,9.8,1.05,1.05,3.33,1815.86,1300.05,1.83,1.56,1.58,1.58,53.74,6.4,6.8,1.02,0.99
5/07/2021,5:22:00 PM,5:22:30 PM,Pinjarra,WA,7,185004422,R7 2185m Pace M,185004423,Harness,2185,Pace,27385954,4,Son Of A Tiger,LOSER,2.32,LOSER,1.24,2731.84,2.62,1.78,2.32,2.42,17243.15,490,2.2,270,9.02,665.22,1457.78,1.26,1.22,1.23,1.24,1184.5,2.36,2.4,1.02,0.99
5/07/2021,5:22:00 PM,5:22:30 PM,Pinjarra,WA,7,185004422,R7 2185m Pace M,185004423,Harness,2185,Pace,1265103,5,Quick Stride,LOSER,2.98,WINNER,1.3,2026.14,5,2.78,2.9,3.04,6416.54,100,1.51,100,6.95,508.87,1384.87,1.39,1.24,1.31,1.3,416.4,2.92,3,1.02,0.99
5/07/2021,5:22:00 PM,5:22:30 PM,Pinjarra,WA,7,185004422,R7 2185m Pace M,185004423,Harness,2185,Pace,17234374,7,Anvil Rollover,LOSER,126.71,WINNER,7.4,62,110,27,110,65.96,113.21,500,46,500,87.36,16.13,282.75,7.6,4,6.6,7.43,11.17,90,95,1.02,0.99
5/07/2021,5:22:00 PM,5:22:30 PM,Pinjarra,WA,7,185004422,R7 2185m Pace M,185004423,Harness,2185,Pace,741565,8,Jimmy Mack,LOSER,16.98,LOSER,2.27,329.26,16,6.2,16,12.03,1015.16,280,7,220,22.57,98.34,858.9,2.66,2.22,2.26,2.25,63.99,15,16,1.02,0.99
5/07/2021,5:55:00 PM,5:55:33 PM,Pinjarra,WA,8,185004424,R8 2116m Pace S,185004425,Harness,2116,Pace,28170334,1,Jill Mach,LOSER,45.2,LOSER,5.2,141.23,60,20,42,37.54,266.99,720,28,720,89.92,3.18,477.44,6,5.1,5.1,5.45,150.92,42,48,1.02,0.99
5/07/2021,5:55:00 PM,5:55:33 PM,Pinjarra,WA,8,185004424,R8 2116m Pace S,185004425,Harness,2116,Pace,18759652,2,Rocky The Outlaw,LOSER,3.25,WINNER,1.52,1702.03,5,3,3.25,3.45,3691.03,720,3.1,690,5.43,260.96,1167.25,1.59,1.38,1.52,1.5,301.76,3.25,3.3,1.02,0.99
5/07/2021,5:55:00 PM,5:55:33 PM,Pinjarra,WA,8,185004424,R8 2116m Pace S,185004425,Harness,2116,Pace,19258218,3,Over Armed,LOSER,54.69,WINNER,5.8,119.18,70,36,48,49.06,185,720,10,720,37.35,194.34,306.98,6.2,4,5.6,4.23,308,40,44,1.02,0.99
5/07/2021,5:55:00 PM,5:55:33 PM,Pinjarra,WA,8,185004424,R8 2116m Pace S,185004425,Harness,2116,Pace,16311213,4,Hit The Sky,LOSER,4.15,LOSER,1.59,2453.28,6,4.1,4.2,4.59,4199.1,720,2.16,720,5.17,323.87,1222.15,1.95,1.57,1.58,1.65,138.6,4.3,4.4,1.02,0.99
5/07/2021,5:55:00 PM,5:55:33 PM,Pinjarra,WA,8,185004424,R8 2116m Pace S,185004425,Harness,2116,Pace,27140862,5,Nearis Green,WINNER,4.06,WINNER,1.62,1814.46,4.6,3.25,4,3.74,7291.13,5.5,1.01,1.01,1.68,1147.15,1059.46,1.69,1.57,1.63,1.67,244.41,4,4.1,1.02,0.99
5/07/2021,5:55:00 PM,5:55:33 PM,Pinjarra,WA,8,185004424,R8 2116m Pace S,185004425,Harness,2116,Pace,12376813,6,Renaissance Art,LOSER,10.5,LOSER,2.5,483.78,13.5,6.2,10.5,10.84,864.43,890,9.6,890,104.39,45.93,734.2,2.62,2.46,2.46,2.53,70.71,10,10.5,1.02,0.99
5/07/2021,5:55:00 PM,5:55:33 PM,Pinjarra,WA,8,185004424,R8 2116m Pace S,185004425,Harness,2116,Pace,23814213,8,Ultimate Offer,LOSER,13.87,LOSER,3.15,424.95,13.5,5.8,12.5,10.09,974.13,1000,13.5,1000,95.53,84.43,511.47,3.15,2.3,3.15,2.78,258.4,12.5,13.5,1.02,0.99
5/07/2021,6:23:00 PM,6:23:41 PM,Pinjarra,WA,9,185004426,R9 1684m Pace M,185004427,Harness,1684,Pace,40061832,1,Told You Twice,LOSER,32.54,LOSER,3.51,102.2,44,24,32,28.73,162.33,1000,26,1000,64.74,31.53,535.99,3.75,2.9,3.55,3,237.37,25,27,1.02,0.98
5/07/2021,6:23:00 PM,6:23:41 PM,Pinjarra,WA,9,185004426,R9 1684m Pace M,185004427,Harness,1684,Pace,40061833,2,Mach Freeway,LOSER,1.71,WINNER,1.19,2615.39,2.26,1.58,1.68,1.72,8941.39,1000,1.12,1000,2.08,3459.35,1479.6,1.3,1.13,1.19,1.17,999.97,1.7,1.74,1.02,0.98
5/07/2021,6:23:00 PM,6:23:41 PM,Pinjarra,WA,9,185004426,R9 1684m Pace M,185004427,Harness,1684,Pace,17774222,3,Just A Saint,LOSER,210,LOSER,18.1,47.39,310,110,200,209.87,117.26,1000,180,1000,342.34,5.06,89.44,15,15,15,15,16.53,180,290,1.02,0.98
5/07/2021,6:23:00 PM,6:23:41 PM,Pinjarra,WA,9,185004426,R9 1684m Pace M,185004427,Harness,1684,Pace,36341801,4,Classnsmart,LOSER,19.5,LOSER,3.05,156.94,44,20,21,24.95,141.13,1000,4.4,1000,8.4,536.86,272.54,3.15,3.15,3.15,3.15,20.71,24,27,1.02,0.98
5/07/2021,6:23:00 PM,6:23:41 PM,Pinjarra,WA,9,185004426,R9 1684m Pace M,185004427,Harness,1684,Pace,24826251,5,Remarkable Star,LOSER,17,WINNER,2.74,502.27,23,9.2,17.5,15.58,1211.23,1000,9.8,1000,29.65,120.72,688.51,2.8,1.6,2.66,2.34,649.78,15.5,17.5,1.02,0.98
5/07/2021,6:23:00 PM,6:23:41 PM,Pinjarra,WA,9,185004426,R9 1684m Pace M,185004427,Harness,1684,Pace,8852135,6,Second Amendment,LOSER,40.79,LOSER,5.6,136.62,46,28,46,32.38,90.32,1000,34,1000,81.65,18.42,327.86,4.8,4.8,4.8,4.8,23.67,38,42,1.02,0.98
5/07/2021,6:23:00 PM,6:23:41 PM,Pinjarra,WA,9,185004426,R9 1684m Pace M,185004427,Harness,1684,Pace,28339073,7,All Aussie Mach,WINNER,5.49,WINNER,1.81,856.07,5.5,2.62,5.5,4.66,1047.28,18,1.01,1.01,2.07,1970.27,260.09,1.76,1.37,1.74,1.66,157.92,4.9,5.1,1.02,0.98
5/07/2021,6:23:00 PM,6:23:41 PM,Pinjarra,WA,9,185004426,R9 1684m Pace M,185004427,Harness,1684,Pace,34137188,8,Torrevean Veloce,LOSER,32,LOSER,3.16,114.79,32,18.5,32,23.24,261.45,1000,24,1000,65.3,24.91,372.87,3.25,2.96,2.96,3,45.51,20,21,1.02,0.98
5/07/2021,12:02:00 PM,12:02:54 PM,Yarra Valley,VIC,1,185001986,R1 2150m Trot M,185001987,Harness,2150,Trot,22153319,1,Frosty Reception,LOSER,68.93,LOSER,23.1,58.4,95,21,90,38.17,250.07,180,4.1,180,34.79,79.83,51.03,55,6.6,16,8.35,65.15,42,48,1.04,0.96
5/07/2021,12:02:00 PM,12:02:54 PM,Yarra Valley,VIC,1,185001986,R1 2150m Trot M,185001987,Harness,2150,Trot,35934774,2,Captain Mccraw,WINNER,3.2,WINNER,3.46,2842.3,5.5,2.14,3.15,2.98,8114.41,5,1.01,1.01,1.72,2185.49,288.63,5.8,1.36,2.22,3.21,1253.35,2.58,2.84,1.04,0.96
5/07/2021,12:02:00 PM,12:02:54 PM,Yarra Valley,VIC,1,185001986,R1 2150m Trot M,185001987,Harness,2150,Trot,25191722,3,Highway Huntsman,LOSER,24.07,LOSER,6.23,148.23,32,11.5,27,19.58,696.66,640,2.72,490,10.63,154.3,67.4,10.5,4.3,10.5,6.03,103.03,21,25,1.04,0.96
5/07/2021,12:02:00 PM,12:02:54 PM,Yarra Valley,VIC,1,185001986,R1 2150m Trot M,185001987,Harness,2150,Trot,36342253,4,Hes Themightyspin,LOSER,1.88,LOSER,1.29,1596.23,3.2,1.69,1.91,2.1,9554.39,710,1.8,100,5.66,1398.67,1059.35,1.73,1.12,1.27,1.19,381.83,2.06,2.18,1.04,0.96
5/07/2021,12:02:00 PM,12:02:54 PM,Yarra Valley,VIC,1,185001986,R1 2150m Trot M,185001987,Harness,2150,Trot,16038079,6,Sugar High,LOSER,159.87,LOSER,150,17.3,260,30,260,155.78,127.09,720,6.6,710,23.98,128.62,10,160,10,160,14.61,35.44,180,250,1.04,0.96
5/07/2021,12:02:00 PM,12:02:54 PM,Yarra Valley,VIC,1,185001986,R1 2150m Trot M,185001987,Harness,2150,Trot,23429219,7,Majestic Jewel,LOSER,11,WINNER,3.6,535.75,19,7,11,10.6,1688.87,720,2.7,710,25.92,130.5,115.46,3.95,2.7,2.7,2.99,176.17,12,12.5,1.04,0.96
5/07/2021,12:02:00 PM,12:02:54 PM,Yarra Valley,VIC,1,185001986,R1 2150m Trot M,185001987,Harness,2150,Trot,18697033,8,Wicked Liquor,LOSER,518.12,LOSER,19.02,22.47,510,30,470,257.13,34.09,1000,210,1000,751,32.66,9.95,36,9.2,9.4,19.31,21.27,220,380,1.04,0.96
5/07/2021,12:37:00 PM,12:38:06 PM,Yarra Valley,VIC,2,185001988,R2 2150m Pace M,185001989,Harness,2150,Pace,13088653,1,Justarumour,LOSER,9.6,LOSER,4.34,684.36,17,8.4,9.4,9.64,762.92,720,4.6,720,11.59,261.28,301.48,4.5,3.85,4,4.15,10.87,9,9.2,1.03,0.97
5/07/2021,12:37:00 PM,12:38:06 PM,Yarra Valley,VIC,2,185001988,R2 2150m Pace M,185001989,Harness,2150,Pace,30286636,2,Charisma King,LOSER,530,LOSER,78.95,41.98,530,30,520,325.28,5.3,990,95,690,307.33,6.61,9.97,,,,,,260,400,1.03,0.97
5/07/2021,12:37:00 PM,12:38:06 PM,Yarra Valley,VIC,2,185001988,R2 2150m Pace M,185001989,Harness,2150,Pace,24888319,3,Atlantas,LOSER,31.26,LOSER,20.99,251.21,40,9.2,38,32.67,201.68,720,2.16,480,27.79,75.6,85.93,36,17,24,22.5,0.12,34,40,1.03,0.97
5/07/2021,12:37:00 PM,12:38:06 PM,Yarra Valley,VIC,2,185001988,R2 2150m Pace M,185001989,Harness,2150,Pace,36568612,4,Outside Fighter,LOSER,4.99,WINNER,2.71,699.33,5.8,4.6,5.2,5.03,934.19,720,2.76,490,5.31,483.82,476.23,,,,,,5.1,5.4,1.03,0.97
5/07/2021,12:37:00 PM,12:38:06 PM,Yarra Valley,VIC,2,185001988,R2 2150m Pace M,185001989,Harness,2150,Pace,24416448,6,Major Comment,LOSER,4.1,LOSER,1.99,899.57,6.2,3.6,3.9,4.04,3117.85,880,3.05,880,15.75,334.49,674.19,2.14,1.93,1.97,1.95,288.06,3.85,4,1.03,0.97
5/07/2021,12:37:00 PM,12:38:06 PM,Yarra Valley,VIC,2,185001988,R2 2150m Pace M,185001989,Harness,2150,Pace,28003429,7,Redfox Raider,WINNER,9.15,WINNER,5.54,668.79,15.5,9,11.5,12.49,641.69,40,1.01,1.01,2.1,3199.38,301.74,,,,,,12.5,15,1.03,0.97
5/07/2021,12:37:00 PM,12:38:06 PM,Yarra Valley,VIC,2,185001988,R2 2150m Pace M,185001989,Harness,2150,Pace,23246989,8,Sundancer Rainbow,LOSER,2.98,LOSER,1.99,3226.27,3.45,2.32,3.15,2.96,9209.84,720,1.97,720,3.24,1196.12,815.92,1.64,1.64,1.64,1.64,9,2.88,3,1.03,0.97
5/07/2021,1:13:00 PM,1:13:56 PM,Yarra Valley,VIC,3,185001990,R3 1650m Pace M,185001991,Harness,1650,Pace,40061834,1,Mir,LOSER,191.85,LOSER,15.5,43.75,260,65,200,127.04,38.42,1000,70,1000,426.11,0.74,9.59,15.5,15.5,15.5,15.5,4.39,200,230,1,0.98
5/07/2021,1:13:00 PM,1:13:56 PM,Yarra Valley,VIC,3,185001990,R3 1650m Pace M,185001991,Harness,1650,Pace,40061835,2,Spanmatilda,LOSER,61.86,LOSER,8,73.1,100,48,65,71.3,86.47,720,27,720,46.68,44.9,12.36,8.2,8,8.2,8.13,4.77,75,85,1,0.98
5/07/2021,1:13:00 PM,1:13:56 PM,Yarra Valley,VIC,3,185001990,R3 1650m Pace M,185001991,Harness,1650,Pace,36408685,3,Desire To Live,LOSER,34,LOSER,4.6,268.96,40,22,34,32.84,381.45,910,30,720,126.85,17.19,362.98,4.8,3.55,4.8,3.97,14.99,36,40,1,0.98
5/07/2021,1:13:00 PM,1:13:56 PM,Yarra Valley,VIC,3,185001990,R3 1650m Pace M,185001991,Harness,1650,Pace,40061836,4,Miss Tyler,LOSER,19.92,WINNER,3.15,228.35,40,17.5,19.5,22.23,233.16,720,12.5,690,47.93,13.17,200.06,3,2.9,2.9,2.91,200,20,22,1,0.98
5/07/2021,1:13:00 PM,1:13:56 PM,Yarra Valley,VIC,3,185001990,R3 1650m Pace M,185001991,Harness,1650,Pace,40061837,5,Whatisaygoes,LOSER,133.27,LOSER,9.93,48.17,170,70,130,121.14,38.69,990,22,990,234.38,1.79,206.25,9.2,7.6,9.2,7.97,12.96,140,150,1,0.98
5/07/2021,1:13:00 PM,1:13:56 PM,Yarra Valley,VIC,3,185001990,R3 1650m Pace M,185001991,Harness,1650,Pace,28416894,6,Ire Of The Dragon,LOSER,22.36,LOSER,3.2,253.29,44,18,23,22.17,811.71,720,5.2,710,44.89,29.12,423.31,3.85,3.05,3.3,3.14,220.95,20,21,1,0.98
5/07/2021,1:13:00 PM,1:13:56 PM,Yarra Valley,VIC,3,185001990,R3 1650m Pace M,185001991,Harness,1650,Pace,40061838,7,Major Zone,LOSER,25,LOSER,4.48,167.49,29,10,24,19.99,601.25,720,7.6,720,53.07,21.68,153.72,,,,,,25,26,1,0.98
5/07/2021,1:13:00 PM,1:13:56 PM,Yarra Valley,VIC,3,185001990,R3 1650m Pace M,185001991,Harness,1650,Pace,37454827,8,Giveitatry,WINNER,2.06,WINNER,1.19,2322.62,2.3,1.72,2.06,2.08,15118.51,10.5,1.01,1.01,1.46,1531.88,1291.92,1.2,1.17,1.2,1.19,769.71,2.08,2.06,1,0.98
5/07/2021,1:13:00 PM,1:13:56 PM,Yarra Valley,VIC,3,185001990,R3 1650m Pace M,185001991,Harness,1650,Pace,40061839,9,Alta Cassino,LOSER,3.1,WINNER,1.34,1710.83,3.75,2.82,3.1,3,10960.35,150,1.7,150,2.67,1007.04,656.03,1.41,1.28,1.35,1.38,318.7,3.1,3.15,1,0.98
5/07/2021,1:47:00 PM,1:47:37 PM,Yarra Valley,VIC,4,185001992,R4 1650m Pace M,185001993,Harness,1650,Pace,26493293,1,Gigis Grinner,LOSER,9.03,LOSER,2.15,560.1,12.5,8,8.8,9.04,734.09,890,4,710,17.51,205.56,662.46,2.5,2,2.12,2.09,431.53,8,8.4,1.02,0.98
5/07/2021,1:47:00 PM,1:47:37 PM,Yarra Valley,VIC,4,185001992,R4 1650m Pace M,185001993,Harness,1650,Pace,24241728,2,Best Back Bruce,LOSER,3.3,WINNER,1.53,1497.24,5.3,3.05,3.25,3.35,10256.16,720,3.1,720,5.37,1394.58,1173.38,1.7,1.44,1.44,1.54,49.9,3.3,3.35,1.02,0.98
5/07/2021,1:47:00 PM,1:47:37 PM,Yarra Valley,VIC,4,185001992,R4 1650m Pace M,185001993,Harness,1650,Pace,39601590,3,A Lil Bettor,LOSER,85.17,LOSER,16.3,57.82,90,30,80,58.34,109.65,920,55,920,526.44,9.33,78.03,16,16,16,16,0.07,75,80,1.02,0.98
5/07/2021,1:47:00 PM,1:47:37 PM,Yarra Valley,VIC,4,185001992,R4 1650m Pace M,185001993,Harness,1650,Pace,22290815,5,Youneedabitofmuscle,LOSER,44,LOSER,11.59,100.15,60,36,38,46.3,112.64,770,36,760,127.31,16.63,84.73,5,5,5,5,13.25,44,46,1.02,0.98
5/07/2021,1:47:00 PM,1:47:37 PM,Yarra Valley,VIC,4,185001992,R4 1650m Pace M,185001993,Harness,1650,Pace,35934777,6,Steele,LOSER,2.63,LOSER,1.33,2002.92,3.3,2.4,2.56,2.72,11837.78,720,1.82,720,2.79,1089.01,1093.37,1.44,1.3,1.35,1.34,199.43,2.6,2.66,1.02,0.98
5/07/2021,1:47:00 PM,1:47:37 PM,Yarra Valley,VIC,4,185001992,R4 1650m Pace M,185001993,Harness,1650,Pace,17684860,7,Fly Cheval,LOSER,58.32,LOSER,7.32,107.52,65,22,65,43.37,132.73,720,13.5,710,60.56,14.4,61.74,6.2,5,5,5.56,13.26,40,46,1.02,0.98
5/07/2021,1:47:00 PM,1:47:37 PM,Yarra Valley,VIC,4,185001992,R4 1650m Pace M,185001993,Harness,1650,Pace,38744565,8,Taleggio,LOSER,20.85,LOSER,4.24,274.32,25,12,20,19.85,140.15,720,10,720,58.19,42.49,257.09,4,4,4,4,0.11,18,20,1.02,0.98
5/07/2021,1:47:00 PM,1:47:37 PM,Yarra Valley,VIC,4,185001992,R4 1650m Pace M,185001993,Harness,1650,Pace,10982260,9,Missy Deyo,WINNER,16.61,WINNER,3.5,382.92,21,12.5,17,16.31,223,34,1.01,1.01,1.59,1231.34,478.38,3.1,3.1,3.1,3.1,0.17,17,17.5,1.02,0.98
5/07/2021,1:47:00 PM,1:47:37 PM,Yarra Valley,VIC,4,185001992,R4 1650m Pace M,185001993,Harness,1650,Pace,40061840,10,Cmonbabylitemyfire,LOSER,36,WINNER,5.15,196.93,40,11,38,26.48,173.46,710,8,710,36.67,22.92,317.33,4.1,3.5,4.1,3.8,20.24,34,38,1.02,0.98
5/07/2021,2:18:00 PM,2:18:49 PM,Yarra Valley,VIC,5,185001994,R5 1650m Pace M,185001995,Harness,1650,Pace,13173167,1,Rose Cooper,LOSER,387.99,LOSER,95,53.84,340,70,170,195.23,20.75,990,150,990,325.48,17.58,9.98,,,,,,210,230,1.02,0.98
5/07/2021,2:18:00 PM,2:18:49 PM,Yarra Valley,VIC,5,185001994,R5 1650m Pace M,185001995,Harness,1650,Pace,24339288,2,Galactic Gal,LOSER,272.5,LOSER,80,75.84,240,24,180,119.94,63.69,990,180,990,319.68,9.71,9.96,,,,,,150,170,1.02,0.98
5/07/2021,2:18:00 PM,2:18:49 PM,Yarra Valley,VIC,5,185001994,R5 1650m Pace M,185001995,Harness,1650,Pace,28013802,3,Shesmybaby,LOSER,50,LOSER,13.61,97.2,65,22,60,36.56,177.47,720,21,710,257.69,36.51,30,12.5,12,12.5,12.31,30.37,30,34,1.02,0.98
5/07/2021,2:18:00 PM,2:18:49 PM,Yarra Valley,VIC,5,185001994,R5 1650m Pace M,185001995,Harness,1650,Pace,40061841,4,Dancing With Flo,LOSER,1.69,WINNER,1.37,2566.97,2.76,1.53,1.6,1.86,16186.31,720,1.13,690,1.64,3538.98,1091.95,1.52,1.26,1.31,1.34,248.13,1.75,1.78,1.02,0.98
5/07/2021,2:18:00 PM,2:18:49 PM,Yarra Valley,VIC,5,185001994,R5 1650m Pace M,185001995,Harness,1650,Pace,19156071,5,Larajay Macray,WINNER,19,WINNER,3.8,285.3,19,8.8,18,15.54,352.03,42,1.01,1.01,1.6,4008.36,369.81,4,3.8,4,4,11.91,15.5,17,1.02,0.98
5/07/2021,2:18:00 PM,2:18:49 PM,Yarra Valley,VIC,5,185001994,R5 1650m Pace M,185001995,Harness,1650,Pace,28490989,6,Shes A Hovercraft,LOSER,4.4,LOSER,1.9,1139.64,5.5,3.3,4.2,4.32,1786.19,720,3.9,720,18.67,516.91,407.81,2.12,1.79,1.99,2.06,269.36,4.3,4.5,1.02,0.98
5/07/2021,2:18:00 PM,2:18:49 PM,Yarra Valley,VIC,5,185001994,R5 1650m Pace M,185001995,Harness,1650,Pace,28540531,7,Orbie,LOSER,12.66,LOSER,3.88,627.1,14.5,4.4,13.5,9.75,784.24,720,5.8,720,19.88,144.8,310.66,3.4,3.4,3.4,3.4,5.54,9.8,10.5,1.02,0.98
5/07/2021,2:53:00 PM,2:53:59 PM,Yarra Valley,VIC,6,185001996,R6 2150m Trot S,185001997,Harness,2150,Trot,40061842,1,Tennerson,LOSER,5.4,LOSER,1.95,807.06,5.9,4.5,5.3,5.1,1181.84,530,3,530,24.58,146.27,780.25,2.1,1.9,2.06,2.05,2086.8,5.1,5.4,1.02,0.97
5/07/2021,2:53:00 PM,2:53:59 PM,Yarra Valley,VIC,6,185001996,R6 2150m Trot S,185001997,Harness,2150,Trot,35090161,2,Megeve,LOSER,12,LOSER,3.65,469.52,28,11.5,12,13.59,725.89,900,6.6,900,23.23,221.31,394.15,,,,,,12,12.5,1.02,0.97
5/07/2021,2:53:00 PM,2:53:59 PM,Yarra Valley,VIC,6,185001996,R6 2150m Trot S,185001997,Harness,2150,Trot,25463886,3,Chinski,LOSER,22,LOSER,5.24,136.94,25,20,22,22.02,277.47,720,9.6,720,22.7,72.58,277.2,,,,,,23,24,1.02,0.97
5/07/2021,2:53:00 PM,2:53:59 PM,Yarra Valley,VIC,6,185001996,R6 2150m Trot S,185001997,Harness,2150,Trot,13313879,4,Eoghan Omaille,LOSER,38,LOSER,6.62,96.14,50,26,42,36.68,113.84,910,36,910,150.56,19.48,256.7,5.8,5.2,5.2,5.35,130,42,48,1.02,0.97
5/07/2021,2:53:00 PM,2:53:59 PM,Yarra Valley,VIC,6,185001996,R6 2150m Trot S,185001997,Harness,2150,Trot,16099195,5,Fields Of Kyvalley,LOSER,48,LOSER,8.5,91.53,55,24,46,37.82,127.09,920,48,920,144.8,14.12,196,,,,,,46,55,1.02,0.97
5/07/2021,2:53:00 PM,2:53:59 PM,Yarra Valley,VIC,6,185001996,R6 2150m Trot S,185001997,Harness,2150,Trot,911552,6,Birthday Suit,LOSER,20.51,LOSER,4.55,111.09,27,18.5,20,21.25,256.78,720,3.4,720,39.9,62.55,308.36,,,,,,23,24,1.02,0.97
5/07/2021,2:53:00 PM,2:53:59 PM,Yarra Valley,VIC,6,185001996,R6 2150m Trot S,185001997,Harness,2150,Trot,5397882,7,No Biggie,WINNER,4.2,WINNER,1.65,910.97,6,3.7,4.1,4.46,1447.5,7,1.01,1.01,1.48,1879.6,969.13,1.67,1.62,1.67,1.65,80.7,3.9,4,1.02,0.97
5/07/2021,2:53:00 PM,2:53:59 PM,Yarra Valley,VIC,6,185001996,R6 2150m Trot S,185001997,Harness,2150,Trot,9925228,8,Hanging On A Dream,LOSER,8.9,WINNER,3.06,553.85,14.5,9,9.2,10.85,926.39,250,5,250,11.08,146.57,445.92,,,,,,10,11,1.02,0.97
5/07/2021,2:53:00 PM,2:53:59 PM,Yarra Valley,VIC,6,185001996,R6 2150m Trot S,185001997,Harness,2150,Trot,19710340,9,Xebec,LOSER,6.76,WINNER,1.87,1985.85,4.3,2.86,4.2,3.96,1866.58,720,4,250,7.17,1276.73,854.98,,,,,,3.95,4.1,1.02,0.97
5/07/2021,3:33:00 PM,3:34:03 PM,Yarra Valley,VIC,7,185001998,R7 2150m Pace M,185001999,Harness,2150,Pace,4141299,1,Aitutaki,LOSER,66.33,LOSER,36,56.37,210,50,200,129.9,28.01,720,48,720,75.91,18.46,90.06,36,36,36,36,0.33,95,150,1.04,0.98
5/07/2021,3:33:00 PM,3:34:03 PM,Yarra Valley,VIC,7,185001998,R7 2150m Pace M,185001999,Harness,2150,Pace,26207020,2,Diamond Party,LOSER,3.45,LOSER,2.24,1964.33,4.5,3.3,3.5,3.53,5307.02,170,2.72,120,5.76,375.19,254.47,2.08,2.02,2.02,2.05,110.37,3.35,3.4,1.04,0.98
5/07/2021,3:33:00 PM,3:34:03 PM,Yarra Valley,VIC,7,185001998,R7 2150m Pace M,185001999,Harness,2150,Pace,27213922,3,Moonlite Drive,LOSER,7.48,LOSER,4.04,676.98,11.5,7.4,7.8,8.89,970.93,720,7.2,110,11.82,78.66,375.61,,,,,,9.6,10,1.04,0.98
5/07/2021,3:33:00 PM,3:34:03 PM,Yarra Valley,VIC,7,185001998,R7 2150m Pace M,185001999,Harness,2150,Pace,27303036,4,Cool Rocking Daddy,WINNER,4.37,WINNER,3.15,1111.57,9.2,4.4,5.4,5.36,1750.41,9.2,1.01,1.01,1.56,1592.12,450.06,2.7,2.68,2.68,2.7,14.89,5.7,6.4,1.04,0.98
5/07/2021,3:33:00 PM,3:34:03 PM,Yarra Valley,VIC,7,185001998,R7 2150m Pace M,185001999,Harness,2150,Pace,36136244,5,Wayonbye,LOSER,14.61,LOSER,4.4,691.45,32,7,7.4,13.41,1488.85,720,7,720,64.13,44.61,216.01,5.7,4.3,4.4,4.89,24.79,10,11,1.04,0.98
5/07/2021,3:33:00 PM,3:34:03 PM,Yarra Valley,VIC,7,185001998,R7 2150m Pace M,185001999,Harness,2150,Pace,28331631,6,Im A Denny Too,LOSER,11.97,LOSER,7.89,485.08,21,8.4,18,11.97,1384.86,1000,18,1000,154.2,103.35,218.58,13,4.5,13,5.92,227.87,10.5,11.5,1.04,0.98
5/07/2021,3:33:00 PM,3:34:03 PM,Yarra Valley,VIC,7,185001998,R7 2150m Pace M,185001999,Harness,2150,Pace,40061843,7,Mister Fortunia,LOSER,4.34,WINNER,2.41,1337.87,4.6,3.6,4.1,4.01,3581.37,490,1.5,490,2.46,1779.56,452.56,2.14,2.06,2.14,2.11,66.73,3.85,4.1,1.04,0.98
5/07/2021,4:08:00 PM,4:08:53 PM,Yarra Valley,VIC,8,185002000,R8 1650m Pace M,185002001,Harness,1650,Pace,24465442,1,Speed Dating,WINNER,18.5,WINNER,3.37,226.18,20,14.5,18.5,17.07,333.05,22,1.01,1.01,1.98,1897.92,343.83,3.7,3.6,3.6,3.69,50.48,17.5,18.5,1.04,0.97
5/07/2021,4:08:00 PM,4:08:53 PM,Yarra Valley,VIC,8,185002000,R8 1650m Pace M,185002001,Harness,1650,Pace,11282437,2,Feel The Buzz,LOSER,92.87,LOSER,6.66,72.8,110,60,110,83.91,33.11,720,120,300,261.26,1.48,10,7,5.4,7,6.93,48.19,65,85,1.04,0.97
5/07/2021,4:08:00 PM,4:08:53 PM,Yarra Valley,VIC,8,185002000,R8 1650m Pace M,185002001,Harness,1650,Pace,27639115,3,Im The Mightygramps,LOSER,10.11,LOSER,3.04,841.75,15,7.4,11.5,11.67,1021.12,720,6,720,12.28,214.73,538.02,,,,,,11.5,12.5,1.04,0.97
5/07/2021,4:08:00 PM,4:08:53 PM,Yarra Valley,VIC,8,185002000,R8 1650m Pace M,185002001,Harness,1650,Pace,28347922,4,Snazola,LOSER,130,LOSER,8.6,23.37,150,50,150,109.16,39.89,930,70,770,270.23,6.95,5,8.6,8.6,8.6,8.6,4.99,75,85,1.04,0.97
5/07/2021,4:08:00 PM,4:08:53 PM,Yarra Valley,VIC,8,185002000,R8 1650m Pace M,185002001,Harness,1650,Pace,16528604,5,Crime Boss,LOSER,4.8,LOSER,1.75,1116.89,6.2,3.55,4.9,4.8,3213.73,780,3.65,720,14.46,260.84,592.27,1.87,1.67,1.87,1.71,50.7,4.7,5,1.04,0.97
5/07/2021,4:08:00 PM,4:08:53 PM,Yarra Valley,VIC,8,185002000,R8 1650m Pace M,185002001,Harness,1650,Pace,36758095,6,Yellow Stone,LOSER,2.28,WINNER,1.32,1885.13,3.55,1.99,2.24,2.26,8918.59,490,1.69,490,2.53,1913.55,880.99,1.37,1.24,1.36,1.35,332.11,2.2,2.32,1.04,0.97
5/07/2021,4:08:00 PM,4:08:53 PM,Yarra Valley,VIC,8,185002000,R8 1650m Pace M,185002001,Harness,1650,Pace,39387701,8,Rock The Nation,LOSER,7.34,WINNER,2.05,617.79,10,7,7.6,7.88,1230.26,720,2,150,5.95,310.01,985.49,,,,,,7.6,8,1.04,0.97
5/07/2021,4:08:00 PM,4:08:53 PM,Yarra Valley,VIC,8,185002000,R8 1650m Pace M,185002001,Harness,1650,Pace,17669341,9,Trent From Punchy,LOSER,32,LOSER,6.97,85.17,42,29,32,33.96,154.79,910,15.5,160,106.46,19.71,272.22,,,,,,34,36,1.04,0.97
5/07/2021,4:08:00 PM,4:08:53 PM,Yarra Valley,VIC,8,185002000,R8 1650m Pace M,185002001,Harness,1650,Pace,40061844,10,Vallani Magic,LOSER,75,LOSER,6.4,84.55,85,48,85,56.03,73.25,720,70,300,140.32,5.65,5,6.4,6.4,6.4,6.4,46.79,48,55,1.04,0.97
5/07/2021,4:08:00 PM,4:08:53 PM,Yarra Valley,VIC,8,185002000,R8 1650m Pace M,185002001,Harness,1650,Pace,40061845,11,Freedom Writer,LOSER,55,LOSER,6.75,81.9,70,50,55,55.83,88.12,870,26,870,52.19,26.3,14.66,7,6.4,6.4,6.75,14.64,60,65,1.04,0.97
5/07/2021,4:44:00 PM,4:45:16 PM,Yarra Valley,VIC,9,185002002,R9 1650m Pace M,185002003,Harness,1650,Pace,40061846,2,Our Kinky Boots,WINNER,1.79,WINNER,1.14,3600.81,2.02,1.61,1.75,1.79,13019.53,1.79,1.01,1.06,1.3,1742.82,1711.88,1.19,1.14,1.14,1.16,654.07,1.75,1.78,1.02,0.98
5/07/2021,4:44:00 PM,4:45:16 PM,Yarra Valley,VIC,9,185002002,R9 1650m Pace M,185002003,Harness,1650,Pace,40061847,3,Heavenly Brigade,LOSER,6,LOSER,1.69,504.66,10.5,5.1,5.9,5.97,1971.33,720,4.5,150,14.72,58.42,549.94,1.82,1.65,1.65,1.7,66.47,5.9,6.2,1.02,0.98
5/07/2021,4:44:00 PM,4:45:16 PM,Yarra Valley,VIC,9,185002002,R9 1650m Pace M,185002003,Harness,1650,Pace,40061848,4,Powerlinc,LOSER,41.18,LOSER,7.32,81.48,48,30,42,38.89,33.94,720,22,300,65.04,7.88,268.38,,,,,,36,42,1.02,0.98
5/07/2021,4:44:00 PM,4:45:16 PM,Yarra Valley,VIC,9,185002002,R9 1650m Pace M,185002003,Harness,1650,Pace,2233413,5,Midnight Dancer,LOSER,7.6,WINNER,1.95,429.86,9.6,5.9,7.8,7.42,1835.56,720,6,720,16.85,47.92,863.21,2.18,1.86,1.86,2.04,73.79,8,8.2,1.02,0.98
5/07/2021,4:44:00 PM,4:45:16 PM,Yarra Valley,VIC,9,185002002,R9 1650m Pace M,185002003,Harness,1650,Pace,40061849,6,Racing Paula,LOSER,32.73,LOSER,4.37,176.84,30,7.4,29,22.75,464.12,720,30,720,46.26,53.76,329.09,,,,,,23,24,1.02,0.98
5/07/2021,4:44:00 PM,4:45:16 PM,Yarra Valley,VIC,9,185002002,R9 1650m Pace M,185002003,Harness,1650,Pace,39989714,7,Sheffield Peak,LOSER,55,LOSER,8.54,90.31,70,34,55,54.44,72.49,720,34,720,83,21.28,9.98,,,,,,50,55,1.02,0.98
5/07/2021,4:44:00 PM,4:45:16 PM,Yarra Valley,VIC,9,185002002,R9 1650m Pace M,185002003,Harness,1650,Pace,40061850,8,Caruso Star,LOSER,40.93,WINNER,4.6,198.99,60,29,42,45.93,68.15,720,8,720,23.92,64.88,24.18,4.6,4.5,4.6,4.51,105.78,48,60,1.02,0.98
5/07/2021,4:44:00 PM,4:45:16 PM,Yarra Valley,VIC,9,185002002,R9 1650m Pace M,185002003,Harness,1650,Pace,40061851,9,The Falcon Prince,LOSER,31.25,LOSER,3.94,91.09,30,18.5,30,24.37,172.55,720,15,300,24.91,43.15,220.94,3.75,3.35,3.7,3.53,132.38,23,26,1.02,0.98
6/07/2021,1:17:00 PM,1:18:03 PM,Albion Park,QLD,1,185042691,R1 1660m Pace M,185042692,Harness,1660,Pace,40061852,1,Zacharooni,LOSER,28.66,LOSER,13.77,136.85,32,17,27,21.68,831.98,910,10,710,42.98,65.49,134.41,7,5.3,5.4,5.76,70.17,23,25,1.01,0.99
6/07/2021,1:17:00 PM,1:18:03 PM,Albion Park,QLD,1,185042691,R1 1660m Pace M,185042692,Harness,1660,Pace,40061853,2,Arnold Street,LOSER,19.68,WINNER,7.25,244.19,36,19,21,23.77,334.54,780,15,780,73.87,37.21,244.42,,,,,,23,24,1.01,0.99
6/07/2021,1:17:00 PM,1:18:03 PM,Albion Park,QLD,1,185042691,R1 1660m Pace M,185042692,Harness,1660,Pace,39989816,3,Future Assured,WINNER,2.31,WINNER,1.46,1693.26,2.7,1.72,2.24,2.15,12315.03,3.45,1.01,1.01,1.24,9516.96,827.36,1.51,1.33,1.51,1.39,23.83,2.34,2.36,1.01,0.99
6/07/2021,1:17:00 PM,1:18:03 PM,Albion Park,QLD,1,185042691,R1 1660m Pace M,185042692,Harness,1660,Pace,40061854,4,Zaras A Treasure,LOSER,7,LOSER,3.16,522.01,8.6,5.4,7.2,7.41,2634.43,720,6,690,34.92,94.21,313.91,2.8,2.22,2.8,2.77,15.31,7.4,7.6,1.01,0.99
6/07/2021,1:17:00 PM,1:18:03 PM,Albion Park,QLD,1,185042691,R1 1660m Pace M,185042692,Harness,1660,Pace,40061855,6,Class To The Max,LOSER,3.56,LOSER,2.51,1713.05,8.8,3.3,3.75,4.2,6531.17,720,3.1,720,8.08,559.11,274.08,2.58,1.96,2.24,2.39,327.89,3.55,3.65,1.01,0.99
6/07/2021,1:17:00 PM,1:18:03 PM,Albion Park,QLD,1,185042691,R1 1660m Pace M,185042692,Harness,1660,Pace,40061856,7,Misty Creek,LOSER,13.65,LOSER,5.23,480.62,18,10,15.5,13.55,802.31,780,12,780,34.91,68.57,282.51,,,,,,12,12.5,1.01,0.99
6/07/2021,1:53:00 PM,1:54:09 PM,Albion Park,QLD,2,185042693,R2 2647m Trot S,185042694,Harness,2647,Trot,19248890,1,Majestic Speed,LOSER,5.73,LOSER,2.05,758.75,11.5,4.8,5.7,5.17,1252.3,1000,4.6,490,11.23,335.06,434.63,2.2,1.97,2.06,2.09,64.65,5.4,5.9,1.06,0.96
6/07/2021,1:53:00 PM,1:54:09 PM,Albion Park,QLD,2,185042693,R2 2647m Trot S,185042694,Harness,2647,Trot,25267280,2,Shegotsass,LOSER,76.56,LOSER,12.09,64.47,90,26,80,62.59,11.79,1000,90,1000,477.43,7,139.99,,,,,,48,75,1.06,0.96
6/07/2021,1:53:00 PM,1:54:09 PM,Albion Park,QLD,2,185042693,R2 2647m Trot S,185042694,Harness,2647,Trot,18884930,3,The Reaper,LOSER,8.51,WINNER,2.98,285.82,9.4,5.3,8.2,6.97,432.32,1000,4.3,720,7.58,560.01,665.47,3.6,2.32,3,2.81,191.75,6,6.6,1.06,0.96
6/07/2021,1:53:00 PM,1:54:09 PM,Albion Park,QLD,2,185042693,R2 2647m Trot S,185042694,Harness,2647,Trot,12531036,4,Rosehill Magic,LOSER,32,LOSER,6.53,121.11,34,24,34,29.95,100.04,1000,5.7,740,32.58,144.61,266.31,8.8,5.7,8.8,5.92,15.92,29,32,1.06,0.96
6/07/2021,1:53:00 PM,1:54:09 PM,Albion Park,QLD,2,185042693,R2 2647m Trot S,185042694,Harness,2647,Trot,12259390,5,Aveross Don,LOSER,13.63,LOSER,4.22,360.47,17,9.6,14,11.42,339.79,720,12,490,38.81,32.5,408.75,5.7,5.7,5.7,5.7,1.53,12,13,1.06,0.96
6/07/2021,1:53:00 PM,1:54:09 PM,Albion Park,QLD,2,185042693,R2 2647m Trot S,185042694,Harness,2647,Trot,36709395,6,Hello Jolene Jolene,LOSER,5.25,LOSER,2.24,1058.32,7.6,5,5.3,5.59,492.31,1000,5.1,560,184.54,232.42,801.04,2.2,2.14,2.2,2.2,30.44,5.9,6.2,1.06,0.96
6/07/2021,1:53:00 PM,1:54:09 PM,Albion Park,QLD,2,185042693,R2 2647m Trot S,185042694,Harness,2647,Trot,10877330,7,Down Under Rors,LOSER,28,LOSER,6.64,145.81,32,13.5,28,22.95,73.64,720,26,720,251.73,9.36,255.16,,,,,,22,29,1.06,0.96
6/07/2021,1:53:00 PM,1:54:09 PM,Albion Park,QLD,2,185042693,R2 2647m Trot S,185042694,Harness,2647,Trot,28370348,8,Havana Magic,LOSER,19.5,LOSER,4.7,251.08,25,18,19.5,19.81,232.34,1000,8,1000,31.15,94.61,398.79,4.8,4.6,4.8,4.73,53.21,19,19.5,1.06,0.96
6/07/2021,1:53:00 PM,1:54:09 PM,Albion Park,QLD,2,185042693,R2 2647m Trot S,185042694,Harness,2647,Trot,18575758,9,Redriverdebba,WINNER,5.74,WINNER,2.64,997,7.2,5.4,5.7,6.1,565.57,5.8,1.01,1.01,1.5,5276.26,562.44,3.9,2.82,3.9,3.04,4.96,6.2,6.6,1.06,0.96
6/07/2021,1:53:00 PM,1:54:09 PM,Albion Park,QLD,2,185042693,R2 2647m Trot S,185042694,Harness,2647,Trot,11213965,10,Il Pirata,LOSER,11.13,WINNER,3.61,341.57,18.5,9.4,11,11.22,1352.22,110,1.29,44,2.81,505.23,408.68,4.2,4.2,4.2,4.2,0.99,10.5,12,1.06,0.96
6/07/2021,1:53:00 PM,1:54:09 PM,Albion Park,QLD,2,185042693,R2 2647m Trot S,185042694,Harness,2647,Trot,20358477,11,Melpark Magic,LOSER,27,LOSER,7.17,166.46,32,24,28,26.41,88.76,720,16.5,720,78.01,6.36,196.61,9,9,9,9,0.9,24,30,1.06,0.96
6/07/2021,2:33:00 PM,2:33:52 PM,Albion Park,QLD,3,185042695,R3 1660m Pace M,185042696,Harness,1660,Pace,40061857,1,Pride And Loud,LOSER,35.28,LOSER,6.79,197.03,46,21,34,33.94,223.96,720,32,710,43.68,40.21,215.84,7.4,7.4,7.4,7.4,12.89,25,28,1.03,0.98
6/07/2021,2:33:00 PM,2:33:52 PM,Albion Park,QLD,3,185042695,R3 1660m Pace M,185042696,Harness,1660,Pace,39098022,2,Shadys Cullect,LOSER,8.47,WINNER,2.3,415.43,9,6.6,8.6,7.59,668.3,720,3.35,710,12.78,348.06,858.84,2.2,2.2,2.2,2.2,5,6.8,7.2,1.03,0.98
6/07/2021,2:33:00 PM,2:33:52 PM,Albion Park,QLD,3,185042695,R3 1660m Pace M,185042696,Harness,1660,Pace,40061858,3,Indy Jewel,LOSER,10.12,WINNER,2.91,430.58,11.5,6.8,9.6,8.97,631.8,720,2.56,150,6.92,424.88,396.22,2.82,2.56,2.56,2.58,165.04,9.8,9,1.03,0.98
6/07/2021,2:33:00 PM,2:33:52 PM,Albion Park,QLD,3,185042695,R3 1660m Pace M,185042696,Harness,1660,Pace,40061859,4,Copy Writer,LOSER,29,LOSER,5.48,151.45,32,22,29,29.15,81.21,720,44,710,390.37,8.95,311.64,6.2,6,6.2,6.09,19.04,28,30,1.03,0.98
6/07/2021,2:33:00 PM,2:33:52 PM,Albion Park,QLD,3,185042695,R3 1660m Pace M,185042696,Harness,1660,Pace,40061860,5,Head Noise,LOSER,5.98,LOSER,2.14,701.48,6.8,5.2,5.8,5.71,797.97,720,1.7,720,6.83,395.96,589.08,2.24,1.92,2.08,2.19,189.47,5.1,5.3,1.03,0.98
6/07/2021,2:33:00 PM,2:33:52 PM,Albion Park,QLD,3,185042695,R3 1660m Pace M,185042696,Harness,1660,Pace,39905468,6,Betting Origin,LOSER,21.76,LOSER,10.81,228.71,27,19,21,22.87,130.55,720,18,720,91.26,15.63,161.72,20,5,20,6.52,48.21,23,25,1.03,0.98
6/07/2021,2:33:00 PM,2:33:52 PM,Albion Park,QLD,3,185042695,R3 1660m Pace M,185042696,Harness,1660,Pace,40061861,7,Torque Tothe Music,WINNER,6.8,WINNER,2.39,626.99,7.8,5.7,6.4,6.69,782.42,17,1.01,1.01,1.37,4170.97,653.41,2.44,2.16,2.18,2.36,286.14,6.8,7,1.03,0.98
6/07/2021,2:33:00 PM,2:33:52 PM,Albion Park,QLD,3,185042695,R3 1660m Pace M,185042696,Harness,1660,Pace,40061862,8,Shakalakaboomboom,LOSER,68.43,LOSER,22.96,88.35,75,22,70,57.08,98.52,940,90,780,235.61,12.23,24.16,10,8.6,8.8,9.05,6.84,50,65,1.03,0.98
6/07/2021,2:33:00 PM,2:33:52 PM,Albion Park,QLD,3,185042695,R3 1660m Pace M,185042696,Harness,1660,Pace,40061863,9,Harley Blue,LOSER,3.21,LOSER,1.51,1907.43,3.8,2.76,3.05,3.1,9075.39,1000,2.5,1000,5.22,1861.53,960.53,1.57,1.44,1.57,1.52,47.51,3.4,3.65,1.03,0.98
6/07/2021,3:12:00 PM,3:12:37 PM,Albion Park,QLD,4,185042697,R4 2680m Pace M,185042698,Harness,2680,Pace,15313918,1,Nurburgring,LOSER,12.17,WINNER,4.54,809.31,17.5,6.2,14.5,12.14,1632.83,720,4.1,490,20.87,174.14,224.06,5.6,3.35,4.8,4.79,137.54,13,14.5,1.03,0.98
6/07/2021,3:12:00 PM,3:12:37 PM,Albion Park,QLD,4,185042697,R4 2680m Pace M,185042698,Harness,2680,Pace,8606265,2,Admiral Bronski,LOSER,220,LOSER,70,40.33,320,23,320,170.44,78.98,990,120,120,396.52,3.77,10,55,13.5,55,15.06,7.6,170,210,1.03,0.98
6/07/2021,3:12:00 PM,3:12:37 PM,Albion Park,QLD,4,185042697,R4 2680m Pace M,185042698,Harness,2680,Pace,13757769,4,Our Wall Street Wolf,LOSER,105.44,LOSER,25.89,58.86,190,65,180,106.17,149.99,1000,100,1000,671.67,3.73,66.11,17.5,10.5,17,15.05,31.33,85,120,1.03,0.98
6/07/2021,3:12:00 PM,3:12:37 PM,Albion Park,QLD,4,185042697,R4 2680m Pace M,185042698,Harness,2680,Pace,12023681,5,Ellmers Image,WINNER,2.46,WINNER,1.53,2812.36,2.9,2.1,2.46,2.43,12850.71,2.46,1.01,1.01,1.38,10171.54,758.36,1.71,1.31,1.66,1.56,696.41,2.48,2.58,1.03,0.98
6/07/2021,3:12:00 PM,3:12:37 PM,Albion Park,QLD,4,185042697,R4 2680m Pace M,185042698,Harness,2680,Pace,20880182,6,Kid Montana,LOSER,11.53,LOSER,2.95,714.63,15.5,7.4,11.5,8.95,2713.59,1000,7.4,720,27.68,107.92,342.78,3.2,2.8,2.82,2.92,116.13,8.8,9.6,1.03,0.98
6/07/2021,3:12:00 PM,3:12:37 PM,Albion Park,QLD,4,185042697,R4 2680m Pace M,185042698,Harness,2680,Pace,12282062,7,Clintal Do,LOSER,2.6,LOSER,1.44,2204.74,3.45,2.32,2.38,2.51,16351.62,1000,2.2,690,3.54,1830.05,942.08,1.71,1.41,1.41,1.49,312.43,2.4,2.44,1.03,0.98
6/07/2021,3:47:00 PM,3:47:36 PM,Albion Park,QLD,5,185042699,R5 1660m Pace M,185042700,Harness,1660,Pace,12573498,1,Major Grandeur,WINNER,22.4,WINNER,4.84,282.77,23,12,22,14.78,769.23,65,1.01,1.01,1.7,4436.77,172.8,4.3,3.45,3.45,3.88,9.79,16.5,18,1.02,0.97
6/07/2021,3:47:00 PM,3:47:36 PM,Albion Park,QLD,5,185042699,R5 1660m Pace M,185042700,Harness,1660,Pace,12986496,2,Major Lucky,LOSER,7.6,LOSER,2.57,580.66,8.4,5.9,7.6,7.27,1987.73,1000,12,1000,60.74,34.14,658.73,2.6,2.16,2.6,2.4,82.64,7.2,7.6,1.02,0.97
6/07/2021,3:47:00 PM,3:47:36 PM,Albion Park,QLD,5,185042699,R5 1660m Pace M,185042700,Harness,1660,Pace,19583054,3,Newmerella Ladykay,LOSER,12.87,LOSER,3.43,374.97,15,5.3,13,9.56,645.62,880,7.8,880,36.25,88.35,376.44,2.24,2.24,2.24,2.24,1.74,12.5,13,1.02,0.97
6/07/2021,3:47:00 PM,3:47:36 PM,Albion Park,QLD,5,185042699,R5 1660m Pace M,185042700,Harness,1660,Pace,35934725,4,Aye Aye Captain,LOSER,3.81,WINNER,1.76,1573.85,4.7,3.4,3.85,4.02,6868.01,1000,1.13,1000,2.42,2621.82,1035.28,1.88,1.71,1.71,1.83,78.72,3.85,3.95,1.02,0.97
6/07/2021,3:47:00 PM,3:47:36 PM,Albion Park,QLD,5,185042699,R5 1660m Pace M,185042700,Harness,1660,Pace,21629557,5,Kwasii,LOSER,5.55,LOSER,2.2,706.04,8,4.8,5.8,5.85,1982.83,1000,2.5,1000,8.14,344.21,658.96,2.6,1.62,2.28,2.19,475.58,5.9,6.2,1.02,0.97
6/07/2021,3:47:00 PM,3:47:36 PM,Albion Park,QLD,5,185042699,R5 1660m Pace M,185042700,Harness,1660,Pace,36036974,6,Office Bad Boy,LOSER,186.77,LOSER,38,75.8,230,27,180,140.64,46.94,1000,310,1000,634.31,1.75,9.99,,,,,,100,130,1.02,0.97
6/07/2021,3:47:00 PM,3:47:36 PM,Albion Park,QLD,5,185042699,R5 1660m Pace M,185042700,Harness,1660,Pace,38352073,7,Midnight Blast,LOSER,220,LOSER,85,25.71,330,100,300,268.99,35.64,1000,420,1000,855.89,5.01,9.97,17,17,17,17,5,160,230,1.02,0.97
6/07/2021,3:47:00 PM,3:47:36 PM,Albion Park,QLD,5,185042699,R5 1660m Pace M,185042700,Harness,1660,Pace,17550333,8,Jay Dee Be Rollin,LOSER,6.87,LOSER,2.3,1041.97,17,5.8,6.8,7.9,1806.61,720,6,280,17.3,134.96,687.7,2.76,2.02,2.06,2.07,196.29,5.9,6.4,1.02,0.97
6/07/2021,3:47:00 PM,3:47:36 PM,Albion Park,QLD,5,185042699,R5 1660m Pace M,185042700,Harness,1660,Pace,11260584,9,Sir Semper Fidelis,LOSER,127.48,LOSER,31.33,47,180,27,100,121.57,62.75,1000,50,1000,472.08,6.84,9.99,,,,,,140,150,1.02,0.97
6/07/2021,3:47:00 PM,3:47:36 PM,Albion Park,QLD,5,185042699,R5 1660m Pace M,185042700,Harness,1660,Pace,38139124,10,Timenpatience,LOSER,8,WINNER,2.42,716.82,10.5,7,8,8.5,581.31,110,1.3,110,4.43,492.51,265.12,3,2.42,2.42,2.45,55.91,8.2,8.6,1.02,0.97
6/07/2021,4:22:00 PM,4:23:04 PM,Albion Park,QLD,6,185042701,R6 1660m Pace M,185042702,Harness,1660,Pace,9506326,1,Ideal Investment,LOSER,3.65,LOSER,1.57,2479.81,5.8,3.5,3.65,3.98,5710.07,880,2.78,880,7.15,610.26,1163.25,1.7,1.56,1.56,1.63,246.73,3.65,3.8,1.03,0.97
6/07/2021,4:22:00 PM,4:23:04 PM,Albion Park,QLD,6,185042701,R6 1660m Pace M,185042702,Harness,1660,Pace,40061865,2,This Ones For You,LOSER,4.43,LOSER,1.61,2616.82,5.4,3.95,4.5,4.84,4002.13,720,3.5,480,6.55,700.76,1748.42,1.7,1.59,1.64,1.64,485.58,4.7,5.1,1.03,0.97
6/07/2021,4:22:00 PM,4:23:04 PM,Albion Park,QLD,6,185042701,R6 1660m Pace M,185042702,Harness,1660,Pace,6423213,4,Lancelot Bromac,LOSER,160,LOSER,28.54,54.15,230,70,220,128.73,42.99,960,130,720,190.16,18.14,61.1,,,,,,110,120,1.03,0.97
6/07/2021,4:22:00 PM,4:23:04 PM,Albion Park,QLD,6,185042701,R6 1660m Pace M,185042702,Harness,1660,Pace,36214929,5,Mongolian Conqueror,LOSER,6.23,LOSER,2.64,804.5,7.2,4.8,5.8,6.2,2860.85,1000,1.55,250,12.37,481.41,318.2,3,1.7,2.46,2.67,767.59,6.6,6.8,1.03,0.97
6/07/2021,4:22:00 PM,4:23:04 PM,Albion Park,QLD,6,185042701,R6 1660m Pace M,185042702,Harness,1660,Pace,35382103,6,Snuggles Banyula,LOSER,60.8,LOSER,8.97,153.17,100,50,60,63.22,100.71,720,10,480,53.14,30.59,149.8,8,8,8,8,10,50,55,1.03,0.97
6/07/2021,4:22:00 PM,4:23:04 PM,Albion Park,QLD,6,185042701,R6 1660m Pace M,185042702,Harness,1660,Pace,20075740,7,Major Slip Up,LOSER,499.46,LOSER,80.62,8.8,540,150,360,341.95,19.23,720,720,720,720,0.06,29.93,14.5,14.5,14.5,14.5,5,230,340,1.03,0.97
6/07/2021,4:22:00 PM,4:23:04 PM,Albion Park,QLD,6,185042701,R6 1660m Pace M,185042702,Harness,1660,Pace,21464192,8,Captains Pick,LOSER,10.56,WINNER,2.29,448.85,26,9.2,10.5,11.82,1210.25,780,3.35,780,7.82,410.17,1122.38,6,2.26,2.36,2.41,664.32,9.4,10,1.03,0.97
6/07/2021,4:22:00 PM,4:23:04 PM,Albion Park,QLD,6,185042701,R6 1660m Pace M,185042702,Harness,1660,Pace,40061866,9,Misstrepo,LOSER,32.01,WINNER,4.6,223.92,30,15,27,19.12,845.2,910,20,720,44.49,41.85,339.77,4.9,3.9,4.9,4.3,27.36,27,29,1.03,0.97
6/07/2021,4:22:00 PM,4:23:04 PM,Albion Park,QLD,6,185042701,R6 1660m Pace M,185042702,Harness,1660,Pace,40061867,10,Mullum Flo,WINNER,5.07,WINNER,1.76,1017.57,5.3,3.3,5,4.38,5685.46,9.4,1.01,1.01,1.12,10975.5,814.36,1.79,1.53,1.71,1.66,75.48,4.7,4.9,1.03,0.97
6/07/2021,5:00:00 PM,5:01:00 PM,Albion Park,QLD,7,185042703,R7 1660m Pace M,185042704,Harness,1660,Pace,14535201,1,Beachboy Butch,LOSER,18.88,LOSER,3.2,470.51,22,9,18.5,15.05,966.31,1000,18,1000,40.53,175.16,865.17,3.2,2.82,3.2,3.06,291.32,15,16.5,1.02,0.98
6/07/2021,5:00:00 PM,5:01:00 PM,Albion Park,QLD,7,185042703,R7 1660m Pace M,185042704,Harness,1660,Pace,24632258,2,Torque Onetwothree,LOSER,119.87,LOSER,9.35,43.49,100,46,100,90.27,36.26,1000,60,1000,308.31,14.46,19.51,9.4,9.2,9.4,9.35,10.57,85,95,1.02,0.98
6/07/2021,5:00:00 PM,5:01:00 PM,Albion Park,QLD,7,185042703,R7 1660m Pace M,185042704,Harness,1660,Pace,1401349,3,Notorious,LOSER,295.07,LOSER,24.94,19.42,290,27,290,143.56,38.48,1000,44,1000,184.46,12.86,70.67,12,12,12,12,20,160,250,1.02,0.98
6/07/2021,5:00:00 PM,5:01:00 PM,Albion Park,QLD,7,185042703,R7 1660m Pace M,185042704,Harness,1660,Pace,28230590,4,Mistery Road,LOSER,11.26,WINNER,2.16,535.21,16.5,5.7,11,11.01,1204.19,780,7.4,780,36.93,77.42,789.99,2.66,1.73,2.1,2.09,640.2,11.5,12.5,1.02,0.98
6/07/2021,5:00:00 PM,5:01:00 PM,Albion Park,QLD,7,185042703,R7 1660m Pace M,185042704,Harness,1660,Pace,12945086,5,Young Conqueror,LOSER,47.15,LOSER,6.53,250.79,70,21,50,47.82,334.75,930,46,930,122.07,21.8,275.2,8.4,6.6,6.6,7.21,26.33,44,50,1.02,0.98
6/07/2021,5:00:00 PM,5:01:00 PM,Albion Park,QLD,7,185042703,R7 1660m Pace M,185042704,Harness,1660,Pace,7296978,6,The Banker,LOSER,34.05,LOSER,4.86,212.07,36,11,32,21.88,420.55,1000,11,1000,191.56,50.97,390.49,5,3.5,5,4.27,65.63,29,34,1.02,0.98
6/07/2021,5:00:00 PM,5:01:00 PM,Albion Park,QLD,7,185042703,R7 1660m Pace M,185042704,Harness,1660,Pace,3103354,7,Captain Kirk,LOSER,24,LOSER,3.75,418.63,24,11.5,23,19.97,304.96,910,12,710,57.65,55.78,851.96,3.75,3.4,3.75,3.73,48.41,20,21,1.02,0.98
6/07/2021,5:00:00 PM,5:01:00 PM,Albion Park,QLD,7,185042703,R7 1660m Pace M,185042704,Harness,1660,Pace,28092184,8,Captain Crusader,WINNER,2.56,WINNER,1.38,4044.27,4,2.7,2.74,2.99,5642.05,3.5,1.01,1.01,1.3,12039.69,1345.93,1.74,1.3,1.32,1.37,1254.44,2.74,2.82,1.02,0.98
6/07/2021,5:00:00 PM,5:01:00 PM,Albion Park,QLD,7,185042703,R7 1660m Pace M,185042704,Harness,1660,Pace,35818952,9,He Aint Fakin,LOSER,2.54,WINNER,1.34,2387.69,3.85,2.28,2.54,2.55,8732.3,100,1.9,65,3.41,1275.15,1159.13,1.46,1.3,1.34,1.38,911.17,2.66,2.7,1.02,0.98
6/07/2021,5:30:00 PM,5:31:06 PM,Albion Park,QLD,8,185042705,R8 1660m Pace M,185042706,Harness,1660,Pace,36430776,1,Soho Tsunami,WINNER,2.6,WINNER,1.34,2991.09,5.4,2.46,2.54,2.92,6867.63,4.3,1.01,1.01,2,7572.76,1453.26,1.72,1.33,1.49,1.45,424.76,2.9,2.94,1.02,0.98
6/07/2021,5:30:00 PM,5:31:06 PM,Albion Park,QLD,8,185042705,R8 1660m Pace M,185042706,Harness,1660,Pace,20514217,2,Royal Aurora,LOSER,16.5,WINNER,3.95,579.36,18,9,17,15.23,689.57,780,9.6,780,19.35,163,347.3,3.2,3.1,3.1,3.1,12.89,16,17,1.02,0.98
6/07/2021,5:30:00 PM,5:31:06 PM,Albion Park,QLD,8,185042705,R8 1660m Pace M,185042706,Harness,1660,Pace,20258385,3,Much Bettor,LOSER,9.2,LOSER,3.41,636.47,15,9,9.2,9.71,524.71,170,1.8,90,10.99,147.99,445.38,3,2.86,3,2.99,6.63,9.4,10,1.02,0.98
6/07/2021,5:30:00 PM,5:31:06 PM,Albion Park,QLD,8,185042705,R8 1660m Pace M,185042706,Harness,1660,Pace,12356775,4,Mark Of Integrity,LOSER,14,LOSER,4.08,514.56,15,8.2,14,11.64,580.23,1000,2.76,720,8.15,511.81,474.19,3.4,2.7,3.4,3.17,106.35,12,12.5,1.02,0.98
6/07/2021,5:30:00 PM,5:31:06 PM,Albion Park,QLD,8,185042705,R8 1660m Pace M,185042706,Harness,1660,Pace,22834230,5,Always A Secret,LOSER,11.19,WINNER,3.15,515.11,12,9,11,10.36,454.9,780,6,490,15.66,81.77,453.29,3.2,2.8,3.15,3.18,50.92,9.4,10,1.02,0.98
6/07/2021,5:30:00 PM,5:31:06 PM,Albion Park,QLD,8,185042705,R8 1660m Pace M,185042706,Harness,1660,Pace,6276152,7,Reddy Fire,LOSER,450,LOSER,102.5,39.95,820,150,740,324.85,50.96,1000,440,1000,478.28,7.65,,,,,,,430,510,1.02,0.98
6/07/2021,5:30:00 PM,5:31:06 PM,Albion Park,QLD,8,185042705,R8 1660m Pace M,185042706,Harness,1660,Pace,38923579,8,Moreau Drive,LOSER,7.04,LOSER,2.07,1012.74,9.4,4.7,7.8,7.55,2585.87,720,5.7,480,10.97,230.63,742.23,2.68,1.99,2.26,2.4,1728.63,8.6,8.8,1.02,0.98
6/07/2021,5:30:00 PM,5:31:06 PM,Albion Park,QLD,8,185042705,R8 1660m Pace M,185042706,Harness,1660,Pace,8644199,9,Vinny Chase,LOSER,9.43,LOSER,3.24,832.15,11,7,10,8.32,1047.59,1000,9.2,480,25.02,137.3,531.59,2.86,2.42,2.86,2.78,138.16,8,8.6,1.02,0.98
6/07/2021,5:30:00 PM,5:31:06 PM,Albion Park,QLD,8,185042705,R8 1660m Pace M,185042706,Harness,1660,Pace,36241377,10,Our Uncle Jim,LOSER,16.12,LOSER,3.52,415.37,19,11.5,17.5,15.01,607.78,1000,3,1000,21.06,211.27,451.12,3.05,3.05,3.05,3.05,0.31,13.5,14,1.02,0.98
6/07/2021,6:01:00 PM,6:01:49 PM,Albion Park,QLD,9,185042707,R9 2138m Pace M,185042708,Harness,2138,Pace,35790842,1,Our Action Man,LOSER,4.89,LOSER,1.95,871.35,5.5,3.45,5.1,4.49,1756.38,480,4,480,9.94,290.92,345.07,1.61,1.6,1.6,1.61,147.85,4.9,5.5,1.04,0.97
6/07/2021,6:01:00 PM,6:01:49 PM,Albion Park,QLD,9,185042707,R9 2138m Pace M,185042708,Harness,2138,Pace,35818847,2,Itz Major Rich,LOSER,3.22,WINNER,1.47,2229.09,5.3,3.15,3.3,3.87,2770.96,150,2,150,2.53,1941.77,944.72,1.89,1.46,1.49,1.51,246.68,3.9,4,1.04,0.97
6/07/2021,6:01:00 PM,6:01:49 PM,Albion Park,QLD,9,185042707,R9 2138m Pace M,185042708,Harness,2138,Pace,33949031,3,Its Super Easy,LOSER,146.28,LOSER,24,38.17,150,75,140,87.52,22.58,720,50,720,252.14,6.47,78.04,24,8.6,24,9.42,15.85,80,110,1.04,0.97
6/07/2021,6:01:00 PM,6:01:49 PM,Albion Park,QLD,9,185042707,R9 2138m Pace M,185042708,Harness,2138,Pace,27259577,4,Ohoka Chopper,WINNER,3.78,WINNER,1.82,1653.66,4.6,2.96,3.8,3.73,4430.05,3.75,1.01,1.01,2.04,6137.01,710.06,1.89,1.48,1.68,1.62,418.28,3.5,3.65,1.04,0.97
6/07/2021,6:01:00 PM,6:01:49 PM,Albion Park,QLD,9,185042707,R9 2138m Pace M,185042708,Harness,2138,Pace,27274429,5,Albion Ark,LOSER,513.21,LOSER,274.86,31.95,570,260,490,379.16,72.85,720,240,240,480,0.12,9.4,990,110,110,271.94,4.84,260,340,1.04,0.97
6/07/2021,6:01:00 PM,6:01:49 PM,Albion Park,QLD,9,185042707,R9 2138m Pace M,185042708,Harness,2138,Pace,40061868,6,Luvhavinfun,LOSER,10.5,LOSER,2.91,471.22,15.5,9,10,10.39,743.23,1000,3,720,22.47,222.92,400.15,2.84,2.7,2.72,2.75,28.15,10.5,11,1.04,0.97
6/07/2021,6:01:00 PM,6:01:49 PM,Albion Park,QLD,9,185042707,R9 2138m Pace M,185042708,Harness,2138,Pace,31546308,8,Mollys Secret,LOSER,87.55,LOSER,18.9,65.63,110,50,85,82.4,16.09,720,120,720,207.81,6.63,99.96,21,15.5,21,17.92,0.12,85,110,1.04,0.97
6/07/2021,6:01:00 PM,6:01:49 PM,Albion Park,QLD,9,185042707,R9 2138m Pace M,185042708,Harness,2138,Pace,27453983,9,Il Maximus,LOSER,405.96,LOSER,118.86,28.75,440,130,350,273.81,24.61,720,7.4,27,153.94,12.94,0.35,260,15.5,80,19.68,5.33,200,340,1.04,0.97
6/07/2021,6:01:00 PM,6:01:49 PM,Albion Park,QLD,9,185042707,R9 2138m Pace M,185042708,Harness,2138,Pace,1542267,10,King Of Trumps,LOSER,9.49,WINNER,2.08,683.71,11,5.7,9.4,7.42,1723.1,280,4.3,280,10.04,275.53,987.26,2.44,2.06,2.08,2.07,160.28,6.6,7,1.04,0.97
6/07/2021,6:01:00 PM,6:01:49 PM,Albion Park,QLD,9,185042707,R9 2138m Pace M,185042708,Harness,2138,Pace,40061869,11,Ark Me,LOSER,100,LOSER,68.04,45.12,170,22,95,111.24,30.84,720,70,270,194.06,9.69,25.94,990,38,990,59.05,1.88,100,150,1.04,0.97
6/07/2021,7:20:00 PM,7:20:52 PM,Gloucester Park,WA,1,185042727,R1 2130m Pace M,185042728,Harness,2130,Pace,40061902,1,Lewis William,LOSER,212.65,LOSER,19.5,69.85,330,160,210,227.55,18.99,720,460,720,550.94,1.2,,25,14.5,21,17.78,24.89,230,250,1.02,0.99
6/07/2021,7:20:00 PM,7:20:52 PM,Gloucester Park,WA,1,185042727,R1 2130m Pace M,185042728,Harness,2130,Pace,35382070,2,American Dutchess,LOSER,391.69,LOSER,38.21,83.29,480,160,480,354.28,74.01,800,720,800,787.23,0.42,36.31,270,14.5,34,22.3,38.64,370,430,1.02,0.99
6/07/2021,7:20:00 PM,7:20:52 PM,Gloucester Park,WA,1,185042727,R1 2130m Pace M,185042728,Harness,2130,Pace,28737956,3,Allwood Wizard,LOSER,48,WINNER,7.92,202.79,60,22,48,46.36,98.05,780,9.4,480,58.74,27.7,140.18,8,6.4,7,7.31,89.21,46,50,1.02,0.99
6/07/2021,7:20:00 PM,7:20:52 PM,Gloucester Park,WA,1,185042727,R1 2130m Pace M,185042728,Harness,2130,Pace,36682178,4,Under The Alta,LOSER,16.64,WINNER,4.08,374.01,21,8.4,16.5,15.41,345.13,720,2.2,720,5.47,580.81,449.03,4.4,3.6,4,4.08,35.08,16.5,17.5,1.02,0.99
6/07/2021,7:20:00 PM,7:20:52 PM,Gloucester Park,WA,1,185042727,R1 2130m Pace M,185042728,Harness,2130,Pace,39150280,5,Hillview Bondi,LOSER,5.09,LOSER,1.99,978,19,4.6,5.2,5.82,3666.81,720,3,580,11.86,199.3,395.81,2.44,1.9,1.96,2.07,239.78,5.2,5.3,1.02,0.99
6/07/2021,7:20:00 PM,7:20:52 PM,Gloucester Park,WA,1,185042727,R1 2130m Pace M,185042728,Harness,2130,Pace,27870812,6,Chance Eclipse,LOSER,4.05,LOSER,2.08,1170.83,9.4,3.8,4,4.35,4760.37,720,3,690,6.53,366.36,510.55,2.02,1.85,1.99,1.95,392.49,3.9,4,1.02,0.99
6/07/2021,7:20:00 PM,7:20:52 PM,Gloucester Park,WA,1,185042727,R1 2130m Pace M,185042728,Harness,2130,Pace,28430016,7,Makaila,LOSER,227.91,LOSER,117.04,74.86,460,190,240,253.93,18.23,720,490,720,572.26,1.18,10.04,29,29,29,29,5.04,260,420,1.02,0.99
6/07/2021,7:20:00 PM,7:20:52 PM,Gloucester Park,WA,1,185042727,R1 2130m Pace M,185042728,Harness,2130,Pace,39446970,8,Orlando Blue,WINNER,6.38,WINNER,2.42,754.45,7.8,5.2,6.6,6.18,11946.23,11.5,1.01,1.01,2.14,2306.01,600.15,2.5,1.98,2.44,2.19,2037.82,6.8,7,1.02,0.99
6/07/2021,7:20:00 PM,7:20:52 PM,Gloucester Park,WA,1,185042727,R1 2130m Pace M,185042728,Harness,2130,Pace,39905439,9,Cachinnation,LOSER,6.8,LOSER,2.58,603.09,8.6,2.32,6.6,5.43,3902.55,1000,3.25,1000,29.02,368.01,478.46,2.44,1.45,2.44,2.04,162.77,5.6,5.7,1.02,0.99
6/07/2021,7:20:00 PM,7:20:52 PM,Gloucester Park,WA,1,185042727,R1 2130m Pace M,185042728,Harness,2130,Pace,26323789,10,The Swiss Maestro,LOSER,11.12,LOSER,3.52,692.73,17.5,10.5,11.5,13.52,631.15,720,8.8,300,27.3,39.18,475.84,3.4,3.4,3.4,3.4,0.35,13,14,1.02,0.99
6/07/2021,7:20:00 PM,7:20:52 PM,Gloucester Park,WA,1,185042727,R1 2130m Pace M,185042728,Harness,2130,Pace,1303411,11,Make It Quick,LOSER,21.47,LOSER,5.05,407.24,34,21,21,24.42,285.17,720,21,720,30.95,63.45,183.38,5,4.8,4.8,4.86,18.98,23,24,1.02,0.99
6/07/2021,7:20:00 PM,7:20:52 PM,Gloucester Park,WA,1,185042727,R1 2130m Pace M,185042728,Harness,2130,Pace,22213039,12,Ghostwriter,LOSER,25,LOSER,6.76,245.6,48,21,25,29.26,402.35,720,5,720,23.2,71.32,192.9,8,5.8,6.4,6.29,208.42,30,34,1.02,0.99
6/07/2021,7:50:00 PM,7:51:01 PM,Gloucester Park,WA,2,185042729,R2 2130m Pace M,185042730,Harness,2130,Pace,25267521,1,Beejays Star,WINNER,22.19,WINNER,1.76,248.15,34,20,25,24.97,197.94,80,1.03,1.04,4.07,405.13,689.01,2.3,1.76,1.77,2.05,904.83,26,27,1.02,0.99
6/07/2021,7:50:00 PM,7:51:01 PM,Gloucester Park,WA,2,185042729,R2 2130m Pace M,185042730,Harness,2130,Pace,22124689,2,Adda Tarantella,LOSER,1.31,WINNER,1.14,3606.98,2.1,1.28,1.29,1.34,21205.46,29,1.05,29,1.22,4690.56,1432.35,1.19,1.07,1.16,1.1,1326.03,1.31,1.33,1.02,0.99
6/07/2021,7:50:00 PM,7:51:01 PM,Gloucester Park,WA,2,185042729,R2 2130m Pace M,185042730,Harness,2130,Pace,25000383,3,Advance Your Dream,LOSER,14,LOSER,2.4,342.48,27,14.5,17.5,17.78,542.98,720,13.5,720,27.64,46.95,357.43,2.7,1.96,1.96,2.04,14.88,16,17.5,1.02,0.99
6/07/2021,7:50:00 PM,7:51:01 PM,Gloucester Park,WA,2,185042729,R2 2130m Pace M,185042730,Harness,2130,Pace,25632828,4,Good Day Sunshine,LOSER,337.2,WINNER,29.6,77.48,460,180,460,273.95,67.71,1000,460,1000,649.16,1.51,,,,,,,320,390,1.02,0.99
6/07/2021,7:50:00 PM,7:51:01 PM,Gloucester Park,WA,2,185042729,R2 2130m Pace M,185042730,Harness,2130,Pace,26336809,5,Batavia Silverline,LOSER,48.91,LOSER,8.4,170.12,140,26,70,75.7,56.65,720,48,720,70.12,22.16,,4.3,4.3,4.3,4.3,0.17,60,80,1.02,0.99
6/07/2021,7:50:00 PM,7:51:01 PM,Gloucester Park,WA,2,185042729,R2 2130m Pace M,185042730,Harness,2130,Pace,26898681,6,Major Jade,LOSER,17.81,LOSER,2.63,314.49,19.5,10.5,18.5,14.39,416.6,720,16.5,720,80.75,34.53,608.1,2.36,1.98,1.98,2.02,3.42,15.5,16.5,1.02,0.99
6/07/2021,7:50:00 PM,7:51:01 PM,Gloucester Park,WA,2,185042729,R2 2130m Pace M,185042730,Harness,2130,Pace,39820929,7,Altas Angel,LOSER,16.73,LOSER,2.22,356.25,20,7.2,20,14.16,592.45,720,11,720,27.74,46.26,460.6,2.9,2.02,2.9,2.51,175.87,17.5,18,1.02,0.99
6/07/2021,7:50:00 PM,7:51:01 PM,Gloucester Park,WA,2,185042729,R2 2130m Pace M,185042730,Harness,2130,Pace,10988760,8,Truleylucky,LOSER,100,LOSER,5.8,116.18,180,70,150,117.34,62.9,830,100,830,164.36,3.67,302.64,7.2,5.8,5.8,6.38,283.49,95,100,1.02,0.99
6/07/2021,7:50:00 PM,7:51:01 PM,Gloucester Park,WA,2,185042729,R2 2130m Pace M,185042730,Harness,2130,Pace,16920972,9,Miss Camouflage,LOSER,403.01,LOSER,674.72,53.84,500,400,500,427.65,23.01,720,400,500,408.71,14.16,0.18,980,55,110,642.97,0.18,420,490,1.02,0.99
6/07/2021,8:20:00 PM,8:20:53 PM,Gloucester Park,WA,3,185042731,R3 2536m Pace M,185042732,Harness,2536,Pace,21723980,1,Our Sequel,WINNER,1.93,WINNER,1.28,3061.4,2.4,1.89,1.91,2.07,21571.63,2.9,1.01,1.01,1.61,7370.23,1325.52,1.4,1.28,1.31,1.32,790.65,1.99,2.02,1.01,0.99
6/07/2021,8:20:00 PM,8:20:53 PM,Gloucester Park,WA,3,185042731,R3 2536m Pace M,185042732,Harness,2536,Pace,24527204,2,Pierre Whitby,LOSER,3.31,WINNER,1.55,1686.73,3.55,2.54,3.2,2.94,10062.37,1000,1.64,1000,6,937.78,1167.66,1.67,1.41,1.56,1.51,48.81,2.94,2.98,1.01,0.99
6/07/2021,8:20:00 PM,8:20:53 PM,Gloucester Park,WA,3,185042731,R3 2536m Pace M,185042732,Harness,2536,Pace,39820924,4,Our Star Watch,LOSER,10.2,LOSER,3.6,608.83,12.5,5.2,10,9.82,1514,1000,8.6,210,22.62,92.74,178.89,3.5,2.66,2.98,3.04,80.17,10,10.5,1.01,0.99
6/07/2021,8:20:00 PM,8:20:53 PM,Gloucester Park,WA,3,185042731,R3 2536m Pace M,185042732,Harness,2536,Pace,16249755,5,Be On Guard,LOSER,74.08,LOSER,197.04,139.26,120,26,100,75.05,71.14,1000,120,1000,257.77,4.97,0.22,240,60,240,96.43,0.19,85,110,1.01,0.99
6/07/2021,8:20:00 PM,8:20:53 PM,Gloucester Park,WA,3,185042731,R3 2536m Pace M,185042732,Harness,2536,Pace,24525195,6,The Righteous,LOSER,103.05,LOSER,76.67,138.12,250,26,110,126.18,92.19,1000,200,1000,648.59,1.9,6.28,20,20,20,20,0.17,130,160,1.01,0.99
6/07/2021,8:20:00 PM,8:20:53 PM,Gloucester Park,WA,3,185042731,R3 2536m Pace M,185042732,Harness,2536,Pace,15071507,7,Baylan Jett,LOSER,30.7,LOSER,15,261.36,50,18.5,30,34.03,317.37,1000,15,1000,86.84,56.94,121.98,,,,,,40,42,1.01,0.99
6/07/2021,8:20:00 PM,8:20:53 PM,Gloucester Park,WA,3,185042731,R3 2536m Pace M,185042732,Harness,2536,Pace,12892359,8,Ace Bromac,LOSER,32.6,LOSER,13.7,259.93,65,30,32,39.35,175.08,1000,20,1000,68.87,28.05,128.65,,,,,,36,38,1.01,0.99
6/07/2021,8:50:00 PM,8:51:13 PM,Gloucester Park,WA,4,185042733,R4 2130m Pace M,185042734,Harness,2130,Pace,18165508,1,Strike Master,WINNER,21.88,WINNER,3.81,302.39,25,14.5,21,20.68,276.91,560,1.05,1.05,4.87,1166.44,540.44,3.45,3.25,3.25,3.29,328.45,21,25,1.03,0.97
6/07/2021,8:50:00 PM,8:51:13 PM,Gloucester Park,WA,4,185042733,R4 2130m Pace M,185042734,Harness,2130,Pace,37081836,2,Patrikiar,LOSER,142.88,LOSER,14.57,83.44,280,100,220,162.56,73.01,990,95,990,207.96,19.76,79.79,16.5,10.5,11.5,13.8,73.77,190,220,1.03,0.97
6/07/2021,8:50:00 PM,8:51:13 PM,Gloucester Park,WA,4,185042733,R4 2130m Pace M,185042734,Harness,2130,Pace,39890228,3,Pontevivo,LOSER,87.25,LOSER,9.4,93.24,110,65,100,80.31,62.43,950,27,950,83.26,24.65,95.63,14.5,8.6,8.6,9.59,76.09,80,90,1.03,0.97
6/07/2021,8:50:00 PM,8:51:13 PM,Gloucester Park,WA,4,185042733,R4 2130m Pace M,185042734,Harness,2130,Pace,35264706,4,Our Shelley Beach,LOSER,8.4,WINNER,2.63,501.03,10.5,3.9,9.4,8.1,1098.45,65,1.05,65,2.41,3755.65,657.11,2.98,2.22,2.52,2.52,30.08,8.2,9,1.03,0.97
6/07/2021,8:50:00 PM,8:51:13 PM,Gloucester Park,WA,4,185042733,R4 2130m Pace M,185042734,Harness,2130,Pace,36341802,5,Beach Start,LOSER,3.95,LOSER,1.58,1070.77,4.9,3.6,4.1,4.15,2818.9,720,3.2,720,9.45,305.91,902.14,1.7,1.47,1.65,1.63,480.93,4.1,4.4,1.03,0.97
6/07/2021,8:50:00 PM,8:51:13 PM,Gloucester Park,WA,4,185042733,R4 2130m Pace M,185042734,Harness,2130,Pace,27870801,6,The Good Life,LOSER,4.84,WINNER,1.54,1003.38,6.6,3.5,4.7,4.69,3640.32,720,3,720,11.26,186.75,1087.2,1.98,1.53,1.67,1.71,295.48,5.8,6,1.03,0.97
6/07/2021,8:50:00 PM,8:51:13 PM,Gloucester Park,WA,4,185042733,R4 2130m Pace M,185042734,Harness,2130,Pace,21517808,7,Cracka Tinny,LOSER,341.57,LOSER,1000,69.56,500,240,390,351.09,76.95,720,230,720,574.67,1,0.06,280,90,90,193,0.04,260,480,1.03,0.97
6/07/2021,8:50:00 PM,8:51:13 PM,Gloucester Park,WA,4,185042733,R4 2130m Pace M,185042734,Harness,2130,Pace,23178498,9,Livy Jay,LOSER,85,LOSER,13.2,128.25,100,22,90,78.04,53.24,790,60,790,178.59,9.68,104.53,10,9,9,9.74,16.53,90,100,1.03,0.97
6/07/2021,8:50:00 PM,8:51:13 PM,Gloucester Park,WA,4,185042733,R4 2130m Pace M,185042734,Harness,2130,Pace,28638284,10,Dynamite Beach,LOSER,49.21,LOSER,17.26,172.61,80,27,55,55.1,83.49,720,44,720,63.84,68.71,109.44,19.5,14.5,14.5,16.7,0.12,65,70,1.03,0.97
6/07/2021,8:50:00 PM,8:51:13 PM,Gloucester Park,WA,4,185042733,R4 2130m Pace M,185042734,Harness,2130,Pace,40061903,11,Ima Rockabilly Rebel,LOSER,2.75,LOSER,1.64,1614.59,4.4,2.32,2.8,2.76,9313.63,720,2.58,720,3.6,1028.45,667.56,1.66,1.31,1.55,1.43,505.96,2.52,2.6,1.03,0.97
6/07/2021,9:15:00 PM,9:20:13 PM,Gloucester Park,WA,5,185042735,R5 2130m Pace M,185042736,Harness,2130,Pace,25633593,1,Alta Engen,WINNER,1.27,WINNER,1.08,4113.93,2.14,1.21,1.23,1.25,28283.73,1.5,1.01,1.02,1.2,4941.4,50.98,1.11,1.06,1.08,1.07,3840.51,1.26,1.27,1.02,0.99
6/07/2021,9:15:00 PM,9:20:13 PM,Gloucester Park,WA,5,185042735,R5 2130m Pace M,185042736,Harness,2130,Pace,21570820,2,The Verandah,LOSER,68.71,LOSER,4.5,179.64,130,50,130,79.53,68.79,720,65,720,162.23,5.69,267.47,5.5,4.2,4.7,4.83,208.35,70,85,1.02,0.99
6/07/2021,9:15:00 PM,9:20:13 PM,Gloucester Park,WA,5,185042735,R5 2130m Pace M,185042736,Harness,2130,Pace,28207101,3,Heez Our Perseus,LOSER,13.77,LOSER,1.87,622.91,17.5,10,13.5,14.3,871.57,720,10.5,10.5,32.13,28.79,857.79,2.24,1.87,1.95,1.93,803.81,13.5,14,1.02,0.99
6/07/2021,9:15:00 PM,9:20:13 PM,Gloucester Park,WA,5,185042735,R5 2130m Pace M,185042736,Harness,2130,Pace,18739548,4,Rockaball,LOSER,23,WINNER,2.51,303.5,24,8.4,23,20.05,447.25,100,15,90,34.48,45.09,160.25,3,2.04,2.48,2.7,415.31,19,21,1.02,0.99
6/07/2021,9:15:00 PM,9:20:13 PM,Gloucester Park,WA,5,185042735,R5 2130m Pace M,185042736,Harness,2130,Pace,4973091,6,Plutonium,LOSER,30,LOSER,3.23,372.68,42,25,42,31.6,207.78,720,18.5,720,58.26,24.79,833.08,3.6,3.15,3.45,3.39,151.41,30,32,1.02,0.99
6/07/2021,9:15:00 PM,9:20:13 PM,Gloucester Park,WA,5,185042735,R5 2130m Pace M,185042736,Harness,2130,Pace,36526957,7,The Code Breaker,LOSER,93.17,LOSER,7.05,142.16,140,55,140,86.23,69.9,720,32,720,116.81,7.71,228.36,8.6,5.9,5.9,6,3.84,75,90,1.02,0.99
6/07/2021,9:15:00 PM,9:20:13 PM,Gloucester Park,WA,5,185042735,R5 2130m Pace M,185042736,Harness,2130,Pace,12576341,9,Alta Intrigue,LOSER,264.81,LOSER,11.5,83.76,580,36,570,225.83,91.96,720,250,720,287.82,10.44,152.78,12,10,12,10.9,46.67,180,220,1.02,0.99
6/07/2021,9:15:00 PM,9:20:13 PM,Gloucester Park,WA,5,185042735,R5 2130m Pace M,185042736,Harness,2130,Pace,40061904,10,Harley Zest,LOSER,40,WINNER,1.87,187.08,90,25,42,35.68,174.44,220,18.5,220,47.6,19.7,669.85,2.38,1.79,1.99,1.91,5782.46,32,34,1.02,0.99
6/07/2021,9:40:00 PM,9:40:50 PM,Gloucester Park,WA,6,185042737,R6 2130m Pace M,185042738,Harness,2130,Pace,40061905,1,Mandoza,WINNER,1.16,WINNER,1.05,6286.24,1.96,1.14,1.15,1.19,40833.16,1.17,1.01,1.01,1.09,6510.86,760.69,1.08,1.05,1.06,1.07,1322.1,1.19,1.2,1.01,0.99
6/07/2021,9:40:00 PM,9:40:50 PM,Gloucester Park,WA,6,185042737,R6 2130m Pace M,185042738,Harness,2130,Pace,3439870,2,Ashima,LOSER,28,WINNER,1.44,284.26,70,15.5,28,29.32,297.79,140,22,140,59.52,16.4,1194.98,2.1,1.44,1.54,1.61,4434.7,26,28,1.01,0.99
6/07/2021,9:40:00 PM,9:40:50 PM,Gloucester Park,WA,6,185042737,R6 2130m Pace M,185042738,Harness,2130,Pace,40061906,3,The Bands Playing,LOSER,20,WINNER,2.14,294.54,21,9.2,20,15.29,917.53,720,19.5,690,37.92,33.92,271.05,2.36,1.58,1.6,1.7,1771.69,14,15,1.01,0.99
6/07/2021,9:40:00 PM,9:40:50 PM,Gloucester Park,WA,6,185042737,R6 2130m Pace M,185042738,Harness,2130,Pace,28672151,4,Stars Of Gold,LOSER,104.88,LOSER,5.89,81.9,240,40,110,102.46,77.81,720,120,720,205.35,0.81,196.94,4.6,3.8,3.9,4,90.23,90,110,1.01,0.99
6/07/2021,9:40:00 PM,9:40:50 PM,Gloucester Park,WA,6,185042737,R6 2130m Pace M,185042738,Harness,2130,Pace,22656212,5,Innocent Oscar,LOSER,877.44,LOSER,122.88,36.75,570,100,570,395.23,58.01,960,570,570,574.8,6.72,0.15,95,7.4,95,14.23,1.4,400,500,1.01,0.99
6/07/2021,9:40:00 PM,9:40:50 PM,Gloucester Park,WA,6,185042737,R6 2130m Pace M,185042738,Harness,2130,Pace,39978385,6,Magical Mysty,LOSER,90,LOSER,34.5,110.2,140,23,80,76.24,98.78,720,85,720,203.56,2.17,7.36,9.8,3.8,4.6,6.09,81.09,60,70,1.01,0.99
6/07/2021,9:40:00 PM,9:40:50 PM,Gloucester Park,WA,6,185042737,R6 2130m Pace M,185042738,Harness,2130,Pace,39890216,7,Hes Thunder,LOSER,307.62,LOSER,17.15,37.58,490,23,490,229.07,72.56,720,290,720,322.87,6.35,95.14,990,2.86,18.5,19.43,2.73,310,490,1.01,0.99
6/07/2021,9:40:00 PM,9:40:50 PM,Gloucester Park,WA,6,185042737,R6 2130m Pace M,185042738,Harness,2130,Pace,28551780,8,Gov Starzzz,LOSER,48.7,LOSER,3.61,155.96,55,14.5,55,28.46,215.29,720,60,720,89.81,5.82,523.88,3.2,2.12,2.24,2.35,559.83,32,34,1.01,0.99
6/07/2021,5:12:00 PM,5:13:01 PM,Leeton,NSW,1,185041105,R1 1758m Pace M,185041106,Harness,1758,Pace,17733240,1,What A Team,LOSER,520.81,LOSER,,29.21,460,110,450,247.44,28.18,1000,55,400,301.24,43.07,,15.5,9.8,10,11.96,50.5,300,440,1.02,0.99
6/07/2021,5:12:00 PM,5:13:01 PM,Leeton,NSW,1,185041105,R1 1758m Pace M,185041106,Harness,1758,Pace,2723162,2,Sinister,WINNER,1.84,WINNER,,2636.3,2.06,1.69,1.86,1.84,9933.16,1.84,1.01,1.01,1.23,4376.41,,1.4,1.15,1.19,1.23,771.73,1.9,1.91,1.02,0.99
6/07/2021,5:12:00 PM,5:13:01 PM,Leeton,NSW,1,185041105,R1 1758m Pace M,185041106,Harness,1758,Pace,26608805,3,Heavenly Wisdom,LOSER,11,WINNER,,462.58,14,5.9,10.5,9.91,917.46,700,11,700,44.68,69.42,,2.68,1.78,2.28,1.93,194.8,11,12,1.02,0.99
6/07/2021,5:12:00 PM,5:13:01 PM,Leeton,NSW,1,185041105,R1 1758m Pace M,185041106,Harness,1758,Pace,7246736,4,Smokin Tally,LOSER,44,LOSER,,126.57,80,38,44,43.11,85.32,1000,40,1000,178.2,14.02,,4.9,4.1,4.3,4.37,40.7,38,48,1.02,0.99
6/07/2021,5:12:00 PM,5:13:01 PM,Leeton,NSW,1,185041105,R1 1758m Pace M,185041106,Harness,1758,Pace,14072711,5,Mastablasta,LOSER,77.26,LOSER,,101.8,140,21,85,92.68,59.52,1000,36,1000,159.33,10.25,,9.4,7.4,8,8.07,23,90,110,1.02,0.99
6/07/2021,5:12:00 PM,5:13:01 PM,Leeton,NSW,1,185041105,R1 1758m Pace M,185041106,Harness,1758,Pace,19738534,6,Light Up Billy,LOSER,63.12,LOSER,,99.22,190,21,70,68.74,67.66,1000,44,1000,466.64,11.16,,10,6.4,7.8,7.02,14.47,60,65,1.02,0.99
6/07/2021,5:12:00 PM,5:13:01 PM,Leeton,NSW,1,185041105,R1 1758m Pace M,185041106,Harness,1758,Pace,12624654,7,Nifty Jolt,LOSER,22.2,LOSER,,367.71,36,19,25,25.29,205.94,1000,16.5,1000,40.95,76.27,,3.65,2.3,2.34,2.54,993.3,26,28,1.02,0.99
6/07/2021,5:12:00 PM,5:13:01 PM,Leeton,NSW,1,185041105,R1 1758m Pace M,185041106,Harness,1758,Pace,39009422,8,Myboymyboy,LOSER,50,LOSER,,164.03,60,21,55,41.03,108.65,1000,24,1000,103.36,18.58,,4,4,4,4,20,50,60,1.02,0.99
6/07/2021,5:12:00 PM,5:13:01 PM,Leeton,NSW,1,185041105,R1 1758m Pace M,185041106,Harness,1758,Pace,39232177,9,I Am Speed,LOSER,3.94,WINNER,,1598.98,5.7,3.55,3.85,4.04,2727.43,690,3.05,490,6.68,251.66,,1.71,1.4,1.51,1.62,316.44,3.6,3.65,1.02,0.99
6/07/2021,5:12:00 PM,5:13:01 PM,Leeton,NSW,1,185041105,R1 1758m Pace M,185041106,Harness,1758,Pace,8915373,10,Million Dollar Art,LOSER,110,LOSER,,60.2,310,100,120,127.11,61.14,980,440,720,564.36,3.26,,8.2,6.6,8.2,8.06,42.94,120,170,1.02,0.99
6/07/2021,5:47:00 PM,5:47:39 PM,Leeton,NSW,2,185041107,R2 1758m Pace M,185041108,Harness,1758,Pace,24902033,1,Chubbs,LOSER,133.07,LOSER,,66.94,250,21,150,110.65,101.85,1000,100,1000,238.67,11.79,,13.5,11,11,11.72,30,150,160,1.04,0.96
6/07/2021,5:47:00 PM,5:47:39 PM,Leeton,NSW,2,185041107,R2 1758m Pace M,185041108,Harness,1758,Pace,13214712,2,Sports Bounty,WINNER,70,WINNER,,69.69,110,21,70,65.26,66.22,770,1.03,1.04,3.79,585.52,,9.8,8.8,9.8,9.79,12.16,60,85,1.04,0.96
6/07/2021,5:47:00 PM,5:47:39 PM,Leeton,NSW,2,185041107,R2 1758m Pace M,185041108,Harness,1758,Pace,35547391,3,Shark Dancer,LOSER,3.33,WINNER,,2418.29,7.2,3.6,3.65,4.36,3206.65,1000,2.24,720,3.47,1710.22,,2.32,1.55,1.8,1.64,528.95,3.85,4.2,1.04,0.96
6/07/2021,5:47:00 PM,5:47:39 PM,Leeton,NSW,2,185041107,R2 1758m Pace M,185041108,Harness,1758,Pace,17021846,4,Uroc Baby,LOSER,7.79,LOSER,,649.41,26,8.2,8.4,11,788.99,1000,5.2,1000,22.46,183.82,,3.55,2.52,2.84,3.17,125.31,10.5,11,1.04,0.96
6/07/2021,5:47:00 PM,5:47:39 PM,Leeton,NSW,2,185041107,R2 1758m Pace M,185041108,Harness,1758,Pace,13534429,6,Soho Beijing,LOSER,7.36,LOSER,,774.54,9.8,4.5,6.8,5.81,1380.88,720,7,720,20.17,130.73,,2.8,1.8,2.1,2.02,87.1,6,6.2,1.04,0.96
6/07/2021,5:47:00 PM,5:47:39 PM,Leeton,NSW,2,185041107,R2 1758m Pace M,185041108,Harness,1758,Pace,38417425,7,Crafty Match,LOSER,49.04,LOSER,,117.02,70,11.5,70,34.67,98.94,1000,42,1000,133.11,20.21,,6.4,6.4,6.4,6.4,3,46,60,1.04,0.96
6/07/2021,5:47:00 PM,5:47:39 PM,Leeton,NSW,2,185041107,R2 1758m Pace M,185041108,Harness,1758,Pace,25284761,8,Dancing Lilly,WINNER,2.65,WINNER,,2124.45,2.68,1.68,2.5,2.42,11600.11,36,1.19,2,1.78,9317.14,,1.38,1.15,1.35,1.3,1160.05,2.48,2.6,1.04,0.96
6/07/2021,5:47:00 PM,5:47:39 PM,Leeton,NSW,2,185041107,R2 1758m Pace M,185041108,Harness,1758,Pace,39255901,9,Holy Camp Caprhyse,LOSER,34,LOSER,,132.65,48,22,44,31.78,107.96,720,34,720,63.23,24.47,,7.8,3.65,3.65,4.41,6.07,34,42,1.04,0.96
6/07/2021,5:47:00 PM,5:47:39 PM,Leeton,NSW,2,185041107,R2 1758m Pace M,185041108,Harness,1758,Pace,1103803,10,The Hustler,LOSER,50,LOSER,,149.29,55,22,42,33.05,187.82,1000,40,1000,85.09,24.11,,,,,,,27,34,1.04,0.96
6/07/2021,6:17:00 PM,6:17:42 PM,Leeton,NSW,3,185041109,R3 1758m Pace M,185041110,Harness,1758,Pace,15474620,1,Hello Miss Kitty,LOSER,95.02,WINNER,,67.89,260,32,100,95.03,73.44,1000,90,1000,145.17,12.77,,9,5.2,5.2,6.85,114.34,110,120,1.01,0.98
6/07/2021,6:17:00 PM,6:17:42 PM,Leeton,NSW,3,185041109,R3 1758m Pace M,185041110,Harness,1758,Pace,20076799,2,Reibey Beach,LOSER,28.7,LOSER,,310.27,70,15,32,30.18,217.25,910,28,910,56.05,46.85,,4.3,3.4,4.3,3.94,192.98,38,46,1.01,0.98
6/07/2021,6:17:00 PM,6:17:42 PM,Leeton,NSW,3,185041109,R3 1758m Pace M,185041110,Harness,1758,Pace,21411258,3,Sir Macs Man,LOSER,15.09,LOSER,,344.71,29,14,15.5,21.1,478.13,720,15,720,48.27,52.55,,4.9,3.1,3.15,4.67,118.34,16.5,17.5,1.01,0.98
6/07/2021,6:17:00 PM,6:17:42 PM,Leeton,NSW,3,185041109,R3 1758m Pace M,185041110,Harness,1758,Pace,27606023,4,Caribbean Magic,LOSER,9.17,WINNER,,536.32,16.5,6.6,9.4,10.8,695.78,1000,1.58,720,3.82,1638.96,,2.18,1.88,1.9,1.94,286.96,10.5,11,1.01,0.98
6/07/2021,6:17:00 PM,6:17:42 PM,Leeton,NSW,3,185041109,R3 1758m Pace M,185041110,Harness,1758,Pace,24940326,5,Shadow Sign,LOSER,1.74,LOSER,,3514.39,2.7,1.48,1.71,1.65,22158.24,1000,1.46,1000,3.46,1732.4,,1.31,1.15,1.16,1.24,1306.76,1.69,1.73,1.01,0.98
6/07/2021,6:17:00 PM,6:17:42 PM,Leeton,NSW,3,185041109,R3 1758m Pace M,185041110,Harness,1758,Pace,23926622,6,With Revenge,LOSER,36.91,LOSER,,136.24,90,29,30,38.73,269.23,1000,25,1000,87.57,14.62,,6,6,6,6,12,32,34,1.01,0.98
6/07/2021,6:17:00 PM,6:17:42 PM,Leeton,NSW,3,185041109,R3 1758m Pace M,185041110,Harness,1758,Pace,9166620,7,Dust To Diamonds,WINNER,8.84,WINNER,,854.71,11.5,9,9.2,10.17,1103.01,40,1.01,1.01,3.22,1615,,2.82,2.22,2.22,2.39,321.58,9.6,9.8,1.01,0.98
6/07/2021,6:17:00 PM,6:17:42 PM,Leeton,NSW,3,185041109,R3 1758m Pace M,185041110,Harness,1758,Pace,18428592,8,Yayas Hot Heart,LOSER,603.59,LOSER,,25.05,600,44,420,342.01,34.86,1000,580,1000,615.62,13.8,,75,70,75,70.9,31.43,400,580,1.01,0.98
6/07/2021,6:17:00 PM,6:17:42 PM,Leeton,NSW,3,185041109,R3 1758m Pace M,185041110,Harness,1758,Pace,28737932,9,Monterei Heaven,LOSER,15.08,LOSER,,245.8,18.5,8.6,13.5,11.18,1498.85,1000,12.5,1000,44.27,61.52,,2.7,2.34,2.56,2.43,145.16,12,13,1.01,0.98
6/07/2021,6:17:00 PM,6:17:42 PM,Leeton,NSW,3,185041109,R3 1758m Pace M,185041110,Harness,1758,Pace,26505697,10,Shame To Fame,LOSER,130,LOSER,,42.35,180,40,120,121.03,99.54,1000,180,1000,545.12,2.65,,8.2,8,8.2,8.06,16.85,95,100,1.01,0.98
6/07/2021,6:44:00 PM,6:45:03 PM,Leeton,NSW,4,185041111,R4 2147m Pace M,185041112,Harness,2147,Pace,19006536,1,Roll Out,LOSER,803.8,LOSER,,33.76,720,46,680,410.02,74.38,1000,260,270,431.14,6.73,,100,21,100,69.65,42.93,420,450,1.02,0.98
6/07/2021,6:44:00 PM,6:45:03 PM,Leeton,NSW,4,185041111,R4 2147m Pace M,185041112,Harness,2147,Pace,27703155,2,Uroc Skinny Jeans,LOSER,5,WINNER,,952.06,6.8,3.4,5.1,4.7,3111.66,1000,3,1000,4.65,812.01,,1.84,1.59,1.68,1.65,151.62,5,5.5,1.02,0.98
6/07/2021,6:44:00 PM,6:45:03 PM,Leeton,NSW,4,185041111,R4 2147m Pace M,185041112,Harness,2147,Pace,1125301,4,Cloudlet,LOSER,8.6,LOSER,,542.11,13,5.2,8.8,10.08,1792.46,1000,6.4,580,28.05,111.79,,2.96,2.42,2.7,2.55,81.08,9.2,10,1.02,0.98
6/07/2021,6:44:00 PM,6:45:03 PM,Leeton,NSW,4,185041111,R4 2147m Pace M,185041112,Harness,2147,Pace,12093751,5,Dashofluck,LOSER,286.49,LOSER,,22.12,290,34,270,155.2,47.06,1000,280,1000,870.18,12.13,,,,,,,170,220,1.02,0.98
6/07/2021,6:44:00 PM,6:45:03 PM,Leeton,NSW,4,185041111,R4 2147m Pace M,185041112,Harness,2147,Pace,14425796,6,So Much Bettor,LOSER,55,LOSER,,106.54,70,26,55,48.38,103.82,1000,44,1000,99.66,16.17,,13,13,13,13,0.02,46,55,1.02,0.98
6/07/2021,6:44:00 PM,6:45:03 PM,Leeton,NSW,4,185041111,R4 2147m Pace M,185041112,Harness,2147,Pace,8838823,7,Duke Jujon,LOSER,210.1,LOSER,,25.18,260,34,220,150.63,32.27,990,90,960,119.2,30.36,,,,,,,140,190,1.02,0.98
6/07/2021,6:44:00 PM,6:45:03 PM,Leeton,NSW,4,185041111,R4 2147m Pace M,185041112,Harness,2147,Pace,24339281,8,Forever Yin,WINNER,1.5,WINNER,,3538.72,1.97,1.39,1.5,1.53,25519.14,2,1.01,1.01,1.36,5348.47,,1.25,1.15,1.22,1.17,696.68,1.48,1.49,1.02,0.98
6/07/2021,7:10:00 PM,7:10:53 PM,Leeton,NSW,5,185041113,R5 1758m Pace M,185041114,Harness,1758,Pace,7539518,1,Indiana Angel,LOSER,46.47,WINNER,,135.26,60,40,50,45.29,98.74,1000,18.5,1000,46.88,52.38,,8,5.3,5.4,5.81,95.54,44,48,1.03,0.97
6/07/2021,7:10:00 PM,7:10:53 PM,Leeton,NSW,5,185041113,R5 1758m Pace M,185041114,Harness,1758,Pace,13192146,2,Soulwriter,LOSER,529.81,LOSER,,31.92,490,48,490,352.33,97.01,780,13.5,780,88.37,143.3,,26,17,18,21.71,210.65,320,490,1.03,0.97
6/07/2021,7:10:00 PM,7:10:53 PM,Leeton,NSW,5,185041113,R5 1758m Pace M,185041114,Harness,1758,Pace,4377604,3,Tromso,LOSER,3.06,WINNER,,1479.67,4.7,2.76,3,3.38,5645.26,220,1.38,220,3.4,1676.23,,1.5,1.45,1.45,1.48,754.03,3.3,3.5,1.03,0.97
6/07/2021,7:10:00 PM,7:10:53 PM,Leeton,NSW,5,185041113,R5 1758m Pace M,185041114,Harness,1758,Pace,10816620,4,Bettorbetbig,LOSER,60,LOSER,,105.33,100,36,65,56.88,106.92,940,19,790,83.62,33.75,,8.2,7,7,7.51,50,55,65,1.03,0.97
6/07/2021,7:10:00 PM,7:10:53 PM,Leeton,NSW,5,185041113,R5 1758m Pace M,185041114,Harness,1758,Pace,24986793,5,Roll Along Jane,LOSER,8.42,LOSER,,356.43,9.8,4.8,7.8,7.29,1534.88,880,4.4,880,13.31,174.27,,2.74,1.7,2.3,1.92,703.42,8.6,9.6,1.03,0.97
6/07/2021,7:10:00 PM,7:10:53 PM,Leeton,NSW,5,185041113,R5 1758m Pace M,185041114,Harness,1758,Pace,40063009,6,Grinforawin,LOSER,50,LOSER,,97.45,240,36,60,55.18,161.43,940,24,940,71.65,16.91,,10.5,7.6,7.6,8.17,49.92,40,42,1.03,0.97
6/07/2021,7:10:00 PM,7:10:53 PM,Leeton,NSW,5,185041113,R5 1758m Pace M,185041114,Harness,1758,Pace,19945104,7,Imapest,WINNER,3.74,WINNER,,1016.32,6.8,3.4,3.7,3.91,1842.7,12.5,1.01,1.01,1.66,2142.88,,1.64,1.39,1.61,1.56,439.28,3.5,3.6,1.03,0.97
6/07/2021,7:10:00 PM,7:10:53 PM,Leeton,NSW,5,185041113,R5 1758m Pace M,185041114,Harness,1758,Pace,8774413,8,London Lady,LOSER,206.29,LOSER,,23.09,340,110,200,153.48,31.18,880,200,720,248.45,6.87,,,,,,,130,170,1.03,0.97
6/07/2021,7:10:00 PM,7:10:53 PM,Leeton,NSW,5,185041113,R5 1758m Pace M,185041114,Harness,1758,Pace,27932982,9,Millwood Cleopatra,LOSER,22.83,LOSER,,174.13,27,10,27,18.5,192.15,720,15.5,720,32,51.05,,4.4,2.56,4.4,3.87,133.32,17.5,19.5,1.03,0.97
6/07/2021,7:10:00 PM,7:10:53 PM,Leeton,NSW,5,185041113,R5 1758m Pace M,185041114,Harness,1758,Pace,27691547,10,Renway Reactor,LOSER,5.55,LOSER,,416.82,6.8,5,5.6,5.27,1395.42,720,1.95,720,9.54,488.51,,1.91,1.75,1.75,1.77,479.69,5.2,5.6,1.03,0.97
6/07/2021,7:40:00 PM,7:40:55 PM,Leeton,NSW,6,185041115,R6 1758m Pace M,185041116,Harness,1758,Pace,5637556,1,River Of Ice,LOSER,11.46,LOSER,,363.14,12.5,6.4,11,10.23,644.82,720,6.6,720,12.99,171.39,,3.2,2.66,2.66,2.68,225.71,11.5,12.5,1.03,0.98
6/07/2021,7:40:00 PM,7:40:55 PM,Leeton,NSW,6,185041115,R6 1758m Pace M,185041116,Harness,1758,Pace,35804384,3,Takidah,LOSER,28,WINNER,,233.39,34,10.5,27,19.49,381.06,910,6.6,720,31.05,102.34,,4.6,4.6,4.6,4.6,20,23,26,1.03,0.98
6/07/2021,7:40:00 PM,7:40:55 PM,Leeton,NSW,6,185041115,R6 1758m Pace M,185041116,Harness,1758,Pace,38926080,4,Run Viv Run,LOSER,4.6,LOSER,,821.1,6,3.5,4.4,4.54,2366.68,880,4,880,8.43,391.69,,2.22,1.62,1.77,1.85,386.79,5,5.3,1.03,0.98
6/07/2021,7:40:00 PM,7:40:55 PM,Leeton,NSW,6,185041115,R6 1758m Pace M,185041116,Harness,1758,Pace,13443733,5,Country Grammar,LOSER,52.62,LOSER,,102.29,95,22,50,56.96,124.77,930,26,930,117.69,15.75,,8.4,8.4,8.4,8.4,5.23,60,85,1.03,0.98
6/07/2021,7:40:00 PM,7:40:55 PM,Leeton,NSW,6,185041115,R6 1758m Pace M,185041116,Harness,1758,Pace,11603363,6,Bold Art,LOSER,47.06,LOSER,,165.12,110,28,55,66.45,99.85,940,80,720,158.69,10.47,,15,8.6,8.6,13.85,0.96,65,70,1.03,0.98
6/07/2021,7:40:00 PM,7:40:55 PM,Leeton,NSW,6,185041115,R6 1758m Pace M,185041116,Harness,1758,Pace,12542394,7,Family Tree,LOSER,4.91,WINNER,,655.81,8.4,4.5,4.9,4.8,2665.95,190,4.9,90,6.98,295.7,,2.02,1.72,1.94,1.8,149.86,4.5,4.7,1.03,0.98
6/07/2021,7:40:00 PM,7:40:55 PM,Leeton,NSW,6,185041115,R6 1758m Pace M,185041116,Harness,1758,Pace,28392585,8,Charlie Studleigh,LOSER,18.5,LOSER,,354.63,30,16.5,20,19.76,314.35,910,8.8,910,104.43,40.33,,,,,,,18,18.5,1.03,0.98
6/07/2021,7:40:00 PM,7:40:55 PM,Leeton,NSW,6,185041115,R6 1758m Pace M,185041116,Harness,1758,Pace,36255490,9,One Horn Billy,WINNER,3.32,WINNER,,1329.6,4.1,2.56,3.05,2.94,6681.46,4.4,1.01,1.01,1.62,3317.13,,1.57,1.35,1.5,1.47,386.34,2.84,2.94,1.03,0.98
6/07/2021,7:40:00 PM,7:40:55 PM,Leeton,NSW,6,185041115,R6 1758m Pace M,185041116,Harness,1758,Pace,21412032,10,Hayaku Harry,LOSER,28.01,LOSER,,178.92,34,8.2,27,23.72,255.01,920,19.5,920,54.05,15.61,,5.5,4.1,4.2,4.4,90.12,25,28,1.03,0.98
6/07/2021,8:10:00 PM,8:11:15 PM,Leeton,NSW,7,185041117,R7 2147m Pace M,185041118,Harness,2147,Pace,39170184,1,Tuffy,LOSER,10,WINNER,,446.19,16.5,9.4,9.6,11.41,667.13,690,7,490,10.96,177.15,,2.1,1.68,1.88,1.77,772.12,11.5,12,1.03,0.98
6/07/2021,8:10:00 PM,8:11:15 PM,Leeton,NSW,7,185041117,R7 2147m Pace M,185041118,Harness,2147,Pace,40063010,2,Better Harley,WINNER,1.5,WINNER,,1545.14,2,1.25,1.51,1.35,21311.68,1.5,1.01,1.01,1.18,6687.93,,1.12,1.07,1.11,1.1,1422.36,1.27,1.3,1.03,0.98
6/07/2021,8:10:00 PM,8:11:15 PM,Leeton,NSW,7,185041117,R7 2147m Pace M,185041118,Harness,2147,Pace,27885679,3,Trevnjude,LOSER,330.36,LOSER,,60.58,470,100,360,281.65,69.92,1000,330,1000,369.59,9.89,,,,,,,240,350,1.03,0.98
6/07/2021,8:10:00 PM,8:11:15 PM,Leeton,NSW,7,185041117,R7 2147m Pace M,185041118,Harness,2147,Pace,39847879,4,Our Modern Minnie,LOSER,11,LOSER,,326.43,17,4.3,10,11.31,837.72,720,11,720,32.34,59.25,,2.18,1.8,1.99,1.86,287.27,13,14.5,1.03,0.98
6/07/2021,8:10:00 PM,8:11:15 PM,Leeton,NSW,7,185041117,R7 2147m Pace M,185041118,Harness,2147,Pace,40063011,5,Foxys A Hotty,LOSER,34.01,LOSER,,145.98,150,28,29,52.16,100.86,170,22,170,67.38,24.4,,,,,,,70,100,1.03,0.98
6/07/2021,8:10:00 PM,8:11:15 PM,Leeton,NSW,7,185041117,R7 2147m Pace M,185041118,Harness,2147,Pace,38926082,6,Ima Droughtbreaker,LOSER,32.31,LOSER,,179.86,170,28,30,54.78,111.12,720,48,170,93.15,7.42,,3.95,3.9,3.95,3.92,10,48,65,1.03,0.98
6/07/2021,8:10:00 PM,8:11:15 PM,Leeton,NSW,7,185041117,R7 2147m Pace M,185041118,Harness,2147,Pace,37963551,7,Tashs Mate,LOSER,36,WINNER,,185.27,80,20,32,47.78,160.53,720,40,720,92.74,44.47,,3,2.18,2.26,2.49,1653.46,55,60,1.03,0.98
6/07/2021,8:10:00 PM,8:11:15 PM,Leeton,NSW,7,185041117,R7 2147m Pace M,185041118,Harness,2147,Pace,1017777,8,Complicated,LOSER,120.61,LOSER,,66.51,320,28,130,165.75,39.76,720,120,720,275.12,1.62,,,,,,,190,310,1.03,0.98
6/07/2021,8:10:00 PM,8:11:15 PM,Leeton,NSW,7,185041117,R7 2147m Pace M,185041118,Harness,2147,Pace,40063012,9,Dancing River,LOSER,47.63,LOSER,,109.12,100,16,48,65.75,68.29,720,46,720,89.26,20.51,,3.55,3.3,3.3,3.38,20,80,100,1.03,0.98
6/07/2021,8:10:00 PM,8:11:15 PM,Leeton,NSW,7,185041117,R7 2147m Pace M,185041118,Harness,2147,Pace,40063013,10,Justrollingaround,LOSER,333.89,LOSER,,56.87,470,60,340,312.88,80.03,720,270,720,350.45,11.23,,8.2,6.8,6.8,7.36,10,300,360,1.03,0.98
6/07/2021,8:40:00 PM,8:40:53 PM,Leeton,NSW,8,185041119,R8 1758m Pace M,185041120,Harness,1758,Pace,9521643,1,Winsome Moolah,LOSER,6.39,WINNER,,634.77,16,6,6.2,7.54,1078.18,720,2.46,16,3.69,971.17,,3.55,2.24,2.24,2.72,15.76,8.4,8.6,1.06,1.04
6/07/2021,8:40:00 PM,8:40:53 PM,Leeton,NSW,8,185041119,R8 1758m Pace M,185041120,Harness,1758,Pace,16022922,2,Eastbro Tex,WINNER,6.2,WINNER,,637.91,7,5,6,5.9,1837.41,12,1.01,1.03,1.28,2810.6,,,,,,,6,5.3,1.06,1.04
6/07/2021,8:40:00 PM,8:40:53 PM,Leeton,NSW,8,185041119,R8 1758m Pace M,185041120,Harness,1758,Pace,27744228,3,Rollwithpriscilla,LOSER,4.5,LOSER,,779.22,5.1,3.25,4.5,4.34,2571.1,1000,3.4,1000,28.18,237.42,,1.9,1.8,1.8,1.85,64.24,3.95,4.1,1.06,1.04
6/07/2021,8:40:00 PM,8:40:53 PM,Leeton,NSW,8,185041119,R8 1758m Pace M,185041120,Harness,1758,Pace,10809349,4,Whatta Sticky Beak,LOSER,90.59,LOSER,,104.48,140,34,110,84.52,49.84,1000,50,1000,515.11,23.26,,,,,,,85,130,1.06,1.04
6/07/2021,8:40:00 PM,8:40:53 PM,Leeton,NSW,8,185041119,R8 1758m Pace M,185041120,Harness,1758,Pace,20963019,5,Develstix,LOSER,14.43,LOSER,,323.41,19,10,14.5,13.25,787.4,720,5,720,21.73,37.93,,,,,,,11.5,13.5,1.06,1.04
6/07/2021,8:40:00 PM,8:40:53 PM,Leeton,NSW,8,185041119,R8 1758m Pace M,185041120,Harness,1758,Pace,2086414,6,Love At First Bite,LOSER,8.2,LOSER,,533.28,12.5,7.2,8,8.34,522.32,720,5.2,720,10.78,760.2,,2.46,2.46,2.46,2.46,14.73,8,8.8,1.06,1.04
6/07/2021,8:40:00 PM,8:40:53 PM,Leeton,NSW,8,185041119,R8 1758m Pace M,185041120,Harness,1758,Pace,28453004,7,Master Of Illusion,LOSER,14.5,LOSER,,261.47,17.5,9.2,14.5,14.91,269.19,720,3.05,440,12.38,350.5,,3.65,3.4,3.65,3.49,52.31,16,17,1.06,1.04
6/07/2021,8:40:00 PM,8:40:53 PM,Leeton,NSW,8,185041119,R8 1758m Pace M,185041120,Harness,1758,Pace,28210651,9,Artimos,LOSER,32.84,WINNER,,113.21,40,11.5,38,25.99,167.06,720,1.29,720,9.18,224.71,,6.6,3.8,6.4,4.42,32.97,27,16,1.06,1.04
6/07/2021,8:40:00 PM,8:40:53 PM,Leeton,NSW,8,185041119,R8 1758m Pace M,185041120,Harness,1758,Pace,40063014,10,Left In The Wind,LOSER,5.81,LOSER,,675.59,6.2,4.4,6.2,5.51,1319.17,880,8.8,880,31.44,163.79,,2.18,1.94,1.94,1.95,25.09,5,5.8,1.06,1.04
6/07/2021,1:03:00 PM,1:04:12 PM,Menangle,NSW,1,185044021,R1 1609m Trot M,185044022,Harness,1609,Trot,36527035,1,Young Son,LOSER,34.89,LOSER,,132.65,60,27,38,37.48,82.72,720,19,720,53.16,35.85,,3.8,3.4,3.45,3.55,98.95,38,40,1.03,0.97
6/07/2021,1:03:00 PM,1:04:12 PM,Menangle,NSW,1,185044021,R1 1609m Trot M,185044022,Harness,1609,Trot,10558258,2,Sonetto,LOSER,68.21,LOSER,,103.39,230,26,80,79.45,36.96,980,18,980,72.73,30.01,,,,,,,70,80,1.03,0.97
6/07/2021,1:03:00 PM,1:04:12 PM,Menangle,NSW,1,185044021,R1 1609m Trot M,185044022,Harness,1609,Trot,39254961,3,Come On Gino,LOSER,92.56,LOSER,,42.09,140,26,140,83.31,12.77,980,38,980,102.55,21.12,,,,,,,85,110,1.03,0.97
6/07/2021,1:03:00 PM,1:04:12 PM,Menangle,NSW,1,185044021,R1 1609m Trot M,185044022,Harness,1609,Trot,35909493,4,Indefensible,LOSER,19.35,WINNER,,325.34,24,13,22,19.36,167.97,720,9,720,36.05,91.37,,2.68,2.68,2.68,2.68,5,18.5,21,1.03,0.97
6/07/2021,1:03:00 PM,1:04:12 PM,Menangle,NSW,1,185044021,R1 1609m Trot M,185044022,Harness,1609,Trot,7274284,5,Gunner,LOSER,6.97,LOSER,,788.03,16,5.3,7.2,7.75,1505.5,720,3.9,720,19.25,230.43,,2,1.78,1.8,1.81,753.09,7.6,8,1.03,0.97
6/07/2021,1:03:00 PM,1:04:12 PM,Menangle,NSW,1,185044021,R1 1609m Trot M,185044022,Harness,1609,Trot,35441769,7,Inherent Royal,WINNER,1.6,WINNER,,2170.79,2.12,1.56,1.59,1.65,10903.26,5,1.01,1.01,1.46,4073.85,,1.18,1.12,1.15,1.14,129.3,1.59,1.64,1.03,0.97
6/07/2021,1:03:00 PM,1:04:12 PM,Menangle,NSW,1,185044021,R1 1609m Trot M,185044022,Harness,1609,Trot,10887497,8,Agent Maori,LOSER,11,WINNER,,671.68,14.5,9,12,12.22,519.57,720,6.4,720,14.06,133.26,,2.18,2,2.14,2.09,248.27,12.5,13.5,1.03,0.97
6/07/2021,1:03:00 PM,1:04:12 PM,Menangle,NSW,1,185044021,R1 1609m Trot M,185044022,Harness,1609,Trot,8532811,9,Valley Ess Jay,LOSER,18.42,LOSER,,244.41,40,17,20,20.66,135.66,720,9.6,720,29.35,42.33,,2.78,2.78,2.78,2.78,5,16.5,19.5,1.03,0.97
6/07/2021,1:03:00 PM,1:04:12 PM,Menangle,NSW,1,185044021,R1 1609m Trot M,185044022,Harness,1609,Trot,40061870,10,Richard The Third,LOSER,41.41,LOSER,,239.19,85,17,48,50.65,33.58,980,28,720,64.97,79.92,,,,,,,50,55,1.03,0.97
6/07/2021,1:42:00 PM,1:47:01 PM,Menangle,NSW,2,185044023,R2 1609m Trot M,185044024,Harness,1609,Trot,40061871,1,Aldebaran Revani,WINNER,12,WINNER,,651.76,14.5,3.75,12,8.5,2070.74,14.5,1.01,1.01,1.28,1538.91,,4,2.04,2.5,2.16,708.65,10,11.5,1.01,0.96
6/07/2021,1:42:00 PM,1:47:01 PM,Menangle,NSW,2,185044023,R2 1609m Trot M,185044024,Harness,1609,Trot,36527036,2,Allaboutthemoment,LOSER,19,LOSER,,383.03,48,13,17,19.16,1382.52,1000,8,720,32.53,25.27,,4.6,3.2,3.6,3.55,235.85,16,17,1.01,0.96
6/07/2021,1:42:00 PM,1:47:01 PM,Menangle,NSW,2,185044023,R2 1609m Trot M,185044024,Harness,1609,Trot,19798350,3,Do Ball,LOSER,10,LOSER,,525.05,17,6.6,10,9.82,1651.93,1000,8.4,1000,33.46,28.38,,2.7,2.22,2.68,2.58,142.41,10,10.5,1.01,0.96
6/07/2021,1:42:00 PM,1:47:01 PM,Menangle,NSW,2,185044023,R2 1609m Trot M,185044024,Harness,1609,Trot,10052319,4,Gold Sovereign,LOSER,28.3,LOSER,,254.25,36,19,29,23.2,504.42,720,11,720,47.67,39.47,,4.3,3.1,3.3,3.71,413.11,21,25,1.01,0.96
6/07/2021,1:42:00 PM,1:47:01 PM,Menangle,NSW,2,185044023,R2 1609m Trot M,185044024,Harness,1609,Trot,40061872,5,Sekkie Monkey,LOSER,3.01,LOSER,,1891.18,5.6,3,3,3.58,4621.23,720,2.8,590,30.45,250.96,,1.75,1.46,1.51,1.64,392.92,3.25,3.3,1.01,0.96
6/07/2021,1:42:00 PM,1:47:01 PM,Menangle,NSW,2,185044023,R2 1609m Trot M,185044024,Harness,1609,Trot,27039001,6,Right Moves,LOSER,2.97,WINNER,,1492.16,4,2.68,2.94,3.06,8666.44,250,1.32,150,2.37,785.68,,1.54,1.38,1.45,1.5,168.43,3,3.1,1.01,0.96
6/07/2021,1:42:00 PM,1:47:01 PM,Menangle,NSW,2,185044023,R2 1609m Trot M,185044024,Harness,1609,Trot,7630796,7,Law Legend,LOSER,210,LOSER,,68.58,390,150,210,326.62,61.64,720,32,700,143.55,3.96,,,,,,,240,280,1.01,0.96
6/07/2021,1:42:00 PM,1:47:01 PM,Menangle,NSW,2,185044023,R2 1609m Trot M,185044024,Harness,1609,Trot,40061873,8,Majestic Mannequin,LOSER,24.91,LOSER,,290.57,48,21,27,29.33,267.9,1000,4,1000,31.37,123.49,,6.6,5.3,5.3,5.94,19.6,28,32,1.01,0.96
6/07/2021,1:42:00 PM,1:47:01 PM,Menangle,NSW,2,185044023,R2 1609m Trot M,185044024,Harness,1609,Trot,27788519,9,Sunny Gee,LOSER,35.02,WINNER,,208.67,80,17,32,37.12,109.8,1000,20,1000,61.81,12.65,,,,,,,46,55,1.01,0.96
6/07/2021,2:16:00 PM,2:17:04 PM,Menangle,NSW,3,185044025,R3 1609m Pace M,185044026,Harness,1609,Pace,25166008,1,Canonlybeonesir,LOSER,44,LOSER,,143.32,75,26,46,53.46,92.83,1000,2.34,780,26.78,96.44,,8.4,7.4,7.4,7.87,73,46,50,1.05,0.97
6/07/2021,2:16:00 PM,2:17:04 PM,Menangle,NSW,3,185044025,R3 1609m Pace M,185044026,Harness,1609,Pace,23081649,2,Nightwatch Star,LOSER,88.75,LOSER,,76.3,110,26,80,78.8,69.26,1000,80,780,197.1,8.12,,11,9.4,9.8,10.24,118.93,85,100,1.05,0.97
6/07/2021,2:16:00 PM,2:17:04 PM,Menangle,NSW,3,185044025,R3 1609m Pace M,185044026,Harness,1609,Pace,27290351,3,Taramin,LOSER,18.34,LOSER,,274.43,29,14.5,17,17.83,386.61,1000,8.8,710,60.9,61.71,,3.95,3.7,3.8,3.81,105,15,16,1.05,0.97
6/07/2021,2:16:00 PM,2:17:04 PM,Menangle,NSW,3,185044025,R3 1609m Pace M,185044026,Harness,1609,Pace,6546711,4,Miss Serena,LOSER,5.37,LOSER,,2394.42,7.4,2.96,6.2,5.15,4193.22,1000,3.2,110,5.57,1024.91,,2.22,1.63,2.16,1.97,169.61,5.3,5.4,1.05,0.97
6/07/2021,2:16:00 PM,2:17:04 PM,Menangle,NSW,3,185044025,R3 1609m Pace M,185044026,Harness,1609,Pace,37199445,5,Dorothys Delight,LOSER,6.52,WINNER,,1151.21,7.2,4.6,6.8,6.32,1493.3,1000,2.52,720,16.67,148.78,,2.54,1.99,2.54,2.45,174.49,6,6.6,1.05,0.97
6/07/2021,2:16:00 PM,2:17:04 PM,Menangle,NSW,3,185044025,R3 1609m Pace M,185044026,Harness,1609,Pace,13414315,6,Miss Aeyla,WINNER,3.4,WINNER,,2055.57,6.8,3.35,3.45,4.09,5567.97,5.5,1.01,1.01,2.18,3694.69,,1.93,1.55,1.56,1.63,178.07,3.75,3.85,1.05,0.97
6/07/2021,2:16:00 PM,2:17:04 PM,Menangle,NSW,3,185044025,R3 1609m Pace M,185044026,Harness,1609,Pace,1501725,7,Happy As,LOSER,7.42,LOSER,,568.21,14,6.6,7,8.14,846.29,1000,6.8,1000,16.98,130.37,,2.82,2.38,2.38,2.47,278.74,8,9,1.05,0.97
6/07/2021,2:16:00 PM,2:17:04 PM,Menangle,NSW,3,185044025,R3 1609m Pace M,185044026,Harness,1609,Pace,34338340,8,Bettor Keep Rocking,LOSER,17.99,LOSER,,395.6,25,9.8,18,18.6,139.26,1000,11.5,780,64.11,30.76,,5.3,4.2,4.8,5,84.95,15.5,21,1.05,0.97
6/07/2021,2:16:00 PM,2:17:04 PM,Menangle,NSW,3,185044025,R3 1609m Pace M,185044026,Harness,1609,Pace,30099466,9,Ad Maiora,LOSER,12.5,WINNER,,575.6,18.5,8.4,11.5,10.08,862.29,780,12,780,35.24,63.83,,3.05,3.05,3.05,3.05,5,10,10.5,1.05,0.97
6/07/2021,2:16:00 PM,2:17:04 PM,Menangle,NSW,3,185044025,R3 1609m Pace M,185044026,Harness,1609,Pace,27270914,10,Panacias Seal,LOSER,29.22,LOSER,,278.54,65,26,29,31.82,215.9,800,28,780,59.87,51.88,,9.8,9.8,9.8,9.8,0.83,30,32,1.05,0.97
6/07/2021,2:51:00 PM,2:52:25 PM,Menangle,NSW,4,185044027,R4 1609m Pace M,185044028,Harness,1609,Pace,2242814,1,Rubini,LOSER,46.87,LOSER,,189.86,65,28,38,40.62,205.68,300,16,200,38.2,25.34,,8.4,5.9,6,5.98,45.79,32,40,1.03,0.97
6/07/2021,2:51:00 PM,2:52:25 PM,Menangle,NSW,4,185044027,R4 1609m Pace M,185044028,Harness,1609,Pace,40061874,2,All Night Long,LOSER,34,LOSER,,149.58,44,28,30,31.65,120.46,300,25,300,75.23,20.3,,5.3,4.8,5.3,5,50.68,29,38,1.03,0.97
6/07/2021,2:51:00 PM,2:52:25 PM,Menangle,NSW,4,185044027,R4 1609m Pace M,185044028,Harness,1609,Pace,40061875,3,No More Promises,LOSER,70.25,LOSER,,63.31,170,26,60,66.91,113.87,710,55,710,106.18,13,,11,5.9,7.2,7.43,90.73,50,60,1.03,0.97
6/07/2021,2:51:00 PM,2:52:25 PM,Menangle,NSW,4,185044027,R4 1609m Pace M,185044028,Harness,1609,Pace,22650403,4,American Flyer,WINNER,1.85,WINNER,,3973.27,2.48,1.8,1.92,2.02,18544.46,120,1.05,1.08,1.85,3600,,1.39,1.25,1.33,1.32,2544.83,2.02,2.06,1.03,0.97
6/07/2021,2:51:00 PM,2:52:25 PM,Menangle,NSW,4,185044027,R4 1609m Pace M,185044028,Harness,1609,Pace,40061876,5,Shallow Pockets,LOSER,22,LOSER,,219.42,50,18,22,26.91,347.02,170,15,150,26.69,44.49,,4.3,3.8,4,3.98,99.81,19,20,1.03,0.97
6/07/2021,2:51:00 PM,2:52:25 PM,Menangle,NSW,4,185044027,R4 1609m Pace M,185044028,Harness,1609,Pace,25507674,6,Vivid Hanover,LOSER,22,WINNER,,249.03,38,21,22,24.29,338.88,44,1.09,29,4.08,521.13,,4.2,3.85,4,4.06,141.46,19.5,24,1.03,0.97
6/07/2021,2:51:00 PM,2:52:25 PM,Menangle,NSW,4,185044027,R4 1609m Pace M,185044028,Harness,1609,Pace,36770959,7,Matai Reactor,LOSER,34,LOSER,,182.35,36,18.5,32,28.23,219.36,780,34,780,164.86,18.54,,5,4.5,4.9,4.57,121.91,32,36,1.03,0.97
6/07/2021,2:51:00 PM,2:52:25 PM,Menangle,NSW,4,185044027,R4 1609m Pace M,185044028,Harness,1609,Pace,19576511,8,Beiderbecke,LOSER,8.52,LOSER,,583.15,9,5.5,7.4,7.66,2006.06,1000,4,710,9.29,466.68,,2.36,2.14,2.3,2.22,29.24,7.8,8.2,1.03,0.97
6/07/2021,2:51:00 PM,2:52:25 PM,Menangle,NSW,4,185044027,R4 1609m Pace M,185044028,Harness,1609,Pace,40061877,9,American Dagger,LOSER,58.44,LOSER,,140.12,80,14,60,47.18,173.73,710,55,710,86.37,14.51,,8.2,8.2,8.2,8.2,6,55,70,1.03,0.97
6/07/2021,2:51:00 PM,2:52:25 PM,Menangle,NSW,4,185044027,R4 1609m Pace M,185044028,Harness,1609,Pace,28246590,10,Blue Ocean,LOSER,6.97,WINNER,,1015.99,6.6,4.1,6.6,6,2992.48,1000,3.15,1000,11.12,446.22,,2.16,1.71,1.92,1.96,278.96,6,6.2,1.03,0.97
6/07/2021,3:33:00 PM,3:34:29 PM,Menangle,NSW,5,185044029,R5 1609m Pace M,185044030,Harness,1609,Pace,39601626,1,Captain Braveheart,LOSER,9.8,LOSER,,458.69,13,6.8,9.8,8.98,1833.81,280,9,280,12.35,281.78,,3.9,2.5,2.94,2.73,671.16,8.6,9.8,1.03,0.94
6/07/2021,3:33:00 PM,3:34:29 PM,Menangle,NSW,5,185044029,R5 1609m Pace M,185044030,Harness,1609,Pace,22970770,2,Mount Hercules,LOSER,73.48,LOSER,,76.13,65,21,65,48.52,39.46,1000,70,480,91.77,31.96,,8.6,8,8,8.34,48.72,44,48,1.03,0.94
6/07/2021,3:33:00 PM,3:34:29 PM,Menangle,NSW,5,185044029,R5 1609m Pace M,185044030,Harness,1609,Pace,28261049,3,Pikarso,LOSER,4.5,WINNER,,1109.54,5.6,2.96,4.5,4.9,2000.34,70,4.5,29,5.02,439.47,,2.22,1.86,1.87,1.99,38.38,5.2,5.5,1.03,0.94
6/07/2021,3:33:00 PM,3:34:29 PM,Menangle,NSW,5,185044029,R5 1609m Pace M,185044030,Harness,1609,Pace,35727287,4,The Maharani,LOSER,8.34,LOSER,,726.52,15.5,8.6,8.6,9.83,1026.1,290,3.65,290,7.28,219.45,,2.82,2.52,2.52,2.58,138.42,10,11.5,1.03,0.94
6/07/2021,3:33:00 PM,3:34:29 PM,Menangle,NSW,5,185044029,R5 1609m Pace M,185044030,Harness,1609,Pace,994045,5,Faire La Fete,LOSER,5.43,LOSER,,855.34,5.9,4,5.6,5.18,1575.87,110,4,110,10.65,80.29,,2.04,1.81,2.04,1.98,53.19,5,5.4,1.03,0.94
6/07/2021,3:33:00 PM,3:34:29 PM,Menangle,NSW,5,185044029,R5 1609m Pace M,185044030,Harness,1609,Pace,28290672,6,One Reason,WINNER,6.91,WINNER,,1340.22,7.4,5.2,7.4,6.52,938.78,11,1.12,1.14,3.72,577.78,,2.38,2.24,2.38,2.38,13.72,6.8,7.2,1.03,0.94
6/07/2021,3:33:00 PM,3:34:29 PM,Menangle,NSW,5,185044029,R5 1609m Pace M,185044030,Harness,1609,Pace,37454801,7,Brookessmartdancer,LOSER,7.61,LOSER,,577.64,18.5,7.2,8.6,8.57,1066.84,1000,5,1000,15.95,84.95,,4,2.72,2.72,3.52,273,8.8,9.2,1.03,0.94
6/07/2021,3:33:00 PM,3:34:29 PM,Menangle,NSW,5,185044029,R5 1609m Pace M,185044030,Harness,1609,Pace,39911556,8,Loui,LOSER,10.13,WINNER,,505.39,21,9,10.5,12.19,1334.61,190,1.12,11,3.59,509.78,,3.3,2.88,2.98,2.97,653.96,11,13.5,1.03,0.94
6/07/2021,3:33:00 PM,3:34:29 PM,Menangle,NSW,5,185044029,R5 1609m Pace M,185044030,Harness,1609,Pace,6043016,9,Stronghold,LOSER,40.39,LOSER,,143.62,44,21,38,28.41,144.44,920,17.5,170,101.03,28.5,,6.2,6.2,6.2,6.2,8.28,23,24,1.03,0.94
6/07/2021,4:04:00 PM,4:05:09 PM,Menangle,NSW,6,185044031,R6 1609m Pace M,185044032,Harness,1609,Pace,19187534,1,Classic Grange,LOSER,30.37,LOSER,,218.19,90,22,28,35.75,355.53,1000,21,1000,94.36,21.32,,5.4,2.8,3.6,3.37,762.22,34,38,1.04,0.99
6/07/2021,4:04:00 PM,4:05:09 PM,Menangle,NSW,6,185044031,R6 1609m Pace M,185044032,Harness,1609,Pace,36306874,2,Crackabrie,LOSER,22.96,LOSER,,183.71,100,20,23,26.58,715.24,1000,30,790,194.68,19.04,,5.4,3.55,3.6,4.18,839.45,23,25,1.04,0.99
6/07/2021,4:04:00 PM,4:05:09 PM,Menangle,NSW,6,185044031,R6 1609m Pace M,185044032,Harness,1609,Pace,27408963,3,Chiller Bay,LOSER,2.21,LOSER,,2551.31,2.38,1.42,2.22,1.97,15471.1,1000,1.5,1000,3.86,2205.43,,1.33,1.11,1.25,1.22,1828.57,1.99,2,1.04,0.99
6/07/2021,4:04:00 PM,4:05:09 PM,Menangle,NSW,6,185044031,R6 1609m Pace M,185044032,Harness,1609,Pace,28392357,4,Topsky,LOSER,33.98,LOSER,,156.08,75,21,34,26.49,426.67,790,21,790,188.1,19.24,,4,4,4,4,5,24,28,1.04,0.99
6/07/2021,4:04:00 PM,4:05:09 PM,Menangle,NSW,6,185044031,R6 1609m Pace M,185044032,Harness,1609,Pace,37398232,6,Ready To Bloom,WINNER,17.83,WINNER,,375.93,27,13,18,18.98,879.34,30,1.01,1.01,2.16,2064.92,,3,3,3,3,5,15.5,16.5,1.04,0.99
6/07/2021,4:04:00 PM,4:05:09 PM,Menangle,NSW,6,185044031,R6 1609m Pace M,185044032,Harness,1609,Pace,27501205,7,Fire And Sword,LOSER,28.33,LOSER,,143.64,75,22,25,30,272.24,780,11,720,115.68,15.57,,3.65,3.65,3.65,3.65,5,28,34,1.04,0.99
6/07/2021,4:04:00 PM,4:05:09 PM,Menangle,NSW,6,185044031,R6 1609m Pace M,185044032,Harness,1609,Pace,20782743,8,Abridged,LOSER,52.52,LOSER,,69.86,120,38,44,61.13,152.36,1000,17.5,490,127.38,18.49,,6.4,6.4,6.4,6.4,15,60,70,1.04,0.99
6/07/2021,4:04:00 PM,4:05:09 PM,Menangle,NSW,6,185044031,R6 1609m Pace M,185044032,Harness,1609,Pace,26872411,9,Cee For Colin,LOSER,3.17,WINNER,,3115.03,6.2,3.25,3.3,3.9,6650.86,720,2.26,690,5.64,505.6,,1.77,1.44,1.72,1.72,375.34,3.85,4,1.04,0.99
6/07/2021,4:04:00 PM,4:05:09 PM,Menangle,NSW,6,185044031,R6 1609m Pace M,185044032,Harness,1609,Pace,26299418,10,Yuko,LOSER,19.78,WINNER,,327.7,28,19,21,22.88,349.19,780,1.17,490,6.18,562.89,,3.4,3.2,3.4,3.32,12,24,27,1.04,0.99
6/07/2021,4:45:00 PM,4:46:00 PM,Menangle,NSW,7,185044033,R7 1609m Pace M,185044034,Harness,1609,Pace,1545027,1,Rocket Boy,WINNER,1.32,WINNER,,6502.14,1.42,1.21,1.33,1.32,30959.05,1.32,1.01,1.01,1.12,8333.86,,1.15,1.06,1.1,1.11,3324.41,1.33,1.35,1.02,0.99
6/07/2021,4:45:00 PM,4:46:00 PM,Menangle,NSW,7,185044033,R7 1609m Pace M,185044034,Harness,1609,Pace,26872415,2,Oh Daddy,LOSER,120,LOSER,,47.51,250,26,90,99.72,74.44,990,80,990,245.01,6.14,,6.8,4.6,4.7,5.18,570.96,100,110,1.02,0.99
6/07/2021,4:45:00 PM,4:46:00 PM,Menangle,NSW,7,185044033,R7 1609m Pace M,185044034,Harness,1609,Pace,28737953,3,Kenny Said,LOSER,126.05,LOSER,,46.77,250,26,100,80.24,47.56,960,110,960,173.91,8.24,,7.8,5,5.4,5.24,293.47,100,110,1.02,0.99
6/07/2021,4:45:00 PM,4:46:00 PM,Menangle,NSW,7,185044033,R7 1609m Pace M,185044034,Harness,1609,Pace,40061879,4,Our Jack Starr,LOSER,324.49,LOSER,,16.91,260,26,230,158.11,43.88,960,320,960,360.68,7.85,,10,10,10,10,0.92,170,180,1.02,0.99
6/07/2021,4:45:00 PM,4:46:00 PM,Menangle,NSW,7,185044033,R7 1609m Pace M,185044034,Harness,1609,Pace,22941453,5,Hellofalass,LOSER,120,LOSER,,50.27,250,26,130,114.06,21.36,950,120,950,489.38,1.2,,6.2,5.8,6,5.95,25,140,150,1.02,0.99
6/07/2021,4:45:00 PM,4:46:00 PM,Menangle,NSW,7,185044033,R7 1609m Pace M,185044034,Harness,1609,Pace,22598632,6,Long Weekend,LOSER,20,WINNER,,208.83,48,16,18,20.77,753.73,790,19.5,780,83.31,19.22,,3.3,2.26,2.44,2.36,1444.29,16.5,17.5,1.02,0.99
6/07/2021,4:45:00 PM,4:46:00 PM,Menangle,NSW,7,185044033,R7 1609m Pace M,185044034,Harness,1609,Pace,40061880,7,Louis Litt,LOSER,19.5,WINNER,,282.42,70,18.5,20,22.47,206.92,790,17,720,45.48,45.9,,3.95,2.86,2.96,3.02,247.43,20,23,1.02,0.99
6/07/2021,4:45:00 PM,4:46:00 PM,Menangle,NSW,7,185044033,R7 1609m Pace M,185044034,Harness,1609,Pace,28170644,8,No Nukes Skipper,LOSER,51.34,LOSER,,127.07,50,18.5,42,38.74,489.05,720,29,720,84.36,18.57,,4.8,3.3,3.7,3.85,63.9,42,44,1.02,0.99
6/07/2021,4:45:00 PM,4:46:00 PM,Menangle,NSW,7,185044033,R7 1609m Pace M,185044034,Harness,1609,Pace,35834321,9,Wow Hes A Rock Star,LOSER,11.5,LOSER,,510.24,15.5,7.8,12,12.3,569.38,790,7.6,290,25.02,81.7,,2.64,1.84,2.28,2.22,1002.46,11.5,12.5,1.02,0.99
6/07/2021,4:45:00 PM,4:46:00 PM,Menangle,NSW,7,185044033,R7 1609m Pace M,185044034,Harness,1609,Pace,39465465,10,Bertie Jones,LOSER,65.07,LOSER,,83.11,110,36,65,55.85,43.47,780,90,480,196.33,4.18,,9.2,6.6,6.8,7.69,15.03,60,70,1.02,0.99
6/07/2021,5:23:00 PM,5:24:02 PM,Menangle,NSW,8,185044035,R8 1609m Pace M,185044036,Harness,1609,Pace,39395782,1,Mister Armstrong,LOSER,133.39,LOSER,,39.83,200,70,130,96.54,14.02,1000,100,700,328.25,3.15,,14.5,6.6,13.5,8.19,31.94,100,120,1.06,0.98
6/07/2021,5:23:00 PM,5:24:02 PM,Menangle,NSW,8,185044035,R8 1609m Pace M,185044036,Harness,1609,Pace,24326324,2,Court On The Edge,LOSER,156.64,LOSER,,31.96,180,25,180,95.15,64.35,1000,1.67,890,24.09,102.92,,10.5,7.6,8.2,8.72,94.45,130,170,1.06,0.98
6/07/2021,5:23:00 PM,5:24:02 PM,Menangle,NSW,8,185044035,R8 1609m Pace M,185044036,Harness,1609,Pace,25632827,3,Prodigal Guinness,LOSER,12.46,LOSER,,348.35,12.5,5.5,10,8.53,832.39,1000,4.4,190,16.54,142.82,,3,2.04,2.32,2.19,264.93,8.2,9.2,1.06,0.98
6/07/2021,5:23:00 PM,5:24:02 PM,Menangle,NSW,8,185044035,R8 1609m Pace M,185044036,Harness,1609,Pace,40061881,4,Rocknroll Rhythm,LOSER,23,LOSER,,255.61,30,13.5,23,22.53,147.16,1000,14.5,780,68.35,14.6,,4.5,3.45,4,3.71,82.16,22,27,1.06,0.98
6/07/2021,5:23:00 PM,5:24:02 PM,Menangle,NSW,8,185044035,R8 1609m Pace M,185044036,Harness,1609,Pace,25102755,5,Ananais,LOSER,20.44,LOSER,,222.71,29,15,20,21.99,351.44,920,15,920,202.01,32.98,,3.9,3.65,3.65,3.72,88.68,22,22,1.06,0.98
6/07/2021,5:23:00 PM,5:24:02 PM,Menangle,NSW,8,185044035,R8 1609m Pace M,185044036,Harness,1609,Pace,25765947,6,Held To Ransom,LOSER,31.37,WINNER,,275.17,40,21,27,26.66,183.15,1000,29,720,54.92,35.18,,6.6,5.1,5.2,6.18,17.25,20,27,1.06,0.98
6/07/2021,5:23:00 PM,5:24:02 PM,Menangle,NSW,8,185044035,R8 1609m Pace M,185044036,Harness,1609,Pace,11626445,7,Miss Streisand,LOSER,23.95,LOSER,,302.83,38,18,24,26.72,151.46,790,17.5,720,63.99,18.81,,4.7,4.7,4.7,4.7,13.96,24,26,1.06,0.98
6/07/2021,5:23:00 PM,5:24:02 PM,Menangle,NSW,8,185044035,R8 1609m Pace M,185044036,Harness,1609,Pace,23379655,8,Aalesund,LOSER,14.7,LOSER,,380.53,19.5,11.5,13,12.61,1006.56,1000,14.5,490,61.6,44.07,,3.15,2.8,3,3.03,12.18,11,13.5,1.06,0.98
6/07/2021,5:23:00 PM,5:24:02 PM,Menangle,NSW,8,185044035,R8 1609m Pace M,185044036,Harness,1609,Pace,40061882,9,Teddy Feels Good,WINNER,2.22,WINNER,,2611.31,2.5,1.6,2.26,2.26,12498.67,15,1.08,1.32,1.97,1858.52,,1.43,1.21,1.35,1.35,761.46,2.3,2.36,1.06,0.98
6/07/2021,5:23:00 PM,5:24:02 PM,Menangle,NSW,8,185044035,R8 1609m Pace M,185044036,Harness,1609,Pace,34337371,10,Our Money Rocks,WINNER,4.36,WINNER,,1323.96,12,4.4,4.4,5.23,2078.71,18,1.59,1.64,4.19,558.43,,2.36,1.81,1.81,1.95,372.27,4.8,4.9,1.06,0.98
6/07/2021,5:54:00 PM,5:55:05 PM,Menangle,NSW,9,185044037,R9 1609m Pace M,185044038,Harness,1609,Pace,9286185,1,Under Worked,LOSER,133.8,LOSER,,40.88,340,5.1,230,134.22,40.46,720,30,60,90.96,28.32,,8.2,6.8,6.8,7.5,82.24,95,160,1.05,0.99
6/07/2021,5:54:00 PM,5:55:05 PM,Menangle,NSW,9,185044037,R9 1609m Pace M,185044038,Harness,1609,Pace,1240061,2,Battle Born,LOSER,13.44,WINNER,,334.53,12.5,6.6,11,9,1011.79,780,1.37,280,7.41,517.86,,2.82,2.1,2.8,2.21,410.72,8.6,9.6,1.05,0.99
6/07/2021,5:54:00 PM,5:55:05 PM,Menangle,NSW,9,185044037,R9 1609m Pace M,185044038,Harness,1609,Pace,17221357,3,Redbelly Jack,LOSER,230.31,LOSER,,34.13,470,110,400,191.72,47.56,850,60,670,261.56,8.61,,,,,,,190,330,1.05,0.99
6/07/2021,5:54:00 PM,5:55:05 PM,Menangle,NSW,9,185044037,R9 1609m Pace M,185044038,Harness,1609,Pace,8728604,4,Birdy Mach,LOSER,178.08,LOSER,,30.75,340,100,280,171.91,23.95,1000,65,100,286.19,2.78,,13.5,8.2,13.5,10.14,10,130,250,1.05,0.99
6/07/2021,5:54:00 PM,5:55:05 PM,Menangle,NSW,9,185044037,R9 1609m Pace M,185044038,Harness,1609,Pace,803259,5,Dance For Glory,LOSER,101.32,LOSER,,62.51,250,60,85,75.14,70.82,1000,36,1000,115.43,25.39,,,,,,,65,75,1.05,0.99
6/07/2021,5:54:00 PM,5:55:05 PM,Menangle,NSW,9,185044037,R9 1609m Pace M,185044038,Harness,1609,Pace,10959399,6,Warfare,LOSER,34,LOSER,,170.21,140,21,34,34.53,258.6,780,27,780,62.65,26.17,,,,,,,29,34,1.05,0.99
6/07/2021,5:54:00 PM,5:55:05 PM,Menangle,NSW,9,185044037,R9 1609m Pace M,185044038,Harness,1609,Pace,1188053,7,Little Rascal,LOSER,2.85,WINNER,,2303.57,6.8,2.6,2.8,2.86,5947.94,270,1.53,110,2.51,2506.11,,1.64,1.27,1.29,1.37,160.03,2.74,2.84,1.05,0.99
6/07/2021,5:54:00 PM,5:55:05 PM,Menangle,NSW,9,185044037,R9 1609m Pace M,185044038,Harness,1609,Pace,5751836,8,Controversial,LOSER,66.76,LOSER,,272.89,340,75,80,84.88,210,720,20,720,71.34,122.92,,20,20,20,20,5.73,90,140,1.05,0.99
6/07/2021,5:54:00 PM,5:55:05 PM,Menangle,NSW,9,185044037,R9 1609m Pace M,185044038,Harness,1609,Pace,13433946,9,Makoa,LOSER,8.51,LOSER,,706.93,7.6,3.65,7.4,6.71,939.76,1000,8,1000,17.19,141.54,,1.95,1.57,1.81,1.84,120.23,6.6,6.8,1.05,0.99
6/07/2021,5:54:00 PM,5:55:05 PM,Menangle,NSW,9,185044037,R9 1609m Pace M,185044038,Harness,1609,Pace,12446371,10,Double Encounter,WINNER,2.75,WINNER,,1702.99,4,1.99,2.72,3.16,6761.49,18,1.01,1.01,1.76,3484.36,,2.26,1.42,2.26,1.69,369.28,3.05,3.1,1.05,0.99
6/07/2021,5:37:00 PM,5:37:42 PM,Terang,VIC,1,185042927,R1 1680m Pace M,185042928,Harness,1680,Pace,19763668,1,Shaded,LOSER,3.57,LOSER,1.54,1372.79,6.4,3.5,3.5,4.07,5122.17,1000,2.54,1000,6.46,334.43,1031.89,1.67,1.5,1.51,1.55,298.12,3.85,4,1.04,0.97
6/07/2021,5:37:00 PM,5:37:42 PM,Terang,VIC,1,185042927,R1 1680m Pace M,185042928,Harness,1680,Pace,39610810,2,Miranda May,WINNER,9.37,WINNER,2.42,607.31,12.5,5.6,10,6.51,4846.93,12,1.01,1.01,2.59,2392.65,337.85,2.5,1.71,2.5,1.98,356.81,5.8,6.2,1.04,0.97
6/07/2021,5:37:00 PM,5:37:42 PM,Terang,VIC,1,185042927,R1 1680m Pace M,185042928,Harness,1680,Pace,40061883,3,Ceeulater,LOSER,170,LOSER,18.8,33.13,170,19.84,130,116.37,22.84,720,170,700,235.66,10.68,67.5,28,7.8,15,10.38,30.09,120,170,1.04,0.97
6/07/2021,5:37:00 PM,5:37:42 PM,Terang,VIC,1,185042927,R1 1680m Pace M,185042928,Harness,1680,Pace,40061884,5,Bilum,LOSER,253.44,LOSER,50,45.79,320,19.84,240,169.43,26.31,780,220,780,488.15,2.38,6.28,48,7.8,9.6,10.09,36.29,150,270,1.04,0.97
6/07/2021,5:37:00 PM,5:37:42 PM,Terang,VIC,1,185042927,R1 1680m Pace M,185042928,Harness,1680,Pace,39498508,6,Hanover Jack,LOSER,13.25,LOSER,2.79,458.9,18,9.4,14,12.49,1643.26,1000,5.5,1000,69.25,82.61,574.48,2.9,2.7,2.7,2.79,1.07,10.5,12,1.04,0.97
6/07/2021,5:37:00 PM,5:37:42 PM,Terang,VIC,1,185042927,R1 1680m Pace M,185042928,Harness,1680,Pace,40061885,7,Lenny Tee,LOSER,3.59,WINNER,1.42,1579.98,4.7,2.74,3.7,3.55,4811.39,720,1.51,490,3.46,787.28,1303.55,1.57,1.4,1.44,1.48,1302.61,4.1,4.4,1.04,0.97
6/07/2021,5:37:00 PM,5:37:42 PM,Terang,VIC,1,185042927,R1 1680m Pace M,185042928,Harness,1680,Pace,6111555,8,Caesarion,LOSER,3.8,WINNER,1.49,889.34,4.6,2.86,3.9,3.73,6123.58,720,3.15,100,9.12,422.26,973.56,1.61,1.43,1.45,1.5,173.47,4,4.2,1.04,0.97
6/07/2021,6:09:00 PM,6:09:52 PM,Terang,VIC,2,185042929,R2 2180m Pace M,185042930,Harness,2180,Pace,35421225,2,No Win No Worries,LOSER,17.65,LOSER,1.75,259.17,26,11.5,17,16.6,645.98,1000,7,1000,15.95,219.31,906.58,2.24,1.45,1.75,1.8,1191.93,17,17.5,1.01,1
6/07/2021,6:09:00 PM,6:09:52 PM,Terang,VIC,2,185042929,R2 2180m Pace M,185042930,Harness,2180,Pace,38553878,3,Silver Mystique,WINNER,25.87,WINNER,2.75,178.87,60,14.5,24,25.25,430.12,170,1.01,1.01,2.4,1696.31,479.39,3.2,2.5,2.7,2.63,737.78,19.5,20,1.01,1
6/07/2021,6:09:00 PM,6:09:52 PM,Terang,VIC,2,185042929,R2 2180m Pace M,185042930,Harness,2180,Pace,38754127,4,All The Fours,LOSER,280,LOSER,325.71,25.6,360,55,230,155.36,108.68,1000,210,210,346.72,7.59,7.35,970,8.8,970,26.32,75.13,230,270,1.01,1
6/07/2021,6:09:00 PM,6:09:52 PM,Terang,VIC,2,185042929,R2 2180m Pace M,185042930,Harness,2180,Pace,37454843,5,Animado,LOSER,1.13,WINNER,1.09,3985.79,1.25,1.08,1.14,1.13,40429.3,60,1.01,60,1.16,5739.61,411.62,1.1,1.06,1.08,1.08,2644.62,1.14,1.15,1.01,1
6/07/2021,6:09:00 PM,6:09:52 PM,Terang,VIC,2,185042929,R2 2180m Pace M,185042930,Harness,2180,Pace,39647891,6,Our Bella Lucia,LOSER,180,LOSER,16.99,20.22,190,46,190,108.14,72.77,1000,320,1000,674.38,2.92,82.45,20,6.2,20,14.41,19.74,120,140,1.01,1
6/07/2021,6:09:00 PM,6:09:52 PM,Terang,VIC,2,185042929,R2 2180m Pace M,185042930,Harness,2180,Pace,220448,7,Royal Speech,LOSER,112.76,LOSER,13.5,64.68,170,40,120,121.84,118.04,1000,17.5,17.5,250.95,7.89,62.09,23,9.8,13.5,18.12,106.12,95,110,1.01,1
6/07/2021,6:34:00 PM,6:34:44 PM,Terang,VIC,3,185042931,R3 1680m Pace M,185042932,Harness,1680,Pace,40061886,1,Heavenly Sign,LOSER,3.9,LOSER,1.88,1119.91,4,2.58,3.75,3.25,5410.3,1000,2.26,690,5.11,840.1,1062.03,1.89,1.78,1.88,1.81,201.19,3.75,3.85,1.02,0.98
6/07/2021,6:34:00 PM,6:34:44 PM,Terang,VIC,3,185042931,R3 1680m Pace M,185042932,Harness,1680,Pace,40061887,2,Jilliby Rippa,LOSER,8.66,LOSER,2.98,648.65,24,6.8,8.2,8.97,3580.61,100,3.3,44,9.56,225.88,524.37,4.7,2.92,2.92,3.02,94.99,7,7.4,1.02,0.98
6/07/2021,6:34:00 PM,6:34:44 PM,Terang,VIC,3,185042931,R3 1680m Pace M,185042932,Harness,1680,Pace,39969144,3,Keayang Fitzy,LOSER,70.54,WINNER,17.5,78.87,120,22,100,81.07,200.09,720,60,720,145.27,3.39,87.59,19,11,12,18.51,117.71,60,75,1.02,0.98
6/07/2021,6:34:00 PM,6:34:44 PM,Terang,VIC,3,185042931,R3 1680m Pace M,185042932,Harness,1680,Pace,40061888,5,Got Equity,LOSER,3.95,LOSER,1.95,1022.63,10.5,3.8,3.95,4.7,3583.38,1000,3.95,690,8.81,202.19,969.71,2.4,1.95,1.95,2.06,36.15,3.95,4.1,1.02,0.98
6/07/2021,6:34:00 PM,6:34:44 PM,Terang,VIC,3,185042931,R3 1680m Pace M,185042932,Harness,1680,Pace,16125754,6,Cobber,WINNER,2.75,WINNER,1.88,3293.92,3.1,2.12,2.84,2.78,9725.51,2.96,1.01,1.01,1.51,2914,857.48,1.95,1.22,1.88,1.79,759.31,2.92,3.05,1.02,0.98
6/07/2021,7:00:00 PM,7:00:59 PM,Terang,VIC,4,185042933,R4 1680m Pace M,185042934,Harness,1680,Pace,11301841,1,Imagoldcloud,LOSER,18.44,WINNER,3.9,277.49,25,9.2,18.5,17.59,815.62,720,2.04,720,15.85,201.33,406.56,4.3,3.6,3.7,3.72,67.17,17.5,18,1.03,0.98
6/07/2021,7:00:00 PM,7:00:59 PM,Terang,VIC,4,185042933,R4 1680m Pace M,185042934,Harness,1680,Pace,28447744,2,Shezarocknrollin,LOSER,81.32,LOSER,11.48,82.43,120,21,80,62.55,159.38,720,90,300,214.18,1.65,83.37,8.4,7,7.4,7.32,73.22,70,95,1.03,0.98
6/07/2021,7:00:00 PM,7:00:59 PM,Terang,VIC,4,185042933,R4 1680m Pace M,185042934,Harness,1680,Pace,27341398,3,Steam Rolled,LOSER,38.11,LOSER,6.52,214.36,44,16.5,29,23.93,719.79,720,28,300,43.54,74.36,87.12,7.4,3.95,5,4.52,230.23,30,32,1.03,0.98
6/07/2021,7:00:00 PM,7:00:59 PM,Terang,VIC,4,185042933,R4 1680m Pace M,185042934,Harness,1680,Pace,18130498,4,Zaras All Good,LOSER,2.66,WINNER,1.38,2796.7,5.8,2.36,2.7,2.64,11062.23,720,2,270,5.41,839.59,881.75,1.44,1.3,1.38,1.39,1039.88,2.48,2.56,1.03,0.98
6/07/2021,7:00:00 PM,7:00:59 PM,Terang,VIC,4,185042933,R4 1680m Pace M,185042934,Harness,1680,Pace,35421240,5,Leica Gem,LOSER,29.38,LOSER,6.85,104.77,150,21,29,29.27,264.53,720,29,110,56.11,15.44,156,12,4.5,4.6,5.99,51.65,27,34,1.03,0.98
6/07/2021,7:00:00 PM,7:00:59 PM,Terang,VIC,4,185042933,R4 1680m Pace M,185042934,Harness,1680,Pace,422762,6,Chicago Nights,LOSER,55.82,LOSER,16.61,86.09,60,18.5,55,38.89,123.91,720,25,300,96.72,7.04,81.41,980,11,13.5,15.95,6.42,44,55,1.03,0.98
6/07/2021,7:00:00 PM,7:00:59 PM,Terang,VIC,4,185042933,R4 1680m Pace M,185042934,Harness,1680,Pace,7092623,7,Our Summer Wind,LOSER,29,LOSER,6.35,248.49,30,15.5,29,21.57,378.17,720,24,300,50.61,34.12,265.44,,,,,,23,28,1.03,0.98
6/07/2021,7:00:00 PM,7:00:59 PM,Terang,VIC,4,185042933,R4 1680m Pace M,185042934,Harness,1680,Pace,40061889,8,Classact,WINNER,3.5,WINNER,1.66,1622.98,6.8,3.45,3.55,3.72,6177.84,4.4,1.01,1.01,1.44,2630.08,693.48,1.82,1.5,1.65,1.6,245.13,3.55,3.6,1.03,0.98
6/07/2021,7:00:00 PM,7:00:59 PM,Terang,VIC,4,185042933,R4 1680m Pace M,185042934,Harness,1680,Pace,24930141,9,Abbey Fields,LOSER,12.43,LOSER,3.73,801.72,30,10,14,17.26,501.65,720,9,720,18,88.06,427.43,,,,,,16,16.5,1.03,0.98
6/07/2021,7:00:00 PM,7:00:59 PM,Terang,VIC,4,185042933,R4 1680m Pace M,185042934,Harness,1680,Pace,11044650,10,Okelerho Lad,LOSER,9.81,LOSER,3.24,586.59,14,6,10.5,10.71,967.85,720,6,420,28.88,105.41,531.89,2.94,2.14,2.82,2.75,226.73,13,14,1.03,0.98
6/07/2021,7:30:00 PM,7:30:58 PM,Terang,VIC,5,185042935,R5 2180m Pace M,185042936,Harness,2180,Pace,36408789,1,Iron Chariot,WINNER,2.21,WINNER,1.23,2436.48,3.1,2.08,2.22,2.29,7630.66,2.64,1.01,1.03,1.56,3890.69,1341.63,1.45,1.14,1.24,1.2,469.37,2.16,2.2,1.02,0.99
6/07/2021,7:30:00 PM,7:30:58 PM,Terang,VIC,5,185042935,R5 2180m Pace M,185042936,Harness,2180,Pace,40061890,3,Sporty Culture,LOSER,127.15,LOSER,15,60.98,200,13.2,110,116.34,53.12,1000,250,1000,612.29,2.16,118.96,11.5,11.5,11.5,11.5,5.78,160,200,1.02,0.99
6/07/2021,7:30:00 PM,7:30:58 PM,Terang,VIC,5,185042935,R5 2180m Pace M,185042936,Harness,2180,Pace,39594551,4,Shady Credit,LOSER,32,LOSER,4.39,195.28,44,12,32,30.44,230.05,1000,26,1000,79.98,12.4,11,4.4,3.45,4.3,4.39,11.11,30,34,1.02,0.99
6/07/2021,7:30:00 PM,7:30:58 PM,Terang,VIC,5,185042935,R5 2180m Pace M,185042936,Harness,2180,Pace,12813117,5,Morgan Art,LOSER,77.68,LOSER,483.9,99.43,90,13.2,80,62.28,30.63,1000,55,1000,131.8,8.83,,,,,,,80,85,1.02,0.99
6/07/2021,7:30:00 PM,7:30:58 PM,Terang,VIC,5,185042935,R5 2180m Pace M,185042936,Harness,2180,Pace,37582078,6,Seal The Destiny,LOSER,12.5,LOSER,2.46,562.11,17.5,12,12.5,13.55,797.55,1000,12,1000,55.33,36.18,347.59,3,2.18,2.36,2.4,58.14,12.5,13,1.02,0.99
6/07/2021,7:30:00 PM,7:30:58 PM,Terang,VIC,5,185042935,R5 2180m Pace M,185042936,Harness,2180,Pace,11568945,7,Joy Mac,LOSER,24,LOSER,4.37,148.95,60.01,9.8,19,26.78,146.83,1000,29,1000,94.27,8.14,432.72,,,,,,32,40,1.02,0.99
6/07/2021,7:30:00 PM,7:30:58 PM,Terang,VIC,5,185042935,R5 2180m Pace M,185042936,Harness,2180,Pace,40061891,8,Silver Domino,LOSER,2.83,WINNER,1.35,1959.44,4.7,2.68,2.88,2.97,3222.48,100,1.5,11,3.11,630.14,1090.73,1.49,1.24,1.29,1.34,790.4,2.8,2.84,1.02,0.99
6/07/2021,7:30:00 PM,7:30:58 PM,Terang,VIC,5,185042935,R5 2180m Pace M,185042936,Harness,2180,Pace,18129762,9,Exciteusrubycee,LOSER,48,LOSER,467.8,149.39,65,15.6,40,48.87,66.51,1000,23,1000,51.71,26.66,,6.4,6.4,6.4,6.4,23.43,55,75,1.02,0.99
6/07/2021,7:30:00 PM,7:30:58 PM,Terang,VIC,5,185042935,R5 2180m Pace M,185042936,Harness,2180,Pace,40061892,10,Nai Harn Bay,LOSER,38.49,WINNER,5.35,182.46,65,12.6,36,44.28,79.54,1000,13,1000,44.81,35.65,290.16,6.2,6.2,6.2,6.2,5,48,55,1.02,0.99
6/07/2021,8:00:00 PM,8:00:58 PM,Terang,VIC,6,185042937,R6 2180m Trot M,185042938,Harness,2180,Trot,25009521,1,Miss Maia,LOSER,34.94,LOSER,9.15,167.13,48,18.5,30,34.92,272.59,920,11.5,920,74.29,61.96,234.86,4.6,3.7,3.95,4.09,310.29,36,42,1.02,0.98
6/07/2021,8:00:00 PM,8:00:58 PM,Terang,VIC,6,185042937,R6 2180m Trot M,185042938,Harness,2180,Trot,40061893,2,Allwatfunjingles,LOSER,138.78,LOSER,10.35,57.58,190,22,120,134.86,68.5,960,110,960,460.88,1.79,98.93,11,6.8,6.8,7.28,156.94,150,170,1.02,0.98
6/07/2021,8:00:00 PM,8:00:58 PM,Terang,VIC,6,185042937,R6 2180m Trot M,185042938,Harness,2180,Trot,40061894,3,Aldebaran Huey,LOSER,29.97,LOSER,14.04,307.41,42,11,36,23.67,575.01,910,40,910,168.48,26.68,39.67,20,2.78,20,8.22,474.62,36,38,1.02,0.98
6/07/2021,8:00:00 PM,8:00:58 PM,Terang,VIC,6,185042937,R6 2180m Trot M,185042938,Harness,2180,Trot,919732,4,Elegant Jet,WINNER,11,WINNER,1.76,417.21,15.5,8.6,10,12.15,1651.77,14.5,1.01,1.01,1.36,1744.38,683.96,2.48,1.72,1.83,1.99,1185.15,13,14,1.02,0.98
6/07/2021,8:00:00 PM,8:00:58 PM,Terang,VIC,6,185042937,R6 2180m Trot M,185042938,Harness,2180,Trot,40061895,5,Saint Calder,LOSER,11.2,WINNER,2.05,641.3,22,5.1,12.5,8.05,3361.61,540,4.7,540,16.17,284.88,1059.73,5.5,1.46,1.93,2.31,3136.07,5.6,5.9,1.02,0.98
6/07/2021,8:00:00 PM,8:00:58 PM,Terang,VIC,6,185042937,R6 2180m Trot M,185042938,Harness,2180,Trot,40061896,7,Paramount Princess,LOSER,1.6,WINNER,1.13,3590.98,2.18,1.37,1.45,1.55,19136.03,720,1.31,690,2.98,1846.1,1785.97,1.25,1.08,1.09,1.15,2366.73,1.56,1.58,1.02,0.98
6/07/2021,8:00:00 PM,8:00:58 PM,Terang,VIC,6,185042937,R6 2180m Trot M,185042938,Harness,2180,Trot,28152916,8,Jazspur,LOSER,21.49,LOSER,2.6,282.79,34,10,23,21.13,566.71,920,17.5,730,156.42,9.71,481.37,3.25,2,2.54,2.63,414.66,22,23,1.02,0.98
6/07/2021,8:00:00 PM,8:00:58 PM,Terang,VIC,6,185042937,R6 2180m Trot M,185042938,Harness,2180,Trot,4305604,9,Shadow Justice,LOSER,72.05,LOSER,6.45,99.22,150,50,60,81.27,136.75,950,100,950,330.2,2.46,289.28,6.8,4.2,4.5,5.71,227.21,80,95,1.02,0.98
6/07/2021,8:30:00 PM,8:31:11 PM,Terang,VIC,7,185042939,R7 2180m Pace M,185042940,Harness,2180,Pace,28318469,1,Wingate Guy,LOSER,11,LOSER,3.02,545.51,13.5,6.8,10,10.27,1240.71,280,3.1,110,12.05,360.11,305.61,3.8,2.36,2.54,2.55,123.63,9.4,10.5,1.03,0.97
6/07/2021,8:30:00 PM,8:31:11 PM,Terang,VIC,7,185042939,R7 2180m Pace M,185042940,Harness,2180,Pace,12771771,2,Wotchawaitingfor,LOSER,65.75,LOSER,7.13,135.53,50,26,50,41.77,114.36,720,18.5,720,71.64,19.97,153.15,14,7,7.2,7.57,12.05,38,40,1.03,0.97
6/07/2021,8:30:00 PM,8:31:11 PM,Terang,VIC,7,185042939,R7 2180m Pace M,185042940,Harness,2180,Pace,21949858,4,Atego Shades,LOSER,55,LOSER,13.1,154.15,80,36,60,56.28,78.07,150,7.2,150,30.02,93.54,,7.6,7.6,7.6,7.6,0.17,55,60,1.03,0.97
6/07/2021,8:30:00 PM,8:31:11 PM,Terang,VIC,7,185042939,R7 2180m Pace M,185042940,Harness,2180,Pace,40061897,6,Bakers Bandit,LOSER,19.03,LOSER,4.2,256.48,40,13.5,16.5,17.93,720.77,80,7.4,80,16.95,90.42,300.26,4.6,4.4,4.4,4.45,18.9,27,32,1.03,0.97
6/07/2021,8:30:00 PM,8:31:11 PM,Terang,VIC,7,185042939,R7 2180m Pace M,185042940,Harness,2180,Pace,13218659,7,Presidential Art,LOSER,160,LOSER,19.75,60.58,160,36,160,128.95,43.5,940,160,480,244.47,13.04,23.14,,,,,,120,130,1.03,0.97
6/07/2021,8:30:00 PM,8:31:11 PM,Terang,VIC,7,185042939,R7 2180m Pace M,185042940,Harness,2180,Pace,24075004,8,Rebeccas Art,LOSER,51.52,LOSER,5.8,161.52,55,22,50,36.39,163.01,85,4,65,17.18,82.84,,7,4.7,5,5.41,53.59,36,38,1.03,0.97
6/07/2021,8:30:00 PM,8:31:11 PM,Terang,VIC,7,185042939,R7 2180m Pace M,185042940,Harness,2180,Pace,35833864,9,Iamawingate,WINNER,15.08,WINNER,3.65,412.37,17,9.6,15,13.82,474.26,40,7,24,14.6,37.85,351.34,4.1,3.2,4.1,3.85,20.13,15,17,1.03,0.97
6/07/2021,8:30:00 PM,8:31:11 PM,Terang,VIC,7,185042939,R7 2180m Pace M,185042940,Harness,2180,Pace,37425468,10,The Big End Oftown,LOSER,21.47,WINNER,5.85,337.54,26,14,26,20.55,232.37,55,3,55,14.17,143.03,162.74,,,,,,18,19.5,1.03,0.97
6/07/2021,8:30:00 PM,8:31:11 PM,Terang,VIC,7,185042939,R7 2180m Pace M,185042940,Harness,2180,Pace,40061898,11,Reactor Factor,LOSER,2.21,LOSER,1.4,1845.62,3.45,2.1,2.2,2.24,12212.34,1000,2.16,1000,5.97,830.42,1084.33,1.5,1.32,1.4,1.39,790.18,2.14,2.2,1.03,0.97
6/07/2021,8:30:00 PM,8:31:11 PM,Terang,VIC,7,185042939,R7 2180m Pace M,185042940,Harness,2180,Pace,40061899,12,Jilliby Dyson,LOSER,12.41,WINNER,2.86,649.63,19.5,8.2,13,13.48,995.25,28,1.27,1.27,12.71,279.88,459.44,3.95,2.7,3.95,2.83,25.06,15,16,1.03,0.97
6/07/2021,8:30:00 PM,8:31:11 PM,Terang,VIC,7,185042939,R7 2180m Pace M,185042940,Harness,2180,Pace,40061900,13,Sea Lover,LOSER,6.07,LOSER,2.15,934.61,7.8,5.1,6.4,6.45,3254.85,15,2.02,13,4.7,297.57,1071.07,2.46,2.04,2.16,2.27,324.32,6.6,7.2,1.03,0.97
6/07/2021,9:00:00 PM,9:01:00 PM,Terang,VIC,8,185042941,R8 1680m Pace M,185042942,Harness,1680,Pace,22370260,1,Morvah,LOSER,55.87,WINNER,5.09,120.34,190,22,75,50.35,184.7,720,3,180,16.32,165.49,339.53,6.6,4.9,5.4,5.33,115.74,38,42,1.02,0.98
6/07/2021,9:00:00 PM,9:01:00 PM,Terang,VIC,8,185042941,R8 1680m Pace M,185042942,Harness,1680,Pace,37797433,2,Better Exclusive,LOSER,2.81,LOSER,1.31,3279.64,5,2.7,2.9,3.17,8085.05,720,2.78,720,5.59,728.64,901.55,1.4,1.3,1.31,1.35,606.69,3.3,3.4,1.02,0.98
6/07/2021,9:00:00 PM,9:01:00 PM,Terang,VIC,8,185042941,R8 1680m Pace M,185042942,Harness,1680,Pace,28672096,3,Gotta Smudge,LOSER,4.2,WINNER,1.48,1072.75,4.5,2.6,4.1,3.48,6418.18,220,2.12,220,3.43,760,872.64,1.51,1.3,1.43,1.43,266,3.5,3.65,1.02,0.98
6/07/2021,9:00:00 PM,9:01:00 PM,Terang,VIC,8,185042941,R8 1680m Pace M,185042942,Harness,1680,Pace,12827764,4,Idle Times,LOSER,8,LOSER,1.96,717.3,16.5,7.4,8,8.7,1603.9,890,3.1,700,14.34,422.41,861.94,2.46,1.96,1.98,2.05,110,8.2,8.6,1.02,0.98
6/07/2021,9:00:00 PM,9:01:00 PM,Terang,VIC,8,185042941,R8 1680m Pace M,185042942,Harness,1680,Pace,37582460,5,Onesmartfella,WINNER,4.07,WINNER,1.44,1324.22,5.4,2.64,3.95,4.07,5585.4,7.2,1.01,1.01,1.3,2890.12,660.36,1.9,1.42,1.65,1.52,1593.63,3.95,4,1.02,0.98
6/07/2021,9:00:00 PM,9:01:00 PM,Terang,VIC,8,185042941,R8 1680m Pace M,185042942,Harness,1680,Pace,9044432,6,The Jet Player,LOSER,445.1,LOSER,440.76,50.17,480,120,410,260.12,36.14,720,210,500,336.1,1.11,0.09,990,14,55,38.39,2.01,210,260,1.02,0.98
6/07/2021,9:00:00 PM,9:01:00 PM,Terang,VIC,8,185042941,R8 1680m Pace M,185042942,Harness,1680,Pace,13757778,7,Jacks Command,LOSER,170,LOSER,22.75,52.58,480,100,260,157.65,32.2,720,60,700,181.11,13.41,,16,16,16,16,1.66,140,330,1.02,0.98
6/07/2021,9:00:00 PM,9:01:00 PM,Terang,VIC,8,185042941,R8 1680m Pace M,185042942,Harness,1680,Pace,24930160,8,Eastbro Adele,LOSER,60.71,LOSER,6.36,93.24,250,27,60,52.37,111.08,150,9,140,26.98,63.52,179.5,5.1,4.5,5,4.83,47.33,46,55,1.02,0.98
7/07/2021,5:15:00 PM,5:15:58 PM,Bathurst,NSW,1,185072385,R1 1730m Pace M,185072387,Harness,1730,Pace,24051231,1,Pilch,WINNER,3.57,WINNER,,4272.8,5.1,3.45,3.5,3.98,6833.01,5,1.01,1.01,1.56,2531.27,,1.83,1.56,1.57,1.67,172.35,4,4.1,1.02,1
7/07/2021,5:15:00 PM,5:15:58 PM,Bathurst,NSW,1,185072385,R1 1730m Pace M,185072387,Harness,1730,Pace,38744526,2,Wattos Mate,LOSER,13.25,LOSER,,572.53,16,10.5,12.5,12.34,749.79,720,12.5,720,32.86,35.66,,3.8,3.1,3.8,3.16,26.46,12,13,1.02,1
7/07/2021,5:15:00 PM,5:15:58 PM,Bathurst,NSW,1,185072385,R1 1730m Pace M,185072387,Harness,1730,Pace,40091607,3,Yum Cha,LOSER,8.4,WINNER,,908.54,9.2,5,8.2,7.97,1045.84,490,2,150,6.36,452.69,,2.7,2.68,2.7,2.7,53.48,8.2,9,1.02,1
7/07/2021,5:15:00 PM,5:15:58 PM,Bathurst,NSW,1,185072385,R1 1730m Pace M,185072387,Harness,1730,Pace,977508,4,Classical Music,LOSER,46,LOSER,,170.61,50,13.5,48,37.68,141.33,720,18.5,720,60.45,32.5,,7.4,4.4,6.8,6.1,20.11,48,60,1.02,1
7/07/2021,5:15:00 PM,5:15:58 PM,Bathurst,NSW,1,185072385,R1 1730m Pace M,185072387,Harness,1730,Pace,40091608,5,Major Bracken,LOSER,3.05,LOSER,,4610.46,4,2.76,3.1,3.07,7794.03,690,3,690,5.43,436.48,,1.73,1.46,1.47,1.52,681.54,2.96,2.9,1.02,1
7/07/2021,5:15:00 PM,5:15:58 PM,Bathurst,NSW,1,185072385,R1 1730m Pace M,185072387,Harness,1730,Pace,20587334,6,Bill Shannon,LOSER,64.55,LOSER,,170.21,65,29,65,47.93,124.55,920,48,300,183.6,10.72,,7.4,7.4,7.4,7.4,3.69,55,65,1.02,1
7/07/2021,5:15:00 PM,5:15:58 PM,Bathurst,NSW,1,185072385,R1 1730m Pace M,185072387,Harness,1730,Pace,38868583,7,Yes Eye See,LOSER,18.31,LOSER,,653.96,22,9.8,16,14.12,894.57,720,16.5,720,35.57,68.42,,,,,,,14,15,1.02,1
7/07/2021,5:15:00 PM,5:15:58 PM,Bathurst,NSW,1,185072385,R1 1730m Pace M,185072387,Harness,1730,Pace,25201460,8,Shoobees Charm,LOSER,54.26,LOSER,,190.06,55,32,55,43.45,120.34,720,50,710,119.13,15.63,,9.6,5,9.6,7.7,24.2,46,55,1.02,1
7/07/2021,5:15:00 PM,5:15:58 PM,Bathurst,NSW,1,185072385,R1 1730m Pace M,185072387,Harness,1730,Pace,40091609,9,Bomani,LOSER,17,WINNER,,550.66,27,11.5,18,17.03,499.4,720,5.2,720,13.45,169.6,,3.8,2.82,3.75,3.28,478.47,16.5,14,1.02,1
7/07/2021,5:15:00 PM,5:15:58 PM,Bathurst,NSW,1,185072385,R1 1730m Pace M,185072387,Harness,1730,Pace,10896810,10,Valenteeno,LOSER,27.11,LOSER,,460.4,48,21,30,28.06,240.22,720,14,720,33.37,108.78,,6,4.5,5.2,4.96,60.03,27,30,1.02,1
7/07/2021,5:45:00 PM,5:46:21 PM,Bathurst,NSW,2,185072389,R2 1730m Pace M,185072391,Harness,1730,Pace,20047682,1,Negative Nancy,LOSER,17.59,WINNER,,506.9,20,11.5,19,16.86,409.51,720,8,100,17.99,178.77,,3.4,2.5,2.76,2.99,901.54,18.5,19.5,1.04,0.98
7/07/2021,5:45:00 PM,5:46:21 PM,Bathurst,NSW,2,185072389,R2 1730m Pace M,185072391,Harness,1730,Pace,9169174,3,Jetset Star,LOSER,74.26,LOSER,,216.37,90,22,75,62.39,200.31,720,15.5,300,36.96,80.43,,13.5,7.8,13.5,8.94,24.33,75,90,1.04,0.98
7/07/2021,5:45:00 PM,5:46:21 PM,Bathurst,NSW,2,185072389,R2 1730m Pace M,185072391,Harness,1730,Pace,36621013,4,Highly Respected,LOSER,6.02,LOSER,,2570.53,10.5,5.3,7,8.27,1080.63,720,3.3,290,9.32,540.71,,2.98,2.2,2.98,2.75,28.7,9,10,1.04,0.98
7/07/2021,5:45:00 PM,5:46:21 PM,Bathurst,NSW,2,185072389,R2 1730m Pace M,185072391,Harness,1730,Pace,17647642,5,Dinosaurus Rex,LOSER,16.19,LOSER,,1351.78,22,8.2,16,16.88,1438.05,720,15,150,19.38,318.18,,4.4,3.4,4.2,3.76,115.54,14.5,16,1.04,0.98
7/07/2021,5:45:00 PM,5:46:21 PM,Bathurst,NSW,2,185072389,R2 1730m Pace M,185072391,Harness,1730,Pace,28605487,6,Nifty Rocket Man,LOSER,2.82,LOSER,,3320.8,5,2.76,2.88,3.23,12354.36,600,1.94,55,3.33,1533.76,,1.73,1.38,1.55,1.52,750.78,2.96,3.05,1.04,0.98
7/07/2021,5:45:00 PM,5:46:21 PM,Bathurst,NSW,2,185072389,R2 1730m Pace M,185072391,Harness,1730,Pace,40091610,7,Infinity Beach,WINNER,9,WINNER,,693.51,8.8,4.1,7.2,5.29,2940.88,70,1.01,1.11,2.26,1541.89,,2.26,1.74,2.26,1.95,337.48,5.3,5.5,1.04,0.98
7/07/2021,5:45:00 PM,5:46:21 PM,Bathurst,NSW,2,185072389,R2 1730m Pace M,185072391,Harness,1730,Pace,39207348,8,Mendoza Lass,LOSER,49.21,LOSER,,173.77,80,30,48,48.17,134.89,720,48,150,101.54,14.71,,10,6.6,7.2,7.22,38.4,40,60,1.04,0.98
7/07/2021,5:45:00 PM,5:46:21 PM,Bathurst,NSW,2,185072389,R2 1730m Pace M,185072391,Harness,1730,Pace,38587997,9,Pale Face Jo,LOSER,52.45,LOSER,,210.68,70,16.5,48,36.67,382.4,720,28,300,65,11.67,,9.8,5.9,6,6.19,563.38,50,65,1.04,0.98
7/07/2021,5:45:00 PM,5:46:21 PM,Bathurst,NSW,2,185072389,R2 1730m Pace M,185072391,Harness,1730,Pace,4897107,10,The Handsome One,LOSER,3.82,WINNER,,4282.49,5,3.9,4.1,4.33,3506.22,720,1.91,55,4.21,734.72,,1.74,1.59,1.69,1.64,1324.4,4.5,4.6,1.04,0.98
7/07/2021,6:10:00 PM,6:15:11 PM,Bathurst,NSW,3,185072392,R3 1730m Pace M,185072394,Harness,1730,Pace,16126240,1,Toro Delago,LOSER,5.66,LOSER,,1187.48,18.5,5.5,5.7,7.29,2437.12,720,1.75,690,3.58,582.23,,2.54,2.1,2.14,2.19,125.37,7.4,9.2,1.03,0.93
7/07/2021,6:10:00 PM,6:15:11 PM,Bathurst,NSW,3,185072392,R3 1730m Pace M,185072394,Harness,1730,Pace,27857834,3,Dont Tell Phyllis,LOSER,11.15,LOSER,,601.05,16,9,11.5,11.07,1186.54,720,6.8,720,33.66,20.57,,3.1,2.74,2.98,3.02,17.33,14.5,15.5,1.03,0.93
7/07/2021,6:10:00 PM,6:15:11 PM,Bathurst,NSW,3,185072392,R3 1730m Pace M,185072394,Harness,1730,Pace,40091611,4,Dulcetto,LOSER,55,LOSER,,113.2,85,23,38,38.19,226.56,720,16.5,720,67.89,15.22,,6.2,6,6,6.1,10,40,44,1.03,0.93
7/07/2021,6:10:00 PM,6:15:11 PM,Bathurst,NSW,3,185072392,R3 1730m Pace M,185072394,Harness,1730,Pace,19062496,5,Warraderry,LOSER,7.57,WINNER,,775.19,14.5,7,7,9.16,1498.65,720,4.7,720,19.63,52.51,,3.1,2.56,2.56,2.81,125.31,8.8,9.4,1.03,0.93
7/07/2021,6:10:00 PM,6:15:11 PM,Bathurst,NSW,3,185072392,R3 1730m Pace M,185072394,Harness,1730,Pace,36781796,6,Ulaanbaatar,LOSER,24.06,LOSER,,362.75,50,18.5,24,27.69,370.63,720,15.5,720,43.75,28.92,,6.4,5,5.5,5.25,20.25,42,48,1.03,0.93
7/07/2021,6:10:00 PM,6:15:11 PM,Bathurst,NSW,3,185072392,R3 1730m Pace M,185072394,Harness,1730,Pace,3478995,7,So Am I,LOSER,13.97,LOSER,,465.99,24,12,13.5,15.49,1033.19,720,7.2,720,43.37,42.03,,3.85,3.7,3.7,3.79,21.49,21,23,1.03,0.93
7/07/2021,6:10:00 PM,6:15:11 PM,Bathurst,NSW,3,185072392,R3 1730m Pace M,185072394,Harness,1730,Pace,28699473,8,Burns Bay,LOSER,4.38,LOSER,,2821.18,5.5,2.7,4,3.89,8368.22,890,4.7,890,20.07,322.18,,2.14,1.36,2.12,1.86,941.71,3.35,3.7,1.03,0.93
7/07/2021,6:10:00 PM,6:15:11 PM,Bathurst,NSW,3,185072392,R3 1730m Pace M,185072394,Harness,1730,Pace,12466894,9,Kalypso King,WINNER,45.88,WINNER,,195.56,80,38,42,50.62,182.58,75,1.01,1.01,1.94,1612.96,,8,7,7,7.46,86.1,55,70,1.03,0.93
7/07/2021,6:10:00 PM,6:15:11 PM,Bathurst,NSW,3,185072392,R3 1730m Pace M,185072394,Harness,1730,Pace,22547589,10,Bracken Warrior,LOSER,3.17,WINNER,,1865.57,4.9,3,3.3,3.45,10222.77,1000,2.18,1000,11.25,927.42,,1.77,1.49,1.59,1.61,3067.93,3.35,3.55,1.03,0.93
7/07/2021,6:37:00 PM,6:39:05 PM,Bathurst,NSW,4,185072396,R4 1730m Pace M,185072397,Harness,1730,Pace,24465406,1,Matamua,LOSER,5.29,LOSER,,1330.86,6,3,5.5,5.1,2187.81,720,3.5,490,6.72,408,,2.02,1.65,1.97,1.69,1823.31,5.6,6,1.04,0.96
7/07/2021,6:37:00 PM,6:39:05 PM,Bathurst,NSW,4,185072396,R4 1730m Pace M,185072397,Harness,1730,Pace,16733380,2,Irvine,LOSER,16.39,WINNER,,401.74,15.5,7.2,14,11.96,748.57,780,11,780,33.8,49.58,,,,,,,13,15.5,1.04,0.96
7/07/2021,6:37:00 PM,6:39:05 PM,Bathurst,NSW,4,185072396,R4 1730m Pace M,185072397,Harness,1730,Pace,40091612,5,Surfing Clear,LOSER,3.91,LOSER,,1581.57,7.8,4,4.1,4.74,5305.06,720,1.9,720,3.25,1464.5,,2.13,1.77,1.8,1.93,629.97,4.5,4.7,1.04,0.96
7/07/2021,6:37:00 PM,6:39:05 PM,Bathurst,NSW,4,185072396,R4 1730m Pace M,185072397,Harness,1730,Pace,22747507,6,Bruhaha,LOSER,16.11,WINNER,,464.74,29,12.5,15,16.7,601.35,780,15.5,190,33.15,75.13,,3.4,3.35,3.35,3.35,42.54,12.5,14,1.04,0.96
7/07/2021,6:37:00 PM,6:39:05 PM,Bathurst,NSW,4,185072396,R4 1730m Pace M,185072397,Harness,1730,Pace,38828856,7,Ideal Denny,LOSER,97.92,LOSER,,145.41,120,48,110,78.6,74.67,720,30,300,71.48,78.42,,19,7.4,19,9.27,30.52,65,70,1.04,0.96
7/07/2021,6:37:00 PM,6:39:05 PM,Bathurst,NSW,4,185072396,R4 1730m Pace M,185072397,Harness,1730,Pace,11575356,8,He Said She Said,WINNER,12.22,WINNER,,651.66,18,9.8,11.5,11.07,625.86,34,1.01,1.01,3.06,1565.27,,2.92,2.76,2.78,2.81,148.27,10,10.5,1.04,0.96
7/07/2021,6:37:00 PM,6:39:05 PM,Bathurst,NSW,4,185072396,R4 1730m Pace M,185072397,Harness,1730,Pace,17733237,9,Enk Spot Shannon,LOSER,4.74,LOSER,,1470.66,6,4.2,4.9,4.93,1012.8,720,4.7,290,15.31,66.1,,1.71,1.66,1.69,1.68,266.06,4.8,5.5,1.04,0.96
7/07/2021,6:37:00 PM,6:39:05 PM,Bathurst,NSW,4,185072396,R4 1730m Pace M,185072397,Harness,1730,Pace,36700896,10,Urus,LOSER,6.89,LOSER,,788.96,10,5.9,6.8,6.55,1990.87,720,3.25,720,8.5,236.22,,2.52,2.06,2.18,2.11,35.04,6.2,6.6,1.04,0.96
7/07/2021,7:10:00 PM,7:10:40 PM,Bathurst,NSW,5,185072398,R5 1730m Pace M,185072399,Harness,1730,Pace,27932930,1,Viva Las Vegas,LOSER,3.07,LOSER,,1588.97,3.8,2.66,3.2,3.1,7059.06,720,2.84,140,4.47,776.11,,1.71,1.17,1.59,1.37,532.19,3.15,3.3,1.06,0.98
7/07/2021,7:10:00 PM,7:10:40 PM,Bathurst,NSW,5,185072398,R5 1730m Pace M,185072399,Harness,1730,Pace,27806772,2,Myra Dawn,LOSER,29.65,WINNER,,168.93,28,16.5,28,21.87,634.95,440,5.5,270,26.76,95.64,,,,,,,18,21,1.06,0.98
7/07/2021,7:10:00 PM,7:10:40 PM,Bathurst,NSW,5,185072398,R5 1730m Pace M,185072399,Harness,1730,Pace,28253100,3,Smooth Baht,WINNER,4.07,WINNER,,1288.63,6.8,4,4.3,4.88,2881.44,4.4,1.01,1.01,1.62,3417.06,,2.14,1.9,1.9,1.99,448.03,5,5.2,1.06,0.98
7/07/2021,7:10:00 PM,7:10:40 PM,Bathurst,NSW,5,185072398,R5 1730m Pace M,185072399,Harness,1730,Pace,23697425,4,Beast Mode,LOSER,69.81,LOSER,,106.48,65,28,65,45.83,204.13,920,65,580,154.58,13.73,,11,11,11,11,3.69,46,55,1.06,0.98
7/07/2021,7:10:00 PM,7:10:40 PM,Bathurst,NSW,5,185072398,R5 1730m Pace M,185072399,Harness,1730,Pace,28339028,5,Our Antonio Rose,LOSER,18.5,WINNER,,310.46,46,14.5,18,18.59,488.27,780,6,720,11.37,198.3,,3.5,3.5,3.5,3.5,5,14.5,18,1.06,0.98
7/07/2021,7:10:00 PM,7:10:40 PM,Bathurst,NSW,5,185072398,R5 1730m Pace M,185072399,Harness,1730,Pace,17493364,6,Bettor Jiggle,LOSER,20.3,LOSER,,256.79,70,19,20,24.76,489.61,720,7.2,7.2,22.17,93.42,,,,,,,22,24,1.06,0.98
7/07/2021,7:10:00 PM,7:10:40 PM,Bathurst,NSW,5,185072398,R5 1730m Pace M,185072399,Harness,1730,Pace,19375936,7,Alta Downs,LOSER,29,LOSER,,180.15,29,12,28,18.73,493.67,720,12,720,30.17,52.63,,,,,,,17.5,19.5,1.06,0.98
7/07/2021,7:10:00 PM,7:10:40 PM,Bathurst,NSW,5,185072398,R5 1730m Pace M,185072399,Harness,1730,Pace,8226943,8,Tuapeka Glory,LOSER,50,LOSER,,147.96,75,36,48,42.63,190.43,720,15.5,720,54.39,22.01,,,,,,,44,48,1.06,0.98
7/07/2021,7:10:00 PM,7:10:40 PM,Bathurst,NSW,5,185072398,R5 1730m Pace M,185072399,Harness,1730,Pace,13072834,9,Rockn And Rolln,LOSER,6.58,LOSER,,658.6,6.6,3.9,6.6,5.63,2767.67,720,4,720,9.45,466.57,,2,1.76,2,1.84,127.09,5.7,6,1.06,0.98
7/07/2021,7:10:00 PM,7:10:40 PM,Bathurst,NSW,5,185072398,R5 1730m Pace M,185072399,Harness,1730,Pace,17995619,10,Rock Bottom,LOSER,12.07,LOSER,,324.88,15,8.4,12,11.24,997.86,780,20,720,45.99,18.5,,3.4,2.58,2.8,2.84,359.86,10.5,12,1.06,0.98
7/07/2021,7:40:00 PM,7:40:42 PM,Bathurst,NSW,6,185072401,R6 1730m Pace M,185072402,Harness,1730,Pace,33024031,1,Major Mondo,LOSER,236.75,LOSER,,49.87,360,130,290,220.89,16.16,790,100,790,255.84,14.37,,75,75,75,75,24.23,230,250,1.01,0.95
7/07/2021,7:40:00 PM,7:40:42 PM,Bathurst,NSW,6,185072401,R6 1730m Pace M,185072402,Harness,1730,Pace,8236848,2,Amelia Regal,WINNER,18.94,WINNER,,288.12,36,19,19,25.16,248.84,21,1.01,1.01,1.81,1244.27,,5.3,4,4,4.11,98.21,28,29,1.01,0.95
7/07/2021,7:40:00 PM,7:40:42 PM,Bathurst,NSW,6,185072401,R6 1730m Pace M,185072402,Harness,1730,Pace,35510499,3,Dance Baby Dance,LOSER,3.81,LOSER,,1477.76,4.5,2.88,3.85,3.45,5026.88,880,3.8,490,11.35,839.65,,1.81,1.43,1.71,1.58,353.41,3.1,3.2,1.01,0.95
7/07/2021,7:40:00 PM,7:40:42 PM,Bathurst,NSW,6,185072401,R6 1730m Pace M,185072402,Harness,1730,Pace,25912276,4,Llanfair Rumours,LOSER,8.39,LOSER,,740.45,13.5,8.2,8.6,9.18,384.93,890,5.9,720,39.29,90.03,,2.88,2.88,2.88,2.88,4.55,9.2,9.6,1.01,0.95
7/07/2021,7:40:00 PM,7:40:42 PM,Bathurst,NSW,6,185072401,R6 1730m Pace M,185072402,Harness,1730,Pace,11033038,5,Pom Pay,LOSER,5.31,WINNER,,606.42,8.2,4.2,5.4,5.09,1444.37,140,1.98,29,4.65,428.19,,2,1.91,1.91,1.92,51.58,4.8,5,1.01,0.95
7/07/2021,7:40:00 PM,7:40:42 PM,Bathurst,NSW,6,185072401,R6 1730m Pace M,185072402,Harness,1730,Pace,39287651,6,Smiling Shandy,LOSER,14.79,WINNER,,203.43,14.5,6.4,14,12.31,406.11,720,3.1,490,14.31,296.21,,3.25,3.2,3.2,3.2,45,11.5,13,1.01,0.95
7/07/2021,7:40:00 PM,7:40:42 PM,Bathurst,NSW,6,185072401,R6 1730m Pace M,185072402,Harness,1730,Pace,24553843,7,Mister Wilbur,LOSER,57.67,LOSER,,102.34,75,30,60,54.34,40.75,920,22,330,122.04,27.59,,,,,,,55,75,1.01,0.95
7/07/2021,7:40:00 PM,7:40:42 PM,Bathurst,NSW,6,185072401,R6 1730m Pace M,185072402,Harness,1730,Pace,22748227,8,Remember Eve,LOSER,32,LOSER,,142.52,55,16.5,34,35.62,170.83,740,11,740,51.81,44.72,,,,,,,30,38,1.01,0.95
7/07/2021,7:40:00 PM,7:40:42 PM,Bathurst,NSW,6,185072401,R6 1730m Pace M,185072402,Harness,1730,Pace,9363082,9,Limbo Larry,LOSER,6.42,LOSER,,676.42,8.8,3.7,6.8,5.17,2178.97,490,3,16,6.31,324.03,,2.1,1.73,2.08,1.89,95.91,7.6,8,1.01,0.95
7/07/2021,7:40:00 PM,7:40:42 PM,Bathurst,NSW,6,185072401,R6 1730m Pace M,185072402,Harness,1730,Pace,35710097,10,Toolittletoolate,LOSER,11.67,LOSER,,461.62,22,12,12,14.93,251.82,490,7.8,490,13.01,152.38,,3.5,3.25,3.45,3.39,46.08,16.5,19.5,1.01,0.95
7/07/2021,8:10:00 PM,8:11:10 PM,Bathurst,NSW,7,185072403,R7 1730m Pace M,185072404,Harness,1730,Pace,40091613,1,Jimmyjoe,WINNER,1.4,WINNER,,5770.37,2.6,1.44,1.5,1.55,15924.49,1.48,1.01,1.01,1.16,7099.84,,1.32,1.11,1.13,1.15,460.13,1.55,1.6,1.03,0.94
7/07/2021,8:10:00 PM,8:11:10 PM,Bathurst,NSW,7,185072403,R7 1730m Pace M,185072404,Harness,1730,Pace,38868574,2,Taylors Four,LOSER,8.16,LOSER,,565.45,10,4.9,8.8,7.68,788.83,720,7.6,720,12.14,153.36,,2.18,1.62,1.97,1.92,228.77,8,8.8,1.03,0.94
7/07/2021,8:10:00 PM,8:11:10 PM,Bathurst,NSW,7,185072403,R7 1730m Pace M,185072404,Harness,1730,Pace,35672020,3,Yellow Bow,LOSER,416.87,WINNER,,26.26,720,110,580,346.32,25.7,1000,400,1000,463.51,9.83,,40,40,40,40,3.68,420,720,1.03,0.94
7/07/2021,8:10:00 PM,8:11:10 PM,Bathurst,NSW,7,185072403,R7 1730m Pace M,185072404,Harness,1730,Pace,40091614,4,Arma Miss,LOSER,40.67,LOSER,,172.3,65,21,50,37.73,61.05,910,36,910,136.55,17.05,,5,4.2,5,4.44,49.66,40,60,1.03,0.94
7/07/2021,8:10:00 PM,8:11:10 PM,Bathurst,NSW,7,185072403,R7 1730m Pace M,185072404,Harness,1730,Pace,37503470,5,Debra Jean,LOSER,43.75,LOSER,,109.64,95,29,30,45.61,182.63,720,38,720,63.75,17.5,,5.4,5.3,5.4,5.4,4.15,40,44,1.03,0.94
7/07/2021,8:10:00 PM,8:11:10 PM,Bathurst,NSW,7,185072403,R7 1730m Pace M,185072404,Harness,1730,Pace,40091615,6,Desmond,LOSER,21.66,LOSER,,145.64,28,15,20,20.02,96.83,910,30,910,289.72,13.87,,3.45,3.3,3.3,3.31,16.41,20,26,1.03,0.94
7/07/2021,8:10:00 PM,8:11:10 PM,Bathurst,NSW,7,185072403,R7 1730m Pace M,185072404,Harness,1730,Pace,38014151,7,Kamendable Feeling,LOSER,205.86,LOSER,,37.95,290,60,290,124.2,16.76,960,160,960,314.93,7.95,,,,,,,180,280,1.03,0.94
7/07/2021,8:10:00 PM,8:11:10 PM,Bathurst,NSW,7,185072403,R7 1730m Pace M,185072404,Harness,1730,Pace,39540902,8,Bonnie Grove,LOSER,38.65,LOSER,,200.43,60,14.5,32,36.49,114.8,720,65,720,84.95,6.59,,5.2,4.6,4.8,4.71,15.44,40,50,1.03,0.94
7/07/2021,8:10:00 PM,8:11:10 PM,Bathurst,NSW,7,185072403,R7 1730m Pace M,185072404,Harness,1730,Pace,40091616,9,Ripponlea,LOSER,20.07,WINNER,,239.48,55,17,18.5,23.19,431.22,720,13.5,720,35.8,29.7,,5.6,2.16,2.2,2.68,1081.9,18.5,22,1.03,0.94
7/07/2021,8:10:00 PM,8:11:10 PM,Bathurst,NSW,7,185072403,R7 1730m Pace M,185072404,Harness,1730,Pace,24795746,10,Glamour Fox,LOSER,15.65,LOSER,,145.74,19.5,9.6,19.5,15.22,180.25,900,15.5,790,127.99,27.6,,3.3,2.54,3.3,2.59,116.27,14.5,19,1.03,0.94
7/07/2021,8:40:00 PM,8:40:51 PM,Bathurst,NSW,8,185072405,R8 1730m Pace M,185072406,Harness,1730,Pace,26609135,1,Litchfield,LOSER,12.81,LOSER,,371.74,21,11.5,12,13.9,527.07,720,9.8,720,17.45,120.72,,3.75,2.52,2.74,2.96,277.09,17,14.5,1.03,0.95
7/07/2021,8:40:00 PM,8:40:51 PM,Bathurst,NSW,8,185072405,R8 1730m Pace M,185072406,Harness,1730,Pace,40091617,2,Sweet Delights,LOSER,34.16,LOSER,,238.3,110,34,38,47.33,169.4,940,18,940,52.17,89.86,,8.8,5.7,5.7,6.18,249.1,34,42,1.03,0.95
7/07/2021,8:40:00 PM,8:40:51 PM,Bathurst,NSW,8,185072405,R8 1730m Pace M,185072406,Harness,1730,Pace,40091618,3,Tulhurst Dancer,LOSER,8.4,LOSER,,526.01,11.5,7.2,7.6,8.41,1247.65,720,3.35,490,6.75,317.87,,2.66,2.22,2.36,2.34,37.42,8.2,9.4,1.03,0.95
7/07/2021,8:40:00 PM,8:40:51 PM,Bathurst,NSW,8,185072405,R8 1730m Pace M,185072406,Harness,1730,Pace,40091619,4,May Cambo,LOSER,8.09,WINNER,,616.7,9.4,4.2,8.4,6.4,1513.38,720,6.2,490,15.07,123.33,,2.52,1.92,2.38,2.38,166.45,7,7.6,1.03,0.95
7/07/2021,8:40:00 PM,8:40:51 PM,Bathurst,NSW,8,185072405,R8 1730m Pace M,185072406,Harness,1730,Pace,40091620,5,Elpine Sally,LOSER,34.08,LOSER,,171.69,70,38,38,45.62,38.17,720,30,720,63.02,26.6,,,,,,,46,50,1.03,0.95
7/07/2021,8:40:00 PM,8:40:51 PM,Bathurst,NSW,8,185072405,R8 1730m Pace M,185072406,Harness,1730,Pace,40091621,6,Charmindi,LOSER,3.78,WINNER,,1266.69,5,3.6,3.8,4.03,1498.33,720,3.7,490,9.74,167.27,,1.7,1.63,1.65,1.67,14.61,3.8,4.1,1.03,0.95
7/07/2021,8:40:00 PM,8:40:51 PM,Bathurst,NSW,8,185072405,R8 1730m Pace M,185072406,Harness,1730,Pace,39722553,7,Shes An Artist,LOSER,95,LOSER,,64.82,110,48,100,80.8,56.31,940,95,940,300.73,4.4,,11,10.5,10.5,10.92,5,85,90,1.03,0.95
7/07/2021,8:40:00 PM,8:40:51 PM,Bathurst,NSW,8,185072405,R8 1730m Pace M,185072406,Harness,1730,Pace,4183082,8,Blasted,WINNER,4.27,WINNER,,1079.25,4.9,2.24,4.8,3.6,2667.71,4.4,1.01,1.01,1.53,8780.57,,2.42,1.32,1.82,1.35,2591.23,4.3,4.7,1.03,0.95
7/07/2021,8:40:00 PM,8:40:51 PM,Bathurst,NSW,8,185072405,R8 1730m Pace M,185072406,Harness,1730,Pace,2674177,9,La Peregrina,LOSER,6.75,LOSER,,699.92,15.5,6.6,7.4,8.81,1347.9,720,6.6,720,33,78.19,,2.6,2.24,2.24,2.31,80.17,7,7.6,1.03,0.95
7/07/2021,9:11:00 PM,9:12:05 PM,Bathurst,NSW,9,185072407,R9 1730m Pace M,185072408,Harness,1730,Pace,39428074,1,Storming Norman,LOSER,19.23,LOSER,,297.82,36,18.5,19.5,22.89,613.86,720,6,720,20.78,159.99,,8.4,5.1,5.1,6.42,249.61,22,26,1.02,0.98
7/07/2021,9:11:00 PM,9:12:05 PM,Bathurst,NSW,9,185072407,R9 1730m Pace M,185072408,Harness,1730,Pace,38979748,2,Roberts Delight,LOSER,5.32,WINNER,,962.36,5.8,2.16,5.2,4.24,3001.41,690,2.28,490,3.12,973.57,,2.28,1.98,2.28,2.18,138.22,4.7,4.8,1.02,0.98
7/07/2021,9:11:00 PM,9:12:05 PM,Bathurst,NSW,9,185072407,R9 1730m Pace M,185072408,Harness,1730,Pace,38828836,3,A Dusty Dance,LOSER,16.96,LOSER,,398.75,23,9,14.5,11.17,1121.87,720,2.4,720,18.25,151.34,,6.4,3.7,4.4,5.18,11.13,10,10.5,1.02,0.98
7/07/2021,9:11:00 PM,9:12:05 PM,Bathurst,NSW,9,185072407,R9 1730m Pace M,185072408,Harness,1730,Pace,4487358,4,Take Out,LOSER,2.41,LOSER,,2955.8,3.3,2.02,2.48,2.67,5807.45,140,2,140,4.18,310.69,,1.78,1.37,1.57,1.52,999.07,2.88,2.96,1.02,0.98
7/07/2021,9:11:00 PM,9:12:05 PM,Bathurst,NSW,9,185072407,R9 1730m Pace M,185072408,Harness,1730,Pace,38979726,5,Rainbow Titan,WINNER,3.67,WINNER,,977.46,7.8,3.25,3.7,3.66,5490.83,19.5,1.01,1.01,1.92,1195.63,,2.2,1.53,1.53,1.77,203.72,3.35,3.45,1.02,0.98
7/07/2021,9:11:00 PM,9:12:05 PM,Bathurst,NSW,9,185072407,R9 1730m Pace M,185072408,Harness,1730,Pace,40091623,7,Lincoln Jay,LOSER,48.09,LOSER,,132.62,150,30,65,63.31,187.17,720,36,720,55.11,20.82,,15,8,15,12.23,9.29,60,100,1.02,0.98
7/07/2021,4:52:00 PM,4:53:32 PM,Redcliffe,QLD,1,185063438,R1 1780m Pace M,185063439,Harness,1780,Pace,35545849,1,Ajay Breezy Rose,LOSER,6.2,LOSER,1.71,1299.46,12,5.2,5.7,6.57,3485.46,790,5.6,290,19.04,227.55,975.72,2.34,1.68,1.74,1.76,593.82,5.4,5.7,1.02,0.98
7/07/2021,4:52:00 PM,4:53:32 PM,Redcliffe,QLD,1,185063438,R1 1780m Pace M,185063439,Harness,1780,Pace,17399069,2,Theresachance,LOSER,2.04,WINNER,1.29,5687.88,2.72,1.61,2.1,2.02,20324.97,100,1.19,22,1.88,6262.68,877.53,1.41,1.16,1.29,1.27,1163.09,2.12,2.18,1.02,0.98
7/07/2021,4:52:00 PM,4:53:32 PM,Redcliffe,QLD,1,185063438,R1 1780m Pace M,185063439,Harness,1780,Pace,9891632,3,Kotare York,LOSER,39.44,LOSER,5.65,129.16,38,21,36,29.05,109.54,720,3.05,650,24.26,192.84,296.57,5.4,3.9,5.4,4.7,25.38,28,29,1.02,0.98
7/07/2021,4:52:00 PM,4:53:32 PM,Redcliffe,QLD,1,185063438,R1 1780m Pace M,185063439,Harness,1780,Pace,10816005,4,Gasmonkey,LOSER,33.05,LOSER,4.7,237.75,36,19,30,25.78,312.55,910,25,32,68.52,88.11,267.67,,,,,,25,27,1.02,0.98
7/07/2021,4:52:00 PM,4:53:32 PM,Redcliffe,QLD,1,185063438,R1 1780m Pace M,185063439,Harness,1780,Pace,12272621,5,Riverleigh Rocket,LOSER,20.24,LOSER,3.33,407.12,19.5,7.2,19.5,13.73,453.33,720,13,710,45.56,49.32,460.47,3.2,2.92,3.2,3.11,68.08,14,15,1.02,0.98
7/07/2021,4:52:00 PM,4:53:32 PM,Redcliffe,QLD,1,185063438,R1 1780m Pace M,185063439,Harness,1780,Pace,7667314,6,Kurahaupo Gambler,LOSER,36,LOSER,6.51,183.74,50,27,30,34.71,220.82,1000,3.15,29,191.77,30.33,252.42,,,,,,30,40,1.02,0.98
7/07/2021,4:52:00 PM,4:53:32 PM,Redcliffe,QLD,1,185063438,R1 1780m Pace M,185063439,Harness,1780,Pace,2418016,7,Sweet As,LOSER,9,WINNER,2.14,1477.36,17.5,8.8,8.8,10.52,1607.28,790,6.8,790,48.25,54.8,564.36,2.8,2.14,2.14,2.33,1024.47,10.5,11,1.02,0.98
7/07/2021,4:52:00 PM,4:53:32 PM,Redcliffe,QLD,1,185063438,R1 1780m Pace M,185063439,Harness,1780,Pace,10933599,9,Little Change,WINNER,9.68,WINNER,2.7,569.5,14.5,9.8,11,11.75,916.57,26,1.01,1.01,1.57,3534.31,727.45,2.8,2.6,2.62,2.66,33.11,11,11.5,1.02,0.98
7/07/2021,5:22:00 PM,5:23:04 PM,Redcliffe,QLD,2,185063440,R2 1780m Pace M,185063441,Harness,1780,Pace,38256369,1,Brian Christopher,WINNER,2.55,WINNER,1.35,4355.37,2.86,2,2.64,2.47,19370.15,3,1.01,1.01,1.65,9980.67,771.52,1.6,1.17,1.33,1.36,543.4,2.76,2.86,1.02,0.97
7/07/2021,5:22:00 PM,5:23:04 PM,Redcliffe,QLD,2,185063440,R2 1780m Pace M,185063441,Harness,1780,Pace,21336569,2,Doolittle Doozzie,LOSER,4.86,LOSER,1.88,1738.71,10.5,4.9,5,5.83,4324.69,880,4.3,880,10.27,425.59,416.2,2.28,1.69,1.77,1.89,411.58,5.1,5.7,1.02,0.97
7/07/2021,5:22:00 PM,5:23:04 PM,Redcliffe,QLD,2,185063440,R2 1780m Pace M,185063441,Harness,1780,Pace,39098019,3,Lets Blaze,LOSER,18,LOSER,3.71,388.42,29,10.5,18,20.68,483.93,780,18,780,50.11,49.33,479.2,3.7,3.15,3.7,3.67,3.86,18,19.5,1.02,0.97
7/07/2021,5:22:00 PM,5:23:04 PM,Redcliffe,QLD,2,185063440,R2 1780m Pace M,185063441,Harness,1780,Pace,23519744,4,Brilliant Art,LOSER,156.84,LOSER,24.28,58.04,260,75,210,147.22,59.27,1000,110,1000,232.85,10.55,38.21,,,,,,180,190,1.02,0.97
7/07/2021,5:22:00 PM,5:23:04 PM,Redcliffe,QLD,2,185063440,R2 1780m Pace M,185063441,Harness,1780,Pace,19728366,5,Torque Is My Girl,LOSER,29.9,LOSER,6.15,289.56,48,19.5,30,27.06,255.83,720,16,580,67.37,28.05,194.56,4.3,4.1,4.2,4.17,16.69,21,22,1.02,0.97
7/07/2021,5:22:00 PM,5:23:04 PM,Redcliffe,QLD,2,185063440,R2 1780m Pace M,185063441,Harness,1780,Pace,21301156,6,Rocknroll Da Gama,LOSER,46,LOSER,6.95,168.85,60,36,44,43.43,119.89,720,38,720,88.86,22.21,158.72,7,5.9,7,6.35,13.02,38,40,1.02,0.97
7/07/2021,5:22:00 PM,5:23:04 PM,Redcliffe,QLD,2,185063440,R2 1780m Pace M,185063441,Harness,1780,Pace,35441735,7,Hes Sweet,LOSER,4.09,WINNER,1.53,1485.36,4.5,3.7,4.3,4.09,4571.6,780,1.84,220,5.4,529.91,865.93,1.66,1.41,1.53,1.5,1958.05,4.3,4.4,1.02,0.97
7/07/2021,5:22:00 PM,5:23:04 PM,Redcliffe,QLD,2,185063440,R2 1780m Pace M,185063441,Harness,1780,Pace,24327226,8,Jovial Julie,LOSER,14.86,LOSER,3.15,322.52,20,12,13.5,14.63,663.6,780,7.2,780,22.93,102.3,487.45,3.2,2.5,3.05,2.85,61.03,12,13,1.02,0.97
7/07/2021,5:22:00 PM,5:23:04 PM,Redcliffe,QLD,2,185063440,R2 1780m Pace M,185063441,Harness,1780,Pace,23247005,9,La Pistola,LOSER,130,WINNER,10.2,60.69,120,70,120,85.77,23.41,720,24,720,244.48,5.27,125.46,,,,,,70,85,1.02,0.97
7/07/2021,5:52:00 PM,5:52:55 PM,Redcliffe,QLD,3,185063442,R3 2040m Pace M,185063443,Harness,2040,Pace,9343114,1,Doolittle Dandy,LOSER,27.3,LOSER,1.88,269.94,38,20,29,29.57,166.86,720,6,110,25.44,56.87,1226.11,2.98,1.8,2.2,2.23,1005.8,30,32,1.01,0.98
7/07/2021,5:52:00 PM,5:52:55 PM,Redcliffe,QLD,3,185063442,R3 2040m Pace M,185063443,Harness,2040,Pace,16549689,2,Themidnightrambler,WINNER,1.24,WINNER,1.1,4469.02,1.64,1.22,1.24,1.28,42714,1.57,1.01,1.01,1.13,10663.35,35.21,1.12,1.06,1.1,1.09,2551.63,1.28,1.29,1.01,0.98
7/07/2021,5:52:00 PM,5:52:55 PM,Redcliffe,QLD,3,185063442,R3 2040m Pace M,185063443,Harness,2040,Pace,16837259,3,Captain Thunderbolt,LOSER,34.55,LOSER,3.7,230.37,40,19,34,29.36,156.74,730,34,190,141.78,14.86,274.03,3.9,2.84,2.84,3.09,247.66,32,36,1.01,0.98
7/07/2021,5:52:00 PM,5:52:55 PM,Redcliffe,QLD,3,185063442,R3 2040m Pace M,185063443,Harness,2040,Pace,35818955,4,Pago Pago,LOSER,76.23,LOSER,5.7,80.62,70,38,55,53.39,84.9,720,70,720,102.62,15.33,240.26,6.8,3.95,4.4,4.45,24.49,55,60,1.01,0.98
7/07/2021,5:52:00 PM,5:52:55 PM,Redcliffe,QLD,3,185063442,R3 2040m Pace M,185063443,Harness,2040,Pace,39008434,5,Brock Sing,LOSER,954.28,LOSER,28.94,34.17,960,360,500,682.73,15.76,1000,940,1000,954.45,14.51,52.92,48,9.8,15,15.2,19.28,500,890,1.01,0.98
7/07/2021,5:52:00 PM,5:52:55 PM,Redcliffe,QLD,3,185063442,R3 2040m Pace M,185063443,Harness,2040,Pace,34338326,6,Torque In Control,LOSER,99.02,LOSER,8.53,125.64,100,46,100,72.36,96.64,720,100,720,262.73,3.38,138.94,9.6,4.8,6,5.75,115.4,60,65,1.01,0.98
7/07/2021,5:52:00 PM,5:52:55 PM,Redcliffe,QLD,3,185063442,R3 2040m Pace M,185063443,Harness,2040,Pace,19583056,7,Wheres Tascott,LOSER,57.61,LOSER,3.07,110.41,65,27,48,42.04,167.99,720,55,720,77.98,18.4,388.17,4.1,2.78,3.3,3.24,999.62,42,50,1.01,0.98
7/07/2021,5:52:00 PM,5:52:55 PM,Redcliffe,QLD,3,185063442,R3 2040m Pace M,185063443,Harness,2040,Pace,20169408,8,Holdingno Currency,LOSER,22,WINNER,4.09,434.75,27,12.5,25,21.89,295.43,110,3,110,20.28,82.38,597.85,5.8,2.14,2.78,2.52,176.67,22,23,1.01,0.98
7/07/2021,5:52:00 PM,5:52:55 PM,Redcliffe,QLD,3,185063442,R3 2040m Pace M,185063443,Harness,2040,Pace,39519165,9,Rainbow Jet,LOSER,20,WINNER,2.57,205.34,36,14,20,17.59,619.89,720,11,150,22.93,59.51,163.55,2.78,2.22,2.3,2.32,235.59,18,19,1.01,0.98
7/07/2021,6:22:00 PM,6:22:38 PM,Redcliffe,QLD,4,185063444,R4 2040m Pace M,185063445,Harness,2040,Pace,8467709,1,Cashwrangs Smoker,LOSER,10.21,LOSER,2.17,412.97,17,7.4,10,9.06,1155.22,890,6,540,12.6,481.19,1191.07,2.48,2.16,2.18,2.22,1104.82,8,8.8,1.03,0.98
7/07/2021,6:22:00 PM,6:22:38 PM,Redcliffe,QLD,4,185063444,R4 2040m Pace M,185063445,Harness,2040,Pace,10239683,2,Precious Cullen,LOSER,84.67,LOSER,15.6,58.6,100,60,100,79.9,58.55,940,5,720,27.74,84.12,121.32,,,,,,75,85,1.03,0.98
7/07/2021,6:22:00 PM,6:22:38 PM,Redcliffe,QLD,4,185063444,R4 2040m Pace M,185063445,Harness,2040,Pace,9306953,3,Snoop Stride,WINNER,2.96,WINNER,1.45,1672.71,3.75,2.22,2.94,2.89,5617.94,6,1.01,1.01,1.82,6957,1025.7,1.52,1.35,1.41,1.43,1172.08,2.96,3.05,1.03,0.98
7/07/2021,6:22:00 PM,6:22:38 PM,Redcliffe,QLD,4,185063444,R4 2040m Pace M,185063445,Harness,2040,Pace,9316655,4,Fire And Ice,LOSER,16.93,LOSER,4.4,300.22,22,11,16.5,18.12,295.75,900,16.5,710,43.16,95.89,176.34,3.2,3.2,3.2,3.2,5,18,19.5,1.03,0.98
7/07/2021,6:22:00 PM,6:22:38 PM,Redcliffe,QLD,4,185063444,R4 2040m Pace M,185063445,Harness,2040,Pace,25181983,5,My Secret Beach,LOSER,193.85,LOSER,33.18,16.65,250,130,190,152.21,29.79,900,190,720,236.4,7.35,9.98,,,,,,140,220,1.03,0.98
7/07/2021,6:22:00 PM,6:22:38 PM,Redcliffe,QLD,4,185063444,R4 2040m Pace M,185063445,Harness,2040,Pace,16883569,6,Gottahaveahobbie,LOSER,3.3,LOSER,1.57,1642.91,5.5,3,3.3,3.35,4757.33,720,1.9,690,3.52,989.01,840.33,1.86,1.43,1.55,1.53,316.24,3.35,3.4,1.03,0.98
7/07/2021,6:22:00 PM,6:22:38 PM,Redcliffe,QLD,4,185063444,R4 2040m Pace M,185063445,Harness,2040,Pace,21090062,7,Ashlee Nitro,LOSER,14.5,WINNER,3.07,361.04,15,9.4,14,11.92,906.87,720,5,720,10.11,258.35,399.04,3.1,2.66,3.05,2.81,193.77,13.5,14,1.03,0.98
7/07/2021,6:22:00 PM,6:22:38 PM,Redcliffe,QLD,4,185063444,R4 2040m Pace M,185063445,Harness,2040,Pace,27259566,8,Sport Mental,LOSER,12.5,WINNER,3.5,455.23,15.5,8.8,12.5,12.64,414.27,720,1.3,150,6.44,304.71,137.14,3.1,3,3,3.05,20.48,12,14,1.03,0.98
7/07/2021,6:22:00 PM,6:22:38 PM,Redcliffe,QLD,4,185063444,R4 2040m Pace M,185063445,Harness,2040,Pace,5420008,9,Machin Out,LOSER,30,LOSER,4.76,134.28,44,27,30,30.67,253.51,920,29,920,84.97,35.46,329.06,5.3,4.7,5,4.97,167.03,30,34,1.03,0.98
7/07/2021,6:47:00 PM,6:48:58 PM,Redcliffe,QLD,5,185063446,R5 1780m Pace M,185063447,Harness,1780,Pace,26721531,1,Teachers Pet,LOSER,7,LOSER,2.13,1489,8.6,4.2,6.8,6.31,4828.28,780,5.5,580,12.76,178.58,1121.01,2.32,1.88,2.32,2.08,780.35,6.2,7,1.03,0.97
7/07/2021,6:47:00 PM,6:48:58 PM,Redcliffe,QLD,5,185063446,R5 1780m Pace M,185063447,Harness,1780,Pace,19858554,2,Tick Of The Clock,LOSER,42,LOSER,7,91.02,60,18.5,42,39.75,251.05,920,50,780,167.1,14.01,198.58,7.4,6.8,7,6.93,89.27,40,42,1.03,0.97
7/07/2021,6:47:00 PM,6:48:58 PM,Redcliffe,QLD,5,185063446,R5 1780m Pace M,185063447,Harness,1780,Pace,25009611,3,Illbewatching,LOSER,5.23,WINNER,1.9,1415.38,5.9,4.2,5.2,5.08,3327.42,780,2.74,480,11.55,127.16,835.5,2.04,1.8,1.94,1.85,392.46,4.4,4.5,1.03,0.97
7/07/2021,6:47:00 PM,6:48:58 PM,Redcliffe,QLD,5,185063446,R5 1780m Pace M,185063447,Harness,1780,Pace,14700443,4,Barboo,LOSER,8.4,WINNER,2.65,695.97,25,7.4,8.4,10.21,2173.77,780,1.54,780,10.52,257.62,462.2,4.3,2.36,2.36,2.88,305.79,9.8,11,1.03,0.97
7/07/2021,6:47:00 PM,6:48:58 PM,Redcliffe,QLD,5,185063446,R5 1780m Pace M,185063447,Harness,1780,Pace,20150829,5,The Ragnbone Man,LOSER,21.51,LOSER,5.07,454.11,22,13.5,22,18.14,263.63,720,21,720,95.52,10.82,68.16,4.5,4.4,4.4,4.41,127.67,17,18.5,1.03,0.97
7/07/2021,6:47:00 PM,6:48:58 PM,Redcliffe,QLD,5,185063446,R5 1780m Pace M,185063447,Harness,1780,Pace,8484238,6,Altana Blue,LOSER,8.14,LOSER,2.89,785.79,19,8,8.8,10.56,1028.65,780,7.2,780,33.13,47.85,339.76,3.15,2.72,3.1,2.94,236.39,9.6,9.8,1.03,0.97
7/07/2021,6:47:00 PM,6:48:58 PM,Redcliffe,QLD,5,185063446,R5 1780m Pace M,185063447,Harness,1780,Pace,24783719,7,Abbey Diadema,WINNER,7.34,WINNER,2.48,953.48,16,7.2,7.2,8.85,802.29,27,1.01,1.01,1.09,8310.44,578.74,3.1,2.4,2.4,2.45,216.71,9.4,9.6,1.03,0.97
7/07/2021,6:47:00 PM,6:48:58 PM,Redcliffe,QLD,5,185063446,R5 1780m Pace M,185063447,Harness,1780,Pace,2760830,8,Deal Breaker,LOSER,4.1,LOSER,2.07,1287.89,5.1,2.78,4.1,4.07,5172.75,780,1.59,780,5.15,757.12,431.68,2.5,1.62,1.88,2.14,1520.48,4.2,4.4,1.03,0.97
7/07/2021,6:47:00 PM,6:48:58 PM,Redcliffe,QLD,5,185063446,R5 1780m Pace M,185063447,Harness,1780,Pace,18965232,9,Aroona,LOSER,250.97,LOSER,17.31,44.18,300,95,240,130.61,47.65,720,100,700,165.74,11.35,131.17,17.5,15,17.5,17.38,24.66,150,200,1.03,0.97
7/07/2021,7:20:00 PM,7:21:10 PM,Redcliffe,QLD,6,185063448,R6 1780m Pace M,185063449,Harness,1780,Pace,9518741,1,Press Statement,WINNER,2.67,WINNER,1.38,2120.97,3.9,2.32,3.15,3.33,9417.35,3.2,1.01,1.01,1.44,12033.17,698.39,1.5,1.27,1.38,1.32,603.63,3.6,3.85,1.04,0.97
7/07/2021,7:20:00 PM,7:21:10 PM,Redcliffe,QLD,6,185063448,R6 1780m Pace M,185063449,Harness,1780,Pace,28863278,2,Tactfilly Miracle,LOSER,90.25,LOSER,13.2,57.43,150,55,140,94.02,93.37,960,65,640,268.44,11.39,95.26,8,8,8,8,5,90,110,1.04,0.97
7/07/2021,7:20:00 PM,7:21:10 PM,Redcliffe,QLD,6,185063448,R6 1780m Pace M,185063449,Harness,1780,Pace,39160966,3,Poor Mans Delight,LOSER,31.03,LOSER,4.03,239.53,30,12.5,30,20.98,893.65,1000,10,720,31.24,325.37,270.14,3.75,2.9,3.3,3.26,363.84,17,21,1.04,0.97
7/07/2021,7:20:00 PM,7:21:10 PM,Redcliffe,QLD,6,185063448,R6 1780m Pace M,185063449,Harness,1780,Pace,28535671,4,Major Mischief,LOSER,5.75,LOSER,1.52,757.84,8,4.2,5.6,5.07,4286.31,790,5.6,790,14.16,299.21,957.45,1.9,1.5,1.54,1.52,273.71,4.3,4.4,1.04,0.97
7/07/2021,7:20:00 PM,7:21:10 PM,Redcliffe,QLD,6,185063448,R6 1780m Pace M,185063449,Harness,1780,Pace,40091709,5,Rock Supreme,LOSER,305.76,LOSER,46.93,29.98,290,50,230,179.27,74.5,900,150,720,297.89,9.06,55.51,24,11,24,13.99,19.69,240,260,1.04,0.97
7/07/2021,7:20:00 PM,7:21:10 PM,Redcliffe,QLD,6,185063448,R6 1780m Pace M,185063449,Harness,1780,Pace,37535913,6,Aunty Emily,LOSER,170,LOSER,28.86,34.38,240,60,240,148.25,33.95,780,90,500,207.98,8.84,77.92,,,,,,130,150,1.04,0.97
7/07/2021,7:20:00 PM,7:21:10 PM,Redcliffe,QLD,6,185063448,R6 1780m Pace M,185063449,Harness,1780,Pace,40091710,7,Leftmeatthebar,LOSER,20.53,WINNER,2.14,216.33,19.5,12,19,16.42,666,720,5.6,580,24.65,119.38,375.61,2.9,2.14,2.52,2.6,789.91,16.5,18.5,1.04,0.97
7/07/2021,7:20:00 PM,7:21:10 PM,Redcliffe,QLD,6,185063448,R6 1780m Pace M,185063449,Harness,1780,Pace,26696011,8,Ringos A Star,LOSER,2.52,WINNER,1.33,2192.29,4.8,2.5,2.66,2.77,7846.38,100,1.59,90,3.25,1473.23,1045.38,1.32,1.28,1.3,1.31,238.3,2.68,2.84,1.04,0.97
7/07/2021,7:20:00 PM,7:21:10 PM,Redcliffe,QLD,6,185063448,R6 1780m Pace M,185063449,Harness,1780,Pace,28253120,9,Aunty Frances,LOSER,140,LOSER,10.47,67.86,170,85,170,115.87,88.89,720,44,720,153.68,9.36,126.37,11,8.8,9,9.31,107.61,85,110,1.04,0.97
7/07/2021,7:50:00 PM,7:50:55 PM,Redcliffe,QLD,7,185063450,R7 1780m Pace M,185063451,Harness,1780,Pace,17857109,1,Maghera Maggie,LOSER,10.16,LOSER,2.04,598.71,10.5,5.1,10.5,8.28,1408.78,720,3.05,690,14.54,126,1466.72,2.4,1.99,2.08,2.19,414.13,8.6,9.2,1.02,0.98
7/07/2021,7:50:00 PM,7:50:55 PM,Redcliffe,QLD,7,185063450,R7 1780m Pace M,185063451,Harness,1780,Pace,23131895,2,Poser,LOSER,233.06,LOSER,32.39,83.71,380,200,300,284.85,25.82,840,120,700,242.69,29.3,77.59,34,26,26,29.71,8.34,300,360,1.02,0.98
7/07/2021,7:50:00 PM,7:50:55 PM,Redcliffe,QLD,7,185063450,R7 1780m Pace M,185063451,Harness,1780,Pace,19262474,3,Star Of Wonder,LOSER,120,LOSER,15.4,64.62,150,40,150,97.14,49.81,720,36,720,162.88,7.93,121.69,8.2,8,8.2,8.12,8.33,65,85,1.02,0.98
7/07/2021,7:50:00 PM,7:50:55 PM,Redcliffe,QLD,7,185063450,R7 1780m Pace M,185063451,Harness,1780,Pace,14163056,4,Naughtyinheaven,LOSER,3.3,WINNER,1.47,1263.59,3.8,2.42,3.3,3.16,3950.42,720,1.79,720,2.74,3141.19,686.61,1.52,1.35,1.52,1.46,220.97,3.3,3.4,1.02,0.98
7/07/2021,7:50:00 PM,7:50:55 PM,Redcliffe,QLD,7,185063450,R7 1780m Pace M,185063451,Harness,1780,Pace,9102301,5,Ghost Gum,WINNER,8.06,WINNER,2.26,611.6,19.5,7,9,10.71,1228.46,70,1.01,1.03,1.41,5909.82,390.91,3,2.22,2.22,2.27,58.26,10,11,1.02,0.98
7/07/2021,7:50:00 PM,7:50:55 PM,Redcliffe,QLD,7,185063450,R7 1780m Pace M,185063451,Harness,1780,Pace,24742739,6,Midnight Queen,LOSER,19.35,LOSER,4.07,196.77,24,8.8,17,16.88,641.16,720,15.5,720,31.96,72.01,119.38,3.55,3.1,3.2,3.23,41.58,15.5,17.5,1.02,0.98
7/07/2021,7:50:00 PM,7:50:55 PM,Redcliffe,QLD,7,185063450,R7 1780m Pace M,185063451,Harness,1780,Pace,28863274,7,Champagne Reactor,LOSER,42.39,LOSER,7,138.9,55,23,38,32.09,319.61,720,22,720,43.59,56.5,188.62,,,,,,36,40,1.02,0.98
7/07/2021,7:50:00 PM,7:50:55 PM,Redcliffe,QLD,7,185063450,R7 1780m Pace M,185063451,Harness,1780,Pace,8820421,8,Private Jujon,LOSER,85,LOSER,6.87,85.38,85,32,85,48.2,106.29,720,3.9,720,40.23,38.09,117.25,6.4,4.7,5.2,5.31,25.27,50,55,1.02,0.98
7/07/2021,7:50:00 PM,7:50:55 PM,Redcliffe,QLD,7,185063450,R7 1780m Pace M,185063451,Harness,1780,Pace,22970861,9,Whata Reactor,LOSER,2.73,WINNER,1.39,1674.92,3.65,2.52,2.68,2.8,6092.87,720,1.57,690,3.75,2845.57,969.88,1.53,1.32,1.4,1.34,423.41,2.7,2.72,1.02,0.98
7/07/2021,8:20:00 PM,8:21:24 PM,Redcliffe,QLD,8,185063452,R8 1780m Pace M,185063453,Harness,1780,Pace,4608745,1,Pageantry,LOSER,9.03,WINNER,1.68,524.64,10,5.1,8,8.03,1516.61,490,4.5,110,8.77,209.36,949.83,2.04,1.65,1.69,1.72,138.97,7.2,7.6,1.02,0.97
7/07/2021,8:20:00 PM,8:21:24 PM,Redcliffe,QLD,8,185063452,R8 1780m Pace M,185063453,Harness,1780,Pace,17847666,2,Milwaukee Sunrise,LOSER,941.6,LOSER,57.27,61.75,580,130,470,335.62,57.23,1000,400,1000,674.98,18.32,23.19,,,,,,420,600,1.02,0.97
7/07/2021,8:20:00 PM,8:21:24 PM,Redcliffe,QLD,8,185063452,R8 1780m Pace M,185063453,Harness,1780,Pace,12582010,3,Kiss The Aviator,LOSER,40,LOSER,3.77,122.08,46,21,32,34.3,190.59,720,32,720,75.78,31.16,339.23,4,3.7,4,3.87,60.94,32,34,1.02,0.97
7/07/2021,8:20:00 PM,8:21:24 PM,Redcliffe,QLD,8,185063452,R8 1780m Pace M,185063453,Harness,1780,Pace,27462430,4,Elle Jay,LOSER,11.33,LOSER,2.52,226,18.5,8.8,11,12.54,629.4,170,2.7,170,6.7,464.31,427.87,2.94,2.32,2.32,2.42,71.23,13.5,14.5,1.02,0.97
7/07/2021,8:20:00 PM,8:21:24 PM,Redcliffe,QLD,8,185063452,R8 1780m Pace M,185063453,Harness,1780,Pace,8644494,5,Trentleigh,LOSER,120,LOSER,7.62,52.05,130,30,100,88.23,85.95,720,60,720,204.08,11.37,123.78,6.4,6.4,6.4,6.4,21.43,65,75,1.02,0.97
7/07/2021,8:20:00 PM,8:21:24 PM,Redcliffe,QLD,8,185063452,R8 1780m Pace M,185063453,Harness,1780,Pace,29806681,6,Cobbity Castle,WINNER,1.52,WINNER,1.12,3509.2,2.2,1.43,1.54,1.53,18392.48,2.46,1.01,1.01,1.44,5901.78,1724.8,1.2,1.11,1.13,1.15,1339.52,1.52,1.56,1.02,0.97
7/07/2021,8:20:00 PM,8:21:24 PM,Redcliffe,QLD,8,185063452,R8 1780m Pace M,185063453,Harness,1780,Pace,25249543,7,Bertils Firefox,LOSER,17.16,LOSER,2.68,429.3,29,16.5,17.5,19.78,499.86,490,12,170,35.89,40.27,547.61,3.15,2.66,2.74,2.76,108.04,20,22,1.02,0.97
7/07/2021,8:20:00 PM,8:21:24 PM,Redcliffe,QLD,8,185063452,R8 1780m Pace M,185063453,Harness,1780,Pace,12346588,8,Wild About Town,LOSER,258.24,LOSER,9.35,55.85,240,60,130,130.82,41.76,720,40,720,211.96,18.85,123.93,8.4,8,8.2,8.03,159.16,140,230,1.02,0.97
7/07/2021,8:20:00 PM,8:21:24 PM,Redcliffe,QLD,8,185063452,R8 1780m Pace M,185063453,Harness,1780,Pace,36423382,9,Harry Croft,LOSER,21.38,WINNER,3.22,255.71,28,10.5,21,19.44,767.48,720,3.15,140,16.51,93.44,440.45,3.8,2.36,3.3,2.85,1169,25,28,1.02,0.97
7/07/2021,8:53:00 PM,8:53:46 PM,Redcliffe,QLD,9,185063454,R9 1780m Pace M,185063455,Harness,1780,Pace,40091711,1,Explanation Noted,LOSER,31.22,WINNER,2.61,175.5,30,9.2,29,18.38,369.15,720,29,490,46.36,53.82,809.4,2.94,2.22,2.8,2.72,433.36,20,14.5,1.03,1.01
7/07/2021,8:53:00 PM,8:53:46 PM,Redcliffe,QLD,9,185063454,R9 1780m Pace M,185063455,Harness,1780,Pace,39879776,2,Midnight Somewhere,WINNER,1.73,WINNER,1.18,5192.01,3.6,1.75,1.75,1.93,15407.24,1.75,1.01,1.01,1.31,9505.05,1590.36,1.38,1.18,1.18,1.2,366.36,1.84,1.87,1.03,1.01
7/07/2021,8:53:00 PM,8:53:46 PM,Redcliffe,QLD,9,185063454,R9 1780m Pace M,185063455,Harness,1780,Pace,1415759,3,Meribel,LOSER,6.4,LOSER,1.74,803.89,9,4.8,6.2,5.85,1772.11,720,4.2,490,11.56,121.89,820.2,2,1.69,1.69,1.78,286.85,5.6,5.9,1.03,1.01
7/07/2021,8:53:00 PM,8:53:46 PM,Redcliffe,QLD,9,185063454,R9 1780m Pace M,185063455,Harness,1780,Pace,40021945,4,Sheza Chance,LOSER,40,LOSER,5.84,200.79,42,13.5,40,33.47,83.6,730,7.2,480,39.4,112.84,309.49,5.4,3.35,5.3,5.08,52.55,34,40,1.03,1.01
7/07/2021,8:53:00 PM,8:53:46 PM,Redcliffe,QLD,9,185063454,R9 1780m Pace M,185063455,Harness,1780,Pace,40091712,5,Beach On Fire,LOSER,15.08,WINNER,2.89,347.01,16,6.8,15,12.75,294.01,720,3.6,490,8.87,271.4,655.43,2.7,2.18,2.7,2.65,3.38,13,15,1.03,1.01
7/07/2021,8:53:00 PM,8:53:46 PM,Redcliffe,QLD,9,185063454,R9 1780m Pace M,185063455,Harness,1780,Pace,40091713,6,Outer Change,LOSER,240.59,LOSER,42.8,72.7,360,160,350,285.03,15.78,760,240,760,306.08,4.02,42.54,22,22,22,22,5,250,350,1.03,1.01
7/07/2021,8:53:00 PM,8:53:46 PM,Redcliffe,QLD,9,185063454,R9 1780m Pace M,185063455,Harness,1780,Pace,3578195,7,Happy Snap,LOSER,107.19,LOSER,19.87,68.38,150,32,150,82.11,109.08,720,90,720,312.74,2.14,82.99,30,12,27,13.69,6.37,80,95,1.03,1.01
7/07/2021,8:53:00 PM,8:53:46 PM,Redcliffe,QLD,9,185063454,R9 1780m Pace M,185063455,Harness,1780,Pace,40091714,8,Master Charles,LOSER,18.69,LOSER,3.69,346.96,25,14,19.5,19.15,397.41,780,27,380,81.29,26.48,415.96,3.85,3.75,3.75,3.83,28.34,19.5,22,1.03,1.01
7/07/2021,8:53:00 PM,8:53:46 PM,Redcliffe,QLD,9,185063454,R9 1780m Pace M,185063455,Harness,1780,Pace,40091715,9,Vodka En Ice,LOSER,10.94,LOSER,2.64,639.14,12,5.5,11.5,10.21,1135.23,720,5.3,490,16.54,94.58,848.15,2.84,2.18,2.74,2.55,395.65,11.5,12,1.03,1.01
7/07/2021,9:26:00 PM,9:27:09 PM,Redcliffe,QLD,10,185063456,R10 1780m Pace M,185063457,Harness,1780,Pace,28737185,1,Steeven,LOSER,3.93,WINNER,1.35,1774.67,5.9,3.35,3.8,3.77,2607.8,720,3,720,4.69,377.24,1724.07,1.41,1.33,1.36,1.36,395.85,3.65,3.8,1.03,0.98
7/07/2021,9:26:00 PM,9:27:09 PM,Redcliffe,QLD,10,185063456,R10 1780m Pace M,185063457,Harness,1780,Pace,19215428,2,Sir Haszem,LOSER,7.01,WINNER,1.84,347.96,7.2,3.1,7.2,5.83,1378.37,720,3,490,7.06,177.18,975.9,1.84,1.55,1.82,1.74,320.03,5.3,5.6,1.03,0.98
7/07/2021,9:26:00 PM,9:27:09 PM,Redcliffe,QLD,10,185063456,R10 1780m Pace M,185063457,Harness,1780,Pace,40091717,4,Kalani,WINNER,2.08,WINNER,1.22,2389.93,2.7,2.02,2.26,2.28,5384.9,2.44,1.01,1.01,1.39,6181.84,1624.63,1.27,1.21,1.24,1.22,202.56,2.32,2.38,1.03,0.98
7/07/2021,9:26:00 PM,9:27:09 PM,Redcliffe,QLD,10,185063456,R10 1780m Pace M,185063457,Harness,1780,Pace,38980208,5,Ashton River,LOSER,514.56,LOSER,27.54,67.75,390,65,390,168.27,43.18,990,390,500,512.34,18.82,45.93,15.5,8.2,15.5,12.25,18.58,270,370,1.03,0.98
7/07/2021,9:26:00 PM,9:27:09 PM,Redcliffe,QLD,10,185063456,R10 1780m Pace M,185063457,Harness,1780,Pace,40091718,6,Amelia Springfield,LOSER,31.62,LOSER,4,156.68,46,17.5,26,28.25,256.78,720,28,720,52,29.28,378.2,3.75,3.55,3.55,3.74,0.38,25,27,1.03,0.98
7/07/2021,9:26:00 PM,9:27:09 PM,Redcliffe,QLD,10,185063456,R10 1780m Pace M,185063457,Harness,1780,Pace,28210661,7,Valkyrie Hanover,LOSER,20.23,LOSER,3.16,250.92,42,15.5,18.5,20.66,1265.91,720,13,720,41.27,29.16,454.2,3.45,2.78,3.15,2.99,171.76,18.5,19.5,1.03,0.98
7/07/2021,9:26:00 PM,9:27:09 PM,Redcliffe,QLD,10,185063456,R10 1780m Pace M,185063457,Harness,1780,Pace,40091719,8,Rock With Zara,LOSER,25.8,LOSER,4.13,189.88,34,8.8,20,23.84,232.81,720,44,300,79.69,8.88,106.9,4.4,2.44,4.1,3.41,72.39,27,32,1.03,0.98
7/07/2021,5:04:00 PM,5:04:45 PM,Shepparton,VIC,1,185063418,R1 1690m Pace M,185063419,Harness,1690,Pace,39689748,2,Oceanique,LOSER,3.14,LOSER,1.59,6226.06,4.7,2.98,3.25,3.86,8369.99,720,2.8,720,4.39,857.71,1131.83,1.85,1.51,1.6,1.62,558.59,3.45,3.65,1.04,0.98
7/07/2021,5:04:00 PM,5:04:45 PM,Shepparton,VIC,1,185063418,R1 1690m Pace M,185063419,Harness,1690,Pace,25751061,3,Secret Identity,LOSER,10.93,LOSER,3.04,1501.1,16,8.4,11,11.99,1283.84,720,8.8,420,40.02,71.75,1046.38,3.3,2.98,3.3,3.1,259.69,14.5,15.5,1.04,0.98
7/07/2021,5:04:00 PM,5:04:45 PM,Shepparton,VIC,1,185063418,R1 1690m Pace M,185063419,Harness,1690,Pace,24553970,4,Mea Culpa,LOSER,3.28,LOSER,1.56,5589.06,4.3,3.15,3.2,3.45,9893.2,1000,3,150,5.5,933.71,1150.77,1.69,1.53,1.6,1.61,593.27,3.25,3.35,1.04,0.98
7/07/2021,5:04:00 PM,5:04:45 PM,Shepparton,VIC,1,185063418,R1 1690m Pace M,185063419,Harness,1690,Pace,7322544,5,Ferocious Son,LOSER,36.46,LOSER,5.78,374.8,75,15,75,23.8,431.45,720,20,230,67.97,34.19,151.48,4.5,4.5,4.5,4.5,7,21,23,1.04,0.98
7/07/2021,5:04:00 PM,5:04:45 PM,Shepparton,VIC,1,185063418,R1 1690m Pace M,185063419,Harness,1690,Pace,28392604,6,Safe Jewels,LOSER,10.53,WINNER,3.1,795.02,14,8,10.5,9.82,968.89,200,2,200,7.26,248.97,501.29,3.15,2.88,2.9,2.93,15.13,10.5,11.5,1.04,0.98
7/07/2021,5:04:00 PM,5:04:45 PM,Shepparton,VIC,1,185063418,R1 1690m Pace M,185063419,Harness,1690,Pace,37993103,8,Payup Orleave,LOSER,39.52,LOSER,6.29,189.37,46,20,38,27.64,883.3,720,21,710,80.92,41.99,154.2,5.5,5.2,5.2,5.36,10.94,23,27,1.04,0.98
7/07/2021,5:04:00 PM,5:04:45 PM,Shepparton,VIC,1,185063418,R1 1690m Pace M,185063419,Harness,1690,Pace,11953558,9,Hard Rock Shannon,WINNER,11.5,WINNER,2.7,967.99,11.5,7,11.5,8.81,1225.84,10,1.01,1.01,1.32,2220.28,771.27,2.64,2.52,2.64,2.6,20.53,9,9.4,1.04,0.98
7/07/2021,5:04:00 PM,5:04:45 PM,Shepparton,VIC,1,185063418,R1 1690m Pace M,185063419,Harness,1690,Pace,28013866,10,Lonestar Lad,LOSER,33.33,LOSER,5.75,260.04,55,22,32,28.96,508.32,720,10.5,220,28.93,94.32,267.6,7.2,5,5,6.48,28.6,23,27,1.04,0.98
7/07/2021,5:04:00 PM,5:04:45 PM,Shepparton,VIC,1,185063418,R1 1690m Pace M,185063419,Harness,1690,Pace,22185315,11,Spencer,LOSER,35.49,WINNER,5.76,337.95,44,7.6,36,24.71,915.44,720,8.4,200,36.84,118.04,364.43,6.4,6.2,6.2,6.25,30,32,34,1.04,0.98
7/07/2021,5:30:00 PM,5:32:00 PM,Shepparton,VIC,2,185063420,R2 2190m Trot M,185063421,Harness,2190,Trot,13333944,1,Dellsun,LOSER,55,LOSER,6.78,99.09,65,28,55,53.63,69.83,720,25,270,70.47,17.47,235.77,5.8,5.7,5.8,5.8,10.17,55,65,1.04,0.98
7/07/2021,5:30:00 PM,5:32:00 PM,Shepparton,VIC,2,185063420,R2 2190m Trot M,185063421,Harness,2190,Trot,28672110,2,Roi Du Soleil,LOSER,11,WINNER,2.43,401.63,15.5,7.6,11.5,11.87,1028.6,720,6,44,12.44,150.08,388.53,3.1,2.28,2.36,2.74,302.97,13,15,1.04,0.98
7/07/2021,5:30:00 PM,5:32:00 PM,Shepparton,VIC,2,185063420,R2 2190m Trot M,185063421,Harness,2190,Trot,27152519,3,Vincent Kai,LOSER,11.68,LOSER,2.48,740.17,22,10,11.5,11.98,2314.26,720,10,420,30.35,47.78,418.35,2.24,2.14,2.18,2.21,62.25,10.5,11,1.04,0.98
7/07/2021,5:30:00 PM,5:32:00 PM,Shepparton,VIC,2,185063420,R2 2190m Trot M,185063421,Harness,2190,Trot,28416917,5,Kyvalley Surfrider,LOSER,4.65,WINNER,1.7,3069.52,6.4,3.25,4.8,4.31,6567.23,720,2,140,6.66,731,733.73,1.73,1.56,1.72,1.66,1305.94,4.7,5,1.04,0.98
7/07/2021,5:30:00 PM,5:32:00 PM,Shepparton,VIC,2,185063420,R2 2190m Trot M,185063421,Harness,2190,Trot,19167848,6,Starlight Red,LOSER,110,LOSER,8.64,55.88,110,38,90,83.46,18.37,720,7,270,28.35,96.14,200.11,9,9,9,9,9.77,75,85,1.04,0.98
7/07/2021,5:30:00 PM,5:32:00 PM,Shepparton,VIC,2,185063420,R2 2190m Trot M,185063421,Harness,2190,Trot,40091695,7,Bullion Harry,WINNER,1.72,WINNER,1.2,5107.04,2.96,1.68,1.82,1.84,15780.65,5.5,1.01,1.01,1.8,6729.48,1837.81,1.3,1.14,1.19,1.2,2094.45,1.78,1.82,1.04,0.98
7/07/2021,5:30:00 PM,5:32:00 PM,Shepparton,VIC,2,185063420,R2 2190m Trot M,185063421,Harness,2190,Trot,37424510,8,One Muscle Hill,LOSER,279.43,LOSER,15.25,53.87,200,55,120,139.34,16.92,930,32,930,131.5,31.5,83.18,,,,,,130,180,1.04,0.98
7/07/2021,5:30:00 PM,5:32:00 PM,Shepparton,VIC,2,185063420,R2 2190m Trot M,185063421,Harness,2190,Trot,40091696,9,Montana Muscle,LOSER,730.12,LOSER,609.46,17.47,680,280,290,426.71,4.53,1000,680,1000,730.7,17.75,1.8,690,60,180,105,33.27,280,570,1.04,0.98
7/07/2021,5:30:00 PM,5:32:00 PM,Shepparton,VIC,2,185063420,R2 2190m Trot M,185063421,Harness,2190,Trot,23202381,10,Cmon Carl Lee,LOSER,75,LOSER,9.9,57.86,120,20,75,57.02,132.66,870,23,870,124.86,9.19,89.9,7.4,6.6,7.4,6.98,15,48,55,1.04,0.98
7/07/2021,5:30:00 PM,5:32:00 PM,Shepparton,VIC,2,185063420,R2 2190m Trot M,185063421,Harness,2190,Trot,40091697,12,Aldebaran Jethro,LOSER,499.27,LOSER,27.89,25.74,320,40,250,185.7,20.69,1000,180,180,497.51,16.01,33.23,14.5,14.5,14.5,14.5,5,180,270,1.04,0.98
7/07/2021,5:30:00 PM,5:32:00 PM,Shepparton,VIC,2,185063420,R2 2190m Trot M,185063421,Harness,2190,Trot,27944208,13,Bacardi Wood,LOSER,61.8,LOSER,7.5,61.16,100,38,55,58.43,65.68,930,32,930,131.45,15.34,205.33,5.8,5.8,5.8,5.8,0.17,42,60,1.04,0.98
7/07/2021,6:02:00 PM,6:03:52 PM,Shepparton,VIC,3,185063422,R3 2190m Pace M,185063423,Harness,2190,Pace,36709376,1,Presidentslastlady,WINNER,3.81,WINNER,1.81,2452.98,6,3.8,4,4.44,4099.55,23,1.01,1.01,2.22,2393.52,285.01,2.2,1.69,1.81,1.77,783.52,4.6,4.7,1.02,0.96
7/07/2021,6:02:00 PM,6:03:52 PM,Shepparton,VIC,3,185063422,R3 2190m Pace M,185063423,Harness,2190,Pace,11402712,2,Artizz,LOSER,78.48,LOSER,13.06,74.39,70,14,70,41.32,38.13,720,19.5,720,39.92,34.11,146.69,,,,,,40,46,1.02,0.96
7/07/2021,6:02:00 PM,6:03:52 PM,Shepparton,VIC,3,185063422,R3 2190m Pace M,185063423,Harness,2190,Pace,10740937,3,Lagom,LOSER,34,WINNER,6.05,117.82,32,9.4,32,22.79,127.78,720,11,720,34.92,61.2,62.25,5.2,5.2,5.2,5.2,12,23,26,1.02,0.96
7/07/2021,6:02:00 PM,6:03:52 PM,Shepparton,VIC,3,185063422,R3 2190m Pace M,185063423,Harness,2190,Pace,40091698,4,Del Port,LOSER,11.73,LOSER,3,392.34,24,9,11,10.93,2364.53,720,3.45,490,6.83,695.88,222.07,6.6,3.15,3.25,4.24,33.71,10,10.5,1.02,0.96
7/07/2021,6:02:00 PM,6:03:52 PM,Shepparton,VIC,3,185063422,R3 2190m Pace M,185063423,Harness,2190,Pace,16327698,5,Fantasy Beach,LOSER,9.89,LOSER,3.23,287.84,26,8.6,9.2,11.43,879.42,720,7.8,720,20.26,74.78,202.41,2.9,2.9,2.9,2.9,100,14.5,15.5,1.02,0.96
7/07/2021,6:02:00 PM,6:03:52 PM,Shepparton,VIC,3,185063422,R3 2190m Pace M,185063423,Harness,2190,Pace,24190780,6,Life Gets Better,LOSER,5.41,WINNER,2.31,1559.08,5.7,3.85,5.6,4.76,3602.06,720,2.7,720,7.19,305.67,457.43,2.28,1.72,2.26,1.81,109.33,4.3,4.6,1.02,0.96
7/07/2021,6:02:00 PM,6:03:52 PM,Shepparton,VIC,3,185063422,R3 2190m Pace M,185063423,Harness,2190,Pace,40091699,7,Ultimate Me,LOSER,6.83,LOSER,2.86,680.88,9,4.9,7.6,7.41,663.76,720,6.4,720,11.95,141.76,179.69,2.78,2.28,2.58,2.54,40.58,7.6,8,1.02,0.96
7/07/2021,6:02:00 PM,6:03:52 PM,Shepparton,VIC,3,185063422,R3 2190m Pace M,185063423,Harness,2190,Pace,27259409,8,Bee Gee Cee,LOSER,18.5,LOSER,29.55,266.08,23,12.5,19,18.47,209.92,720,17.5,720,47.5,40.31,66.12,80,8.4,8.4,29.65,1.01,18,20,1.02,0.96
7/07/2021,6:02:00 PM,6:03:52 PM,Shepparton,VIC,3,185063422,R3 2190m Pace M,185063423,Harness,2190,Pace,40091700,9,After The Chase,LOSER,6.53,LOSER,2.53,1014.06,9.8,6.2,7,7.16,1130.8,720,4.5,720,9.92,248.34,489.71,2.68,2.14,2.68,2.29,75.03,7,7.2,1.02,0.96
7/07/2021,6:30:00 PM,6:30:47 PM,Shepparton,VIC,4,185063424,R4 2190m Trot S,185063425,Harness,2190,Trot,17494546,1,Tetra,LOSER,41.46,LOSER,6.82,279.34,55,21,44,42.14,140.38,720,50,300,88.11,12.81,449.34,7,5.8,5.8,6.82,60.86,40,46,1.05,0.97
7/07/2021,6:30:00 PM,6:30:47 PM,Shepparton,VIC,4,185063424,R4 2190m Trot S,185063425,Harness,2190,Trot,15386480,2,Starlight Storm,LOSER,18.4,LOSER,4.35,316.13,34,20,21,23.89,291.37,720,17.5,100,29.49,120.45,230.73,,,,,,22,26,1.05,0.97
7/07/2021,6:30:00 PM,6:30:47 PM,Shepparton,VIC,4,185063424,R4 2190m Trot S,185063425,Harness,2190,Trot,13427408,4,Bootleg Bert,LOSER,10,LOSER,2.55,472.19,15,9.8,10.5,10.71,918.51,250,4.3,210,8.52,237.34,532.22,2.9,2.52,2.6,2.59,74.91,10.5,11.5,1.05,0.97
7/07/2021,6:30:00 PM,6:30:47 PM,Shepparton,VIC,4,185063424,R4 2190m Trot S,185063425,Harness,2190,Trot,36136276,5,Our Spitfire,LOSER,44.85,WINNER,9.55,124.99,44,24,42,33.08,277.24,500,1.85,500,47.42,33.98,124.02,,,,,,38,42,1.05,0.97
7/07/2021,6:30:00 PM,6:30:47 PM,Shepparton,VIC,4,185063424,R4 2190m Trot S,185063425,Harness,2190,Trot,1495023,6,Builder Bob,LOSER,5.98,WINNER,2.07,1127.39,8.6,5.6,6.2,6.52,1308.13,720,4,720,7.29,328,507.67,2.34,1.95,2,2.1,343.78,6.4,6.8,1.05,0.97
7/07/2021,6:30:00 PM,6:30:47 PM,Shepparton,VIC,4,185063424,R4 2190m Trot S,185063425,Harness,2190,Trot,23582119,7,Aldebaran Jaytee,LOSER,120,LOSER,15.75,70.5,130,40,130,84.46,45.55,930,120,140,191.74,16.59,100.1,,,,,,70,90,1.05,0.97
7/07/2021,6:30:00 PM,6:30:47 PM,Shepparton,VIC,4,185063424,R4 2190m Trot S,185063425,Harness,2190,Trot,22361786,8,Count Bacardi,LOSER,13,LOSER,3.01,575.66,18,12.5,14.5,14.42,301,720,8.6,490,18.92,113.88,542.85,3.35,3.35,3.35,3.35,0.09,13.5,15.5,1.05,0.97
7/07/2021,6:30:00 PM,6:30:47 PM,Shepparton,VIC,4,185063424,R4 2190m Trot S,185063425,Harness,2190,Trot,24900323,9,Wisp Of Smoke,LOSER,20.51,LOSER,3.82,297.77,34,9.6,19.5,16.44,579.79,720,3.1,720,21.72,66.86,423.28,3.65,3.5,3.65,3.56,16.75,15.5,18.5,1.05,0.97
7/07/2021,6:30:00 PM,6:30:47 PM,Shepparton,VIC,4,185063424,R4 2190m Trot S,185063425,Harness,2190,Trot,22268815,10,Whatwillbeewillbee,WINNER,1.98,WINNER,1.32,2889.26,2.6,1.98,2.02,2.05,10655.43,9.6,1.01,1.01,1.68,4072.16,1745.41,1.42,1.23,1.34,1.36,2761.75,1.99,2.02,1.05,0.97
7/07/2021,6:30:00 PM,6:30:47 PM,Shepparton,VIC,4,185063424,R4 2190m Trot S,185063425,Harness,2190,Trot,19156080,11,Lunchwitharthur,LOSER,34.41,LOSER,7,263.34,48,12,36,27.23,461.67,840,18,160,93.73,20.2,50.46,,,,,,22,36,1.05,0.97
7/07/2021,7:00:00 PM,7:01:06 PM,Shepparton,VIC,5,185063426,R5 1690m Pace M,185063427,Harness,1690,Pace,28210614,1,Trittrittbangbang,LOSER,4.27,LOSER,1.61,816.19,5,3,4.1,4.33,3414.59,1000,2,250,9.35,552.55,1010.94,1.84,1.46,1.65,1.64,2060.37,4.4,4.5,1.03,0.98
7/07/2021,7:00:00 PM,7:01:06 PM,Shepparton,VIC,5,185063426,R5 1690m Pace M,185063427,Harness,1690,Pace,25876734,3,Lottie Moon,LOSER,7.47,LOSER,2.12,547.91,8.6,4.5,7.2,6.59,2529.69,720,2.38,690,7.88,233.62,691.64,2.2,1.8,2.06,2.06,344.72,7.4,8,1.03,0.98
7/07/2021,7:00:00 PM,7:01:06 PM,Shepparton,VIC,5,185063426,R5 1690m Pace M,185063427,Harness,1690,Pace,845102,4,Night Spirit,LOSER,7,WINNER,2.5,813.1,9.8,6.4,7,7.47,2506.34,720,2.94,720,16.04,119.02,378.74,2.7,2.38,2.7,2.68,127.27,9.2,9.8,1.03,0.98
7/07/2021,7:00:00 PM,7:01:06 PM,Shepparton,VIC,5,185063426,R5 1690m Pace M,185063427,Harness,1690,Pace,16156771,6,Beach Goddess,LOSER,42.87,LOSER,11.95,243.13,90,44,50,63.05,196.07,720,40,720,69.25,35.93,,7.4,6.6,7.4,6.99,0.33,55,65,1.03,0.98
7/07/2021,7:00:00 PM,7:01:06 PM,Shepparton,VIC,5,185063426,R5 1690m Pace M,185063427,Harness,1690,Pace,7029828,7,Exciter,LOSER,13.39,WINNER,3.04,504.22,30,12.5,15,14.81,799.44,720,9.8,720,30.47,67.08,696.32,3.45,2.98,3.2,3.12,257.21,13.5,14.5,1.03,0.98
7/07/2021,7:00:00 PM,7:01:06 PM,Shepparton,VIC,5,185063426,R5 1690m Pace M,185063427,Harness,1690,Pace,13688534,8,Rockin In Memphis,LOSER,52.58,LOSER,10.75,180.03,60,26,55,36.8,259.11,720,9.6,720,27.65,42.1,101.34,10.5,10.5,10.5,10.5,3.68,50,60,1.03,0.98
7/07/2021,7:00:00 PM,7:01:06 PM,Shepparton,VIC,5,185063426,R5 1690m Pace M,185063427,Harness,1690,Pace,16098307,9,Stormont Star,LOSER,26.4,LOSER,4.5,188.34,36,18,23,21.53,604.7,720,10.5,200,43.59,43.02,134.7,4.5,4,4,4.24,19.18,22,23,1.03,0.98
7/07/2021,7:00:00 PM,7:01:06 PM,Shepparton,VIC,5,185063426,R5 1690m Pace M,185063427,Harness,1690,Pace,17980290,10,Letsrockletsroll,WINNER,3.19,WINNER,1.63,1864.13,3.9,2.62,3.45,3.02,9714.76,34,1.01,1.01,1.7,2536.39,491.19,1.69,1.38,1.62,1.51,435.18,2.7,2.74,1.03,0.98
7/07/2021,7:00:00 PM,7:01:06 PM,Shepparton,VIC,5,185063426,R5 1690m Pace M,185063427,Harness,1690,Pace,22549255,11,Ideal Suspect,LOSER,41.66,LOSER,6.2,299.33,60,22,38,34.05,510.74,720,16.5,300,52.14,49.43,218.3,6.4,5.1,6.2,5.49,331.6,34,40,1.03,0.98
7/07/2021,7:30:00 PM,7:30:58 PM,Shepparton,VIC,6,185063428,R6 2190m Pace M,185063429,Harness,2190,Pace,39254931,1,Wemen Bella,LOSER,730.48,LOSER,34.37,15.21,500,220,290,351.22,43.31,1000,270,1000,823.84,8.98,44.6,30,30,30,30,3.69,240,300,1.02,0.99
7/07/2021,7:30:00 PM,7:30:58 PM,Shepparton,VIC,6,185063428,R6 2190m Pace M,185063429,Harness,2190,Pace,35727439,2,Asante Sana,LOSER,60,LOSER,12.9,123.74,75,25,70,47,180.22,1000,8.2,1000,37.7,72.53,118.29,,,,,,55,50,1.02,0.99
7/07/2021,7:30:00 PM,7:30:58 PM,Shepparton,VIC,6,185063428,R6 2190m Pace M,185063429,Harness,2190,Pace,35672028,3,Niki Nah Nah,LOSER,100,LOSER,18,77.83,100,65,75,75.16,29.82,1000,5.1,1000,51.68,57.66,54.48,,,,,,60,70,1.02,0.99
7/07/2021,7:30:00 PM,7:30:58 PM,Shepparton,VIC,6,185063428,R6 2190m Pace M,185063429,Harness,2190,Pace,40091702,4,Special Lady,WINNER,3.65,WINNER,1.49,1685.44,4.5,3,3.7,3.81,3648.99,3.7,1.01,1.01,1.63,5154.93,514.46,1.66,1.44,1.46,1.52,377.6,4.1,4.3,1.02,0.99
7/07/2021,7:30:00 PM,7:30:58 PM,Shepparton,VIC,6,185063428,R6 2190m Pace M,185063429,Harness,2190,Pace,37454830,5,Fly Bye Eden,LOSER,14.3,LOSER,3.25,376.69,50,13.5,13.5,21.39,1160.14,1000,14,1000,54.18,86.72,418.83,9.2,3.1,3.3,5.24,120.48,15,15.5,1.02,0.99
7/07/2021,7:30:00 PM,7:30:58 PM,Shepparton,VIC,6,185063428,R6 2190m Pace M,185063429,Harness,2190,Pace,37467489,6,Jitterbug Arden,LOSER,36,LOSER,6.35,132.13,38,20,32,28.59,397.1,1000,27,1000,120.62,22.63,76.61,5.1,5.1,5.1,5.1,0.5,32,36,1.02,0.99
7/07/2021,7:30:00 PM,7:30:58 PM,Shepparton,VIC,6,185063428,R6 2190m Pace M,185063429,Harness,2190,Pace,28708192,7,Delightful Nikky,LOSER,40.15,WINNER,5.86,148.52,65,32,36,38.37,140.91,1000,4.4,1000,37.55,78.45,164.18,,,,,,32,36,1.02,0.99
7/07/2021,7:30:00 PM,7:30:58 PM,Shepparton,VIC,6,185063428,R6 2190m Pace M,185063429,Harness,2190,Pace,39732958,8,Seaside Sister,LOSER,42.61,LOSER,7.7,146.81,85,32,46,52.34,78.07,1000,34,720,89.89,22.35,174.42,6.8,5.8,5.8,6.26,0.37,46,55,1.02,0.99
7/07/2021,7:30:00 PM,7:30:58 PM,Shepparton,VIC,6,185063428,R6 2190m Pace M,185063429,Harness,2190,Pace,27788408,9,Outa The Blue,LOSER,2.14,WINNER,1.23,3111.89,3.65,1.92,2.2,2.28,15480.7,1000,1.91,1000,3.77,2262.31,968.08,1.31,1.2,1.25,1.25,286.92,2,2.02,1.02,0.99
7/07/2021,7:30:00 PM,7:30:58 PM,Shepparton,VIC,6,185063428,R6 2190m Pace M,185063429,Harness,2190,Pace,40091703,10,Okinawa Beach,LOSER,76.62,LOSER,16.97,103.04,90,38,85,64.55,62.22,1000,42,65,135.11,18.41,92,21,15.5,15.5,16.72,0.09,60,75,1.02,0.99
7/07/2021,7:30:00 PM,7:30:58 PM,Shepparton,VIC,6,185063428,R6 2190m Pace M,185063429,Harness,2190,Pace,40091704,11,Atreacherous,LOSER,11.02,LOSER,2.6,560.05,15,3.55,11.5,8.22,1238.46,220,5.2,110,17.8,234.66,295.67,2.6,1.66,2.6,2.14,60.5,13.5,14.5,1.02,0.99
7/07/2021,8:00:00 PM,8:00:47 PM,Shepparton,VIC,7,185063430,R7 2190m Pace M,185063431,Harness,2190,Pace,24928273,1,Hancocks Hero,LOSER,16.25,WINNER,3.6,437.8,19,9.6,17.5,15.76,375.3,1000,8,1000,26.45,105.72,470.7,3.75,2.74,3.65,3.41,90.82,17.5,19,1.03,0.97
7/07/2021,8:00:00 PM,8:00:47 PM,Shepparton,VIC,7,185063430,R7 2190m Pace M,185063431,Harness,2190,Pace,16554500,2,Shaq,LOSER,3.02,LOSER,1.55,3243.68,4,2.76,3.1,3.07,5202.44,780,2.98,780,4.73,851.66,696.66,1.55,1.28,1.55,1.43,176.68,2.84,2.92,1.03,0.97
7/07/2021,8:00:00 PM,8:00:47 PM,Shepparton,VIC,7,185063430,R7 2190m Pace M,185063431,Harness,2190,Pace,27751265,4,Musztang,LOSER,9.13,LOSER,2.48,407.15,9,4.9,8,7.9,344.89,1000,4.1,1000,15.94,123.29,466.68,2.8,2.18,2.8,2.75,60.85,8.2,8.4,1.03,0.97
7/07/2021,8:00:00 PM,8:00:47 PM,Shepparton,VIC,7,185063430,R7 2190m Pace M,185063431,Harness,2190,Pace,22834244,5,Mister Finnigan,LOSER,180,LOSER,21.5,19.89,190,80,180,123.31,38.86,720,180,720,386.8,2.03,21.19,21,13,13,20.27,26.17,85,130,1.03,0.97
7/07/2021,8:00:00 PM,8:00:47 PM,Shepparton,VIC,7,185063430,R7 2190m Pace M,185063431,Harness,2190,Pace,709886,6,Highclere,WINNER,6.2,WINNER,2.12,885.18,8,5.6,6,6.23,1202.1,6.2,1.01,1.01,1.58,2437.38,629.31,2.3,1.92,2.12,2.08,274.3,5.9,6.2,1.03,0.97
7/07/2021,8:00:00 PM,8:00:47 PM,Shepparton,VIC,7,185063430,R7 2190m Pace M,185063431,Harness,2190,Pace,18508603,8,Roslyn Gaye,LOSER,33.92,LOSER,3.81,139.28,100,23,25,27.6,223.01,720,22,720,41.2,41.44,310.91,5.7,3.65,3.65,4.57,96.38,24,29,1.03,0.97
7/07/2021,8:00:00 PM,8:00:47 PM,Shepparton,VIC,7,185063430,R7 2190m Pace M,185063431,Harness,2190,Pace,38597246,9,What A Pleasure,LOSER,9.73,WINNER,2.34,515.58,30,8.4,11,10.54,1519.37,1000,8.2,1000,11.82,274.85,546.91,2.9,2.7,2.7,2.79,42.82,12,13,1.03,0.97
7/07/2021,8:00:00 PM,8:00:47 PM,Shepparton,VIC,7,185063430,R7 2190m Pace M,185063431,Harness,2190,Pace,10906858,10,Thumbs Up,LOSER,4.46,LOSER,2.02,1671.46,6.2,3.2,4.9,4.77,2841.39,720,3.2,720,5.12,1063.22,660.71,2.18,1.35,2.06,1.99,393.68,5.2,5.7,1.03,0.97
7/07/2021,8:30:00 PM,8:30:54 PM,Shepparton,VIC,8,185063432,R8 1690m Pace M,185063433,Harness,1690,Pace,722702,1,Tropical Storm,LOSER,6.2,LOSER,1.95,941.98,6.4,3.2,6.2,5.32,5874.12,720,2.84,720,9.49,538.11,477.38,2,1.51,1.96,1.75,1856.64,6,5.9,1.04,0.98
7/07/2021,8:30:00 PM,8:30:54 PM,Shepparton,VIC,8,185063432,R8 1690m Pace M,185063433,Harness,1690,Pace,3196735,2,Benatar,LOSER,4.57,LOSER,1.88,1171.35,5.7,3.6,4.6,4.38,2807.37,720,3,110,6.98,648.22,820.32,2.1,1.84,1.84,1.88,211.31,4.4,4.6,1.04,0.98
7/07/2021,8:30:00 PM,8:30:54 PM,Shepparton,VIC,8,185063432,R8 1690m Pace M,185063433,Harness,1690,Pace,25156581,3,Lilnova,LOSER,34.22,LOSER,17.08,159.56,34,25,32,29.59,83.85,720,9.2,300,39.48,84.7,99.64,29,8.2,29,17.09,1.87,29,32,1.04,0.98
7/07/2021,8:30:00 PM,8:30:54 PM,Shepparton,VIC,8,185063432,R8 1690m Pace M,185063433,Harness,1690,Pace,21080046,4,Whata Glimpse,LOSER,10.51,WINNER,3.02,401.89,15,9.6,9.8,10.6,1169.88,720,10.5,490,16.74,130.04,370.89,2.96,2.96,2.96,2.96,53.69,10.5,12,1.04,0.98
7/07/2021,8:30:00 PM,8:30:54 PM,Shepparton,VIC,8,185063432,R8 1690m Pace M,185063433,Harness,1690,Pace,39942544,5,Our Art Work,LOSER,16.5,LOSER,4.1,274.44,38,11,15,15.78,1254.75,720,7.2,490,29.29,84.02,153.82,3.65,3.65,3.65,3.65,15.85,11,12.5,1.04,0.98
7/07/2021,8:30:00 PM,8:30:54 PM,Shepparton,VIC,8,185063432,R8 1690m Pace M,185063433,Harness,1690,Pace,19308116,7,Lets Dig It,LOSER,154.63,LOSER,25.25,29.16,140,42,110,83.69,27.97,720,140,700,222.73,6.17,,,,,,,100,110,1.04,0.98
7/07/2021,8:30:00 PM,8:30:54 PM,Shepparton,VIC,8,185063432,R8 1690m Pace M,185063433,Harness,1690,Pace,36201186,8,Gilty By The Beach,LOSER,17.73,LOSER,4.95,418.9,22,9.2,18.5,17.11,256.37,720,10,720,22.47,84.05,228.28,4.4,2.98,4.3,4.29,50.51,20,22,1.04,0.98
7/07/2021,8:30:00 PM,8:30:54 PM,Shepparton,VIC,8,185063432,R8 1690m Pace M,185063433,Harness,1690,Pace,36770979,9,Illawong Parris,LOSER,3.89,WINNER,1.89,1869.09,6.4,4.1,4.1,4.7,2054.12,720,1.52,720,3.61,1274.63,761.38,2.22,1.85,1.94,1.91,29.65,4.8,5.1,1.04,0.98
7/07/2021,8:30:00 PM,8:30:54 PM,Shepparton,VIC,8,185063432,R8 1690m Pace M,185063433,Harness,1690,Pace,12605061,10,Forever And A Day,LOSER,150,LOSER,41.75,51.03,170,60,120,88.66,80.7,720,180,700,396.95,1.85,,14,11.5,14,12.63,5.78,85,95,1.04,0.98
7/07/2021,8:30:00 PM,8:30:54 PM,Shepparton,VIC,8,185063432,R8 1690m Pace M,185063433,Harness,1690,Pace,28452909,11,Jets Art,WINNER,7.27,WINNER,2.3,824.58,9.8,6.6,7.4,7.31,1214.86,23,1.01,1.01,1.39,1534.33,601.98,2.8,2.3,2.3,2.32,96.05,7,7.2,1.04,0.98
7/07/2021,9:02:00 PM,9:03:03 PM,Shepparton,VIC,9,185063434,R9 2190m Pace M,185063435,Harness,2190,Pace,18576286,1,Arma Veyron,LOSER,4.94,WINNER,1.81,1227.04,6,4.5,5.2,5.1,1088.96,790,2.54,790,11.9,495.61,644.93,1.97,1.65,1.77,1.7,86.27,4.7,5.1,0.97,0.97
7/07/2021,9:02:00 PM,9:03:03 PM,Shepparton,VIC,9,185063434,R9 2190m Pace M,185063435,Harness,2190,Pace,18739740,2,Cracked Pepper,LOSER,47.71,LOSER,5.9,159.04,70,20,44,47.95,139.89,920,18,920,67,54.71,206,4.7,4.7,4.7,4.7,100,48,50,0.97,0.97
7/07/2021,9:02:00 PM,9:03:03 PM,Shepparton,VIC,9,185063434,R9 2190m Pace M,185063435,Harness,2190,Pace,28551721,4,Lizzadro,LOSER,2.53,LOSER,1.41,3173.1,4.6,2.56,2.66,2.9,7042.75,720,1.9,490,4.44,1657.78,1113.02,1.56,1.39,1.42,1.5,2230.2,3.25,2.8,0.97,0.97
7/07/2021,9:02:00 PM,9:03:03 PM,Shepparton,VIC,9,185063434,R9 2190m Pace M,185063435,Harness,2190,Pace,22185735,5,Elenna,LOSER,17.32,LOSER,2.96,331.47,16.5,8,15.5,10.05,621.82,720,15,490,28.79,45.5,552.4,2.82,2.82,2.82,2.82,15,12,13,0.97,0.97
7/07/2021,9:02:00 PM,9:03:03 PM,Shepparton,VIC,9,185063434,R9 2190m Pace M,185063435,Harness,2190,Pace,19351788,6,Glens Of Tekoa,WINNER,6.6,WINNER,2.12,738.64,7.4,5.2,6.2,6.57,604.27,13.5,1.01,1.01,2.1,1917.05,711.07,2.4,1.78,2.02,2.13,708.41,6.8,7,0.97,0.97
7/07/2021,9:02:00 PM,9:03:03 PM,Shepparton,VIC,9,185063434,R9 2190m Pace M,185063435,Harness,2190,Pace,9488489,7,Juscallmechief,LOSER,60.53,LOSER,8.75,107.84,90,27,65,60.28,51.35,720,27,720,66.03,13.03,77.29,,,,,,55,70,0.97,0.97
7/07/2021,9:02:00 PM,9:03:03 PM,Shepparton,VIC,9,185063434,R9 2190m Pace M,185063435,Harness,2190,Pace,23104834,8,Pinnacle Hope,LOSER,5.36,WINNER,1.86,2503.94,6.2,4.5,5.6,5.47,1797.82,720,3.15,140,7.45,398.58,583.25,1.99,1.8,1.85,1.81,184.89,5.8,6.2,0.97,0.97
7/07/2021,9:02:00 PM,9:03:03 PM,Shepparton,VIC,9,185063434,R9 2190m Pace M,185063435,Harness,2190,Pace,18697004,9,Sassyfeet,LOSER,222.21,LOSER,47.01,55.1,370,85,360,183.57,19.4,720,90,720,182.16,9.73,38.32,48,20,46,25.67,4.53,200,370,0.97,0.97
7/07/2021,9:34:00 PM,9:34:48 PM,Shepparton,VIC,10,185063436,R10 1690m Pace M,185063437,Harness,1690,Pace,15281752,1,Likaveeeight,LOSER,8.46,LOSER,2.15,687.18,11,5.1,7.4,6.39,2252.19,720,6.6,170,13.94,103.86,839.56,2.2,2,2.18,2.08,78.21,6.8,6,1.02,1.01
7/07/2021,9:34:00 PM,9:34:48 PM,Shepparton,VIC,10,185063436,R10 1690m Pace M,185063437,Harness,1690,Pace,40091705,2,Four Ever A Star,WINNER,22.39,WINNER,6.4,284.5,38,21,24,30.98,558.19,46,1.02,1.08,4.63,833.25,152.33,8.6,5.8,6.6,8.16,147.41,24,25,1.02,1.01
7/07/2021,9:34:00 PM,9:34:48 PM,Shepparton,VIC,10,185063436,R10 1690m Pace M,185063437,Harness,1690,Pace,26105202,3,Shady Jess,LOSER,15.81,LOSER,3.5,289,18,12.5,15,14.91,296.15,170,4.6,70,26.2,23.27,320.63,3.2,3.15,3.15,3.19,10,14.5,16,1.02,1.01
7/07/2021,9:34:00 PM,9:34:48 PM,Shepparton,VIC,10,185063436,R10 1690m Pace M,185063437,Harness,1690,Pace,36136284,4,Tsolakis,LOSER,38,LOSER,7.9,144.3,50,36,36,39.16,67.68,300,5.8,140,91.15,4.44,179.72,7,5.2,7,6.33,9.87,36,38,1.02,1.01
7/07/2021,9:34:00 PM,9:34:48 PM,Shepparton,VIC,10,185063436,R10 1690m Pace M,185063437,Harness,1690,Pace,40091706,5,Lil Sport,LOSER,100,LOSER,20.75,72.72,150,48,100,79.96,20.11,720,100,300,151.97,3.45,52.1,8.2,8.2,8.2,8.2,3.69,100,140,1.02,1.01
7/07/2021,9:34:00 PM,9:34:48 PM,Shepparton,VIC,10,185063436,R10 1690m Pace M,185063437,Harness,1690,Pace,36201196,6,Beau Steele,LOSER,2.36,WINNER,1.41,1553.48,2.62,1.89,2.46,2.31,8011.64,170,1.66,110,2.2,1823.65,864.16,1.43,1.22,1.41,1.32,449.03,2.36,2.38,1.02,1.01
7/07/2021,9:34:00 PM,9:34:48 PM,Shepparton,VIC,10,185063436,R10 1690m Pace M,185063437,Harness,1690,Pace,22487580,7,Falling Shards,LOSER,12.91,WINNER,3.15,390.55,18,11,13.5,13.47,328.68,280,6.8,100,21.44,25.23,369.95,3,3,3,3,4.01,12.5,13,1.02,1.01
7/07/2021,9:34:00 PM,9:34:48 PM,Shepparton,VIC,10,185063436,R10 1690m Pace M,185063437,Harness,1690,Pace,4012500,9,Hard Road,LOSER,8.88,LOSER,2.06,423.24,9,5.2,7.8,7.84,284.83,720,8.6,720,20.26,118.13,618.25,2.52,2.04,2.52,2.07,179.88,8.2,8.4,1.02,1.01
7/07/2021,9:34:00 PM,9:34:48 PM,Shepparton,VIC,10,185063436,R10 1690m Pace M,185063437,Harness,1690,Pace,27639027,11,Salsboy,LOSER,8.58,LOSER,2.57,584.17,19,8.8,8.8,11.16,1172.56,900,5.7,720,32.87,140.42,516.61,2.98,2.52,2.52,2.58,63.55,10,11,1.02,1.01
8/07/2021,3:21:00 PM,3:21:20 PM,Forbury Park,NZ,1,185089096,R1 2200m Trot S,185089097,Harness,2200,Trot,26801317,3,Petronelli Gee,LOSER,,LOSER,,,65,65,65,65,0.07,,,,,,,,,,,,65,240,1.04,0.82
8/07/2021,3:21:00 PM,3:21:20 PM,Forbury Park,NZ,1,185089096,R1 2200m Trot S,185089097,Harness,2200,Trot,40100146,4,Myshout,LOSER,,LOSER,,,18,13.5,13.5,16.1,35.28,,,,,,,,,,,,14.5,25,1.04,0.82
8/07/2021,3:21:00 PM,3:21:20 PM,Forbury Park,NZ,1,185089096,R1 2200m Trot S,185089097,Harness,2200,Trot,40100147,5,Cheeky Monkey,LOSER,,LOSER,,,22,20,21,20.6,10.22,,,,,,,,,,,,21,40,1.04,0.82
8/07/2021,3:21:00 PM,3:21:20 PM,Forbury Park,NZ,1,185089096,R1 2200m Trot S,185089097,Harness,2200,Trot,39454126,6,Millies Gift,LOSER,,LOSER,,,3.4,2.72,3.2,3.01,395.28,,,,,,,,,,,,3.15,3.25,1.04,0.82
8/07/2021,3:21:00 PM,3:21:20 PM,Forbury Park,NZ,1,185089096,R1 2200m Trot S,185089097,Harness,2200,Trot,38904339,7,Westland Peak,LOSER,,LOSER,,,15,14.5,15,14.93,4.29,,,,,,,,,,,,14.5,20,1.04,0.82
8/07/2021,3:21:00 PM,3:21:20 PM,Forbury Park,NZ,1,185089096,R1 2200m Trot S,185089097,Harness,2200,Trot,27778104,8,Tease My Tartan,LOSER,,LOSER,,,11.5,11.5,11.5,11.5,0.43,,,,,,,,,,,,11.5,16,1.04,0.82
8/07/2021,3:21:00 PM,3:21:20 PM,Forbury Park,NZ,1,185089096,R1 2200m Trot S,185089097,Harness,2200,Trot,27370766,9,Eilish Hall,LOSER,,WINNER,,,25,23,24,24.05,1.27,,,,,,,,,,,,23,48,1.04,0.82
8/07/2021,3:21:00 PM,3:21:20 PM,Forbury Park,NZ,1,185089096,R1 2200m Trot S,185089097,Harness,2200,Trot,40100148,10,Pearlspur,WINNER,,WINNER,,,18.5,9.2,10,11.55,95.78,,,,,,,,,,,,10,14.5,1.04,0.82
8/07/2021,3:21:00 PM,3:21:20 PM,Forbury Park,NZ,1,185089096,R1 2200m Trot S,185089097,Harness,2200,Trot,40100149,11,Majestic Whisper,LOSER,,LOSER,,,6.8,5.1,5.8,5.82,145.2,,,,,,,2.96,1.96,2.06,2.59,48.55,5.9,7,1.04,0.82
8/07/2021,3:21:00 PM,3:21:20 PM,Forbury Park,NZ,1,185089096,R1 2200m Trot S,185089097,Harness,2200,Trot,39242303,12,Night Watch,LOSER,,LOSER,,,46,46,46,46,0.09,,,,,,,,,,,,46,75,1.04,0.82
8/07/2021,3:21:00 PM,3:21:20 PM,Forbury Park,NZ,1,185089096,R1 2200m Trot S,185089097,Harness,2200,Trot,17428350,13,Kiwi Heir,LOSER,,WINNER,,,18.5,12.5,13.5,15.73,46.29,,,,,,,,,,,,13.5,15.5,1.04,0.82
8/07/2021,3:21:00 PM,3:21:20 PM,Forbury Park,NZ,1,185089096,R1 2200m Trot S,185089097,Harness,2200,Trot,40100150,14,My Hope,LOSER,,LOSER,,,65,29,65,54.88,3.2,,,,,,,,,,,,38,65,1.04,0.82
8/07/2021,3:46:00 PM,3:52:04 PM,Forbury Park,NZ,2,185089098,R2 2200m Pace M,185089099,Harness,2200,Pace,39887385,1,Matai Charlotte,LOSER,,LOSER,,,190,65,65,79.14,29.54,,,,,,,9.8,9,9,9.13,40,100,190,1.03,0.95
8/07/2021,3:46:00 PM,3:52:04 PM,Forbury Park,NZ,2,185089098,R2 2200m Pace M,185089099,Harness,2200,Pace,9974855,2,Prodigal Son,LOSER,,WINNER,,,19.5,14,15,15.25,62.67,,,,,,,,,,,,15,17,1.03,0.95
8/07/2021,3:46:00 PM,3:52:04 PM,Forbury Park,NZ,2,185089098,R2 2200m Pace M,185089099,Harness,2200,Pace,7107566,3,Cute Art,LOSER,,LOSER,,,9.2,6.2,7.4,7.58,858.35,,,,,,,2.3,2.06,2.12,2.16,270.32,8.8,9.2,1.03,0.95
8/07/2021,3:46:00 PM,3:52:04 PM,Forbury Park,NZ,2,185089098,R2 2200m Pace M,185089099,Harness,2200,Pace,40100151,4,Midnitetraintogeorga,LOSER,,WINNER,,,4.2,3.2,3.25,3.45,567.17,,,,,,,1.79,1.44,1.44,1.46,0.66,3.6,3.85,1.03,0.95
8/07/2021,3:46:00 PM,3:52:04 PM,Forbury Park,NZ,2,185089098,R2 2200m Pace M,185089099,Harness,2200,Pace,40100152,5,Out Of The Dark,LOSER,,LOSER,,,75,40,75,64.14,4.44,,,,,,,,,,,,40,50,1.03,0.95
8/07/2021,3:46:00 PM,3:52:04 PM,Forbury Park,NZ,2,185089098,R2 2200m Pace M,185089099,Harness,2200,Pace,40100153,6,Owes Me Dough,WINNER,,WINNER,,,3.35,2.42,2.78,2.63,1170.98,,,,,,,1.37,1.3,1.37,1.32,140.08,2.48,2.58,1.03,0.95
8/07/2021,3:46:00 PM,3:52:04 PM,Forbury Park,NZ,2,185089098,R2 2200m Pace M,185089099,Harness,2200,Pace,40100154,7,Sister Act,LOSER,,LOSER,,,75,23,75,30.19,22.26,,,,,,,,,,,,24,38,1.03,0.95
8/07/2021,3:46:00 PM,3:52:04 PM,Forbury Park,NZ,2,185089098,R2 2200m Pace M,185089099,Harness,2200,Pace,40100155,8,Livy Desma,LOSER,,LOSER,,,16,11,11.5,11.86,18.61,,,,,,,3.75,3.05,3.75,3.7,10.85,11.5,14,1.03,0.95
8/07/2021,3:46:00 PM,3:52:04 PM,Forbury Park,NZ,2,185089098,R2 2200m Pace M,185089099,Harness,2200,Pace,40100156,9,Justin Fun,LOSER,,LOSER,,,300,100,100,128.33,0.24,,,,,,,,,,,,100,140,1.03,0.95
8/07/2021,4:11:00 PM,4:12:11 PM,Forbury Park,NZ,3,185089100,R3 2200m Trot S,185089101,Harness,2200,Trot,28596924,1,Cody Banner,LOSER,,LOSER,,,2.3,2.12,2.26,2.21,1388.33,2.28,2.28,2.28,2.28,12.1,,1.38,1.23,1.37,1.29,185.64,2.22,2.26,1.08,0.9
8/07/2021,4:11:00 PM,4:12:11 PM,Forbury Park,NZ,3,185089100,R3 2200m Trot S,185089101,Harness,2200,Trot,5341160,2,Shes So Right,LOSER,,LOSER,,,90,90,90,90,0.66,,,,,,,,,,,,42,90,1.08,0.9
8/07/2021,4:11:00 PM,4:12:11 PM,Forbury Park,NZ,3,185089100,R3 2200m Trot S,185089101,Harness,2200,Trot,12285857,3,Barham Belle,LOSER,,LOSER,,,250,140,250,241.85,0.26,,,,,,,,,,,,60,250,1.08,0.9
8/07/2021,4:11:00 PM,4:12:11 PM,Forbury Park,NZ,3,185089100,R3 2200m Trot S,185089101,Harness,2200,Trot,10852716,4,South Park,WINNER,,WINNER,,,40,23,40,32.19,3.82,,,,,,,,,,,,26,38,1.08,0.9
8/07/2021,4:11:00 PM,4:12:11 PM,Forbury Park,NZ,3,185089100,R3 2200m Trot S,185089101,Harness,2200,Trot,12986492,5,Cuddly Trouble,LOSER,,LOSER,,,55,24,55,47.85,1.89,,,,,,,,,,,,26,50,1.08,0.9
8/07/2021,4:11:00 PM,4:12:11 PM,Forbury Park,NZ,3,185089100,R3 2200m Trot S,185089101,Harness,2200,Trot,2808443,6,Palisade,LOSER,,WINNER,,,5.1,3.85,3.95,4.22,320.54,,,,,,,1.75,1.49,1.75,1.57,0.1,4.2,4.8,1.08,0.9
8/07/2021,4:11:00 PM,4:12:11 PM,Forbury Park,NZ,3,185089100,R3 2200m Trot S,185089101,Harness,2200,Trot,17220512,7,Svelt,LOSER,,LOSER,,,12.5,6.8,7.2,8.32,180.02,,,,,,,,,,,,8,11.5,1.08,0.9
8/07/2021,4:11:00 PM,4:12:11 PM,Forbury Park,NZ,3,185089100,R3 2200m Trot S,185089101,Harness,2200,Trot,38859041,8,La Reina Del Sur,LOSER,,WINNER,,,8.8,6.4,8.2,7.03,51.84,,,,,,,,,,,,6.6,9.6,1.08,0.9
8/07/2021,4:36:00 PM,4:36:50 PM,Forbury Park,NZ,4,185089102,R4 2200m Pace M,185089103,Harness,2200,Pace,19830751,1,Phoebes Delight,LOSER,,LOSER,,,19,10.5,19,13.07,8.01,,,,,,,,,,,,12.5,19,1.17,0.98
8/07/2021,4:36:00 PM,4:36:50 PM,Forbury Park,NZ,4,185089102,R4 2200m Pace M,185089103,Harness,2200,Pace,4045350,2,Atarah,LOSER,,LOSER,,,50,50,50,50,0.7,,,,,,,,,,,,30,50,1.17,0.98
8/07/2021,4:36:00 PM,4:36:50 PM,Forbury Park,NZ,4,185089102,R4 2200m Pace M,185089103,Harness,2200,Pace,27139680,3,Sly Tricks,LOSER,,LOSER,,,46,27,46,35.04,0.92,,,,,,,,,,,,26,46,1.17,0.98
8/07/2021,4:36:00 PM,4:36:50 PM,Forbury Park,NZ,4,185089102,R4 2200m Pace M,185089103,Harness,2200,Pace,40100157,4,Seventh Heaven,LOSER,,WINNER,,,2.5,1.9,1.93,2.05,991.67,,,,,,,,,,,,1.9,1.95,1.17,0.98
8/07/2021,4:36:00 PM,4:36:50 PM,Forbury Park,NZ,4,185089102,R4 2200m Pace M,185089103,Harness,2200,Pace,4559354,5,Santeria,LOSER,,WINNER,,,46,46,46,46,0.4,,,,,,,,,,,,34,46,1.17,0.98
8/07/2021,4:36:00 PM,4:36:50 PM,Forbury Park,NZ,4,185089102,R4 2200m Pace M,185089103,Harness,2200,Pace,37807035,6,Change At The Top,LOSER,,LOSER,,,12.5,10.5,12,12.08,10.34,,,,,,,,,,,,10,12.5,1.17,0.98
8/07/2021,4:36:00 PM,4:36:50 PM,Forbury Park,NZ,4,185089102,R4 2200m Pace M,185089103,Harness,2200,Pace,10958997,7,Leconte,LOSER,,LOSER,,,11.5,7,8,8.06,285.75,,,,,,,,,,,,7.6,9.6,1.17,0.98
8/07/2021,4:36:00 PM,4:36:50 PM,Forbury Park,NZ,4,185089102,R4 2200m Pace M,185089103,Harness,2200,Pace,40100158,8,Ellz Angel,LOSER,,LOSER,,,100,27,100,33.85,9.76,,,,,,,,,,,,36,100,1.17,0.98
8/07/2021,4:36:00 PM,4:36:50 PM,Forbury Park,NZ,4,185089102,R4 2200m Pace M,185089103,Harness,2200,Pace,2254951,9,Southern Starr,LOSER,,LOSER,,,34,21,34,26.68,1.19,,,,,,,,,,,,20,34,1.17,0.98
8/07/2021,4:36:00 PM,4:36:50 PM,Forbury Park,NZ,4,185089102,R4 2200m Pace M,185089103,Harness,2200,Pace,13488585,10,Rin Tin Tin,WINNER,,WINNER,,,10,9,10,9.53,3.3,,,,,,,,,,,,9,10,1.17,0.98
8/07/2021,4:36:00 PM,4:36:50 PM,Forbury Park,NZ,4,185089102,R4 2200m Pace M,185089103,Harness,2200,Pace,22136719,11,Forty Wives,LOSER,,LOSER,,,38,22,38,28.76,1.09,,,,,,,,,,,,22,38,1.17,0.98
8/07/2021,5:01:00 PM,5:01:49 PM,Forbury Park,NZ,5,185089104,R5 2200m Pace M,185089105,Harness,2200,Pace,36214927,1,Boulton Home,LOSER,,LOSER,,,34,19.5,24,22.17,8.1,,,,,,,,,,,,23,34,1.08,0.9
8/07/2021,5:01:00 PM,5:01:49 PM,Forbury Park,NZ,5,185089104,R5 2200m Pace M,185089105,Harness,2200,Pace,40100159,2,Shards Fury,LOSER,,WINNER,,,4.4,3.45,4.2,3.92,505.41,,,,,,,1.95,1.64,1.95,1.71,0.13,4.1,4.7,1.08,0.9
8/07/2021,5:01:00 PM,5:01:49 PM,Forbury Park,NZ,5,185089104,R5 2200m Pace M,185089105,Harness,2200,Pace,40100160,3,Celebrating,WINNER,,WINNER,,,8,5.3,7.8,6.05,86.77,,,,,,,2.46,2.46,2.46,2.46,0.07,5.9,8,1.08,0.9
8/07/2021,5:01:00 PM,5:01:49 PM,Forbury Park,NZ,5,185089104,R5 2200m Pace M,185089105,Harness,2200,Pace,13135531,4,Bettors Atom,LOSER,,LOSER,,,65,65,65,65,0.19,,,,,,,,,,,,40,65,1.08,0.9
8/07/2021,5:01:00 PM,5:01:49 PM,Forbury Park,NZ,5,185089104,R5 2200m Pace M,185089105,Harness,2200,Pace,40100161,5,Uncle Chan,LOSER,,LOSER,,,44,27,44,37.77,0.46,,,,,,,,,,,,27,44,1.08,0.9
8/07/2021,5:01:00 PM,5:01:49 PM,Forbury Park,NZ,5,185089104,R5 2200m Pace M,185089105,Harness,2200,Pace,27047229,6,Beauty Barry,LOSER,,WINNER,,,4.5,2.54,2.76,3.33,998.67,,,,,,,1.74,1.47,1.74,1.54,153.56,2.8,2.96,1.08,0.9
8/07/2021,5:01:00 PM,5:01:49 PM,Forbury Park,NZ,5,185089104,R5 2200m Pace M,185089105,Harness,2200,Pace,38590735,7,Arlo Maguire,LOSER,,LOSER,,,38,25,38,33.27,0.5,,,,,,,,,,,,25,38,1.08,0.9
8/07/2021,5:01:00 PM,5:01:49 PM,Forbury Park,NZ,5,185089104,R5 2200m Pace M,185089105,Harness,2200,Pace,39317114,8,Kerala Star,LOSER,,LOSER,,,27,21,27,24.93,0.61,,,,,,,,,,,,21,27,1.08,0.9
8/07/2021,5:01:00 PM,5:01:49 PM,Forbury Park,NZ,5,185089104,R5 2200m Pace M,185089105,Harness,2200,Pace,35536801,9,Mach Omelley,LOSER,,LOSER,,,290,55,140,69.56,4.77,,,,,,,,,,,,55,140,1.08,0.9
8/07/2021,5:01:00 PM,5:01:49 PM,Forbury Park,NZ,5,185089104,R5 2200m Pace M,185089105,Harness,2200,Pace,10631231,10,The Artful Dodger,LOSER,,LOSER,,,100,44,80,70.9,8.95,,,,,,,,,,,,42,80,1.08,0.9
8/07/2021,5:01:00 PM,5:01:49 PM,Forbury Park,NZ,5,185089104,R5 2200m Pace M,185089105,Harness,2200,Pace,21912683,11,Tartan Roxy,LOSER,,LOSER,,,15,7.2,10.5,11.28,98.85,,,,,,,1.82,1.82,1.82,1.82,5,14,14.5,1.08,0.9
8/07/2021,5:26:00 PM,5:27:53 PM,Forbury Park,NZ,6,185089106,R6 2200m Trot S,185089107,Harness,2200,Trot,18849886,1,The Peaky Blinder,LOSER,,LOSER,,,50,23,50,37.29,23.77,,,,,,,,,,,,23,38,1.15,0.97
8/07/2021,5:26:00 PM,5:27:53 PM,Forbury Park,NZ,6,185089106,R6 2200m Trot S,185089107,Harness,2200,Trot,36513932,2,Dem Bones Dem Bones,LOSER,,WINNER,,,6,5.2,5.3,5.44,280.42,,,,,,,,,,,,5.2,5.5,1.15,0.97
8/07/2021,5:26:00 PM,5:27:53 PM,Forbury Park,NZ,6,185089106,R6 2200m Trot S,185089107,Harness,2200,Trot,39388264,3,Denn Nees Sister,LOSER,,LOSER,,,230,140,230,183.9,4.19,,,,,,,,,,,,65,140,1.15,0.97
8/07/2021,5:26:00 PM,5:27:53 PM,Forbury Park,NZ,6,185089106,R6 2200m Trot S,185089107,Harness,2200,Trot,27140792,4,Majestic Rollon,LOSER,,LOSER,,,2.64,2,2.02,2.21,1805.33,,,,,,,1.43,1.3,1.3,1.33,98.12,2.22,2.26,1.15,0.97
8/07/2021,5:26:00 PM,5:27:53 PM,Forbury Park,NZ,6,185089106,R6 2200m Trot S,185089107,Harness,2200,Trot,40047474,5,Tom Brady,LOSER,,LOSER,,,8.8,7.4,7.6,7.75,70.6,,,,,,,,,,,,8,10.5,1.15,0.97
8/07/2021,5:26:00 PM,5:27:53 PM,Forbury Park,NZ,6,185089106,R6 2200m Trot S,185089107,Harness,2200,Trot,39454732,6,Moment Of Kaos,WINNER,,WINNER,,,32,13,19.5,21.42,7.67,,,,,,,,,,,,13,22,1.15,0.97
8/07/2021,5:26:00 PM,5:27:53 PM,Forbury Park,NZ,6,185089106,R6 2200m Trot S,185089107,Harness,2200,Trot,27857848,7,Fast Whispering,LOSER,,WINNER,,,22,9.6,22,11.38,19.81,,,,,,,,,,,,12,15.5,1.15,0.97
8/07/2021,5:26:00 PM,5:27:53 PM,Forbury Park,NZ,6,185089106,R6 2200m Trot S,185089107,Harness,2200,Trot,40100162,8,Mr Olympus,LOSER,,LOSER,,,40,17,40,29.54,35.7,,,,,,,,,,,,17,34,1.15,0.97
8/07/2021,5:26:00 PM,5:27:53 PM,Forbury Park,NZ,6,185089106,R6 2200m Trot S,185089107,Harness,2200,Trot,27857896,9,T Bone Rawhide,LOSER,,LOSER,,,14.5,9.8,14.5,11.77,49.47,,,,,,,,,,,,9.4,13,1.15,0.97
8/07/2021,5:51:00 PM,5:53:23 PM,Forbury Park,NZ,7,185089108,R7 2200m Pace M,185089109,Harness,2200,Pace,9763499,1,Tetrick,LOSER,,LOSER,,,80,32,34,45.59,9.69,,,,,,,5.9,3.95,3.95,5.22,116.67,34,70,1.03,0.89
8/07/2021,5:51:00 PM,5:53:23 PM,Forbury Park,NZ,7,185089108,R7 2200m Pace M,185089109,Harness,2200,Pace,16548994,2,Petes Dash,LOSER,,LOSER,,,15.5,10,11.5,11.9,158.83,,,,,,,2.46,2.42,2.46,2.44,0.22,11,11.5,1.03,0.89
8/07/2021,5:51:00 PM,5:53:23 PM,Forbury Park,NZ,7,185089108,R7 2200m Pace M,185089109,Harness,2200,Pace,39657636,3,Conquer Me,WINNER,,WINNER,,,2.24,1.43,1.65,1.62,6436.23,,,,,,,1.21,1.11,1.15,1.16,85.41,1.65,1.68,1.03,0.89
8/07/2021,5:51:00 PM,5:53:23 PM,Forbury Park,NZ,7,185089108,R7 2200m Pace M,185089109,Harness,2200,Pace,17857417,4,Honour Scroll,LOSER,,LOSER,,,250,110,110,132,0.4,,,,,,,16,7.4,7.4,7.4,100.02,75,130,1.03,0.89
8/07/2021,5:51:00 PM,5:53:23 PM,Forbury Park,NZ,7,185089108,R7 2200m Pace M,185089109,Harness,2200,Pace,21733086,5,Ideal Asset,LOSER,,LOSER,,,250,46,48,54.32,5.25,,,,,,,,,,,,65,120,1.03,0.89
8/07/2021,5:51:00 PM,5:53:23 PM,Forbury Park,NZ,7,185089108,R7 2200m Pace M,185089109,Harness,2200,Pace,17774179,6,To Ri Caitlin,LOSER,,LOSER,,,15,10,10.5,11.57,44.17,,,,,,,2.46,2.46,2.46,2.46,0.16,11,16,1.03,0.89
8/07/2021,5:51:00 PM,5:53:23 PM,Forbury Park,NZ,7,185089108,R7 2200m Pace M,185089109,Harness,2200,Pace,11848881,7,Myrcella,LOSER,,WINNER,,,29,20,20,21.3,7.35,,,,,,,3.6,3.6,3.6,3.6,0.11,20,27,1.03,0.89
8/07/2021,5:51:00 PM,5:53:23 PM,Forbury Park,NZ,7,185089108,R7 2200m Pace M,185089109,Harness,2200,Pace,12446340,8,Playboy Prince,LOSER,,LOSER,,,250,65,65,74.61,4.26,,,,,,,,,,,,65,140,1.03,0.89
8/07/2021,5:51:00 PM,5:53:23 PM,Forbury Park,NZ,7,185089108,R7 2200m Pace M,185089109,Harness,2200,Pace,6656389,9,Alexy,LOSER,,LOSER,,,36,18,18.5,18.52,61.02,,,,,,,,,,,,22,36,1.03,0.89
8/07/2021,5:51:00 PM,5:53:23 PM,Forbury Park,NZ,7,185089108,R7 2200m Pace M,185089109,Harness,2200,Pace,8624626,10,Aveross Rustler,LOSER,,WINNER,,,50,50,50,50,0.29,,,,,,,,,,,,32,50,1.03,0.89
8/07/2021,5:51:00 PM,5:53:23 PM,Forbury Park,NZ,7,185089108,R7 2200m Pace M,185089109,Harness,2200,Pace,23055524,11,Tad Lincoln,LOSER,,LOSER,,,48,26,34,32.15,10.12,,,,,,,4.3,4.2,4.2,4.2,105,26,36,1.03,0.89
8/07/2021,6:16:00 PM,6:17:24 PM,Forbury Park,NZ,8,185089110,R8 2200m Pace M,185089111,Harness,2200,Pace,10786836,1,Dachy,LOSER,,LOSER,,,10.5,7,10.5,8.03,275.62,,,,,,,2.82,2.28,2.28,2.79,70.84,7.2,8,1.03,0.94
8/07/2021,6:16:00 PM,6:17:24 PM,Forbury Park,NZ,8,185089110,R8 2200m Pace M,185089111,Harness,2200,Pace,933981,2,Hampton,LOSER,,LOSER,,,22,11.5,13,13.8,126.4,,,,,,,,,,,,13,14.5,1.03,0.94
8/07/2021,6:16:00 PM,6:17:24 PM,Forbury Park,NZ,8,185089110,R8 2200m Pace M,185089111,Harness,2200,Pace,37833156,3,Dashtothebeach,WINNER,,WINNER,,,2.7,2.18,2.28,2.37,2079.12,,,,,,,1.37,1.36,1.37,1.36,300.17,2.34,2.46,1.03,0.94
8/07/2021,6:16:00 PM,6:17:24 PM,Forbury Park,NZ,8,185089110,R8 2200m Pace M,185089111,Harness,2200,Pace,27857898,4,Von Art,LOSER,,LOSER,,,16.5,9.4,9.6,12.04,387.22,,,,,,,5,2.64,2.64,3.96,336.93,13.5,14,1.03,0.94
8/07/2021,6:16:00 PM,6:17:24 PM,Forbury Park,NZ,8,185089110,R8 2200m Pace M,185089111,Harness,2200,Pace,27778114,5,Lucys Delight,LOSER,,LOSER,,,100,75,100,95.65,0.11,,,,,,,,,,,,75,100,1.03,0.94
8/07/2021,6:16:00 PM,6:17:24 PM,Forbury Park,NZ,8,185089110,R8 2200m Pace M,185089111,Harness,2200,Pace,38540825,6,Ohoka Agent,LOSER,,WINNER,,,19.5,11,11,14.09,75.4,,,,,,,,,,,,11.5,13,1.03,0.94
8/07/2021,6:16:00 PM,6:17:24 PM,Forbury Park,NZ,8,185089110,R8 2200m Pace M,185089111,Harness,2200,Pace,17551355,7,Wolf West,LOSER,,LOSER,,,16.5,14,15.5,15.05,44.42,,,,,,,,,,,,15,16,1.03,0.94
8/07/2021,6:16:00 PM,6:17:24 PM,Forbury Park,NZ,8,185089110,R8 2200m Pace M,185089111,Harness,2200,Pace,9349092,9,Four Starzzz Shiraz,LOSER,,LOSER,,,75,27,75,44.55,6.47,,,,,,,,,,,,42,70,1.03,0.94
8/07/2021,6:16:00 PM,6:17:24 PM,Forbury Park,NZ,8,185089110,R8 2200m Pace M,185089111,Harness,2200,Pace,40100163,11,Sneak A Peek,LOSER,,WINNER,,,38,16,17,21.56,36.59,,,,,,,,,,,,22,32,1.03,0.94
8/07/2021,6:16:00 PM,6:17:24 PM,Forbury Park,NZ,8,185089110,R8 2200m Pace M,185089111,Harness,2200,Pace,40100164,12,Unico Gem,LOSER,,LOSER,,,15,8.8,14.5,11.98,53.98,,,,,,,3.15,2.74,3.15,3.15,20.13,13.5,14.5,1.03,0.94
8/07/2021,6:41:00 PM,6:42:07 PM,Forbury Park,NZ,9,185089112,R9 2700m Trot S,185089113,Harness,2700,Trot,10516957,1,Spotlight The Valley,LOSER,,LOSER,,,36,15.5,19,19.47,43.49,,,,,,,4.2,4.2,4.2,4.2,5,20,21,1.14,0.89
8/07/2021,6:41:00 PM,6:42:07 PM,Forbury Park,NZ,9,185089112,R9 2700m Trot S,185089113,Harness,2700,Trot,40100165,2,Samanthas Moon,LOSER,,LOSER,,,21,14,14.5,15.97,36.8,,,,,,,5,3.9,3.9,4.21,46,14.5,22,1.14,0.89
8/07/2021,6:41:00 PM,6:42:07 PM,Forbury Park,NZ,9,185089112,R9 2700m Trot S,185089113,Harness,2700,Trot,39797216,3,One Over All,LOSER,,LOSER,,,12.5,6.6,7,8.58,223.84,,,,,,,4.1,2.76,2.76,3.44,79.24,6.6,7,1.14,0.89
8/07/2021,6:41:00 PM,6:42:07 PM,Forbury Park,NZ,9,185089112,R9 2700m Trot S,185089113,Harness,2700,Trot,26812185,4,Girls Let Loose,LOSER,,WINNER,,,6.2,4.2,4.5,4.45,735.53,,,,,,,2.3,2.28,2.3,2.3,291.84,5,6.2,1.14,0.89
8/07/2021,6:41:00 PM,6:42:07 PM,Forbury Park,NZ,9,185089112,R9 2700m Trot S,185089113,Harness,2700,Trot,24783678,5,Winning Bones,LOSER,,LOSER,,,55,34,55,40.32,10.24,,,,,,,,,,,,40,55,1.14,0.89
8/07/2021,6:41:00 PM,6:42:07 PM,Forbury Park,NZ,9,185089112,R9 2700m Trot S,185089113,Harness,2700,Trot,27399213,6,Sunnivue Phileah,LOSER,,LOSER,,,7.4,5.4,6.4,6.12,374.1,,,,,,,2.48,2.42,2.48,2.45,11.63,5.6,6.8,1.14,0.89
8/07/2021,6:41:00 PM,6:42:07 PM,Forbury Park,NZ,9,185089112,R9 2700m Trot S,185089113,Harness,2700,Trot,40100166,7,Count Eyre,LOSER,,LOSER,,,16.5,15,15.5,15.56,27.73,,,,,,,4.1,3.9,3.95,4.01,50,14,15.5,1.14,0.89
8/07/2021,6:41:00 PM,6:42:07 PM,Forbury Park,NZ,9,185089112,R9 2700m Trot S,185089113,Harness,2700,Trot,10981450,8,Sundons Flyer,LOSER,,LOSER,,,19,12.5,14,15.25,25.77,,,,,,,3.7,3.7,3.7,3.7,17.94,17.5,19,1.14,0.89
8/07/2021,6:41:00 PM,6:42:07 PM,Forbury Park,NZ,9,185089112,R9 2700m Trot S,185089113,Harness,2700,Trot,12897520,9,Crusher Collins,LOSER,,LOSER,,,30,29,30,29.93,10.62,,,,,,,10,5.5,10,8.09,8.72,26,30,1.14,0.89
8/07/2021,6:41:00 PM,6:42:07 PM,Forbury Park,NZ,9,185089112,R9 2700m Trot S,185089113,Harness,2700,Trot,36394603,10,King Of The North,LOSER,,LOSER,,,32,21,32,24.05,12.67,,,,,,,,,,,,24,32,1.14,0.89
8/07/2021,6:41:00 PM,6:42:07 PM,Forbury Park,NZ,9,185089112,R9 2700m Trot S,185089113,Harness,2700,Trot,16037046,11,King Cassidy,LOSER,,LOSER,,,21,13,21,13.22,20.32,,,,,,,,,,,,12,21,1.14,0.89
8/07/2021,6:41:00 PM,6:42:07 PM,Forbury Park,NZ,9,185089112,R9 2700m Trot S,185089113,Harness,2700,Trot,40100167,12,Springbank Mason,LOSER,,WINNER,,,18,11.5,13.5,12.1,31.22,,,,,,,,,,,,11.5,18,1.14,0.89
8/07/2021,6:41:00 PM,6:42:07 PM,Forbury Park,NZ,9,185089112,R9 2700m Trot S,185089113,Harness,2700,Trot,26420048,13,Tweedledee,WINNER,,WINNER,,,17,7,11.5,9.01,387.01,,,,,,,,,,,,12,22,1.14,0.89
8/07/2021,7:06:00 PM,7:06:55 PM,Forbury Park,NZ,10,185089114,R10 2200m Pace M,185089115,Harness,2200,Pace,24117455,1,Hazer,LOSER,,LOSER,,,8.6,4.9,6.2,5.88,400.06,,,,,,,2.42,2.18,2.18,2.18,7.23,5.4,7.6,1.16,0.9
8/07/2021,7:06:00 PM,7:06:55 PM,Forbury Park,NZ,10,185089114,R10 2200m Pace M,185089115,Harness,2200,Pace,12668186,2,Cast A Shadow,LOSER,,LOSER,,,85,40,50,45.1,10.26,,,,,,,,,,,,40,85,1.16,0.9
8/07/2021,7:06:00 PM,7:06:55 PM,Forbury Park,NZ,10,185089114,R10 2200m Pace M,185089115,Harness,2200,Pace,10673450,3,Dreaminsover,LOSER,,LOSER,,,34,14.5,32,18.04,6.01,,,,,,,,,,,,16.5,32,1.16,0.9
8/07/2021,7:06:00 PM,7:06:55 PM,Forbury Park,NZ,10,185089114,R10 2200m Pace M,185089115,Harness,2200,Pace,28540637,4,Olive Cook,LOSER,,LOSER,,,8.6,7,7.4,7.37,174.48,,,,,,,2.78,2.78,2.78,2.78,0.07,7,8.6,1.16,0.9
8/07/2021,7:06:00 PM,7:06:55 PM,Forbury Park,NZ,10,185089114,R10 2200m Pace M,185089115,Harness,2200,Pace,2850233,5,Maybe,LOSER,,LOSER,,,4,2.34,2.5,2.93,1613.56,,,,,,,,,,,,2.9,3,1.16,0.9
8/07/2021,7:06:00 PM,7:06:55 PM,Forbury Park,NZ,10,185089114,R10 2200m Pace M,185089115,Harness,2200,Pace,19248727,6,Whata Razzle Dazzle,LOSER,,WINNER,,,13,8.8,10,10.19,197.36,,,,,,,3.95,2.8,3.35,3.35,37.02,10,11.5,1.16,0.9
8/07/2021,7:06:00 PM,7:06:55 PM,Forbury Park,NZ,10,185089114,R10 2200m Pace M,185089115,Harness,2200,Pace,13535679,7,Especial,LOSER,,LOSER,,,21,13.5,21,14.71,8.49,,,,,,,,,,,,13.5,21,1.16,0.9
8/07/2021,7:06:00 PM,7:06:55 PM,Forbury Park,NZ,10,185089114,R10 2200m Pace M,185089115,Harness,2200,Pace,10712709,8,Mucho Macho Man,LOSER,,LOSER,,,60,19.5,48,32.21,21.49,,,,,,,,,,,,44,48,1.16,0.9
8/07/2021,7:06:00 PM,7:06:55 PM,Forbury Park,NZ,10,185089114,R10 2200m Pace M,185089115,Harness,2200,Pace,13037032,9,American Mac,LOSER,,WINNER,,,24,15,24,15.9,26.6,,,,,,,8.2,3.8,3.8,4.37,28.73,16,24,1.16,0.9
8/07/2021,7:06:00 PM,7:06:55 PM,Forbury Park,NZ,10,185089114,R10 2200m Pace M,185089115,Harness,2200,Pace,19636407,10,Dodgethebullet,WINNER,,WINNER,,,20,15,17.5,19.07,1.01,,,,,,,,,,,,14,20,1.16,0.9
8/07/2021,7:06:00 PM,7:06:55 PM,Forbury Park,NZ,10,185089114,R10 2200m Pace M,185089115,Harness,2200,Pace,40100168,11,Ah Mach,LOSER,,LOSER,,,34,14,34,15.28,31.14,,,,,,,,,,,,14,34,1.16,0.9
8/07/2021,5:05:00 PM,5:05:47 PM,Kilmore,VIC,1,185088869,R1 2180m Trot M,185088870,Harness,2180,Trot,40100016,1,Paddy Pants,LOSER,50,WINNER,3.76,158.83,70,36,55,48.32,146.26,220,14.5,220,42.23,56.5,326.7,4.6,3.55,3.55,3.91,338.95,50,55,1.03,0.99
8/07/2021,5:05:00 PM,5:05:47 PM,Kilmore,VIC,1,185088869,R1 2180m Trot M,185088870,Harness,2180,Trot,40100017,2,Seeyouinmydreams,LOSER,16.2,LOSER,2.38,301.71,34,12.5,16.5,15.41,667.48,720,10,490,31.03,25.21,848.09,2.8,2.28,2.28,2.36,192.42,13.5,15,1.03,0.99
8/07/2021,5:05:00 PM,5:05:47 PM,Kilmore,VIC,1,185088869,R1 2180m Trot M,185088870,Harness,2180,Trot,37922961,3,Could Dowitharain,LOSER,60,WINNER,5.3,120.59,95,42,55,50.72,143.49,720,21,680,34.66,40.89,128.37,4.8,3.8,4.6,4.62,92.53,48,55,1.03,0.99
8/07/2021,5:05:00 PM,5:05:47 PM,Kilmore,VIC,1,185088869,R1 2180m Trot M,185088870,Harness,2180,Trot,40100018,4,Aldebaran Lovisa,LOSER,38,LOSER,7.98,349.78,65,7.6,38,18.9,1208.46,720,10.5,720,40.63,178.35,197.89,10.5,2.38,6.8,4.82,454.25,11.5,12,1.03,0.99
8/07/2021,5:05:00 PM,5:05:47 PM,Kilmore,VIC,1,185088869,R1 2180m Trot M,185088870,Harness,2180,Trot,40100019,5,Monarch Stride,WINNER,1.58,WINNER,1.13,4053.2,1.94,1.55,1.63,1.78,19676.16,1.61,1.01,1.01,1.24,3448.16,1690.64,1.19,1.09,1.12,1.15,6076.05,1.74,1.76,1.03,0.99
8/07/2021,5:05:00 PM,5:05:47 PM,Kilmore,VIC,1,185088869,R1 2180m Trot M,185088870,Harness,2180,Trot,37467313,6,Jessicas Story,LOSER,668.86,LOSER,465.57,10.56,740,310,390,462.58,35.62,740,350,350,558.39,1.09,0.11,990,10,110,15.57,8.01,390,490,1.03,0.99
8/07/2021,5:05:00 PM,5:05:47 PM,Kilmore,VIC,1,185088869,R1 2180m Trot M,185088870,Harness,2180,Trot,36894878,7,Kyvalley Hacienda,LOSER,3.85,LOSER,1.47,1686.74,9.2,3.65,4.1,4.16,5577.09,720,3.8,490,16.69,510.75,1092.61,1.64,1.32,1.41,1.49,1510.4,4.2,4.4,1.03,0.99
8/07/2021,5:05:00 PM,5:05:47 PM,Kilmore,VIC,1,185088869,R1 2180m Trot M,185088870,Harness,2180,Trot,40100020,8,Irene Rose,LOSER,606.77,LOSER,344.29,9.9,1000,140,780,422.23,45.86,340,310,320,324.29,0.43,1.04,990,9,50,46.81,9.06,350,570,1.03,0.99
8/07/2021,5:05:00 PM,5:05:47 PM,Kilmore,VIC,1,185088869,R1 2180m Trot M,185088870,Harness,2180,Trot,40100022,11,Aldebaran Yahtzee,LOSER,120,LOSER,11.15,53.15,250,65,100,122.72,82.77,940,75,780,357.33,4.77,84.31,7,7,7,7,11.31,190,240,1.03,0.99
8/07/2021,5:37:00 PM,5:37:56 PM,Kilmore,VIC,2,185088871,R2 2180m Pace M,185088872,Harness,2180,Pace,23926918,1,Cracked Pepper,LOSER,88.74,LOSER,4.26,85.02,75,32,75,57.67,116.62,720,90,170,154.08,1.86,403.56,4.5,3.55,4.5,4.25,83.59,55,60,1.01,0.98
8/07/2021,5:37:00 PM,5:37:56 PM,Kilmore,VIC,2,185088871,R2 2180m Pace M,185088872,Harness,2180,Pace,36154664,2,Saint Win,LOSER,14.5,WINNER,1.74,259.59,17,9.4,14.5,12.69,893.29,210,9.2,210,29.74,71.57,1282.84,2.22,1.7,1.71,1.73,2948.76,14.5,15.5,1.01,0.98
8/07/2021,5:37:00 PM,5:37:56 PM,Kilmore,VIC,2,185088871,R2 2180m Pace M,185088872,Harness,2180,Pace,22436605,3,Shady Hanover,WINNER,1.26,WINNER,1.06,4911.25,1.71,1.24,1.27,1.32,28336.75,1.38,1.01,1.01,1.15,5037.14,,1.13,1.05,1.06,1.07,2443.95,1.28,1.29,1.01,0.98
8/07/2021,5:37:00 PM,5:37:56 PM,Kilmore,VIC,2,185088871,R2 2180m Pace M,185088872,Harness,2180,Pace,13489316,4,Twenty Two Karat,LOSER,590.4,LOSER,55,25.24,590,100,440,230.14,65.77,950,440,500,537.2,0.83,41.12,55,11,55,32.79,60.86,330,540,1.01,0.98
8/07/2021,5:37:00 PM,5:37:56 PM,Kilmore,VIC,2,185088871,R2 2180m Pace M,185088872,Harness,2180,Pace,23485102,5,Tryna Portray,LOSER,95,LOSER,4.8,65.57,95,29,90,57.85,97.61,720,90,720,109.28,9.52,362.41,5,4,4.6,4.66,91.93,60,70,1.01,0.98
8/07/2021,5:37:00 PM,5:37:56 PM,Kilmore,VIC,2,185088871,R2 2180m Pace M,185088872,Harness,2180,Pace,37582122,6,Scene Of Terror,LOSER,15.31,LOSER,2.8,221.65,18.5,6,16,12.95,995.33,720,10.5,720,19.55,66.09,624.09,2.84,2.02,2.84,2.44,308.28,16.5,17.5,1.01,0.98
8/07/2021,5:37:00 PM,5:37:56 PM,Kilmore,VIC,2,185088871,R2 2180m Pace M,185088872,Harness,2180,Pace,4802290,7,Righteously,LOSER,89.78,LOSER,6.24,80.2,90,42,85,70.19,98.97,820,70,820,150.91,7.63,228.67,6.2,4.9,5.5,5.57,25.95,60,75,1.01,0.98
8/07/2021,5:37:00 PM,5:37:56 PM,Kilmore,VIC,2,185088871,R2 2180m Pace M,185088872,Harness,2180,Pace,28728172,8,Tinka Terror,LOSER,22.95,WINNER,2.4,221.35,25,18,23,21.96,278.99,720,22,720,54.48,20.51,752.06,2.94,2.34,2.34,2.36,74.51,22,24,1.01,0.98
8/07/2021,6:05:00 PM,6:06:01 PM,Kilmore,VIC,3,185088873,R3 2180m Trot M,185088874,Harness,2180,Trot,39378671,1,Leotardandlace,LOSER,20.72,LOSER,22.17,279.82,27,11,19.5,19.55,470.8,1000,20,1000,143.92,46.4,76.56,3.7,3.7,3.7,3.7,5,19.5,22,1.02,0.97
8/07/2021,6:05:00 PM,6:06:01 PM,Kilmore,VIC,3,185088873,R3 2180m Trot M,185088874,Harness,2180,Trot,39520017,2,Ikara,LOSER,3.75,LOSER,1.65,1416.19,5.2,3.25,3.75,3.66,3449.73,720,2.1,29,3.69,1079.6,762.52,1.91,1.5,1.57,1.57,684.98,3.65,3.7,1.02,0.97
8/07/2021,6:05:00 PM,6:06:01 PM,Kilmore,VIC,3,185088873,R3 2180m Trot M,185088874,Harness,2180,Trot,39141827,3,Orlandos Gift,LOSER,5.3,LOSER,1.85,925.54,6.8,4.6,5.1,5.34,1150.03,720,3.15,700,10.72,191.2,928.39,2.14,1.83,1.88,1.89,227.45,5.3,5.5,1.02,0.97
8/07/2021,6:05:00 PM,6:06:01 PM,Kilmore,VIC,3,185088873,R3 2180m Trot M,185088874,Harness,2180,Trot,40100023,4,Roshambo,LOSER,19.4,LOSER,4.37,391.26,48,19,20,25.98,699.17,750,14,750,46.89,41.86,165.12,4.9,4.1,4.2,4.46,42.4,23,27,1.02,0.97
8/07/2021,6:05:00 PM,6:06:01 PM,Kilmore,VIC,3,185088873,R3 2180m Trot M,185088874,Harness,2180,Trot,39296479,5,Columbias Deecee,LOSER,17.61,LOSER,4.27,424.2,30,16,18,19.24,277.82,720,26,720,78.56,15.01,279.81,,,,,,18,19,1.02,0.97
8/07/2021,6:05:00 PM,6:06:01 PM,Kilmore,VIC,3,185088873,R3 2180m Trot M,185088874,Harness,2180,Trot,39296465,6,Buslin Brody,LOSER,11.2,WINNER,3.15,603.44,16,9.6,11.5,11.64,929.94,140,3.05,140,15.8,37.02,484.12,3.65,2.76,2.92,2.86,126.38,11,12,1.02,0.97
8/07/2021,6:05:00 PM,6:06:01 PM,Kilmore,VIC,3,185088873,R3 2180m Trot M,185088874,Harness,2180,Trot,40100024,7,Sunny Spider,WINNER,4.18,WINNER,1.98,1498.41,4.6,3.4,3.95,3.98,6089.02,21,1.01,1.01,2.58,1801.09,633.38,2.44,1.61,1.87,1.97,1023.16,3.85,3.95,1.02,0.97
8/07/2021,6:05:00 PM,6:06:01 PM,Kilmore,VIC,3,185088873,R3 2180m Trot M,185088874,Harness,2180,Trot,24900331,8,Lotta Fuss,LOSER,13.98,WINNER,3.47,482.88,21,7,15,13.92,1036.5,720,2,720,16.63,98.62,355.3,3.85,3.15,3.2,3.62,78.41,19,20,1.02,0.97
8/07/2021,6:34:00 PM,6:34:56 PM,Kilmore,VIC,4,185088875,R4 2180m Trot M,185088876,Harness,2180,Trot,39951912,1,Will Patrick,LOSER,91.71,LOSER,42.31,61.79,130,44,85,84.16,45.01,790,20,790,144.12,7.51,45.16,,,,,,70,110,1.02,0.99
8/07/2021,6:34:00 PM,6:34:56 PM,Kilmore,VIC,4,185088875,R4 2180m Trot M,185088876,Harness,2180,Trot,39496486,2,Shezagem,WINNER,1.51,WINNER,1.27,3356.75,2.06,1.42,1.53,1.53,30158.65,2.16,1.01,1.03,1.39,4270.13,1240.93,1.3,1.23,1.24,1.28,543.41,1.49,1.5,1.02,0.99
8/07/2021,6:34:00 PM,6:34:56 PM,Kilmore,VIC,4,185088875,R4 2180m Trot M,185088876,Harness,2180,Trot,36700061,3,Whose Me Mum,LOSER,6.49,WINNER,2.36,463.1,12,6.8,7,7.84,1697.85,720,4.7,490,15.61,108.53,472.65,5.2,2.4,2.42,2.75,311.77,7.2,7.4,1.02,0.99
8/07/2021,6:34:00 PM,6:34:56 PM,Kilmore,VIC,4,185088875,R4 2180m Trot M,185088876,Harness,2180,Trot,35545851,4,Cohen Road Kate,LOSER,25.86,LOSER,6.6,160.22,26,12.5,24,22.34,168.47,720,20,720,33.88,65.78,137.28,5.3,5.2,5.2,5.3,3.26,22,25,1.02,0.99
8/07/2021,6:34:00 PM,6:34:56 PM,Kilmore,VIC,4,185088875,R4 2180m Trot M,185088876,Harness,2180,Trot,33750155,6,Maori Mayhem,LOSER,14.5,LOSER,3.8,311.61,16,7.6,14.5,12.31,660.58,720,9.4,720,25.06,92.95,162.29,3.6,3,3.6,3.58,5.32,13,13.5,1.02,0.99
8/07/2021,6:34:00 PM,6:34:56 PM,Kilmore,VIC,4,185088875,R4 2180m Trot M,185088876,Harness,2180,Trot,39670144,7,Skyrita,LOSER,17.85,LOSER,4,319.41,17.5,6.6,15.5,11.88,653.41,720,4,720,14.39,144.45,164.01,4.1,3.75,4.1,3.98,88.64,15.5,16.5,1.02,0.99
8/07/2021,6:34:00 PM,6:34:56 PM,Kilmore,VIC,4,185088875,R4 2180m Trot M,185088876,Harness,2180,Trot,35980927,8,Cronk,LOSER,150,LOSER,57.15,35.03,210,30,190,89.28,49.07,930,70,930,309.77,4.59,34.86,75,29,75,56.69,0.13,130,200,1.02,0.99
8/07/2021,7:00:00 PM,7:01:40 PM,Kilmore,VIC,5,185088877,R5 2180m Pace M,185088878,Harness,2180,Pace,28737121,1,Rocks Arnt Pets,LOSER,43.19,LOSER,7.58,233.22,60,30,44,47.23,114.87,1000,42,1000,230.14,10.33,284.81,8,5.4,8,7.44,67.48,42,46,1.03,0.98
8/07/2021,7:00:00 PM,7:01:40 PM,Kilmore,VIC,5,185088877,R5 2180m Pace M,185088878,Harness,2180,Pace,28658294,2,Fullofmischief,LOSER,8.12,LOSER,2.44,618.69,10.5,6.4,8.4,7.13,1413.69,720,3.3,530,9.14,328.39,469.9,2.68,2.26,2.44,2.34,161.43,6.6,7,1.03,0.98
8/07/2021,7:00:00 PM,7:01:40 PM,Kilmore,VIC,5,185088877,R5 2180m Pace M,185088878,Harness,2180,Pace,35727448,3,Roquefort Cheese,LOSER,7.02,LOSER,2.25,659.45,8.8,5.6,6.4,6.07,1997.75,880,5.9,500,42.34,146.65,841.93,2.28,2.06,2.18,2.15,271.21,5.6,5.9,1.03,0.98
8/07/2021,7:00:00 PM,7:01:40 PM,Kilmore,VIC,5,185088877,R5 2180m Pace M,185088878,Harness,2180,Pace,28273764,4,Sasscilian,LOSER,54.08,LOSER,9.2,170.61,65,24,60,47.89,54.69,1000,50,1000,217.6,8.58,183.34,9.2,9.2,9.2,9.2,4.34,46,55,1.03,0.98
8/07/2021,7:00:00 PM,7:01:40 PM,Kilmore,VIC,5,185088877,R5 2180m Pace M,185088878,Harness,2180,Pace,12898944,5,Stunning I Am,LOSER,12,LOSER,3.2,545.08,13.5,9.4,12,11.87,570.9,1000,5.3,1000,32.56,75.98,306.85,3.3,2.78,3.2,3.07,190.56,12.5,13,1.03,0.98
8/07/2021,7:00:00 PM,7:01:40 PM,Kilmore,VIC,5,185088877,R5 2180m Pace M,185088878,Harness,2180,Pace,20259715,6,Dealmaker,LOSER,8.4,WINNER,2.74,741.64,13.5,7.4,7.8,8.76,1190.01,1000,4,1000,9.5,371.87,586.57,2.82,2.56,2.7,2.72,222.34,8.8,9.4,1.03,0.98
8/07/2021,7:00:00 PM,7:01:40 PM,Kilmore,VIC,5,185088877,R5 2180m Pace M,185088878,Harness,2180,Pace,24742754,7,No Nay Never,LOSER,20,LOSER,4.5,381.97,22,14,17.5,17.56,434.49,1000,17,1000,56.07,56.41,150.41,4.1,3.7,4.1,3.82,14,16.5,17,1.03,0.98
8/07/2021,7:00:00 PM,7:01:40 PM,Kilmore,VIC,5,185088877,R5 2180m Pace M,185088878,Harness,2180,Pace,26085621,8,Common Courtesy,LOSER,5.52,WINNER,2.16,838.92,6.2,4.1,5.2,5.35,2225.75,1000,1.16,1000,10.13,754.58,879.33,2.5,1.83,2.16,2.24,39.67,5.5,5.8,1.03,0.98
8/07/2021,7:00:00 PM,7:01:40 PM,Kilmore,VIC,5,185088877,R5 2180m Pace M,185088878,Harness,2180,Pace,28737123,10,Heaven Attracts,WINNER,4.13,WINNER,1.74,1181.91,5.5,3.4,4.2,4.42,5660.01,28,1.01,1.01,1.86,1867.4,565.28,1.99,1.63,1.67,1.74,887.91,4.6,4.8,1.03,0.98
8/07/2021,7:30:00 PM,7:31:08 PM,Kilmore,VIC,6,185088879,R6 1690m Pace M,185088880,Harness,1690,Pace,40100025,1,Cutty Sark,LOSER,200,LOSER,20.25,22.33,250,100,250,143.54,58.53,720,75,700,377.31,1.43,38.06,12.5,12,12.5,12.39,20,130,150,1.02,0.97
8/07/2021,7:30:00 PM,7:31:08 PM,Kilmore,VIC,6,185088879,R6 1690m Pace M,185088880,Harness,1690,Pace,37832500,3,Keepcrackingjokes,LOSER,488.66,LOSER,31.09,24.85,720,110,480,228.9,27.08,720,540,720,561.18,0.14,71.21,16,14.5,14.5,14.91,32.85,290,440,1.02,0.97
8/07/2021,7:30:00 PM,7:31:08 PM,Kilmore,VIC,6,185088879,R6 1690m Pace M,185088880,Harness,1690,Pace,40100026,4,Vintage Blu,WINNER,2.15,WINNER,1.24,2902.82,2.42,1.82,2.16,2.09,15634.19,9.2,1.01,1.01,1.31,3979.25,1360.94,1.22,1.18,1.2,1.2,655.66,2.1,2.16,1.02,0.97
8/07/2021,7:30:00 PM,7:31:08 PM,Kilmore,VIC,6,185088879,R6 1690m Pace M,185088880,Harness,1690,Pace,39496500,5,Melody Beach,LOSER,150,LOSER,28.44,27.83,260,60,160,154.7,44.61,720,80,700,158.87,6.65,68.17,34,6.4,32,25.76,2.17,170,250,1.02,0.97
8/07/2021,7:30:00 PM,7:31:08 PM,Kilmore,VIC,6,185088879,R6 1690m Pace M,185088880,Harness,1690,Pace,38605727,6,Cherokee Joe,LOSER,8.8,LOSER,1.85,467.54,18,8,9.4,9.32,1585.41,720,8.6,720,40.27,87.62,320.93,2.2,1.76,1.87,1.98,289.53,8.2,8.8,1.02,0.97
8/07/2021,7:30:00 PM,7:31:08 PM,Kilmore,VIC,6,185088879,R6 1690m Pace M,185088880,Harness,1690,Pace,40100027,7,Vanquish Stride,LOSER,2.81,WINNER,1.37,2124.45,4.6,2.88,2.94,3.28,6962.44,90,1.33,90,4.11,713.64,2484.11,1.57,1.28,1.36,1.36,1608.71,3.25,3.4,1.02,0.97
8/07/2021,7:30:00 PM,7:31:08 PM,Kilmore,VIC,6,185088879,R6 1690m Pace M,185088880,Harness,1690,Pace,38911816,8,My Golden Eagle,LOSER,17.08,WINNER,3.01,304.65,21,5.8,15.5,12.92,1441.03,720,6,720,21.51,69.41,480.58,3.05,2.66,3.05,2.91,100.31,17,18.5,1.02,0.97
8/07/2021,7:30:00 PM,7:31:08 PM,Kilmore,VIC,6,185088879,R6 1690m Pace M,185088880,Harness,1690,Pace,40100028,9,Illawong Danny,LOSER,570,LOSER,15.5,24.73,690,120,690,229.1,38.45,960,720,960,857.14,0.14,130.8,15.5,15.5,15.5,15.5,6.83,450,470,1.02,0.97
8/07/2021,7:30:00 PM,7:31:08 PM,Kilmore,VIC,6,185088879,R6 1690m Pace M,185088880,Harness,1690,Pace,40100029,10,Ozzie Daybreak,LOSER,142.14,LOSER,10.63,47.49,160,48,160,127.59,40.44,720,55,720,178.31,3.78,208.93,12.5,12.5,12.5,12.5,9.28,140,150,1.02,0.97
8/07/2021,7:30:00 PM,7:31:08 PM,Kilmore,VIC,6,185088879,R6 1690m Pace M,185088880,Harness,1690,Pace,40021960,11,Heston Cash,LOSER,32.72,LOSER,4.64,183.28,80,26,34,40.73,342.25,720,20,720,40.91,48.43,82.69,4.7,4,4.6,4.14,114.12,32,38,1.02,0.97
8/07/2021,7:57:00 PM,7:57:37 PM,Kilmore,VIC,7,185088881,R7 2150m Trot S,185088882,Harness,2150,Trot,27601990,1,Night Whisperer,LOSER,4.16,WINNER,1.68,1019.25,4.9,4.1,4.5,4.47,1832.83,880,1.91,880,4.16,524.13,741.35,1.79,1.54,1.66,1.67,26.18,4.6,4.8,1.04,0.97
8/07/2021,7:57:00 PM,7:57:37 PM,Kilmore,VIC,7,185088881,R7 2150m Trot S,185088882,Harness,2150,Trot,27921973,2,Dizzysjet,LOSER,4.18,WINNER,1.78,2294.21,5,3.55,4.3,4.34,1657.08,110,1.75,100,3.74,1317.69,524.74,2.26,1.71,1.73,1.76,262.64,4.4,4.7,1.04,0.97
8/07/2021,7:57:00 PM,7:57:37 PM,Kilmore,VIC,7,185088881,R7 2150m Trot S,185088882,Harness,2150,Trot,28424667,4,Little Yankee,WINNER,18.63,WINNER,4.88,284.24,29,10,20,21.62,281.1,32,1.01,1.01,2.47,1357.7,231.67,3.65,3.25,3.65,3.33,17.27,20,25,1.04,0.97
8/07/2021,7:57:00 PM,7:57:37 PM,Kilmore,VIC,7,185088881,R7 2150m Trot S,185088882,Harness,2150,Trot,18697045,6,Kyvalley Clichy,LOSER,15.5,LOSER,3.55,240.65,20,12.5,15.5,14.77,908.66,910,11,490,59.65,46.73,249.72,4,3.45,3.55,3.55,127.78,15,16,1.04,0.97
8/07/2021,7:57:00 PM,7:57:37 PM,Kilmore,VIC,7,185088881,R7 2150m Trot S,185088882,Harness,2150,Trot,19351799,7,Garshaway,LOSER,31.22,LOSER,6,196.87,65,30,34,39.64,390.77,720,20,720,50.45,37.61,270.77,6.6,6.6,6.6,6.6,1.71,32,36,1.04,0.97
8/07/2021,7:57:00 PM,7:57:37 PM,Kilmore,VIC,7,185088881,R7 2150m Trot S,185088882,Harness,2150,Trot,12166744,8,Imperial Whiz,LOSER,5.23,LOSER,1.88,549.16,6.6,4.6,5.1,5.1,3537.29,880,5,880,13.38,326.95,804.28,2.2,1.98,2.18,1.98,338.71,4.9,5.2,1.04,0.97
8/07/2021,7:57:00 PM,7:57:37 PM,Kilmore,VIC,7,185088881,R7 2150m Trot S,185088882,Harness,2150,Trot,23172999,9,Armchair Drive,LOSER,197.3,LOSER,25.33,42.09,280,55,270,126.32,93.91,720,28,720,85.51,18.04,65.06,11.5,11.5,11.5,11.5,0.98,160,220,1.04,0.97
8/07/2021,7:57:00 PM,7:57:37 PM,Kilmore,VIC,7,185088881,R7 2150m Trot S,185088882,Harness,2150,Trot,12944872,10,Stress Factor,LOSER,4.53,LOSER,1.78,741.89,5.7,3.6,4.8,4.46,3542.27,880,2.7,880,4.52,1117.91,680.62,1.83,1.58,1.75,1.71,156.67,4.3,4.5,1.04,0.97
8/07/2021,8:30:00 PM,8:30:50 PM,Kilmore,VIC,8,185088883,R8 1690m Pace M,185088884,Harness,1690,Pace,39858991,1,Billabong Madi,LOSER,90,LOSER,34.3,77.43,280,44,95,121.95,71.02,720,36,720,75.27,17.66,49.82,46,19,28,34.86,0.21,95,180,1.01,0.97
8/07/2021,8:30:00 PM,8:30:50 PM,Kilmore,VIC,8,185088883,R8 1690m Pace M,185088884,Harness,1690,Pace,26779128,2,Calypso Mistress,LOSER,5.66,LOSER,1.87,459.81,6.2,3.3,5.6,5.14,3070.08,720,2.02,720,6.99,948.41,719.95,2.2,1.53,1.89,1.96,438.4,5.7,6.2,1.01,0.97
8/07/2021,8:30:00 PM,8:30:50 PM,Kilmore,VIC,8,185088883,R8 1690m Pace M,185088884,Harness,1690,Pace,36620922,3,Courts Bliss,LOSER,37.89,WINNER,6.66,170.63,70,24,32,37.19,298.97,720,36,720,49.52,31.3,131.41,9,5.5,5.5,6.15,54.81,27,32,1.01,0.97
8/07/2021,8:30:00 PM,8:30:50 PM,Kilmore,VIC,8,185088883,R8 1690m Pace M,185088884,Harness,1690,Pace,40100031,4,Lombo Eye Watch,WINNER,12.5,WINNER,3.45,425.53,16,11,13,12.94,538.26,23,1.01,1.01,1.63,1219.78,182.95,3.7,3.25,3.25,3.27,120.59,13.5,14.5,1.01,0.97
8/07/2021,8:30:00 PM,8:30:50 PM,Kilmore,VIC,8,185088883,R8 1690m Pace M,185088884,Harness,1690,Pace,10984572,5,Gotta Go Gladys,LOSER,18.03,LOSER,4.4,228.84,28,17.5,18.5,19.94,162.95,720,18,580,47.87,42.5,161.01,4.6,3.05,4.6,3.65,0.28,24,27,1.01,0.97
8/07/2021,8:30:00 PM,8:30:50 PM,Kilmore,VIC,8,185088883,R8 1690m Pace M,185088884,Harness,1690,Pace,12242702,6,Youneedabitofmuscle,LOSER,17.5,LOSER,4.35,305.12,95,18,18,22.48,392.32,720,17.5,720,238.99,32.43,301.52,4.4,4.2,4.4,4.4,8.91,23,20,1.01,0.97
8/07/2021,8:30:00 PM,8:30:50 PM,Kilmore,VIC,8,185088883,R8 1690m Pace M,185088884,Harness,1690,Pace,27559858,7,Illawong Phoenix,LOSER,4.3,LOSER,1.66,900.78,5.4,4,4.1,4.28,2305.39,720,3,720,7.17,322.22,876.04,1.97,1.65,1.66,1.67,290.93,4.3,4.4,1.01,0.97
8/07/2021,8:30:00 PM,8:30:50 PM,Kilmore,VIC,8,185088883,R8 1690m Pace M,185088884,Harness,1690,Pace,39586410,8,Misskontiki,LOSER,24.94,LOSER,5.6,189.37,30,19.5,24,25.18,244.63,720,8.2,720,25.91,45.61,237.99,6.4,4.3,6.4,4.8,99.58,26,27,1.01,0.97
8/07/2021,8:30:00 PM,8:30:50 PM,Kilmore,VIC,8,185088883,R8 1690m Pace M,185088884,Harness,1690,Pace,24930130,9,Nuart,LOSER,120,LOSER,10.97,79.03,190,55,150,118.45,55.46,720,38,720,137.43,9.21,128.49,12,9,9,10.57,25.01,120,140,1.01,0.97
8/07/2021,8:30:00 PM,8:30:50 PM,Kilmore,VIC,8,185088883,R8 1690m Pace M,185088884,Harness,1690,Pace,28605522,10,Aphrodisiac,LOSER,3.4,WINNER,1.53,1580.93,4.1,2.76,3.4,3.07,11741.17,720,1.61,170,4.34,1589.47,627.93,1.94,1.49,1.52,1.63,230.72,2.88,2.9,1.01,0.97
8/07/2021,6:20:00 PM,6:20:32 PM,Penrith,NSW,1,185088851,R1 1720m Pace M,185088852,Harness,1720,Pace,38138913,1,Cracker Miss,LOSER,26.18,LOSER,,209.12,28,8.8,28,17.83,271.58,720,16,720,23.73,65.24,,3.85,3.45,3.75,3.58,321.28,23,27,1.04,0.95
8/07/2021,6:20:00 PM,6:20:32 PM,Penrith,NSW,1,185088851,R1 1720m Pace M,185088852,Harness,1720,Pace,39297281,2,Mi Furioso Toro,LOSER,21,LOSER,,180.25,44,17.5,19.5,22.67,319.7,910,8.2,910,59.47,43.25,,,,,,,23,25,1.04,0.95
8/07/2021,6:20:00 PM,6:20:32 PM,Penrith,NSW,1,185088851,R1 1720m Pace M,185088852,Harness,1720,Pace,40100037,3,Mums Pet Rock,LOSER,130,LOSER,,34.64,160,26,160,80.38,39.59,720,130,720,176.6,4.87,,9,5.6,9,6.91,0.28,120,160,1.04,0.95
8/07/2021,6:20:00 PM,6:20:32 PM,Penrith,NSW,1,185088851,R1 1720m Pace M,185088852,Harness,1720,Pace,40100038,4,Im Bills Last,LOSER,8.8,LOSER,,471.9,10.5,6,9,8.79,669.64,880,5.7,880,15.63,569.04,,2.56,2.5,2.56,2.5,2.59,8.4,10,1.04,0.95
8/07/2021,6:20:00 PM,6:20:32 PM,Penrith,NSW,1,185088851,R1 1720m Pace M,185088852,Harness,1720,Pace,28013836,5,Fear The Eagle,LOSER,4.45,LOSER,,1201.08,7.2,3.85,4.4,4.47,1878.17,720,3.4,720,6.6,147.73,,2.04,1.64,1.89,1.7,313.01,4.2,4.4,1.04,0.95
8/07/2021,6:20:00 PM,6:20:32 PM,Penrith,NSW,1,185088851,R1 1720m Pace M,185088852,Harness,1720,Pace,37801519,6,Sir Richard Lee,LOSER,30,LOSER,,109.19,46,18,32,30.06,283.65,720,60,720,111.43,2.93,,9.6,4.4,4.4,5.47,41.89,29,38,1.04,0.95
8/07/2021,6:20:00 PM,6:20:32 PM,Penrith,NSW,1,185088851,R1 1720m Pace M,185088852,Harness,1720,Pace,35608419,7,Machs Legacy,WINNER,2.37,WINNER,,2326.03,3.6,2.32,2.38,2.62,9415.89,5.9,1.01,1.01,1.48,3293.51,,1.49,1.33,1.33,1.45,328.95,2.44,2.52,1.04,0.95
8/07/2021,6:20:00 PM,6:20:32 PM,Penrith,NSW,1,185088851,R1 1720m Pace M,185088852,Harness,1720,Pace,10581233,8,Sportsmanship,LOSER,25,WINNER,,222.13,29,21,25,23.97,266.09,720,3.85,720,29.83,112.41,,5,3.85,4,4.19,365.16,25,28,1.04,0.95
8/07/2021,6:20:00 PM,6:20:32 PM,Penrith,NSW,1,185088851,R1 1720m Pace M,185088852,Harness,1720,Pace,19941759,9,All Star Magician,LOSER,12.66,WINNER,,249.92,15,5.2,11,10.17,746.47,720,3.85,720,10.02,93.66,,3.05,1.98,2.52,2.63,187.19,10.5,15.5,1.04,0.95
8/07/2021,6:20:00 PM,6:20:32 PM,Penrith,NSW,1,185088851,R1 1720m Pace M,185088852,Harness,1720,Pace,8483319,10,Nitro Lad,LOSER,92.1,LOSER,,69,100,27,95,55.43,123.33,930,80,300,113.86,7.43,,9.2,7.8,9,8.13,162.56,80,85,1.04,0.95
8/07/2021,6:45:00 PM,6:45:42 PM,Penrith,NSW,2,185088853,R2 1720m Pace M,185088854,Harness,1720,Pace,38185238,1,Scottie Mach,WINNER,2.44,WINNER,,3643.42,3.6,2.2,2.46,2.47,10545.33,4.5,1.01,1.02,2.02,3249.62,,1.45,1.28,1.36,1.36,146.9,2.54,2.62,1.03,0.98
8/07/2021,6:45:00 PM,6:45:42 PM,Penrith,NSW,2,185088853,R2 1720m Pace M,185088854,Harness,1720,Pace,36105105,2,Old English,LOSER,9.91,WINNER,,374.34,23,8.4,8.8,11.01,963.36,110,2.02,110,7.21,98.69,,2.54,2.44,2.54,2.48,33.14,8.8,9.6,1.03,0.98
8/07/2021,6:45:00 PM,6:45:42 PM,Penrith,NSW,2,185088853,R2 1720m Pace M,185088854,Harness,1720,Pace,17399073,3,Chronicles,LOSER,15.02,WINNER,,274.71,16,6,14,12.96,360.45,720,6.4,490,24.59,43.26,,2.82,2.62,2.82,2.73,82,14,14.5,1.03,0.98
8/07/2021,6:45:00 PM,6:45:42 PM,Penrith,NSW,2,185088853,R2 1720m Pace M,185088854,Harness,1720,Pace,13088578,4,Southbound Train,LOSER,28.08,LOSER,,220.86,38,24,29,30.45,153.02,720,18,720,38.36,45.93,,,,,,,26,29,1.03,0.98
8/07/2021,6:45:00 PM,6:45:42 PM,Penrith,NSW,2,185088853,R2 1720m Pace M,185088854,Harness,1720,Pace,25166024,5,Little Bliss,LOSER,9.8,LOSER,,646.94,11,7,9.4,8.12,2027.52,890,9,720,24.13,183.47,,2.58,2.32,2.32,2.54,189.32,7.8,8,1.03,0.98
8/07/2021,6:45:00 PM,6:45:42 PM,Penrith,NSW,2,185088853,R2 1720m Pace M,185088854,Harness,1720,Pace,20137688,6,Art Of Grange,LOSER,42.16,LOSER,,151.13,95,30,46,44.98,87.03,1000,25,1000,427.38,20.07,,8,8,8,8,6,40,55,1.03,0.98
8/07/2021,6:45:00 PM,6:45:42 PM,Penrith,NSW,2,185088853,R2 1720m Pace M,185088854,Harness,1720,Pace,7185109,7,Clementsorrell,LOSER,11.72,LOSER,,343.29,12.5,6.8,11,9.42,691.69,1000,5.8,190,70.84,66.55,,2.3,1.8,2.28,2.07,604.58,9.4,8.8,1.03,0.98
8/07/2021,6:45:00 PM,6:45:42 PM,Penrith,NSW,2,185088853,R2 1720m Pace M,185088854,Harness,1720,Pace,6804625,8,New York Rain,LOSER,17.26,LOSER,,236.82,30,12,14,15.67,372.52,900,10,490,36.8,125.04,,4.9,3.85,3.85,4.22,44.77,14.5,15.5,1.03,0.98
8/07/2021,6:45:00 PM,6:45:42 PM,Penrith,NSW,2,185088853,R2 1720m Pace M,185088854,Harness,1720,Pace,8540834,9,Don Kee,LOSER,29.67,LOSER,,138.93,50,26,28,30.83,208.06,850,8.6,720,24.99,58.16,,6.2,6.2,6.2,6.2,10,27,29,1.03,0.98
8/07/2021,6:45:00 PM,6:45:42 PM,Penrith,NSW,2,185088853,R2 1720m Pace M,185088854,Harness,1720,Pace,36841200,10,Money Honey,LOSER,17.05,LOSER,,328.23,30,9.6,16.5,20.48,273.77,720,7,720,20.99,49.91,,4.9,4.7,4.7,4.84,39.01,23,27,1.03,0.98
8/07/2021,7:15:00 PM,7:15:43 PM,Penrith,NSW,3,185088855,R3 1720m Pace M,185088856,Harness,1720,Pace,40100039,1,Cherishthememories,WINNER,1.82,WINNER,,5682.37,3.05,2.12,2.12,2.39,9562.44,3.7,1.01,1.04,1.71,3430.73,,1.4,1.28,1.34,1.32,475.87,2.46,2.5,1.02,0.96
8/07/2021,7:15:00 PM,7:15:43 PM,Penrith,NSW,3,185088855,R3 1720m Pace M,185088856,Harness,1720,Pace,21631123,2,Sadhana,LOSER,13.5,LOSER,,374.01,14,5.5,13,10.93,824.52,720,3.4,500,20.43,243.2,,2.98,1.94,2.76,2.5,163.56,13.5,14,1.02,0.96
8/07/2021,7:15:00 PM,7:15:43 PM,Penrith,NSW,3,185088855,R3 1720m Pace M,185088856,Harness,1720,Pace,10634025,3,Valoroso Hanover,LOSER,23,LOSER,,220.85,21,10.5,21,14.77,469.47,900,15,560,50.43,67.26,,3.85,2.52,3.85,3.05,5.31,17.5,18,1.02,0.96
8/07/2021,7:15:00 PM,7:15:43 PM,Penrith,NSW,3,185088855,R3 1720m Pace M,185088856,Harness,1720,Pace,24901984,4,Smoothe Style,LOSER,17.36,WINNER,,382.38,42,14,16.5,20.43,388.4,420,1.98,280,15.38,162.93,,,,,,,15,16.5,1.02,0.96
8/07/2021,7:15:00 PM,7:15:43 PM,Penrith,NSW,3,185088855,R3 1720m Pace M,185088856,Harness,1720,Pace,24783808,5,Shades Of Heaven,LOSER,317.62,LOSER,,28.85,310,55,310,155.81,37.99,720,310,700,400.46,3.21,,12,3.85,11,10.75,21.73,230,240,1.02,0.96
8/07/2021,7:15:00 PM,7:15:43 PM,Penrith,NSW,3,185088855,R3 1720m Pace M,185088856,Harness,1720,Pace,22361210,6,Lynnsanity,LOSER,24,LOSER,,225.19,44,16.5,24,21.29,399.38,720,24,300,61.54,14.29,,6.2,5,5,5,73.23,17,19.5,1.02,0.96
8/07/2021,7:15:00 PM,7:15:43 PM,Penrith,NSW,3,185088855,R3 1720m Pace M,185088856,Harness,1720,Pace,26994007,7,Petes Naholo,LOSER,39.01,LOSER,,144.15,44,27,36,32.45,169.07,720,36,720,72.74,58.49,,5.7,4.4,4.4,4.8,348.85,28,30,1.02,0.96
8/07/2021,7:15:00 PM,7:15:43 PM,Penrith,NSW,3,185088855,R3 1720m Pace M,185088856,Harness,1720,Pace,21412024,8,Shadow Eclipse,LOSER,5.5,LOSER,,814.26,5.9,4,5.5,5.24,1499.13,720,2.76,290,9.62,415.33,,1.96,1.85,1.89,1.89,211.84,5.3,5.7,1.02,0.96
8/07/2021,7:15:00 PM,7:15:43 PM,Penrith,NSW,3,185088855,R3 1720m Pace M,185088856,Harness,1720,Pace,8591092,9,Team Of Starzzz,LOSER,23.54,LOSER,,209.01,30,15.5,21,18.99,265.71,300,5.9,110,19.35,56.92,,4.2,3.65,3.65,3.72,63.3,15.5,17,1.02,0.96
8/07/2021,7:15:00 PM,7:15:43 PM,Penrith,NSW,3,185088855,R3 1720m Pace M,185088856,Harness,1720,Pace,11689118,10,Top The Ace,LOSER,22.86,WINNER,,270.4,21,12.5,21,16.51,151.64,720,17,300,27.72,49.22,,,,,,,17,18.5,1.02,0.96
8/07/2021,7:45:00 PM,7:45:36 PM,Penrith,NSW,4,185088857,R4 2125m Pace M,185088858,Harness,2125,Pace,22970769,1,Backintown,LOSER,2.98,WINNER,,2784.75,4.3,2.62,3.15,3.37,6096.43,110,2,110,3.22,1418.06,,1.8,1.45,1.52,1.54,166.81,3.35,3.45,1.05,0.97
8/07/2021,7:45:00 PM,7:45:36 PM,Penrith,NSW,4,185088857,R4 2125m Pace M,185088858,Harness,2125,Pace,21561337,2,Volando Denario,WINNER,20.96,WINNER,,274.89,24,14.5,20,18.47,178.36,40,1.01,1.01,1.6,1538.47,,3.55,3.3,3.4,3.51,15.46,17,20,1.05,0.97
8/07/2021,7:45:00 PM,7:45:36 PM,Penrith,NSW,4,185088857,R4 2125m Pace M,185088858,Harness,2125,Pace,31196806,3,Rock Of Delight,LOSER,30,LOSER,,159.56,40,22,29,28.83,200.44,720,30,720,52.77,35.73,,5.5,4.8,5.5,5.49,10.17,32,36,1.05,0.97
8/07/2021,7:45:00 PM,7:45:36 PM,Penrith,NSW,4,185088857,R4 2125m Pace M,185088858,Harness,2125,Pace,12624675,4,Prince Potter,LOSER,13.36,LOSER,,638.79,15.5,8.6,12.5,11.28,350.62,890,10,890,22.73,287.99,,2.8,2.08,2.68,2.4,5.71,9.6,10,1.05,0.97
8/07/2021,7:45:00 PM,7:45:36 PM,Penrith,NSW,4,185088857,R4 2125m Pace M,185088858,Harness,2125,Pace,23390438,5,Katchar Shoobee,LOSER,2.77,LOSER,,2367.61,4.9,2.82,3,3.22,5209.21,1000,1.84,1000,3.94,2277.12,,1.74,1.51,1.7,1.72,575.75,3.5,3.7,1.05,0.97
8/07/2021,7:45:00 PM,7:45:36 PM,Penrith,NSW,4,185088857,R4 2125m Pace M,185088858,Harness,2125,Pace,19352632,6,True Confessions,LOSER,36.79,LOSER,,164.58,38,15,30,20.73,228.36,920,23,920,84.66,55.65,,3.9,3.9,3.9,3.9,0.17,16,19,1.05,0.97
8/07/2021,7:45:00 PM,7:45:36 PM,Penrith,NSW,4,185088857,R4 2125m Pace M,185088858,Harness,2125,Pace,10926078,7,Bettor To Be Tricky,LOSER,28.44,LOSER,,194.02,40,22,25,27.59,148.48,720,27,660,57.51,69.44,,4.8,3.95,4,4.3,160.91,21,26,1.05,0.97
8/07/2021,7:45:00 PM,7:45:36 PM,Penrith,NSW,4,185088857,R4 2125m Pace M,185088858,Harness,2125,Pace,24444045,8,Dee Double You,LOSER,20.07,WINNER,,185.34,22,11,17.5,13.91,354.84,720,5.4,720,28.39,42.4,,3.25,2.32,2.94,2.87,48.16,12.5,15,1.05,0.97
8/07/2021,7:45:00 PM,7:45:36 PM,Penrith,NSW,4,185088857,R4 2125m Pace M,185088858,Harness,2125,Pace,12774194,9,Mammals Magic,LOSER,48.74,LOSER,,109.94,60,13,60,30.24,202.49,720,22,300,75.01,12.62,,7.2,5.1,6,5.64,95.36,34,42,1.05,0.97
8/07/2021,7:45:00 PM,7:45:36 PM,Penrith,NSW,4,185088857,R4 2125m Pace M,185088858,Harness,2125,Pace,12699340,10,Glengarry Rose,LOSER,25,LOSER,,212.6,48,18.5,24,22.55,117.89,720,25,300,55.64,18.89,,,,,,,20,21,1.05,0.97
8/07/2021,8:15:00 PM,8:15:42 PM,Penrith,NSW,5,185088859,R5 2125m Pace M,185088860,Harness,2125,Pace,40100040,1,In A Lucky Place,LOSER,4.3,LOSER,,1365.68,6.6,3.6,4.4,4.48,4583.89,880,3,880,10.82,387.27,,1.99,1.58,1.68,1.68,283.94,4.8,4.9,1.02,0.97
8/07/2021,8:15:00 PM,8:15:42 PM,Penrith,NSW,5,185088859,R5 2125m Pace M,185088860,Harness,2125,Pace,18294722,2,Faiselle,LOSER,110,LOSER,,57.28,90,30,90,60.79,62.18,120,5.2,100,67.88,41.27,,,,,,,70,85,1.02,0.97
8/07/2021,8:15:00 PM,8:15:42 PM,Penrith,NSW,5,185088859,R5 2125m Pace M,185088860,Harness,2125,Pace,25102758,3,Ballterra,WINNER,2.09,WINNER,,2321.56,4,1.88,2.02,2.1,12689.45,15,1.02,1.05,2.08,2451.43,,1.48,1.28,1.42,1.37,550.08,1.98,2.04,1.02,0.97
8/07/2021,8:15:00 PM,8:15:42 PM,Penrith,NSW,5,185088859,R5 2125m Pace M,185088860,Harness,2125,Pace,36621025,4,Bettarun,LOSER,38.45,WINNER,,199.79,44,17,40,33.3,77.72,100,4.2,36,23,104.15,,5,4.5,4.8,4.77,83.71,34,42,1.02,0.97
8/07/2021,8:15:00 PM,8:15:42 PM,Penrith,NSW,5,185088859,R5 2125m Pace M,185088860,Harness,2125,Pace,22503165,5,Dont Tell Dorothy,LOSER,25.04,WINNER,,188.56,26,11,24,21.89,186.82,720,5.1,100,21.22,41.11,,3.65,2.62,3.1,3.36,27.88,23,26,1.02,0.97
8/07/2021,8:15:00 PM,8:15:42 PM,Penrith,NSW,5,185088859,R5 2125m Pace M,185088860,Harness,2125,Pace,31196809,6,Louisiana Freedom,LOSER,13.5,LOSER,,381.22,15.5,8.2,12.5,12.13,610.73,720,5.1,490,22.33,194.21,,3,1.81,2.62,2.54,10.69,14,15,1.02,0.97
8/07/2021,8:15:00 PM,8:15:42 PM,Penrith,NSW,5,185088859,R5 2125m Pace M,185088860,Harness,2125,Pace,17890054,7,Borders Man,LOSER,21.62,LOSER,,254.75,22,14.5,18.5,18.45,257.75,720,10.5,140,34.08,127.81,,3.5,2.44,2.74,2.89,274.12,17.5,20,1.02,0.97
8/07/2021,8:15:00 PM,8:15:42 PM,Penrith,NSW,5,185088859,R5 2125m Pace M,185088860,Harness,2125,Pace,22106579,8,Humming Top,LOSER,75.59,LOSER,,67.09,75,30,60,43.84,77.14,720,1.53,720,14.03,154.92,,,,,,,46,50,1.02,0.97
8/07/2021,8:15:00 PM,8:15:42 PM,Penrith,NSW,5,185088859,R5 2125m Pace M,185088860,Harness,2125,Pace,35091933,9,Withoutdoubt,LOSER,15.11,LOSER,,379.69,46,13,15,16.21,563.97,720,6,720,39.28,34.53,,3.75,3.05,3.75,3.26,32.31,14.5,15.5,1.02,0.97
8/07/2021,8:15:00 PM,8:15:42 PM,Penrith,NSW,5,185088859,R5 2125m Pace M,185088860,Harness,2125,Pace,11192378,10,Lethal Star,LOSER,310.18,LOSER,,40.79,410,44,300,181.7,69.34,720,1.8,720,95.35,33.99,,14.5,9.2,12.5,11.48,35.99,400,410,1.02,0.97
8/07/2021,8:51:00 PM,8:53:02 PM,Penrith,NSW,6,185088861,R6 2125m Pace M,185088862,Harness,2125,Pace,23618194,1,Terroroan,LOSER,37.12,LOSER,,144.94,130,4.8,130,9.71,2717.58,880,2.94,490,28.11,418.35,,9,1.43,8.8,3.14,1724.14,5.2,5.5,1.03,0.98
8/07/2021,8:51:00 PM,8:53:02 PM,Penrith,NSW,6,185088861,R6 2125m Pace M,185088862,Harness,2125,Pace,28486482,3,Union Liz,LOSER,19.55,LOSER,,288.82,27,9.8,19,16.8,382.97,900,10,380,33.93,70.07,,2.74,2.32,2.6,2.52,46.43,18,19,1.03,0.98
8/07/2021,8:51:00 PM,8:53:02 PM,Penrith,NSW,6,185088861,R6 2125m Pace M,185088862,Harness,2125,Pace,17344371,4,Jays Cash,LOSER,41.23,LOSER,,125.87,210,32,32,51.17,105.81,940,23,610,270.45,6.44,,5.3,3.95,4.2,4.94,76.32,55,65,1.03,0.98
8/07/2021,8:51:00 PM,8:53:02 PM,Penrith,NSW,6,185088861,R6 2125m Pace M,185088862,Harness,2125,Pace,9477633,5,Cadenza,LOSER,27.77,WINNER,,133.87,60,17.5,22,33.35,158.93,920,21,720,130.13,20.34,,4,3.05,3.2,3.13,22.09,44,55,1.03,0.98
8/07/2021,8:51:00 PM,8:53:02 PM,Penrith,NSW,6,185088861,R6 2125m Pace M,185088862,Harness,2125,Pace,28775199,6,Hez All Ticker,LOSER,28.67,WINNER,,181.79,110,22,22,31.68,222.88,930,5,50,18.2,198.23,,3.75,3.05,3.1,3.4,46.04,34,46,1.03,0.98
8/07/2021,8:51:00 PM,8:53:02 PM,Penrith,NSW,6,185088861,R6 2125m Pace M,185088862,Harness,2125,Pace,36154683,7,Call Me Matty,LOSER,34,LOSER,,148.7,60,21,21,37.7,188.88,930,14,600,105.36,27.75,,4.6,2.92,2.96,3.83,196.8,46,50,1.03,0.98
8/07/2021,8:51:00 PM,8:53:02 PM,Penrith,NSW,6,185088861,R6 2125m Pace M,185088862,Harness,2125,Pace,25751362,8,Scallywag Scout,LOSER,100,LOSER,,34.41,210,60,100,96.56,36.4,950,48,950,368.9,2.71,,6.8,6.8,6.8,6.8,10.15,75,110,1.03,0.98
8/07/2021,8:51:00 PM,8:53:02 PM,Penrith,NSW,6,185088861,R6 2125m Pace M,185088862,Harness,2125,Pace,27223761,9,Pocket More For Less,WINNER,1.42,WINNER,,3994.51,1.71,1.33,1.34,1.53,30415.57,1.79,1.01,1.01,1.18,5494.27,,1.18,1.08,1.09,1.11,4177.65,1.5,1.52,1.03,0.98
8/07/2021,8:51:00 PM,8:53:02 PM,Penrith,NSW,6,185088861,R6 2125m Pace M,185088862,Harness,2125,Pace,26971898,10,Smoking Zak,LOSER,331.99,LOSER,,25.4,320,75,75,110.72,69.67,930,26,760,141.35,10.21,,9.4,4.4,4.4,6.62,79.46,90,140,1.03,0.98
8/07/2021,9:16:00 PM,9:17:11 PM,Penrith,NSW,7,185088863,R7 1720m Pace M,185088864,Harness,1720,Pace,19738213,1,My Scheherazade,LOSER,30.83,LOSER,,113.72,50,16.5,30,31.41,179.06,590,30,590,59.82,9.26,,2.18,1.55,1.69,1.59,388.93,29,32,1.02,0.99
8/07/2021,9:16:00 PM,9:17:11 PM,Penrith,NSW,7,185088863,R7 1720m Pace M,185088864,Harness,1720,Pace,2298771,2,La Bomba,LOSER,31.59,WINNER,,102.9,44,11,40,26.11,472.97,110,15.5,110,24.91,26.09,,2.44,1.83,1.91,1.89,252.04,28,38,1.02,0.99
8/07/2021,9:16:00 PM,9:17:11 PM,Penrith,NSW,7,185088863,R7 1720m Pace M,185088864,Harness,1720,Pace,40100041,3,Boyzhavtime,WINNER,1.11,WINNER,,5462.63,1.34,1.07,1.08,1.11,16837.17,1.12,1.01,1.01,1.03,9882.85,,1.08,1.02,1.02,1.03,2818.27,1.09,1.1,1.02,0.99
8/07/2021,9:16:00 PM,9:17:11 PM,Penrith,NSW,7,185088863,R7 1720m Pace M,185088864,Harness,1720,Pace,27223798,4,Dontrattlehiscage,LOSER,194.75,LOSER,,22.24,400,16,320,161.41,24.05,720,190,720,269.55,2.51,,,,,,,200,350,1.02,0.99
8/07/2021,9:16:00 PM,9:17:11 PM,Penrith,NSW,7,185088863,R7 1720m Pace M,185088864,Harness,1720,Pace,39657546,5,Sick As A Dog,LOSER,310,LOSER,,10.03,380,40,360,171.99,38.94,1000,260,1000,530.1,0.99,,5,4.5,4.5,4.83,5,220,240,1.02,0.99
8/07/2021,9:16:00 PM,9:17:11 PM,Penrith,NSW,7,185088863,R7 1720m Pace M,185088864,Harness,1720,Pace,40100042,6,So Delightful,LOSER,234.92,LOSER,,29.11,580,80,480,208.09,19.51,720,200,720,341.01,1.71,,,,,,,240,400,1.02,0.99
8/07/2021,9:16:00 PM,9:17:11 PM,Penrith,NSW,7,185088863,R7 1720m Pace M,185088864,Harness,1720,Pace,28216418,7,Knight Walker,LOSER,1000,LOSER,,4.5,990,120,680,665.27,20.84,1000,680,1000,987.57,4.56,,,,,,,500,580,1.02,0.99
8/07/2021,9:16:00 PM,9:17:11 PM,Penrith,NSW,7,185088863,R7 1720m Pace M,185088864,Harness,1720,Pace,23795318,8,The Crom,LOSER,1000,LOSER,,4.52,990,120,500,345.39,6.22,1000,500,1000,928.01,4.56,,,,,,,300,390,1.02,0.99
8/07/2021,9:16:00 PM,9:17:11 PM,Penrith,NSW,7,185088863,R7 1720m Pace M,185088864,Harness,1720,Pace,40100043,9,Winamotza,LOSER,207.02,LOSER,,13.44,300,44,210,124.98,31.76,900,180,720,259.59,1.97,,5.7,3.8,4,4.03,197.86,130,210,1.02,0.99
8/07/2021,9:16:00 PM,9:17:11 PM,Penrith,NSW,7,185088863,R7 1720m Pace M,185088864,Harness,1720,Pace,40100044,10,Linxx,LOSER,163.87,WINNER,,39.76,360,40,360,161.73,34.45,830,140,820,275.28,3.78,,3.5,3.5,3.5,3.5,5,190,270,1.02,0.99
8/07/2021,9:45:00 PM,9:46:02 PM,Penrith,NSW,8,185088865,R8 1720m Pace M,185088866,Harness,1720,Pace,35896654,1,Maudy Braveheart,LOSER,17,WINNER,,202.9,24,11.5,13.5,17.14,422.7,120,6,120,17.55,377.61,,2.46,1.69,1.69,1.79,267.23,16,18,1.02,0.98
8/07/2021,9:45:00 PM,9:46:02 PM,Penrith,NSW,8,185088865,R8 1720m Pace M,185088866,Harness,1720,Pace,40100045,2,Camellia Stride,LOSER,90,LOSER,,47.43,100,17,70,70.16,51.36,930,55,930,169.08,11.5,,5,3.9,4.4,4.7,100.9,70,80,1.02,0.98
8/07/2021,9:45:00 PM,9:46:02 PM,Penrith,NSW,8,185088865,R8 1720m Pace M,185088866,Harness,1720,Pace,4915002,3,Will I Am,LOSER,27.56,LOSER,,148.33,44,17,27,29.69,207.5,910,22,740,92.02,27.75,,2.8,1.8,2.52,2.03,718.65,23,27,1.02,0.98
8/07/2021,9:45:00 PM,9:46:02 PM,Penrith,NSW,8,185088865,R8 1720m Pace M,185088866,Harness,1720,Pace,40100046,4,A Chip Of Impala,LOSER,107.78,LOSER,,48.79,150,24,120,70.85,92.27,1000,85,1000,492.83,13.81,,5.4,5.3,5.3,5.34,100,80,110,1.02,0.98
8/07/2021,9:45:00 PM,9:46:02 PM,Penrith,NSW,8,185088865,R8 1720m Pace M,185088866,Harness,1720,Pace,40100047,5,Uptotrix,LOSER,390.74,LOSER,,12.97,300,28,260,96.42,55.75,900,150,170,262.09,10.63,,7.4,5.1,7.4,5.37,25.5,220,290,1.02,0.98
8/07/2021,9:45:00 PM,9:46:02 PM,Penrith,NSW,8,185088865,R8 1720m Pace M,185088866,Harness,1720,Pace,35834319,6,Ed Mendes,LOSER,106.61,LOSER,,65.24,100,17.5,80,58.72,83.06,950,75,950,149.2,14.97,,4.9,3.65,4.7,3.91,114.24,70,75,1.02,0.98
8/07/2021,9:45:00 PM,9:46:02 PM,Penrith,NSW,8,185088865,R8 1720m Pace M,185088866,Harness,1720,Pace,35681948,7,Major Jarod,LOSER,141.43,WINNER,,63.83,220,27,140,89.17,106.86,960,55,960,157.64,14.66,,4.8,3.3,3.3,3.56,666.74,110,130,1.02,0.98
8/07/2021,9:45:00 PM,9:46:02 PM,Penrith,NSW,8,185088865,R8 1720m Pace M,185088866,Harness,1720,Pace,40100048,8,Surfers Delight,WINNER,1.22,WINNER,,5559.15,1.5,1.15,1.2,1.19,21778.21,1.31,1.01,1.01,1.08,9740.75,,1.16,1.04,1.04,1.07,1127.71,1.18,1.2,1.02,0.98
8/07/2021,9:45:00 PM,9:46:02 PM,Penrith,NSW,8,185088865,R8 1720m Pace M,185088866,Harness,1720,Pace,37623180,9,Kobys Delight,LOSER,184.29,LOSER,,28.74,300,38,200,111.84,83.67,1000,130,1000,484.31,10.83,,6.2,5.5,6.2,5.96,84.27,110,130,1.02,0.98
8/07/2021,10:17:00 PM,10:17:37 PM,Penrith,NSW,9,185088867,R9 1720m Pace M,185088868,Harness,1720,Pace,40100049,1,Boomer Rock,LOSER,3.45,WINNER,,1329.47,3.75,2.26,3.35,3.31,9621.28,720,1.67,30,3.15,469.14,,1.64,1.5,1.62,1.6,364.39,3.35,3.7,1.03,0.97
8/07/2021,10:17:00 PM,10:17:37 PM,Penrith,NSW,9,185088867,R9 1720m Pace M,185088868,Harness,1720,Pace,40100050,2,Gee Ef Cee,LOSER,253.74,LOSER,,40.78,380,85,340,179.64,44.46,720,50,720,180.93,9.85,,16,15.5,16,15.75,7.42,240,360,1.03,0.97
8/07/2021,10:17:00 PM,10:17:37 PM,Penrith,NSW,9,185088867,R9 1720m Pace M,185088868,Harness,1720,Pace,40100051,3,Wherestheboy,LOSER,19,LOSER,,175.21,26,7.4,16,15.47,588.09,720,7,720,41.15,58.99,,3.85,2.72,3.8,3.76,55.63,14,15.5,1.03,0.97
8/07/2021,10:17:00 PM,10:17:37 PM,Penrith,NSW,9,185088867,R9 1720m Pace M,185088868,Harness,1720,Pace,40100052,4,Warrawee Flyer,LOSER,27,LOSER,,261.52,32,11,25,23.3,248.31,720,20,140,27.2,63.26,,5.1,5,5.1,5.08,50,26,28,1.03,0.97
8/07/2021,10:17:00 PM,10:17:37 PM,Penrith,NSW,9,185088867,R9 1720m Pace M,185088868,Harness,1720,Pace,40100053,5,Yankee Merrywood,LOSER,103.47,LOSER,,69.35,85,34,85,57.9,67.66,1000,3,34,204.06,112.77,,15,8.4,15,8.78,8.2,55,70,1.03,0.97
8/07/2021,10:17:00 PM,10:17:37 PM,Penrith,NSW,9,185088867,R9 1720m Pace M,185088868,Harness,1720,Pace,40100054,6,My Ultimate Billy,WINNER,1.7,WINNER,,3010.11,2.52,1.66,1.69,1.73,19111.22,2.76,1.01,1.01,1.68,2627.64,,1.38,1.22,1.32,1.33,430.82,1.71,1.75,1.03,0.97
8/07/2021,10:17:00 PM,10:17:37 PM,Penrith,NSW,9,185088867,R9 1720m Pace M,185088868,Harness,1720,Pace,40100055,7,Foxy Dada,LOSER,98.87,LOSER,,83.9,140,30,120,103.34,59.06,1000,7.4,1000,98.92,59.51,,14.5,8.4,14.5,11.45,7.42,100,120,1.03,0.97
8/07/2021,1:17:00 PM,1:17:59 PM,Redcliffe,QLD,1,185089076,R1 1780m Pace M,185089077,Harness,1780,Pace,8485607,1,Acer Animus,LOSER,8.25,WINNER,2.04,1051.72,12.5,5.2,9,9.64,1127.5,720,6.6,490,17.41,150.63,1082.84,2.54,2.02,2.08,2.18,174.22,11,13,1.03,0.97
8/07/2021,1:17:00 PM,1:17:59 PM,Redcliffe,QLD,1,185089076,R1 1780m Pace M,185089077,Harness,1780,Pace,38677427,2,Caribbean Baby,LOSER,210,LOSER,41.28,25.85,490,100,180,164.17,15.41,840,65,720,159.12,8.82,37.33,14.5,12.5,13,13.71,24.84,160,170,1.03,0.97
8/07/2021,1:17:00 PM,1:17:59 PM,Redcliffe,QLD,1,185089076,R1 1780m Pace M,185089077,Harness,1780,Pace,26298202,3,Game Keeper,LOSER,500.13,LOSER,92.13,27.57,560,120,300,231.87,12.66,720,220,720,433.28,8.49,20.93,18,14,14.5,16.36,9.42,230,280,1.03,0.97
8/07/2021,1:17:00 PM,1:17:59 PM,Redcliffe,QLD,1,185089076,R1 1780m Pace M,185089077,Harness,1780,Pace,39465387,4,Innocent Heaven,WINNER,1.58,WINNER,1.15,4579.76,2.84,1.63,1.64,1.91,16079.18,2,1.01,1.01,1.2,9844.23,1642.78,1.27,1.12,1.17,1.19,731.98,1.78,1.82,1.03,0.97
8/07/2021,1:17:00 PM,1:17:59 PM,Redcliffe,QLD,1,185089076,R1 1780m Pace M,185089077,Harness,1780,Pace,40021943,5,Quick Classic,LOSER,13.67,WINNER,2.85,438.93,14,7.2,13.5,11.42,500.11,720,2.34,720,14.83,124.09,598.28,2.5,2.26,2.46,2.38,76.81,11,12.5,1.03,0.97
8/07/2021,1:17:00 PM,1:17:59 PM,Redcliffe,QLD,1,185089076,R1 1780m Pace M,185089077,Harness,1780,Pace,39951853,6,Inzanight,LOSER,48.18,LOSER,2.97,349.22,200,5.6,42,16.86,1291.6,1000,26,1000,305.8,325.1,567.13,8,2.46,7.6,2.71,258.26,9.8,11,1.03,0.97
8/07/2021,1:17:00 PM,1:17:59 PM,Redcliffe,QLD,1,185089076,R1 1780m Pace M,185089077,Harness,1780,Pace,40100032,7,Whataboyjack,LOSER,7.8,LOSER,1.94,563.5,9.2,4.8,7.4,7.85,1142.39,880,5.8,720,35.33,107.26,882.44,2.22,1.82,1.94,2.03,160.71,7.6,8,1.03,0.97
8/07/2021,1:17:00 PM,1:17:59 PM,Redcliffe,QLD,1,185089076,R1 1780m Pace M,185089077,Harness,1780,Pace,19262472,8,Wedding Night,LOSER,150,LOSER,9.54,29.09,230,110,110,150.94,35.03,900,100,700,347.61,2.78,68.78,10.5,9,10.5,9.38,43.98,160,170,1.03,0.97
8/07/2021,1:17:00 PM,1:17:59 PM,Redcliffe,QLD,1,185089076,R1 1780m Pace M,185089077,Harness,1780,Pace,27806803,9,Mister Rocktober,LOSER,31.15,LOSER,3.84,185.81,32,19.5,28,25.54,219.44,720,18,580,54.22,32.25,519.62,4.2,3.8,4,3.94,50.12,28,32,1.03,0.97
8/07/2021,1:52:00 PM,1:52:44 PM,Redcliffe,QLD,2,185089078,R2 1780m Pace M,185089079,Harness,1780,Pace,35421217,1,Tascott Terror,LOSER,2.68,LOSER,1.35,1988.91,4.7,2.48,2.68,2.82,6375.42,750,2.54,270,24.54,621.87,728.67,1.76,1.33,1.35,1.36,496.46,2.64,2.7,1.03,0.98
8/07/2021,1:52:00 PM,1:52:44 PM,Redcliffe,QLD,2,185089078,R2 1780m Pace M,185089079,Harness,1780,Pace,40100033,2,Fleeting Feelgood,LOSER,10.29,WINNER,3,427.4,12,5.9,10.5,9.99,647.69,490,1.27,50,4.55,501.67,439.08,3.05,2.72,3,2.99,43.07,10.5,11,1.03,0.98
8/07/2021,1:52:00 PM,1:52:44 PM,Redcliffe,QLD,2,185089078,R2 1780m Pace M,185089079,Harness,1780,Pace,520044,3,Jet Force,LOSER,59,LOSER,9.79,105.16,85,46,65,60.54,58.01,720,16.5,300,42.01,20.1,111.21,11.5,8.8,9.2,10.9,136.24,50,65,1.03,0.98
8/07/2021,1:52:00 PM,1:52:44 PM,Redcliffe,QLD,2,185089078,R2 1780m Pace M,185089079,Harness,1780,Pace,26635197,4,Favreau,WINNER,42,WINNER,6.87,234,48,30,42,38.36,75.51,100,1.01,1.02,1.7,3375.83,263.84,5.9,5.9,5.9,5.9,6.73,44,46,1.03,0.98
8/07/2021,1:52:00 PM,1:52:44 PM,Redcliffe,QLD,2,185089078,R2 1780m Pace M,185089079,Harness,1780,Pace,39951856,5,Sailor Girl,LOSER,7.37,WINNER,2.54,1170.39,9.4,5.2,7.4,7.04,897.4,720,2.32,490,5.42,491.42,380.38,2.64,2.24,2.6,2.55,302.58,7.6,8,1.03,0.98
8/07/2021,1:52:00 PM,1:52:44 PM,Redcliffe,QLD,2,185089078,R2 1780m Pace M,185089079,Harness,1780,Pace,39087987,6,Rock In Heaven,LOSER,298.2,LOSER,80,31.28,600,150,410,250.28,4.8,720,95,700,309.9,1.52,27.05,17,14,17,15.5,10,190,400,1.03,0.98
8/07/2021,1:52:00 PM,1:52:44 PM,Redcliffe,QLD,2,185089078,R2 1780m Pace M,185089079,Harness,1780,Pace,31199515,7,Heartbreak,LOSER,4.86,LOSER,1.81,1479.48,8,4.8,4.8,5.31,994.54,880,3.45,880,39.46,194.4,918.96,2.02,1.63,1.7,1.87,805.4,5.1,5.3,1.03,0.98
8/07/2021,1:52:00 PM,1:52:44 PM,Redcliffe,QLD,2,185089078,R2 1780m Pace M,185089079,Harness,1780,Pace,39879774,8,Mullum Boy,LOSER,13.69,LOSER,3.1,589.29,17,7.2,13.5,12.41,770.43,780,1.3,720,4.57,785.4,452.83,2.86,2.78,2.84,2.81,100,13,14.5,1.03,0.98
8/07/2021,1:52:00 PM,1:52:44 PM,Redcliffe,QLD,2,185089078,R2 1780m Pace M,185089079,Harness,1780,Pace,36864357,9,Digyourheelsin,LOSER,12.5,LOSER,3.38,775.97,13.5,7,12,10.51,1077.74,720,3.05,490,16.18,78.78,341.63,3.15,2.34,3.1,2.85,144.83,9.8,10.5,1.03,0.98
8/07/2021,2:33:00 PM,2:34:24 PM,Redcliffe,QLD,3,185089080,R3 1780m Pace M,185089081,Harness,1780,Pace,19436988,1,Artistic Humma,LOSER,449.26,LOSER,39.27,23.24,420,220,330,230.74,8.85,720,330,720,450.54,12.71,54.14,,,,,,230,270,1.01,0.98
8/07/2021,2:33:00 PM,2:34:24 PM,Redcliffe,QLD,3,185089080,R3 1780m Pace M,185089081,Harness,1780,Pace,25191415,2,Kookaburraprincess,LOSER,9.16,LOSER,2.34,598.19,15,8.6,10.5,10.73,383.16,780,4.7,280,14.04,268.2,957.35,2.52,2.34,2.38,2.43,105.65,9.4,10,1.01,0.98
8/07/2021,2:33:00 PM,2:34:24 PM,Redcliffe,QLD,3,185089080,R3 1780m Pace M,185089081,Harness,1780,Pace,11094859,3,Duke,WINNER,8.52,WINNER,2.23,487.1,11,7.8,9.6,9.42,796.57,48,1.01,1.01,1.64,3144.86,809.82,2.3,2.06,2.1,2.09,313.25,8.6,9,1.01,0.98
8/07/2021,2:33:00 PM,2:34:24 PM,Redcliffe,QLD,3,185089080,R3 1780m Pace M,185089081,Harness,1780,Pace,17759273,4,Patchwork Jet,LOSER,10.03,WINNER,2.54,458.99,12.5,7.6,10,10.03,654.53,280,3.5,220,12.54,103.58,781.66,2.46,2.16,2.46,2.23,376.55,11.5,12,1.01,0.98
8/07/2021,2:33:00 PM,2:34:24 PM,Redcliffe,QLD,3,185089080,R3 1780m Pace M,185089081,Harness,1780,Pace,5632963,5,Weasel,LOSER,69.18,LOSER,8.76,63.62,85,50,65,67.44,29.88,940,110,780,332.79,7.13,136.38,7.6,7,7.6,7.33,35.82,65,75,1.01,0.98
8/07/2021,2:33:00 PM,2:34:24 PM,Redcliffe,QLD,3,185089080,R3 1780m Pace M,185089081,Harness,1780,Pace,28319117,6,Trump Em Babe,LOSER,1.75,LOSER,1.19,2504.03,1.97,1.7,1.75,1.78,14944.96,720,1.17,720,1.61,5357.68,1277.03,1.24,1.14,1.19,1.2,917.28,1.76,1.79,1.01,0.98
8/07/2021,2:33:00 PM,2:34:24 PM,Redcliffe,QLD,3,185089080,R3 1780m Pace M,185089081,Harness,1780,Pace,736322,7,Guts,LOSER,18.5,WINNER,3.1,313.59,20,9.2,19.5,16.71,193.61,900,2.8,890,76.59,47.82,620.85,3,2.84,2.98,2.94,71.59,18.5,20,1.01,0.98
8/07/2021,2:33:00 PM,2:34:24 PM,Redcliffe,QLD,3,185089080,R3 1780m Pace M,185089081,Harness,1780,Pace,24091676,8,Schooby,LOSER,147.8,LOSER,14,30.43,210,65,210,123.65,28.05,940,85,790,409.04,4.32,49.64,13.5,7,13.5,9.64,29.21,180,190,1.01,0.98
8/07/2021,2:33:00 PM,2:34:24 PM,Redcliffe,QLD,3,185089080,R3 1780m Pace M,185089081,Harness,1780,Pace,36982583,9,Turn Turn Flyer,LOSER,19,LOSER,3.3,226.36,32,17.5,18.5,19.31,316.87,720,19,720,56.39,21.9,559.21,3.5,3.1,3.15,3.25,144.78,18,18.5,1.01,0.98
8/07/2021,3:12:00 PM,3:12:39 PM,Redcliffe,QLD,4,185089082,R4 1780m Pace M,185089083,Harness,1780,Pace,19647757,1,Ginatiano,LOSER,1.88,LOSER,1.16,1657.37,2.5,1.75,1.85,1.96,8508.15,720,1.78,720,2.41,1532.05,1782.95,1.23,1.15,1.16,1.18,244.01,1.96,1.98,1.04,0.99
8/07/2021,3:12:00 PM,3:12:39 PM,Redcliffe,QLD,4,185089082,R4 1780m Pace M,185089083,Harness,1780,Pace,40100034,2,Crossed Legs,LOSER,140.95,LOSER,9.25,39.92,250,70,240,113.54,24.48,950,65,950,379.48,2.82,62.04,10.5,10.5,10.5,10.5,15.45,80,95,1.04,0.99
8/07/2021,3:12:00 PM,3:12:39 PM,Redcliffe,QLD,4,185089082,R4 1780m Pace M,185089083,Harness,1780,Pace,11072795,3,Lifeinheaven,LOSER,270.82,WINNER,501.5,19.98,470,140,470,193.86,15.82,900,180,900,660,1.07,,,,,,,140,240,1.04,0.99
8/07/2021,3:12:00 PM,3:12:39 PM,Redcliffe,QLD,4,185089082,R4 1780m Pace M,185089083,Harness,1780,Pace,39890295,4,Franco Nandor,WINNER,6.23,WINNER,1.82,582.01,6.4,5.1,5.4,5.99,1057.38,6.8,1.01,1.01,1.55,6714,942.71,1.78,1.62,1.78,1.78,9.23,5.9,6.2,1.04,0.99
8/07/2021,3:12:00 PM,3:12:39 PM,Redcliffe,QLD,4,185089082,R4 1780m Pace M,185089083,Harness,1780,Pace,24138793,5,Canstar,LOSER,54.38,LOSER,42.8,93.27,260,42,65,55.89,87.74,780,20,780,56.7,31.46,39.3,,,,,,40,44,1.04,0.99
8/07/2021,3:12:00 PM,3:12:39 PM,Redcliffe,QLD,4,185089082,R4 1780m Pace M,185089083,Harness,1780,Pace,23429187,6,Shez Grinin,LOSER,9.8,LOSER,2.43,426.64,11,7.6,9.6,9.17,507.6,890,5.6,700,20.55,174.24,592.33,3.1,2.02,2.06,2.08,1096.66,8.2,8.8,1.04,0.99
8/07/2021,3:12:00 PM,3:12:39 PM,Redcliffe,QLD,4,185089082,R4 1780m Pace M,185089083,Harness,1780,Pace,40100035,7,Bellavictree,LOSER,17.5,LOSER,2.94,265.42,24,6.6,22,17.74,508.42,890,17,890,81.52,35.37,322.55,2.96,2.38,2.86,2.89,405.99,17.5,19,1.04,0.99
8/07/2021,3:12:00 PM,3:12:39 PM,Redcliffe,QLD,4,185089082,R4 1780m Pace M,185089083,Harness,1780,Pace,11688165,8,Get Ready To Rock,LOSER,10,WINNER,2.1,407.5,10.5,6,9.8,8,1247.23,780,7.2,480,20.99,81.64,912.12,2.14,1.84,1.99,1.86,36.94,7.8,8.6,1.04,0.99
8/07/2021,3:12:00 PM,3:12:39 PM,Redcliffe,QLD,4,185089082,R4 1780m Pace M,185089083,Harness,1780,Pace,10707830,9,Our Pepperjack,LOSER,188.63,LOSER,501.5,28.55,500,140,500,266.69,13.79,890,160,890,375.65,2.29,,,,,,,140,360,1.04,0.99
8/07/2021,3:47:00 PM,3:48:15 PM,Redcliffe,QLD,5,185089084,R5 1780m Pace M,185089085,Harness,1780,Pace,39098027,1,My China Doll,LOSER,3.92,LOSER,1.56,1062.87,4.1,3.2,3.65,3.58,5416.55,720,2.6,490,4.41,1686.47,1125.23,1.7,1.51,1.56,1.58,83.08,3.6,3.7,1.02,0.97
8/07/2021,3:47:00 PM,3:48:15 PM,Redcliffe,QLD,5,185089084,R5 1780m Pace M,185089085,Harness,1780,Pace,24091760,2,Call Me Trish,LOSER,45.06,WINNER,7.5,89.56,55,34,48,39.47,31.74,680,19.5,680,43.97,31.8,156.91,6.2,5.9,5.9,6.18,9.08,40,50,1.02,0.97
8/07/2021,3:47:00 PM,3:48:15 PM,Redcliffe,QLD,5,185089084,R5 1780m Pace M,185089085,Harness,1780,Pace,25165283,3,Four For Four,LOSER,4.75,LOSER,1.79,918.28,13,4.5,4.6,5.01,2404.68,280,3.1,100,7.4,251.44,882.74,1.92,1.76,1.76,1.86,149.68,4.6,4.7,1.02,0.97
8/07/2021,3:47:00 PM,3:48:15 PM,Redcliffe,QLD,5,185089084,R5 1780m Pace M,185089085,Harness,1780,Pace,17869442,4,Ally Rogan,LOSER,40,LOSER,9.3,177.22,80,25,44,43.55,52.68,720,20,720,69.47,17.47,99.5,6.2,6.2,6.2,6.2,5,60,65,1.02,0.97
8/07/2021,3:47:00 PM,3:48:15 PM,Redcliffe,QLD,5,185089084,R5 1780m Pace M,185089085,Harness,1780,Pace,27334916,5,My Ultimate Bondi,WINNER,3.02,WINNER,1.53,1991.62,4,2.94,3.05,3.25,6833.41,10,1.01,1.01,1.67,7700.31,1082.62,1.64,1.47,1.54,1.52,636.03,3.2,3.3,1.02,0.97
8/07/2021,3:47:00 PM,3:48:15 PM,Redcliffe,QLD,5,185089084,R5 1780m Pace M,185089085,Harness,1780,Pace,21444486,6,Montana Express,LOSER,20,LOSER,3.95,234.41,25,15,25,18.51,188.89,910,20,720,123.45,36.24,460.14,3.95,3.65,3.95,3.9,28.97,20,22,1.02,0.97
8/07/2021,3:47:00 PM,3:48:15 PM,Redcliffe,QLD,5,185089084,R5 1780m Pace M,185089085,Harness,1780,Pace,28499376,7,Melton Insulted,LOSER,47.25,LOSER,7.5,103.4,90,28,55,57.65,89.06,720,16.5,480,53.84,27.76,170.22,7.4,5.4,7.2,6.17,252.55,50,65,1.02,0.97
8/07/2021,3:47:00 PM,3:48:15 PM,Redcliffe,QLD,5,185089084,R5 1780m Pace M,185089085,Harness,1780,Pace,27200766,8,Bondi Shake,LOSER,17.47,WINNER,3.69,294.34,18,9.8,18,13.37,518.09,170,2.02,110,10.28,125.24,295.9,3.3,2.86,2.96,2.92,92.25,15,17,1.02,0.97
8/07/2021,3:47:00 PM,3:48:15 PM,Redcliffe,QLD,5,185089084,R5 1780m Pace M,185089085,Harness,1780,Pace,24465405,9,Bettor Sport,LOSER,40,LOSER,6.72,133.18,42,21,42,28.75,146.97,720,10,480,26.29,56.15,248.15,6.8,4.5,6.8,5.13,73.1,29,32,1.02,0.97
8/07/2021,4:23:00 PM,4:23:34 PM,Redcliffe,QLD,6,185089086,R6 1780m Pace M,185089087,Harness,1780,Pace,13321446,1,Mister Decorum,WINNER,4.2,WINNER,1.9,1316.84,5.4,3.55,4.6,4.45,7492.61,27,2.1,2.1,4.1,858.41,517.66,2.22,1.7,1.9,1.88,348.91,5.1,5.4,1.04,0.98
8/07/2021,4:23:00 PM,4:23:34 PM,Redcliffe,QLD,6,185089086,R6 1780m Pace M,185089087,Harness,1780,Pace,35430272,2,Ally Pink,LOSER,50,LOSER,10.75,176.72,100,30,55,43.57,129.32,720,32,300,73,18.4,,,,,,,38,42,1.04,0.98
8/07/2021,4:23:00 PM,4:23:34 PM,Redcliffe,QLD,6,185089086,R6 1780m Pace M,185089087,Harness,1780,Pace,25574969,3,Shez Got Bling,LOSER,4.43,WINNER,1.7,1539.53,5.3,3.6,3.65,4.09,6933.45,290,2.22,290,4.58,1505.32,959.1,1.89,1.65,1.7,1.7,191.7,3.7,3.75,1.04,0.98
8/07/2021,4:23:00 PM,4:23:34 PM,Redcliffe,QLD,6,185089086,R6 1780m Pace M,185089087,Harness,1780,Pace,18697143,4,Non Passare,LOSER,17.5,LOSER,3.49,354.28,22,13,18.5,15.94,1091.97,480,3,480,13.91,344.63,293.76,3.7,3.4,3.55,3.63,92.71,16,17.5,1.04,0.98
8/07/2021,4:23:00 PM,4:23:34 PM,Redcliffe,QLD,6,185089086,R6 1780m Pace M,185089087,Harness,1780,Pace,22041874,5,Nevaevabend,LOSER,84.49,LOSER,13.55,79.65,90,44,90,65.35,82.4,920,18.5,920,85.53,48.21,,,,,,,48,55,1.04,0.98
8/07/2021,4:23:00 PM,4:23:34 PM,Redcliffe,QLD,6,185089086,R6 1780m Pace M,185089087,Harness,1780,Pace,12780692,6,Moonlight Butcher,LOSER,20.42,WINNER,5.3,228.25,27,16.5,20,19.09,686.97,580,17,580,40.54,63.46,307.39,5.5,4.4,4.4,5.44,9.55,17,18,1.04,0.98
8/07/2021,4:23:00 PM,4:23:34 PM,Redcliffe,QLD,6,185089086,R6 1780m Pace M,185089087,Harness,1780,Pace,12543294,7,Thankheavnforgirls,LOSER,8.59,LOSER,2.11,501.92,9.8,6.8,8.8,8.28,1745.98,790,5.9,790,11.79,593.32,602.93,2.88,2,2.04,2.15,652.4,8,9.4,1.04,0.98
8/07/2021,4:23:00 PM,4:23:34 PM,Redcliffe,QLD,6,185089086,R6 1780m Pace M,185089087,Harness,1780,Pace,36386752,8,Estarday,LOSER,4.51,WINNER,1.94,1207.38,5.4,3.65,4.7,4.59,5131.25,4.6,1.13,1.26,2.09,2407.07,738.49,1.71,1.55,1.68,1.66,266.57,4.2,4.3,1.04,0.98
8/07/2021,4:23:00 PM,4:23:34 PM,Redcliffe,QLD,6,185089086,R6 1780m Pace M,185089087,Harness,1780,Pace,22677063,9,Tactfilly Magic,LOSER,20.01,LOSER,5.14,312.8,42,17,19.5,24.56,579.49,580,19.5,580,34.13,57.97,156.51,5.8,4.7,4.7,4.96,417.63,24,26,1.04,0.98
8/07/2021,4:57:00 PM,4:57:41 PM,Redcliffe,QLD,7,185089088,R7 2040m Pace M,185089089,Harness,2040,Pace,7092556,1,Subtle Advice,LOSER,33.37,LOSER,5.5,136.64,32,15,28,25.97,190.59,720,21,720,32.11,33.63,259.83,5.4,5,5.4,5.1,179.83,26,28,1.02,0.98
8/07/2021,4:57:00 PM,4:57:41 PM,Redcliffe,QLD,7,185089088,R7 2040m Pace M,185089089,Harness,2040,Pace,13443492,2,Mach Torque,LOSER,4.24,LOSER,1.91,1349.26,8.6,4.3,4.3,5.12,3395.11,720,2.92,720,4.68,1990.19,936.71,2.08,1.84,1.94,2.01,354.35,5,5.1,1.02,0.98
8/07/2021,4:57:00 PM,4:57:41 PM,Redcliffe,QLD,7,185089088,R7 2040m Pace M,185089089,Harness,2040,Pace,40100036,3,Our Boy Bobby,LOSER,5.52,LOSER,2.14,1041.56,5.4,3.6,5.1,4.9,3879.53,880,5.2,690,11.46,457.97,839.34,2.12,1.92,2.04,2.03,55.71,5.2,5.4,1.02,0.98
8/07/2021,4:57:00 PM,4:57:41 PM,Redcliffe,QLD,7,185089088,R7 2040m Pace M,185089089,Harness,2040,Pace,28737950,4,My Ultimate Louie,LOSER,16.94,LOSER,4.15,323.14,17.5,14,16.5,15.07,262.55,720,10,720,34,153.91,443.96,,,,,,14.5,15.5,1.02,0.98
8/07/2021,4:57:00 PM,4:57:41 PM,Redcliffe,QLD,7,185089088,R7 2040m Pace M,185089089,Harness,2040,Pace,13829864,5,Royal Obsession,WINNER,5.99,WINNER,2.5,959.33,6.6,4.4,6.2,5.55,2398.49,85,1.01,1.01,1.6,3481.74,1049.59,2.52,2.2,2.52,2.42,246.19,5.9,6.2,1.02,0.98
8/07/2021,4:57:00 PM,4:57:41 PM,Redcliffe,QLD,7,185089088,R7 2040m Pace M,185089089,Harness,2040,Pace,12542089,6,So Bobs Your Uncle,LOSER,16.02,WINNER,4.12,293.02,32,14,15.5,16.71,744.68,720,14,330,27.37,64.27,453.67,4.6,3.65,3.65,3.88,6.31,15,16,1.02,0.98
8/07/2021,4:57:00 PM,4:57:41 PM,Redcliffe,QLD,7,185089088,R7 2040m Pace M,185089089,Harness,2040,Pace,14535255,7,Betting Baron,LOSER,77.96,LOSER,10.4,90.02,80,26,80,49.87,138.98,720,24,720,88.3,49.56,177.62,8.2,8.2,8.2,8.2,5,55,60,1.02,0.98
8/07/2021,4:57:00 PM,4:57:41 PM,Redcliffe,QLD,7,185089088,R7 2040m Pace M,185089089,Harness,2040,Pace,11170074,8,Barkway Arnold,LOSER,7.88,WINNER,2.17,484.86,9.8,7,7.4,7.85,2039.79,110,1.05,40,1.96,2566.7,796.79,2.44,2.1,2.18,2.18,1379.64,7.4,7.8,1.02,0.98
8/07/2021,4:57:00 PM,4:57:41 PM,Redcliffe,QLD,7,185089088,R7 2040m Pace M,185089089,Harness,2040,Pace,28313934,9,Flo Ryda,LOSER,8.66,LOSER,2.5,446.41,9.8,5.2,7.6,6.92,2821.83,720,3.25,380,11.34,218.81,714.8,3.3,2.14,2.44,2.2,736.93,7.6,7.8,1.02,0.98
8/07/2021,5:22:00 PM,5:23:06 PM,Redcliffe,QLD,8,185089090,R8 1780m Pace M,185089091,Harness,1780,Pace,12624667,1,Colombian Gold,LOSER,9.36,LOSER,2.57,726.81,11,6.4,7.8,7.89,2957.73,790,4.8,280,9.81,634.19,632.79,2.62,1.94,2.54,2.31,427.81,8.6,9,1.03,1
8/07/2021,5:22:00 PM,5:23:06 PM,Redcliffe,QLD,8,185089090,R8 1780m Pace M,185089091,Harness,1780,Pace,11583564,2,Sand Blaster,WINNER,6.95,WINNER,2.26,966.59,9,5.1,6.2,6.56,2166.46,780,1.5,780,5.67,839.85,758.06,2.44,2.08,2.24,2.25,171.87,5.4,5.7,1.03,1
8/07/2021,5:22:00 PM,5:23:06 PM,Redcliffe,QLD,8,185089090,R8 1780m Pace M,185089091,Harness,1780,Pace,20864749,3,Jilliby Jackpot,LOSER,4.2,LOSER,1.8,1301.24,4.7,2.98,4.2,3.88,6141.84,790,3.35,780,9.3,311.42,510.52,1.86,1.59,1.72,1.77,302.71,4.1,4,1.03,1
8/07/2021,5:22:00 PM,5:23:06 PM,Redcliffe,QLD,8,185089090,R8 1780m Pace M,185089091,Harness,1780,Pace,5264763,4,Major Score,LOSER,130,LOSER,19.76,84.55,160,85,140,114.17,201.37,720,280,720,395.61,2.26,103.72,22,20,20,21.29,20.38,100,120,1.03,1
8/07/2021,5:22:00 PM,5:23:06 PM,Redcliffe,QLD,8,185089090,R8 1780m Pace M,185089091,Harness,1780,Pace,28081709,5,Having The Faith,LOSER,30.71,LOSER,6.65,239.22,44,27,34,35.34,119.46,920,44,790,170.23,14.84,279.25,,,,,,34,36,1.03,1
8/07/2021,5:22:00 PM,5:23:06 PM,Redcliffe,QLD,8,185089090,R8 1780m Pace M,185089091,Harness,1780,Pace,11183123,6,Our Little Digger,LOSER,26.51,LOSER,5.27,177.8,36,16.5,25,28.66,194.5,720,20,480,40.37,64.01,327.39,7,5.3,5.3,5.63,66.3,27,28,1.03,1
8/07/2021,5:22:00 PM,5:23:06 PM,Redcliffe,QLD,8,185089090,R8 1780m Pace M,185089091,Harness,1780,Pace,6670479,7,Slingshot,LOSER,4.87,LOSER,2.01,1349.56,5.7,3.55,5.1,5.06,3941.74,790,2.72,480,5.66,608.63,1173.88,2.06,1.65,2,1.85,1512.09,5.4,5.5,1.03,1
8/07/2021,5:22:00 PM,5:23:06 PM,Redcliffe,QLD,8,185089090,R8 1780m Pace M,185089091,Harness,1780,Pace,23156882,8,Glenledi Boy,LOSER,6.78,WINNER,2.3,833.52,14,6.2,6.2,7.05,2171.17,12,1.01,1.02,1.61,3789.9,850.03,2.88,2.18,2.22,2.27,222.7,6.6,6.8,1.03,1
8/07/2021,5:22:00 PM,5:23:06 PM,Redcliffe,QLD,8,185089090,R8 1780m Pace M,185089091,Harness,1780,Pace,16098302,9,Rocknroll Dude,LOSER,14,WINNER,3.3,515.81,18,10.5,14,13.59,1055.74,780,12,480,30.16,65.13,454.83,3.75,3.05,3.3,3.27,531.41,14,17,1.03,1
8/07/2021,5:49:00 PM,5:49:33 PM,Redcliffe,QLD,9,185089092,R9 2280m Pace M,185089093,Harness,2280,Pace,20076852,1,Just Joshin,LOSER,2.51,WINNER,1.36,3984.18,3.5,2.48,2.56,2.74,5873.78,720,2.02,490,2.63,2336.57,1205.39,1.5,1.28,1.29,1.33,585.91,2.5,2.68,1.07,0.95
8/07/2021,5:49:00 PM,5:49:33 PM,Redcliffe,QLD,9,185089092,R9 2280m Pace M,185089093,Harness,2280,Pace,25267284,2,Venus Jujon,LOSER,17.66,LOSER,3.75,542.66,21,8.6,19,15.6,857.95,720,17.5,490,41.88,33.64,480.91,4,3.5,3.55,3.55,145.53,17,21,1.07,0.95
8/07/2021,5:49:00 PM,5:49:33 PM,Redcliffe,QLD,9,185089092,R9 2280m Pace M,185089093,Harness,2280,Pace,13022095,3,Bella Ball Terror,LOSER,18,LOSER,4.12,376.42,21,8.8,21,14.64,419.72,720,15.5,720,44.31,45.78,457.56,3.35,3.1,3.35,3.22,17.55,16.5,19.5,1.07,0.95
8/07/2021,5:49:00 PM,5:49:33 PM,Redcliffe,QLD,9,185089092,R9 2280m Pace M,185089093,Harness,2280,Pace,12119448,4,Oyster Stride,LOSER,631.75,LOSER,110,23.5,520,140,350,326.67,38.54,1000,430,840,631.94,9.02,5.44,32,23,23,29.52,62.53,300,340,1.07,0.95
8/07/2021,5:49:00 PM,5:49:33 PM,Redcliffe,QLD,9,185089092,R9 2280m Pace M,185089093,Harness,2280,Pace,10569232,5,Lettucefirestar,LOSER,64.95,LOSER,13.8,100.48,110,50,70,67.17,87.32,830,60,830,193.75,12.07,,8.8,8.4,8.8,8.63,8.71,55,90,1.07,0.95
8/07/2021,5:49:00 PM,5:49:33 PM,Redcliffe,QLD,9,185089092,R9 2280m Pace M,185089093,Harness,2280,Pace,13268092,6,Invincible Loxton,LOSER,16.4,WINNER,5.57,637.68,22,13,19,18.14,408.39,420,1.28,180,26.02,380.68,330.22,4,4,4,4,25.71,18,21,1.07,0.95
8/07/2021,5:49:00 PM,5:49:33 PM,Redcliffe,QLD,9,185089092,R9 2280m Pace M,185089093,Harness,2280,Pace,25201449,7,Chasing The Wind,LOSER,4.62,LOSER,1.7,1560.27,6.2,4.7,4.7,5.05,2277.85,170,1.28,110,3.15,1138.77,1049.03,2,1.62,1.69,1.74,524.18,4.7,5.2,1.07,0.95
8/07/2021,5:49:00 PM,5:49:33 PM,Redcliffe,QLD,9,185089092,R9 2280m Pace M,185089093,Harness,2280,Pace,12264319,8,Ohoka Jimmy,LOSER,25,LOSER,4.12,297.98,40,20,28,25.84,417.38,930,1.27,720,7.32,348.67,5,4.3,3.4,4.3,4.12,5.01,25,28,1.07,0.95
8/07/2021,5:49:00 PM,5:49:33 PM,Redcliffe,QLD,9,185089092,R9 2280m Pace M,185089093,Harness,2280,Pace,23707391,9,Kanye Crusader,WINNER,4.74,WINNER,2.49,1520.02,5.7,3.95,4.7,4.7,2378.07,10,1.01,1.01,1.7,3013.25,509.63,1.85,1.7,1.85,1.7,265.81,4.6,5.4,1.07,0.95
8/07/2021,6:27:00 PM,6:28:15 PM,Redcliffe,QLD,10,185089094,R10 1780m Pace M,185089095,Harness,1780,Pace,27703115,1,Typhoon Torque,WINNER,2.01,WINNER,1.3,4048.09,3.35,2.14,2.14,2.44,11408.75,2.14,1.01,1.01,1.51,9678.8,1621.84,1.37,1.22,1.3,1.31,678.33,2.66,2.76,1.02,0.98
8/07/2021,6:27:00 PM,6:28:15 PM,Redcliffe,QLD,10,185089094,R10 1780m Pace M,185089095,Harness,1780,Pace,16324625,2,Watts Up Letsplay,LOSER,19.43,LOSER,3.8,254.57,27,17,19.5,20.82,418.75,780,14.5,380,59.07,20.89,250.68,4.9,3.25,3.8,3.72,93.83,25,28,1.02,0.98
8/07/2021,6:27:00 PM,6:28:15 PM,Redcliffe,QLD,10,185089094,R10 1780m Pace M,185089095,Harness,1780,Pace,27788521,3,Rockindownunder,LOSER,185.72,LOSER,27.83,205.12,690,5.5,690,14.78,2721.39,1000,17,990,211.71,124.19,51.87,85,2.1,80,16.04,192.47,6.6,6.8,1.02,0.98
8/07/2021,6:27:00 PM,6:28:15 PM,Redcliffe,QLD,10,185089094,R10 1780m Pace M,185089095,Harness,1780,Pace,28551759,4,Courageous Sam,LOSER,27,WINNER,4.27,193.2,70,21,29,33.53,265.02,720,5.9,720,30.31,87.22,211.36,6.2,3.7,3.75,5.08,120,27,28,1.02,0.98
8/07/2021,6:27:00 PM,6:28:15 PM,Redcliffe,QLD,10,185089094,R10 1780m Pace M,185089095,Harness,1780,Pace,32635965,5,Awholelotofpretty,LOSER,4.53,LOSER,1.56,578.49,5.7,3.5,4.1,4.71,4643.01,790,3.65,720,17.35,206.19,596.13,1.86,1.43,1.5,1.57,415.72,4.9,5,1.02,0.98
8/07/2021,6:27:00 PM,6:28:15 PM,Redcliffe,QLD,10,185089094,R10 1780m Pace M,185089095,Harness,1780,Pace,4042049,7,Miss Victoria,LOSER,22,WINNER,4.36,194.74,60,18,23,26.28,295.28,720,2.56,720,15.2,119.78,433.34,4.7,3.35,3.4,4.2,187.19,26,32,1.02,0.98
8/07/2021,6:27:00 PM,6:28:15 PM,Redcliffe,QLD,10,185089094,R10 1780m Pace M,185089095,Harness,1780,Pace,12110810,8,La Safron,LOSER,290,LOSER,12.75,25.74,300,130,270,217.42,83.54,720,250,700,423.75,2.02,36.8,17,8.8,10,11.14,321.93,210,270,1.02,0.98
8/07/2021,6:27:00 PM,6:28:15 PM,Redcliffe,QLD,10,185089094,R10 1780m Pace M,185089095,Harness,1780,Pace,9336060,9,Monterey Jack,LOSER,6,LOSER,1.85,590.86,10.5,5.3,6.2,6.82,2893.33,780,6,480,21.21,98.81,694.54,2,1.83,1.85,1.9,476.07,5.8,6,1.02,0.98
9/07/2021,3:41:00 PM,3:41:32 PM,Addington,NZ,1,185117125,R1 1980m Pace M,185117126,Harness,1980,Pace,40040763,1,Aimees First Meddle,LOSER,,LOSER,,,30,14.5,14.5,16.89,11.47,210,30,210,54.78,3.92,,2.68,2.68,2.68,2.68,38.81,16,29,1.11,0.88
9/07/2021,3:41:00 PM,3:41:32 PM,Addington,NZ,1,185117125,R1 1980m Pace M,185117126,Harness,1980,Pace,10145057,2,Khal Drogo,LOSER,,LOSER,,,850,90,95,117.54,4.05,600,600,600,600,0.02,,,,,,,110,340,1.11,0.88
9/07/2021,3:41:00 PM,3:41:32 PM,Addington,NZ,1,185117125,R1 1980m Pace M,185117126,Harness,1980,Pace,472734,3,Hands On,LOSER,,LOSER,,,170,32,40,38.35,8.82,620,55,620,66.78,3.8,,,,,,,40,55,1.11,0.88
9/07/2021,3:41:00 PM,3:41:32 PM,Addington,NZ,1,185117125,R1 1980m Pace M,185117126,Harness,1980,Pace,27921956,4,Town Echo,LOSER,,LOSER,,,2.36,1.73,2.08,2.09,2495.13,3,1.63,3,2.15,367.08,,1.27,1.27,1.27,1.27,0.96,2,2.2,1.11,0.88
9/07/2021,3:41:00 PM,3:41:32 PM,Addington,NZ,1,185117125,R1 1980m Pace M,185117126,Harness,1980,Pace,27500255,5,Rocknroll Mama,WINNER,,WINNER,,,15.5,9.2,15.5,10.74,11.44,17,1.02,1.02,2.81,94.47,,,,,,,9.2,15.5,1.11,0.88
9/07/2021,3:41:00 PM,3:41:32 PM,Addington,NZ,1,185117125,R1 1980m Pace M,185117126,Harness,1980,Pace,37954321,6,Riveered,LOSER,,WINNER,,,7.2,4.6,5.2,5,264.16,75,3.35,75,30.9,1.37,,1.55,1.55,1.55,1.55,20,4.6,5.5,1.11,0.88
9/07/2021,3:41:00 PM,3:41:32 PM,Addington,NZ,1,185117125,R1 1980m Pace M,185117126,Harness,1980,Pace,4591057,7,On The Buzzer,LOSER,,LOSER,,,95,44,80,45.83,9.07,340,140,340,313.33,0.14,,,,,,,44,80,1.11,0.88
9/07/2021,3:41:00 PM,3:41:32 PM,Addington,NZ,1,185117125,R1 1980m Pace M,185117126,Harness,1980,Pace,28216539,10,Smiffys Terror,LOSER,,WINNER,,,7.6,5.9,6,6.41,41.99,80,5.1,80,6.21,33.81,,1.82,1.82,1.82,1.82,35,6,8.8,1.11,0.88
9/07/2021,4:10:00 PM,4:10:47 PM,Addington,NZ,2,185117127,R2 2600m Trot S,185117128,Harness,2600,Trot,2490397,1,Sods Law,LOSER,,LOSER,,,10.5,8.4,9.8,9.55,177.75,700,4.6,700,10.07,52.41,,3.5,3,3,3,5.01,8.4,9.6,1.08,0.91
9/07/2021,4:10:00 PM,4:10:47 PM,Addington,NZ,2,185117127,R2 2600m Trot S,185117128,Harness,2600,Trot,36700113,2,Zealous Spur,LOSER,,LOSER,,,9.2,6.8,7,7.6,93.35,700,5,700,26.36,23.24,,3,2.64,3,2.7,29.06,6.8,8.4,1.08,0.91
9/07/2021,4:10:00 PM,4:10:47 PM,Addington,NZ,2,185117127,R2 2600m Trot S,185117128,Harness,2600,Trot,35921170,3,Call This Fun,LOSER,,LOSER,,,50,27,40,41.87,7.48,910,18,910,28.22,20.48,,,,,,,38,46,1.08,0.91
9/07/2021,4:10:00 PM,4:10:47 PM,Addington,NZ,2,185117127,R2 2600m Trot S,185117128,Harness,2600,Trot,7871731,4,Gift Card,LOSER,,LOSER,,,85,42,85,50.51,11.07,930,90,930,298.68,0.61,,,,,,,48,60,1.08,0.91
9/07/2021,4:10:00 PM,4:10:47 PM,Addington,NZ,2,185117127,R2 2600m Trot S,185117128,Harness,2600,Trot,38533724,5,Tyene,LOSER,,LOSER,,,28,16,24,22.15,196.93,910,34,910,122.24,1.66,,5.3,5.1,5.1,5.18,39.41,16.5,20,1.08,0.91
9/07/2021,4:10:00 PM,4:10:47 PM,Addington,NZ,2,185117127,R2 2600m Trot S,185117128,Harness,2600,Trot,8988031,6,Take After Me,LOSER,,LOSER,,,130,75,85,84.88,10.42,950,370,950,845.9,0.75,,,,,,,85,130,1.08,0.91
9/07/2021,4:10:00 PM,4:10:47 PM,Addington,NZ,2,185117127,R2 2600m Trot S,185117128,Harness,2600,Trot,39592097,7,Yuri,WINNER,,WINNER,,,4.8,3.25,4.4,3.9,1076.28,3.5,1.01,1.43,1.91,1201.54,,1.95,1.95,1.95,1.95,28.92,3.8,4.2,1.08,0.91
9/07/2021,4:10:00 PM,4:10:47 PM,Addington,NZ,2,185117127,R2 2600m Trot S,185117128,Harness,2600,Trot,28719504,8,Luminosity,LOSER,,LOSER,,,27,12,17,18.88,28.01,710,32,710,103.47,2.1,,4.9,4.9,4.9,4.9,21,18,25,1.08,0.91
9/07/2021,4:10:00 PM,4:10:47 PM,Addington,NZ,2,185117127,R2 2600m Trot S,185117128,Harness,2600,Trot,37535383,9,Hes A Cassanova,LOSER,,LOSER,,,120,75,85,92.28,11.66,960,370,960,505.41,0.58,,,,,,,85,100,1.08,0.91
9/07/2021,4:10:00 PM,4:10:47 PM,Addington,NZ,2,185117127,R2 2600m Trot S,185117128,Harness,2600,Trot,40112119,10,My Moments Now,LOSER,,LOSER,,,21,6,16,8.51,212.27,710,4,710,14.59,49.53,,,,,,,16.5,17,1.08,0.91
9/07/2021,4:10:00 PM,4:10:47 PM,Addington,NZ,2,185117127,R2 2600m Trot S,185117128,Harness,2600,Trot,27627365,11,Steel Dust,LOSER,,LOSER,,,48,22,34,30.43,21.28,910,18,910,81.62,9.51,,6,6,6,6,3.87,25,46,1.08,0.91
9/07/2021,4:10:00 PM,4:10:47 PM,Addington,NZ,2,185117127,R2 2600m Trot S,185117128,Harness,2600,Trot,26872193,12,The Bloss,LOSER,,WINNER,,,16,9.2,16,10.55,168.02,710,8.2,120,32.92,7.5,,3.45,3,3.3,3.2,302.11,12,16.5,1.08,0.91
9/07/2021,4:10:00 PM,4:10:47 PM,Addington,NZ,2,185117127,R2 2600m Trot S,185117128,Harness,2600,Trot,40112120,13,Hurricane Hill,LOSER,,WINNER,,,7.6,5.7,6,6.54,746.18,470,3.65,3.65,5.52,43.92,,,,,,,5.7,6.2,1.08,0.91
9/07/2021,4:39:00 PM,4:39:42 PM,Addington,NZ,3,185117129,R3 1980m Pace M,185117130,Harness,1980,Pace,40112121,1,Alene,WINNER,,WINNER,,,90,23,90,34.4,102.01,38,11,38,16.98,11.66,,5.3,4.5,5,4.96,79.35,26,36,1.09,0.98
9/07/2021,4:39:00 PM,4:39:42 PM,Addington,NZ,3,185117129,R3 1980m Pace M,185117130,Harness,1980,Pace,40112122,2,Get Up N Dance,LOSER,,LOSER,,,6.8,3.8,5.1,5.12,1419.58,190,3.35,190,4.08,53.4,,1.96,1.75,1.88,1.88,6.53,5.2,5.8,1.09,0.98
9/07/2021,4:39:00 PM,4:39:42 PM,Addington,NZ,3,185117129,R3 1980m Pace M,185117130,Harness,1980,Pace,40112123,3,Rita Bonita,LOSER,,LOSER,,,40,13,40,19.7,220.8,500,13,44,18.79,11.3,,3.9,3.3,3.9,3.48,52.24,13,20,1.09,0.98
9/07/2021,4:39:00 PM,4:39:42 PM,Addington,NZ,3,185117129,R3 1980m Pace M,185117130,Harness,1980,Pace,40112124,4,Bondi Lustre,LOSER,,LOSER,,,570,110,570,233.03,8.96,130,120,130,122.67,0.07,,,,,,,130,340,1.09,0.98
9/07/2021,4:39:00 PM,4:39:42 PM,Addington,NZ,3,185117129,R3 1980m Pace M,185117130,Harness,1980,Pace,28290652,5,Rollyourown,LOSER,,WINNER,,,3.05,2.3,2.4,2.58,4600.89,3.95,1.03,1.05,2.13,580.77,,1.33,1.24,1.25,1.28,386.19,2.32,2.36,1.09,0.98
9/07/2021,4:39:00 PM,4:39:42 PM,Addington,NZ,3,185117129,R3 1980m Pace M,185117130,Harness,1980,Pace,40112125,6,Vincent Vega,LOSER,,LOSER,,,27,12,12.5,15.47,315.78,400,3,400,9.48,44.97,,3.85,3.6,3.6,3.67,38.86,18,23,1.09,0.98
9/07/2021,4:39:00 PM,4:39:42 PM,Addington,NZ,3,185117129,R3 1980m Pace M,185117130,Harness,1980,Pace,9278957,7,Moody River,LOSER,,LOSER,,,5.6,4.3,5.3,4.75,1521.66,470,2.32,470,7.9,64.37,,2.18,2,2.12,2.15,164.16,5.2,5.5,1.09,0.98
9/07/2021,4:39:00 PM,4:39:42 PM,Addington,NZ,3,185117129,R3 1980m Pace M,185117130,Harness,1980,Pace,40112126,8,Southshore,LOSER,,LOSER,,,38,14,32,19.63,167.22,900,12,90,16.66,250.27,,3.95,3.5,3.5,3.53,84.93,16,17.5,1.09,0.98
9/07/2021,4:39:00 PM,4:39:42 PM,Addington,NZ,3,185117129,R3 1980m Pace M,185117130,Harness,1980,Pace,40112128,10,Kikorangi Blue,LOSER,,WINNER,,,350,40,350,95.87,25.05,860,32,860,55.06,5.09,,,,,,,70,130,1.09,0.98
9/07/2021,4:39:00 PM,4:39:42 PM,Addington,NZ,3,185117129,R3 1980m Pace M,185117130,Harness,1980,Pace,40112129,11,Helen Of Troy,LOSER,,LOSER,,,250,38,250,61.62,53.9,750,46,750,191.31,0.15,,,,,,,55,85,1.09,0.98
9/07/2021,5:09:00 PM,5:09:26 PM,Addington,NZ,4,185117131,R4 2600m Pace S,185117132,Harness,2600,Pace,6922556,1,Pure Courage,LOSER,,LOSER,,,50,36,48,46,0.08,140,60,140,61.64,0.97,,3.95,3.95,3.95,3.95,10,38,50,1.03,0.96
9/07/2021,5:09:00 PM,5:09:26 PM,Addington,NZ,4,185117131,R4 2600m Pace S,185117132,Harness,2600,Pace,40112130,2,Glitz And Glam,LOSER,,LOSER,,,11.5,9.4,10.5,10.83,128.96,480,21,480,69.07,1.62,,2.16,2.08,2.08,2.11,345.63,10.5,11.5,1.03,0.96
9/07/2021,5:09:00 PM,5:09:26 PM,Addington,NZ,4,185117131,R4 2600m Pace S,185117132,Harness,2600,Pace,37535399,3,Classie Washington,LOSER,,WINNER,,,27,20,24,22.79,19.13,510,40,510,58.5,4.62,,3.4,3.35,3.35,3.38,33,20,27,1.03,0.96
9/07/2021,5:09:00 PM,5:09:26 PM,Addington,NZ,4,185117131,R4 2600m Pace S,185117132,Harness,2600,Pace,40112131,4,Expressive Love,LOSER,,LOSER,,,18,12.5,14,15.32,25.96,490,26,490,82.43,1.32,,2.82,2.82,2.82,2.82,0.45,13.5,19,1.03,0.96
9/07/2021,5:09:00 PM,5:09:26 PM,Addington,NZ,4,185117131,R4 2600m Pace S,185117132,Harness,2600,Pace,6149738,5,Proteus,LOSER,,WINNER,,,7.2,5.3,5.3,6,422.9,810,3.9,120,6.43,45.23,,,,,,,5.5,5.9,1.03,0.96
9/07/2021,5:09:00 PM,5:09:26 PM,Addington,NZ,4,185117131,R4 2600m Pace S,185117132,Harness,2600,Pace,3840127,6,All By Myself,WINNER,,WINNER,,,1.71,1.56,1.7,1.63,2951.34,1.71,1.01,1.01,1.25,797.28,,1.17,1.1,1.13,1.14,1917.57,1.71,1.73,1.03,0.96
9/07/2021,5:09:00 PM,5:09:26 PM,Addington,NZ,4,185117131,R4 2600m Pace S,185117132,Harness,2600,Pace,40112132,7,Lunar Legend,LOSER,,LOSER,,,140,130,140,130.63,5.36,140,140,140,140,0.66,,,,,,,110,130,1.03,0.96
9/07/2021,5:09:00 PM,5:09:26 PM,Addington,NZ,4,185117131,R4 2600m Pace S,185117132,Harness,2600,Pace,26971932,8,Webs Reactor,LOSER,,LOSER,,,160,160,160,160,0.02,630,630,630,630,0.03,,,,,,,95,150,1.03,0.96
9/07/2021,5:39:00 PM,5:41:14 PM,Addington,NZ,5,185117133,R5 2600m Pace S,185117134,Harness,2600,Pace,40112133,1,Sophia Bromac,LOSER,,LOSER,,,13.5,9.6,10.5,10.69,122.98,630,7.2,630,22.69,10.51,,3.1,2.94,3.05,3.06,29.5,10,12,1.1,0.94
9/07/2021,5:39:00 PM,5:41:14 PM,Addington,NZ,5,185117133,R5 2600m Pace S,185117134,Harness,2600,Pace,12893792,2,Rake,LOSER,,WINNER,,,20,10.5,20,15.19,62.61,9.4,1.01,1.07,3.43,70,,,,,,,14.5,15,1.1,0.94
9/07/2021,5:39:00 PM,5:41:14 PM,Addington,NZ,5,185117133,R5 2600m Pace S,185117134,Harness,2600,Pace,24986816,3,Champagneandwine,WINNER,,WINNER,,,6,5,5.8,5.38,232.84,140,3.5,120,5.72,10.19,,2.2,2.2,2.2,2.2,5.06,5,5.3,1.1,0.94
9/07/2021,5:39:00 PM,5:41:14 PM,Addington,NZ,5,185117133,R5 2600m Pace S,185117134,Harness,2600,Pace,3130162,4,Spot On,LOSER,,LOSER,,,38,19.5,25,26.09,97.97,140,15.5,140,22.36,40.69,,5.1,5.1,5.1,5.1,18,19.5,25,1.1,0.94
9/07/2021,5:39:00 PM,5:41:14 PM,Addington,NZ,5,185117133,R5 2600m Pace S,185117134,Harness,2600,Pace,17044723,5,American Sniper,LOSER,,LOSER,,,3.9,2.12,2.24,2.67,2337.15,140,1.77,120,2.3,207.92,,1.42,1.33,1.38,1.38,380.29,2.44,2.66,1.1,0.94
9/07/2021,5:39:00 PM,5:41:14 PM,Addington,NZ,5,185117133,R5 2600m Pace S,185117134,Harness,2600,Pace,40112134,6,Mils Mcardle,LOSER,,LOSER,,,48,18,44,34.09,22.02,920,65,920,256.69,4.96,,,,,,,29,40,1.1,0.94
9/07/2021,5:39:00 PM,5:41:14 PM,Addington,NZ,5,185117133,R5 2600m Pace S,185117134,Harness,2600,Pace,15673182,7,Overarm,LOSER,,LOSER,,,150,44,140,125.1,4.31,890,42,890,54.93,6.02,,9.4,9.4,9.4,9.4,5,100,120,1.1,0.94
9/07/2021,5:39:00 PM,5:41:14 PM,Addington,NZ,5,185117133,R5 2600m Pace S,185117134,Harness,2600,Pace,2409889,8,Quarterback,LOSER,,LOSER,,,270,140,230,206.89,5.94,,,,,,,24,18,18.5,20.77,8.7,130,230,1.1,0.94
9/07/2021,5:39:00 PM,5:41:14 PM,Addington,NZ,5,185117133,R5 2600m Pace S,185117134,Harness,2600,Pace,6045904,9,Bettor Believe It,LOSER,,LOSER,,,20,8.8,12,14.21,94.06,140,120,140,122.11,0.19,,,,,,,12,19,1.1,0.94
9/07/2021,5:39:00 PM,5:41:14 PM,Addington,NZ,5,185117133,R5 2600m Pace S,185117134,Harness,2600,Pace,39000654,10,Rockntommy Rulz,LOSER,,WINNER,,,27,10,11.5,16.04,68.51,140,9.8,140,15.9,24.07,,,,,,,13.5,26,1.1,0.94
9/07/2021,5:39:00 PM,5:41:14 PM,Addington,NZ,5,185117133,R5 2600m Pace S,185117134,Harness,2600,Pace,23709748,11,Mikey Maguire,LOSER,,LOSER,,,27,16.5,18.5,18.67,109.33,650,11,120,23.13,27.95,,,,,,,17,18.5,1.1,0.94
9/07/2021,6:09:00 PM,6:09:54 PM,Addington,NZ,6,185117135,R6 1980m Pace M,185117136,Harness,1980,Pace,9029785,1,Black Ops,LOSER,,LOSER,,,80,19,55,35.3,41.9,870,75,870,102.74,0.63,,8,5.2,5.2,6.39,8.7,40,75,1.08,0.95
9/07/2021,6:09:00 PM,6:09:54 PM,Addington,NZ,6,185117135,R6 1980m Pace M,185117136,Harness,1980,Pace,20241454,2,Smokin Annie,LOSER,,LOSER,,,60,29,38,37.13,44.54,140,65,140,76.75,0.61,,5.4,5.2,5.2,5.3,20,32,55,1.08,0.95
9/07/2021,6:09:00 PM,6:09:54 PM,Addington,NZ,6,185117135,R6 1980m Pace M,185117136,Harness,1980,Pace,40112135,3,Suzie Rocks,LOSER,,WINNER,,,2.68,2.18,2.24,2.37,3214.06,2.18,1.01,1.02,1.79,666.17,,1.44,1.3,1.44,1.33,23.46,2.22,2.38,1.08,0.95
9/07/2021,6:09:00 PM,6:09:54 PM,Addington,NZ,6,185117135,R6 1980m Pace M,185117136,Harness,1980,Pace,25990807,4,Somekindawonderful,LOSER,,WINNER,,,4,3.05,3.6,3.32,961.22,120,2.9,120,6.37,42.5,,1.53,1.53,1.53,1.53,0.63,3.4,3.65,1.08,0.95
9/07/2021,6:09:00 PM,6:09:54 PM,Addington,NZ,6,185117135,R6 1980m Pace M,185117136,Harness,1980,Pace,15568085,5,Santanna Mach,WINNER,,WINNER,,,25,13,25,19.59,152.07,490,10.5,140,15.92,11.17,,,,,,,20,21,1.08,0.95
9/07/2021,6:09:00 PM,6:09:54 PM,Addington,NZ,6,185117135,R6 1980m Pace M,185117136,Harness,1980,Pace,22955197,6,That Alexander Guy,LOSER,,LOSER,,,22,11,11,13.5,368.88,120,10,120,11.96,22.06,,2.92,2.72,2.72,2.88,33.04,12,13,1.08,0.95
9/07/2021,6:09:00 PM,6:09:54 PM,Addington,NZ,6,185117135,R6 1980m Pace M,185117136,Harness,1980,Pace,25765957,7,Kruizr,LOSER,,LOSER,,,14.5,5,13.5,10.1,176.83,700,18,550,111.1,12.92,,2.78,2.54,2.54,2.61,1.69,10,14.5,1.08,0.95
9/07/2021,6:09:00 PM,6:09:54 PM,Addington,NZ,6,185117135,R6 1980m Pace M,185117136,Harness,1980,Pace,38247312,8,Boarding Call,LOSER,,LOSER,,,65,21,48,34.59,68.08,140,60,140,63.78,0.74,,4.9,3.9,4.9,4.4,10,23,38,1.08,0.95
9/07/2021,6:39:00 PM,6:39:37 PM,Addington,NZ,7,185117137,R7 2600m Trot S,185117138,Harness,2600,Trot,38694343,1,Boyz Invasion,LOSER,,LOSER,,,95,48,48,54.85,50.45,140,30,140,36.78,0.77,,,,,,,65,90,1.02,0.95
9/07/2021,6:39:00 PM,6:39:37 PM,Addington,NZ,7,185117137,R7 2600m Trot S,185117138,Harness,2600,Trot,24051204,2,Red Harbour,LOSER,,LOSER,,,170,50,55,57.5,106.98,950,42,950,109.72,6,,,,,,,65,80,1.02,0.95
9/07/2021,6:39:00 PM,6:39:37 PM,Addington,NZ,7,185117137,R7 2600m Trot S,185117138,Harness,2600,Trot,2951624,3,With Ice,LOSER,,LOSER,,,4.3,3.5,4,3.84,1662.94,140,3,140,11.83,101.5,,1.75,1.59,1.59,1.71,278.97,3.8,3.85,1.02,0.95
9/07/2021,6:39:00 PM,6:39:37 PM,Addington,NZ,7,185117137,R7 2600m Trot S,185117138,Harness,2600,Trot,25632839,4,Kowhai Sundown,LOSER,,LOSER,,,13,8,8,8.76,214.7,140,6,140,8.03,3.46,,,,,,,9.8,12,1.02,0.95
9/07/2021,6:39:00 PM,6:39:37 PM,Addington,NZ,7,185117137,R7 2600m Trot S,185117138,Harness,2600,Trot,38104736,5,Puzzled,WINNER,,WINNER,,,26,14.5,18,18.64,81.94,70,1.02,2.32,4.35,53.65,,3.95,3.95,3.95,3.95,10,17.5,23,1.02,0.95
9/07/2021,6:39:00 PM,6:39:37 PM,Addington,NZ,7,185117137,R7 2600m Trot S,185117138,Harness,2600,Trot,40112136,6,Cochy Malc,LOSER,,WINNER,,,4.7,3.6,4.1,3.82,1449.58,140,1.56,140,2.22,409.13,,1.53,1.42,1.53,1.5,75.52,3.95,4.1,1.02,0.95
9/07/2021,6:39:00 PM,6:39:37 PM,Addington,NZ,7,185117137,R7 2600m Trot S,185117138,Harness,2600,Trot,5064058,7,Time In A Bottle,LOSER,,WINNER,,,4.9,3.9,4.5,4.34,843.16,70,3.8,70,4.06,18.21,,1.61,1.58,1.61,1.59,107.84,4.2,4.4,1.02,0.95
9/07/2021,6:39:00 PM,6:39:37 PM,Addington,NZ,7,185117137,R7 2600m Trot S,185117138,Harness,2600,Trot,8545675,8,Splash Cola,LOSER,,LOSER,,,15.5,8.4,15.5,12.71,61.92,140,10,140,16.3,38.78,,3.2,2.56,3.2,2.95,43.7,13,14.5,1.02,0.95
9/07/2021,7:09:00 PM,7:09:43 PM,Addington,NZ,8,185117139,R8 1980m Pace M,185117140,Harness,1980,Pace,6512774,1,Takemybreathaway,LOSER,,LOSER,,,15,8.2,13.5,12.15,26.8,800,1.64,800,10.34,20.15,,3.45,2.92,3.45,3.27,0.81,11,12.5,1.03,0.94
9/07/2021,7:09:00 PM,7:09:43 PM,Addington,NZ,8,185117139,R8 1980m Pace M,185117140,Harness,1980,Pace,38335697,2,Kowhai Magic,LOSER,,WINNER,,,6,5,5.5,5.43,218.37,75,1.5,75,3.2,95.29,,1.96,1.96,1.96,1.96,0.95,5.5,6.2,1.03,0.94
9/07/2021,7:09:00 PM,7:09:43 PM,Addington,NZ,8,185117139,R8 1980m Pace M,185117140,Harness,1980,Pace,39797214,3,Ardens Delight,WINNER,,WINNER,,,4.1,2.5,2.98,2.95,2120.65,190,1.01,1.04,2.18,939.27,,,,,,,3.25,3.3,1.03,0.94
9/07/2021,7:09:00 PM,7:09:43 PM,Addington,NZ,8,185117139,R8 1980m Pace M,185117140,Harness,1980,Pace,1489297,4,Bolzano,LOSER,,LOSER,,,85,50,55,53.33,8.74,950,100,300,369.12,2.15,,,,,,,55,85,1.03,0.94
9/07/2021,7:09:00 PM,7:09:43 PM,Addington,NZ,8,185117139,R8 1980m Pace M,185117140,Harness,1980,Pace,22119945,5,Pro Surfer,LOSER,,LOSER,,,42,22,34,25.52,8.14,670,140,670,403.48,0.11,,,,,,,26,34,1.03,0.94
9/07/2021,7:09:00 PM,7:09:43 PM,Addington,NZ,8,185117139,R8 1980m Pace M,185117140,Harness,1980,Pace,2289782,6,Invisible Girl,LOSER,,LOSER,,,17,12.5,16.5,13.2,4.61,490,65,490,175.23,0.3,,,,,,,15,17,1.03,0.94
9/07/2021,7:09:00 PM,7:09:43 PM,Addington,NZ,8,185117139,R8 1980m Pace M,185117140,Harness,1980,Pace,25475117,8,Woodlea Diego,LOSER,,LOSER,,,30,17,28,21.96,27.96,660,38,660,110.58,1.31,,,,,,,23,29,1.03,0.94
9/07/2021,7:09:00 PM,7:09:43 PM,Addington,NZ,8,185117139,R8 1980m Pace M,185117140,Harness,1980,Pace,36841207,9,El Dorado,LOSER,,LOSER,,,14.5,12,13.5,12.73,27.99,140,15,15,15.67,3.71,,3.45,3.25,3.45,3.35,48.94,13,14.5,1.03,0.94
9/07/2021,7:09:00 PM,7:09:43 PM,Addington,NZ,8,185117139,R8 1980m Pace M,185117140,Harness,1980,Pace,17103004,10,Razors Edge,LOSER,,LOSER,,,95,50,95,50.42,3.73,460,140,180,213.56,2.26,,,,,,,70,90,1.03,0.94
9/07/2021,7:09:00 PM,7:09:43 PM,Addington,NZ,8,185117139,R8 1980m Pace M,185117140,Harness,1980,Pace,38218088,11,Artatac,LOSER,,WINNER,,,7.4,4.7,5,5.47,328.95,470,2.3,470,7.35,67.64,,1.81,1.81,1.81,1.81,0.36,5.2,5.4,1.03,0.94
9/07/2021,7:39:00 PM,7:39:33 PM,Addington,NZ,9,185117141,R9 1980m Pace M,185117142,Harness,1980,Pace,22119912,1,Reflectionsofmylife,LOSER,,LOSER,,,15,10,10.5,12.29,28.26,490,120,490,157.14,0.21,,2.6,2.6,2.6,2.6,15,10,13.5,1.06,0.8
9/07/2021,7:39:00 PM,7:39:33 PM,Addington,NZ,9,185117141,R9 1980m Pace M,185117142,Harness,1980,Pace,37451697,2,Tasman Tempest,LOSER,,WINNER,,,2.46,1.94,2.34,2.07,195.63,140,1.23,75,1.8,384.71,,,,,,,2.16,3.25,1.06,0.8
9/07/2021,7:39:00 PM,7:39:33 PM,Addington,NZ,9,185117141,R9 1980m Pace M,185117142,Harness,1980,Pace,40112137,3,Melodys Mischief,LOSER,,WINNER,,,9,6.6,6.8,7.2,53.27,620,4.6,80,12.91,9.3,,1.88,1.81,1.88,1.84,61.24,7.8,8.8,1.06,0.8
9/07/2021,7:39:00 PM,7:39:33 PM,Addington,NZ,9,185117141,R9 1980m Pace M,185117142,Harness,1980,Pace,10337439,5,Songbird,LOSER,,LOSER,,,20,14,17.5,18.17,75.43,490,34,490,49.93,1.13,,,,,,,17.5,21,1.06,0.8
9/07/2021,7:39:00 PM,7:39:33 PM,Addington,NZ,9,185117141,R9 1980m Pace M,185117142,Harness,1980,Pace,40112138,6,Itz To The Macs,LOSER,,LOSER,,,17.5,15,16,15.43,30.08,490,140,490,402.5,0.08,,2.84,2.84,2.84,2.84,3.7,16,20,1.06,0.8
9/07/2021,7:39:00 PM,7:39:33 PM,Addington,NZ,9,185117141,R9 1980m Pace M,185117142,Harness,1980,Pace,10089685,7,Deja Blue,WINNER,,WINNER,,,23,15,15,15.69,14.79,9.6,1.01,1.15,1.86,192.78,,2.74,2.74,2.74,2.74,30,15.5,20,1.06,0.8
9/07/2021,7:39:00 PM,7:39:33 PM,Addington,NZ,9,185117141,R9 1980m Pace M,185117142,Harness,1980,Pace,28224216,8,Daggy Lamb,LOSER,,LOSER,,,28,26,28,27.1,12.63,530,140,530,432.5,0.08,,,,,,,26,36,1.06,0.8
9/07/2021,7:39:00 PM,7:39:33 PM,Addington,NZ,9,185117141,R9 1980m Pace M,185117142,Harness,1980,Pace,39967694,9,Budapest Boy,LOSER,,LOSER,,,8,6.6,6.6,6.8,19.19,140,5,140,74.01,2.38,,,,,,,7,7.8,1.06,0.8
9/07/2021,5:44:00 PM,5:45:12 PM,Albion Park,QLD,1,185112799,R1 1660m Pace M,185112800,Harness,1660,Pace,35833899,1,Nina Simone,LOSER,3.09,WINNER,1.54,1951.45,3.85,2.9,3.1,3.22,2839.64,40,2.34,40,3.31,601.74,762.96,1.69,1.47,1.59,1.52,321.56,3.3,3.45,1.04,0.98
9/07/2021,5:44:00 PM,5:45:12 PM,Albion Park,QLD,1,185112799,R1 1660m Pace M,185112800,Harness,1660,Pace,38284948,2,Sweet Appeal,LOSER,5.45,LOSER,1.95,818.87,6.4,4.7,5.4,5.53,1504.51,880,5,880,37.91,103.4,720.34,1.9,1.82,1.9,1.85,33.13,5.6,6,1.04,0.98
9/07/2021,5:44:00 PM,5:45:12 PM,Albion Park,QLD,1,185112799,R1 1660m Pace M,185112800,Harness,1660,Pace,19006422,3,Miss Mia,LOSER,51.19,LOSER,7.6,57.92,55,30,50,40.47,43.67,300,34,300,69.46,10.88,119.77,,,,,,34,42,1.04,0.98
9/07/2021,5:44:00 PM,5:45:12 PM,Albion Park,QLD,1,185112799,R1 1660m Pace M,185112800,Harness,1660,Pace,40112139,4,Charming Charlotte,LOSER,7.45,WINNER,2.43,757.07,9.4,6.2,8,7.59,713.23,7.6,1.1,1.91,2.94,1034,1004.49,2.62,2.4,2.62,2.45,183.23,7.8,8.2,1.04,0.98
9/07/2021,5:44:00 PM,5:45:12 PM,Albion Park,QLD,1,185112799,R1 1660m Pace M,185112800,Harness,1660,Pace,26721560,5,Metaki Majic,LOSER,5.48,LOSER,2.08,577.8,7.2,4.6,5.4,5.03,3326.36,85,4.1,85,11.29,70.34,444.56,2.3,1.92,2.08,1.96,799.57,5.3,5.4,1.04,0.98
9/07/2021,5:44:00 PM,5:45:12 PM,Albion Park,QLD,1,185112799,R1 1660m Pace M,185112800,Harness,1660,Pace,40112140,6,Dancintothebeat,WINNER,30,WINNER,6.9,258.72,50,28,36,32.36,74.68,250,2.1,2.36,16.01,81.12,228.87,5.9,5.9,5.9,5.9,10,28,32,1.04,0.98
9/07/2021,5:44:00 PM,5:45:12 PM,Albion Park,QLD,1,185112799,R1 1660m Pace M,185112800,Harness,1660,Pace,28290683,7,Which Hunt,LOSER,12.73,LOSER,3.42,471.8,17,10,12.5,11.52,588.21,140,10,110,32.56,27.07,311.68,,,,,,10,11,1.04,0.98
9/07/2021,5:44:00 PM,5:45:12 PM,Albion Park,QLD,1,185112799,R1 1660m Pace M,185112800,Harness,1660,Pace,10212045,8,Runfortheroses,LOSER,24.83,LOSER,4.16,178.65,30,16.5,24,23.45,143.97,300,10,300,19.66,77.34,122.71,4.4,3.6,4.4,4.05,139.37,20,19.5,1.04,0.98
9/07/2021,5:44:00 PM,5:45:12 PM,Albion Park,QLD,1,185112799,R1 1660m Pace M,185112800,Harness,1660,Pace,20944050,9,Artistic Saint,LOSER,75,LOSER,10.15,62.36,70,40,70,58.31,33.95,300,48,300,93.98,5.87,134.5,,,,,,55,60,1.04,0.98
9/07/2021,5:44:00 PM,5:45:12 PM,Albion Park,QLD,1,185112799,R1 1660m Pace M,185112800,Harness,1660,Pace,11062736,10,Donny Jones,LOSER,337.09,LOSER,26.88,32.36,390,120,270,207.86,85.98,700,100,700,119.42,8.35,62,,,,,,160,210,1.04,0.98
9/07/2021,6:20:00 PM,6:20:45 PM,Albion Park,QLD,2,185112801,R2 2138m Pace M,185112802,Harness,2138,Pace,20031339,1,The Croupier,WINNER,2.92,WINNER,1.59,2264.55,3.6,1.99,2.94,2.99,9685.95,3.4,1.01,1.03,1.3,12951.86,1060.62,1.63,1.43,1.62,1.56,594.44,3.45,3.55,1.02,0.98
9/07/2021,6:20:00 PM,6:20:45 PM,Albion Park,QLD,2,185112801,R2 2138m Pace M,185112802,Harness,2138,Pace,11613526,2,So Kool Master,LOSER,40.59,LOSER,10.1,123.33,85,38,38,53.53,159.1,1000,34,1000,97.49,11.39,121.92,8.2,6.2,8.2,6.77,32.03,50,55,1.02,0.98
9/07/2021,6:20:00 PM,6:20:45 PM,Albion Park,QLD,2,185112801,R2 2138m Pace M,185112802,Harness,2138,Pace,17006369,3,Classie American,LOSER,36,LOSER,5.7,153.2,36,17,36,24.55,179.81,910,20,910,131.51,37.22,256.47,4.9,3.55,4.9,4.22,38.58,20,23,1.02,0.98
9/07/2021,6:20:00 PM,6:20:45 PM,Albion Park,QLD,2,185112801,R2 2138m Pace M,185112802,Harness,2138,Pace,24153719,4,A Rainbow Delight,LOSER,5.11,LOSER,1.84,826.2,9.6,4.5,5.2,5.16,5022.11,1000,4.5,1000,20.02,135.02,760.83,1.97,1.69,1.84,1.81,1256.27,4.6,4.7,1.02,0.98
9/07/2021,6:20:00 PM,6:20:45 PM,Albion Park,QLD,2,185112801,R2 2138m Pace M,185112802,Harness,2138,Pace,11270021,5,Whiskey Blaze,LOSER,120,LOSER,416.75,42.15,360,85,150,158.45,162.46,1000,160,1000,330.58,2.57,,,,,,,85,90,1.02,0.98
9/07/2021,6:20:00 PM,6:20:45 PM,Albion Park,QLD,2,185112801,R2 2138m Pace M,185112802,Harness,2138,Pace,13001826,6,Aqua Miss,LOSER,72.99,LOSER,10.73,175.23,270,44,70,102.27,158.64,1000,29,1000,126.14,16.2,135.2,15,11,11,13.86,57.01,44,50,1.02,0.98
9/07/2021,6:20:00 PM,6:20:45 PM,Albion Park,QLD,2,185112801,R2 2138m Pace M,185112802,Harness,2138,Pace,2839017,7,Handsome Hero,LOSER,15.03,LOSER,3.2,511.67,19,9.8,15.5,12.64,488.98,1000,20,580,47.84,38.53,492.35,3.3,3.3,3.3,3.3,8.7,12,12.5,1.02,0.98
9/07/2021,6:20:00 PM,6:20:45 PM,Albion Park,QLD,2,185112801,R2 2138m Pace M,185112802,Harness,2138,Pace,20482325,8,Just Rokin,LOSER,10.78,WINNER,2.6,566.81,17,9,10.5,10.14,751.69,1000,5,720,12.58,203.43,911.52,2.98,2.56,2.64,2.65,436.33,9.2,9.8,1.02,0.98
9/07/2021,6:20:00 PM,6:20:45 PM,Albion Park,QLD,2,185112801,R2 2138m Pace M,185112802,Harness,2138,Pace,12871252,9,Eh Ef El,LOSER,14,WINNER,4.57,466,19,11.5,15,14.64,690.37,720,10,580,19.74,108.39,401.98,3.5,3.15,3.5,3.47,37.43,14.5,15.5,1.02,0.98
9/07/2021,6:20:00 PM,6:20:45 PM,Albion Park,QLD,2,185112801,R2 2138m Pace M,185112802,Harness,2138,Pace,19858542,10,Tactical Response,LOSER,6.8,LOSER,2.32,745.68,8.4,6,6.8,6.87,1005.19,870,6,870,12.26,228.97,501.5,2.46,1.99,2.46,2.31,274.97,6.6,7,1.02,0.98
9/07/2021,6:52:00 PM,6:52:30 PM,Albion Park,QLD,3,185112803,R3 1660m Pace M,185112804,Harness,1660,Pace,9272109,1,Four Starzzz Forsa,LOSER,2.06,LOSER,1.21,1797.74,2.3,1.57,2,2,15757,720,1.78,720,2.51,1906.98,1593.83,1.24,1.2,1.23,1.22,1236.26,2.02,2.1,1.03,0.98
9/07/2021,6:52:00 PM,6:52:30 PM,Albion Park,QLD,3,185112803,R3 1660m Pace M,185112804,Harness,1660,Pace,28420087,2,Slick Blaster,LOSER,70.67,LOSER,12.79,119.17,80,24,60,50,131.91,720,70,720,152.25,8.58,70.18,15.5,10.5,10.5,12.44,0.18,48,55,1.03,0.98
9/07/2021,6:52:00 PM,6:52:30 PM,Albion Park,QLD,3,185112803,R3 1660m Pace M,185112804,Harness,1660,Pace,18575588,3,Roll With Rocky,LOSER,94.28,LOSER,9.44,55.36,100,28,85,58.98,136.05,940,65,610,193.56,15.68,154.76,12.5,6.2,12.5,7.44,55.02,60,70,1.03,0.98
9/07/2021,6:52:00 PM,6:52:30 PM,Albion Park,QLD,3,185112803,R3 1660m Pace M,185112804,Harness,1660,Pace,25067403,4,El Aguila,LOSER,5.94,WINNER,1.6,792.43,8,4.5,5.9,5.21,4227.75,280,2,170,3.97,1387.9,1270.06,1.87,1.6,1.6,1.63,47.24,4.6,4.9,1.03,0.98
9/07/2021,6:52:00 PM,6:52:30 PM,Albion Park,QLD,3,185112803,R3 1660m Pace M,185112804,Harness,1660,Pace,10707828,5,Colonel Joy,LOSER,766.46,LOSER,43.23,24.97,1000,160,1000,448.83,76.37,760,350,350,691.67,0.21,103.29,990,17.5,36,23.52,57.15,340,440,1.03,0.98
9/07/2021,6:52:00 PM,6:52:30 PM,Albion Park,QLD,3,185112803,R3 1660m Pace M,185112804,Harness,1660,Pace,38352093,6,Major Fernco,LOSER,15,WINNER,3.05,292.89,28,14,15.5,17.58,844.69,480,5,280,15.9,245.22,579.96,3.15,3,3.1,3.09,26.49,14,15,1.03,0.98
9/07/2021,6:52:00 PM,6:52:30 PM,Albion Park,QLD,3,185112803,R3 1660m Pace M,185112804,Harness,1660,Pace,5341300,7,Dapper,LOSER,34,LOSER,4.48,179.6,80,28,36,36.12,351.1,1000,14.5,1000,70.41,26.88,134.35,,,,,,30,32,1.03,0.98
9/07/2021,6:52:00 PM,6:52:30 PM,Albion Park,QLD,3,185112803,R3 1660m Pace M,185112804,Harness,1660,Pace,40112141,9,Oaxacan Dream,WINNER,5.04,WINNER,1.57,1023.37,6.8,4.6,5.2,5.69,2459.29,9.6,1.01,1.02,1.56,5212.9,1031.2,1.6,1.51,1.59,1.57,371.24,6.6,6.8,1.03,0.98
9/07/2021,6:52:00 PM,6:52:30 PM,Albion Park,QLD,3,185112803,R3 1660m Pace M,185112804,Harness,1660,Pace,26205027,10,Vigoroso,LOSER,55,LOSER,6.2,177.14,90,25,55,59.68,86.39,720,7.6,400,43.12,58.94,296.92,6.6,5,6.6,5.87,12.01,55,65,1.03,0.98
9/07/2021,7:24:00 PM,7:24:56 PM,Albion Park,QLD,4,185112805,R4 2138m Pace M,185112806,Harness,2138,Pace,151941,1,Blue Moon Rising,LOSER,25.06,WINNER,1.91,164.51,38,23,28,24.93,224.21,720,22,720,38.2,107.41,661.94,3.75,1.76,2,1.97,2155.66,24,26,1.02,0.99
9/07/2021,7:24:00 PM,7:24:56 PM,Albion Park,QLD,4,185112805,R4 2138m Pace M,185112806,Harness,2138,Pace,24525179,2,Tommy Lincoln,WINNER,1.22,WINNER,1.06,4289.72,1.36,1.18,1.19,1.22,30811.89,1.24,1.01,1.01,1.13,13312.07,83.83,1.1,1.05,1.07,1.07,5325.42,1.21,1.23,1.02,0.99
9/07/2021,7:24:00 PM,7:24:56 PM,Albion Park,QLD,4,185112805,R4 2138m Pace M,185112806,Harness,2138,Pace,38761837,3,Our Lady Lara,LOSER,390,LOSER,8.31,12.31,390,80,390,169.47,26.23,720,290,720,341.22,1.67,250.65,10,7.6,8.8,9.09,53.06,190,240,1.02,0.99
9/07/2021,7:24:00 PM,7:24:56 PM,Albion Park,QLD,4,185112805,R4 2138m Pace M,185112806,Harness,2138,Pace,38206487,4,Yoha,LOSER,280,LOSER,5.3,14.09,350,30,280,141.94,38.53,940,70,940,229.96,13.06,176.71,6.6,3.25,5.6,5.31,44.22,120,150,1.02,0.99
9/07/2021,7:24:00 PM,7:24:56 PM,Albion Park,QLD,4,185112805,R4 2138m Pace M,185112806,Harness,2138,Pace,28546205,5,Crazy Shippo,LOSER,60,LOSER,3.68,82.01,55,25,50,42.43,83.45,750,50,750,139.42,6.56,385.65,,,,,,36,46,1.02,0.99
9/07/2021,7:24:00 PM,7:24:56 PM,Albion Park,QLD,4,185112805,R4 2138m Pace M,185112806,Harness,2138,Pace,38848093,6,Jenden Strike,LOSER,36.66,LOSER,3.05,152.97,65,29,34,38.57,132.07,770,28,770,94.88,14.75,632.28,3.6,2.92,2.92,3.37,186.06,30,32,1.02,0.99
9/07/2021,7:24:00 PM,7:24:56 PM,Albion Park,QLD,4,185112805,R4 2138m Pace M,185112806,Harness,2138,Pace,23697703,7,Good As It Gets,LOSER,241.93,LOSER,10.95,31.53,240,110,240,144.33,46.49,780,240,700,472.91,1.11,134.8,15,8.2,8.2,12.95,16.74,120,150,1.02,0.99
9/07/2021,7:24:00 PM,7:24:56 PM,Albion Park,QLD,4,185112805,R4 2138m Pace M,185112806,Harness,2138,Pace,28171814,8,Bettor Call Me,LOSER,14.79,WINNER,1.7,278.69,18.5,12,15,13.64,972.98,720,6.4,720,19.75,166.88,509.1,1.92,1.57,1.58,1.71,1081.95,15,15.5,1.02,0.99
9/07/2021,7:54:00 PM,7:54:56 PM,Albion Park,QLD,5,185112807,R5 2138m Pace M,185112808,Harness,2138,Pace,660479,1,The General,LOSER,2.24,LOSER,1.43,2664.12,3,2.14,2.44,2.59,9890.33,720,1.92,220,2.58,3577.93,870.69,1.47,1.34,1.36,1.38,142.66,2.78,2.84,1.03,0.98
9/07/2021,7:54:00 PM,7:54:56 PM,Albion Park,QLD,5,185112807,R5 2138m Pace M,185112808,Harness,2138,Pace,39722655,2,Nicks Pick,LOSER,5.1,WINNER,2.14,1042.23,10,5,5.8,5.89,2631.5,90,2.88,48,6.71,423.22,829.97,2,1.83,1.83,1.88,61.5,5.8,6,1.03,0.98
9/07/2021,7:54:00 PM,7:54:56 PM,Albion Park,QLD,5,185112807,R5 2138m Pace M,185112808,Harness,2138,Pace,36955478,3,Our Ultimate Hanna,LOSER,55,LOSER,11.51,101.66,60,29,60,43.47,116.27,300,22,300,64.12,32.01,185.99,6.2,6.2,6.2,6.2,7.39,42,50,1.03,0.98
9/07/2021,7:54:00 PM,7:54:56 PM,Albion Park,QLD,5,185112807,R5 2138m Pace M,185112808,Harness,2138,Pace,28540657,4,In Chevron We Trust,LOSER,50,WINNER,14.5,91.02,80,30,80,49.56,79.85,300,38,300,99.35,15.79,108.47,,,,,,38,44,1.03,0.98
9/07/2021,7:54:00 PM,7:54:56 PM,Albion Park,QLD,5,185112807,R5 2138m Pace M,185112808,Harness,2138,Pace,23476064,5,Major Lester,LOSER,16.6,LOSER,3.52,305.26,20,12.5,16.5,16.5,557.52,720,16.5,720,53.6,85.8,491.42,3.8,3.45,3.8,3.59,101.24,16,17,1.03,0.98
9/07/2021,7:54:00 PM,7:54:56 PM,Albion Park,QLD,5,185112807,R5 2138m Pace M,185112808,Harness,2138,Pace,23085199,7,Yep Got Chooks,LOSER,65,LOSER,18.9,85.47,120,40,75,68.38,51.97,720,5,720,113.36,47.12,83.32,,,,,,44,55,1.03,0.98
9/07/2021,7:54:00 PM,7:54:56 PM,Albion Park,QLD,5,185112807,R5 2138m Pace M,185112808,Harness,2138,Pace,8527332,8,Targaryen,LOSER,5.06,LOSER,1.75,921.15,5.7,4.2,5.6,5.1,1337.34,70,1.27,70,3.84,1391.78,552.39,1.85,1.65,1.66,1.69,177.93,4.5,4.8,1.03,0.98
9/07/2021,7:54:00 PM,7:54:56 PM,Albion Park,QLD,5,185112807,R5 2138m Pace M,185112808,Harness,2138,Pace,40112142,9,Voodoo Lou,WINNER,9.32,WINNER,2.62,558.74,18,8.2,9.6,10.44,1249.91,19.5,1.03,1.05,1.91,5110.42,498.42,2.94,2.7,2.94,2.78,117.2,11.5,12.5,1.03,0.98
9/07/2021,7:54:00 PM,7:54:56 PM,Albion Park,QLD,5,185112807,R5 2138m Pace M,185112808,Harness,2138,Pace,9221876,10,Springfield Spirit,LOSER,469.65,LOSER,156.99,41.62,720,190,720,361.49,39.68,700,320,320,652.14,1.29,0.48,980,110,110,178.91,0.51,440,570,1.03,0.98
9/07/2021,7:54:00 PM,7:54:56 PM,Albion Park,QLD,5,185112807,R5 2138m Pace M,185112808,Harness,2138,Pace,12662012,12,No Doubt,LOSER,24.76,LOSER,4.7,205.11,27,17,27,18.83,221.15,300,16.5,300,33.86,53.74,260.41,4.4,3.8,4.2,4.03,13.98,18,19.5,1.03,0.98
9/07/2021,8:24:00 PM,8:24:22 PM,Albion Park,QLD,6,185112809,R6 1660m Pace M,185112810,Harness,1660,Pace,18387092,1,Joannies Girl,LOSER,17.73,LOSER,4.25,347,23,15,18,17.05,536.65,780,10,720,26.04,81.17,279.35,3.65,3.2,3.65,3.38,79.2,17.5,18,1.04,0.98
9/07/2021,8:24:00 PM,8:24:22 PM,Albion Park,QLD,6,185112809,R6 1660m Pace M,185112810,Harness,1660,Pace,27139785,2,Ale Ale Kai,LOSER,16,LOSER,3.71,471.4,25,12,16,15.62,1028.26,790,11,780,46.53,85.63,265.69,3.4,2.98,3,3.04,173.83,13,14.5,1.04,0.98
9/07/2021,8:24:00 PM,8:24:22 PM,Albion Park,QLD,6,185112809,R6 1660m Pace M,185112810,Harness,1660,Pace,27886040,3,Helgart,WINNER,4.69,WINNER,1.84,937.01,8.6,4.3,4.8,5.24,3593.13,46,1.28,5,4.47,1281.39,637.17,1.94,1.57,1.8,1.85,24.42,5,5.3,1.04,0.98
9/07/2021,8:24:00 PM,8:24:22 PM,Albion Park,QLD,6,185112809,R6 1660m Pace M,185112810,Harness,1660,Pace,26636004,4,Goddess Jujon,LOSER,70,LOSER,9.35,88.05,75,28,75,44.82,57.43,720,24,480,101.25,11.55,175.96,,,,,,38,50,1.04,0.98
9/07/2021,8:24:00 PM,8:24:22 PM,Albion Park,QLD,6,185112809,R6 1660m Pace M,185112810,Harness,1660,Pace,24228815,5,Fairy Tinkabell,LOSER,3.39,WINNER,1.57,1763.75,3.5,1.85,3.2,3,13242.45,3.5,1.06,1.2,2,6071.82,1075.74,1.61,1.57,1.58,1.58,180.86,3.25,3.45,1.04,0.98
9/07/2021,8:24:00 PM,8:24:22 PM,Albion Park,QLD,6,185112809,R6 1660m Pace M,185112810,Harness,1660,Pace,23185288,6,Arma Naughty,LOSER,5.45,LOSER,2.36,1288.56,5.7,4.9,5.4,5.19,1266.23,720,3.7,140,7.73,533.18,431.11,2.2,2.16,2.2,2.16,207.13,4.9,5.1,1.04,0.98
9/07/2021,8:24:00 PM,8:24:22 PM,Albion Park,QLD,6,185112809,R6 1660m Pace M,185112810,Harness,1660,Pace,12955165,7,Make Mine Heaven,LOSER,9.51,WINNER,2.9,850.16,13,9.2,9.4,10.1,648.29,720,6.2,720,27.45,82.29,588.66,3.2,2.74,3.2,2.76,0.76,9.2,9.6,1.04,0.98
9/07/2021,8:24:00 PM,8:24:22 PM,Albion Park,QLD,6,185112809,R6 1660m Pace M,185112810,Harness,1660,Pace,17441061,8,Saint Kilda Beach,LOSER,24.62,LOSER,4.99,296.22,27,13,26,18.49,460.55,720,14,300,51.02,22.91,281.27,4.3,3.95,4.3,4.16,24.82,21,22,1.04,0.98
9/07/2021,8:24:00 PM,8:24:22 PM,Albion Park,QLD,6,185112809,R6 1660m Pace M,185112810,Harness,1660,Pace,12676779,9,Bridget Blue Chip,LOSER,140,LOSER,23.99,37.2,200,75,200,124.95,100.98,1000,50,1000,164.81,24.5,79.12,13,6.2,13,8.36,5.39,120,150,1.04,0.98
9/07/2021,8:54:00 PM,8:54:44 PM,Albion Park,QLD,7,185112811,R7 1660m Pace M,185112812,Harness,1660,Pace,24415814,1,Skippys Delight,LOSER,3.44,WINNER,1.48,2429.14,6.6,3.25,3.3,3.9,9107.51,60,2.74,29,5.69,494.62,719.7,1.67,1.4,1.48,1.49,496.37,3.8,4,1.04,0.97
9/07/2021,8:54:00 PM,8:54:44 PM,Albion Park,QLD,7,185112811,R7 1660m Pace M,185112812,Harness,1660,Pace,40112143,2,Miami Surf,LOSER,14.56,LOSER,3.08,508.11,16,7.8,16,11.84,2517.73,780,11,580,18.8,98.74,264.14,2.94,2.64,2.86,2.91,34.49,11.5,15,1.04,0.97
9/07/2021,8:54:00 PM,8:54:44 PM,Albion Park,QLD,7,185112811,R7 1660m Pace M,185112812,Harness,1660,Pace,38979718,3,Come On Sloopy,LOSER,189.35,LOSER,34,77.4,500,46,160,165.35,82.05,720,55,720,493.27,1.64,46.06,50,8,29,15.09,9.58,180,290,1.04,0.97
9/07/2021,8:54:00 PM,8:54:44 PM,Albion Park,QLD,7,185112811,R7 1660m Pace M,185112812,Harness,1660,Pace,40112144,4,Uncle Lukey,LOSER,23,LOSER,3.89,328.6,25,16.5,24,19.37,456.04,810,27,810,40.61,20.48,490.74,3.1,3.1,3.1,3.1,35,20,21,1.04,0.97
9/07/2021,8:54:00 PM,8:54:44 PM,Albion Park,QLD,7,185112811,R7 1660m Pace M,185112812,Harness,1660,Pace,38761780,5,Hot N Gold,LOSER,13,WINNER,2.88,437.3,14,9.2,13,11.79,716.34,780,10,480,18.54,89.49,248.71,2.72,2.42,2.72,2.43,413.1,12.5,14,1.04,0.97
9/07/2021,8:54:00 PM,8:54:44 PM,Albion Park,QLD,7,185112811,R7 1660m Pace M,185112812,Harness,1660,Pace,505916,6,King Of Cool,LOSER,96.41,LOSER,17.32,127.5,260,34,120,94.36,102.51,720,100,720,259.44,2.7,33.4,24,11.5,16.5,12.48,9.48,95,110,1.04,0.97
9/07/2021,8:54:00 PM,8:54:44 PM,Albion Park,QLD,7,185112811,R7 1660m Pace M,185112812,Harness,1660,Pace,28178696,7,Bulldog Brawler,LOSER,207.91,LOSER,103.42,83.62,600,110,220,224.12,30.51,980,680,980,741.88,0.68,23,110,95,110,103.31,1.19,230,300,1.04,0.97
9/07/2021,8:54:00 PM,8:54:44 PM,Albion Park,QLD,7,185112811,R7 1660m Pace M,185112812,Harness,1660,Pace,40112145,8,Lamandier,WINNER,2.36,WINNER,1.31,2976.85,3.05,1.8,2.36,2.44,11518.58,2.62,1.01,1.01,1.18,7685.53,1708.94,1.34,1.29,1.31,1.31,699.93,2.38,2.46,1.04,0.97
9/07/2021,8:54:00 PM,8:54:44 PM,Albion Park,QLD,7,185112811,R7 1660m Pace M,185112812,Harness,1660,Pace,35980961,9,Happy Publicans,LOSER,70,LOSER,8.8,258.48,130,28,60,82.44,172.46,720,65,720,185.96,3.79,169.11,9.4,8.8,9.4,9.12,108.48,80,130,1.04,0.97
9/07/2021,8:54:00 PM,8:54:44 PM,Albion Park,QLD,7,185112811,R7 1660m Pace M,185112812,Harness,1660,Pace,39000660,10,Beta Jewel,LOSER,12.19,LOSER,2.84,591.44,17,9.6,12,10.78,1873.35,900,13,380,87.61,45.08,440.31,2.86,2.46,2.84,2.67,103.45,9.6,10,1.04,0.97
9/07/2021,9:24:00 PM,9:24:34 PM,Albion Park,QLD,8,185112813,R8 2138m Pace M,185112814,Harness,2138,Pace,4420555,1,Alberio,LOSER,2.87,LOSER,1.62,1782.01,3.8,2.56,2.98,3.1,4642.51,270,2.04,110,2.98,3538.18,1089.45,1.65,1.35,1.62,1.52,84.98,3.3,3.4,1.04,0.98
9/07/2021,9:24:00 PM,9:24:34 PM,Albion Park,QLD,8,185112813,R8 2138m Pace M,185112814,Harness,2138,Pace,13497364,2,Tuakana,LOSER,5.84,WINNER,2.14,800.85,5.9,4.6,5.7,5.28,2235.66,720,1.52,290,4.53,740.52,823.44,2.24,1.92,1.92,2.16,1.58,5.5,5.8,1.04,0.98
9/07/2021,9:24:00 PM,9:24:34 PM,Albion Park,QLD,8,185112813,R8 2138m Pace M,185112814,Harness,2138,Pace,9891929,3,Risky Buziness,LOSER,123.03,LOSER,19.4,73.8,120,50,120,82.9,95.03,700,40,700,171.63,8.29,,10.5,10.5,10.5,10.5,15,80,85,1.04,0.98
9/07/2021,9:24:00 PM,9:24:34 PM,Albion Park,QLD,8,185112813,R8 2138m Pace M,185112814,Harness,2138,Pace,26325369,4,Woodlands Wonder,LOSER,23.36,LOSER,5.7,317.02,38,25,28,28.7,159.94,720,18,300,46.41,73.59,130.75,5.8,3.9,4.8,5.05,87.68,23,27,1.04,0.98
9/07/2021,9:24:00 PM,9:24:34 PM,Albion Park,QLD,8,185112813,R8 2138m Pace M,185112814,Harness,2138,Pace,12980245,5,Okanes Devil,LOSER,969.67,LOSER,82,16.98,1000,270,1000,336.52,69.64,990,320,320,965.1,7.25,,48,46,46,47.95,37.98,330,730,1.04,0.98
9/07/2021,9:24:00 PM,9:24:34 PM,Albion Park,QLD,8,185112813,R8 2138m Pace M,185112814,Harness,2138,Pace,12392407,6,Allstar Sea,LOSER,55,LOSER,7.6,120.8,60,36,60,43.59,149.05,300,3.35,300,57.07,21.01,233.54,8.8,7,8.2,8.01,151.34,44,55,1.04,0.98
9/07/2021,9:24:00 PM,9:24:34 PM,Albion Park,QLD,8,185112813,R8 2138m Pace M,185112814,Harness,2138,Pace,25375318,7,Crown Mojo,LOSER,9.52,LOSER,2.97,599.05,14,8.4,9.6,9.83,791.4,190,5,190,11.35,251.65,445.33,3.55,2.74,3.5,3.09,10.96,9.2,9.6,1.04,0.98
9/07/2021,9:24:00 PM,9:24:34 PM,Albion Park,QLD,8,185112813,R8 2138m Pace M,185112814,Harness,2138,Pace,27290353,8,Atomic Bombshell,LOSER,4.23,LOSER,1.74,1759.88,6.4,4.1,4.6,4.63,3053.1,880,3.2,880,7.71,659.33,798.45,1.84,1.7,1.73,1.77,93.31,4.3,4.4,1.04,0.98
9/07/2021,9:24:00 PM,9:24:34 PM,Albion Park,QLD,8,185112813,R8 2138m Pace M,185112814,Harness,2138,Pace,39287449,9,Bee A Blessing,LOSER,73.81,LOSER,6.7,84.35,80,46,75,58.7,128.22,720,3.35,300,20.12,74.39,83.72,8.6,5.3,5.3,5.62,166.24,60,80,1.04,0.98
9/07/2021,9:24:00 PM,9:24:34 PM,Albion Park,QLD,8,185112813,R8 2138m Pace M,185112814,Harness,2138,Pace,26993959,10,Devouged,LOSER,13,WINNER,3.85,388.45,14,11.5,12,12.26,500.18,190,1.42,190,8.11,129.06,377.69,,,,,,11.5,12.5,1.04,0.98
9/07/2021,9:24:00 PM,9:24:34 PM,Albion Park,QLD,8,185112813,R8 2138m Pace M,185112814,Harness,2138,Pace,23054291,11,Miss Fernandez,WINNER,65,WINNER,8.4,98.7,75,42,70,50.34,79.27,160,1.01,1.01,1.65,3012.66,68.72,6.8,6.8,6.8,6.8,22.48,42,55,1.04,0.98
9/07/2021,9:54:00 PM,9:54:40 PM,Albion Park,QLD,9,185112815,R9 1660m Pace M,185112816,Harness,1660,Pace,38014262,1,Leithen Burn,LOSER,2,WINNER,1.26,2574.33,2.44,1.65,1.93,1.88,11343.83,120,1.03,120,1.58,8283.31,1242.33,1.29,1.18,1.24,1.23,2459.87,1.91,1.95,1.03,0.97
9/07/2021,9:54:00 PM,9:54:40 PM,Albion Park,QLD,9,185112815,R9 1660m Pace M,185112816,Harness,1660,Pace,28737178,2,My Ultimate Heston,LOSER,64.2,LOSER,6.2,55.82,65,38,60,46.09,213.01,720,46,720,99.89,20.85,99.79,6.6,5,5.9,5.99,387.78,55,65,1.03,0.97
9/07/2021,9:54:00 PM,9:54:40 PM,Albion Park,QLD,9,185112815,R9 1660m Pace M,185112816,Harness,1660,Pace,39326232,3,Paratrouper,LOSER,8.01,WINNER,2.67,495.36,10.5,6.4,7.8,7.39,754.51,720,4.7,720,11.22,180.01,885.21,2.68,2.08,2.68,2.31,23.58,7.6,8,1.03,0.97
9/07/2021,9:54:00 PM,9:54:40 PM,Albion Park,QLD,9,185112815,R9 1660m Pace M,185112816,Harness,1660,Pace,27131696,4,Barika,LOSER,24,LOSER,4.45,218.85,23,13,21,17.45,186.06,720,18,720,43.81,44.86,275.79,3.7,3.65,3.7,3.67,15.61,17,19,1.03,0.97
9/07/2021,9:54:00 PM,9:54:40 PM,Albion Park,QLD,9,185112815,R9 1660m Pace M,185112816,Harness,1660,Pace,40112146,5,Whata Terror,LOSER,50,LOSER,8.99,128.37,90,40,60,49.94,97.43,720,46,720,88.33,14.17,149.93,7.2,6.6,6.8,6.65,219.55,42,55,1.03,0.97
9/07/2021,9:54:00 PM,9:54:40 PM,Albion Park,QLD,9,185112815,R9 1660m Pace M,185112816,Harness,1660,Pace,12319737,6,Recipe For Dreaming,LOSER,21.77,LOSER,4.27,309.75,34,21,23,24.98,254.77,720,21,720,50.31,23.03,408.1,,,,,,22,24,1.03,0.97
9/07/2021,9:54:00 PM,9:54:40 PM,Albion Park,QLD,9,185112815,R9 1660m Pace M,185112816,Harness,1660,Pace,23632937,7,Onya Doug,LOSER,14.9,LOSER,3.95,465.54,17.5,8,16,12.6,444.7,780,17,780,55.1,24.13,419.34,3.5,2.9,3.5,2.94,0.51,14,16,1.03,0.97
9/07/2021,9:54:00 PM,9:54:40 PM,Albion Park,QLD,9,185112815,R9 1660m Pace M,185112816,Harness,1660,Pace,20602934,8,Betterthanspraying,LOSER,45.92,LOSER,6,162.09,60,38,46,42.85,78.43,720,16.5,720,76.35,13.73,112.26,6,4.5,4.8,5.2,163.36,42,48,1.03,0.97
9/07/2021,9:54:00 PM,9:54:40 PM,Albion Park,QLD,9,185112815,R9 1660m Pace M,185112816,Harness,1660,Pace,19557202,9,Ima Birubi Boy,LOSER,91.28,LOSER,12.56,45.97,160,85,150,116.16,102.26,960,90,960,187.97,6.24,164.81,,,,,,120,130,1.03,0.97
9/07/2021,9:54:00 PM,9:54:40 PM,Albion Park,QLD,9,185112815,R9 1660m Pace M,185112816,Harness,1660,Pace,764775,10,Quick Step,WINNER,6.57,WINNER,2.18,1590.01,13.5,6.8,7,7.85,979.72,140,1.01,1.03,1.82,3014.67,771.73,2.64,2.18,2.18,2.3,14.27,8,8.6,1.03,0.97
9/07/2021,10:18:00 PM,10:18:32 PM,Albion Park,QLD,10,185112817,R10 2138m Trot S,185112818,Harness,2138,Trot,29251972,1,Aldebaran Selena,LOSER,3.65,WINNER,1.83,1457.52,7,3.75,3.9,4.38,1591.8,110,1.28,110,3.49,2116.36,899.27,1.99,1.73,1.99,1.76,12.57,4.7,4.8,1.03,0.94
9/07/2021,10:18:00 PM,10:18:32 PM,Albion Park,QLD,10,185112817,R10 2138m Trot S,185112818,Harness,2138,Trot,28490140,2,Hurrikane Spirit,WINNER,5.39,WINNER,1.99,811.66,7.8,4.2,5.2,5.01,1393.82,24,1.01,1.01,1.47,7957.75,655.35,2.06,1.87,2.06,1.89,0.84,4.7,5.1,1.03,0.94
9/07/2021,10:18:00 PM,10:18:32 PM,Albion Park,QLD,10,185112817,R10 2138m Trot S,185112818,Harness,2138,Trot,26448722,3,Myrtle Beach,LOSER,580,LOSER,36,9.2,580,180,550,307.97,24.16,720,550,720,584.64,1.92,57.91,,,,,,360,570,1.03,0.94
9/07/2021,10:18:00 PM,10:18:32 PM,Albion Park,QLD,10,185112817,R10 2138m Trot S,185112818,Harness,2138,Trot,38262848,4,Touche De Fling,LOSER,34,WINNER,7.55,156.87,42,24,40,30.69,31.22,720,6.4,300,22.55,36.75,189.66,,,,,,34,40,1.03,0.94
9/07/2021,10:18:00 PM,10:18:32 PM,Albion Park,QLD,10,185112817,R10 2138m Trot S,185112818,Harness,2138,Trot,16297571,5,Norahs Fling,LOSER,68.15,LOSER,10.65,63.63,100,46,75,60,33.59,720,110,300,256.23,1.97,172.04,,,,,,65,75,1.03,0.94
9/07/2021,10:18:00 PM,10:18:32 PM,Albion Park,QLD,10,185112817,R10 2138m Trot S,185112818,Harness,2138,Trot,30105462,6,No Love About It,LOSER,218.15,LOSER,24.74,17.88,220,75,140,132.32,39.76,800,50,800,164.78,12.26,83.21,,,,,,160,210,1.03,0.94
9/07/2021,10:18:00 PM,10:18:32 PM,Albion Park,QLD,10,185112817,R10 2138m Trot S,185112818,Harness,2138,Trot,24742793,7,Bourbonontherocks,LOSER,6.8,LOSER,2.84,671.91,11.5,6.4,7,7.45,1049.04,720,3.5,720,30.43,92.47,879.4,3,2.64,2.84,2.93,336.51,6.4,6.8,1.03,0.94
9/07/2021,10:18:00 PM,10:18:32 PM,Albion Park,QLD,10,185112817,R10 2138m Trot S,185112818,Harness,2138,Trot,8631029,8,Mister Chisholm,LOSER,57.96,LOSER,9.55,66.44,46,34,46,40.81,8.94,720,55,720,121.68,5.06,167.98,,,,,,42,48,1.03,0.94
9/07/2021,10:18:00 PM,10:18:32 PM,Albion Park,QLD,10,185112817,R10 2138m Trot S,185112818,Harness,2138,Trot,1205785,9,Hattie,LOSER,31.3,LOSER,5.45,146.69,32,10.5,32,20.66,72.5,720,11,720,41.38,20.19,328.64,,,,,,25,32,1.03,0.94
9/07/2021,10:18:00 PM,10:18:32 PM,Albion Park,QLD,10,185112817,R10 2138m Trot S,185112818,Harness,2138,Trot,23085218,10,Just Call Me Molly,LOSER,4.49,LOSER,1.96,2494.89,5,3.1,4.7,4.09,1761.31,720,2.4,720,5.45,410.45,539.94,1.8,1.68,1.8,1.73,0.79,4.5,5.1,1.03,0.94
9/07/2021,10:18:00 PM,10:18:32 PM,Albion Park,QLD,10,185112817,R10 2138m Trot S,185112818,Harness,2138,Trot,13715314,11,Ima Calvert Rose,LOSER,10.65,LOSER,2.86,365.49,10,7.4,10,8.97,118.23,720,4.1,490,14.25,78.01,389.12,2.9,2.26,2.9,2.35,1.83,9.2,10,1.03,0.94
9/07/2021,7:47:00 PM,7:50:09 PM,Bunbury,WA,1,185113275,R1 2100m Pace M,185113276,Harness,2100,Pace,28161182,1,Lets Rock Tonight,LOSER,5.17,LOSER,1.83,660.18,21,4.6,4.8,5.63,3409.76,30,1.12,1.13,3.54,455.42,584.81,2.7,1.75,1.77,1.91,194.79,5.2,5.3,0.98,0.97
9/07/2021,7:47:00 PM,7:50:09 PM,Bunbury,WA,1,185113275,R1 2100m Pace M,185113276,Harness,2100,Pace,39967770,2,Classnsmart,LOSER,6.81,LOSER,2.1,518.25,6.6,3.35,6.2,5.29,1340.89,490,2.5,290,16.06,201.58,619.2,2.28,1.7,2.22,1.96,131.82,5.2,5.6,0.98,0.97
9/07/2021,7:47:00 PM,7:50:09 PM,Bunbury,WA,1,185113275,R1 2100m Pace M,185113276,Harness,2100,Pace,40112065,3,Miracle Mary,LOSER,46,LOSER,9.5,157.6,80,40,50,51.72,79.08,720,110,720,139.61,4.61,129.01,,,,,,44,48,0.98,0.97
9/07/2021,7:47:00 PM,7:50:09 PM,Bunbury,WA,1,185113275,R1 2100m Pace M,185113276,Harness,2100,Pace,40112066,4,Petrafied,LOSER,22.99,LOSER,4.6,176.13,28,17.5,22,22.71,168.84,100,22,100,28.33,22.96,152.52,4.7,3.6,4.7,4.38,60.48,23,26,0.98,0.97
9/07/2021,7:47:00 PM,7:50:09 PM,Bunbury,WA,1,185113275,R1 2100m Pace M,185113276,Harness,2100,Pace,40112067,5,Silent Reaction,WINNER,6.63,WINNER,2.32,449.09,8.8,6.2,6.2,7.13,1328.2,14.5,1.12,14,4.31,222.31,799.38,2.54,2.28,2.3,2.31,61.87,7.2,7.8,0.98,0.97
9/07/2021,7:47:00 PM,7:50:09 PM,Bunbury,WA,1,185113275,R1 2100m Pace M,185113276,Harness,2100,Pace,39820769,6,Clear Springs,LOSER,13.85,LOSER,3.4,264.7,26,13,13,15.32,758.77,720,4.7,720,21.51,108.84,256.33,3.3,3.25,3.25,3.27,22.27,13,13.5,0.98,0.97
9/07/2021,7:47:00 PM,7:50:09 PM,Bunbury,WA,1,185113275,R1 2100m Pace M,185113276,Harness,2100,Pace,39967773,7,Fleur Du Maquis,LOSER,350,LOSER,58.15,28.79,520,160,370,364.6,65.82,520,2,100,158.48,24.87,32.18,75,29,36,51.59,4.45,360,520,0.98,0.97
9/07/2021,7:47:00 PM,7:50:09 PM,Bunbury,WA,1,185113275,R1 2100m Pace M,185113276,Harness,2100,Pace,39679016,8,Rusinol,LOSER,3.05,WINNER,1.45,1129.91,4.4,2.28,3.05,2.88,13401.44,110,2.04,110,3.06,347.46,1385.46,1.49,1.31,1.48,1.4,492.13,3.5,3.15,0.98,0.97
9/07/2021,7:47:00 PM,7:50:09 PM,Bunbury,WA,1,185113275,R1 2100m Pace M,185113276,Harness,2100,Pace,40112068,9,Our Glowing Star,LOSER,44.29,WINNER,7.85,135.58,46,13,44,31.98,90.64,130,60,110,89.09,2.14,177.16,,,,,,34,40,0.98,0.97
9/07/2021,8:17:00 PM,8:17:23 PM,Bunbury,WA,2,185113277,R2 2100m Pace M,185113278,Harness,2100,Pace,35453028,1,Galactic Lioness,LOSER,17.55,LOSER,2.17,382.79,18,5.5,17,12.09,2043.46,720,8.6,140,21.32,51.75,705.78,2.06,1.7,2,1.83,462.37,14,16,1.03,0.99
9/07/2021,8:17:00 PM,8:17:23 PM,Bunbury,WA,2,185113277,R2 2100m Pace M,185113278,Harness,2100,Pace,40112069,2,Rufusbrandy,LOSER,339.47,LOSER,10.66,25.54,320,55,300,144.03,75.86,950,330,800,407.48,6.61,181.68,13.5,5.6,9.8,8.8,91.14,170,280,1.03,0.99
9/07/2021,8:17:00 PM,8:17:23 PM,Bunbury,WA,2,185113277,R2 2100m Pace M,185113278,Harness,2100,Pace,477912,3,Royal Order,LOSER,6.66,WINNER,1.56,814.18,7.2,4.3,6.4,5.93,1866.5,720,2,720,9.27,336.29,1400.17,1.82,1.47,1.6,1.51,72.43,6.6,7,1.03,0.99
9/07/2021,8:17:00 PM,8:17:23 PM,Bunbury,WA,2,185113277,R2 2100m Pace M,185113278,Harness,2100,Pace,39395815,4,Robo Reactor,LOSER,34,LOSER,4.4,261.7,210,34,38,57.9,278.34,720,34,720,78.55,11.66,348.83,5.5,3.8,3.9,4.6,90.21,36,40,1.03,0.99
9/07/2021,8:17:00 PM,8:17:23 PM,Bunbury,WA,2,185113277,R2 2100m Pace M,185113278,Harness,2100,Pace,24138969,5,Miss Pocket Rocket,LOSER,536.61,WINNER,22.75,13.77,450,250,430,344.86,56.96,920,430,900,536.76,3.86,74.16,21,11.5,16.5,18,15.4,270,430,1.03,0.99
9/07/2021,8:17:00 PM,8:17:23 PM,Bunbury,WA,2,185113277,R2 2100m Pace M,185113278,Harness,2100,Pace,28719431,6,Sweet Sassymolassy,WINNER,1.61,WINNER,1.14,3501.25,2.14,1.5,1.54,1.65,22949.72,2.48,1.01,1.01,1.49,2901.55,1724.98,1.23,1.06,1.11,1.13,9709.52,1.52,1.54,1.03,0.99
9/07/2021,8:17:00 PM,8:17:23 PM,Bunbury,WA,2,185113277,R2 2100m Pace M,185113278,Harness,2100,Pace,9288834,8,Cordoring Road,LOSER,10.36,LOSER,2,804.38,12.5,7.6,11.5,10.26,935.3,720,9.6,720,13.4,184.32,802.4,2.52,1.8,1.96,1.87,86.45,10,11,1.03,0.99
9/07/2021,8:17:00 PM,8:17:23 PM,Bunbury,WA,2,185113277,R2 2100m Pace M,185113278,Harness,2100,Pace,39877292,9,Thats So Fetch,LOSER,135.94,LOSER,9.15,49.25,250,60,100,119.98,169.47,840,110,830,248.17,7.63,189.42,10,7.6,7.6,9.01,28.98,75,100,1.03,0.99
9/07/2021,8:57:00 PM,8:57:32 PM,Bunbury,WA,3,185113279,R3 2100m Pace M,185113280,Harness,2100,Pace,39678920,1,Mega Mach,LOSER,50.15,LOSER,12,57.95,55,32,50,35.67,28.16,300,1.54,140,34.86,51.74,66.15,12,3.9,12,4.25,79.95,34,38,1.03,0.97
9/07/2021,8:57:00 PM,8:57:32 PM,Bunbury,WA,3,185113279,R3 2100m Pace M,185113280,Harness,2100,Pace,40112070,2,Kolisi,LOSER,8.8,WINNER,2.37,338.58,9,7.2,8.6,7.84,1031.12,44,1.12,44,4.28,518.46,640.22,2.42,2.12,2.12,2.17,0.7,7.6,7.8,1.03,0.97
9/07/2021,8:57:00 PM,8:57:32 PM,Bunbury,WA,3,185113279,R3 2100m Pace M,185113280,Harness,2100,Pace,22748248,3,Andiamo Rusty,LOSER,580,LOSER,74.96,11.05,660,140,580,302.48,11.85,720,100,100,143.44,3.03,24.5,,,,,,350,490,1.03,0.97
9/07/2021,8:57:00 PM,8:57:32 PM,Bunbury,WA,3,185113279,R3 2100m Pace M,185113280,Harness,2100,Pace,40112071,4,Icanbolt,LOSER,2.58,LOSER,1.35,1246.03,2.94,2.4,2.6,2.66,2810.59,780,2,780,3.89,2161.39,1195.86,1.38,1.36,1.36,1.37,36.26,2.62,2.72,1.03,0.97
9/07/2021,8:57:00 PM,8:57:32 PM,Bunbury,WA,3,185113279,R3 2100m Pace M,185113280,Harness,2100,Pace,23314786,6,Star In Art,LOSER,38,LOSER,6.55,123.88,85,30,36,37.22,136.89,100,5.3,100,25.98,63.48,241.52,,,,,,36,42,1.03,0.97
9/07/2021,8:57:00 PM,8:57:32 PM,Bunbury,WA,3,185113279,R3 2100m Pace M,185113280,Harness,2100,Pace,27355813,7,Tenacious George,LOSER,44.06,WINNER,16.23,107.84,60,19.5,50,43.17,21.1,720,30,720,55.48,12.9,97.92,23,5,23,5.49,5.23,42,55,1.03,0.97
9/07/2021,8:57:00 PM,8:57:32 PM,Bunbury,WA,3,185113279,R3 2100m Pace M,185113280,Harness,2100,Pace,39010450,8,Disco Demon,LOSER,11.83,LOSER,2.46,394.1,12.5,6.2,10.5,8.32,1644.39,1000,8,1000,146.71,77.16,219.17,2.36,1.97,2.36,2.2,326.54,8.8,9.6,1.03,0.97
9/07/2021,8:57:00 PM,8:57:32 PM,Bunbury,WA,3,185113279,R3 2100m Pace M,185113280,Harness,2100,Pace,40112072,9,Magic Matteo,WINNER,21,WINNER,3.34,130.21,50,20,22,27.64,210.88,60,1.04,1.09,3.53,734.84,76.44,3.85,3.05,3.8,3.34,76.91,25,30,1.03,0.97
9/07/2021,8:57:00 PM,8:57:32 PM,Bunbury,WA,3,185113279,R3 2100m Pace M,185113280,Harness,2100,Pace,40112073,10,Pontevivo,LOSER,3.77,LOSER,1.63,670.14,4.6,3.3,3.75,3.66,2167.11,110,1.88,110,3.54,660.73,992.21,1.86,1.61,1.61,1.73,216.8,3.55,3.8,1.03,0.97
9/07/2021,9:27:00 PM,9:27:48 PM,Bunbury,WA,4,185113281,R4 1609m Pace M,185113282,Harness,1609,Pace,32828537,1,Isaidboo,LOSER,169.22,LOSER,51.25,41.2,160,85,160,106.11,29.44,700,23,700,104.63,28.99,,,,,,,95,130,1.03,0.95
9/07/2021,9:27:00 PM,9:27:48 PM,Bunbury,WA,4,185113281,R4 1609m Pace M,185113282,Harness,1609,Pace,36120661,2,Fireball Friday,LOSER,4.59,LOSER,1.74,1695.72,5.6,3.8,4.4,4.13,3294.79,110,3.35,100,5.96,329.15,1045.08,,,,,,4,4.4,1.03,0.95
9/07/2021,9:27:00 PM,9:27:48 PM,Bunbury,WA,4,185113281,R4 1609m Pace M,185113282,Harness,1609,Pace,5949738,3,Changingoftheguard,LOSER,10.09,WINNER,4.43,386.8,15.5,8.6,8.6,11,835.76,190,5.3,190,8.85,170.16,376.73,19.5,2.9,3.95,4.34,33.75,10.5,12,1.03,0.95
9/07/2021,9:27:00 PM,9:27:48 PM,Bunbury,WA,4,185113281,R4 1609m Pace M,185113282,Harness,1609,Pace,40112074,4,Advance Strike,LOSER,8.65,LOSER,8.94,456.34,8.4,6.6,8.2,7.03,1176.26,100,8.4,85,19.57,27.67,46.52,2.26,2.22,2.26,2.22,20.35,7.6,8,1.03,0.95
9/07/2021,9:27:00 PM,9:27:48 PM,Bunbury,WA,4,185113281,R4 1609m Pace M,185113282,Harness,1609,Pace,19364040,5,Jiving Jolt,LOSER,74.31,LOSER,8.59,78.23,85,55,85,69.85,32.31,300,60,300,72.6,30.15,9.99,,,,,,55,70,1.03,0.95
9/07/2021,9:27:00 PM,9:27:48 PM,Bunbury,WA,4,185113281,R4 1609m Pace M,185113282,Harness,1609,Pace,26493473,6,Ocean Beach,LOSER,13,LOSER,3.52,312.17,12.5,8.4,12.5,10.72,414.79,190,7,110,22.05,43.42,361.83,2.98,2.98,2.98,2.98,1.5,12,12.5,1.03,0.95
9/07/2021,9:27:00 PM,9:27:48 PM,Bunbury,WA,4,185113281,R4 1609m Pace M,185113282,Harness,1609,Pace,22862921,8,Our Star Carly,LOSER,62.09,LOSER,8.3,110.67,110,48,55,56.13,164.2,720,25,720,61.44,11.85,233.95,9,8.6,8.6,8.93,55.08,48,55,1.03,0.95
9/07/2021,9:27:00 PM,9:27:48 PM,Bunbury,WA,4,185113281,R4 1609m Pace M,185113282,Harness,1609,Pace,27408248,9,Flaming Cullen,LOSER,97.01,LOSER,33.68,60.78,140,50,110,85.86,31.81,720,24,720,72.34,5.79,7.4,8.4,8.4,8.4,8.4,50,75,120,1.03,0.95
9/07/2021,9:27:00 PM,9:27:48 PM,Bunbury,WA,4,185113281,R4 1609m Pace M,185113282,Harness,1609,Pace,27767789,10,Navajo Outawagga,LOSER,75,LOSER,37.22,78.52,80,36,80,46.2,114.29,720,18.5,720,94.07,30.99,51,,,,,,60,75,1.03,0.95
9/07/2021,9:27:00 PM,9:27:48 PM,Bunbury,WA,4,185113281,R4 1609m Pace M,185113282,Harness,1609,Pace,40112075,11,Illawong Mustang,LOSER,3.8,WINNER,1.68,1155.6,4.6,3.2,3.7,3.66,4389.52,15,1.99,15,3.36,694.06,678.99,,,,,,3.7,3.85,1.03,0.95
9/07/2021,9:27:00 PM,9:27:48 PM,Bunbury,WA,4,185113281,R4 1609m Pace M,185113282,Harness,1609,Pace,37017034,12,Rockin Jetstar,WINNER,7.84,WINNER,2.85,704.76,9.4,6.8,8.4,8.11,456.37,23,1.07,1.08,2.56,374.05,224.53,2.46,2.46,2.46,2.46,0.32,8.2,8.6,1.03,0.95
9/07/2021,9:52:00 PM,9:52:56 PM,Bunbury,WA,5,185113283,R5 2100m Pace M,185113284,Harness,2100,Pace,22989521,1,Areu Talkin,LOSER,4.8,LOSER,2,758.51,6.8,3.3,4.8,4.52,4506.24,29,2,5,3.54,996.98,838.88,3,1.78,1.92,2.01,128.13,4.9,5.7,1.05,0.95
9/07/2021,9:52:00 PM,9:52:56 PM,Bunbury,WA,5,185113283,R5 2100m Pace M,185113284,Harness,2100,Pace,37467857,2,Paroquet,LOSER,100,LOSER,22.74,52.62,160,50,130,82.89,27.58,300,38,300,75.29,4.73,80.75,,,,,,80,110,1.05,0.95
9/07/2021,9:52:00 PM,9:52:56 PM,Bunbury,WA,5,185113283,R5 2100m Pace M,185113284,Harness,2100,Pace,28290698,3,Follow My Stride,LOSER,8.95,LOSER,2.6,435.97,9.2,7,8.6,7.82,885.61,70,7,70,10.86,50.53,160.44,2.6,2.54,2.6,2.59,3.73,8.2,8.6,1.05,0.95
9/07/2021,9:52:00 PM,9:52:56 PM,Bunbury,WA,5,185113283,R5 2100m Pace M,185113284,Harness,2100,Pace,39465413,4,Dynamite Dolly,LOSER,7.28,LOSER,2.97,687.13,8,5.9,7.8,6.89,729.71,290,6.2,140,17.46,64.26,137.56,2.36,2.34,2.36,2.34,12.44,6.6,7.2,1.05,0.95
9/07/2021,9:52:00 PM,9:52:56 PM,Bunbury,WA,5,185113283,R5 2100m Pace M,185113284,Harness,2100,Pace,7129796,5,Courage To Dance,LOSER,37.72,LOSER,11.48,132.12,48,29,46,34.79,225.51,100,12,100,33.01,15.27,139.63,,,,,,26,30,1.05,0.95
9/07/2021,9:52:00 PM,9:52:56 PM,Bunbury,WA,5,185113283,R5 2100m Pace M,185113284,Harness,2100,Pace,38352150,6,Cloudy Reactor,LOSER,26.68,LOSER,10.95,245.49,29,19.5,25,24.2,151.09,300,10,110,28.9,29.36,141.02,5.1,5.1,5.1,5.1,10,21,25,1.05,0.95
9/07/2021,9:52:00 PM,9:52:56 PM,Bunbury,WA,5,185113283,R5 2100m Pace M,185113284,Harness,2100,Pace,39387688,7,No Pips Given,LOSER,38.5,LOSER,11.7,132.58,130,30,36,45.13,218.36,100,36,100,43.26,23.03,89.74,,,,,,50,60,1.05,0.95
9/07/2021,9:52:00 PM,9:52:56 PM,Bunbury,WA,5,185113283,R5 2100m Pace M,185113284,Harness,2100,Pace,19647664,8,Jovovich,LOSER,5.61,WINNER,2.41,590.61,6.2,4.3,5.5,5.05,1209.94,48,1.62,24,3.32,146.57,683.78,2.3,2.04,2.06,2.09,151.9,5.2,5.4,1.05,0.95
9/07/2021,9:52:00 PM,9:52:56 PM,Bunbury,WA,5,185113283,R5 2100m Pace M,185113284,Harness,2100,Pace,28255527,9,Major Dazzler,LOSER,173.01,LOSER,11.9,32.21,160,90,160,110.63,40.3,700,48,700,140.78,9.95,106.06,,,,,,100,120,1.05,0.95
9/07/2021,9:52:00 PM,9:52:56 PM,Bunbury,WA,5,185113283,R5 2100m Pace M,185113284,Harness,2100,Pace,36864527,10,Cluster Star,LOSER,16.59,WINNER,7.88,291.9,20,12.5,13.5,15.41,571.54,100,10,100,19.69,24.77,181.61,4.2,4.2,4.2,4.2,5.55,14.5,17,1.05,0.95
9/07/2021,9:52:00 PM,9:52:56 PM,Bunbury,WA,5,185113283,R5 2100m Pace M,185113284,Harness,2100,Pace,34173400,11,Rockin The Trend,WINNER,7.08,WINNER,2.73,370.37,14,6.6,6.8,7.87,1140.13,30,1.13,1.34,9.54,181.66,290.71,2.98,2.32,2.48,2.53,10.24,8,8.2,1.05,0.95
9/07/2021,9:52:00 PM,9:52:56 PM,Bunbury,WA,5,185113283,R5 2100m Pace M,185113284,Harness,2100,Pace,40112076,12,El Jessie,LOSER,23.85,WINNER,10.6,155.98,25,17.5,23,20.12,191.89,100,5.7,100,8.25,331.55,171.76,,,,,,19,21,1.05,0.95
9/07/2021,10:23:00 PM,10:25:14 PM,Bunbury,WA,6,185113285,R6 2503m Pace S,185113286,Harness,2503,Pace,40112077,1,Celebrity Chef,LOSER,26.9,WINNER,3.13,334.07,26,9.6,25,18.96,234.93,560,9.4,560,33.76,26.52,417.37,2.22,2.16,2.18,2.2,37.63,17.5,24,1.05,0.97
9/07/2021,10:23:00 PM,10:25:14 PM,Bunbury,WA,6,185113285,R6 2503m Pace S,185113286,Harness,2503,Pace,22674280,2,Over Armed,LOSER,43.12,LOSER,3.61,264.95,48,21,42,35.48,227,580,13.5,230,40.06,30.12,559.62,3.8,3.15,3.65,3.44,398.59,34,36,1.05,0.97
9/07/2021,10:23:00 PM,10:25:14 PM,Bunbury,WA,6,185113285,R6 2503m Pace S,185113286,Harness,2503,Pace,20256275,3,How Gouda She,LOSER,48.91,LOSER,6.33,271.01,60,25,48,42.91,190.34,590,15,590,46.45,27.37,273.84,6.6,6.6,6.6,6.6,3.87,40,46,1.05,0.97
9/07/2021,10:23:00 PM,10:25:14 PM,Bunbury,WA,6,185113285,R6 2503m Pace S,185113286,Harness,2503,Pace,24718293,4,Hotfoot It,LOSER,4.87,WINNER,1.42,1771.76,6.2,4.2,4.9,4.88,3183.52,540,7,540,23.49,55.95,535.94,1.62,1.4,1.44,1.42,94.72,4.5,5.1,1.05,0.97
9/07/2021,10:23:00 PM,10:25:14 PM,Bunbury,WA,6,185113285,R6 2503m Pace S,185113286,Harness,2503,Pace,28307019,5,Tiza New Day,LOSER,39.78,LOSER,4.35,392,40,23,40,30.25,498.31,720,42,720,107.78,6.43,365.45,4.8,4.8,4.8,4.8,5.31,26,38,1.05,0.97
9/07/2021,10:23:00 PM,10:25:14 PM,Bunbury,WA,6,185113285,R6 2503m Pace S,185113286,Harness,2503,Pace,23585016,6,Awaitinginstructions,WINNER,1.58,WINNER,1.11,2630.64,1.95,1.5,1.59,1.63,22303.01,1.54,1.01,1.01,1.1,3811.59,693.86,1.12,1.09,1.11,1.11,428.31,1.61,1.64,1.05,0.97
9/07/2021,10:23:00 PM,10:25:14 PM,Bunbury,WA,6,185113285,R6 2503m Pace S,185113286,Harness,2503,Pace,12945058,7,Call Me Ernie,LOSER,204.89,LOSER,38.58,111.97,600,75,300,300.66,74.12,900,700,720,707.01,0.57,50.76,18,9.8,18,10.49,5.46,290,410,1.05,0.97
9/07/2021,10:23:00 PM,10:25:14 PM,Bunbury,WA,6,185113285,R6 2503m Pace S,185113286,Harness,2503,Pace,24237671,8,Bountiful Reactor,LOSER,21.28,LOSER,2.8,426.73,27,17.5,20,20.37,405.72,720,28,720,85.12,8.62,497.83,3.55,2.74,2.82,2.81,27.2,19.5,22,1.05,0.97
9/07/2021,11:00:00 PM,11:00:07 PM,Bunbury,WA,7,185113287,R7 2100m Pace M,185113288,Harness,2100,Pace,27078467,1,Ainsworth,LOSER,3.11,WINNER,1.65,1581.64,4.6,2.92,3.15,3.03,4928.62,55,1.95,55,2.89,1329.32,1248.14,1.89,1.65,1.65,1.73,379,2.9,3,1.05,0.98
9/07/2021,11:00:00 PM,11:00:07 PM,Bunbury,WA,7,185113287,R7 2100m Pace M,185113288,Harness,2100,Pace,11410415,2,Beware Of Darkness,LOSER,428.53,LOSER,170,57.13,880,160,400,430.82,24.27,330,90,270,169.53,72.54,,44,44,44,44,3.7,380,800,1.05,0.98
9/07/2021,11:00:00 PM,11:00:07 PM,Bunbury,WA,7,185113287,R7 2100m Pace M,185113288,Harness,2100,Pace,25000383,3,Advance Your Dream,WINNER,2.84,WINNER,1.61,1631.89,3.05,2.2,2.84,2.82,2646.43,5.5,1.07,1.09,2.24,2136.97,1421.43,1.79,1.57,1.77,1.72,79.47,2.84,2.92,1.05,0.98
9/07/2021,11:00:00 PM,11:00:07 PM,Bunbury,WA,7,185113287,R7 2100m Pace M,185113288,Harness,2100,Pace,20363249,4,Kirsten,LOSER,7.8,LOSER,3.09,553.42,8.8,5.5,8,7.29,204.24,170,5.5,170,17.92,75.66,607.29,2.68,2.68,2.68,2.68,0.12,7.2,8.6,1.05,0.98
9/07/2021,11:00:00 PM,11:00:07 PM,Bunbury,WA,7,185113287,R7 2100m Pace M,185113288,Harness,2100,Pace,11608438,5,Miracle Max,LOSER,75.8,LOSER,28.32,78.74,120,75,80,85.15,21.88,720,32,720,74.02,69.1,62.46,14.5,14.5,14.5,14.5,3.7,80,120,1.05,0.98
9/07/2021,11:00:00 PM,11:00:07 PM,Bunbury,WA,7,185113287,R7 2100m Pace M,185113288,Harness,2100,Pace,23315912,6,Triple Brie,LOSER,11.9,LOSER,5.13,610.86,25,10.5,12.5,12.91,889.25,170,4.2,170,9.28,301.45,366.63,4.6,4.2,4.2,4.59,5.39,12,13.5,1.05,0.98
9/07/2021,11:00:00 PM,11:00:07 PM,Bunbury,WA,7,185113287,R7 2100m Pace M,185113288,Harness,2100,Pace,12624610,7,Heza Head Honcho,LOSER,10.38,LOSER,4.32,452.46,12.5,8,9,9.04,173.67,80,4,80,5.96,260.46,413.33,,,,,,8.6,9.8,1.05,0.98
9/07/2021,4:20:00 PM,4:22:15 PM,Cambridge,NZ,1,185117248,R1 2200m Trot S,185117249,Harness,2200,Trot,271655,1,Demolition Man,WINNER,,WINNER,,,8.6,6.6,7,7.5,89.93,,,,,,,2.96,2.58,2.96,2.63,88.98,7.4,11,1.12,0.82
9/07/2021,4:20:00 PM,4:22:15 PM,Cambridge,NZ,1,185117248,R1 2200m Trot S,185117249,Harness,2200,Trot,37017089,2,Highview Rockn Roll,LOSER,,WINNER,,,9.8,6.4,7.6,7.25,138.43,,,,,,,2.28,2.28,2.28,2.28,60,7.4,10,1.12,0.82
9/07/2021,4:20:00 PM,4:22:15 PM,Cambridge,NZ,1,185117248,R1 2200m Trot S,185117249,Harness,2200,Trot,8295603,3,Sir Henry Castleton,LOSER,,LOSER,,,32,14,14,19.51,15.78,,,,,,,,,,,,14.5,22,1.12,0.82
9/07/2021,4:20:00 PM,4:22:15 PM,Cambridge,NZ,1,185117248,R1 2200m Trot S,185117249,Harness,2200,Trot,35921141,4,Random Jude,LOSER,,LOSER,,,60,26,29,38.95,7.86,,,,,,,,,,,,25,50,1.12,0.82
9/07/2021,4:20:00 PM,4:22:15 PM,Cambridge,NZ,1,185117248,R1 2200m Trot S,185117249,Harness,2200,Trot,28863246,5,Tramps Like Us,LOSER,,LOSER,,,38,18,18.5,20.4,39.44,,,,,,,,,,,,19,38,1.12,0.82
9/07/2021,4:20:00 PM,4:22:15 PM,Cambridge,NZ,1,185117248,R1 2200m Trot S,185117249,Harness,2200,Trot,14048611,7,The Last Gamble,LOSER,,LOSER,,,27,11.5,12.5,16.36,33.51,,,,,,,,,,,,11.5,26,1.12,0.82
9/07/2021,4:20:00 PM,4:22:15 PM,Cambridge,NZ,1,185117248,R1 2200m Trot S,185117249,Harness,2200,Trot,17759154,8,Safrakova,LOSER,,WINNER,,,16.5,10.5,13,14.09,17.03,,,,,,,3,2.82,3,2.87,49,10.5,16,1.12,0.82
9/07/2021,4:20:00 PM,4:22:15 PM,Cambridge,NZ,1,185117248,R1 2200m Trot S,185117249,Harness,2200,Trot,13035500,9,Bro Fawkes S,LOSER,,LOSER,,,38,17,34,29.22,6.64,,,,,,,4,4,4,4,20,17,32,1.12,0.82
9/07/2021,4:20:00 PM,4:22:15 PM,Cambridge,NZ,1,185117248,R1 2200m Trot S,185117249,Harness,2200,Trot,36331333,10,Maudarchy,LOSER,,LOSER,,,3,2.4,2.64,2.57,734.16,,,,,,,1.59,1.59,1.59,1.59,5.97,2.72,2.74,1.12,0.82
9/07/2021,4:20:00 PM,4:22:15 PM,Cambridge,NZ,1,185117248,R1 2200m Trot S,185117249,Harness,2200,Trot,25888237,11,Reign,LOSER,,LOSER,,,190,60,120,106.44,8.54,,,,,,,,,,,,29,60,1.12,0.82
9/07/2021,4:20:00 PM,4:22:15 PM,Cambridge,NZ,1,185117248,R1 2200m Trot S,185117249,Harness,2200,Trot,37199434,12,Wynberg Watch,LOSER,,LOSER,,,55,16.5,19,21.78,31.53,,,,,,,,,,,,21,36,1.12,0.82
9/07/2021,4:49:00 PM,4:49:42 PM,Cambridge,NZ,2,185117250,R2 2200m Pace M,185117251,Harness,2200,Pace,40112090,1,Katchinka,LOSER,,LOSER,,,400,90,90,284.17,2.52,,,,,,,,,,,,75,210,1.06,0.96
9/07/2021,4:49:00 PM,4:49:42 PM,Cambridge,NZ,2,185117250,R2 2200m Pace M,185117251,Harness,2200,Pace,40112091,2,Korloff Noir,LOSER,,WINNER,,,3.75,2.96,2.96,3.45,735.52,,,,,,,1.81,1.81,1.81,1.81,0.09,3.45,3.5,1.06,0.96
9/07/2021,4:49:00 PM,4:49:42 PM,Cambridge,NZ,2,185117250,R2 2200m Pace M,185117251,Harness,2200,Pace,644136,3,Watch And Learn,LOSER,,WINNER,,,7,5.7,6.2,6.08,106.78,,,,,,,,,,,,6.2,6.4,1.06,0.96
9/07/2021,4:49:00 PM,4:49:42 PM,Cambridge,NZ,2,185117250,R2 2200m Pace M,185117251,Harness,2200,Pace,9023257,4,Mozzarella,LOSER,,LOSER,,,390,80,85,185.28,7.62,,,,,,,,,,,,70,290,1.06,0.96
9/07/2021,4:49:00 PM,4:49:42 PM,Cambridge,NZ,2,185117250,R2 2200m Pace M,185117251,Harness,2200,Pace,40112092,5,Shanlou,WINNER,,WINNER,,,3.95,3.5,3.95,3.68,161.21,,,,,,,1.51,1.41,1.51,1.45,39,3.65,4,1.06,0.96
9/07/2021,4:49:00 PM,4:49:42 PM,Cambridge,NZ,2,185117250,R2 2200m Pace M,185117251,Harness,2200,Pace,4049721,6,Baba Yaga,LOSER,,LOSER,,,75,13,60,36.34,37.7,,,,,,,6.8,6.8,6.8,6.8,3.7,23,32,1.06,0.96
9/07/2021,4:49:00 PM,4:49:42 PM,Cambridge,NZ,2,185117250,R2 2200m Pace M,185117251,Harness,2200,Pace,39369027,7,Wet Flipflops,LOSER,,LOSER,,,9.8,8,8.6,8.66,121.32,,,,,,,2.32,2.3,2.3,2.32,37.12,8.6,9,1.06,0.96
9/07/2021,4:49:00 PM,4:49:42 PM,Cambridge,NZ,2,185117250,R2 2200m Pace M,185117251,Harness,2200,Pace,39067110,8,Je Taime,LOSER,,LOSER,,,95,50,60,65.11,21.85,,,,,,,,,,,,27,55,1.06,0.96
9/07/2021,4:49:00 PM,4:49:42 PM,Cambridge,NZ,2,185117250,R2 2200m Pace M,185117251,Harness,2200,Pace,40112093,9,Sky Full Of Stars,LOSER,,LOSER,,,9.8,8.2,8.6,8.78,88.66,,,,,,,,,,,,9.2,9.6,1.06,0.96
9/07/2021,5:19:00 PM,5:19:57 PM,Cambridge,NZ,3,185117252,R3 2200m Pace M,185117253,Harness,2200,Pace,27777921,1,Scottish Poacher,LOSER,,LOSER,,,55,20,25,24.36,67.4,,,,,,,4.8,4.8,4.8,4.8,25,24,46,1.11,0.9
9/07/2021,5:19:00 PM,5:19:57 PM,Cambridge,NZ,3,185117252,R3 2200m Pace M,185117253,Harness,2200,Pace,26299353,2,Billy Idol,LOSER,,LOSER,,,290,140,170,175.82,2.31,,,,,,,17.5,17.5,17.5,17.5,3.7,75,170,1.11,0.9
9/07/2021,5:19:00 PM,5:19:57 PM,Cambridge,NZ,3,185117252,R3 2200m Pace M,185117253,Harness,2200,Pace,39967740,3,Matai Louis,LOSER,,WINNER,,,4.7,2.98,3.35,3.49,924.89,,,,,,,1.87,1.49,1.49,1.54,35.03,3.3,4.2,1.11,0.9
9/07/2021,5:19:00 PM,5:19:57 PM,Cambridge,NZ,3,185117252,R3 2200m Pace M,185117253,Harness,2200,Pace,17427238,4,Harvey Specter,LOSER,,LOSER,,,4.4,2.98,3.05,3.54,1513.05,,,,,,,1.48,1.38,1.41,1.4,2069.38,3.1,3.3,1.11,0.9
9/07/2021,5:19:00 PM,5:19:57 PM,Cambridge,NZ,3,185117252,R3 2200m Pace M,185117253,Harness,2200,Pace,40112094,5,Victor Bravo,LOSER,,LOSER,,,46,22,46,34.28,46.97,,,,,,,6,5,5.3,5.14,51.5,25,48,1.11,0.9
9/07/2021,5:19:00 PM,5:19:57 PM,Cambridge,NZ,3,185117252,R3 2200m Pace M,185117253,Harness,2200,Pace,639019,7,Mr Wonderful,LOSER,,LOSER,,,11,7.4,10.5,9.43,128.26,,,,,,,2.98,2.52,2.52,2.53,5.48,8.2,10,1.11,0.9
9/07/2021,5:19:00 PM,5:19:57 PM,Cambridge,NZ,3,185117252,R3 2200m Pace M,185117253,Harness,2200,Pace,40112097,9,Ideal Tomado,WINNER,,WINNER,,,70,22,46,53.63,6.93,,,,,,,,,,,,28,42,1.11,0.9
9/07/2021,5:19:00 PM,5:19:57 PM,Cambridge,NZ,3,185117252,R3 2200m Pace M,185117253,Harness,2200,Pace,3714828,10,Barbarossa,LOSER,,WINNER,,,85,24,50,55.08,8.59,,,,,,,,,,,,42,55,1.11,0.9
9/07/2021,5:19:00 PM,5:19:57 PM,Cambridge,NZ,3,185117252,R3 2200m Pace M,185117253,Harness,2200,Pace,40112098,11,Supersede,LOSER,,LOSER,,,5.9,3.8,5.2,4.83,190.78,,,,,,,1.99,1.8,1.8,1.81,0.59,4.8,5.8,1.11,0.9
9/07/2021,5:49:00 PM,5:49:10 PM,Cambridge,NZ,4,185117254,R4 2200m Trot S,185117255,Harness,2200,Trot,26801250,1,Strength Of Heart,LOSER,,LOSER,,,27,27,27,27,5,,,,,,,5.5,5.5,5.5,5.5,10,29,48,1.06,0.88
9/07/2021,5:49:00 PM,5:49:10 PM,Cambridge,NZ,4,185117254,R4 2200m Trot S,185117255,Harness,2200,Trot,21926636,2,Minnie Bow Tique,LOSER,,LOSER,,,14.5,12,12.5,13.2,20.8,,,,,,,3.8,3.8,3.8,3.8,0.1,12.5,13.5,1.06,0.88
9/07/2021,5:49:00 PM,5:49:10 PM,Cambridge,NZ,4,185117254,R4 2200m Trot S,185117255,Harness,2200,Trot,9248912,3,Grey Stoke,LOSER,,LOSER,,,18,13,17.5,15.98,1.56,,,,,,,,,,,,14,18,1.06,0.88
9/07/2021,5:49:00 PM,5:49:10 PM,Cambridge,NZ,4,185117254,R4 2200m Trot S,185117255,Harness,2200,Trot,27121935,4,Majestic Harry,LOSER,,LOSER,,,18.5,17.5,17.5,18.03,5.26,,,,,,,4.4,4.4,4.4,4.4,5,18,38,1.06,0.88
9/07/2021,5:49:00 PM,,Cambridge,NZ,4,185117254,R4 2200m Trot S,185117255,Harness,2200,Trot,13738663,5,Still Eyre,LOSER,,LOSER,,,,,,,,,,,,,,,,,,,,,,
9/07/2021,5:49:00 PM,,Cambridge,NZ,4,185117254,R4 2200m Trot S,185117255,Harness,2200,Trot,24796698,6,Griffins Hall,LOSER,,LOSER,,,,,,,,,,,,,,,,,,,,,,
9/07/2021,5:49:00 PM,5:49:10 PM,Cambridge,NZ,4,185117254,R4 2200m Trot S,185117255,Harness,2200,Trot,7599430,7,The Hulk,LOSER,,LOSER,,,21,19,21,19.18,5.56,,,,,,,,,,,,21,42,1.06,0.88
9/07/2021,5:49:00 PM,5:49:10 PM,Cambridge,NZ,4,185117254,R4 2200m Trot S,185117255,Harness,2200,Trot,28209200,8,Presidential Jewel,LOSER,,WINNER,,,4.2,3.55,3.9,3.76,12.86,,,,,,,,,,,,3.9,4.2,1.06,0.88
9/07/2021,5:49:00 PM,5:49:10 PM,Cambridge,NZ,4,185117254,R4 2200m Trot S,185117255,Harness,2200,Trot,38524050,9,Ivegotbills,WINNER,,WINNER,,,4.6,3.65,4,3.98,154.79,,,,,,,,,,,,3.8,4,1.06,0.88
9/07/2021,5:49:00 PM,5:49:10 PM,Cambridge,NZ,4,185117254,R4 2200m Trot S,185117255,Harness,2200,Trot,18528206,10,As Free As Air,LOSER,,LOSER,,,55,34,48,45.91,5.74,,,,,,,,,,,,25,60,1.06,0.88
9/07/2021,5:49:00 PM,5:49:10 PM,Cambridge,NZ,4,185117254,R4 2200m Trot S,185117255,Harness,2200,Trot,28015099,11,Phoebe Imperial,LOSER,,WINNER,,,8.8,7.8,8,8.28,29.29,,,,,,,2.5,2.5,2.5,2.5,10,7.6,8,1.06,0.88
9/07/2021,6:19:00 PM,6:19:45 PM,Cambridge,NZ,5,185117256,R5 2700m Pace M,185117257,Harness,2700,Pace,28003536,1,Frankie Jones,LOSER,,LOSER,,,22,9,17,12.79,13.55,,,,,,,8,8,8,8,5.54,14,21,1.08,0.9
9/07/2021,6:19:00 PM,6:19:45 PM,Cambridge,NZ,5,185117256,R5 2700m Pace M,185117257,Harness,2700,Pace,1403831,3,Comic Book Hero,LOSER,,LOSER,,,60,22,36,30.62,5.44,,,,,,,,,,,,28,60,1.08,0.9
9/07/2021,6:19:00 PM,6:19:45 PM,Cambridge,NZ,5,185117256,R5 2700m Pace M,185117257,Harness,2700,Pace,3638015,4,Satchmo,LOSER,,LOSER,,,5.3,3,4.7,3.91,123.85,,,,,,,,,,,,3.85,4.1,1.08,0.9
9/07/2021,6:19:00 PM,6:19:45 PM,Cambridge,NZ,5,185117256,R5 2700m Pace M,185117257,Harness,2700,Pace,1044319,5,Mailman,WINNER,,WINNER,,,3.15,2.46,2.6,2.66,537.75,,,,,,,1.88,1.5,1.61,1.52,55.56,2.52,3.15,1.08,0.9
9/07/2021,6:19:00 PM,6:19:45 PM,Cambridge,NZ,5,185117256,R5 2700m Pace M,185117257,Harness,2700,Pace,3113417,6,Mahia,LOSER,,LOSER,,,32,14.5,20,17.02,32.43,,,,,,,,,,,,18,25,1.08,0.9
9/07/2021,6:19:00 PM,6:19:45 PM,Cambridge,NZ,5,185117256,R5 2700m Pace M,185117257,Harness,2700,Pace,25875048,7,Brookies Jaffa,LOSER,,WINNER,,,5.8,3.4,3.4,3.87,549.33,,,,,,,1.96,1.96,1.96,1.96,36.95,3.9,4.3,1.08,0.9
9/07/2021,6:49:00 PM,6:49:41 PM,Cambridge,NZ,6,185117258,R6 2700m Pace M,185117259,Harness,2700,Pace,39967739,1,Triple Four,LOSER,,WINNER,,,5.2,3.45,3.5,3.83,395.98,,,,,,,1.86,1.75,1.86,1.8,42.36,3.85,4.8,1.16,0.87
9/07/2021,6:49:00 PM,6:49:41 PM,Cambridge,NZ,6,185117258,R6 2700m Pace M,185117259,Harness,2700,Pace,40112099,2,Sheza Rose,LOSER,,LOSER,,,24,17.5,19,20.02,35.3,,,,,,,4.7,3.85,3.85,4.32,20,19,21,1.16,0.87
9/07/2021,6:49:00 PM,6:49:41 PM,Cambridge,NZ,6,185117258,R6 2700m Pace M,185117259,Harness,2700,Pace,27399201,3,Werent Watching,LOSER,,LOSER,,,14,9.8,11,12.29,59.32,,,,,,,,,,,,9.8,11.5,1.16,0.87
9/07/2021,6:49:00 PM,6:49:41 PM,Cambridge,NZ,6,185117258,R6 2700m Pace M,185117259,Harness,2700,Pace,17310998,4,Jungle Gem,LOSER,,LOSER,,,27,27,27,27,5,,,,,,,,,,,,26,46,1.16,0.87
9/07/2021,6:49:00 PM,6:49:41 PM,Cambridge,NZ,6,185117258,R6 2700m Pace M,185117259,Harness,2700,Pace,27290075,5,Ticking Over,LOSER,,LOSER,,,60,25,40,44.64,10.22,,,,,,,,,,,,25,40,1.16,0.87
9/07/2021,6:49:00 PM,6:49:41 PM,Cambridge,NZ,6,185117258,R6 2700m Pace M,185117259,Harness,2700,Pace,39797163,6,Tennessee Honey,LOSER,,LOSER,,,17.5,12.5,13,14.77,20.45,,,,,,,,,,,,13,17.5,1.16,0.87
9/07/2021,6:49:00 PM,6:49:41 PM,Cambridge,NZ,6,185117258,R6 2700m Pace M,185117259,Harness,2700,Pace,38459426,7,Claudia Schiffer,LOSER,,WINNER,,,6.6,4.2,4.8,4.92,142.64,,,,,,,1.98,1.8,1.98,1.96,50.36,4.6,5.9,1.16,0.87
9/07/2021,6:49:00 PM,6:49:41 PM,Cambridge,NZ,6,185117258,R6 2700m Pace M,185117259,Harness,2700,Pace,37749146,8,Bodrum Boy,LOSER,,LOSER,,,46,38,46,39.26,4.25,,,,,,,,,,,,32,46,1.16,0.87
9/07/2021,6:49:00 PM,6:49:41 PM,Cambridge,NZ,6,185117258,R6 2700m Pace M,185117259,Harness,2700,Pace,38404929,9,Hooray Henry,WINNER,,WINNER,,,10.5,5.5,9.4,7.11,145.08,,,,,,,,,,,,6.8,9.2,1.16,0.87
9/07/2021,6:49:00 PM,6:49:41 PM,Cambridge,NZ,6,185117258,R6 2700m Pace M,185117259,Harness,2700,Pace,39876759,10,Imelda May,LOSER,,LOSER,,,50,18,18,29.94,21.51,,,,,,,,,,,,19.5,40,1.16,0.87
9/07/2021,6:49:00 PM,6:49:41 PM,Cambridge,NZ,6,185117258,R6 2700m Pace M,185117259,Harness,2700,Pace,40112100,11,Cotton Socks,LOSER,,LOSER,,,50,16.5,36,25.2,37.93,,,,,,,,,,,,16.5,36,1.16,0.87
9/07/2021,6:49:00 PM,6:49:41 PM,Cambridge,NZ,6,185117258,R6 2700m Pace M,185117259,Harness,2700,Pace,39519585,12,Tintoretto,LOSER,,LOSER,,,140,50,50,86.63,1.7,,,,,,,,,,,,38,50,1.16,0.87
9/07/2021,6:49:00 PM,6:49:41 PM,Cambridge,NZ,6,185117258,R6 2700m Pace M,185117259,Harness,2700,Pace,36513925,13,Jaccka Cooper,LOSER,,LOSER,,,22,16,16.5,20.06,57.98,,,,,,,,,,,,16.5,19,1.16,0.87
9/07/2021,7:20:00 PM,7:20:32 PM,Cambridge,NZ,7,185117260,R7 2700m Pace M,185117261,Harness,2700,Pace,28536570,1,Kayla Maguire,WINNER,,WINNER,,,12.5,9,9.2,9.93,26.75,,,,,,,,,,,,9.6,12.5,1.12,0.97
9/07/2021,7:20:00 PM,7:20:32 PM,Cambridge,NZ,7,185117260,R7 2700m Pace M,185117261,Harness,2700,Pace,5596750,3,Its A Laugh,LOSER,,LOSER,,,32,17,21,21.98,23.87,,,,,,,,,,,,23,32,1.12,0.97
9/07/2021,7:20:00 PM,7:20:32 PM,Cambridge,NZ,7,185117260,R7 2700m Pace M,185117261,Harness,2700,Pace,35683009,5,Suidelike Major,LOSER,,LOSER,,,4.5,3.75,3.75,3.99,37.85,,,,,,,2.18,2.18,2.18,2.18,0.36,3.6,4.2,1.12,0.97
9/07/2021,7:20:00 PM,7:20:32 PM,Cambridge,NZ,7,185117260,R7 2700m Pace M,185117261,Harness,2700,Pace,21530510,6,Itsthefinalcountdown,LOSER,,LOSER,,,40,38,40,39.62,0.1,,,,,,,,,,,,27,40,1.12,0.97
9/07/2021,7:20:00 PM,7:20:32 PM,Cambridge,NZ,7,185117260,R7 2700m Pace M,185117261,Harness,2700,Pace,36496801,7,Romanee,LOSER,,LOSER,,,12.5,7.4,7.8,9.92,123.01,,,,,,,4.9,2.62,3.05,3.56,77.27,7.6,8,1.12,0.97
9/07/2021,7:20:00 PM,7:20:32 PM,Cambridge,NZ,7,185117260,R7 2700m Pace M,185117261,Harness,2700,Pace,22032732,8,Starry Star,LOSER,,WINNER,,,4.5,3.2,3.3,3.42,170.98,,,,,,,1.77,1.76,1.77,1.77,69.29,3.3,3.65,1.12,0.97
9/07/2021,7:20:00 PM,7:20:32 PM,Cambridge,NZ,7,185117260,R7 2700m Pace M,185117261,Harness,2700,Pace,27463149,9,The Blue Beat,LOSER,,LOSER,,,5.1,4.2,5.1,4.48,136.09,,,,,,,2.22,2.22,2.22,2.22,3.16,4.5,5,1.12,0.97
9/07/2021,7:50:00 PM,7:50:40 PM,Cambridge,NZ,8,185117262,R8 2200m Trot S,185117263,Harness,2200,Trot,39067103,1,Bun In The Oven,LOSER,,WINNER,,,30,28,30,29.73,4.75,,,,,,,,,,,,30,34,1.09,0.89
9/07/2021,7:50:00 PM,7:50:40 PM,Cambridge,NZ,8,185117262,R8 2200m Trot S,185117263,Harness,2200,Trot,40112101,2,Majestic Trio,LOSER,,LOSER,,,16.5,13,13,15.67,65.38,,,,,,,,,,,,12.5,16,1.09,0.89
9/07/2021,7:50:00 PM,,Cambridge,NZ,8,185117262,R8 2200m Trot S,185117263,Harness,2200,Trot,40112102,3,Rossellini,LOSER,,LOSER,,,,,,,,,,,,,,,,,,,,,,
9/07/2021,7:50:00 PM,7:50:40 PM,Cambridge,NZ,8,185117262,R8 2200m Trot S,185117263,Harness,2200,Trot,5750458,4,Funny Face,LOSER,,LOSER,,,6.2,4.4,5.8,4.48,23.96,,,,,,,,,,,,5.8,6.2,1.09,0.89
9/07/2021,7:50:00 PM,7:50:40 PM,Cambridge,NZ,8,185117262,R8 2200m Trot S,185117263,Harness,2200,Trot,38835851,5,Willis Graham,WINNER,,WINNER,,,4.7,3.7,4.4,4.35,335.34,,,,,,,1.77,1.71,1.77,1.72,38.94,3.7,4.7,1.09,0.89
9/07/2021,7:50:00 PM,7:50:40 PM,Cambridge,NZ,8,185117262,R8 2200m Trot S,185117263,Harness,2200,Trot,39369039,6,Sly Punter,LOSER,,LOSER,,,15,11,12,13.01,7.84,,,,,,,,,,,,9.8,12,1.09,0.89
9/07/2021,7:50:00 PM,7:50:40 PM,Cambridge,NZ,8,185117262,R8 2200m Trot S,185117263,Harness,2200,Trot,38467065,7,Empress Of The Sun,LOSER,,LOSER,,,65,55,60,60.28,5.98,,,,,,,,,,,,65,180,1.09,0.89
9/07/2021,7:50:00 PM,7:50:40 PM,Cambridge,NZ,8,185117262,R8 2200m Trot S,185117263,Harness,2200,Trot,38677340,8,Haka Pride,LOSER,,LOSER,,,90,40,40,47.19,5.9,,,,,,,,,,,,42,90,1.09,0.89
9/07/2021,7:50:00 PM,7:50:40 PM,Cambridge,NZ,8,185117262,R8 2200m Trot S,185117263,Harness,2200,Trot,40112103,9,Jasinova,LOSER,,WINNER,,,7,7,7,7,0.9,,,,,,,,,,,,7,7.8,1.09,0.89
9/07/2021,7:50:00 PM,7:50:40 PM,Cambridge,NZ,8,185117262,R8 2200m Trot S,185117263,Harness,2200,Trot,36318085,10,Manchesters Eclipse,LOSER,,LOSER,,,6.4,5.2,6.4,5.26,12.01,,,,,,,,,,,,5.3,6.4,1.09,0.89
9/07/2021,6:35:00 PM,6:35:51 PM,Dubbo,NSW,1,185117108,R1 1720m Pace M,185117109,Harness,1720,Pace,40113682,1,Why Nott,LOSER,30.21,WINNER,,156.2,42,14.5,29,28.79,143.93,300,13,300,37.19,33.95,,4.9,4.4,4.4,4.61,78.69,34,40,1.02,0.95
9/07/2021,6:35:00 PM,6:35:51 PM,Dubbo,NSW,1,185117108,R1 1720m Pace M,185117109,Harness,1720,Pace,40113683,2,She Owns The Day,LOSER,7.43,LOSER,,559.3,12,6.4,7,7.99,1084.61,70,5.6,60,7.49,270.08,,3,1.84,2.12,1.96,891.74,7,7.2,1.02,0.95
9/07/2021,6:35:00 PM,6:35:51 PM,Dubbo,NSW,1,185117108,R1 1720m Pace M,185117109,Harness,1720,Pace,24446529,3,Rocknroll Rhylee,LOSER,18.01,LOSER,,292.43,16.5,6.4,15.5,10.44,1948.35,1000,10,700,45.41,88.79,,3.5,2.64,3.25,3.13,65.17,14,15,1.02,0.95
9/07/2021,6:35:00 PM,6:35:51 PM,Dubbo,NSW,1,185117108,R1 1720m Pace M,185117109,Harness,1720,Pace,10874926,4,Im Major Harry,LOSER,2.27,WINNER,,1619.77,4.1,2.08,2.18,2.49,11091.1,2.4,1.09,1.46,1.82,4213.72,,1.43,1.28,1.3,1.32,331.09,2.16,2.26,1.02,0.95
9/07/2021,6:35:00 PM,6:35:51 PM,Dubbo,NSW,1,185117108,R1 1720m Pace M,185117109,Harness,1720,Pace,40113684,5,Cassius Deck,WINNER,5.4,WINNER,,1088.04,6.2,4.3,5.4,5.45,930.65,40,4.3,4.3,6.18,326.86,,2.2,1.77,1.8,2.04,222.28,5.6,6.2,1.02,0.95
9/07/2021,6:35:00 PM,6:35:51 PM,Dubbo,NSW,1,185117108,R1 1720m Pace M,185117109,Harness,1720,Pace,19088020,7,Carramar Times Up,LOSER,30.69,LOSER,,145.25,44,28,28,34.2,142.66,110,12,90,26.06,184.6,,5,4.5,4.7,4.78,60,34,36,1.02,0.95
9/07/2021,6:35:00 PM,6:35:51 PM,Dubbo,NSW,1,185117108,R1 1720m Pace M,185117109,Harness,1720,Pace,40113685,8,Marsden Heights,LOSER,13,LOSER,,253.75,15,4.1,13.5,8.82,1140.33,110,8,20,15.3,91.38,,2.68,2.28,2.66,2.53,268.8,12,14.5,1.02,0.95
9/07/2021,6:35:00 PM,6:35:51 PM,Dubbo,NSW,1,185117108,R1 1720m Pace M,185117109,Harness,1720,Pace,15328748,9,Roll The Seven,LOSER,320,LOSER,,35.12,500,95,320,242.94,59.55,700,310,700,340.66,7.31,,40,40,40,40,8.05,310,360,1.02,0.95
9/07/2021,6:35:00 PM,6:35:51 PM,Dubbo,NSW,1,185117108,R1 1720m Pace M,185117109,Harness,1720,Pace,36513868,10,Shesa Pocketrocket,LOSER,69.13,LOSER,,102.28,80,42,55,62.19,106.75,1000,60,720,172.85,4.21,,,,,,,55,60,1.02,0.95
9/07/2021,7:07:00 PM,7:07:54 PM,Dubbo,NSW,2,185117110,R2 2120m Pace M,185117111,Harness,2120,Pace,38791904,1,Miss Pau,LOSER,10.5,LOSER,,520.86,29,10,11.5,14.7,1278.33,19,5.3,5.3,10.23,163.82,,3,2.78,2.78,2.85,148.81,11,12,1.05,0.96
9/07/2021,7:07:00 PM,7:07:54 PM,Dubbo,NSW,2,185117110,R2 2120m Pace M,185117111,Harness,2120,Pace,29806676,2,Drive To The Beach,LOSER,3.47,WINNER,,1984.77,4.6,2.08,3.65,3.04,9946.14,16.5,1.99,16.5,2.4,3612.63,,1.93,1.3,1.77,1.67,919.72,4,4.4,1.05,0.96
9/07/2021,7:07:00 PM,7:07:54 PM,Dubbo,NSW,2,185117110,R2 2120m Pace M,185117111,Harness,2120,Pace,13224472,3,Lucky Lyla,LOSER,8.35,LOSER,,390.74,9.8,6.8,8.2,7.74,692.56,1000,8.2,1000,41.85,169.79,,2.6,2.34,2.36,2.37,19.72,7,8.6,1.05,0.96
9/07/2021,7:07:00 PM,7:07:54 PM,Dubbo,NSW,2,185117110,R2 2120m Pace M,185117111,Harness,2120,Pace,24986949,4,Manly Boy,LOSER,6.8,LOSER,,606.13,38,6.4,7.2,10.66,1807.4,48,4.5,30,8.27,295.32,,3.55,2.38,2.6,3.05,102.88,6.8,7.4,1.05,0.96
9/07/2021,7:07:00 PM,7:07:54 PM,Dubbo,NSW,2,185117110,R2 2120m Pace M,185117111,Harness,2120,Pace,39647867,5,The Runnin Kind,WINNER,9.6,WINNER,,438.2,10.5,4,8.6,8.6,1005.94,21,4.3,4.3,12.13,92.62,,2.54,2.54,2.54,2.54,0.28,8,8.4,1.05,0.96
9/07/2021,7:07:00 PM,7:07:54 PM,Dubbo,NSW,2,185117110,R2 2120m Pace M,185117111,Harness,2120,Pace,40113686,6,Mammals Prince,LOSER,577.96,LOSER,,29.83,550,130,400,176.55,15.98,1000,280,1000,348.12,15.59,,75,60,75,70.92,18.47,290,320,1.05,0.96
9/07/2021,7:07:00 PM,7:07:54 PM,Dubbo,NSW,2,185117110,R2 2120m Pace M,185117111,Harness,2120,Pace,40113687,7,Speak With Sam,LOSER,14,LOSER,,355.07,17,10,14,13.05,453.71,190,12,60,20.83,105.6,,3.65,2.76,3.6,3.52,49.43,13,16.5,1.05,0.96
9/07/2021,7:07:00 PM,7:07:54 PM,Dubbo,NSW,2,185117110,R2 2120m Pace M,185117111,Harness,2120,Pace,18491145,8,Just Won More,LOSER,6.13,WINNER,,761,7.2,4.9,5.6,5.64,1256.4,16.5,2.32,2.32,5.28,301.9,,2.04,1.91,2,1.94,93.57,5.6,5.2,1.05,0.96
9/07/2021,7:07:00 PM,7:07:54 PM,Dubbo,NSW,2,185117110,R2 2120m Pace M,185117111,Harness,2120,Pace,18544906,9,Ring The Till,LOSER,38.87,LOSER,,65.05,50,26,27,31.12,336.38,1000,29,1000,115.74,22.34,,5.5,4.6,5.2,4.93,198.29,29,36,1.05,0.96
9/07/2021,7:37:00 PM,7:37:49 PM,Dubbo,NSW,3,185117112,R3 2120m Pace M,185117113,Harness,2120,Pace,18130536,1,Alliyahs Choice,LOSER,111.54,LOSER,,58.43,210,50,200,108.69,66.82,940,40,790,189.44,53.25,,14.5,10.5,14,13.67,28.7,130,180,1.04,0.98
9/07/2021,7:37:00 PM,7:37:49 PM,Dubbo,NSW,3,185117112,R3 2120m Pace M,185117113,Harness,2120,Pace,24553916,2,Magnifico To Watch,WINNER,2.9,WINNER,,1903.29,3.7,2.4,2.8,2.77,9185.22,7,1.01,1.01,2.07,3656.19,,1.64,1.44,1.44,1.47,302.46,2.7,2.76,1.04,0.98
9/07/2021,7:37:00 PM,7:37:49 PM,Dubbo,NSW,3,185117112,R3 2120m Pace M,185117113,Harness,2120,Pace,28334537,3,Holy Camp Dillon,LOSER,5.6,LOSER,,433.96,5.8,4.8,5.3,5.19,1571.2,210,2.2,210,4.09,591.86,,2.14,1.78,1.78,1.99,0.88,5.1,5.5,1.04,0.98
9/07/2021,7:37:00 PM,7:37:49 PM,Dubbo,NSW,3,185117112,R3 2120m Pace M,185117113,Harness,2120,Pace,9465486,4,Imthevillagestar,LOSER,19.95,WINNER,,294.61,60,19.5,28,26.6,332.44,720,9.4,720,35.64,48.42,,5.6,4.1,4.1,4.61,332.09,32,34,1.04,0.98
9/07/2021,7:37:00 PM,7:37:49 PM,Dubbo,NSW,3,185117112,R3 2120m Pace M,185117113,Harness,2120,Pace,5860321,5,Days End,LOSER,13,LOSER,,487.07,18,10.5,13,12.48,703.9,490,10,110,24.28,78.32,,3.35,2.78,3.35,2.86,0.82,11,11.5,1.04,0.98
9/07/2021,7:37:00 PM,7:37:49 PM,Dubbo,NSW,3,185117112,R3 2120m Pace M,185117113,Harness,2120,Pace,15973489,6,Sputnik,LOSER,6.63,LOSER,,632.18,9.2,6,6.6,6.72,1396.2,720,5.7,490,18.64,65.57,,2.56,2.14,2.16,2.16,2.88,6.8,7.2,1.04,0.98
9/07/2021,7:37:00 PM,7:37:49 PM,Dubbo,NSW,3,185117112,R3 2120m Pace M,185117113,Harness,2120,Pace,23103482,7,Beast Mode,LOSER,17.76,WINNER,,234.28,24,8.4,24,12.03,540.37,110,2,100,4.47,401.9,,3.45,3.3,3.45,3.38,58.96,14,16,1.04,0.98
9/07/2021,7:37:00 PM,7:37:49 PM,Dubbo,NSW,3,185117112,R3 2120m Pace M,185117113,Harness,2120,Pace,20409782,8,Lucky Nutter,LOSER,13.15,LOSER,,367.86,18.5,7.4,13,13.04,709.39,350,7,110,16.2,52.34,,3.3,2.96,3.1,3.2,24.11,13,14.5,1.04,0.98
9/07/2021,7:37:00 PM,7:37:49 PM,Dubbo,NSW,3,185117112,R3 2120m Pace M,185117113,Harness,2120,Pace,24718314,9,Gabbys Sportstar,LOSER,11.44,LOSER,,408.29,25,11,12.5,14.46,806.59,910,6.6,910,19.58,200.48,,3.8,3.15,3.5,3.67,14.2,20,22,1.04,0.98
9/07/2021,8:07:00 PM,8:07:57 PM,Dubbo,NSW,4,185117114,R4 2120m Pace M,185117115,Harness,2120,Pace,18904344,1,Im A Shy Guy,LOSER,3.6,WINNER,,1255.68,6.6,3.2,3.6,3.84,4436.53,140,1.28,110,2.79,1896.85,,2.16,1.61,1.74,1.96,461.67,3.5,3.6,1.03,0.99
9/07/2021,8:07:00 PM,8:07:57 PM,Dubbo,NSW,4,185117114,R4 2120m Pace M,185117115,Harness,2120,Pace,22989511,2,Royalhotshot,LOSER,6.94,LOSER,,1030.93,9.2,3.8,7.6,6.6,502.55,720,4.6,720,10.58,295.44,,2.96,1.95,2.5,2.23,7.56,8,8.4,1.03,0.99
9/07/2021,8:07:00 PM,8:07:57 PM,Dubbo,NSW,4,185117114,R4 2120m Pace M,185117115,Harness,2120,Pace,16565898,3,Jacobs Thunder,LOSER,11.15,LOSER,,258.35,11.5,6.2,10.5,8.32,653.13,880,10.5,720,29.98,97.54,,3.05,2.52,2.96,2.99,60.6,7.8,8.4,1.03,0.99
9/07/2021,8:07:00 PM,8:07:57 PM,Dubbo,NSW,4,185117114,R4 2120m Pace M,185117115,Harness,2120,Pace,23814276,4,Maudies Delight,LOSER,109.11,LOSER,,50.22,95,30,95,64.31,43.16,720,80,700,163,11.26,,,,,,,55,75,1.03,0.99
9/07/2021,8:07:00 PM,8:07:57 PM,Dubbo,NSW,4,185117114,R4 2120m Pace M,185117115,Harness,2120,Pace,22917134,5,To The Lookout,LOSER,16.5,LOSER,,340.46,22,12,16,15.58,354.17,910,6.6,490,22.7,242.5,,,,,,,15,15.5,1.03,0.99
9/07/2021,8:07:00 PM,8:07:57 PM,Dubbo,NSW,4,185117114,R4 2120m Pace M,185117115,Harness,2120,Pace,8245768,6,Digger Shed,LOSER,60,LOSER,,95.14,75,23,50,46.46,78.59,720,55,720,90.09,8.17,,,,,,,42,50,1.03,0.99
9/07/2021,8:07:00 PM,8:07:57 PM,Dubbo,NSW,4,185117114,R4 2120m Pace M,185117115,Harness,2120,Pace,24126414,7,Itsallaboutned,WINNER,3.92,WINNER,,772.35,7,3.85,3.9,4.55,3093.34,29,1.01,1.01,1.82,1872.73,,1.99,1.8,1.81,1.91,221.68,5,5.1,1.03,0.99
9/07/2021,8:07:00 PM,8:07:57 PM,Dubbo,NSW,4,185117114,R4 2120m Pace M,185117115,Harness,2120,Pace,2831572,8,Sharp Shooter,LOSER,19.05,LOSER,,268.31,23,13,17.5,16.03,185.56,720,12,720,26.27,64.27,,,,,,,14.5,15,1.03,0.99
9/07/2021,8:07:00 PM,8:07:57 PM,Dubbo,NSW,4,185117114,R4 2120m Pace M,185117115,Harness,2120,Pace,27550728,9,Gabbys Ideal,LOSER,23,WINNER,,210.95,20,9.4,19,15.06,184.05,230,4.3,230,18.92,106.99,,3.65,3.1,3.65,3.16,10.85,14,14.5,1.03,0.99
9/07/2021,8:07:00 PM,8:07:57 PM,Dubbo,NSW,4,185117114,R4 2120m Pace M,185117115,Harness,2120,Pace,40041921,10,Holy Camp Paxton,LOSER,23.73,LOSER,,167.98,32,20,26,23.98,154.29,720,19,720,73.78,17.89,,,,,,,23,25,1.03,0.99
9/07/2021,8:37:00 PM,8:38:01 PM,Dubbo,NSW,5,185117116,R5 2120m Pace M,185117117,Harness,2120,Pace,38286910,1,Linx Downs,LOSER,15.62,LOSER,,221.99,18,9.2,17,12.31,195.42,890,16,550,100.46,43.38,,3.2,2.74,3.15,3.01,24.33,12.5,14,1.02,0.97
9/07/2021,8:37:00 PM,8:38:01 PM,Dubbo,NSW,5,185117116,R5 2120m Pace M,185117117,Harness,2120,Pace,27259388,2,Old Farm Way,LOSER,3.75,LOSER,,994.55,6.8,3.5,3.75,3.87,3462.06,120,3.75,120,5.67,319.27,,1.99,1.72,1.72,1.75,4.36,4,4.1,1.02,0.97
9/07/2021,8:37:00 PM,8:38:01 PM,Dubbo,NSW,5,185117116,R5 2120m Pace M,185117117,Harness,2120,Pace,28216409,3,Watch And Weep,LOSER,16.53,LOSER,,384.08,28,15,17.5,18.36,331.52,280,2.32,120,12.42,358.29,,3.6,3.3,3.3,3.31,55,15,16.5,1.02,0.97
9/07/2021,8:37:00 PM,8:38:01 PM,Dubbo,NSW,5,185117116,R5 2120m Pace M,185117117,Harness,2120,Pace,20947320,4,Promise To Rock,LOSER,3.75,LOSER,,987.01,5.1,3.7,3.7,4.11,2073.01,44,2.94,44,4.12,502.29,,1.96,1.93,1.96,1.96,230.5,4.2,4.3,1.02,0.97
9/07/2021,8:37:00 PM,8:38:01 PM,Dubbo,NSW,5,185117116,R5 2120m Pace M,185117117,Harness,2120,Pace,18904342,5,My Mels Place,LOSER,12.22,LOSER,,377.19,12.5,7.8,12,10.21,211.56,80,4.5,48,9.45,163.76,,,,,,,9.8,10.5,1.02,0.97
9/07/2021,8:37:00 PM,8:38:01 PM,Dubbo,NSW,5,185117116,R5 2120m Pace M,185117117,Harness,2120,Pace,8015824,6,Double Standards,LOSER,69.81,WINNER,,81.43,75,42,70,53.74,38.06,95,25,95,75.42,40.8,,8,7.4,7.8,7.85,24.85,50,55,1.02,0.97
9/07/2021,8:37:00 PM,8:38:01 PM,Dubbo,NSW,5,185117116,R5 2120m Pace M,185117117,Harness,2120,Pace,6190558,7,Reason To Party,LOSER,15,WINNER,,141,18.5,6.2,13.5,11.71,333.3,48,1.69,2.92,4.54,84.71,,,,,,,14.5,16.5,1.02,0.97
9/07/2021,8:37:00 PM,8:38:01 PM,Dubbo,NSW,5,185117116,R5 2120m Pace M,185117117,Harness,2120,Pace,18933936,8,All Spruced Up,WINNER,7.66,WINNER,,1297.91,7.6,4.9,6.4,5.51,1739.85,11,1.23,1.23,5.04,606.76,,2.56,1.97,2.06,2.4,147.75,5.8,5.9,1.02,0.97
9/07/2021,8:37:00 PM,8:38:01 PM,Dubbo,NSW,5,185117116,R5 2120m Pace M,185117117,Harness,2120,Pace,24243909,9,Blaze Edition,LOSER,30.95,LOSER,,126.62,55,20,42,35.53,71.78,110,8.6,110,25.84,61.31,,7,4.6,7,6.94,51.2,38,44,1.02,0.97
9/07/2021,9:07:00 PM,9:07:47 PM,Dubbo,NSW,6,185117118,R6 1720m Pace M,185117119,Harness,1720,Pace,29060452,1,Regretable,LOSER,4.8,WINNER,,752.83,7.6,2.96,4.8,5.3,3719.75,110,4.7,85,5.36,782.97,,2.48,1.76,2.02,2.08,358.18,7,7.2,1.04,0.94
9/07/2021,9:07:00 PM,9:07:47 PM,Dubbo,NSW,6,185117118,R6 1720m Pace M,185117119,Harness,1720,Pace,25440875,2,Tessfeelsgood,LOSER,23,LOSER,,110.53,32,6.2,27,17.52,343.94,38,1.09,1.52,5.04,554.94,,5.2,3.1,4.9,4.09,118.77,20,29,1.04,0.94
9/07/2021,9:07:00 PM,9:07:47 PM,Dubbo,NSW,6,185117118,R6 1720m Pace M,185117119,Harness,1720,Pace,38788837,3,Navua Commanche,WINNER,7.07,WINNER,,564,8.2,5.7,6.8,6.86,1618.46,290,2.84,290,7.79,427.21,,2.86,2.28,2.28,2.31,5.79,6.6,7,1.04,0.94
9/07/2021,9:07:00 PM,9:07:47 PM,Dubbo,NSW,6,185117118,R6 1720m Pace M,185117119,Harness,1720,Pace,23379644,4,Caribbean Pat,LOSER,6.48,LOSER,,634.85,13,3.9,5.3,5.39,2482.19,720,2.46,720,5.81,577.93,,2.46,1.89,2,2.23,187.04,4.6,5.5,1.04,0.94
9/07/2021,9:07:00 PM,9:07:47 PM,Dubbo,NSW,6,185117118,R6 1720m Pace M,185117119,Harness,1720,Pace,38778811,5,Miss Social Media,LOSER,21.63,LOSER,,307.75,36,19,24,24.51,102.96,100,2.06,55,26.07,44.99,,,,,,,21,25,1.04,0.94
9/07/2021,9:07:00 PM,9:07:47 PM,Dubbo,NSW,6,185117118,R6 1720m Pace M,185117119,Harness,1720,Pace,2520200,6,Red Envy,LOSER,11.5,LOSER,,454.82,11.5,5.4,11.5,9.62,317.92,280,3,190,10.49,487.54,,3.05,3.05,3.05,3.05,23,9,10,1.04,0.94
9/07/2021,9:07:00 PM,9:07:47 PM,Dubbo,NSW,6,185117118,R6 1720m Pace M,185117119,Harness,1720,Pace,8338692,7,A Good Ideal,LOSER,52.36,WINNER,,110.77,75,19.5,46,45.7,139.13,75,3.35,4,8.56,74.11,,7,4.8,6.6,5.77,99.06,55,60,1.04,0.94
9/07/2021,9:07:00 PM,9:07:47 PM,Dubbo,NSW,6,185117118,R6 1720m Pace M,185117119,Harness,1720,Pace,20047690,8,Remember Bubbles,LOSER,32.37,LOSER,,129.54,30,9.8,30,23.06,163.87,490,3.7,300,23.02,70.58,,,,,,,22,24,1.04,0.94
9/07/2021,9:07:00 PM,9:07:47 PM,Dubbo,NSW,6,185117118,R6 1720m Pace M,185117119,Harness,1720,Pace,10201858,9,Our Big Slow,LOSER,24.71,LOSER,,361.69,85,32,44,44.64,185.05,65,11.5,65,19.57,178.13,,9.2,7.6,7.6,8.32,7.91,42,46,1.04,0.94
9/07/2021,9:07:00 PM,9:07:47 PM,Dubbo,NSW,6,185117118,R6 1720m Pace M,185117119,Harness,1720,Pace,39810613,10,Warra Downs,LOSER,4.66,LOSER,,1228.51,6.4,3.85,4.4,4.4,3958.19,120,4.4,120,6.25,422.14,,1.83,1.65,1.65,1.66,100,4.4,4.5,1.04,0.94
9/07/2021,9:37:00 PM,9:38:13 PM,Dubbo,NSW,7,185117120,R7 1720m Pace M,185117121,Harness,1720,Pace,40113688,1,Lettuceroll,LOSER,2.08,LOSER,,3129.63,3.9,2.06,2.08,2.2,11524.2,720,1.63,720,2.9,1064.23,,1.31,1.24,1.25,1.25,6190.2,2.2,2.24,1.01,0.98
9/07/2021,9:37:00 PM,9:38:13 PM,Dubbo,NSW,7,185117120,R7 1720m Pace M,185117121,Harness,1720,Pace,20391811,2,Bradness Abuela,LOSER,117.14,LOSER,,94.45,240,60,130,133.92,47.89,720,260,700,482.12,1.07,,16,15.5,16,15.68,3.53,100,110,1.01,0.98
9/07/2021,9:37:00 PM,9:38:13 PM,Dubbo,NSW,7,185117120,R7 1720m Pace M,185117121,Harness,1720,Pace,39978482,3,Nicky Brook,LOSER,14.67,LOSER,,308.35,15,5.6,15,9.8,999.85,280,15,30,43.1,44.15,,2.4,2.18,2.4,2.31,0.43,10,10.5,1.01,0.98
9/07/2021,9:37:00 PM,9:38:13 PM,Dubbo,NSW,7,185117120,R7 1720m Pace M,185117121,Harness,1720,Pace,4454201,4,Sporty,LOSER,15.86,LOSER,,338.15,34,14,16.5,18.64,183.5,720,17.5,720,38.66,13.08,,,,,,,17,17.5,1.01,0.98
9/07/2021,9:37:00 PM,9:38:13 PM,Dubbo,NSW,7,185117120,R7 1720m Pace M,185117121,Harness,1720,Pace,2185306,5,Charlevoix,LOSER,11.75,LOSER,,445.82,12,5.1,12,8.37,849.86,720,11.5,720,34.69,22.9,,2.9,2.24,2.9,2.62,18.32,9,9.4,1.01,0.98
9/07/2021,9:37:00 PM,9:38:13 PM,Dubbo,NSW,7,185117120,R7 1720m Pace M,185117121,Harness,1720,Pace,28253117,6,Moreartsthanclass,LOSER,43.22,LOSER,,173.41,90,21,44,49.19,100,930,34,930,127.44,6.49,,8.2,6.8,6.8,6.8,20.02,48,50,1.01,0.98
9/07/2021,9:37:00 PM,9:38:13 PM,Dubbo,NSW,7,185117120,R7 1720m Pace M,185117121,Harness,1720,Pace,15947516,7,Royal Feeling,LOSER,6.64,WINNER,,613.81,9,4.9,6.6,6.22,1252.95,720,3.65,720,8.75,82.06,,1.99,1.74,1.74,1.87,439.4,6,6.2,1.01,0.98
9/07/2021,9:37:00 PM,9:38:13 PM,Dubbo,NSW,7,185117120,R7 1720m Pace M,185117121,Harness,1720,Pace,40113689,8,Dixiedolittle,LOSER,130.28,WINNER,,62.79,180,28,120,99.78,40.62,720,1.5,100,18.48,35.7,,9.2,9.2,9.2,9.2,5,130,140,1.01,0.98
9/07/2021,9:37:00 PM,9:38:13 PM,Dubbo,NSW,7,185117120,R7 1720m Pace M,185117121,Harness,1720,Pace,40113690,9,Choc A Block,LOSER,27.38,LOSER,,230.64,60,28,30,39.17,150.4,780,46,780,108,8.41,,6.8,6.6,6.6,6.64,57.52,42,48,1.01,0.98
9/07/2021,9:37:00 PM,9:38:13 PM,Dubbo,NSW,7,185117120,R7 1720m Pace M,185117121,Harness,1720,Pace,39647863,10,Cullens Maori,WINNER,12.01,WINNER,,425.23,55,11.5,12.5,15.32,284.7,28,1.01,1.03,1.3,834.45,,3.3,2.96,2.96,3.08,16.09,16.5,18,1.01,0.98
9/07/2021,10:05:00 PM,10:05:57 PM,Dubbo,NSW,8,185117122,R8 1720m Pace M,185117123,Harness,1720,Pace,27922074,1,Wheres Our Money,LOSER,5.6,WINNER,,401.22,6.8,5,5.5,5.72,695.5,720,2.96,720,6.9,146.71,,2.38,1.98,2.04,1.99,119.31,5.6,6.2,1.1,0.92
9/07/2021,10:05:00 PM,10:05:57 PM,Dubbo,NSW,8,185117122,R8 1720m Pace M,185117123,Harness,1720,Pace,39160979,2,Lovely Lily,LOSER,23.42,LOSER,,177.5,36,19.5,26,27.3,127.16,720,3.65,24,51.89,43.96,,4.2,4.1,4.1,4.12,126.84,25,30,1.1,0.92
9/07/2021,10:05:00 PM,10:05:57 PM,Dubbo,NSW,8,185117122,R8 1720m Pace M,185117123,Harness,1720,Pace,40113691,3,Rowdy Rhonda,WINNER,4.2,WINNER,,716.88,4.8,3.2,4.3,4.23,1476.25,8.8,1.01,1.05,1.71,1397.25,,1.9,1.62,1.9,1.75,23.36,4.2,4.5,1.1,0.92
9/07/2021,10:05:00 PM,10:05:57 PM,Dubbo,NSW,8,185117122,R8 1720m Pace M,185117123,Harness,1720,Pace,38074601,4,Jessejames Shannon,LOSER,6.44,LOSER,,416.15,7.8,5.4,6.2,6.03,455.38,720,6.4,720,21.66,120.87,,2.68,1.97,2.6,2.54,183.15,5.5,7,1.1,0.92
9/07/2021,10:05:00 PM,10:05:57 PM,Dubbo,NSW,8,185117122,R8 1720m Pace M,185117123,Harness,1720,Pace,40113692,5,The Alfie,LOSER,28.45,LOSER,,173.22,65,24,44,37.8,37.95,720,27,720,83.04,27.53,,,,,,,40,65,1.1,0.92
9/07/2021,10:05:00 PM,10:05:57 PM,Dubbo,NSW,8,185117122,R8 1720m Pace M,185117123,Harness,1720,Pace,35672041,6,The Donny,LOSER,17.96,WINNER,,246.73,27,10,15,14.15,116.16,100,10,65,37.26,15.73,,,,,,,10.5,27,1.1,0.92
9/07/2021,10:05:00 PM,10:05:57 PM,Dubbo,NSW,8,185117122,R8 1720m Pace M,185117123,Harness,1720,Pace,28572202,7,Nosey Josey,LOSER,86.34,LOSER,,67.97,200,40,150,97.81,35.21,720,17.5,540,70.05,34.27,,,,,,,80,110,1.1,0.92
9/07/2021,10:05:00 PM,10:05:57 PM,Dubbo,NSW,8,185117122,R8 1720m Pace M,185117123,Harness,1720,Pace,40113693,8,Kulani Courage,LOSER,4.72,LOSER,,1231.18,6,3.95,4.5,4.32,1803.52,720,4.4,720,14.93,64.69,,1.9,1.87,1.9,1.89,9.95,4.5,4.7,1.1,0.92
9/07/2021,10:05:00 PM,10:05:57 PM,Dubbo,NSW,8,185117122,R8 1720m Pace M,185117123,Harness,1720,Pace,6286257,9,Hes A Terror,LOSER,70,LOSER,,84.53,170,38,150,72.78,11.01,720,46,720,76.3,25.87,,,,,,,65,110,1.1,0.92
9/07/2021,10:05:00 PM,10:05:57 PM,Dubbo,NSW,8,185117122,R8 1720m Pace M,185117123,Harness,1720,Pace,27806788,10,Davids Hope,LOSER,9,LOSER,,670.19,17,9.4,9.8,10.8,482.87,720,8.8,720,15.67,123.89,,3.3,2.96,3.3,3.16,58.67,11,13.5,1.1,0.92
9/07/2021,5:30:00 PM,5:30:40 PM,Melton,VIC,1,185113081,R1 1720m Pace M,185113082,Harness,1720,Pace,18258399,1,Double O Heaven,LOSER,3.79,LOSER,1.59,2230.15,4.1,2.96,3.9,3.72,4064.5,1000,2.62,1000,4.92,1231.54,1051.89,1.89,1.54,1.62,1.62,571.52,3.55,3.7,1.05,0.97
9/07/2021,5:30:00 PM,5:30:40 PM,Melton,VIC,1,185113081,R1 1720m Pace M,185113082,Harness,1720,Pace,3894310,2,Wanted Lady,LOSER,6.15,LOSER,2.25,467.55,7.6,5.6,5.7,6.35,1481.69,1000,3.55,720,9.9,400.13,395.08,2.4,2.04,2.2,2.25,161.14,7.2,7.6,1.05,0.97
9/07/2021,5:30:00 PM,5:30:40 PM,Melton,VIC,1,185113081,R1 1720m Pace M,185113082,Harness,1720,Pace,17971605,3,Shady Dancer,LOSER,6.39,LOSER,2.38,768.34,7.4,4.8,6.4,6.31,1094,1000,3.1,1000,9.84,423.05,651.35,2.38,1.98,2.24,2.16,314.69,6.8,7.4,1.05,0.97
9/07/2021,5:30:00 PM,5:30:40 PM,Melton,VIC,1,185113081,R1 1720m Pace M,185113082,Harness,1720,Pace,16311097,4,Shawami Lass,LOSER,36,LOSER,9.5,154.98,85,26,30,35.2,172.72,1000,12,780,33.33,121.66,,,,,,,28,32,1.05,0.97
9/07/2021,5:30:00 PM,5:30:40 PM,Melton,VIC,1,185113081,R1 1720m Pace M,185113082,Harness,1720,Pace,16125177,5,Sassyola,LOSER,40,WINNER,12.45,124.19,80,32,42,47.41,384.98,1000,36,780,88.32,29.57,,,,,,,38,46,1.05,0.97
9/07/2021,5:30:00 PM,5:30:40 PM,Melton,VIC,1,185113081,R1 1720m Pace M,185113082,Harness,1720,Pace,18234909,6,Sheiswatching,LOSER,414.1,LOSER,160,19.81,680,190,190,305.28,60.09,1000,100,760,225.12,11.41,1.57,190,15.5,190,34.08,86.6,290,380,1.05,0.97
9/07/2021,5:30:00 PM,5:30:40 PM,Melton,VIC,1,185113081,R1 1720m Pace M,185113082,Harness,1720,Pace,27769499,7,Bring The Flave,LOSER,6.44,WINNER,2.26,756.21,10,5.8,6.4,6.63,2347.72,120,1.09,120,3.02,1434.51,231.28,2.12,2.12,2.12,2.12,0.25,5.8,6,1.05,0.97
9/07/2021,5:30:00 PM,5:30:40 PM,Melton,VIC,1,185113081,R1 1720m Pace M,185113082,Harness,1720,Pace,22257499,8,Bronski Royal,LOSER,23,LOSER,3.54,242.97,23,11.5,22,17.69,195.6,1000,14.5,1000,64.14,34.37,361.01,4.3,3.35,3.6,3.67,335.07,19,23,1.05,0.97
9/07/2021,5:30:00 PM,5:30:40 PM,Melton,VIC,1,185113081,R1 1720m Pace M,185113082,Harness,1720,Pace,38521799,9,Triple Zed,LOSER,9.09,LOSER,3.6,298.77,19,7.4,8.2,9.07,2085.54,720,4,720,26.14,174.69,280.81,26,2.7,3.6,3.51,60.28,8,8.8,1.05,0.97
9/07/2021,5:30:00 PM,5:30:40 PM,Melton,VIC,1,185113081,R1 1720m Pace M,185113082,Harness,1720,Pace,16220870,10,Our Master George,WINNER,19.5,WINNER,6.25,204.01,20,12,19.5,17.03,299.15,85,1.01,1.01,2.32,1862.9,303.9,5.1,3.75,4.2,4.35,15,16,18.5,1.05,0.97
9/07/2021,6:03:00 PM,6:03:38 PM,Melton,VIC,2,185113083,R2 1720m Pace M,185113084,Harness,1720,Pace,30099468,1,Jay Bee,LOSER,21.21,WINNER,3.3,387.45,24,11.5,20,15.55,970.22,720,5.2,50,12.57,186.01,546.34,4.1,3,3.2,3.19,571.67,17,18.5,1.03,0.99
9/07/2021,6:03:00 PM,6:03:38 PM,Melton,VIC,2,185113083,R2 1720m Pace M,185113084,Harness,1720,Pace,10733094,2,Crafty Old Fox,LOSER,23,LOSER,4.17,311.87,26,18,23,21.6,681.98,1000,19,300,66.74,12.33,378.18,4.1,3.95,3.95,4.02,14.24,21,22,1.03,0.99
9/07/2021,6:03:00 PM,6:03:38 PM,Melton,VIC,2,185113083,R2 1720m Pace M,185113084,Harness,1720,Pace,10921260,3,Fly Cheval,LOSER,202.5,LOSER,17.99,22.1,250,40,160,75.97,42.33,1000,19.5,1000,87.22,82.75,92.72,16.5,7,16.5,8.69,6.75,90,110,1.03,0.99
9/07/2021,6:03:00 PM,6:03:38 PM,Melton,VIC,2,185113083,R2 1720m Pace M,185113084,Harness,1720,Pace,25964773,4,Best Back Bruce,WINNER,3.6,WINNER,1.52,1496.5,4.2,3,3.6,3.49,5664.09,5,1.01,1.01,1.76,2170.34,1027.78,1.78,1.37,1.5,1.52,450.27,3.45,3.5,1.03,0.99
9/07/2021,6:03:00 PM,6:03:38 PM,Melton,VIC,2,185113083,R2 1720m Pace M,185113084,Harness,1720,Pace,9459852,5,Mighty Regal,LOSER,2.97,WINNER,1.4,1907.46,4.5,2.46,2.92,2.64,7171.91,1000,2.5,1000,4.95,366.78,1201.16,1.4,1.31,1.39,1.38,337.32,2.62,2.68,1.03,0.99
9/07/2021,6:03:00 PM,6:03:38 PM,Melton,VIC,2,185113083,R2 1720m Pace M,185113084,Harness,1720,Pace,7386623,6,The Regulator,LOSER,13.24,LOSER,3.5,467.51,22,12.5,14,14.58,721.97,1000,13.5,170,35.85,37.88,561.4,3.9,3.1,3.3,3.61,53.7,13.5,15,1.03,0.99
9/07/2021,6:03:00 PM,6:03:38 PM,Melton,VIC,2,185113083,R2 1720m Pace M,185113084,Harness,1720,Pace,13489354,7,Silky Smooth Excuse,LOSER,48,LOSER,7.49,261.48,60,14.5,60,35.28,683.51,1000,60,300,132.39,12.59,121.65,9.4,3.45,7.6,6.93,267.32,32,36,1.03,0.99
9/07/2021,6:03:00 PM,6:03:38 PM,Melton,VIC,2,185113083,R2 1720m Pace M,185113084,Harness,1720,Pace,26678905,9,Bit Of A Dream,LOSER,8.27,LOSER,2.14,563.01,14.5,7,8.2,9.24,2523.08,1000,1.56,1000,49.64,107.59,591.66,2.82,2.08,2.2,2.31,540.45,9.2,9.6,1.03,0.99
9/07/2021,6:03:00 PM,6:03:38 PM,Melton,VIC,2,185113083,R2 1720m Pace M,185113084,Harness,1720,Pace,9221864,10,Our Pontiac,LOSER,64,LOSER,8.3,137.66,70,42,70,48.31,97.97,1000,55,1000,157.44,7.94,214.15,9.6,9.6,9.6,9.6,4.99,44,50,1.03,0.99
9/07/2021,6:28:00 PM,6:28:40 PM,Melton,VIC,3,185113085,R3 2240m Trot M,185113086,Harness,2240,Trot,2270490,1,Cher Ami,LOSER,320.54,LOSER,17.57,65.55,380,130,370,234.67,63.74,1000,95,1000,131.42,34.59,101.38,22,14,22,17.91,9.99,240,340,1.02,0.98
9/07/2021,6:28:00 PM,6:28:40 PM,Melton,VIC,3,185113085,R3 2240m Trot M,185113086,Harness,2240,Trot,12329853,2,From The West,LOSER,12.33,LOSER,2.48,611.51,18,9.6,15,14.52,937.53,1000,11.5,1000,26.61,146.47,804.45,2.58,2.36,2.5,2.51,95.71,15,16.5,1.02,0.98
9/07/2021,6:28:00 PM,6:28:40 PM,Melton,VIC,3,185113085,R3 2240m Trot M,185113086,Harness,2240,Trot,16492335,3,Shield Maiden,LOSER,9.98,LOSER,1.92,581.41,10,7,9.4,8.4,2385.61,1000,7,1000,20.22,139.54,891.7,2,1.86,1.92,1.87,142.46,9.2,9.6,1.02,0.98
9/07/2021,6:28:00 PM,6:28:40 PM,Melton,VIC,3,185113085,R3 2240m Trot M,185113086,Harness,2240,Trot,7932922,4,Girls Go First,LOSER,95,LOSER,8.2,85.17,110,55,80,75.65,247.95,1000,40,1000,167.22,9.79,205.06,8.2,6,8.2,6.61,154.3,55,110,1.02,0.98
9/07/2021,6:28:00 PM,6:28:40 PM,Melton,VIC,3,185113085,R3 2240m Trot M,185113086,Harness,2240,Trot,28286715,5,Miss Maia,LOSER,13.1,WINNER,2.44,430.1,28,9.2,12,13.06,1303.07,1000,2.5,1000,7.78,663.19,732.15,3.45,2.38,2.38,2.77,84.03,11.5,12,1.02,0.98
9/07/2021,6:28:00 PM,6:28:40 PM,Melton,VIC,3,185113085,R3 2240m Trot M,185113086,Harness,2240,Trot,27639122,6,My Honey Dont,LOSER,1.9,WINNER,1.18,3255.85,3.25,1.84,1.89,1.96,17807.41,1000,1.7,490,2.15,2470.85,1244.47,1.31,1.15,1.16,1.2,4281.43,1.88,1.91,1.02,0.98
9/07/2021,6:28:00 PM,6:28:40 PM,Melton,VIC,3,185113085,R3 2240m Trot M,185113086,Harness,2240,Trot,17759130,7,Queen Of Love,WINNER,5.03,WINNER,1.71,1640.93,5.7,3.5,5.1,4.89,5061.88,9.2,1.01,1.01,2.08,1694.56,952.71,1.79,1.42,1.77,1.67,1130.56,5,5.2,1.02,0.98
9/07/2021,6:28:00 PM,6:28:40 PM,Melton,VIC,3,185113085,R3 2240m Trot M,185113086,Harness,2240,Trot,37258750,8,My Lindy Angels,LOSER,211.06,LOSER,36.81,48.39,400,110,250,230.47,40.41,1000,150,1000,452.61,9.13,21.55,,,,,,200,390,1.02,0.98
9/07/2021,7:00:00 PM,7:00:41 PM,Melton,VIC,4,185113087,R4 1720m Pace M,185113088,Harness,1720,Pace,40112195,1,Our Little Jet,LOSER,2.12,LOSER,1.3,1915.17,2.14,1.51,2.06,1.89,15410.61,270,1.59,270,2.86,1537.35,1411.35,1.32,1.23,1.3,1.28,1006.52,1.96,2,1.02,0.98
9/07/2021,7:00:00 PM,7:00:41 PM,Melton,VIC,4,185113087,R4 1720m Pace M,185113088,Harness,1720,Pace,2513463,2,Blood Moon,LOSER,17.5,LOSER,5.2,308.59,21,10,17.5,14.85,1928.75,190,3.9,190,12.58,174.51,253.67,5.5,3.15,5.1,4.52,148.89,15,16.5,1.02,0.98
9/07/2021,7:00:00 PM,7:00:41 PM,Melton,VIC,4,185113087,R4 1720m Pace M,185113088,Harness,1720,Pace,40112196,3,Carramar Solomona,LOSER,190,LOSER,31.16,25.63,310,48,310,92.73,183.26,1000,180,1000,371.51,3.19,52.4,19.5,19.5,19.5,19.5,5.49,120,150,1.02,0.98
9/07/2021,7:00:00 PM,7:00:41 PM,Melton,VIC,4,185113087,R4 1720m Pace M,185113088,Harness,1720,Pace,40112197,4,Storm Stride,LOSER,3.42,LOSER,1.86,966.22,6.2,3.25,3.4,3.63,6241.56,10,1.12,10,2.56,919.43,797.99,2,1.72,1.87,1.84,129.43,3.6,3.7,1.02,0.98
9/07/2021,7:00:00 PM,7:00:41 PM,Melton,VIC,4,185113087,R4 1720m Pace M,185113088,Harness,1720,Pace,40112198,5,Roll With Ron,LOSER,33.65,WINNER,8,155.97,48,20,32,27.42,417.29,380,1.2,18,18.75,92.62,216.92,9.2,6.2,6.4,7.52,19.47,23,24,1.02,0.98
9/07/2021,7:00:00 PM,7:00:41 PM,Melton,VIC,4,185113087,R4 1720m Pace M,185113088,Harness,1720,Pace,40112199,6,Symphony Stride,WINNER,8.79,WINNER,3.2,417.19,18.5,7.6,8,10.84,1597.34,70,1.14,1.2,6.3,304.25,571.51,4.1,3.1,3.85,3.64,61.7,10,11,1.02,0.98
9/07/2021,7:00:00 PM,7:00:41 PM,Melton,VIC,4,185113087,R4 1720m Pace M,185113088,Harness,1720,Pace,39496490,7,Torque No Fear,LOSER,114.53,LOSER,31.12,92.29,170,55,170,124.89,55,720,20,700,108.03,12.77,46.78,,,,,,100,140,1.02,0.98
9/07/2021,7:30:00 PM,7:30:39 PM,Melton,VIC,5,185113089,R5 2240m Pace M,185113090,Harness,2240,Pace,22290814,1,Delwyns Son,LOSER,46.56,LOSER,4.89,125.86,80,21,60,45.87,173.44,720,13.5,300,26.56,97.1,262.08,6.8,4.5,6.2,5.95,113.74,55,65,1.03,0.98
9/07/2021,7:30:00 PM,7:30:39 PM,Melton,VIC,5,185113089,R5 2240m Pace M,185113090,Harness,2240,Pace,22211941,3,Where Ya Bin,LOSER,295.19,LOSER,34.5,33.66,300,85,190,150.26,38.32,950,270,950,596.58,1.78,,,,,,,160,190,1.03,0.98
9/07/2021,7:30:00 PM,7:30:39 PM,Melton,VIC,5,185113089,R5 2240m Pace M,185113090,Harness,2240,Pace,35790818,4,Wheres Seggy,LOSER,13.02,LOSER,3.12,532.05,16.5,8.8,11.5,11.78,572.35,720,3.45,490,8.15,261.61,528.5,2.8,2.6,2.6,2.72,23.7,12,12.5,1.03,0.98
9/07/2021,7:30:00 PM,7:30:39 PM,Melton,VIC,5,185113089,R5 2240m Pace M,185113090,Harness,2240,Pace,8952342,5,Concealment,LOSER,6.2,LOSER,2.16,752.45,8.4,5.9,6.2,6.81,1279.59,780,5.5,780,13.8,319.93,802.96,2.28,2.14,2.28,2.16,5.94,7.2,7.6,1.03,0.98
9/07/2021,7:30:00 PM,7:30:39 PM,Melton,VIC,5,185113089,R5 2240m Pace M,185113090,Harness,2240,Pace,20482152,6,Dadndave,LOSER,2.6,WINNER,1.37,2211.55,3.4,2.4,2.62,2.64,9933.58,1000,1.84,120,3.28,2188.47,857.07,1.41,1.34,1.41,1.35,458.42,2.5,2.54,1.03,0.98
9/07/2021,7:30:00 PM,7:30:39 PM,Melton,VIC,5,185113089,R5 2240m Pace M,185113090,Harness,2240,Pace,16480583,7,Master Moonlite,LOSER,8.76,WINNER,2.47,619.83,9.6,4.7,7.6,6.58,2392.42,480,1.2,480,4.74,416.54,256.92,2.76,1.97,2.32,2.3,175.81,6.4,6.8,1.03,0.98
9/07/2021,7:30:00 PM,7:30:39 PM,Melton,VIC,5,185113089,R5 2240m Pace M,185113090,Harness,2240,Pace,19187449,8,Hugo Rocks,WINNER,17,WINNER,3.72,224.46,26,16.5,18,18.96,813.62,60,1.01,1.01,1.97,2295.17,484.77,4.3,3.6,3.7,3.82,29.98,16.5,17.5,1.03,0.98
9/07/2021,7:30:00 PM,7:30:39 PM,Melton,VIC,5,185113089,R5 2240m Pace M,185113090,Harness,2240,Pace,12111118,9,Pick Up Line,LOSER,36,LOSER,8.6,162.52,55,27,38,39.61,97.94,920,8,920,118.63,48.4,218.2,8.6,5.6,8.6,7.75,13.64,40,44,1.03,0.98
9/07/2021,7:30:00 PM,7:30:39 PM,Melton,VIC,5,185113089,R5 2240m Pace M,185113090,Harness,2240,Pace,28211262,10,Puntarno Stride,LOSER,7.14,LOSER,2.05,577.47,8,6.6,7,7.1,1219.38,780,2.38,780,10.3,249.64,800.23,2.1,2.02,2.02,2.06,82.7,7.2,7.8,1.03,0.98
9/07/2021,8:00:00 PM,8:01:43 PM,Melton,VIC,6,185113091,R6 1720m Pace M,185113092,Harness,1720,Pace,40112200,1,Our Classie Reactor,LOSER,2.36,LOSER,1.37,2561.92,2.82,1.95,2.42,2.41,18204.06,720,2.34,490,3.39,1088.1,1185.26,1.44,1.31,1.37,1.34,662.65,2.46,2.58,1.03,0.97
9/07/2021,8:00:00 PM,8:01:43 PM,Melton,VIC,6,185113091,R6 1720m Pace M,185113092,Harness,1720,Pace,40112201,2,Helansin,LOSER,34.61,LOSER,4.4,143.69,34,16,34,23.65,377.34,790,4,790,14.96,604.34,110.53,4.3,3.6,4.3,3.86,224.09,22,23,1.03,0.97
9/07/2021,8:00:00 PM,8:01:43 PM,Melton,VIC,6,185113091,R6 1720m Pace M,185113092,Harness,1720,Pace,23520777,3,The Whole Package,LOSER,359.65,LOSER,24.45,19.55,340,150,340,212.73,35.71,720,25,700,161.84,13.3,84.04,,,,,,200,240,1.03,0.97
9/07/2021,8:00:00 PM,8:01:43 PM,Melton,VIC,6,185113091,R6 1720m Pace M,185113092,Harness,1720,Pace,27356288,4,Platinum Stride,WINNER,4.3,WINNER,1.88,734.43,5.6,4,4.3,4.42,2997.87,4.3,1.01,1.01,1.69,2375.73,415.86,1.94,1.58,1.6,1.6,109.05,4.3,4.5,1.03,0.97
9/07/2021,8:00:00 PM,8:01:43 PM,Melton,VIC,6,185113091,R6 1720m Pace M,185113092,Harness,1720,Pace,28605580,5,Rockingwithsierra,LOSER,8.31,WINNER,2.4,453.69,10,6.8,8,8.39,1337.16,720,2.02,480,11.59,221.15,324.98,2.64,2.14,2.4,2.4,546.51,7.8,8.4,1.03,0.97
9/07/2021,8:00:00 PM,8:01:43 PM,Melton,VIC,6,185113091,R6 1720m Pace M,185113092,Harness,1720,Pace,25404106,6,Image Of Starzzz,LOSER,243.83,LOSER,26.49,29.72,260,90,190,145.35,63.13,890,240,890,384.14,1.85,31.4,26,11,26,22.85,23.65,120,160,1.03,0.97
9/07/2021,8:00:00 PM,8:01:43 PM,Melton,VIC,6,185113091,R6 1720m Pace M,185113092,Harness,1720,Pace,40112202,7,Flying Art,LOSER,110,LOSER,9.98,70.71,110,36,110,60.31,96.07,720,14.5,720,88.19,12.95,168.13,8,8,8,8,6,60,75,1.03,0.97
9/07/2021,8:00:00 PM,8:01:43 PM,Melton,VIC,6,185113091,R6 1720m Pace M,185113092,Harness,1720,Pace,13313917,8,Toby Ogara,LOSER,15.28,LOSER,2.98,385.08,17.5,11,14,12.72,2045.16,720,16,720,34.18,125.72,583.52,3.25,2.78,2.96,2.99,543.79,15,16.5,1.03,0.97
9/07/2021,8:00:00 PM,8:01:43 PM,Melton,VIC,6,185113091,R6 1720m Pace M,185113092,Harness,1720,Pace,26610220,9,Dan Fernando,LOSER,979.12,LOSER,61.35,24.07,900,210,360,486.83,68.1,1000,950,960,979.15,6.39,27.63,65,17.5,50,26.17,16.66,560,570,1.03,0.97
9/07/2021,8:00:00 PM,8:01:43 PM,Melton,VIC,6,185113091,R6 1720m Pace M,185113092,Harness,1720,Pace,22213046,10,Supreme Dominator,LOSER,10.8,WINNER,2.11,392.43,13,7.6,10,9.08,634.01,340,1.72,340,17.98,335.03,786.32,2.52,1.85,1.86,2.03,336.87,8.4,9,1.03,0.97
9/07/2021,8:30:00 PM,8:31:04 PM,Melton,VIC,7,185113093,R7 2240m Trot M,185113094,Harness,2240,Trot,24241735,1,Blue Sparkler,LOSER,1000,LOSER,99.56,9.33,580,80,500,319.38,66.66,1000,710,940,963.41,7.49,0.48,240,8.8,70,13.7,15.95,290,430,1.03,0.99
9/07/2021,8:30:00 PM,8:31:04 PM,Melton,VIC,7,185113093,R7 2240m Trot M,185113094,Harness,2240,Trot,28110393,2,Scootin Around,LOSER,253.59,LOSER,16.24,21.51,250,38,170,132.06,67.97,720,42,720,107.61,15,64.4,9.6,4,9.6,5.71,5.22,100,120,1.03,0.99
9/07/2021,8:30:00 PM,8:31:04 PM,Melton,VIC,7,185113093,R7 2240m Trot M,185113094,Harness,2240,Trot,32448081,4,Amour Fraternelle,LOSER,12,LOSER,2.3,372.29,14.5,11,11.5,12.8,959.57,720,3,720,7.29,354.36,790.44,2.44,2.1,2.44,2.16,2801.97,12.5,13,1.03,0.99
9/07/2021,8:30:00 PM,8:31:04 PM,Melton,VIC,7,185113093,R7 2240m Trot M,185113094,Harness,2240,Trot,12502187,5,Meet Michaelangelo,LOSER,555.05,LOSER,18.5,13.02,350,85,270,184.4,20.4,960,90,90,535.4,3.28,,,,,,,170,280,1.03,0.99
9/07/2021,8:30:00 PM,8:31:04 PM,Melton,VIC,7,185113093,R7 2240m Trot M,185113094,Harness,2240,Trot,3074392,6,You Really Got Me,LOSER,11,LOSER,2.29,275.4,17.5,11.5,11.5,13.29,807.83,830,9.2,650,44.38,58.65,644.79,2.88,2.16,2.16,2.43,83.06,14.5,16.5,1.03,0.99
9/07/2021,8:30:00 PM,8:31:04 PM,Melton,VIC,7,185113093,R7 2240m Trot M,185113094,Harness,2240,Trot,17344435,7,Flash Kyvalley,LOSER,83.41,WINNER,8.75,72.21,100,46,85,65.22,41.55,720,80,720,157.04,3.71,132.42,6,6,6,6,10,65,70,1.03,0.99
9/07/2021,8:30:00 PM,8:31:04 PM,Melton,VIC,7,185113093,R7 2240m Trot M,185113094,Harness,2240,Trot,262809,8,Naked Ambition,LOSER,133.72,LOSER,9.05,49.9,140,55,120,97.74,50.91,720,60,720,367.85,1.08,193.11,7.6,6.4,7.6,7.22,27.9,85,100,1.03,0.99
9/07/2021,8:30:00 PM,8:31:04 PM,Melton,VIC,7,185113093,R7 2240m Trot M,185113094,Harness,2240,Trot,14384269,9,Whizzbang Dan,LOSER,105.16,LOSER,9.96,61.95,130,48,100,78.51,67.01,720,60,720,225.48,1.12,149.94,,,,,,80,90,1.03,0.99
9/07/2021,8:30:00 PM,8:31:04 PM,Melton,VIC,7,185113093,R7 2240m Trot M,185113094,Harness,2240,Trot,28647097,10,Missucci,WINNER,1.45,WINNER,1.16,5891.59,1.72,1.36,1.42,1.42,28197.99,1.78,1.01,1.01,1.32,3789.63,2092.08,1.21,1.1,1.15,1.14,3245.33,1.37,1.38,1.03,0.99
9/07/2021,8:30:00 PM,8:31:04 PM,Melton,VIC,7,185113093,R7 2240m Trot M,185113094,Harness,2240,Trot,35833869,11,Namoscar,LOSER,22.83,WINNER,3.15,319.87,29,18.5,23,21.1,928.26,720,3.85,29,17.36,54.85,446.73,3.5,2.74,3.05,2.89,98.47,19.5,20,1.03,0.99
9/07/2021,8:30:00 PM,8:31:04 PM,Melton,VIC,7,185113093,R7 2240m Trot M,185113094,Harness,2240,Trot,40112203,12,Sarahleonie Bow,LOSER,289.89,LOSER,8.8,21.69,160,80,150,108.19,16.27,720,90,720,305.83,2.4,9.84,8.8,7.4,8.8,7.58,5.15,110,120,1.03,0.99
9/07/2021,8:30:00 PM,8:31:04 PM,Melton,VIC,7,185113093,R7 2240m Trot M,185113094,Harness,2240,Trot,39359530,13,Normandy Belle,LOSER,22.26,LOSER,3.83,278.47,44,20,22,28.43,384.14,720,22,140,44.25,16.41,361.88,4.7,3.6,3.6,4.15,91.55,36,42,1.03,0.99
9/07/2021,9:00:00 PM,9:01:19 PM,Melton,VIC,8,185113095,R8 1720m Pace M,185113096,Harness,1720,Pace,10239699,1,Seize Power,LOSER,204.33,LOSER,10.02,35.7,480,110,150,132.89,37.11,930,32,700,91.28,34.47,208.68,11,9.4,11,10,8,110,120,1.04,0.98
9/07/2021,9:00:00 PM,9:01:19 PM,Melton,VIC,8,185113095,R8 1720m Pace M,185113096,Harness,1720,Pace,39317138,2,Calf Pen,LOSER,4.76,LOSER,1.83,1399.54,6.8,4.7,5.2,5.2,2082.1,280,1.64,280,6.09,936.92,271.16,1.8,1.61,1.8,1.74,488.64,4.8,5.2,1.04,0.98
9/07/2021,9:00:00 PM,9:01:19 PM,Melton,VIC,8,185113095,R8 1720m Pace M,185113096,Harness,1720,Pace,8153581,3,Barnbougle Jack,LOSER,120,LOSER,11.8,66.36,110,55,110,64.21,88,720,50,700,92.38,19.79,,,,,,,55,60,1.04,0.98
9/07/2021,9:00:00 PM,9:01:19 PM,Melton,VIC,8,185113095,R8 1720m Pace M,185113096,Harness,1720,Pace,15449562,4,Chief Safari,LOSER,157.96,LOSER,21.79,34.3,270,80,160,107.68,35,930,28,280,95.37,13.31,66.44,,,,,,75,120,1.04,0.98
9/07/2021,9:00:00 PM,9:01:19 PM,Melton,VIC,8,185113095,R8 1720m Pace M,185113096,Harness,1720,Pace,27200830,5,Tupelo Beach,LOSER,65,LOSER,8.45,128.24,110,40,60,56.45,141.89,720,5.1,580,23.37,75.37,118.49,6,6,6,6,10,42,46,1.04,0.98
9/07/2021,9:00:00 PM,9:01:19 PM,Melton,VIC,8,185113095,R8 1720m Pace M,185113096,Harness,1720,Pace,35500377,6,Bonnie Belle,LOSER,1.88,LOSER,1.34,3681.26,2.32,1.6,1.91,1.98,13044.33,720,1.85,500,6.79,3996.02,1496.26,1.37,1.21,1.37,1.31,1289.15,2.08,2.16,1.04,0.98
9/07/2021,9:00:00 PM,9:01:19 PM,Melton,VIC,8,185113095,R8 1720m Pace M,185113096,Harness,1720,Pace,3531922,7,Magic Mike,LOSER,11,WINNER,2.78,689.87,12,8,12,9.43,995.09,180,2,80,8.54,327.14,271.54,2.78,2.2,2.78,2.38,78.85,9.2,9.6,1.04,0.98
9/07/2021,9:00:00 PM,9:01:19 PM,Melton,VIC,8,185113095,R8 1720m Pace M,185113096,Harness,1720,Pace,13433941,8,Manthadee,WINNER,21.34,WINNER,4.37,283.98,30,18.5,23,21.61,371.93,27,1.01,1.01,1.49,2029.29,92.47,,,,,,18.5,22,1.04,0.98
9/07/2021,9:00:00 PM,9:01:19 PM,Melton,VIC,8,185113095,R8 1720m Pace M,185113096,Harness,1720,Pace,36513118,9,Sir Roman,LOSER,29.38,LOSER,4.85,222.55,32,18.5,28,23.5,287.79,780,5.3,380,27.15,53.5,87.18,5.2,3.65,4.3,5.01,100.36,22,24,1.04,0.98
9/07/2021,9:00:00 PM,9:01:19 PM,Melton,VIC,8,185113095,R8 1720m Pace M,185113096,Harness,1720,Pace,38707075,10,Whats Stanley Got,LOSER,12,WINNER,2.53,532.16,17.5,11,11.5,13.28,931.72,420,3.05,290,13.83,146.5,589.9,2.88,2.54,2.54,2.69,127.8,12.5,13,1.04,0.98
9/07/2021,9:30:00 PM,9:31:22 PM,Melton,VIC,9,185113097,R9 2240m Pace M,185113098,Harness,2240,Pace,1437599,1,Outlook,LOSER,2.68,WINNER,1.5,2859.03,5,2.72,2.72,3.17,6680.81,120,1.94,120,4.05,965.58,1299.34,1.63,1.48,1.5,1.57,279.34,3.3,3.35,1.04,0.96
9/07/2021,9:30:00 PM,9:31:22 PM,Melton,VIC,9,185113097,R9 2240m Pace M,185113098,Harness,2240,Pace,37616877,2,Illawong Awesome,LOSER,2.35,LOSER,1.36,1001.78,2.4,1.71,2.24,1.99,9210.45,720,2.02,720,5.76,748.85,952.46,1.4,1.19,1.4,1.33,578.13,1.92,2.08,1.04,0.96
9/07/2021,9:30:00 PM,9:31:22 PM,Melton,VIC,9,185113097,R9 2240m Pace M,185113098,Harness,2240,Pace,40112204,3,Im Eugene,LOSER,70,LOSER,20.31,115.32,240,28,48,52.6,138.21,940,75,940,174.71,10.26,63.22,21,8.8,21,16.29,124.36,44,46,1.04,0.96
9/07/2021,9:30:00 PM,9:31:22 PM,Melton,VIC,9,185113097,R9 2240m Pace M,185113098,Harness,2240,Pace,39678818,4,Caruso Star,LOSER,28.77,LOSER,8,181.64,75,28,29,36.99,231.86,930,10,720,23.58,247.18,43.27,8.2,8,8.2,8.09,12.6,36,55,1.04,0.96
9/07/2021,9:30:00 PM,9:31:22 PM,Melton,VIC,9,185113097,R9 2240m Pace M,185113098,Harness,2240,Pace,31196814,6,Kurun Express,WINNER,11.27,WINNER,4.85,417.87,11.5,3.95,10.5,8.48,1067.32,7.2,1.01,1.01,1.78,2556.46,84.72,3.2,2.26,3.15,3.11,101.26,7.2,8.4,1.04,0.96
9/07/2021,9:30:00 PM,9:31:22 PM,Melton,VIC,9,185113097,R9 2240m Pace M,185113098,Harness,2240,Pace,40112206,7,Mister Nien,LOSER,129.34,LOSER,67.45,60.12,240,65,120,123.37,46.18,720,220,700,489.55,2.17,25.16,,,,,,130,180,1.04,0.96
9/07/2021,9:30:00 PM,9:31:22 PM,Melton,VIC,9,185113097,R9 2240m Pace M,185113098,Harness,2240,Pace,40112207,8,Classy Countess,LOSER,47.8,LOSER,12.8,98.06,90,36,38,49.71,152.86,720,29,90,77.3,19.02,,,,,,,42,48,1.04,0.96
9/07/2021,10:00:00 PM,10:01:11 PM,Melton,VIC,10,185113099,R10 2240m Pace M,185113100,Harness,2240,Pace,17494537,1,Aussiepride,LOSER,13,LOSER,3.5,546.09,17,7.4,13,11.58,1007.28,120,3.6,120,14.54,220.13,313.17,3.2,2.74,3.2,3,25.47,12.5,14,1.03,0.96
9/07/2021,10:00:00 PM,10:01:11 PM,Melton,VIC,10,185113099,R10 2240m Pace M,185113100,Harness,2240,Pace,23584948,2,Spacewriter,LOSER,13.78,WINNER,3.45,513.77,17.5,11,13.5,14.79,431.22,190,14.5,190,28.36,17.79,404.4,3.45,2.72,3.45,3.17,10.47,15,16,1.03,0.96
9/07/2021,10:00:00 PM,10:01:11 PM,Melton,VIC,10,185113099,R10 2240m Pace M,185113100,Harness,2240,Pace,20391818,3,Searover,LOSER,9.12,LOSER,2.81,739.49,11,7.8,9,9.07,836.05,17.5,2.46,9.6,3.75,494.37,458.43,2.7,2.48,2.68,2.68,27.55,10,11,1.03,0.96
9/07/2021,10:00:00 PM,10:01:11 PM,Melton,VIC,10,185113099,R10 2240m Pace M,185113100,Harness,2240,Pace,22988773,4,Famous Three,WINNER,3.48,WINNER,1.77,667.69,6.4,3.35,3.45,3.81,5684.97,12,1.2,1.2,5.01,1190.79,747.05,1.87,1.67,1.73,1.71,224.11,3.9,4.1,1.03,0.96
9/07/2021,10:00:00 PM,10:01:11 PM,Melton,VIC,10,185113099,R10 2240m Pace M,185113100,Harness,2240,Pace,25977363,5,Really Campbell,LOSER,18.86,WINNER,4.3,348.85,27,14,22,18.38,455.58,32,1.53,16,3.29,210.24,344.19,4.2,4.1,4.1,4.14,6.78,18.5,21,1.03,0.96
9/07/2021,10:00:00 PM,10:01:11 PM,Melton,VIC,10,185113099,R10 2240m Pace M,185113100,Harness,2240,Pace,40112208,6,Alpha Crucis,LOSER,36.22,LOSER,8.5,252.25,70,26,34,39.09,317.85,720,60,300,124.37,12.81,128.76,11,11,11,11,13.1,26,32,1.03,0.96
9/07/2021,10:00:00 PM,10:01:11 PM,Melton,VIC,10,185113099,R10 2240m Pace M,185113100,Harness,2240,Pace,24916412,7,Crompton Bay,LOSER,5.36,LOSER,2.14,774.58,5.6,3.4,5.2,4.59,8098.93,880,3.65,790,35.18,82.61,765.68,2.02,1.7,1.91,1.82,94.08,4.6,4.9,1.03,0.96
9/07/2021,10:00:00 PM,10:01:11 PM,Melton,VIC,10,185113099,R10 2240m Pace M,185113100,Harness,2240,Pace,28396464,8,A Vapar Storm,LOSER,4.86,LOSER,1.73,490.65,5.9,3,4.9,4.54,2602.62,70,2.74,70,4.91,169.49,1047.13,1.8,1.59,1.77,1.78,260.09,4.6,4.9,1.03,0.96
9/07/2021,10:30:00 PM,10:30:39 PM,Melton,VIC,11,185113101,R11 2240m Pace M,185113102,Harness,2240,Pace,19651127,1,Lotakevi,LOSER,12.3,WINNER,2.87,853.11,17,12,12.5,13.04,568.61,50,3.7,34,7.83,383.85,886.3,3.05,2.64,3.05,2.89,128.01,12.5,13,1.04,0.97
9/07/2021,10:30:00 PM,10:30:39 PM,Melton,VIC,11,185113101,R11 2240m Pace M,185113102,Harness,2240,Pace,8250917,2,Blue Chipped,LOSER,6.47,LOSER,2.42,1428.66,7.2,4.6,6.6,6.61,895.63,780,3.55,490,6.08,824.49,451.98,2.12,2.04,2.12,2.08,58.6,6.6,7.2,1.04,0.97
9/07/2021,10:30:00 PM,10:30:39 PM,Melton,VIC,11,185113101,R11 2240m Pace M,185113102,Harness,2240,Pace,22382457,3,Two Tell,LOSER,144.32,LOSER,33.51,55.01,150,60,150,102,12.84,720,170,700,351.33,3.71,41.67,30,16,30,28.17,0.75,85,110,1.04,0.97
9/07/2021,10:30:00 PM,10:30:39 PM,Melton,VIC,11,185113101,R11 2240m Pace M,185113102,Harness,2240,Pace,24553581,4,Dads My Hero,LOSER,25.75,LOSER,7.17,335.82,70,23,36,38.9,228.78,720,8,720,17.58,292.86,170.48,10,6.4,6.4,8.25,10.31,38,42,1.04,0.97
9/07/2021,10:30:00 PM,10:30:39 PM,Melton,VIC,11,185113101,R11 2240m Pace M,185113102,Harness,2240,Pace,10779674,5,Ears Ponder,LOSER,5.15,LOSER,2.13,1083.75,14.5,4.4,4.7,7.32,5018.02,780,3,780,13.3,242.97,818.13,2.24,2,2,2,248.56,5.2,5.5,1.04,0.97
9/07/2021,10:30:00 PM,10:30:39 PM,Melton,VIC,11,185113101,R11 2240m Pace M,185113102,Harness,2240,Pace,7053880,6,Image Of Courage,LOSER,13.67,LOSER,4.35,393.2,24,13.5,16,17.35,342.38,720,11.5,420,71.34,34.34,339.64,4.8,4.8,4.8,4.8,7.03,21,22,1.04,0.97
9/07/2021,10:30:00 PM,10:30:39 PM,Melton,VIC,11,185113101,R11 2240m Pace M,185113102,Harness,2240,Pace,16700748,7,Oscar Bravo,LOSER,4,LOSER,2.33,865.97,4.8,3.35,4,4,4381.58,780,4.4,720,12.56,216.2,981.13,3,1.8,3,2.02,326.12,3.9,4,1.04,0.97
9/07/2021,10:30:00 PM,10:30:39 PM,Melton,VIC,11,185113101,R11 2240m Pace M,185113102,Harness,2240,Pace,26709845,8,Sport Dreamer,LOSER,16.52,WINNER,5.55,408.2,32,9.6,18,17.85,473.81,720,2,210,7.88,391.62,200.09,7,3.75,7,5.71,12.57,18.5,21,1.04,0.97
9/07/2021,10:30:00 PM,10:30:39 PM,Melton,VIC,11,185113101,R11 2240m Pace M,185113102,Harness,2240,Pace,12654707,9,Twilight Willy,LOSER,58.36,LOSER,23.87,109.66,240,48,240,79.06,148.91,940,100,790,500.51,3.41,34.36,19.5,9.8,10.5,11.07,26.74,65,70,1.04,0.97
9/07/2021,10:30:00 PM,10:30:39 PM,Melton,VIC,11,185113101,R11 2240m Pace M,185113102,Harness,2240,Pace,11072852,10,Danman,WINNER,6.11,WINNER,2.41,714.41,6.2,4.6,6.2,5.31,637.22,9.2,1.01,1.01,2.43,2593.13,569.61,,,,,,5,5.5,1.04,0.97
9/07/2021,5:05:00 PM,5:10:05 PM,Newcastle,NSW,1,185112963,R1 2030m Pace M,185112964,Harness,2030,Pace,37081808,1,Shanks For Coming,LOSER,9.6,WINNER,,420.24,11,7.6,9.6,9.52,978.39,100,3.2,60,9.44,144.92,,3.1,2.6,2.8,2.81,225.95,9.4,10,1.03,0.98
9/07/2021,5:05:00 PM,5:10:05 PM,Newcastle,NSW,1,185112963,R1 2030m Pace M,185112964,Harness,2030,Pace,37582131,2,Miss Piggy Wiggy,LOSER,32.13,LOSER,,188.96,42,20,30,31.32,502.99,720,44,44,90.94,3.13,,6.8,4.8,6.2,5.94,43.92,36,38,1.03,0.98
9/07/2021,5:05:00 PM,5:10:05 PM,Newcastle,NSW,1,185112963,R1 2030m Pace M,185112964,Harness,2030,Pace,40112104,3,Roclea Ruler,LOSER,8.88,LOSER,,497.54,11.5,7.8,8.8,9.63,1232.95,1000,4.8,1000,22.14,171.87,,3,2.54,2.9,2.82,38.89,9.2,10.5,1.03,0.98
9/07/2021,5:05:00 PM,5:10:05 PM,Newcastle,NSW,1,185112963,R1 2030m Pace M,185112964,Harness,2030,Pace,11320752,4,Its Inevitable,LOSER,38,LOSER,,230.87,46,22,36,31.04,380.46,1000,60,720,237.41,1.32,,6.6,6.6,6.6,6.6,2.85,36,40,1.03,0.98
9/07/2021,5:05:00 PM,5:10:05 PM,Newcastle,NSW,1,185112963,R1 2030m Pace M,185112964,Harness,2030,Pace,37582092,5,Mels Ace,WINNER,13,WINNER,,343.42,19.5,10.5,13,14.1,843.49,170,1.01,1.01,1.55,1450.38,,4.1,3.25,3.25,3.67,65.28,15.5,16.5,1.03,0.98
9/07/2021,5:05:00 PM,5:10:05 PM,Newcastle,NSW,1,185112963,R1 2030m Pace M,185112964,Harness,2030,Pace,16342699,6,Styx Vixen,LOSER,23,LOSER,,154.62,210,21,23,27.91,469.2,1000,15,60,35.3,44.22,,6.4,4.4,4.7,5.27,128.5,21,23,1.03,0.98
9/07/2021,5:05:00 PM,5:10:05 PM,Newcastle,NSW,1,185112963,R1 2030m Pace M,185112964,Harness,2030,Pace,27973256,7,Blazing Shannon,LOSER,14.85,LOSER,,421.58,23,9.4,14.5,12.6,1164.67,1000,1.52,490,43.68,119.54,,4.1,2.86,3.05,3.39,125.36,10,10.5,1.03,0.98
9/07/2021,5:05:00 PM,5:10:05 PM,Newcastle,NSW,1,185112963,R1 2030m Pace M,185112964,Harness,2030,Pace,40112105,8,Soho Brandenburg,LOSER,2.93,WINNER,,1801.93,3.5,2.2,2.84,2.91,12377.39,1000,1.99,1000,7.1,564.17,,1.61,1.36,1.61,1.56,531.22,2.88,2.96,1.03,0.98
9/07/2021,5:05:00 PM,5:10:05 PM,Newcastle,NSW,1,185112963,R1 2030m Pace M,185112964,Harness,2030,Pace,38544635,9,Miss Verstappen,LOSER,7.16,LOSER,,860.53,7.6,4.5,6.8,6.3,2009.32,1000,4,1000,30.11,81.98,,2.32,2.12,2.12,2.19,956.66,7,7.2,1.03,0.98
9/07/2021,5:05:00 PM,5:10:05 PM,Newcastle,NSW,1,185112963,R1 2030m Pace M,185112964,Harness,2030,Pace,9445755,10,Peggyville,LOSER,21.23,LOSER,,456.2,48,13.5,21,16.46,658.14,1000,28,720,51.88,15.67,,4.4,4.1,4.4,4.34,25,17,17.5,1.03,0.98
9/07/2021,5:40:00 PM,5:40:30 PM,Newcastle,NSW,2,185112965,R2 2030m Pace M,185112966,Harness,2030,Pace,28309627,1,Rosarito Rock,LOSER,56.16,LOSER,,134.45,190,48,50,64.17,96.28,1000,50,1000,73.28,38.74,,8.8,6.8,7.4,7.91,44.61,75,85,1.03,0.96
9/07/2021,5:40:00 PM,5:40:30 PM,Newcastle,NSW,2,185112965,R2 2030m Pace M,185112966,Harness,2030,Pace,27759665,2,La La Bron,LOSER,8.6,WINNER,,556.2,10,5.8,10,7.49,486.41,170,5,170,9.01,252.04,,2.3,2.2,2.3,2.28,21.1,8.2,9.8,1.03,0.96
9/07/2021,5:40:00 PM,5:40:30 PM,Newcastle,NSW,2,185112965,R2 2030m Pace M,185112966,Harness,2030,Pace,19100791,3,Brexitt,LOSER,32.12,LOSER,,119.2,50,24,34,28.69,111.09,1000,14.5,1000,32.92,43.22,,7.2,4.8,4.9,4.94,43.71,27,30,1.03,0.96
9/07/2021,5:40:00 PM,5:40:30 PM,Newcastle,NSW,2,185112965,R2 2030m Pace M,185112966,Harness,2030,Pace,19647715,4,A Paradigm Shift,LOSER,4.99,LOSER,,850.05,11.5,4.5,5.3,6.04,2007.59,1000,5.4,1000,12.96,238.48,,2.06,1.74,1.74,1.85,66.73,5.4,5.7,1.03,0.96
9/07/2021,5:40:00 PM,5:40:30 PM,Newcastle,NSW,2,185112965,R2 2030m Pace M,185112966,Harness,2030,Pace,1140361,5,Gotta Rush,LOSER,53.15,LOSER,,85.04,95,46,55,54.09,45.44,1000,80,940,211.16,13.16,,,,,,,46,48,1.03,0.96
9/07/2021,5:40:00 PM,5:40:30 PM,Newcastle,NSW,2,185112965,R2 2030m Pace M,185112966,Harness,2030,Pace,13739870,6,Tulhurst Terror,LOSER,22.72,LOSER,,259.32,42,20,22,23.5,158.31,1000,19,300,57.2,19.31,,4.9,4.1,4.1,4.32,22,20,21,1.03,0.96
9/07/2021,5:40:00 PM,5:40:30 PM,Newcastle,NSW,2,185112965,R2 2030m Pace M,185112966,Harness,2030,Pace,17439686,7,Yesnomaybeso,LOSER,65,LOSER,,23.95,100,26,75,53.15,93.27,1000,55,1000,149.52,4.59,,,,,,,50,55,1.03,0.96
9/07/2021,5:40:00 PM,5:40:30 PM,Newcastle,NSW,2,185112965,R2 2030m Pace M,185112966,Harness,2030,Pace,10749403,8,Bite The Bullet,LOSER,14.83,WINNER,,396.31,15.5,9.2,14.5,11.33,255.43,720,10,720,22.14,66.79,,2.86,2.44,2.62,2.55,209.07,11,11.5,1.03,0.96
9/07/2021,5:40:00 PM,5:40:30 PM,Newcastle,NSW,2,185112965,R2 2030m Pace M,185112966,Harness,2030,Pace,5719013,9,Regal Rock,LOSER,23.94,LOSER,,210.87,32,24,25,26.57,150.57,1000,12,570,82.23,38.43,,4.1,4.1,4.1,4.1,10,24,25,1.03,0.96
9/07/2021,5:40:00 PM,5:40:30 PM,Newcastle,NSW,2,185112965,R2 2030m Pace M,185112966,Harness,2030,Pace,4718686,10,Giddy Heights,WINNER,2.06,WINNER,,2649.16,2.52,1.66,2.12,2.12,8246.88,2.26,1.01,1.01,1.44,3874.5,,1.5,1.16,1.34,1.43,298.75,2.22,2.36,1.03,0.96
9/07/2021,6:10:00 PM,6:10:53 PM,Newcastle,NSW,3,185112967,R3 1609m Pace M,185112968,Harness,1609,Pace,10736573,1,Sultan Fella,LOSER,26,LOSER,,150.28,42,25,26,34.38,98.69,1000,18.5,1000,78.42,9.66,,6,6,6,6,0.17,34,40,1.04,0.95
9/07/2021,6:10:00 PM,6:10:53 PM,Newcastle,NSW,3,185112967,R3 1609m Pace M,185112968,Harness,1609,Pace,23202318,2,Rolling With Stell,LOSER,8.86,WINNER,,458.72,10,4.8,9,7.7,633.71,65,2.42,19,7.89,119.76,,2.64,2.58,2.64,2.64,135.8,8.4,9.2,1.04,0.95
9/07/2021,6:10:00 PM,6:10:53 PM,Newcastle,NSW,3,185112967,R3 1609m Pace M,185112968,Harness,1609,Pace,7112710,3,Scotlynn Jiggs,LOSER,6.8,LOSER,,729.09,21,6.8,7.4,10.63,1877.96,1000,3,110,8.92,184.83,,2.6,2.48,2.48,2.51,45,9.4,10.5,1.04,0.95
9/07/2021,6:10:00 PM,6:10:53 PM,Newcastle,NSW,3,185112967,R3 1609m Pace M,185112968,Harness,1609,Pace,23697415,4,Mammals Riddle,WINNER,5.1,WINNER,,773.55,8.8,4.7,5.1,5.43,1073.9,11,1.01,1.01,1.71,2191.29,,1.97,1.88,1.89,1.91,92.95,5.2,6,1.04,0.95
9/07/2021,6:10:00 PM,6:10:53 PM,Newcastle,NSW,3,185112967,R3 1609m Pace M,185112968,Harness,1609,Pace,22488058,5,Hidden Delight,LOSER,4.04,WINNER,,1299.12,4.9,3.15,4,4.18,1363.31,490,3.1,110,5.25,716.95,,1.98,1.61,1.72,1.76,96.22,3.9,4,1.04,0.95
9/07/2021,6:10:00 PM,6:10:53 PM,Newcastle,NSW,3,185112967,R3 1609m Pace M,185112968,Harness,1609,Pace,17296692,6,Trouble Looming,LOSER,48.08,LOSER,,66.57,60,32,48,42.86,36.03,1000,18.5,140,40.04,39.82,,,,,,,48,55,1.04,0.95
9/07/2021,6:10:00 PM,6:10:53 PM,Newcastle,NSW,3,185112967,R3 1609m Pace M,185112968,Harness,1609,Pace,35430950,7,Ruby Baby,LOSER,5.98,LOSER,,603.41,6.4,4.5,5.9,4.99,1241.61,1000,5.4,1000,10.87,126.15,,2.36,1.83,1.96,2.22,191.92,4.8,5.2,1.04,0.95
9/07/2021,6:10:00 PM,6:10:53 PM,Newcastle,NSW,3,185112967,R3 1609m Pace M,185112968,Harness,1609,Pace,27767865,8,Miss Ciriello,LOSER,21,LOSER,,212.66,23,10,23,18.07,161.25,1000,10,1000,54.57,41.73,,5.9,4.4,4.4,5.36,13.98,20,21,1.04,0.95
9/07/2021,6:10:00 PM,6:10:53 PM,Newcastle,NSW,3,185112967,R3 1609m Pace M,185112968,Harness,1609,Pace,13609476,10,Our Chance Todream,LOSER,30.29,LOSER,,109.32,50,24,30,31.89,115.76,1000,40,1000,98.5,14.75,,10.5,5.9,5.9,8.89,14.24,27,30,1.04,0.95
9/07/2021,6:10:00 PM,6:10:53 PM,Newcastle,NSW,3,185112967,R3 1609m Pace M,185112968,Harness,1609,Pace,23085189,11,Nifty Studleigh,LOSER,106.88,LOSER,,60.94,120,50,110,71.79,98.49,1000,100,1000,272.54,3.06,,11,10.5,10.5,10.82,5,65,90,1.04,0.95
9/07/2021,6:45:00 PM,6:45:29 PM,Newcastle,NSW,4,185112969,R4 1609m Pace M,185112970,Harness,1609,Pace,23955051,1,Itz Georgiaonmymind,LOSER,8.2,WINNER,,443.43,10,8,8.2,8.65,546.93,1000,8.2,1000,20.12,117.61,,2.32,2.3,2.3,2.31,34,8.6,9.2,1.03,0.97
9/07/2021,6:45:00 PM,6:45:29 PM,Newcastle,NSW,4,185112969,R4 1609m Pace M,185112970,Harness,1609,Pace,9008137,2,Western Heir,LOSER,91.58,LOSER,,73.99,120,30,100,71.4,86.56,930,130,780,331.54,8.59,,9,9,9,9,10,70,85,1.03,0.97
9/07/2021,6:45:00 PM,6:45:29 PM,Newcastle,NSW,4,185112969,R4 1609m Pace M,185112970,Harness,1609,Pace,27334892,3,Soho Sinatra,LOSER,8.2,LOSER,,482.64,11,4,11,7.11,1549.45,1000,7.6,1000,17.48,80.88,,2.12,1.88,2.12,1.98,34.62,9,9.6,1.03,0.97
9/07/2021,6:45:00 PM,6:45:29 PM,Newcastle,NSW,4,185112969,R4 1609m Pace M,185112970,Harness,1609,Pace,6223017,4,The Bachelor,LOSER,264.57,LOSER,,51.23,390,65,210,170.96,63,720,120,700,210.57,4.89,,18,15,15,17.15,41.26,130,200,1.03,0.97
9/07/2021,6:45:00 PM,6:45:29 PM,Newcastle,NSW,4,185112969,R4 1609m Pace M,185112970,Harness,1609,Pace,2051948,5,Major Bob,WINNER,2.75,WINNER,,2089.13,4,2.62,2.74,2.9,7882.63,2.76,1.01,1.05,1.88,3151.7,,1.64,1.44,1.49,1.55,2817.34,2.74,2.84,1.03,0.97
9/07/2021,6:45:00 PM,6:45:29 PM,Newcastle,NSW,4,185112969,R4 1609m Pace M,185112970,Harness,1609,Pace,25780963,6,Azur Express,LOSER,15.72,LOSER,,382.15,21,11.5,15.5,15.63,403.43,780,3.35,780,12.04,241.35,,3.15,2.92,3,3.04,126.31,14.5,15.5,1.03,0.97
9/07/2021,6:45:00 PM,6:45:29 PM,Newcastle,NSW,4,185112969,R4 1609m Pace M,185112970,Harness,1609,Pace,8639622,8,Exterminate,LOSER,140.09,LOSER,,36.77,190,80,190,106.62,62.81,720,32,720,121.08,14.36,,11,11,11,11,3.16,120,130,1.03,0.97
9/07/2021,6:45:00 PM,6:45:29 PM,Newcastle,NSW,4,185112969,R4 1609m Pace M,185112970,Harness,1609,Pace,16457009,9,Shannonstheman,LOSER,4.44,LOSER,,1490.86,6,4.5,4.6,4.91,2520.88,1000,3.75,1000,9.14,324.91,,2.08,1.63,1.77,1.7,70.29,4.7,5,1.03,0.97
9/07/2021,6:45:00 PM,6:45:29 PM,Newcastle,NSW,4,185112969,R4 1609m Pace M,185112970,Harness,1609,Pace,8317684,10,Robbiewillmakeit,LOSER,8.12,WINNER,,494.98,11,6.6,8.6,7.69,1154.8,720,2.74,9.6,23.02,46.97,,2.5,2.16,2.22,2.25,99.34,7.8,8.8,1.03,0.97
9/07/2021,7:19:00 PM,7:21:32 PM,Newcastle,NSW,5,185112971,R5 1609m Pace M,185112972,Harness,1609,Pace,27274432,1,Rocknroll Swinger,LOSER,5.8,WINNER,,1906.98,5.7,2.5,5.7,3.87,6419.15,1000,2.92,1000,4.33,1646.95,,2.06,1.56,1.8,1.83,1883.86,4.7,5,1.05,0.98
9/07/2021,7:19:00 PM,7:21:32 PM,Newcastle,NSW,5,185112971,R5 1609m Pace M,185112972,Harness,1609,Pace,12976249,3,Its Allabout Alice,WINNER,2.69,WINNER,,3190.91,5.9,2.8,2.82,3.53,8599.03,6.8,1.01,1.01,2.14,1948.16,,1.75,1.52,1.52,1.58,466.22,3.55,3.7,1.05,0.98
9/07/2021,7:19:00 PM,7:21:32 PM,Newcastle,NSW,5,185112971,R5 1609m Pace M,185112972,Harness,1609,Pace,8121899,4,Rich Virgin,LOSER,124.45,WINNER,,102.74,260,44,260,107.64,102.86,1000,32,1000,124.12,48.7,,,,,,,75,85,1.05,0.98
9/07/2021,7:19:00 PM,7:21:32 PM,Newcastle,NSW,5,185112971,R5 1609m Pace M,185112972,Harness,1609,Pace,19166581,5,Glenn Ford,LOSER,20.56,LOSER,,411.25,38,16,16,21.49,652.03,1000,15.5,1000,72.45,11.68,,,,,,,21,24,1.05,0.98
9/07/2021,7:19:00 PM,7:21:32 PM,Newcastle,NSW,5,185112971,R5 1609m Pace M,185112972,Harness,1609,Pace,22033133,6,Huey Lewis,LOSER,12.5,LOSER,,635.31,24,11,12.5,14.89,1701.69,1000,5.8,1000,22.42,144.7,,3.3,3.25,3.3,3.3,165.42,11,12.5,1.05,0.98
9/07/2021,7:19:00 PM,7:21:32 PM,Newcastle,NSW,5,185112971,R5 1609m Pace M,185112972,Harness,1609,Pace,13527084,7,For The Bettor,LOSER,12.63,LOSER,,387.31,14,7.8,9.8,10.01,968.3,1000,7.2,1000,24.37,152.3,,3.15,2.48,3.15,3.1,9.37,8.8,9.4,1.05,0.98
9/07/2021,7:19:00 PM,7:21:32 PM,Newcastle,NSW,5,185112971,R5 1609m Pace M,185112972,Harness,1609,Pace,20587335,8,Hazelnuts,LOSER,10.96,LOSER,,499.18,19,7.6,10.5,10,1344.71,1000,10.5,1000,25.47,88.97,,3.3,2.74,2.74,2.98,133.84,11.5,12,1.05,0.98
9/07/2021,7:19:00 PM,7:21:32 PM,Newcastle,NSW,5,185112971,R5 1609m Pace M,185112972,Harness,1609,Pace,13443086,9,Mondooley Heaven,LOSER,6.8,LOSER,,957.76,10,5,6.6,5.78,2018.79,1000,2.86,1000,3.7,1216.74,,2.06,1.9,2.06,1.98,151.51,5.5,5.9,1.05,0.98
9/07/2021,7:19:00 PM,7:21:32 PM,Newcastle,NSW,5,185112971,R5 1609m Pace M,185112972,Harness,1609,Pace,28315839,10,Wet My Whistle,LOSER,75,LOSER,,226.08,110,30,110,67.47,93.21,1000,34,1000,84.27,53.1,,,,,,,50,55,1.05,0.98
9/07/2021,7:49:00 PM,7:50:13 PM,Newcastle,NSW,6,185112973,R6 2030m Pace M,185112974,Harness,2030,Pace,13135094,1,Seelsters Song,LOSER,35.77,LOSER,,164.06,80,30,36,42.52,178.65,920,29,920,106.23,29.04,,8.4,5,5,5.97,218.7,50,65,1.03,0.97
9/07/2021,7:49:00 PM,7:50:13 PM,Newcastle,NSW,6,185112973,R6 2030m Pace M,185112974,Harness,2030,Pace,9327241,2,Burning Shadows,LOSER,52.18,LOSER,,122.94,75,15.5,55,44.71,122.8,720,29,300,123.92,3.41,,7,6.8,6.8,6.82,40,48,55,1.03,0.97
9/07/2021,7:49:00 PM,7:50:13 PM,Newcastle,NSW,6,185112973,R6 2030m Pace M,185112974,Harness,2030,Pace,16294708,3,Wallaroy Boy,LOSER,29.43,LOSER,,168.78,44,23,34,31.96,205.54,870,1.5,870,8.85,327.53,,5.7,5.5,5.7,5.6,40,38,42,1.03,0.97
9/07/2021,7:49:00 PM,7:50:13 PM,Newcastle,NSW,6,185112973,R6 2030m Pace M,185112974,Harness,2030,Pace,12827788,4,American Kestrel,LOSER,18.88,LOSER,,210.98,27,13.5,19,16.52,464.27,420,10,190,42.77,15.41,,4.1,3.65,4.1,3.85,19.16,18,19,1.03,0.97
9/07/2021,7:49:00 PM,7:50:13 PM,Newcastle,NSW,6,185112973,R6 2030m Pace M,185112974,Harness,2030,Pace,14120194,5,Icspots,LOSER,2.72,WINNER,,2145.25,5,2.52,2.72,2.78,6963.65,120,2.4,80,3.23,1760.76,,1.51,1.43,1.49,1.49,1390.3,2.6,2.7,1.03,0.97
9/07/2021,7:49:00 PM,7:50:13 PM,Newcastle,NSW,6,185112973,R6 2030m Pace M,185112974,Harness,2030,Pace,4100162,6,Eagle Falls,WINNER,7.42,WINNER,,751.17,7,5.1,6.8,5.94,703.27,90,1.02,1.22,2.12,769.77,,2,1.97,1.98,1.98,107.12,5.6,5.7,1.03,0.97
9/07/2021,7:49:00 PM,7:50:13 PM,Newcastle,NSW,6,185112973,R6 2030m Pace M,185112974,Harness,2030,Pace,12902465,7,Illawong Lord,LOSER,40.98,LOSER,,118.1,90,29,50,36.33,245.4,930,18,930,158.1,30.06,,8.4,7.8,7.8,8.12,31.67,50,55,1.03,0.97
9/07/2021,7:49:00 PM,7:50:13 PM,Newcastle,NSW,6,185112973,R6 2030m Pace M,185112974,Harness,2030,Pace,36227931,8,Mister Woodport,LOSER,8.4,WINNER,,430.03,10,3.9,8.8,7.99,1334.48,140,1.88,44,4.63,349.42,,2.52,2.52,2.52,2.52,0.88,8.8,10,1.03,0.97
9/07/2021,7:49:00 PM,7:50:13 PM,Newcastle,NSW,6,185112973,R6 2030m Pace M,185112974,Harness,2030,Pace,38338859,9,My Classy Mate,LOSER,15,LOSER,,261.63,42,10.5,15,12.69,1068.38,420,8,190,21.44,43.23,,4.5,3.35,3.35,3.62,90.68,13.5,14.5,1.03,0.97
9/07/2021,7:49:00 PM,7:50:13 PM,Newcastle,NSW,6,185112973,R6 2030m Pace M,185112974,Harness,2030,Pace,25328690,10,Allfourbeers,LOSER,6.52,LOSER,,647.8,10,5.7,6,7.13,1466.66,290,3.55,24,5.49,237.01,,2.24,2,2.24,2.08,355.04,7.4,8,1.03,0.97
9/07/2021,8:19:00 PM,8:19:32 PM,Newcastle,NSW,7,185112975,R7 1609m Pace M,185112976,Harness,1609,Pace,40112106,1,Our Lucille,LOSER,75.23,LOSER,,58.69,170,48,50,70.75,267.23,950,50,950,98.69,28.53,,12.5,6,6.2,6.95,487.29,130,170,1.03,0.99
9/07/2021,8:19:00 PM,8:19:32 PM,Newcastle,NSW,7,185112975,R7 1609m Pace M,185112976,Harness,1609,Pace,33024027,2,Ultimate Chance,LOSER,3,WINNER,,1240.82,4.2,2.96,2.98,3.21,2930.75,720,2.98,720,7.13,334.3,,1.54,1.44,1.51,1.45,248.95,3.1,3.15,1.03,0.99
9/07/2021,8:19:00 PM,8:19:32 PM,Newcastle,NSW,7,185112975,R7 1609m Pace M,185112976,Harness,1609,Pace,40112107,4,Ladyfeelgood,LOSER,120,LOSER,,41.24,120,55,110,82.79,33.27,950,140,600,572.19,1.82,,,,,,,80,100,1.03,0.99
9/07/2021,8:19:00 PM,8:19:32 PM,Newcastle,NSW,7,185112975,R7 1609m Pace M,185112976,Harness,1609,Pace,40112108,5,Mister Operative,LOSER,49.48,LOSER,,104.37,70,23,44,36.42,51.61,720,40,720,78.4,7.63,,2.88,2.88,2.88,2.88,5,38,42,1.03,0.99
9/07/2021,8:19:00 PM,8:19:32 PM,Newcastle,NSW,7,185112975,R7 1609m Pace M,185112976,Harness,1609,Pace,40112109,6,Jelignite Jack,LOSER,10.7,LOSER,,428.44,15,9.2,11,10.24,218.21,720,7.2,720,18.53,144.43,,,,,,,10,11,1.03,0.99
9/07/2021,8:19:00 PM,8:19:32 PM,Newcastle,NSW,7,185112975,R7 1609m Pace M,185112976,Harness,1609,Pace,40112110,7,Takeme Tothe Beach,LOSER,26.03,LOSER,,206.71,40,16,24,22.39,131.34,720,10,720,13.08,229.27,,,,,,,18.5,19.5,1.03,0.99
9/07/2021,8:19:00 PM,8:19:32 PM,Newcastle,NSW,7,185112975,R7 1609m Pace M,185112976,Harness,1609,Pace,28866587,8,Mystic Eagle,LOSER,29.7,LOSER,,148.36,36,18,26,24.3,138.7,780,8.8,780,21.58,133.62,,4.4,3.6,4.4,4.38,15.36,20,22,1.03,0.99
9/07/2021,8:19:00 PM,8:19:32 PM,Newcastle,NSW,7,185112975,R7 1609m Pace M,185112976,Harness,1609,Pace,36652040,9,Borderline,WINNER,8.54,WINNER,,614.28,10.5,6,7.4,7.33,711.79,18.5,1.01,1.01,2.08,1490.9,,1.9,1.72,1.72,1.83,64.17,6.8,7.4,1.03,0.99
9/07/2021,8:19:00 PM,8:19:32 PM,Newcastle,NSW,7,185112975,R7 1609m Pace M,185112976,Harness,1609,Pace,36794850,10,Rock De Ark,LOSER,3.3,WINNER,,1457.96,4.1,2.2,3.25,3.25,1994.21,100,1.37,100,2.47,1293.57,,1.55,1.43,1.48,1.45,12.6,3.2,3.25,1.03,0.99
9/07/2021,8:49:00 PM,8:49:45 PM,Newcastle,NSW,8,185112977,R8 2030m Pace M,185112978,Harness,2030,Pace,11612916,1,Our Bushwacker,LOSER,9.6,LOSER,,333.77,13,8.6,10.5,9.88,572.91,190,6.4,80,13.07,191.01,,3.25,3,3,3.04,157,11.5,12.5,1.05,0.93
9/07/2021,8:49:00 PM,8:49:45 PM,Newcastle,NSW,8,185112977,R8 2030m Pace M,185112978,Harness,2030,Pace,9621881,2,Cant Explain It,LOSER,4.94,LOSER,,893.34,8.6,4.2,5.1,4.91,3731.62,720,2.92,720,7.36,885.49,,2.68,2.02,2.3,2.17,138.85,4.8,6.2,1.05,0.93
9/07/2021,8:49:00 PM,8:49:45 PM,Newcastle,NSW,8,185112977,R8 2030m Pace M,185112978,Harness,2030,Pace,1081825,3,Clever Cowboy,LOSER,95.99,LOSER,,98.49,170,60,170,99.55,175.04,940,70,720,137.93,23.64,,,,,,,75,95,1.05,0.93
9/07/2021,8:49:00 PM,8:49:45 PM,Newcastle,NSW,8,185112977,R8 2030m Pace M,185112978,Harness,2030,Pace,12675281,4,Casual River,LOSER,10.5,LOSER,,413.24,12,8.4,11.5,10.42,540.14,190,2.1,80,10.27,84.7,,3.3,2.96,3.3,3,111,9.4,10.5,1.05,0.93
9/07/2021,8:49:00 PM,8:49:45 PM,Newcastle,NSW,8,185112977,R8 2030m Pace M,185112978,Harness,2030,Pace,14034561,5,Roll With Annie,WINNER,9.53,WINNER,,446.8,11.5,5.1,10.5,9.47,421.76,18,1.12,1.37,3.71,605.21,,2.46,2.46,2.46,2.46,25,10.5,11.5,1.05,0.93
9/07/2021,8:49:00 PM,8:49:45 PM,Newcastle,NSW,8,185112977,R8 2030m Pace M,185112978,Harness,2030,Pace,10634020,6,Jackeroo Shannon,LOSER,8.2,LOSER,,490.25,13.5,7.8,8.6,8.67,773.33,720,4.1,290,10.84,518.18,,3,2.62,2.74,2.84,329.21,8,8.6,1.05,0.93
9/07/2021,8:49:00 PM,8:49:45 PM,Newcastle,NSW,8,185112977,R8 2030m Pace M,185112978,Harness,2030,Pace,1365197,7,Harbour Town,LOSER,29.41,WINNER,,404.48,55,23,32,31.23,180.31,300,29,300,38.04,45.08,,6.2,6.2,6.2,6.2,9,24,29,1.05,0.93
9/07/2021,8:49:00 PM,8:49:45 PM,Newcastle,NSW,8,185112977,R8 2030m Pace M,185112978,Harness,2030,Pace,21414709,8,Shes Heavenly,LOSER,16.61,LOSER,,418.64,24,11,18.5,16.56,514.53,420,6.8,280,22.16,179.26,,4.7,4.1,4.7,4.49,80.95,18,19,1.05,0.93
9/07/2021,8:49:00 PM,8:49:45 PM,Newcastle,NSW,8,185112977,R8 2030m Pace M,185112978,Harness,2030,Pace,27501198,9,Rocknroll Tony,LOSER,8.12,WINNER,,488.2,9.2,5.3,8.4,7.14,996.57,13.5,1.51,8.8,6.96,251.24,,2.54,2.18,2.34,2.41,374.86,7.6,8,1.05,0.93
9/07/2021,8:49:00 PM,8:49:45 PM,Newcastle,NSW,8,185112977,R8 2030m Pace M,185112978,Harness,2030,Pace,1009527,10,Rococo,LOSER,4.7,LOSER,,693.57,6.4,4.1,5,5.53,2863.01,100,3.65,85,6.41,538,,2.3,2.1,2.2,2.17,187.95,5.4,5.9,1.05,0.93
9/07/2021,9:19:00 PM,9:19:23 PM,Newcastle,NSW,9,185112979,R9 1609m Pace M,185112980,Harness,1609,Pace,28596392,1,Major Noah William,LOSER,67.03,LOSER,,98.39,95,48,60,58.61,79.3,930,65,720,103.31,16.43,,,,,,,48,50,1.04,0.97
9/07/2021,9:19:00 PM,9:19:23 PM,Newcastle,NSW,9,185112979,R9 1609m Pace M,185112980,Harness,1609,Pace,35896674,2,Samuel John,LOSER,16.5,LOSER,,344.05,18.5,11.5,16.5,14.6,520.53,720,12,480,44.53,49.56,,,,,,,16,16.5,1.04,0.97
9/07/2021,9:19:00 PM,9:19:23 PM,Newcastle,NSW,9,185112979,R9 1609m Pace M,185112980,Harness,1609,Pace,40112111,3,Our Tempo,LOSER,15.5,LOSER,,170.86,24,8,15.5,15.23,861.71,480,5.1,280,22.41,65.74,,3.95,2.52,2.52,3.26,1004.51,19.5,21,1.04,0.97
9/07/2021,9:19:00 PM,9:19:23 PM,Newcastle,NSW,9,185112979,R9 1609m Pace M,185112980,Harness,1609,Pace,36770996,4,Skyfall Andy,LOSER,4.72,WINNER,,1346.45,5.6,2.9,4.9,3.71,2418.21,720,2.96,720,6.61,629.67,,1.81,1.5,1.81,1.56,324.31,5,5.5,1.04,0.97
9/07/2021,9:19:00 PM,9:19:23 PM,Newcastle,NSW,9,185112979,R9 1609m Pace M,185112980,Harness,1609,Pace,40112112,5,Hurrikaani,LOSER,68.15,LOSER,,106.36,85,27,65,50.15,75.79,930,25,720,165.4,12.81,,5.9,5.9,5.9,5.9,5,44,55,1.04,0.97
9/07/2021,9:19:00 PM,9:19:23 PM,Newcastle,NSW,9,185112979,R9 1609m Pace M,185112980,Harness,1609,Pace,37515959,6,Melati Boy,LOSER,4.75,WINNER,,1153.05,10,3.8,4.3,4.7,5968.08,140,3.85,100,5.75,477.12,,2.08,1.77,1.77,1.82,222.43,3.95,4.1,1.04,0.97
9/07/2021,9:19:00 PM,9:19:23 PM,Newcastle,NSW,9,185112979,R9 1609m Pace M,185112980,Harness,1609,Pace,40112113,7,Whatisitgunnabe,LOSER,5.58,LOSER,,1753.51,8.6,5,6,6,1070.02,720,5.1,720,9.76,290.26,,2.24,1.92,2.24,1.96,19.98,5.4,6,1.04,0.97
9/07/2021,9:19:00 PM,9:19:23 PM,Newcastle,NSW,9,185112979,R9 1609m Pace M,185112980,Harness,1609,Pace,40112114,8,Shezabluechip,WINNER,3.85,WINNER,,1393.91,6.2,3.25,3.95,3.97,3663.52,4,1.01,1.01,1.58,3023.67,,1.83,1.58,1.68,1.69,45.05,4.1,4.4,1.04,0.97
9/07/2021,9:49:00 PM,9:49:26 PM,Newcastle,NSW,10,185112981,R10 1609m Pace M,185112982,Harness,1609,Pace,40112115,1,Chatherup,LOSER,31.1,LOSER,,190.46,48,19,28,28.87,146.49,1000,29,1000,196.64,20.47,,5.9,4.5,4.7,5.28,111.7,20,23,1.03,0.98
9/07/2021,9:49:00 PM,9:49:26 PM,Newcastle,NSW,10,185112981,R10 1609m Pace M,185112982,Harness,1609,Pace,38416640,3,Saint Crusader,WINNER,50.14,WINNER,,106.46,50,16,46,27.17,173.46,55,1.01,1.04,3.72,1176.79,,6.2,5.2,5.8,5.62,112.05,34,42,1.03,0.98
9/07/2021,9:49:00 PM,9:49:26 PM,Newcastle,NSW,10,185112981,R10 1609m Pace M,185112982,Harness,1609,Pace,39539512,4,Spirit Inside,LOSER,83.36,LOSER,,65.17,95,20,80,58.12,73.14,920,34,920,145.74,10.83,,8.2,6.2,8,7.37,51,48,65,1.03,0.98
9/07/2021,9:49:00 PM,9:49:26 PM,Newcastle,NSW,10,185112981,R10 1609m Pace M,185112982,Harness,1609,Pace,40040645,6,Ideal Mondo,LOSER,3.9,LOSER,,1981.96,9.4,3.95,4.3,5.59,1201.2,860,3.3,860,7,290.21,,1.89,1.42,1.42,1.6,2241.76,4.1,4.4,1.03,0.98
9/07/2021,9:49:00 PM,9:49:26 PM,Newcastle,NSW,10,185112981,R10 1609m Pace M,185112982,Harness,1609,Pace,39951848,7,Chrissyscreek,LOSER,34,LOSER,,163.31,85,22,29,28.2,229.23,910,13.5,910,78.05,41.49,,5.5,4.4,5.5,5.1,24.41,24,27,1.03,0.98
9/07/2021,9:49:00 PM,9:49:26 PM,Newcastle,NSW,10,185112981,R10 1609m Pace M,185112982,Harness,1609,Pace,402427,8,Flare Up,LOSER,1.53,WINNER,,2899.67,1.6,1.24,1.49,1.41,13829.24,30,1.02,1.27,1.26,6353.22,,1.25,1.1,1.23,1.2,149.56,1.55,1.57,1.03,0.98
9/07/2021,12:12:00 PM,12:12:32 PM,Wagga,NSW,1,185113801,R1 1740m Trot M,185113802,Harness,1740,Trot,28605583,1,Critical Advantage,LOSER,60,LOSER,,79.58,95,29,65,58.38,50.68,950,60,950,239.4,7.58,,,,,,,55,65,1.01,0.95
9/07/2021,12:12:00 PM,12:12:32 PM,Wagga,NSW,1,185113801,R1 1740m Trot M,185113802,Harness,1740,Trot,28300706,2,Chateaubriant,LOSER,17.67,LOSER,,248.31,27,15.5,16.5,17.25,139.04,1000,16.5,48,153.62,54.15,,3.1,3.1,3.1,3.1,20,17,18.5,1.01,0.95
9/07/2021,12:12:00 PM,12:12:32 PM,Wagga,NSW,1,185113801,R1 1740m Trot M,185113802,Harness,1740,Trot,35462271,3,Count Your Eyes,LOSER,12,WINNER,,323.54,15.5,10,12,11.9,266.82,900,11,900,45.64,53.16,,2.62,2.36,2.46,2.47,140.04,11,12,1.01,0.95
9/07/2021,12:12:00 PM,12:12:32 PM,Wagga,NSW,1,185113801,R1 1740m Trot M,185113802,Harness,1740,Trot,17344780,4,Lucky Eyes,LOSER,16.95,LOSER,,320.76,38,17,17.5,18.87,159.8,720,11,720,30.81,85.34,,3.4,2.96,3,3.06,500,17,17.5,1.01,0.95
9/07/2021,12:12:00 PM,12:12:32 PM,Wagga,NSW,1,185113801,R1 1740m Trot M,185113802,Harness,1740,Trot,17650302,5,Galleons Glory,LOSER,2.52,WINNER,,1423.43,3.5,2.48,2.76,2.88,2733.46,720,2.2,490,5.02,1169.22,,1.48,1.33,1.4,1.41,314.41,2.94,3.1,1.01,0.95
9/07/2021,12:12:00 PM,12:12:32 PM,Wagga,NSW,1,185113801,R1 1740m Trot M,185113802,Harness,1740,Trot,24900348,6,Rave On Hall,WINNER,2.55,WINNER,,1970.5,2.8,2.16,2.64,2.53,1576.24,2.82,1.01,1.01,1.6,3314.62,,1.5,1.24,1.26,1.36,423.31,2.58,2.62,1.01,0.95
9/07/2021,12:12:00 PM,12:12:32 PM,Wagga,NSW,1,185113801,R1 1740m Trot M,185113802,Harness,1740,Trot,38858958,7,Thebestbourbon,LOSER,28.69,LOSER,,161.96,30,11,29,16.47,264.26,900,30,900,115.34,17.06,,,,,,,20,29,1.01,0.95
9/07/2021,12:12:00 PM,12:12:32 PM,Wagga,NSW,1,185113801,R1 1740m Trot M,185113802,Harness,1740,Trot,22565942,8,Worthy Hall,LOSER,137.47,LOSER,,74.04,230,30,120,127.65,26.41,950,120,950,455.19,10.09,,42,9.4,42,38.73,7.67,140,210,1.01,0.95
9/07/2021,12:47:00 PM,12:47:37 PM,Wagga,NSW,2,185113803,R2 1740m Pace M,185113804,Harness,1740,Pace,40112169,1,Under Fire Lombo,LOSER,48.27,WINNER,,176.45,65,13.5,55,38.41,157.36,720,19.5,720,44.77,91.74,,6.2,5.3,6,6.02,35.86,29,44,1.03,0.99
9/07/2021,12:47:00 PM,12:47:37 PM,Wagga,NSW,2,185113803,R2 1740m Pace M,185113804,Harness,1740,Pace,6996222,2,Kelvin Grove,LOSER,180,LOSER,,22.71,400,30,390,177.28,35.27,900,95,720,146.86,7.53,,,,,,,150,340,1.03,0.99
9/07/2021,12:47:00 PM,12:47:37 PM,Wagga,NSW,2,185113803,R2 1740m Pace M,185113804,Harness,1740,Pace,40112170,3,Blue Label,LOSER,85,LOSER,,60.77,150,30,90,80.12,44.99,790,180,790,382.03,2.45,,13,12,12,12.7,16.51,70,90,1.03,0.99
9/07/2021,12:47:00 PM,12:47:37 PM,Wagga,NSW,2,185113803,R2 1740m Pace M,185113804,Harness,1740,Pace,40112171,4,Arma Rolling Stone,LOSER,6.25,LOSER,,684.38,6.4,3.9,6.4,4.84,744.87,1000,9.4,90,91.5,130.79,,2.16,1.72,1.9,1.93,85.72,5.6,6,1.03,0.99
9/07/2021,12:47:00 PM,12:47:37 PM,Wagga,NSW,2,185113803,R2 1740m Pace M,185113804,Harness,1740,Pace,40112172,5,Blazing Banner,WINNER,1.33,WINNER,,6313.43,1.95,1.27,1.27,1.58,9454.77,1.28,1.01,1.01,1.05,5636.16,,1.28,1.18,1.18,1.22,1082.24,1.45,1.47,1.03,0.99
9/07/2021,12:47:00 PM,12:47:37 PM,Wagga,NSW,2,185113803,R2 1740m Pace M,185113804,Harness,1740,Pace,40112174,7,Morris Brown,LOSER,10.93,LOSER,,357.47,11,6.2,11,8.68,326.54,880,10.5,880,72.44,31.66,,3,2.3,2.48,2.35,129.91,9.2,9.8,1.03,0.99
9/07/2021,1:22:00 PM,1:22:41 PM,Wagga,NSW,3,185113805,R3 2270m Pace M,185113806,Harness,2270,Pace,24540407,1,Sedso,LOSER,82.87,LOSER,,60.47,190,36,190,115.85,50.37,930,23,590,111.53,27.18,,5.4,5.3,5.4,5.35,13,95,180,1.05,0.98
9/07/2021,1:22:00 PM,1:22:41 PM,Wagga,NSW,3,185113805,R3 2270m Pace M,185113806,Harness,2270,Pace,22212133,2,Just Smokin,LOSER,199.24,LOSER,,30.09,380,95,200,163.64,39.68,960,180,960,328.22,4.47,,7.4,6.6,7.4,6.84,75,200,300,1.05,0.98
9/07/2021,1:22:00 PM,1:22:41 PM,Wagga,NSW,3,185113805,R3 2270m Pace M,185113806,Harness,2270,Pace,16823345,3,My Mate Bazza,LOSER,26,WINNER,,117.42,38,19,27,29.32,103.09,720,19,720,56.67,21.1,,2.76,2.34,2.66,2.6,281.13,29,36,1.05,0.98
9/07/2021,1:22:00 PM,1:22:41 PM,Wagga,NSW,3,185113805,R3 2270m Pace M,185113806,Harness,2270,Pace,23794684,4,Mcdreamy Guy,LOSER,98.12,LOSER,,41.95,110,32,110,68.13,50.32,920,110,920,328.46,6.09,,4.2,3.7,4.1,4,341.06,60,100,1.05,0.98
9/07/2021,1:22:00 PM,1:22:41 PM,Wagga,NSW,3,185113805,R3 2270m Pace M,185113806,Harness,2270,Pace,27270907,5,Harpers Spirit,LOSER,32,LOSER,,282.62,36,12,34,21.69,136.87,910,30,710,58.44,74.44,,2.96,2.36,2.54,2.73,177.93,27,34,1.05,0.98
9/07/2021,1:22:00 PM,1:22:41 PM,Wagga,NSW,3,185113805,R3 2270m Pace M,185113806,Harness,2270,Pace,30106286,6,Impertinent Writer,LOSER,33.22,LOSER,,173.37,48,22,38,37.22,110.32,720,10,720,32.07,74.69,,4,3.25,3.55,3.46,68.62,36,44,1.05,0.98
9/07/2021,1:22:00 PM,1:22:41 PM,Wagga,NSW,3,185113805,R3 2270m Pace M,185113806,Harness,2270,Pace,12817507,7,Temora Reactor,LOSER,45.89,LOSER,,96.27,60,27,48,43.01,74.75,920,44,100,146.61,20.5,,3.05,2.58,2.86,2.9,1106.28,38,65,1.05,0.98
9/07/2021,1:22:00 PM,1:22:41 PM,Wagga,NSW,3,185113805,R3 2270m Pace M,185113806,Harness,2270,Pace,38521819,8,Rozy Soma,LOSER,516.62,LOSER,,11.36,570,100,330,250.68,36.55,1000,400,1000,934.21,5.82,,19.5,12.5,17,14.36,5.05,330,450,1.05,0.98
9/07/2021,1:22:00 PM,1:22:41 PM,Wagga,NSW,3,185113805,R3 2270m Pace M,185113806,Harness,2270,Pace,19466746,9,Baker Creek,WINNER,1.2,WINNER,,4135.68,1.62,1.16,1.19,1.23,18264.54,1.21,1.01,1.01,1.05,6514.66,,1.2,1.05,1.07,1.08,1263.16,1.16,1.18,1.05,0.98
9/07/2021,1:22:00 PM,1:22:41 PM,Wagga,NSW,3,185113805,R3 2270m Pace M,185113806,Harness,2270,Pace,39880758,10,Napoli Nights,LOSER,51.82,WINNER,,56.51,70,36,48,46.89,84.53,720,14,720,50.33,19.76,,,,,,,38,48,1.05,0.98
9/07/2021,2:03:00 PM,2:03:40 PM,Wagga,NSW,4,185113807,R4 1740m Pace M,185113808,Harness,1740,Pace,28216458,1,Andreamer,LOSER,18.27,WINNER,,261.93,22,11.5,20,17.62,70.44,720,3.75,720,19.27,233.03,,4.2,4.2,4.2,4.2,5,18.5,21,1.04,0.93
9/07/2021,2:03:00 PM,2:03:40 PM,Wagga,NSW,4,185113807,R4 1740m Pace M,185113808,Harness,1740,Pace,16342697,2,Hard To Love,LOSER,43.51,LOSER,,95,95,48,60,67.56,106.94,940,38,720,118.57,41.07,,,,,,,65,70,1.04,0.93
9/07/2021,2:03:00 PM,2:03:40 PM,Wagga,NSW,4,185113807,R4 1740m Pace M,185113808,Harness,1740,Pace,7440346,3,Postal Express,LOSER,4.93,LOSER,,1064.87,11.5,5.3,5.3,6.36,953.14,720,4.1,720,9.15,360.06,,2.76,2.04,2.04,2.06,72.61,6.2,6.6,1.04,0.93
9/07/2021,2:03:00 PM,2:03:40 PM,Wagga,NSW,4,185113807,R4 1740m Pace M,185113808,Harness,1740,Pace,36227910,4,Bated Breath,LOSER,9.85,LOSER,,255.99,15.5,9.6,9.6,11.86,324.61,720,5.3,490,28.29,33.23,,,,,,,13,14,1.04,0.93
9/07/2021,2:03:00 PM,2:03:40 PM,Wagga,NSW,4,185113807,R4 1740m Pace M,185113808,Harness,1740,Pace,40112175,5,Rockin In Chelsea,LOSER,12,LOSER,,287.8,36,16,19,20.05,205.9,720,8.8,490,17.45,135.25,,4.6,4.1,4.5,4.5,9.7,16,22,1.04,0.93
9/07/2021,2:03:00 PM,2:03:40 PM,Wagga,NSW,4,185113807,R4 1740m Pace M,185113808,Harness,1740,Pace,13942572,6,Susan Joy,LOSER,85,LOSER,,59.44,80,50,70,62,13.14,930,27,280,167.11,10.69,,,,,,,50,80,1.04,0.93
9/07/2021,2:03:00 PM,2:03:40 PM,Wagga,NSW,4,185113807,R4 1740m Pace M,185113808,Harness,1740,Pace,38791912,7,Treacheroustimes,LOSER,22.41,LOSER,,114.3,46,16,27,29.19,95.42,1000,11.5,1000,83.06,27.9,,,,,,,28,36,1.04,0.93
9/07/2021,2:03:00 PM,2:03:40 PM,Wagga,NSW,4,185113807,R4 1740m Pace M,185113808,Harness,1740,Pace,611265,8,Cassius,LOSER,14.3,LOSER,,297.46,26,10,11.5,13.05,368.21,720,6,720,9.27,283.01,,4.2,3.2,3.2,3.64,509.01,11,13.5,1.04,0.93
9/07/2021,2:03:00 PM,2:03:40 PM,Wagga,NSW,4,185113807,R4 1740m Pace M,185113808,Harness,1740,Pace,18965245,9,Turbo Bromac,WINNER,4.72,WINNER,,868,5.8,3.7,4.8,4.76,894.83,7.8,1.01,1.01,1.58,2176.71,,1.96,1.59,1.87,1.7,82.98,4.4,4.7,1.04,0.93
9/07/2021,2:03:00 PM,2:03:40 PM,Wagga,NSW,4,185113807,R4 1740m Pace M,185113808,Harness,1740,Pace,9202417,10,Dust To Diamonds,LOSER,3.35,WINNER,,1082.29,4.3,2.88,3.55,3.45,2846.85,110,2.92,110,5.83,543.18,,1.71,1.52,1.71,1.56,779.01,3.35,3.65,1.04,0.93
9/07/2021,2:42:00 PM,2:42:46 PM,Wagga,NSW,5,185113809,R5 1740m Pace M,185113810,Harness,1740,Pace,20048595,1,Mister Rebel,LOSER,48.74,LOSER,,95.93,44,16.5,44,31.15,84.41,720,4.6,710,25.87,50.45,,6.6,5,5,5.51,47.69,32,38,1.04,0.96
9/07/2021,2:42:00 PM,2:42:46 PM,Wagga,NSW,5,185113809,R5 1740m Pace M,185113810,Harness,1740,Pace,8937975,2,Some Stone,LOSER,110,LOSER,,58.91,170,75,130,112.86,101.3,1000,110,1000,653.73,2.24,,,,,,,110,160,1.04,0.96
9/07/2021,2:42:00 PM,2:42:46 PM,Wagga,NSW,5,185113809,R5 1740m Pace M,185113810,Harness,1740,Pace,12730202,3,Our Sams Home,LOSER,10.84,LOSER,,493.61,12,8.6,10,9.5,595.85,780,6.8,780,32.7,70.86,,4.6,2.54,2.6,2.66,44.95,9.2,10,1.04,0.96
9/07/2021,2:42:00 PM,2:42:46 PM,Wagga,NSW,5,185113809,R5 1740m Pace M,185113810,Harness,1740,Pace,39242106,4,Glenfield Grey,LOSER,55,LOSER,,91.82,60,36,55,43.15,46.7,1000,5.2,320,54.11,59.78,,,,,,,36,42,1.04,0.96
9/07/2021,2:42:00 PM,2:42:46 PM,Wagga,NSW,5,185113809,R5 1740m Pace M,185113810,Harness,1740,Pace,24074956,5,Kickatinalongpony,LOSER,15.2,LOSER,,586.19,28,14,17,16.75,277.18,780,2.24,420,10.82,349.27,,3.45,3.45,3.45,3.45,5,16.5,18.5,1.04,0.96
9/07/2021,2:42:00 PM,2:42:46 PM,Wagga,NSW,5,185113809,R5 1740m Pace M,185113810,Harness,1740,Pace,1252356,6,Texas Red,LOSER,121.28,LOSER,,55.78,120,15.5,120,68.92,33.8,980,120,980,537.21,6.8,,,,,,,70,100,1.04,0.96
9/07/2021,2:42:00 PM,2:42:46 PM,Wagga,NSW,5,185113809,R5 1740m Pace M,185113810,Harness,1740,Pace,35608429,7,Red,LOSER,24.03,LOSER,,223.65,30,9,24,23.82,267.47,1000,24,1000,139.06,41.36,,8.6,4.3,8.6,7.7,24.92,23,26,1.04,0.96
9/07/2021,2:42:00 PM,2:42:46 PM,Wagga,NSW,5,185113809,R5 1740m Pace M,185113810,Harness,1740,Pace,21925712,8,Hanover Sunshine,LOSER,10.95,WINNER,,543.3,11,7.2,10.5,8.06,922.91,1000,10.5,780,27.22,93.15,,2.5,2.42,2.5,2.48,19.6,8.6,9.6,1.04,0.96
9/07/2021,2:42:00 PM,2:42:46 PM,Wagga,NSW,5,185113809,R5 1740m Pace M,185113810,Harness,1740,Pace,23390525,9,Isntthatright,LOSER,2.96,WINNER,,2572.79,4,2.82,3,3.1,6514.3,100,1.01,100,1.85,3012.06,,1.63,1.42,1.44,1.62,350.54,2.84,2.92,1.04,0.96
9/07/2021,2:42:00 PM,2:42:46 PM,Wagga,NSW,5,185113809,R5 1740m Pace M,185113810,Harness,1740,Pace,8432293,10,Norms Courage,WINNER,3.03,WINNER,,3071.17,4.1,2.56,3.25,3.4,3472.25,130,1.01,1.01,1.74,4228.5,,1.56,1.36,1.48,1.48,375.1,3.65,3.95,1.04,0.96
9/07/2021,3:17:00 PM,3:17:32 PM,Wagga,NSW,6,185113811,R6 1740m Pace M,185113812,Harness,1740,Pace,10120430,1,Dawn Ofa New Brew,LOSER,21.45,LOSER,,246.53,44,22,27,27.13,223.98,1000,20,1000,87.66,37.05,,5.4,4.4,4.9,4.99,47.71,25,26,1.07,0.97
9/07/2021,3:17:00 PM,3:17:32 PM,Wagga,NSW,6,185113811,R6 1740m Pace M,185113812,Harness,1740,Pace,10877371,2,Cocofollownoone,LOSER,5.6,WINNER,,727.48,7,4.9,5,5.43,1766.73,60,1.05,17,3.09,1207.84,,2.3,1.97,2.22,2.02,461.95,5.4,5.8,1.07,0.97
9/07/2021,3:17:00 PM,3:17:32 PM,Wagga,NSW,6,185113811,R6 1740m Pace M,185113812,Harness,1740,Pace,7012229,3,Flaneur,LOSER,14.85,LOSER,,414.02,17.5,9.4,16.5,13.49,829.92,1000,12.5,1000,21.7,188.81,,3.5,2.9,3.3,2.94,1143.43,13.5,15.5,1.07,0.97
9/07/2021,3:17:00 PM,3:17:32 PM,Wagga,NSW,6,185113811,R6 1740m Pace M,185113812,Harness,1740,Pace,28313754,4,Eippermill,LOSER,22.49,WINNER,,274.34,28,10.5,28,20.3,138.82,1000,1.65,1000,9.01,520.72,,5,5,5,5,5,23,28,1.07,0.97
9/07/2021,3:17:00 PM,3:17:32 PM,Wagga,NSW,6,185113811,R6 1740m Pace M,185113812,Harness,1740,Pace,21965318,5,Jesszz Reflection,LOSER,33.01,LOSER,,152.99,65,27,44,46.31,118.84,1000,19.5,1000,58.53,40.53,,,,,,,44,50,1.07,0.97
9/07/2021,3:17:00 PM,3:17:32 PM,Wagga,NSW,6,185113811,R6 1740m Pace M,185113812,Harness,1740,Pace,23390626,6,Reibey Beach,LOSER,72.11,LOSER,,108.19,130,55,120,89.37,37.9,1000,65,1000,109.56,18.65,,,,,,,80,120,1.07,0.97
9/07/2021,3:17:00 PM,3:17:32 PM,Wagga,NSW,6,185113811,R6 1740m Pace M,185113812,Harness,1740,Pace,2420121,7,Western Belle,LOSER,5.86,LOSER,,1128.74,6.4,4,5.9,5.51,866.09,720,5,710,7.69,338.12,,2.62,2,2.62,2.49,114.21,5.3,6,1.07,0.97
9/07/2021,3:17:00 PM,3:17:32 PM,Wagga,NSW,6,185113811,R6 1740m Pace M,185113812,Harness,1740,Pace,24839504,8,Forged In Fire,LOSER,5.61,LOSER,,1332.09,5.4,3.85,5,4.65,2408.22,1000,4.9,1000,10.78,233.91,,2,1.68,1.94,1.76,338.03,4.6,5.3,1.07,0.97
9/07/2021,3:17:00 PM,3:17:32 PM,Wagga,NSW,6,185113811,R6 1740m Pace M,185113812,Harness,1740,Pace,40112176,9,Olinsky,LOSER,7.26,LOSER,,602.56,10.5,6.8,7,7.9,1318.13,1000,3.4,1000,6.75,443.14,,2.74,2.48,2.48,2.55,51.15,7.2,7.6,1.07,0.97
9/07/2021,3:17:00 PM,3:17:32 PM,Wagga,NSW,6,185113811,R6 1740m Pace M,185113812,Harness,1740,Pace,27777700,10,Tygerphinn,WINNER,7.79,WINNER,,756.49,7.6,5.6,7.6,6.81,727.52,40,1.01,1.05,1.8,1679.61,,2.84,2.42,2.6,2.53,127.03,7,7.2,1.07,0.97
9/07/2021,3:53:00 PM,3:53:38 PM,Wagga,NSW,7,185113813,R7 1740m Pace M,185113814,Harness,1740,Pace,25178695,1,Jacks Last Hoo Raa,LOSER,97.72,LOSER,,64.67,160,90,160,121.79,35.53,1000,85,1000,161.53,10.42,,14.5,14.5,14.5,14.5,3.7,95,130,1.03,0.97
9/07/2021,3:53:00 PM,3:53:38 PM,Wagga,NSW,7,185113813,R7 1740m Pace M,185113814,Harness,1740,Pace,10259959,2,Louie Finn,LOSER,128.09,LOSER,,45.93,290,85,260,170.09,16.74,960,60,700,182.02,10.54,,,,,,,110,250,1.03,0.97
9/07/2021,3:53:00 PM,3:53:38 PM,Wagga,NSW,7,185113813,R7 1740m Pace M,185113814,Harness,1740,Pace,13468049,3,Majoress Jujon,LOSER,23,LOSER,,186.11,32,23,24,27.52,317.71,1000,6,1000,31.85,71.13,,4.6,3.15,3.4,3.39,287.41,27,28,1.03,0.97
9/07/2021,3:53:00 PM,3:53:38 PM,Wagga,NSW,7,185113813,R7 1740m Pace M,185113814,Harness,1740,Pace,9039278,4,Imperious,LOSER,121.24,LOSER,,48.52,200,50,200,117.64,24.96,720,70,720,156.69,15.55,,9.8,6.8,9.8,8.28,9.46,90,120,1.03,0.97
9/07/2021,3:53:00 PM,3:53:38 PM,Wagga,NSW,7,185113813,R7 1740m Pace M,185113814,Harness,1740,Pace,38686751,5,Shark Dancer,LOSER,20.55,LOSER,,367.62,40,15.5,38,31.83,112,750,9.2,720,24.3,149.12,,3.6,3.2,3.2,3.26,135.09,27,34,1.03,0.97
9/07/2021,3:53:00 PM,3:53:38 PM,Wagga,NSW,7,185113813,R7 1740m Pace M,185113814,Harness,1740,Pace,368039,6,Im Not Crazy,LOSER,205.01,LOSER,,41.23,260,110,260,196.38,23.34,720,200,720,240.6,7.4,,,,,,,160,250,1.03,0.97
9/07/2021,3:53:00 PM,3:53:38 PM,Wagga,NSW,7,185113813,R7 1740m Pace M,185113814,Harness,1740,Pace,40112177,7,A Perfect Dance,LOSER,6.59,WINNER,,431.43,8.4,4.2,6.4,6.55,2014.92,1000,2.24,720,4.28,1104.23,,1.87,1.54,1.6,1.71,919.16,7.2,8.2,1.03,0.97
9/07/2021,3:53:00 PM,3:53:38 PM,Wagga,NSW,7,185113813,R7 1740m Pace M,185113814,Harness,1740,Pace,28286361,8,The Mountain,WINNER,1.5,WINNER,,2497.22,1.8,1.45,1.5,1.51,14358.33,2.86,1.01,1.01,1.69,5214.29,,1.15,1.1,1.11,1.12,1176.87,1.47,1.49,1.03,0.97
9/07/2021,3:53:00 PM,3:53:38 PM,Wagga,NSW,7,185113813,R7 1740m Pace M,185113814,Harness,1740,Pace,35441541,9,Heza Blaster,LOSER,20.16,WINNER,,275.37,29,13.5,23,20.74,183.36,1000,6.8,1000,24.18,101.28,,3,2.94,3,3,5.93,21,22,1.03,0.97
9/07/2021,3:53:00 PM,3:53:38 PM,Wagga,NSW,7,185113813,R7 1740m Pace M,185113814,Harness,1740,Pace,17427934,10,Major Monty,LOSER,22.66,LOSER,,185.23,26,11,22,19.47,287.75,1000,8.8,1000,53.87,79.05,,,,,,,19.5,22,1.03,0.97
9/07/2021,4:33:00 PM,4:33:49 PM,Wagga,NSW,8,185113815,R8 2270m Pace M,185113816,Harness,2270,Pace,3113028,1,Ab Fab,LOSER,8.4,LOSER,,457.94,13.5,7,7.2,8,768.7,1000,5.2,480,8.66,1143.27,,1.8,1.6,1.8,1.67,245.82,8,8.4,1.06,0.97
9/07/2021,4:33:00 PM,4:33:49 PM,Wagga,NSW,8,185113815,R8 2270m Pace M,185113816,Harness,2270,Pace,19844355,3,Penny Writer,LOSER,16.77,LOSER,,200.36,29,5.8,22,18.08,168.53,1000,6.8,1000,28.93,608.47,,2.94,2.26,2.92,2.81,118.7,18,25,1.06,0.97
9/07/2021,4:33:00 PM,4:33:49 PM,Wagga,NSW,8,185113815,R8 2270m Pace M,185113816,Harness,2270,Pace,18865713,4,Modern Attitude,LOSER,48.02,LOSER,,137.43,100,32,60,63.28,80.71,940,32,940,109.38,30.43,,7,5,5,5.78,180.06,65,70,1.06,0.97
9/07/2021,4:33:00 PM,4:33:49 PM,Wagga,NSW,8,185113815,R8 2270m Pace M,185113816,Harness,2270,Pace,13334017,5,Heavens Hurricane,LOSER,15.96,WINNER,,183.62,24,10,15.5,16.67,255,1000,8,1000,73.36,89.27,,2.82,2.8,2.82,2.82,80.97,14,17.5,1.06,0.97
9/07/2021,4:33:00 PM,4:33:49 PM,Wagga,NSW,8,185113815,R8 2270m Pace M,185113816,Harness,2270,Pace,718783,6,Hilly,LOSER,15.46,LOSER,,384.17,48,15,15.5,19.26,320.46,1000,15,1000,53.98,61.99,,2.96,2.92,2.96,2.94,43.91,17,18,1.06,0.97
9/07/2021,4:33:00 PM,4:33:49 PM,Wagga,NSW,8,185113815,R8 2270m Pace M,185113816,Harness,2270,Pace,40112178,7,Killara Missile,WINNER,1.88,WINNER,,3882.9,2.24,1.59,1.94,1.74,10536.75,2.14,1.01,1.01,1.33,10072.61,,1.29,1.15,1.25,1.21,525.81,1.66,1.75,1.06,0.97
9/07/2021,4:33:00 PM,4:33:49 PM,Wagga,NSW,8,185113815,R8 2270m Pace M,185113816,Harness,2270,Pace,40112179,8,Sunnywithachance,LOSER,161.46,LOSER,,62.38,360,90,360,199.86,40.34,1000,42,1000,139.99,51.23,,,,,,,320,340,1.06,0.97
9/07/2021,4:33:00 PM,4:33:49 PM,Wagga,NSW,8,185113815,R8 2270m Pace M,185113816,Harness,2270,Pace,16823344,9,Most Delightful,LOSER,140.58,LOSER,,67.26,310,70,200,136.58,28.12,1000,55,1000,204.28,38.8,,,,,,,160,300,1.06,0.97
9/07/2021,4:33:00 PM,4:33:49 PM,Wagga,NSW,8,185113815,R8 2270m Pace M,185113816,Harness,2270,Pace,22527450,10,Angelic Miss,LOSER,6.4,WINNER,,707.75,9.4,5.2,6,6.76,1333.32,1000,5.8,1000,13.55,276.09,,2.44,1.84,2.04,2.25,251.47,8,9.2,1.06,0.97
9/07/2021,5:12:00 PM,5:12:31 PM,Wagga,NSW,9,185113817,R9 2270m Pace M,185113818,Harness,2270,Pace,22564041,1,Better Than Grange,LOSER,9.14,LOSER,,341.99,13,9,9,10,428.56,1000,2.92,1000,7.21,416.55,,2,1.87,1.91,1.92,250.7,9.2,9.6,1.03,0.99
9/07/2021,5:12:00 PM,5:12:31 PM,Wagga,NSW,9,185113817,R9 2270m Pace M,185113818,Harness,2270,Pace,16921161,2,Billysbredone,LOSER,31.17,LOSER,,119.04,75,27,30,37.99,114.11,1000,22,1000,64.16,25.95,,7.8,7.8,7.8,7.8,17.98,29,32,1.03,0.99
9/07/2021,5:12:00 PM,5:12:31 PM,Wagga,NSW,9,185113817,R9 2270m Pace M,185113818,Harness,2270,Pace,17310967,3,Marianna Bromac,LOSER,8.8,LOSER,,415.53,13,8.2,8.8,10.38,297.38,1000,5.2,720,13.75,164.52,,,,,,,8.8,9,1.03,0.99
9/07/2021,5:12:00 PM,5:12:31 PM,Wagga,NSW,9,185113817,R9 2270m Pace M,185113818,Harness,2270,Pace,20261299,5,The Clock Winder,LOSER,50,LOSER,,69.17,55,22,55,43.65,46.65,1000,50,1000,118.95,14.72,,,,,,,44,50,1.03,0.99
9/07/2021,5:12:00 PM,5:12:31 PM,Wagga,NSW,9,185113817,R9 2270m Pace M,185113818,Harness,2270,Pace,9479242,6,Topsie Grinner,LOSER,40.14,WINNER,,89.63,55,27,38,39.99,29.35,1000,38,1000,65.89,28.38,,,,,,,38,46,1.03,0.99
9/07/2021,5:12:00 PM,5:12:31 PM,Wagga,NSW,9,185113817,R9 2270m Pace M,185113818,Harness,2270,Pace,33024024,7,Babyitscold,LOSER,166.1,LOSER,,14.44,160,44,160,87.39,40.95,1000,55,1000,177.92,8.93,,7.2,4.2,4.8,4.49,90.7,80,150,1.03,0.99
9/07/2021,5:12:00 PM,5:12:31 PM,Wagga,NSW,9,185113817,R9 2270m Pace M,185113818,Harness,2270,Pace,9327639,9,Streamliner,LOSER,7,WINNER,,472.39,13.5,5.8,6.8,7.47,692.29,1000,3.8,1000,8.19,344.39,,,,,,,7.8,8.4,1.03,0.99
9/07/2021,5:12:00 PM,5:12:31 PM,Wagga,NSW,9,185113817,R9 2270m Pace M,185113818,Harness,2270,Pace,40112180,10,Bosch,WINNER,1.93,WINNER,,1950.32,1.97,1.46,1.85,1.65,9304.09,2.92,1.01,1.01,1.65,4723.44,,1.16,1.12,1.14,1.15,220.02,1.72,1.75,1.03,0.99
9/07/2021,5:48:00 PM,5:48:51 PM,Wagga,NSW,10,185113819,R10 1740m Pace M,185113820,Harness,1740,Pace,19965320,1,Threes A Charm,LOSER,40.71,LOSER,,167.97,50,30,46,40.53,131.93,300,17.5,300,41.27,32.11,,6.2,5.4,6.2,5.57,129.28,40,42,1.05,0.97
9/07/2021,5:48:00 PM,5:48:51 PM,Wagga,NSW,10,185113819,R10 1740m Pace M,185113820,Harness,1740,Pace,23390637,2,Nobbys Clock,LOSER,110,LOSER,,60.76,130,80,110,112.19,35.58,340,17.5,300,63.89,23.26,,9.8,9.8,9.8,9.8,5,90,110,1.05,0.97
9/07/2021,5:48:00 PM,5:48:51 PM,Wagga,NSW,10,185113819,R10 1740m Pace M,185113820,Harness,1740,Pace,39967702,3,Rise Above This,LOSER,17.22,LOSER,,408.79,25,11.5,17.5,18.37,387.66,190,5.1,110,28.92,25.09,,3.55,3.55,3.55,3.55,3.79,19.5,23,1.05,0.97
9/07/2021,5:48:00 PM,5:48:51 PM,Wagga,NSW,10,185113819,R10 1740m Pace M,185113820,Harness,1740,Pace,36499847,4,Dancing Chick,LOSER,10.92,WINNER,,525.75,27,10,11.5,11.48,851.48,19.5,1.06,14,2.34,417.98,,5.4,2.82,2.82,3.23,24.15,10.5,11.5,1.05,0.97
9/07/2021,5:48:00 PM,5:48:51 PM,Wagga,NSW,10,185113819,R10 1740m Pace M,185113820,Harness,1740,Pace,9206309,5,Procurement,LOSER,3.38,LOSER,,1413.64,4,2.9,3.3,3.47,5025.18,50,2,50,2.61,1205.7,,1.96,1.43,1.96,1.68,414.52,3.45,3.65,1.05,0.97
9/07/2021,5:48:00 PM,5:48:51 PM,Wagga,NSW,10,185113819,R10 1740m Pace M,185113820,Harness,1740,Pace,24417136,6,Im Feeling Firey,LOSER,4.36,WINNER,,874.64,6.6,4,4.4,4.58,1889.5,290,4.5,140,7.19,275.94,,1.66,1.66,1.66,1.66,4.53,4.6,4.8,1.05,0.97
9/07/2021,5:48:00 PM,5:48:51 PM,Wagga,NSW,10,185113819,R10 1740m Pace M,185113820,Harness,1740,Pace,27500727,7,Dancelikeanangel,LOSER,7.08,LOSER,,456.84,7.2,3.75,7.2,6.05,1883.23,1000,5.5,1000,17.09,67.76,,2.26,1.7,2.26,2.02,17.43,6,6.8,1.05,0.97
9/07/2021,5:48:00 PM,5:48:51 PM,Wagga,NSW,10,185113819,R10 1740m Pace M,185113820,Harness,1740,Pace,11689601,8,Machkori,WINNER,48.47,WINNER,,121.76,65,36,40,44.03,237.02,160,1.12,2.32,8.61,288.24,,10.5,6.4,6.4,7.35,25.08,42,44,1.05,0.97
9/07/2021,5:48:00 PM,5:48:51 PM,Wagga,NSW,10,185113819,R10 1740m Pace M,185113820,Harness,1740,Pace,28432178,9,Western Style,LOSER,8.25,LOSER,,489.94,9.2,5.1,8,6.41,1517.82,1000,6,1000,27,140.38,,1.93,1.77,1.9,1.85,1995.34,6,6.4,1.05,0.97
10/07/2021,4:50:00 PM,4:50:55 PM,Albion Park,QLD,1,185146759,R1 2138m Pace M,185146760,Harness,2138,Pace,16565522,1,Majordoit,LOSER,17.85,LOSER,3.46,409.06,16.5,9.6,15,11.69,1270.85,720,7,720,20.65,158.31,713.24,3.5,2.78,3.5,3.21,191.05,12,13,1.04,0.98
10/07/2021,4:50:00 PM,4:50:55 PM,Albion Park,QLD,1,185146759,R1 2138m Pace M,185146760,Harness,2138,Pace,28091525,2,Kensington Bill,LOSER,38.79,LOSER,7,232.29,48,23,46,30.81,417.24,1000,9.2,1000,72.31,22.31,252.14,7.6,5.4,7,6.58,95.17,34,36,1.04,0.98
10/07/2021,4:50:00 PM,4:50:55 PM,Albion Park,QLD,1,185146759,R1 2138m Pace M,185146760,Harness,2138,Pace,19647750,3,Chevrons Reward,LOSER,9,LOSER,2.6,643.47,11.5,7.6,8.8,8.93,2397.87,1000,4,1000,8.65,692.7,747.39,3.25,2.52,2.6,2.59,1299.25,8.8,9,1.04,0.98
10/07/2021,4:50:00 PM,4:50:55 PM,Albion Park,QLD,1,185146759,R1 2138m Pace M,185146760,Harness,2138,Pace,21336570,4,Montana Chief,LOSER,50.3,LOSER,11.69,203.67,150,50,60,79.85,177.92,980,27,980,92.35,19.74,96.12,12.5,12.5,12.5,12.5,3.16,75,90,1.04,0.98
10/07/2021,4:50:00 PM,4:50:55 PM,Albion Park,QLD,1,185146759,R1 2138m Pace M,185146760,Harness,2138,Pace,20849263,5,Cardlesfromheaven,LOSER,5.9,WINNER,2.46,747.7,11,5.6,5.6,6.37,3960.06,50,1.23,1.28,3.42,1744.15,921.52,2.92,2.24,2.46,2.32,194.07,6.6,6.8,1.04,0.98
10/07/2021,4:50:00 PM,4:50:55 PM,Albion Park,QLD,1,185146759,R1 2138m Pace M,185146760,Harness,2138,Pace,12446370,6,Sam Is Perfection,LOSER,34.85,WINNER,7.2,215.71,48,29,40,35.81,276.53,720,15,710,62.59,30.3,215.22,7.4,6.2,6.2,6.63,64.17,36,38,1.04,0.98
10/07/2021,4:50:00 PM,4:50:55 PM,Albion Park,QLD,1,185146759,R1 2138m Pace M,185146760,Harness,2138,Pace,24252603,8,Bright Energy,LOSER,5.3,LOSER,1.86,1259.92,5.6,3,5.3,4.55,4635.31,720,3.3,490,6.38,836.49,1043.76,1.92,1.64,1.88,1.74,346.04,4.3,4.5,1.04,0.98
10/07/2021,4:50:00 PM,4:50:55 PM,Albion Park,QLD,1,185146759,R1 2138m Pace M,185146760,Harness,2138,Pace,4166483,9,Balraj,LOSER,3.45,LOSER,1.65,1586.27,4.1,2.3,3.45,3.55,10102.67,720,2.6,720,4.07,1105.1,1494.24,1.78,1.56,1.71,1.64,895.29,3.75,3.95,1.04,0.98
10/07/2021,4:50:00 PM,4:50:55 PM,Albion Park,QLD,1,185146759,R1 2138m Pace M,185146760,Harness,2138,Pace,22457981,10,Stompem,LOSER,88.1,LOSER,32,242.17,190,85,90,129.55,167.1,990,32,990,181.87,16.89,53.81,,,,,,120,150,1.04,0.98
10/07/2021,4:50:00 PM,4:50:55 PM,Albion Park,QLD,1,185146759,R1 2138m Pace M,185146760,Harness,2138,Pace,10948859,12,Smooth Sailor,WINNER,11.52,WINNER,3.1,635.11,18,9.2,12.5,11.42,1357.24,25,1.01,1.25,1.41,5291.29,663.4,3.1,2.92,3.05,3.02,139.66,9.2,10,1.04,0.98
10/07/2021,5:15:00 PM,5:15:45 PM,Albion Park,QLD,2,185146761,R2 1660m Pace M,185146762,Harness,1660,Pace,18373515,2,Two Times Bettor,LOSER,5.52,LOSER,1.93,987.74,9,5.6,5.8,6.17,3355.98,1000,3.5,1000,7.11,722.3,859.97,2.5,1.9,1.92,1.95,537.98,5.7,5.9,1.03,0.98
10/07/2021,5:15:00 PM,5:15:45 PM,Albion Park,QLD,2,185146761,R2 1660m Pace M,185146762,Harness,1660,Pace,4725516,3,Street Appeal,LOSER,19.39,LOSER,4.27,291.59,26,15,16.5,19.13,616.22,780,16.5,580,46.38,69.3,276.86,4.6,3.9,3.9,4.12,323.91,23,24,1.03,0.98
10/07/2021,5:15:00 PM,5:15:45 PM,Albion Park,QLD,2,185146761,R2 1660m Pace M,185146762,Harness,1660,Pace,23520572,4,Rocknroll Classic,LOSER,34,LOSER,6.09,247.47,48,28,32,33.62,261.54,1000,24,1000,62.3,31.46,312.43,6.6,6.6,6.6,6.6,4.89,32,36,1.03,0.98
10/07/2021,5:15:00 PM,5:15:45 PM,Albion Park,QLD,2,185146761,R2 1660m Pace M,185146762,Harness,1660,Pace,28249554,5,Crime Writer,LOSER,4.01,WINNER,1.72,1673.76,8,3.55,4.1,4.13,9957.98,170,2.8,29,5.3,806.12,641.45,1.79,1.57,1.71,1.72,277.11,3.85,3.95,1.03,0.98
10/07/2021,5:15:00 PM,5:15:45 PM,Albion Park,QLD,2,185146761,R2 1660m Pace M,185146762,Harness,1660,Pace,21819945,6,Islas Joy,LOSER,125.67,LOSER,20.4,101.85,210,100,170,136,19.87,1000,17.5,1000,165.58,16.48,78.89,18,16.5,18,16.86,15.25,120,130,1.03,0.98
10/07/2021,5:15:00 PM,5:15:45 PM,Albion Park,QLD,2,185146761,R2 1660m Pace M,185146762,Harness,1660,Pace,35634439,7,Ranger Bomb,LOSER,5.55,WINNER,2.13,1090.59,5.9,3.2,5.5,4.53,6045.29,720,1.65,220,3.9,1844.67,626.29,2.2,1.98,2.14,2.05,579.31,4.6,4.8,1.03,0.98
10/07/2021,5:15:00 PM,5:15:45 PM,Albion Park,QLD,2,185146761,R2 1660m Pace M,185146762,Harness,1660,Pace,28416924,8,My Ultimate Star,LOSER,6,LOSER,1.86,1281.28,6.8,5.3,6.4,6.08,1799.34,720,2.7,580,6.71,473.65,937.87,2.26,1.79,1.88,1.84,1127.96,6,6.4,1.03,0.98
10/07/2021,5:15:00 PM,5:15:45 PM,Albion Park,QLD,2,185146761,R2 1660m Pace M,185146762,Harness,1660,Pace,12945098,9,It Aint The Money,LOSER,224.77,LOSER,21.62,93.46,450,110,440,287.15,52.26,720,200,720,277.44,10.52,112.45,22,21,22,21.62,12.43,240,430,1.03,0.98
10/07/2021,5:15:00 PM,5:15:45 PM,Albion Park,QLD,2,185146761,R2 1660m Pace M,185146762,Harness,1660,Pace,27274431,10,Kash Us Back,WINNER,7,WINNER,2.35,801.68,9,5.3,7,7.65,1359.89,38,1.01,1.05,1.56,4593.14,741.55,2.48,1.94,2.38,2.24,151.08,8.2,8.8,1.03,0.98
10/07/2021,5:40:00 PM,5:40:46 PM,Albion Park,QLD,3,185146763,R3 2138m Pace M,185146764,Harness,2138,Pace,1312847,1,Chamonix,WINNER,5.4,WINNER,2.12,1407.37,8.6,4.3,5.2,5.18,7086.18,17,1.01,1.01,1.51,4808.72,1009.53,2.2,1.82,2.08,2.02,661.75,5.5,5.8,1.02,0.97
10/07/2021,5:40:00 PM,5:40:46 PM,Albion Park,QLD,3,185146763,R3 2138m Pace M,185146764,Harness,2138,Pace,40119285,2,The Rocknroll King,LOSER,6.09,LOSER,2.33,1140.01,6.6,3.4,5.9,4.91,4754.42,1000,2.94,490,4.3,2889.47,717.27,2.3,1.58,2.28,1.96,104.61,5.6,5.8,1.02,0.97
10/07/2021,5:40:00 PM,5:40:46 PM,Albion Park,QLD,3,185146763,R3 2138m Pace M,185146764,Harness,2138,Pace,40119286,4,Delightful Dude,LOSER,5.6,LOSER,2.82,1049.06,9.8,5.3,5.4,6.84,2355.32,720,3.6,720,5.99,2674.53,613.95,2.94,2.24,2.72,2.69,474.51,6.8,7.4,1.02,0.97
10/07/2021,5:40:00 PM,5:40:46 PM,Albion Park,QLD,3,185146763,R3 2138m Pace M,185146764,Harness,2138,Pace,25200199,5,Black Hawk Joe,LOSER,22.66,LOSER,6.8,333.26,50,22,26,27.45,479.73,720,18.5,480,41.68,41.13,227.81,7.4,5.9,6.6,6.28,48.45,23,24,1.02,0.97
10/07/2021,5:40:00 PM,5:40:46 PM,Albion Park,QLD,3,185146763,R3 2138m Pace M,185146764,Harness,2138,Pace,38761720,6,Helgart,LOSER,14.5,LOSER,4.5,436.35,25,12,14.5,16.28,1435.58,1000,11,1000,40.73,172.65,410.35,5,3.9,4,4.58,90.22,14,14.5,1.02,0.97
10/07/2021,5:40:00 PM,5:40:46 PM,Albion Park,QLD,3,185146763,R3 2138m Pace M,185146764,Harness,2138,Pace,36700013,7,Sporty Dancer,LOSER,15.97,WINNER,5.15,514.45,19,11.5,16.5,15.51,399.31,1000,2,1000,11.61,260.03,299.43,,,,,,16,17,1.02,0.97
10/07/2021,5:40:00 PM,5:40:46 PM,Albion Park,QLD,3,185146763,R3 2138m Pace M,185146764,Harness,2138,Pace,40119287,8,Sweet Jemma,LOSER,16.69,LOSER,4.8,490.22,24,13.5,17.5,18.07,405.51,720,6.6,720,47.95,45.27,254.44,4.8,3.85,4.8,4.28,155.13,19,20,1.02,0.97
10/07/2021,5:40:00 PM,5:40:46 PM,Albion Park,QLD,3,185146763,R3 2138m Pace M,185146764,Harness,2138,Pace,24252559,9,Another Statement,LOSER,50.03,LOSER,15.5,206.42,80,42,80,54.32,67.13,720,36,720,58.46,65.6,,,,,,,48,60,1.02,0.97
10/07/2021,5:40:00 PM,5:40:46 PM,Albion Park,QLD,3,185146763,R3 2138m Pace M,185146764,Harness,2138,Pace,19629899,10,Itzamajor Surprise,LOSER,24.17,LOSER,7.6,432.63,42,25,27,31.87,381.97,720,23,480,50.88,40.89,234.54,13,5.9,8,11.04,114.05,26,27,1.02,0.97
10/07/2021,5:40:00 PM,5:40:46 PM,Albion Park,QLD,3,185146763,R3 2138m Pace M,185146764,Harness,2138,Pace,35620928,11,Jasper,LOSER,42,WINNER,12.45,235.22,70,40,46,48.05,293.62,1000,42,1000,120.13,11.44,129.34,8.6,7,8.6,8.18,5,42,46,1.02,0.97
10/07/2021,5:40:00 PM,5:40:46 PM,Albion Park,QLD,3,185146763,R3 2138m Pace M,185146764,Harness,2138,Pace,40119288,12,Vouchers,LOSER,11.5,LOSER,3.12,644.03,12,5.8,11.5,8.84,1068.23,720,3.85,580,12.54,195.57,720.14,3.3,2.4,3.3,3,294.85,9,9.4,1.02,0.97
10/07/2021,5:40:00 PM,5:40:46 PM,Albion Park,QLD,3,185146763,R3 2138m Pace M,185146764,Harness,2138,Pace,40119289,13,Rock Fisherman,LOSER,11.5,LOSER,3.6,707.49,12,7.6,12,9.52,2529.58,1000,6,1000,18.45,138.48,545.61,3.6,2.9,3.6,3.39,67.23,11,11.5,1.02,0.97
10/07/2021,6:10:00 PM,6:11:29 PM,Albion Park,QLD,4,185146765,R4 1660m Pace M,185146766,Harness,1660,Pace,25357332,1,Our Princess Tiffany,LOSER,4.84,LOSER,1.79,1642.27,4.9,3.1,4.9,4.26,4467.36,720,2.6,580,4.9,1719.86,1148.02,2.02,1.52,1.86,1.69,736.86,4,4.1,1.03,0.99
10/07/2021,6:10:00 PM,6:11:29 PM,Albion Park,QLD,4,185146765,R4 1660m Pace M,185146766,Harness,1660,Pace,19215400,2,Scarlet Babe,LOSER,4.16,LOSER,1.93,1325.74,5.1,3.9,4.1,4.37,5033.04,1000,3.4,200,10.79,235.96,1050.02,2.1,1.8,1.88,1.86,317.78,4.5,4.6,1.03,0.99
10/07/2021,6:10:00 PM,6:11:29 PM,Albion Park,QLD,4,185146765,R4 1660m Pace M,185146766,Harness,1660,Pace,25178676,3,Fame Assured,WINNER,7.43,WINNER,2.17,812.6,16.5,5.6,6.8,7.32,4706.27,34,1.01,1.01,1.48,3767.66,970.35,2.6,1.9,2.22,2.18,332.87,6.4,6.6,1.03,0.99
10/07/2021,6:10:00 PM,6:11:29 PM,Albion Park,QLD,4,185146765,R4 1660m Pace M,185146766,Harness,1660,Pace,23183985,4,Miss Ruby Sunshine,LOSER,23,LOSER,6.4,355.26,60,24,34,32.75,513.53,720,8,720,26.13,282.44,283.19,9.4,6.2,6.6,6.5,122.77,36,40,1.03,0.99
10/07/2021,6:10:00 PM,6:11:29 PM,Albion Park,QLD,4,185146765,R4 1660m Pace M,185146766,Harness,1660,Pace,12268985,5,Saucy Dreams,LOSER,20.44,LOSER,6.8,347.29,60,26,26,40.95,148.87,720,4.4,720,17.56,256.02,247.81,7,5.7,5.8,6.66,88.84,40,46,1.03,0.99
10/07/2021,6:10:00 PM,6:11:29 PM,Albion Park,QLD,4,185146765,R4 1660m Pace M,185146766,Harness,1660,Pace,17311074,6,No Win No Feed,LOSER,70.79,LOSER,12,153.03,120,55,90,68.84,206,1000,65,1000,128.32,17.32,129.81,15.5,8.6,15.5,11.18,30.93,75,85,1.03,0.99
10/07/2021,6:10:00 PM,6:11:29 PM,Albion Park,QLD,4,185146765,R4 1660m Pace M,185146766,Harness,1660,Pace,10170352,7,Spellbound,LOSER,4,WINNER,2.1,1314.83,4.9,3.4,4,3.94,7810.25,170,1.28,60,3.17,2589.57,1906.67,2.04,1.62,1.94,1.85,1661.72,4.1,4.2,1.03,0.99
10/07/2021,6:10:00 PM,6:11:29 PM,Albion Park,QLD,4,185146765,R4 1660m Pace M,185146766,Harness,1660,Pace,19858546,8,Jeradas Delight,LOSER,23,WINNER,3.55,343.39,29,15,22,20.36,482.28,950,1.87,950,10.87,315.15,678.28,4.6,3.35,3.35,3.6,805.28,22,25,1.03,0.99
10/07/2021,6:10:00 PM,6:11:29 PM,Albion Park,QLD,4,185146765,R4 1660m Pace M,185146766,Harness,1660,Pace,24608592,9,Pelosi,LOSER,52.79,LOSER,6.8,206.86,46,19.5,44,33.89,378.83,720,42,720,80.43,23.18,236.58,6.6,5.5,6.4,6.43,73,44,46,1.03,0.99
10/07/2021,6:10:00 PM,6:11:29 PM,Albion Park,QLD,4,185146765,R4 1660m Pace M,185146766,Harness,1660,Pace,22734588,11,La Bella Vita,LOSER,46.97,LOSER,8.64,172.21,110,42,48,54.89,270.3,1000,32,1000,94.53,21.14,209.71,10,7.6,7.6,9.08,59.73,44,46,1.03,0.99
10/07/2021,6:43:00 PM,6:43:57 PM,Albion Park,QLD,5,185146767,R5 2138m Pace M,185146768,Harness,2138,Pace,10923806,1,Shes Miss Devine,LOSER,17.72,LOSER,5.03,352.72,28,14.5,16,19.87,547.49,1000,5.3,780,21.86,399.57,427.82,5.2,4.6,4.6,4.88,88.78,22,25,1.04,0.98
10/07/2021,6:43:00 PM,6:43:57 PM,Albion Park,QLD,5,185146767,R5 2138m Pace M,185146768,Harness,2138,Pace,28306352,2,Watts Up Sunshine,LOSER,8.6,LOSER,3.16,655.59,16,8,8.6,10.42,1586.61,1000,3.25,1000,12.73,303.78,355.49,4,2.84,2.84,3.23,81.61,7.8,8,1.04,0.98
10/07/2021,6:43:00 PM,6:43:57 PM,Albion Park,QLD,5,185146767,R5 2138m Pace M,185146768,Harness,2138,Pace,27932724,3,Captain Crusader,LOSER,8.4,WINNER,2.65,516.37,10.5,6.4,7.8,7.15,2331.9,1000,1.85,1000,8.04,418,707.14,2.9,2.52,2.58,2.55,208.26,6.6,7,1.04,0.98
10/07/2021,6:43:00 PM,6:43:57 PM,Albion Park,QLD,5,185146767,R5 2138m Pace M,185146768,Harness,2138,Pace,34985084,4,American Dealer,WINNER,4.32,WINNER,1.93,1053.36,9.8,3.75,4.2,4.71,7479.89,10,1.01,1.01,1.52,4408.9,849.8,2.06,1.81,1.83,1.91,579.83,4.2,4.3,1.04,0.98
10/07/2021,6:43:00 PM,6:43:57 PM,Albion Park,QLD,5,185146767,R5 2138m Pace M,185146768,Harness,2138,Pace,7194623,5,Big Wheels,LOSER,26.58,LOSER,5.3,394.59,25,8.6,25,17.47,295.68,720,16.5,720,44.83,30.5,261.46,4.1,4.1,4.1,4.1,25,21,22,1.04,0.98
10/07/2021,6:43:00 PM,6:43:57 PM,Albion Park,QLD,5,185146767,R5 2138m Pace M,185146768,Harness,2138,Pace,36864680,6,Will The Wizard,LOSER,6.87,LOSER,2.8,895.77,7.4,4,6.8,5.95,3283.18,1000,4.3,1000,9.78,327.46,328.76,2.8,2.08,2.8,2.66,300.53,6.6,7,1.04,0.98
10/07/2021,6:43:00 PM,6:43:57 PM,Albion Park,QLD,5,185146767,R5 2138m Pace M,185146768,Harness,2138,Pace,24772982,7,Ilikemebettor,LOSER,7.49,WINNER,3,680.2,10,5.2,7.8,7.45,1166.68,1000,2.76,1000,13.54,174.87,565.06,2.74,2.22,2.74,2.63,17.46,7.8,8.4,1.04,0.98
10/07/2021,6:43:00 PM,6:43:57 PM,Albion Park,QLD,5,185146767,R5 2138m Pace M,185146768,Harness,2138,Pace,24888151,8,Fond Memories,LOSER,21.99,LOSER,4.8,282.08,32,21,24,24.95,267.66,1000,5.4,720,12.97,318.74,284.53,5.7,4.8,5,5.26,217.99,30,32,1.04,0.98
10/07/2021,6:43:00 PM,6:43:57 PM,Albion Park,QLD,5,185146767,R5 2138m Pace M,185146768,Harness,2138,Pace,36593156,9,Adam Crocker,LOSER,169.77,LOSER,61.37,38.87,240,95,240,147.11,152.29,1000,240,1000,592.66,1.5,27.8,26,11,19.5,18.02,88,190,200,1.04,0.98
10/07/2021,6:43:00 PM,6:43:57 PM,Albion Park,QLD,5,185146767,R5 2138m Pace M,185146768,Harness,2138,Pace,26981137,10,Bombadier Jujon,LOSER,69.64,LOSER,10.97,116.77,70,46,70,53.84,185.63,1000,27,1000,111.55,13.37,117.34,10,8,8,8.22,183.88,50,60,1.04,0.98
10/07/2021,6:43:00 PM,6:43:57 PM,Albion Park,QLD,5,185146767,R5 2138m Pace M,185146768,Harness,2138,Pace,40119291,11,Keayang Kreuzer,LOSER,47.87,LOSER,6.2,200.83,65,21,55,44.06,116.62,1000,9.2,9.2,293.86,36.53,117.21,8.8,5.6,6.2,7.32,318.42,55,60,1.04,0.98
10/07/2021,6:43:00 PM,6:43:57 PM,Albion Park,QLD,5,185146767,R5 2138m Pace M,185146768,Harness,2138,Pace,40119292,12,Italian Lad,LOSER,13.06,LOSER,4.33,517.27,18,12,15,14.38,1404.14,1000,10.5,1000,34.42,48.42,354.99,4.1,3.7,4.1,3.98,85.6,14.5,15,1.04,0.98
10/07/2021,7:13:00 PM,7:14:18 PM,Albion Park,QLD,6,185146769,R6 2138m Pace M,185146770,Harness,2138,Pace,15708514,1,Ellmers Image,LOSER,13.33,LOSER,1.73,546.24,20,10.5,13,14.69,1525.77,1000,10,1000,29.79,162.14,906.11,2.02,1.48,1.65,1.64,1873.12,14,15,1.02,0.99
10/07/2021,7:13:00 PM,7:14:18 PM,Albion Park,QLD,6,185146769,R6 2138m Pace M,185146770,Harness,2138,Pace,12741345,2,Rocknroll Icon,LOSER,370.95,LOSER,25.37,51.16,740,230,720,446.83,12.83,700,350,700,412.64,3.38,73.08,22,15,21,18.98,118,300,690,1.02,0.99
10/07/2021,7:13:00 PM,7:14:18 PM,Albion Park,QLD,6,185146769,R6 2138m Pace M,185146770,Harness,2138,Pace,18740214,3,Escalera,LOSER,232.68,LOSER,9.5,68.62,350,36,350,143.52,71.83,950,630,950,760.07,1.36,160.49,9.2,4.1,9.2,6.44,64.98,140,170,1.02,0.99
10/07/2021,7:13:00 PM,7:14:18 PM,Albion Park,QLD,6,185146769,R6 2138m Pace M,185146770,Harness,2138,Pace,12827815,4,Colt Thirty One,LOSER,5.4,WINNER,1.52,1365.63,9.4,5,5.4,5.87,6392.14,780,4.7,120,15.61,374.4,1102.67,1.54,1.48,1.54,1.52,837.55,5.3,5.4,1.02,0.99
10/07/2021,7:13:00 PM,7:14:18 PM,Albion Park,QLD,6,185146769,R6 2138m Pace M,185146770,Harness,2138,Pace,6294362,6,King Of Swing,WINNER,1.43,WINNER,1.07,5969.96,1.53,1.29,1.4,1.43,76543.89,1.63,1.01,1.01,1.12,17177.29,246.47,1.09,1.05,1.07,1.07,6515.46,1.43,1.45,1.02,0.99
10/07/2021,7:13:00 PM,7:14:18 PM,Albion Park,QLD,6,185146769,R6 2138m Pace M,185146770,Harness,2138,Pace,19710354,7,Kid Montana,LOSER,360.87,LOSER,19.5,78.3,470,120,350,250.08,35.96,720,350,720,379.47,14.63,80.05,19.5,18.5,19.5,18.72,17.44,230,280,1.02,0.99
10/07/2021,7:13:00 PM,7:14:18 PM,Albion Park,QLD,6,185146769,R6 2138m Pace M,185146770,Harness,2138,Pace,17327750,8,Uncle Jord,LOSER,405.93,LOSER,5.89,24.46,400,85,380,248.4,39.28,1000,220,240,567.44,9.01,478.14,9,4.8,8.4,7.16,325.73,250,300,1.02,0.99
10/07/2021,7:13:00 PM,7:14:18 PM,Albion Park,QLD,6,185146769,R6 2138m Pace M,185146770,Harness,2138,Pace,12737156,9,Secretagent Tycoon,LOSER,355.39,LOSER,49.69,86.24,510,200,500,299.36,38.92,720,700,710,704.48,0.68,0.81,200,25,50,35.58,0.81,300,370,1.02,0.99
10/07/2021,7:13:00 PM,7:14:18 PM,Albion Park,QLD,6,185146769,R6 2138m Pace M,185146770,Harness,2138,Pace,7084436,10,Maywyns Best,LOSER,428.46,LOSER,20.43,64.99,580,150,580,301.14,25.51,720,710,710,712.55,0.23,53.59,,,,,,250,280,1.02,0.99
10/07/2021,7:13:00 PM,7:14:18 PM,Albion Park,QLD,6,185146769,R6 2138m Pace M,185146770,Harness,2138,Pace,12360982,11,Our Uncle Sam,LOSER,572.14,LOSER,15.5,23.97,520,120,510,319,36.44,720,510,710,608.83,4.57,45.47,17,17,17,17,5,350,400,1.02,0.99
10/07/2021,7:13:00 PM,7:14:18 PM,Albion Park,QLD,6,185146769,R6 2138m Pace M,185146770,Harness,2138,Pace,39601576,12,L L Cool J,LOSER,58.53,WINNER,3.46,187.36,55,23,55,39,553.88,920,15.5,920,67.39,59.8,398.95,4.3,3.45,3.45,3.63,611.25,40,44,1.02,0.99
10/07/2021,7:13:00 PM,7:14:18 PM,Albion Park,QLD,6,185146769,R6 2138m Pace M,185146770,Harness,2138,Pace,18739455,13,Clintal Do,LOSER,277.22,LOSER,15.69,60.84,480,140,350,225.39,54.09,720,240,710,320.41,4.51,112.9,13,13,13,13,8,240,260,1.02,0.99
10/07/2021,7:45:00 PM,7:46:33 PM,Albion Park,QLD,7,185146771,R7 2138m Pace M,185146772,Harness,2138,Pace,2839368,1,Krug,LOSER,2.92,LOSER,1.36,2404.59,3.85,2.58,2.84,2.95,22612.54,38,1.66,30,2.15,3888.01,2848.26,1.46,1.34,1.36,1.35,2546.08,2.94,2.98,1.03,0.98
10/07/2021,7:45:00 PM,7:46:33 PM,Albion Park,QLD,7,185146771,R7 2138m Pace M,185146772,Harness,2138,Pace,36852567,2,Kashed Up,LOSER,135.65,LOSER,14.5,99.17,280,70,95,118.73,192.19,720,55,180,141.83,28.14,74.06,20,13.5,15,15.7,149.92,110,120,1.03,0.98
10/07/2021,7:45:00 PM,7:46:33 PM,Albion Park,QLD,7,185146771,R7 2138m Pace M,185146772,Harness,2138,Pace,24007441,3,Amazing Dream,WINNER,25,WINNER,4.74,402.78,65,14,26,38.16,1203.9,34,1.08,1.09,4.18,2010.38,141.59,11.5,3.95,5.2,6.66,619.02,55,65,1.03,0.98
10/07/2021,7:45:00 PM,7:46:33 PM,Albion Park,QLD,7,185146771,R7 2138m Pace M,185146772,Harness,2138,Pace,24326516,4,Kowalski Analysis,LOSER,47.86,LOSER,7.06,142.12,110,20,55,35.78,685.25,1000,18,1000,268.02,33.11,166.69,9.8,5,7.2,5.72,1192.88,32,38,1.03,0.98
10/07/2021,7:45:00 PM,7:46:33 PM,Albion Park,QLD,7,185146771,R7 2138m Pace M,185146772,Harness,2138,Pace,1435906,5,Bundoran,LOSER,12.4,LOSER,3.42,523.61,21,12,13,14.49,2574.82,910,12.5,910,49.41,103.8,548.26,4.3,3.35,3.5,3.63,944.75,13,14,1.03,0.98
10/07/2021,7:45:00 PM,7:46:33 PM,Albion Park,QLD,7,185146771,R7 2138m Pace M,185146772,Harness,2138,Pace,23053644,7,Send It,LOSER,430.66,LOSER,22.29,23.81,360,100,310,138.04,77.47,960,310,430,478.11,4.12,85.95,25,14,25,20.14,65.5,210,290,1.03,0.98
10/07/2021,7:45:00 PM,7:46:33 PM,Albion Park,QLD,7,185146771,R7 2138m Pace M,185146772,Harness,2138,Pace,26359906,8,Blacksadance,LOSER,72.83,LOSER,4.73,127.37,90,28,70,48,541.19,940,26,610,49.87,158.92,355.13,8.4,4,4.9,4.49,1021.7,50,55,1.03,0.98
10/07/2021,7:45:00 PM,7:46:33 PM,Albion Park,QLD,7,185146771,R7 2138m Pace M,185146772,Harness,2138,Pace,40119294,9,Expensive Ego,LOSER,3.67,WINNER,1.59,1649.95,4,2.5,3.8,3.59,16893.19,80,2.78,80,4.78,767.33,1161.86,1.69,1.35,1.64,1.57,1531.58,3.7,3.85,1.03,0.98
10/07/2021,7:45:00 PM,7:46:33 PM,Albion Park,QLD,7,185146771,R7 2138m Pace M,185146772,Harness,2138,Pace,27399211,10,Spirit Of St Louis,LOSER,25.96,LOSER,4.7,281.75,75,18,25,22.75,893.22,720,25,380,40.82,131.15,350.82,6.4,4,4.7,4.44,529.06,21,23,1.03,0.98
10/07/2021,7:45:00 PM,7:46:33 PM,Albion Park,QLD,7,185146771,R7 2138m Pace M,185146772,Harness,2138,Pace,4981963,11,Crunch Time,LOSER,318.83,LOSER,73.44,23.42,450,120,230,204.21,172.84,750,230,310,350.28,13.8,12.03,280,16,180,27.78,46.81,240,340,1.03,0.98
10/07/2021,7:45:00 PM,7:46:33 PM,Albion Park,QLD,7,185146771,R7 2138m Pace M,185146772,Harness,2138,Pace,40119295,12,Mach Da Vinci,LOSER,426.15,LOSER,74.99,31.68,380,120,220,194.1,152.56,1000,230,420,453.82,21.14,10.8,300,36,200,43.07,12.53,350,360,1.03,0.98
10/07/2021,7:45:00 PM,7:46:33 PM,Albion Park,QLD,7,185146771,R7 2138m Pace M,185146772,Harness,2138,Pace,39675866,13,Copy That,LOSER,6.21,WINNER,2.06,1183.1,7.6,4.6,6,5.3,9400.24,32,2.44,30,5.61,1073.31,837.41,2.22,1.85,2.14,2.02,1501.14,5,5.2,1.03,0.98
10/07/2021,8:13:00 PM,8:14:55 PM,Albion Park,QLD,8,185146773,R8 2138m Trot S,185146774,Harness,2138,Trot,9102249,1,Il Pirata,LOSER,44,LOSER,4.8,177.47,65,28,44,36.4,345.78,930,26,930,120.26,45.7,367.33,5.2,4.5,5.2,4.7,43.7,36,40,1.02,0.99
10/07/2021,8:13:00 PM,8:14:55 PM,Albion Park,QLD,8,185146773,R8 2138m Trot S,185146774,Harness,2138,Trot,11036870,2,One Night Out,LOSER,207.96,LOSER,13.78,77.61,310,55,270,116.45,34.11,810,20,810,91.47,43.44,212.94,15.5,12.5,15,14.44,49.84,210,290,1.02,0.99
10/07/2021,8:13:00 PM,8:14:55 PM,Albion Park,QLD,8,185146773,R8 2138m Trot S,185146774,Harness,2138,Trot,22436870,3,Puma Road,LOSER,294.37,LOSER,17.5,63.83,590,130,330,302.14,49.71,720,460,700,615.03,0.78,179.92,18,16.5,18,17.51,48.52,400,590,1.02,0.99
10/07/2021,8:13:00 PM,8:14:55 PM,Albion Park,QLD,8,185146773,R8 2138m Trot S,185146774,Harness,2138,Trot,19150490,4,Godofthunder,LOSER,7.07,WINNER,1.88,524.36,13,6.6,7.4,7.92,2259.32,880,1.23,1.8,6.38,1049.49,1170.52,2,1.84,1.88,1.91,416.99,6.8,7.2,1.02,0.99
10/07/2021,8:13:00 PM,8:14:55 PM,Albion Park,QLD,8,185146773,R8 2138m Trot S,185146774,Harness,2138,Trot,2480617,5,Kingdom Come,LOSER,314.9,LOSER,14.11,64.58,360,60,330,161.22,12.51,960,320,960,578.52,2.22,129.64,15,13,15,14.35,62.92,240,350,1.02,0.99
10/07/2021,8:13:00 PM,8:14:55 PM,Albion Park,QLD,8,185146773,R8 2138m Trot S,185146774,Harness,2138,Trot,18937658,6,More Shades Of Gold,LOSER,14.5,LOSER,2.94,476.84,25,11,16,13.35,712.45,900,14,900,52.87,68.81,570.86,3.3,3.3,3.3,3.3,1.58,14.5,15.5,1.02,0.99
10/07/2021,8:13:00 PM,8:14:55 PM,Albion Park,QLD,8,185146773,R8 2138m Trot S,185146774,Harness,2138,Trot,36154689,7,Sir Fahrenheit,LOSER,12.07,WINNER,2.72,626.96,16.5,9.6,13,12.82,1432.2,880,2.72,880,7.06,396,617.5,2.68,2.58,2.68,2.6,58.49,12,12.5,1.02,0.99
10/07/2021,8:13:00 PM,8:14:55 PM,Albion Park,QLD,8,185146773,R8 2138m Trot S,185146774,Harness,2138,Trot,17647580,8,Northern Muscle,LOSER,30,LOSER,4.7,210.39,55,28,34,33.81,266.22,920,10.5,920,31.65,57.8,316.15,4.7,4.5,4.5,4.62,94,32,40,1.02,0.99
10/07/2021,8:13:00 PM,8:14:55 PM,Albion Park,QLD,8,185146773,R8 2138m Trot S,185146774,Harness,2138,Trot,28485703,9,Pink Galahs,WINNER,1.69,WINNER,1.19,3738.28,1.97,1.66,1.73,1.72,17062.35,6.4,1.01,1.3,1.23,9152.51,1605.41,1.24,1.17,1.19,1.21,3127.2,1.75,1.75,1.02,0.99
10/07/2021,8:13:00 PM,8:14:55 PM,Albion Park,QLD,8,185146773,R8 2138m Trot S,185146774,Harness,2138,Trot,28013762,10,Majestic Simon,LOSER,12.21,LOSER,2.83,642.81,13.5,5.3,12.5,10.66,2693.07,720,4.8,720,19.45,141.27,588.89,2.88,2.36,2.82,2.71,301.59,12.5,13.5,1.02,0.99
10/07/2021,8:44:00 PM,8:44:50 PM,Albion Park,QLD,9,185146775,R9 1660m Pace M,185146776,Harness,1660,Pace,39456357,1,Teddy Disco,WINNER,5.02,WINNER,1.25,1110.39,6,3.95,4.8,4.7,8099.61,48,1.01,1.01,2.06,4797.61,1251.2,1.43,1.2,1.25,1.27,982.82,4.5,4.6,1.02,0.99
10/07/2021,8:44:00 PM,8:44:50 PM,Albion Park,QLD,9,185146775,R9 1660m Pace M,185146776,Harness,1660,Pace,40061853,2,Arnold Street,LOSER,1000,LOSER,45.73,8.87,580,130,580,248.76,62.29,1000,660,720,822.19,8.23,33.88,,,,,,250,310,1.02,0.99
10/07/2021,8:44:00 PM,8:44:50 PM,Albion Park,QLD,9,185146775,R9 1660m Pace M,185146776,Harness,1660,Pace,40031625,3,I Am Sparta,LOSER,74.5,LOSER,7,87.21,100,32,65,47.72,448.29,720,10,720,35.64,110.99,117.41,8.6,3.55,8.6,7.4,130.16,42,48,1.02,0.99
10/07/2021,8:44:00 PM,8:44:50 PM,Albion Park,QLD,9,185146775,R9 1660m Pace M,185146776,Harness,1660,Pace,39161046,4,Racy Roxy,LOSER,90,LOSER,9.87,103.94,220,36,90,102.37,141.1,940,44,940,129.95,73.51,131.43,5.8,5,5.8,5.06,135,170,210,1.02,0.99
10/07/2021,8:44:00 PM,8:44:50 PM,Albion Park,QLD,9,185146775,R9 1660m Pace M,185146776,Harness,1660,Pace,6169294,5,Dangerzone,LOSER,1.5,WINNER,1.1,3981,2.34,1.5,1.51,1.55,37178.17,720,1.4,720,1.69,4582.42,15.44,1.18,1.07,1.1,1.1,1199.91,1.51,1.53,1.02,0.99
10/07/2021,8:44:00 PM,8:44:50 PM,Albion Park,QLD,9,185146775,R9 1660m Pace M,185146776,Harness,1660,Pace,39722660,6,Misty Creek,LOSER,513.6,LOSER,16.5,13.92,460,48,370,221.24,56.12,720,450,720,517.43,3.15,66.76,15,12,12.5,12.96,24.24,240,350,1.02,0.99
10/07/2021,8:44:00 PM,8:44:50 PM,Albion Park,QLD,9,185146775,R9 1660m Pace M,185146776,Harness,1660,Pace,40119296,7,My Ultimate Baxter,LOSER,13,WINNER,2.01,623.23,18.5,6.6,12.5,12.09,2165.06,220,2,100,5.5,902.69,1035.18,2.4,1.95,2.02,2.04,559.61,14.5,15.5,1.02,0.99
10/07/2021,8:44:00 PM,8:44:50 PM,Albion Park,QLD,9,185146775,R9 1660m Pace M,185146776,Harness,1660,Pace,652888,8,Speak The Truth,LOSER,41.7,LOSER,3.01,135.9,46,11.5,38,27.74,666.26,720,2.82,29,32.06,91.86,503.92,3.15,2.52,2.74,2.85,209.93,34,40,1.02,0.99
10/07/2021,9:16:00 PM,9:16:42 PM,Albion Park,QLD,10,185146777,R10 2138m Trot S,185146778,Harness,2138,Trot,8528408,1,Father Christmas,LOSER,28.27,LOSER,6.2,276.19,110,28,28,41.83,354.31,930,20,770,72.53,33.51,226.28,8.8,5.8,5.8,6.55,84.07,32,42,1,0.98
10/07/2021,9:16:00 PM,9:16:42 PM,Albion Park,QLD,10,185146777,R10 2138m Trot S,185146778,Harness,2138,Trot,11603553,2,Matatoki,LOSER,120,LOSER,20.97,116.97,340,110,120,196.15,158.43,1000,95,1000,655.7,8.37,107.43,,,,,,200,220,1,0.98
10/07/2021,9:16:00 PM,9:16:42 PM,Albion Park,QLD,10,185146777,R10 2138m Trot S,185146778,Harness,2138,Trot,24553977,3,Doug,LOSER,4.71,LOSER,1.72,817.75,10.5,3.2,4.8,4.36,18126.71,720,2.94,710,8.07,1394.51,999.45,2,1.58,1.71,1.73,1215.5,3.45,3.55,1,0.98
10/07/2021,9:16:00 PM,9:16:42 PM,Albion Park,QLD,10,185146777,R10 2138m Trot S,185146778,Harness,2138,Trot,28143536,5,Princess Faith,LOSER,201.18,LOSER,34.68,98.2,320,100,190,186.53,57.94,720,120,720,393.03,2.12,49.96,,,,,,200,210,1,0.98
10/07/2021,9:16:00 PM,9:16:42 PM,Albion Park,QLD,10,185146777,R10 2138m Trot S,185146778,Harness,2138,Trot,16395909,6,Red Castleton,LOSER,7.88,WINNER,2.24,726.99,10.5,6,8,7.45,3442.27,720,3.1,720,6.3,477.81,835.26,2.32,2.02,2.32,2.03,60.07,8.4,8.8,1,0.98
10/07/2021,9:16:00 PM,9:16:42 PM,Albion Park,QLD,10,185146777,R10 2138m Trot S,185146778,Harness,2138,Trot,21950585,7,Flingandwingit,LOSER,41.2,LOSER,6.73,181.47,85,23,42,40.45,236.72,920,23,920,122.6,12.6,235.59,7,6,7,6.42,46.64,40,46,1,0.98
10/07/2021,9:16:00 PM,9:16:42 PM,Albion Park,QLD,10,185146777,R10 2138m Trot S,185146778,Harness,2138,Trot,1026137,8,Gold Chain,LOSER,5.65,WINNER,2.05,864.44,6.2,3.3,5.7,5.07,11660.61,870,2.12,36,3.64,1173.07,856.05,2.1,1.48,2.04,1.89,1018.48,6,6.2,1,0.98
10/07/2021,9:16:00 PM,9:16:42 PM,Albion Park,QLD,10,185146777,R10 2138m Trot S,185146778,Harness,2138,Trot,26801341,9,Humble Ladd,WINNER,3.69,WINNER,1.66,1690.92,4.7,2.34,3.75,3.91,15256.39,46,1.01,1.01,1.32,6936.99,1052.24,1.9,1.59,1.65,1.67,318.61,3.95,4.1,1,0.98
10/07/2021,9:16:00 PM,9:16:42 PM,Albion Park,QLD,10,185146777,R10 2138m Trot S,185146778,Harness,2138,Trot,8881358,10,Our Overanova,LOSER,8.87,LOSER,2.36,722.51,16.5,7,8.8,8.8,4362.53,720,2,690,6.7,456.1,788.7,2.58,2.26,2.26,2.34,31.89,9.4,8.2,1,0.98
10/07/2021,5:05:00 PM,5:06:01 PM,Cranbourne,VIC,1,185146349,R1 2080m Pace M,185146350,Harness,2080,Pace,27346102,1,Wotdidusaaay,LOSER,13.38,WINNER,3.23,517.11,14,9.6,12.5,11.35,912.79,1000,4.8,1000,16.95,110.29,700.98,3.3,3,3.3,3.22,61.57,11,12,1.02,0.99
10/07/2021,5:05:00 PM,5:06:01 PM,Cranbourne,VIC,1,185146349,R1 2080m Pace M,185146350,Harness,2080,Pace,18863913,2,Messerati,LOSER,23.3,LOSER,5.77,306.58,38,18.5,26,27.9,277.86,1000,14,1000,50.22,33.4,285.92,5.7,5,5.7,5.16,26,26,18.5,1.02,0.99
10/07/2021,5:05:00 PM,5:06:01 PM,Cranbourne,VIC,1,185146349,R1 2080m Pace M,185146350,Harness,2080,Pace,17221337,3,Mach Le More,LOSER,4.26,WINNER,1.79,1657.88,5,3.2,4,4.08,16011.72,1000,3.4,1000,6,490.46,1021.66,2,1.59,1.9,1.85,471.86,4.5,4.8,1.02,0.99
10/07/2021,5:05:00 PM,5:06:01 PM,Cranbourne,VIC,1,185146349,R1 2080m Pace M,185146350,Harness,2080,Pace,23390514,5,The Last Chance,LOSER,7.4,LOSER,2.9,535.56,10,6,7,7.37,2183.78,1000,2.12,100,57.12,326.72,523.18,2.8,2.32,2.76,2.71,320.75,7.4,7.6,1.02,0.99
10/07/2021,5:05:00 PM,5:06:01 PM,Cranbourne,VIC,1,185146349,R1 2080m Pace M,185146350,Harness,2080,Pace,19561940,6,Fynn Frost,WINNER,9.41,WINNER,2.76,687.1,12,7.8,9,8.78,1698.05,11.5,1.01,1.01,1.33,6066.82,781.73,2.8,2.76,2.78,2.77,55.78,9,9.2,1.02,0.99
10/07/2021,5:05:00 PM,5:06:01 PM,Cranbourne,VIC,1,185146349,R1 2080m Pace M,185146350,Harness,2080,Pace,20137422,7,Huli Nien,LOSER,14.59,LOSER,4.3,451.17,22,11.5,14.5,14.05,1031.54,720,14.5,720,26.04,72.49,416.26,4.3,4.3,4.3,4.3,9.78,12.5,13,1.02,0.99
10/07/2021,5:05:00 PM,5:06:01 PM,Cranbourne,VIC,1,185146349,R1 2080m Pace M,185146350,Harness,2080,Pace,24252391,8,Major Delico,LOSER,13.8,LOSER,2.66,655.6,12.5,5,12,8.51,1437.89,880,2.02,710,23.28,184.22,992.95,2.9,2.54,2.88,2.68,95.57,9.4,9.8,1.02,0.99
10/07/2021,5:05:00 PM,5:06:01 PM,Cranbourne,VIC,1,185146349,R1 2080m Pace M,185146350,Harness,2080,Pace,20137255,9,Pocket Thedeal,LOSER,45.55,LOSER,9.11,188.36,70,38,60,49.33,224.9,940,36,940,71.9,29.76,175.99,10,9,9,9.01,35.58,48,55,1.02,0.99
10/07/2021,5:05:00 PM,5:06:01 PM,Cranbourne,VIC,1,185146349,R1 2080m Pace M,185146350,Harness,2080,Pace,25156603,10,Major Manbar,LOSER,4.03,LOSER,1.79,1994.71,6.6,4.4,4.4,4.84,4354.42,1000,4,1000,6.97,841.06,1259.54,1.97,1.79,1.8,1.8,519.39,4.6,4.8,1.02,0.99
10/07/2021,5:30:00 PM,5:30:51 PM,Cranbourne,VIC,2,185146351,R2 2080m Trot M,185146352,Harness,2080,Trot,27289986,1,Chevron Action,LOSER,46.88,LOSER,5.83,217.52,55,32,46,43.2,331.19,1000,16,750,95.08,76.15,361.93,6.6,5.7,6.4,6.08,56.25,40,46,1.03,0.97
10/07/2021,5:30:00 PM,5:30:51 PM,Cranbourne,VIC,2,185146351,R2 2080m Trot M,185146352,Harness,2080,Trot,40119259,2,Majestical Belle,LOSER,11.87,WINNER,2.74,648.89,13,8,11,11.02,1718.35,720,2.52,190,8.93,476.96,1129.91,2.86,2.46,2.86,2.56,748.08,10,11,1.03,0.97
10/07/2021,5:30:00 PM,5:30:51 PM,Cranbourne,VIC,2,185146351,R2 2080m Trot M,185146352,Harness,2080,Trot,24742781,3,Royal Charlotte,WINNER,12.13,WINNER,2.48,443.63,16,8.4,12.5,11.13,806.63,16.5,1.01,1.01,1.91,2031.04,654.91,2.64,2.18,2.38,2.29,19.7,10,11.5,1.03,0.97
10/07/2021,5:30:00 PM,5:30:51 PM,Cranbourne,VIC,2,185146351,R2 2080m Trot M,185146352,Harness,2080,Trot,12757845,4,Prosthesis,LOSER,34,WINNER,5.2,277.49,44,26,36,34.39,278.83,1000,26,1000,34.97,126.82,193.39,4.9,4.7,4.7,4.75,96.3,34,38,1.03,0.97
10/07/2021,5:30:00 PM,5:30:51 PM,Cranbourne,VIC,2,185146351,R2 2080m Trot M,185146352,Harness,2080,Trot,27356285,5,Enhance Your Calm,LOSER,2.35,LOSER,1.4,1900.02,3.9,2.44,2.46,2.86,6448.03,720,1.66,270,3.24,1587.14,1323.59,1.62,1.35,1.44,1.47,595.47,2.9,3,1.03,0.97
10/07/2021,5:30:00 PM,5:30:51 PM,Cranbourne,VIC,2,185146351,R2 2080m Trot M,185146352,Harness,2080,Trot,28587437,6,Imsettogo,LOSER,3.89,LOSER,1.58,1337.2,3.65,2.7,3.65,3.2,4640.82,200,3,130,6.79,325.56,1357.58,1.54,1.42,1.5,1.5,368.94,3.35,3.4,1.03,0.97
10/07/2021,5:30:00 PM,5:30:51 PM,Cranbourne,VIC,2,185146351,R2 2080m Trot M,185146352,Harness,2080,Trot,23957735,7,Is That A Bid,LOSER,8.31,LOSER,2.19,787.38,16,7,8.8,7.9,1691.18,720,5.3,290,11.9,194.86,829.84,2.56,2.06,2.12,2.15,28.62,7.8,8.6,1.03,0.97
10/07/2021,5:58:00 PM,5:58:44 PM,Cranbourne,VIC,3,185146353,R3 2080m Pace M,185146354,Harness,2080,Pace,5172030,1,She Will Rock,LOSER,3.85,LOSER,1.39,1124.01,5,2.48,3.7,3.69,6339.71,44,2.14,38,2.9,1719.97,549.62,1.48,1.35,1.38,1.38,213.29,4.2,4.4,1.03,0.99
10/07/2021,5:58:00 PM,5:58:44 PM,Cranbourne,VIC,3,185146353,R3 2080m Pace M,185146354,Harness,2080,Pace,23294780,2,Belladonna Girl,LOSER,4.13,LOSER,1.49,955.56,6.8,4,4.3,4.54,2829.03,100,2.6,100,5.39,891.12,1182.57,1.83,1.47,1.47,1.54,61.32,4.6,4.7,1.03,0.99
10/07/2021,5:58:00 PM,5:58:44 PM,Cranbourne,VIC,3,185146353,R3 2080m Pace M,185146354,Harness,2080,Pace,11309581,3,Elteearr,LOSER,130.58,LOSER,10.38,79.19,170,85,170,126.44,53.44,1000,100,1000,155.26,33.93,177.79,10.5,9,10.5,9.96,16.55,110,120,1.03,0.99
10/07/2021,5:58:00 PM,5:58:44 PM,Cranbourne,VIC,3,185146353,R3 2080m Pace M,185146354,Harness,2080,Pace,12897539,4,Belle Of Brooklyn,LOSER,170,LOSER,27.04,33.78,260,75,240,140.81,82.13,900,36,36,86.11,26.06,49.73,30,15,19,19.56,187.46,110,120,1.03,0.99
10/07/2021,5:58:00 PM,5:58:44 PM,Cranbourne,VIC,3,185146353,R3 2080m Pace M,185146354,Harness,2080,Pace,34139674,5,Orbie,WINNER,12.55,WINNER,2.66,556.27,26,9.2,12.5,11.15,1425.83,30,1.96,3.2,7.71,513.93,378.7,2.78,2.26,2.36,2.35,117.81,10.5,11.5,1.03,0.99
10/07/2021,5:58:00 PM,5:58:44 PM,Cranbourne,VIC,3,185146353,R3 2080m Pace M,185146354,Harness,2080,Pace,17525673,6,All Major,LOSER,110,LOSER,28.5,45.14,150,90,120,114.31,33.61,1000,110,1000,229.05,9.43,66.42,36,19.5,36,28.34,0.15,120,130,1.03,0.99
10/07/2021,5:58:00 PM,5:58:44 PM,Cranbourne,VIC,3,185146353,R3 2080m Pace M,185146354,Harness,2080,Pace,19549317,7,Larajay Macray,LOSER,28.45,WINNER,5.85,265.18,48,21,28,25.74,290.47,720,17.5,25,46.02,51.55,144.39,3.85,3.7,3.85,3.8,35,23,26,1.03,0.99
10/07/2021,5:58:00 PM,5:58:44 PM,Cranbourne,VIC,3,185146353,R3 2080m Pace M,185146354,Harness,2080,Pace,35620868,8,Still Hungover,WINNER,2.85,WINNER,1.22,1396.56,3.1,2.2,2.78,2.54,9498.49,11,1.61,1.61,3.11,1545.55,1299.98,1.22,1.2,1.2,1.21,222.53,2.44,2.52,1.03,0.99
10/07/2021,6:53:00 PM,6:54:10 PM,Globe Derby,SA,1,185146789,R1 1800m Pace M,185146790,Harness,1800,Pace,13321649,1,Clarenden Hustler,LOSER,12.4,LOSER,7.72,167.56,18.5,9.4,11,12.22,231.27,490,12,110,14.96,125.49,32.82,,,,,,11,15,1.08,0.94
10/07/2021,6:53:00 PM,6:54:10 PM,Globe Derby,SA,1,185146789,R1 1800m Pace M,185146790,Harness,1800,Pace,36620875,2,Stars Of Courage,LOSER,4.7,WINNER,2.54,569.55,6.4,3.6,4.5,4.26,1933.34,170,2.38,170,3.97,489.61,322.42,2.74,2.5,2.5,2.53,16.48,4.6,5.3,1.08,0.94
10/07/2021,6:53:00 PM,6:54:10 PM,Globe Derby,SA,1,185146789,R1 1800m Pace M,185146790,Harness,1800,Pace,11055352,4,The Cullector,LOSER,10.5,LOSER,4.55,301.94,11.5,8,9.6,9.54,274.38,1000,4.3,720,9.4,164.18,208.09,4.4,4.4,4.4,4.4,0.26,8.6,9.2,1.08,0.94
10/07/2021,6:53:00 PM,6:54:10 PM,Globe Derby,SA,1,185146789,R1 1800m Pace M,185146790,Harness,1800,Pace,7170953,5,Smackwater Jack,LOSER,36,LOSER,15.74,149.17,110,40,40,50.46,43.75,1000,32,1000,112.79,30.85,45.34,13,9.6,11,10.94,253.15,48,60,1.08,0.94
10/07/2021,6:53:00 PM,6:54:10 PM,Globe Derby,SA,1,185146789,R1 1800m Pace M,185146790,Harness,1800,Pace,11658332,6,Jakes Sportwriter,WINNER,2.98,WINNER,1.74,1002.18,4,2.58,2.96,2.82,2143.26,8.8,1.01,1.02,1.29,1562.68,554.4,1.8,1.52,1.78,1.8,61.47,2.7,3.05,1.08,0.94
10/07/2021,6:53:00 PM,6:54:10 PM,Globe Derby,SA,1,185146789,R1 1800m Pace M,185146790,Harness,1800,Pace,8454042,7,Our Sir Ivanhoe,LOSER,4.61,LOSER,2.41,546.29,5.1,3.65,4.4,4.16,703.61,1000,4.3,1000,30.37,73.08,412.32,2.3,2.3,2.3,2.3,11,3.85,4.3,1.08,0.94
10/07/2021,7:25:00 PM,7:26:11 PM,Globe Derby,SA,2,185146791,R2 1800m Pace M,185146792,Harness,1800,Pace,37616861,1,Her Heart Of Gold,LOSER,16.66,WINNER,2.33,120.23,19.5,7,14,13.79,233.5,110,8,100,24.91,43.79,609.11,2.5,1.58,2.4,2.42,547.91,15.5,19.5,1.03,0.97
10/07/2021,7:25:00 PM,7:26:11 PM,Globe Derby,SA,2,185146791,R2 1800m Pace M,185146792,Harness,1800,Pace,22458903,2,Ammicchi,WINNER,1.52,WINNER,1.11,2609.36,1.82,1.43,1.48,1.53,10771.22,1.56,1.01,1.01,1.24,5282.75,1711.88,1.16,1.11,1.11,1.14,344.09,1.57,1.6,1.03,0.97
10/07/2021,7:25:00 PM,7:26:11 PM,Globe Derby,SA,2,185146791,R2 1800m Pace M,185146792,Harness,1800,Pace,7382473,3,Sutter Man,LOSER,19,LOSER,2.93,212.75,21,10,18.5,14.71,333.24,890,18.5,550,89.63,43.44,435.6,,,,,,13,14,1.03,0.97
10/07/2021,7:25:00 PM,7:26:11 PM,Globe Derby,SA,2,185146791,R2 1800m Pace M,185146792,Harness,1800,Pace,28290655,4,On The Case,LOSER,9.59,LOSER,2.09,532.38,11.5,6.4,9.6,8.19,245.46,720,8.8,280,45.86,50.68,577.32,1.76,1.76,1.76,1.76,30.34,7.2,8.2,1.03,0.97
10/07/2021,7:25:00 PM,7:26:11 PM,Globe Derby,SA,2,185146791,R2 1800m Pace M,185146792,Harness,1800,Pace,27870685,5,Aces Daughter,LOSER,29.91,WINNER,5.25,179.61,34,18,34,26.41,107.01,720,29,710,83.47,6.3,203.47,,,,,,24,27,1.03,0.97
10/07/2021,7:25:00 PM,7:26:11 PM,Globe Derby,SA,2,185146791,R2 1800m Pace M,185146792,Harness,1800,Pace,11229471,6,Rocking With Charm,LOSER,548.97,LOSER,35.38,31.81,720,200,240,259.54,22.29,1000,210,1000,552.07,4.81,27.42,70,10.5,70,24.39,46.07,210,390,1.03,0.97
10/07/2021,7:25:00 PM,7:26:11 PM,Globe Derby,SA,2,185146791,R2 1800m Pace M,185146792,Harness,1800,Pace,27465737,8,Masonjon,LOSER,20.46,LOSER,3.16,248.92,30,18.5,22,22.05,178.74,720,11,720,33.64,41.1,550.52,3.3,3.1,3.1,3.22,23.85,21,22,1.03,0.97
10/07/2021,7:25:00 PM,7:26:11 PM,Globe Derby,SA,2,185146791,R2 1800m Pace M,185146792,Harness,1800,Pace,10098638,9,Celestial Daybreak,LOSER,100.52,LOSER,13.15,68.19,150,55,140,97.24,18.65,930,40,930,90.5,14.69,144.28,,,,,,80,85,1.03,0.97
10/07/2021,7:25:00 PM,7:26:11 PM,Globe Derby,SA,2,185146791,R2 1800m Pace M,185146792,Harness,1800,Pace,36256807,10,Springfield Desire,LOSER,386.99,LOSER,33.07,24.03,720,150,260,345.99,7.36,890,260,890,398.41,6.93,45.52,,,,,,160,670,1.03,0.97
10/07/2021,7:57:00 PM,7:57:27 PM,Globe Derby,SA,3,185146793,R3 1800m Pace M,185146794,Harness,1800,Pace,36526732,1,Jaydes Terror,LOSER,45.34,WINNER,7.3,65.3,85,26,80,55.23,25.95,720,3,720,20.25,103.97,40.81,6.4,5.7,6.4,6.01,25.48,42,48,1.07,0.98
10/07/2021,7:57:00 PM,7:57:27 PM,Globe Derby,SA,3,185146793,R3 1800m Pace M,185146794,Harness,1800,Pace,13942129,2,Althegirlsinmylife,LOSER,1000,LOSER,94.47,11.88,990,450,780,574.88,25.24,1000,110,260,322.38,35.35,26.45,110,85,110,94.14,0.46,750,770,1.07,0.98
10/07/2021,7:57:00 PM,7:57:27 PM,Globe Derby,SA,3,185146793,R3 1800m Pace M,185146794,Harness,1800,Pace,3320889,3,Easy Rolling,LOSER,8.81,LOSER,2.4,395.96,8.6,4.3,8.4,6.9,628.53,280,3.35,280,6.51,338.46,641.74,2.54,2.02,2.08,2.03,67.92,6.6,6.8,1.07,0.98
10/07/2021,7:57:00 PM,7:57:27 PM,Globe Derby,SA,3,185146793,R3 1800m Pace M,185146794,Harness,1800,Pace,39395846,4,Tiddly Winx,LOSER,2.48,WINNER,1.34,1608.58,4.4,2.36,2.42,2.6,2794.25,720,2.42,720,3.37,844.25,1281.1,1.43,1.31,1.34,1.41,160.01,2.56,2.64,1.07,0.98
10/07/2021,7:57:00 PM,7:57:27 PM,Globe Derby,SA,3,185146793,R3 1800m Pace M,185146794,Harness,1800,Pace,20137421,5,Tidal Surge,LOSER,8.66,LOSER,2.35,458.28,11,7.2,8.4,8.59,342.22,990,6.2,990,27.68,40.28,653.66,2.94,2.2,2.3,2.32,21.48,7.2,9.6,1.07,0.98
10/07/2021,7:57:00 PM,7:57:27 PM,Globe Derby,SA,3,185146793,R3 1800m Pace M,185146794,Harness,1800,Pace,29058686,6,Northern Terror,LOSER,23.52,LOSER,8.71,185.42,42,14,38,26.25,46.53,1000,14,1000,46.75,49.68,158.8,11.5,6.6,6.6,8.62,0.44,19,38,1.07,0.98
10/07/2021,7:57:00 PM,7:57:27 PM,Globe Derby,SA,3,185146793,R3 1800m Pace M,185146794,Harness,1800,Pace,18739612,7,Shardonant,LOSER,13,LOSER,3.4,365.81,15,9.8,13.5,12.95,218.85,270,1.98,270,13.29,143.48,324.85,2.84,2.5,2.8,2.63,64,13,14.5,1.07,0.98
10/07/2021,7:57:00 PM,7:57:27 PM,Globe Derby,SA,3,185146793,R3 1800m Pace M,185146794,Harness,1800,Pace,26359469,8,Sporty Frank,WINNER,4.46,WINNER,1.69,856.38,5,4,4.2,4.44,970.46,18.5,1.01,1.01,1.73,1892.56,964.64,1.8,1.56,1.71,1.7,46.83,4.4,4.5,1.07,0.98
10/07/2021,7:57:00 PM,7:57:27 PM,Globe Derby,SA,3,185146793,R3 1800m Pace M,185146794,Harness,1800,Pace,11274447,9,Bayonet Soldier,LOSER,199.09,LOSER,40.86,20.3,190,100,180,131.74,17.8,950,370,950,605.7,1.16,42.5,75,13,70,14.55,21.25,100,180,1.07,0.98
10/07/2021,8:30:00 PM,8:31:04 PM,Globe Derby,SA,4,185146795,R4 2230m Pace M,185146796,Harness,2230,Pace,10874928,1,Shadow Hunter,LOSER,12,LOSER,2.18,210.98,15,7.6,11.5,12.11,1049.72,720,4.9,710,10.67,116,516.96,2.6,2.26,2.26,2.33,326.54,11.5,13.5,1.05,0.97
10/07/2021,8:30:00 PM,8:31:04 PM,Globe Derby,SA,4,185146795,R4 2230m Pace M,185146796,Harness,2230,Pace,5189392,2,Cavalryman,LOSER,2.08,WINNER,1.28,1953.51,3.9,2.06,2.06,2.4,8845.9,110,2.12,100,3.96,766.04,1402.94,1.4,1.25,1.3,1.3,399.06,2.34,2.4,1.05,0.97
10/07/2021,8:30:00 PM,8:31:04 PM,Globe Derby,SA,4,185146795,R4 2230m Pace M,185146796,Harness,2230,Pace,12813115,3,Edwin Bromac,LOSER,10.95,LOSER,2.74,540.84,21,6.4,9.8,9.72,1795.54,1000,1.7,1000,19.26,103.96,655.06,3.5,1.92,3.5,2.75,246.53,8,8.6,1.05,0.97
10/07/2021,8:30:00 PM,8:31:04 PM,Globe Derby,SA,4,185146795,R4 2230m Pace M,185146796,Harness,2230,Pace,4999280,4,Above Average,LOSER,65,LOSER,6.5,81.69,70,15.5,48,33.28,111.78,720,17,720,73.36,29.49,227.96,4.7,3.8,4.7,4.01,15.7,38,50,1.05,0.97
10/07/2021,8:30:00 PM,8:31:04 PM,Globe Derby,SA,4,185146795,R4 2230m Pace M,185146796,Harness,2230,Pace,40119258,5,Uncle Leo,WINNER,4.02,WINNER,1.5,756.45,4.3,2.86,3.75,3.68,3487.31,5.9,1.01,1.02,1.86,2402.17,960.57,1.66,1.42,1.46,1.48,124.15,3.55,3.8,1.05,0.97
10/07/2021,8:30:00 PM,8:31:04 PM,Globe Derby,SA,4,185146795,R4 2230m Pace M,185146796,Harness,2230,Pace,22119904,6,Make Haste,LOSER,48,WINNER,7.68,116.55,110,32,44,52.33,111.26,1000,5.2,140,16.79,187.96,96.42,11,7,10.5,8.8,21.01,46,55,1.05,0.97
10/07/2021,8:30:00 PM,8:31:04 PM,Globe Derby,SA,4,185146795,R4 2230m Pace M,185146796,Harness,2230,Pace,18820052,7,Giant Jackson,LOSER,1000,LOSER,20.73,15.66,470,170,230,243.42,49.77,1000,100,110,542.93,13.52,146.73,21,14.5,20,15.1,53.68,180,270,1.05,0.97
10/07/2021,8:30:00 PM,8:31:04 PM,Globe Derby,SA,4,185146795,R4 2230m Pace M,185146796,Harness,2230,Pace,19167461,8,Steinman,LOSER,17.93,LOSER,2.88,185.7,20,7.6,18,15.58,834.78,720,10,280,54.07,57.21,637.78,2.9,2.82,2.82,2.87,61.39,14,16,1.05,0.97
10/07/2021,9:00:00 PM,9:00:56 PM,Globe Derby,SA,5,185146797,R5 2230m Trot S,185146798,Harness,2230,Trot,25114067,1,Gatesys Alley,LOSER,4.8,LOSER,1.65,876.66,5.9,4.2,4.8,5,2094.95,870,1.55,870,2.63,1565.54,1352.55,2.06,1.64,1.71,1.72,554.79,4.8,4.9,1.05,0.97
10/07/2021,9:00:00 PM,9:00:56 PM,Globe Derby,SA,5,185146797,R5 2230m Trot S,185146798,Harness,2230,Trot,11058667,2,Its Elvis,LOSER,2.86,LOSER,1.65,2081,6.8,3,3.1,3.51,5318.68,880,2.68,720,12.9,509.27,427.64,1.77,1.57,1.65,1.63,253.62,3.75,3.95,1.05,0.97
10/07/2021,9:00:00 PM,9:00:56 PM,Globe Derby,SA,5,185146797,R5 2230m Trot S,185146798,Harness,2230,Trot,8480764,3,Springbank Eden,LOSER,483.47,LOSER,49.33,20.69,440,150,440,262.23,45.16,790,100,780,483.95,5.93,27.83,29,29,29,29,5,200,340,1.05,0.97
10/07/2021,9:00:00 PM,9:00:56 PM,Globe Derby,SA,5,185146797,R5 2230m Trot S,185146798,Harness,2230,Trot,9590310,4,Coolbreeze,LOSER,34.03,LOSER,7.65,91.67,40,17,30,28.42,86.07,910,16.5,910,126.62,24.72,150.72,,,,,,28,38,1.05,0.97
10/07/2021,9:00:00 PM,9:00:56 PM,Globe Derby,SA,5,185146797,R5 2230m Trot S,185146798,Harness,2230,Trot,12940763,5,Reils,LOSER,25.16,LOSER,3.39,139.17,27,18,26,22.14,130.31,720,8.2,720,30.69,34.85,168.76,4.1,3.3,3.7,3.52,386.77,21,25,1.05,0.97
10/07/2021,9:00:00 PM,9:00:56 PM,Globe Derby,SA,5,185146797,R5 2230m Trot S,185146798,Harness,2230,Trot,12073935,6,Miracle Rising,LOSER,27,LOSER,4.91,121.89,30,14.5,30,20.86,113.2,910,10,720,48.85,27.48,173.45,4.4,3.95,4.4,4.19,70.62,17,19,1.05,0.97
10/07/2021,9:00:00 PM,9:00:56 PM,Globe Derby,SA,5,185146797,R5 2230m Trot S,185146798,Harness,2230,Trot,11704214,7,Foursharesmorebeers,LOSER,21.26,WINNER,4.06,128.5,26,11,22,19.09,226.07,900,3.6,900,19.79,116.99,364.29,4.1,2.9,4.1,3.52,10.23,20,24,1.05,0.97
10/07/2021,9:00:00 PM,9:00:56 PM,Globe Derby,SA,5,185146797,R5 2230m Trot S,185146798,Harness,2230,Trot,10944913,8,Southern Alps,LOSER,14.92,WINNER,2.81,226.16,14,5.2,13,7.69,705.83,870,5.2,870,26.09,38.49,317.56,2.42,2.04,2.42,2.04,18.55,8,9.8,1.05,0.97
10/07/2021,9:00:00 PM,9:00:56 PM,Globe Derby,SA,5,185146797,R5 2230m Trot S,185146798,Harness,2230,Trot,10948608,9,Galleons Victory,WINNER,4.2,WINNER,1.78,965.33,4.5,2.5,3.95,3.89,9438.95,8,1.01,1.01,1.71,1712.72,390.35,1.83,1.62,1.78,1.7,608.95,3.9,4,1.05,0.97
10/07/2021,9:30:00 PM,9:31:02 PM,Globe Derby,SA,6,185146799,R6 1800m Pace M,185146800,Harness,1800,Pace,10887519,1,Breach The Beach,LOSER,10.85,LOSER,2.97,486.34,13,4.6,10,10.25,1574.33,1000,8.2,1000,42.49,68.87,456.44,3.1,2.72,3.05,2.84,454.94,12,8,1.03,1.04
10/07/2021,9:30:00 PM,9:31:02 PM,Globe Derby,SA,6,185146799,R6 1800m Pace M,185146800,Harness,1800,Pace,39000773,2,Yankee Lincoln,LOSER,1.97,WINNER,1.35,1803.98,3.65,1.68,1.97,1.83,13485.64,110,1.83,110,2.77,1303.91,1106.97,1.37,1.25,1.34,1.31,246.23,1.74,1.76,1.03,1.04
10/07/2021,9:30:00 PM,9:31:02 PM,Globe Derby,SA,6,185146799,R6 1800m Pace M,185146800,Harness,1800,Pace,17995682,3,Culture King,LOSER,12.11,LOSER,4.02,268.4,48,9.8,11,14.68,1495.64,900,12,900,75.5,60.64,327.82,4.8,3.75,3.75,4.13,45.55,15,18,1.03,1.04
10/07/2021,9:30:00 PM,9:31:02 PM,Globe Derby,SA,6,185146799,R6 1800m Pace M,185146800,Harness,1800,Pace,10610286,4,Van Mara,WINNER,3.28,WINNER,1.64,1371.63,4.5,2.32,3.3,3.43,6634.85,3.3,1.01,1.01,1.47,3956.1,984.72,1.86,1.53,1.57,1.61,122.02,3.35,3.5,1.03,1.04
10/07/2021,9:30:00 PM,9:31:02 PM,Globe Derby,SA,6,185146799,R6 1800m Pace M,185146800,Harness,1800,Pace,10835082,5,Canada Bay,LOSER,528.57,LOSER,202.26,12.48,630,140,360,292.99,21.25,1000,350,350,451.49,1.49,0.5,350,130,130,197.83,0.52,270,460,1.03,1.04
10/07/2021,9:30:00 PM,9:31:02 PM,Globe Derby,SA,6,185146799,R6 1800m Pace M,185146800,Harness,1800,Pace,11072709,6,Jack William,LOSER,954.31,LOSER,206.93,26.45,800,150,370,273.56,25.76,1000,60,150,477.54,18.1,1.11,210,130,200,206.49,1.12,250,450,1.03,1.04
10/07/2021,9:57:00 PM,9:57:55 PM,Globe Derby,SA,7,185146801,R7 1800m Pace M,185146802,Harness,1800,Pace,8704721,1,Arrokeefe,LOSER,26.09,LOSER,4.1,93.47,28,12.5,22,16.88,696.8,720,10.5,720,45.59,27.5,243.55,4.6,3.9,3.9,3.99,64.88,17,19.5,1.03,0.99
10/07/2021,9:57:00 PM,9:57:55 PM,Globe Derby,SA,7,185146801,R7 1800m Pace M,185146802,Harness,1800,Pace,10425082,3,Midnight Prowler,LOSER,95,LOSER,10.65,34.52,130,55,95,97.74,28.57,1000,70,1000,237.67,8.61,,,,,,,80,120,1.03,0.99
10/07/2021,9:57:00 PM,9:57:55 PM,Globe Derby,SA,7,185146801,R7 1800m Pace M,185146802,Harness,1800,Pace,24138889,4,Wolf Of West Bay,LOSER,25.48,WINNER,5.75,208.55,46,18,28,22.69,979.9,280,5.6,220,13.76,158.02,122.95,3.9,3.9,3.9,3.9,5,17.5,21,1.03,0.99
10/07/2021,9:57:00 PM,9:57:55 PM,Globe Derby,SA,7,185146801,R7 1800m Pace M,185146802,Harness,1800,Pace,12675227,5,Crookwell Jake,WINNER,1.35,WINNER,1.13,5056.61,2.16,1.31,1.36,1.42,13880.53,1.69,1.01,1.01,1.15,4441.08,1675.09,1.16,1.12,1.14,1.14,2058.17,1.46,1.49,1.03,0.99
10/07/2021,9:57:00 PM,9:57:55 PM,Globe Derby,SA,7,185146801,R7 1800m Pace M,185146802,Harness,1800,Pace,24075011,6,Gordon Girl,LOSER,5.88,LOSER,1.67,1007.88,6.4,2.82,5.9,4.84,1739.45,180,5.6,140,17.31,84.85,614.99,1.74,1.45,1.54,1.53,1095.52,4.6,4.8,1.03,0.99
10/07/2021,5:23:00 PM,5:24:31 PM,Menangle,NSW,1,185146330,R1 1609m Pace M,185146331,Harness,1609,Pace,10933327,2,Double Encounter,LOSER,5.38,LOSER,,662.22,6.4,4,5.7,5.31,2000.79,1000,3.5,1000,6.99,494.95,,2.3,1.8,1.86,1.92,2605.95,5.4,5.7,1.07,0.96
10/07/2021,5:23:00 PM,5:24:31 PM,Menangle,NSW,1,185146330,R1 1609m Pace M,185146331,Harness,1609,Pace,21629608,4,Petes Said So,LOSER,218.61,LOSER,,57.02,240,34,190,102.76,31.98,720,32,700,162.7,10.57,,,,,,,95,160,1.07,0.96
10/07/2021,5:23:00 PM,5:24:31 PM,Menangle,NSW,1,185146330,R1 1609m Pace M,185146331,Harness,1609,Pace,1056874,5,Always Rockin,LOSER,23,LOSER,,198.13,30,17.5,23,23.68,162.81,980,19.5,980,53.29,75.44,,4.6,4.5,4.5,4.51,60,23,25,1.07,0.96
10/07/2021,5:23:00 PM,5:24:31 PM,Menangle,NSW,1,185146330,R1 1609m Pace M,185146331,Harness,1609,Pace,13192063,6,Benalong Valley,LOSER,49.52,LOSER,,76.42,80,18,70,48.61,46.08,780,14,720,76.95,18.76,,,,,,,42,48,1.07,0.96
10/07/2021,5:23:00 PM,5:24:31 PM,Menangle,NSW,1,185146330,R1 1609m Pace M,185146331,Harness,1609,Pace,1246370,7,Rays Choice,LOSER,5.41,LOSER,,839.78,8.6,4.6,5.4,5.53,2957.6,1000,3.65,1000,13.38,441.67,,2.8,1.81,1.81,2.46,307.66,4.5,4.9,1.07,0.96
10/07/2021,5:23:00 PM,5:24:31 PM,Menangle,NSW,1,185146330,R1 1609m Pace M,185146331,Harness,1609,Pace,12785297,8,Jimmy Locke,WINNER,13,WINNER,,261.34,26,12,12,14.22,419.68,140,1.01,1.05,1.9,2127.98,,3.4,3.4,3.4,3.4,5,13.5,15.5,1.07,0.96
10/07/2021,5:23:00 PM,5:24:31 PM,Menangle,NSW,1,185146330,R1 1609m Pace M,185146331,Harness,1609,Pace,22282229,9,Ziggy Rocks,LOSER,28.49,LOSER,,116.64,44,22,28,31.29,134.21,1000,10,1000,31.7,50.24,,,,,,,36,42,1.07,0.96
10/07/2021,5:23:00 PM,5:24:31 PM,Menangle,NSW,1,185146330,R1 1609m Pace M,185146331,Harness,1609,Pace,27370734,10,Burnham Boy,LOSER,3.2,WINNER,,867.79,3.85,2.6,3.2,3.26,2450.57,110,1.16,28,3.36,1399.78,,1.51,1.5,1.5,1.5,112.47,3.35,3.85,1.07,0.96
10/07/2021,5:23:00 PM,5:24:31 PM,Menangle,NSW,1,185146330,R1 1609m Pace M,185146331,Harness,1609,Pace,40119262,11,Tasty Delight,LOSER,6.48,WINNER,,756.09,6.6,4.8,6.4,6.03,612.38,1000,3.75,1000,7.07,404.41,,2.54,2.3,2.52,2.4,310.24,5.4,5.9,1.07,0.96
10/07/2021,5:48:00 PM,5:49:23 PM,Menangle,NSW,2,185146332,R2 1609m Pace M,185146333,Harness,1609,Pace,38686824,1,He Bettor Step Aside,LOSER,44.29,LOSER,,171.86,65,32,65,43.92,146.2,1000,17,1000,44.69,101.13,,6,5.8,6,5.96,42,38,40,1.03,0.99
10/07/2021,5:48:00 PM,5:49:23 PM,Menangle,NSW,2,185146332,R2 1609m Pace M,185146333,Harness,1609,Pace,11465142,2,Gottashopearly,LOSER,24,LOSER,,267.91,26,14.5,23,19.33,395.08,1000,16.5,1000,41.61,38.39,,4.7,3.8,3.8,3.81,50.61,19.5,21,1.03,0.99
10/07/2021,5:48:00 PM,5:49:23 PM,Menangle,NSW,2,185146332,R2 1609m Pace M,185146333,Harness,1609,Pace,9518567,4,Swaggie Shannon,LOSER,3.35,LOSER,,1544.88,5,3.35,3.35,3.74,3894.04,1000,2.24,720,8.69,787.79,,1.83,1.47,1.48,1.51,313.01,3.8,3.85,1.03,0.99
10/07/2021,5:48:00 PM,5:49:23 PM,Menangle,NSW,2,185146332,R2 1609m Pace M,185146333,Harness,1609,Pace,17972037,5,Lets Go To Brazil,LOSER,39.86,LOSER,,237.19,46,25,38,30.67,123.49,1000,12,1000,51.33,51.01,,5.1,4.8,5,4.92,18.7,28,32,1.03,0.99
10/07/2021,5:48:00 PM,5:49:23 PM,Menangle,NSW,2,185146332,R2 1609m Pace M,185146333,Harness,1609,Pace,13320206,6,War Club,LOSER,786.97,LOSER,,8.35,1000,80,1000,418.25,55.61,1000,770,1000,788.47,1.37,,120,90,120,119.64,0.85,260,310,1.03,0.99
10/07/2021,5:48:00 PM,5:49:23 PM,Menangle,NSW,2,185146332,R2 1609m Pace M,185146333,Harness,1609,Pace,18373540,7,Nota Replica,LOSER,3.69,WINNER,,1528.25,4.5,2.98,3.4,3.35,6172.65,170,2.1,110,3.71,801.22,,1.66,1.35,1.38,1.36,615.23,3.15,3.2,1.03,0.99
10/07/2021,5:48:00 PM,5:49:23 PM,Menangle,NSW,2,185146332,R2 1609m Pace M,185146333,Harness,1609,Pace,10835072,8,Mister Magic Man,WINNER,20,WINNER,,225.91,38,20,20,24.13,360.13,36,1.01,1.01,2.13,1507.67,,4.6,4.2,4.2,4.38,356.72,27,28,1.03,0.99
10/07/2021,5:48:00 PM,5:49:23 PM,Menangle,NSW,2,185146332,R2 1609m Pace M,185146333,Harness,1609,Pace,12272539,9,I Am Serengeti,LOSER,3.83,LOSER,,1688.36,4.2,2.5,4.1,3.73,4824.79,1000,3.3,1000,10.48,1011.73,,1.75,1.48,1.74,1.72,383.59,3.85,4.1,1.03,0.99
10/07/2021,5:48:00 PM,5:49:23 PM,Menangle,NSW,2,185146332,R2 1609m Pace M,185146333,Harness,1609,Pace,11608347,10,Rockabella Starz,LOSER,349.25,LOSER,,63.21,310,70,310,162.68,25.14,960,19,760,58.79,120.64,,,,,,,150,240,1.03,0.99
10/07/2021,5:48:00 PM,5:49:23 PM,Menangle,NSW,2,185146332,R2 1609m Pace M,185146333,Harness,1609,Pace,39978403,11,Our Madiba,LOSER,32.44,WINNER,,206.01,55,26,40,35.78,139.59,780,6,720,27.55,135.49,,5.5,5.4,5.4,5.44,55,42,44,1.03,0.99
10/07/2021,6:18:00 PM,6:18:52 PM,Menangle,NSW,3,185146334,R3 2300m Pace M,185146335,Harness,2300,Pace,20707186,2,Rusty Crackers,LOSER,160,LOSER,,58.05,340,75,340,178.38,47.26,1000,65,1000,209.33,38.66,,19.5,19,19.5,19.12,20,180,200,1.04,0.97
10/07/2021,6:18:00 PM,6:18:52 PM,Menangle,NSW,3,185146334,R3 2300m Pace M,185146335,Harness,2300,Pace,3814866,3,Maraetai,LOSER,272.76,LOSER,,46.4,340,80,330,196.73,33.62,1000,200,1000,335.6,18.06,,21,15,21,15.51,109.24,220,260,1.04,0.97
10/07/2021,6:18:00 PM,6:18:52 PM,Menangle,NSW,3,185146334,R3 2300m Pace M,185146335,Harness,2300,Pace,12173421,5,Star Galleria,LOSER,2.68,LOSER,,1571.9,3.65,2.44,2.72,2.72,9716.17,1000,2.4,1000,5.44,1517.5,,1.46,1.35,1.46,1.43,215.27,2.66,2.74,1.04,0.97
10/07/2021,6:18:00 PM,6:18:52 PM,Menangle,NSW,3,185146334,R3 2300m Pace M,185146335,Harness,2300,Pace,11094309,6,Rocknroll Angel,LOSER,16.87,LOSER,,336.93,40,17.5,18,21.4,371.11,1000,12,1000,41.04,63.59,,4.6,3.4,3.65,3.54,270.4,20,25,1.04,0.97
10/07/2021,6:18:00 PM,6:18:52 PM,Menangle,NSW,3,185146334,R3 2300m Pace M,185146335,Harness,2300,Pace,18758402,7,Major Roll,LOSER,33.09,LOSER,,240.85,44,13.5,38,21.28,300,1000,16,1000,80.22,23.64,,3.7,3.55,3.7,3.6,251.2,20,22,1.04,0.97
10/07/2021,6:18:00 PM,6:18:52 PM,Menangle,NSW,3,185146334,R3 2300m Pace M,185146335,Harness,2300,Pace,12708259,8,Pocket Of Terror,WINNER,4.74,WINNER,,740.92,5.9,4.3,4.5,4.69,2373.16,48,1.01,1.01,1.86,2091.81,,1.96,1.53,1.53,1.6,669.11,4.6,5,1.04,0.97
10/07/2021,6:18:00 PM,6:18:52 PM,Menangle,NSW,3,185146334,R3 2300m Pace M,185146335,Harness,2300,Pace,22033117,9,Max Delight,LOSER,5.1,WINNER,,1041.08,8.8,5.4,5.4,6.43,1487.03,1000,1.12,100,11.94,931.55,,1.97,1.9,1.91,1.92,100,6.8,7.2,1.04,0.97
10/07/2021,6:18:00 PM,6:18:52 PM,Menangle,NSW,3,185146334,R3 2300m Pace M,185146335,Harness,2300,Pace,8482116,10,Ignatius,LOSER,13.5,WINNER,,241.03,17,8.4,13,12.02,839.63,1000,1.17,1000,29.34,224.45,,3.3,2.5,3.3,2.51,37.34,12,14,1.04,0.97
10/07/2021,6:18:00 PM,6:18:52 PM,Menangle,NSW,3,185146334,R3 2300m Pace M,185146335,Harness,2300,Pace,35261216,11,Loorrim Lake,LOSER,14.51,LOSER,,383.6,14.5,6.6,13.5,10.44,919.93,1000,10,80,24.58,102.47,,3.55,2.28,2.52,2.53,545.4,9.8,10,1.04,0.97
10/07/2021,6:50:00 PM,6:50:54 PM,Menangle,NSW,4,185146336,R4 1609m Pace M,185146337,Harness,1609,Pace,19187530,1,Summit Special,LOSER,13.59,LOSER,,566.58,16,7.6,13,11.41,559.28,280,6,220,17.91,144.18,,2.5,1.99,2.08,2.06,256.93,11,12.5,1.04,0.98
10/07/2021,6:50:00 PM,6:50:54 PM,Menangle,NSW,4,185146336,R4 1609m Pace M,185146337,Harness,1609,Pace,5513028,2,Hickstead,LOSER,34,WINNER,,199.03,50,18.5,34,32.04,209.15,790,13,780,49.5,32.81,,4.3,3.95,4.1,4.11,170,34,36,1.04,0.98
10/07/2021,6:50:00 PM,6:50:54 PM,Menangle,NSW,4,185146336,R4 1609m Pace M,185146337,Harness,1609,Pace,26105235,3,Taroona Bromac,LOSER,74.85,LOSER,,128.71,180,46,95,97.23,79.82,1000,65,1000,109.3,26.24,,,,,,,100,110,1.04,0.98
10/07/2021,6:50:00 PM,6:50:54 PM,Menangle,NSW,4,185146336,R4 1609m Pace M,185146337,Harness,1609,Pace,9668159,4,Brocks Territory,LOSER,55.1,LOSER,,137.18,70,10.5,46,36.41,182.84,110,15,110,33.27,67.97,,,,,,,44,50,1.04,0.98
10/07/2021,6:50:00 PM,6:50:54 PM,Menangle,NSW,4,185146336,R4 1609m Pace M,185146337,Harness,1609,Pace,10733111,5,Warfare,LOSER,38.34,LOSER,,142.46,100,44,44,56.44,93.32,790,7.2,790,40.87,59.52,,5.9,5.9,5.9,5.9,4.35,44,60,1.04,0.98
10/07/2021,6:50:00 PM,6:50:54 PM,Menangle,NSW,4,185146336,R4 1609m Pace M,185146337,Harness,1609,Pace,10372896,6,Power Of Red,LOSER,5.11,WINNER,,779.87,9,5,5.2,6.1,1505.34,490,3.9,490,8.3,222.27,,1.95,1.67,1.67,1.79,512.48,6,6.4,1.04,0.98
10/07/2021,6:50:00 PM,6:50:54 PM,Menangle,NSW,4,185146336,R4 1609m Pace M,185146337,Harness,1609,Pace,12231622,7,Hidden Courage,WINNER,1.75,WINNER,,2635.77,2.18,1.47,1.7,1.75,20958.83,2.24,1.01,1.1,1.3,4160.06,,1.23,1.11,1.12,1.15,2531.82,1.62,1.64,1.04,0.98
10/07/2021,6:50:00 PM,6:50:54 PM,Menangle,NSW,4,185146336,R4 1609m Pace M,185146337,Harness,1609,Pace,12669151,8,Replaced Eye,LOSER,15.75,LOSER,,464.9,22,8,17.5,12.18,1606.57,280,5,220,11.34,435.09,,2.72,2.04,2.08,2.06,25.6,13,16.5,1.04,0.98
10/07/2021,7:20:00 PM,7:22:02 PM,Menangle,NSW,5,185146338,R5 2300m Trot M,185146339,Harness,2300,Trot,12462660,1,Gold Sovereign,LOSER,321.87,LOSER,,40.26,370,85,340,181.88,71.84,960,370,960,671.53,1.66,,,,,,,200,230,1.04,0.98
10/07/2021,7:20:00 PM,7:22:02 PM,Menangle,NSW,5,185146338,R5 2300m Trot M,185146339,Harness,2300,Trot,9297640,2,Agent Maori,LOSER,371.57,LOSER,,32.47,440,80,440,161.2,92.32,960,370,870,432.67,11.19,,,,,,,250,340,1.04,0.98
10/07/2021,7:20:00 PM,7:22:02 PM,Menangle,NSW,5,185146338,R5 2300m Trot M,185146339,Harness,2300,Trot,8718400,3,In The Valley,LOSER,174.99,LOSER,,57.43,270,60,180,95.36,99.16,940,290,720,625.68,1.68,,12,12,12,12,0.11,100,130,1.04,0.98
10/07/2021,7:20:00 PM,7:22:02 PM,Menangle,NSW,5,185146338,R5 2300m Trot M,185146339,Harness,2300,Trot,13363513,4,Ball Park,LOSER,36.46,LOSER,,134.97,60,12.5,38,38.63,178.09,920,42,720,197.16,11.17,,4.6,4.5,4.5,4.51,50,40,46,1.04,0.98
10/07/2021,7:20:00 PM,7:22:02 PM,Menangle,NSW,5,185146338,R5 2300m Trot M,185146339,Harness,2300,Trot,10098755,5,Big Jack Hammer,LOSER,11.05,WINNER,,1013.78,14.5,9.2,11.5,12.7,841.92,550,11.5,140,34.19,25.92,,2.64,2.06,2.22,2.19,286.57,11.5,12.5,1.04,0.98
10/07/2021,7:20:00 PM,7:22:02 PM,Menangle,NSW,5,185146338,R5 2300m Trot M,185146339,Harness,2300,Trot,13223945,6,Drop The Hammer,LOSER,10,WINNER,,528.63,12.5,6.6,10,8.79,1380.61,890,10,720,30.19,69.93,,2.44,1.9,1.92,2,483.33,7.8,8,1.04,0.98
10/07/2021,7:20:00 PM,7:22:02 PM,Menangle,NSW,5,185146338,R5 2300m Trot M,185146339,Harness,2300,Trot,18720612,7,Monaro Mia,LOSER,7.95,LOSER,,457.77,11.5,7,7.8,8.1,1289.87,890,5.9,490,28.59,120.48,,2.3,1.83,1.92,2.01,341.5,7.8,8.6,1.04,0.98
10/07/2021,7:20:00 PM,7:22:02 PM,Menangle,NSW,5,185146338,R5 2300m Trot M,185146339,Harness,2300,Trot,12370961,8,Tough Monarch,WINNER,1.64,WINNER,,2435.89,2.24,1.52,1.62,1.66,15985.59,1.8,1.01,1.01,1.33,6598.41,,1.21,1.12,1.15,1.15,1286,1.67,1.74,1.04,0.98
10/07/2021,7:20:00 PM,7:22:02 PM,Menangle,NSW,5,185146338,R5 2300m Trot M,185146339,Harness,2300,Trot,27639144,9,Caligula,LOSER,25,LOSER,,226.49,32,11.5,25,22.08,268.81,910,12,720,51.7,50.75,,3.35,2.54,3.3,2.94,537.6,20,22,1.04,0.98
10/07/2021,7:52:00 PM,7:52:44 PM,Menangle,NSW,6,185146340,R6 1609m Pace M,185146341,Harness,1609,Pace,26299216,2,Mustang Milly,LOSER,13.33,LOSER,,379.02,23,8.8,13.5,10.76,491.46,780,7.4,720,17.23,133.97,,2.66,1.87,1.89,2.13,7547.46,11,12.5,1.03,0.98
10/07/2021,7:52:00 PM,7:52:44 PM,Menangle,NSW,6,185146340,R6 1609m Pace M,185146341,Harness,1609,Pace,40119263,3,Island Fire Dance,WINNER,1.22,WINNER,,4321.71,1.35,1.13,1.22,1.25,7886.19,1.22,1.01,1.01,1.09,4831.88,,1.28,1.08,1.13,1.11,1825.3,1.24,1.26,1.03,0.98
10/07/2021,7:52:00 PM,7:52:44 PM,Menangle,NSW,6,185146340,R6 1609m Pace M,185146341,Harness,1609,Pace,698280,4,Divine Diva,LOSER,66.8,LOSER,,56.2,160,40,65,60.1,62.05,720,100,720,259.36,5.75,,6.8,5.5,5.6,6.25,734.23,50,60,1.03,0.98
10/07/2021,7:52:00 PM,7:52:44 PM,Menangle,NSW,6,185146340,R6 1609m Pace M,185146341,Harness,1609,Pace,18040200,5,Bronski Belle,LOSER,53.6,LOSER,,64.56,80,30,55,44.36,54.75,720,70,720,193.89,7.47,,10,9.8,9.8,9.8,4.09,38,50,1.03,0.98
10/07/2021,7:52:00 PM,7:52:44 PM,Menangle,NSW,6,185146340,R6 1609m Pace M,185146341,Harness,1609,Pace,26994008,6,Eye Can Run,LOSER,20.19,LOSER,,221.31,28,13,20,17.81,237.27,780,15,720,29.87,75.86,,4.1,2.78,3.35,3.24,1058.62,14.5,17,1.03,0.98
10/07/2021,7:52:00 PM,7:52:44 PM,Menangle,NSW,6,185146340,R6 1609m Pace M,185146341,Harness,1609,Pace,16723083,7,Ideal Fantasy,LOSER,215.5,LOSER,,27.84,230,55,220,140.23,46.74,940,340,940,609.64,1.57,,24,19,24,23.96,1.67,110,130,1.03,0.98
10/07/2021,7:52:00 PM,7:52:44 PM,Menangle,NSW,6,185146340,R6 1609m Pace M,185146341,Harness,1609,Pace,18953333,8,Pay Me Overs,LOSER,206.04,WINNER,,20.71,260,75,210,176.45,31.8,960,640,960,793.85,1.62,,32,32,32,32,1.24,220,240,1.03,0.98
10/07/2021,8:23:00 PM,8:24:19 PM,Menangle,NSW,7,185146342,R7 1609m Trot M,185146343,Harness,1609,Trot,5622137,2,Strong Desire,LOSER,298.31,LOSER,,22.76,290,80,200,163.61,39.64,950,200,790,336.6,14.49,,10.5,9.8,10.5,10.45,10.2,170,260,1.03,0.98
10/07/2021,8:23:00 PM,8:24:19 PM,Menangle,NSW,7,185146342,R7 1609m Trot M,185146343,Harness,1609,Trot,40119266,5,Come On Gino,LOSER,391.2,LOSER,,10.86,400,110,260,216.28,47.85,1000,390,860,742.67,2.75,,12.5,12.5,12.5,12.5,0.2,180,230,1.03,0.98
10/07/2021,8:23:00 PM,8:24:19 PM,Menangle,NSW,7,185146342,R7 1609m Trot M,185146343,Harness,1609,Trot,318638,6,Gunner,LOSER,75,LOSER,,31.29,110,40,70,65.08,86.48,930,95,930,243.89,4.01,,4.1,4.1,4.1,4.1,0.2,80,110,1.03,0.98
10/07/2021,8:23:00 PM,8:24:19 PM,Menangle,NSW,7,185146342,R7 1609m Trot M,185146343,Harness,1609,Trot,27152399,7,Sally Em,LOSER,38.71,LOSER,,108.35,85,32,48,53.98,125.67,930,19.5,590,46.25,32.4,,5.2,4.1,4.3,4.49,202.11,65,75,1.03,0.98
10/07/2021,8:23:00 PM,8:24:19 PM,Menangle,NSW,7,185146342,R7 1609m Trot M,185146343,Harness,1609,Trot,35727284,8,Orlando Storm,LOSER,56.31,LOSER,,58.32,110,32,80,54.55,86.56,720,44,720,224.66,4.57,,,,,,,60,70,1.03,0.98
10/07/2021,8:23:00 PM,8:24:19 PM,Menangle,NSW,7,185146342,R7 1609m Trot M,185146343,Harness,1609,Trot,25633486,9,Sobomba,LOSER,4.2,WINNER,,628.76,7.8,4.1,4.1,4.96,2608.11,870,2.44,870,4.17,538.39,,1.52,1.31,1.52,1.37,1119.43,4.9,5.1,1.03,0.98
10/07/2021,8:23:00 PM,8:24:19 PM,Menangle,NSW,7,185146342,R7 1609m Trot M,185146343,Harness,1609,Trot,40119264,10,Royal Glenferrie,LOSER,1.8,WINNER,,2103.8,2.5,1.55,1.8,1.7,15886.37,140,1.43,65,2.11,1701.94,,1.34,1.08,1.12,1.13,1578.83,1.61,1.64,1.03,0.98
10/07/2021,8:23:00 PM,8:24:19 PM,Menangle,NSW,7,185146342,R7 1609m Trot M,185146343,Harness,1609,Trot,27751285,11,Araignee Flair,WINNER,31.5,WINNER,,106.17,36,7.6,36,23.77,527.72,75,1.01,1.01,1.79,1783.27,,4.6,3.65,3.7,3.7,10.09,25,30,1.03,0.98
10/07/2021,8:23:00 PM,8:24:19 PM,Menangle,NSW,7,185146342,R7 1609m Trot M,185146343,Harness,1609,Trot,40119265,12,Sunny Gee,LOSER,8.74,LOSER,,440.11,11.5,7.4,9.8,9.2,1428.59,720,5.6,290,13.96,159.8,,2.2,1.81,1.9,1.88,30.25,9.4,10.5,1.03,0.98
10/07/2021,8:52:00 PM,8:56:00 PM,Menangle,NSW,8,185146344,R8 1609m Trot M,185146345,Harness,1609,Trot,39611329,1,Charlie The Great,LOSER,91.27,LOSER,,107.06,400,65,80,118.92,215.03,720,85,140,97.38,7.19,,16,8.6,8.6,11.84,73.67,160,200,1.03,0.97
10/07/2021,8:52:00 PM,8:56:00 PM,Menangle,NSW,8,185146344,R8 1609m Trot M,185146345,Harness,1609,Trot,39820900,2,Crookwell Eyes,LOSER,373.36,LOSER,,48.67,500,85,330,195.4,74.99,850,330,850,420.48,4.03,,19,10.5,11,15.22,79.65,170,180,1.03,0.97
10/07/2021,8:52:00 PM,8:56:00 PM,Menangle,NSW,8,185146344,R8 1609m Trot M,185146345,Harness,1609,Trot,40119267,3,Onawingandaprayer,LOSER,479.53,LOSER,,41.08,640,75,390,239.04,61.01,780,95,120,214.85,11.07,,26,13.5,13.5,16.11,34.81,230,370,1.03,0.97
10/07/2021,8:52:00 PM,8:56:00 PM,Menangle,NSW,8,185146344,R8 1609m Trot M,185146345,Harness,1609,Trot,40119268,4,Van Doren,LOSER,81.96,LOSER,,83,380,40,60,103.23,194.56,720,75,140,87.29,7.76,,13,7.6,7.6,9.66,84.39,120,150,1.03,0.97
10/07/2021,8:52:00 PM,8:56:00 PM,Menangle,NSW,8,185146344,R8 1609m Trot M,185146345,Harness,1609,Trot,40119269,5,Lettuce Trot,WINNER,2.58,WINNER,,2107.23,2.82,1.89,2.54,2.33,13216.75,2.6,1.01,1.01,1.19,6471.44,,1.86,1.11,1.2,1.31,2420.26,2.12,2.2,1.03,0.97
10/07/2021,8:52:00 PM,8:56:00 PM,Menangle,NSW,8,185146344,R8 1609m Trot M,185146345,Harness,1609,Trot,5960569,6,Tough Love,LOSER,1.82,WINNER,,1977.07,2.38,1.64,1.73,1.83,30447.01,720,1.81,110,10.6,358.88,,1.21,1.03,1.12,1.1,2383.05,1.9,2.02,1.03,0.97
10/07/2021,8:52:00 PM,8:56:00 PM,Menangle,NSW,8,185146344,R8 1609m Trot M,185146345,Harness,1609,Trot,40119270,7,Jungle Eyes,LOSER,364.52,LOSER,,43.74,590,90,280,252.8,63.06,950,280,950,386.76,7.01,,25,14,14,17.61,31.92,200,340,1.03,0.97
10/07/2021,9:23:00 PM,9:23:56 PM,Menangle,NSW,9,185146346,R9 1609m Trot M,185146347,Harness,1609,Trot,28430499,1,Papela,LOSER,95,LOSER,,63.13,360,36,85,121.02,69.34,1000,200,1000,442.45,0.76,,12,12,12,12,0.39,100,150,1.02,0.97
10/07/2021,9:23:00 PM,9:23:56 PM,Menangle,NSW,9,185146346,R9 1609m Trot M,185146347,Harness,1609,Trot,40119271,2,Regency,LOSER,26.25,LOSER,,140.2,50,15.5,24,24.05,167.33,1000,30,1000,151.66,52.33,,6.4,2.98,4.8,4.92,15.72,21,29,1.02,0.97
10/07/2021,9:23:00 PM,9:23:56 PM,Menangle,NSW,9,185146346,R9 1609m Trot M,185146347,Harness,1609,Trot,28261039,3,Affaire De Cover,WINNER,4.3,WINNER,,1034.31,5.7,2.82,4.5,3.79,3043.78,7.4,1.01,1.09,1.36,1679.87,,1.43,1.29,1.35,1.33,1796.61,3.5,3.7,1.02,0.97
10/07/2021,9:23:00 PM,9:23:56 PM,Menangle,NSW,9,185146346,R9 1609m Trot M,185146347,Harness,1609,Trot,36513857,4,On Advice,LOSER,1.52,WINNER,,2445.21,1.92,1.27,1.5,1.53,20308.08,110,1.09,110,1.51,1811.79,,1.24,1.08,1.21,1.15,763.83,1.57,1.58,1.02,0.97
10/07/2021,9:23:00 PM,9:23:56 PM,Menangle,NSW,9,185146346,R9 1609m Trot M,185146347,Harness,1609,Trot,29251974,5,Imperial Poet,LOSER,19.87,LOSER,,247.91,330,15.5,19.5,22.37,586.1,950,11,950,63.3,13.19,,6.2,5.7,5.7,5.97,30.8,25,42,1.02,0.97
10/07/2021,8:20:00 PM,8:20:39 PM,Narrogin,WA,1,185146803,R1 2242m Pace M,185146804,Harness,2242,Pace,28737190,1,Moolah Magnet,LOSER,20,WINNER,2.33,129.63,21,11,20,14.1,434.79,65,6.8,44,17.2,119.61,578.87,2.6,2.24,2.34,2.3,435.23,12.5,15.5,1.04,0.95
10/07/2021,8:20:00 PM,8:20:39 PM,Narrogin,WA,1,185146803,R1 2242m Pace M,185146804,Harness,2242,Pace,40119249,2,Wait For The Bell,LOSER,1.83,WINNER,1.27,2400.15,2.86,1.7,1.82,2.07,8336.34,720,1.71,720,5.23,516.86,1053.41,1.33,1.22,1.28,1.26,576.57,1.92,1.98,1.04,0.95
10/07/2021,8:20:00 PM,8:20:39 PM,Narrogin,WA,1,185146803,R1 2242m Pace M,185146804,Harness,2242,Pace,39387722,4,Navajo Trailblazer,LOSER,298.05,LOSER,10.89,47.98,330,85,330,154.5,49.2,720,120,720,362.42,2.97,65.14,15.5,6.6,9.8,8.3,37.7,140,290,1.04,0.95
10/07/2021,8:20:00 PM,8:20:39 PM,Narrogin,WA,1,185146803,R1 2242m Pace M,185146804,Harness,2242,Pace,40119250,5,Gypsy Dragon,WINNER,3.88,WINNER,1.36,684.39,4.4,2.04,3.75,3.15,2487.02,4.4,1.02,1.05,1.82,5510.17,742.89,1.4,1.18,1.37,1.31,628.15,3.65,4.4,1.04,0.95
10/07/2021,8:20:00 PM,8:20:39 PM,Narrogin,WA,1,185146803,R1 2242m Pace M,185146804,Harness,2242,Pace,1356842,6,Observation,LOSER,50,LOSER,7.6,63.83,95,42,55,64.93,58.66,720,32,720,92.52,17.84,48.38,8,5.6,6.4,6.44,47.72,65,70,1.04,0.95
10/07/2021,8:20:00 PM,8:20:39 PM,Narrogin,WA,1,185146803,R1 2242m Pace M,185146804,Harness,2242,Pace,28467070,7,Bettor Be Artful,LOSER,14.66,LOSER,2.14,184.3,15,8.6,14,10.96,529.64,720,5,490,11.65,190.64,258.66,2.76,2.06,2.16,2.13,202.7,11.5,12,1.04,0.95
10/07/2021,8:20:00 PM,8:20:39 PM,Narrogin,WA,1,185146803,R1 2242m Pace M,185146804,Harness,2242,Pace,36864525,8,Petrafied,LOSER,23.03,LOSER,3.05,161.16,26,14.5,25,18.51,341.22,720,7,230,36.59,76.77,251.11,3.95,2.62,3.05,2.93,175.37,17,19.5,1.04,0.95
10/07/2021,8:55:00 PM,8:55:52 PM,Narrogin,WA,2,185146805,R2 2242m Pace M,185146806,Harness,2242,Pace,39679021,1,Justlike Turbo,LOSER,5.2,WINNER,1.37,454.03,10.5,3.9,5.2,4.47,1030.39,720,3.55,490,14.08,57.89,1263.64,1.44,1.32,1.32,1.34,269.44,4.2,5.1,1.09,1
10/07/2021,8:55:00 PM,8:55:52 PM,Narrogin,WA,2,185146805,R2 2242m Pace M,185146806,Harness,2242,Pace,38139019,2,Ima Rockabilly Rebel,WINNER,1.69,WINNER,1.1,2078.97,2.22,1.47,1.6,1.65,4308.53,1.99,1.01,1.01,1.21,2537.93,,1.29,1.11,1.11,1.14,126.47,1.66,1.67,1.09,1
10/07/2021,8:55:00 PM,8:55:52 PM,Narrogin,WA,2,185146805,R2 2242m Pace M,185146806,Harness,2242,Pace,12827901,3,Wilkins Medinahall,LOSER,250,LOSER,16.5,13.21,300,130,250,215.57,1.24,780,250,780,260.97,3.29,113.26,,,,,,130,250,1.09,1
10/07/2021,8:55:00 PM,8:55:52 PM,Narrogin,WA,2,185146805,R2 2242m Pace M,185146806,Harness,2242,Pace,27639551,4,Classy Colby,LOSER,101.2,LOSER,7.7,55.25,290,75,90,161.29,4.52,940,140,940,377.14,7.55,246.42,11.5,8.8,11.5,9.84,4.63,75,90,1.09,1
10/07/2021,8:55:00 PM,8:55:52 PM,Narrogin,WA,2,185146805,R2 2242m Pace M,185146806,Harness,2242,Pace,27483260,5,Stormyskyes,LOSER,65.19,LOSER,6.35,80.14,110,34,60,50.74,16.39,720,60,720,114.63,6.63,276.53,4.1,4.1,4.1,4.1,1.07,34,55,1.09,1
10/07/2021,8:55:00 PM,8:55:52 PM,Narrogin,WA,2,185146805,R2 2242m Pace M,185146806,Harness,2242,Pace,14064452,6,Fortunate Adda,LOSER,590,LOSER,48,8.25,540,180,400,322.26,9.67,720,590,720,668,0.1,39.5,,,,,,220,400,1.09,1
10/07/2021,8:55:00 PM,8:55:52 PM,Narrogin,WA,2,185146805,R2 2242m Pace M,185146806,Harness,2242,Pace,23922265,7,Leosabi,LOSER,8,WINNER,1.49,359.29,9,4.5,8,6.84,309.54,720,2.56,490,12.19,69.45,1405.78,1.72,1.48,1.49,1.5,43.1,6.8,7.2,1.09,1
10/07/2021,8:55:00 PM,8:55:52 PM,Narrogin,WA,2,185146805,R2 2242m Pace M,185146806,Harness,2242,Pace,37467871,8,Kiwi Jewel,LOSER,34.06,LOSER,4.62,66.12,80,22,44,30.68,36.86,140,48,140,78.47,13.8,352.48,3.55,3.55,3.55,3.55,6.28,26,44,1.09,1
10/07/2021,8:55:00 PM,8:55:52 PM,Narrogin,WA,2,185146805,R2 2242m Pace M,185146806,Harness,2242,Pace,19866078,9,Girlfromdandalup,LOSER,427.58,LOSER,25,10.81,430,160,360,273.08,10.86,720,720,720,720,0.06,58.98,,,,,,170,360,1.09,1
10/07/2021,9:24:00 PM,9:24:33 PM,Narrogin,WA,3,185146807,R3 2242m Pace M,185146808,Harness,2242,Pace,40119251,1,Alta Camino,LOSER,61.95,WINNER,1.78,67.24,70,17,55,54.42,42.3,360,18,280,76.63,9.75,1003.36,2.2,1.75,1.75,1.87,993.7,55,60,1.03,0.99
10/07/2021,9:24:00 PM,9:24:33 PM,Narrogin,WA,3,185146807,R3 2242m Pace M,185146808,Harness,2242,Pace,40119252,2,Bells Fool,LOSER,312.02,LOSER,11.1,12.9,530,95,530,319.12,2.91,990,70,990,685.32,0.57,145.34,,,,,,230,520,1.03,0.99
10/07/2021,9:24:00 PM,9:24:33 PM,Narrogin,WA,3,185146807,R3 2242m Pace M,185146808,Harness,2242,Pace,5478724,3,Machnificent,WINNER,1.12,WINNER,1.03,4992.94,1.6,1.12,1.13,1.15,17222.73,1.48,1.01,1.01,1.04,3754.84,,1.91,1.02,1.02,1.04,3039.76,1.12,1.13,1.03,0.99
10/07/2021,9:24:00 PM,9:24:33 PM,Narrogin,WA,3,185146807,R3 2242m Pace M,185146808,Harness,2242,Pace,27274266,4,Sanford Harry,LOSER,729.87,LOSER,15.5,3.02,910,220,230,480.62,6.06,1000,470,1000,731.94,2.09,122.38,,,,,,230,470,1.03,0.99
10/07/2021,9:24:00 PM,9:24:33 PM,Narrogin,WA,3,185146807,R3 2242m Pace M,185146808,Harness,2242,Pace,8471832,5,Just A Legend,LOSER,988.1,LOSER,14,11.69,990,270,270,595.89,9.24,1000,980,1000,988.12,11.81,119.92,,,,,,260,980,1.03,0.99
10/07/2021,9:24:00 PM,9:24:33 PM,Narrogin,WA,3,185146807,R3 2242m Pace M,185146808,Harness,2242,Pace,37017036,6,Mister Mach,LOSER,62.03,LOSER,2.7,68.62,70,20,55,44.63,41.39,930,18.5,930,138.73,19.04,589.26,3.2,2.34,2.34,2.4,15.52,44,55,1.03,0.99
10/07/2021,9:24:00 PM,9:24:33 PM,Narrogin,WA,3,185146807,R3 2242m Pace M,185146808,Harness,2242,Pace,39242065,7,Rockin Rufus,LOSER,14.5,WINNER,1.32,318.68,16,4.8,15,12.68,168.98,170,5.2,110,35.02,21.4,1434.88,1.46,1.32,1.33,1.36,186.31,13.5,17,1.03,0.99
10/07/2021,9:24:00 PM,9:24:33 PM,Narrogin,WA,3,185146807,R3 2242m Pace M,185146808,Harness,2242,Pace,22566831,8,Elsu You,LOSER,246.73,LOSER,6.1,10.55,490,110,140,222.28,16.3,850,110,720,451.19,3,246.06,5.7,4.7,4.7,5.21,8,190,360,1.03,0.99
10/07/2021,9:49:00 PM,9:49:22 PM,Narrogin,WA,4,185146809,R4 2242m Pace M,185146810,Harness,2242,Pace,40119253,1,Whoz This,LOSER,52.84,LOSER,10,115.19,130,55,130,97.21,50.9,950,36,950,74.96,9.45,161.35,8.4,5,8,5.57,349.06,80,130,1.02,0.97
10/07/2021,9:49:00 PM,9:49:22 PM,Narrogin,WA,4,185146809,R4 2242m Pace M,185146810,Harness,2242,Pace,28286721,2,Party Boy Freddy,LOSER,92.63,WINNER,18.99,45.42,230,100,220,134.9,30.4,720,85,720,110.01,10.4,82.85,15,15,15,15,0.13,130,200,1.02,0.97
10/07/2021,9:49:00 PM,9:49:22 PM,Narrogin,WA,4,185146809,R4 2242m Pace M,185146810,Harness,2242,Pace,27350290,3,Just A Smile,LOSER,24.97,LOSER,4,239.46,70,20,26,28.08,242.28,170,11,170,27.18,27.8,392.84,,,,,,22,26,1.02,0.97
10/07/2021,9:49:00 PM,9:49:22 PM,Narrogin,WA,4,185146809,R4 2242m Pace M,185146810,Harness,2242,Pace,39610841,4,The Monies On,WINNER,1.9,WINNER,1.22,2013.29,2.42,1.83,1.89,1.99,6597.29,2,1.01,1.02,1.39,3367.13,939.88,1.52,1.13,1.21,1.19,3670.09,1.96,1.98,1.02,0.97
10/07/2021,9:49:00 PM,9:49:22 PM,Narrogin,WA,4,185146809,R4 2242m Pace M,185146810,Harness,2242,Pace,22656212,5,Innocent Oscar,LOSER,170.48,LOSER,34.31,50.52,360,110,360,230.14,9.91,720,100,720,185.42,11.98,58.35,,,,,,220,300,1.02,0.97
10/07/2021,9:49:00 PM,9:49:22 PM,Narrogin,WA,4,185146809,R4 2242m Pace M,185146810,Harness,2242,Pace,28310950,6,Hes Thunder,LOSER,30.23,WINNER,5.23,147.64,95,25,36,33.78,327.55,920,48,920,224.98,14.76,306.07,4.4,4.2,4.3,4.27,229.83,38,42,1.02,0.97
10/07/2021,9:49:00 PM,9:49:22 PM,Narrogin,WA,4,185146809,R4 2242m Pace M,185146810,Harness,2242,Pace,40119254,7,Bettor Move Along,LOSER,9,LOSER,1.76,503.59,19,7.8,10,9.17,1084.02,110,5.2,110,14.77,58.57,968.24,2.02,1.78,1.79,1.81,522.95,9.6,10,1.02,0.97
10/07/2021,9:49:00 PM,9:49:22 PM,Narrogin,WA,4,185146809,R4 2242m Pace M,185146810,Harness,2242,Pace,39978384,8,Star Of Madonna,LOSER,3.75,LOSER,1.47,1010.16,3.9,2.84,3.75,3.43,1411.43,140,3.6,140,9.85,108.13,613.43,1.54,1.27,1.54,1.38,737.22,3.5,3.75,1.02,0.97
10/07/2021,9:49:00 PM,9:49:22 PM,Narrogin,WA,4,185146809,R4 2242m Pace M,185146810,Harness,2242,Pace,40119255,9,Batavia Streamline,LOSER,48.29,LOSER,7.32,174.17,95,38,95,64.52,69.99,930,14,930,76.38,58.77,261.76,6,5.6,5.6,5.77,8.7,65,70,1.02,0.97
10/07/2021,9:49:00 PM,9:49:22 PM,Narrogin,WA,4,185146809,R4 2242m Pace M,185146810,Harness,2242,Pace,39387731,10,Kay Jay Ar,LOSER,110,LOSER,20,46.41,290,85,170,157.36,34.38,240,100,240,174.14,2.86,94.88,,,,,,160,170,1.02,0.97
10/07/2021,10:14:00 PM,10:15:06 PM,Narrogin,WA,5,185146811,R5 2242m Pace M,185146812,Harness,2242,Pace,23278473,1,See Ya Write,WINNER,1.21,WINNER,1.24,4029.77,1.48,1.17,1.19,1.21,20826.85,1.23,1.01,1.01,1.1,3412.93,1531.58,1.92,1.02,1.08,1.05,7533.54,1.21,1.22,1.01,0.98
10/07/2021,10:14:00 PM,10:15:06 PM,Narrogin,WA,5,185146811,R5 2242m Pace M,185146812,Harness,2242,Pace,17118828,2,Live Like A Royal,LOSER,321.11,LOSER,9.35,5.7,720,110,240,221.84,22.64,720,230,720,325.4,5.05,106.24,14.5,8.6,12,10.85,19.63,170,250,1.01,0.98
10/07/2021,10:14:00 PM,10:15:06 PM,Narrogin,WA,5,185146811,R5 2242m Pace M,185146812,Harness,2242,Pace,19647789,3,Perlee Gates,LOSER,55.55,LOSER,3.99,74.38,250,44,44,66.58,32.78,160,34,160,119.78,2.4,348.14,3.8,2.82,3.35,3.03,112.62,50,65,1.01,0.98
10/07/2021,10:14:00 PM,10:15:06 PM,Narrogin,WA,5,185146811,R5 2242m Pace M,185146812,Harness,2242,Pace,35372166,4,Nuclear Poker,LOSER,247.73,LOSER,9.95,42.75,220,85,140,140.45,46.64,780,140,780,262.96,2.37,189.62,12,11.5,11.5,11.68,5.49,140,150,1.01,0.98
10/07/2021,10:14:00 PM,10:15:06 PM,Narrogin,WA,5,185146811,R5 2242m Pace M,185146812,Harness,2242,Pace,6205290,5,Disco Spirit,LOSER,1000,LOSER,16.25,6.38,990,110,330,282.18,55.73,1000,400,990,856.88,5.76,20.36,17,16,17,16.47,3.9,250,530,1.01,0.98
10/07/2021,10:14:00 PM,10:15:06 PM,Narrogin,WA,5,185146811,R5 2242m Pace M,185146812,Harness,2242,Pace,11044627,6,Truleylucky,LOSER,248.45,LOSER,8.05,12.15,320,95,140,158.98,10.23,990,210,490,346.87,1.9,106.58,11.5,8.2,11.5,9.89,6.52,150,220,1.01,0.98
10/07/2021,10:14:00 PM,10:15:06 PM,Narrogin,WA,5,185146811,R5 2242m Pace M,185146812,Harness,2242,Pace,24810294,7,Whatabro,LOSER,10.79,WINNER,1.31,296.55,13,4.9,10,10.71,1291.95,720,10.5,140,16.79,32.45,1591.06,1.38,1.29,1.34,1.31,3114.52,10,10.5,1.01,0.98
10/07/2021,10:14:00 PM,10:15:06 PM,Narrogin,WA,5,185146811,R5 2242m Pace M,185146812,Harness,2242,Pace,23814209,8,Bee Jays Boy,LOSER,24,WINNER,1.72,272.92,27,9,27,24.25,73.6,65,12,50,30.02,16.66,532.9,1.67,1.48,1.5,1.55,1230.92,26,27,1.01,0.98
10/07/2021,10:40:00 PM,10:40:51 PM,Narrogin,WA,6,185146813,R6 2662m Pace M,185146814,Harness,2662,Pace,10125269,1,Dontch Remember,LOSER,200,LOSER,8.95,33.85,400,110,400,223.39,39.51,870,170,870,215.46,3.06,102.28,10,8.4,8.4,9.38,135.59,210,320,1.04,0.99
10/07/2021,10:40:00 PM,10:40:51 PM,Narrogin,WA,6,185146813,R6 2662m Pace M,185146814,Harness,2662,Pace,27614769,2,Rockinthebox,WINNER,1.99,WINNER,1.16,2773.69,4.6,1.58,1.98,2.22,7529.17,2.08,1.01,1.01,1.23,2492.5,1310.37,1.42,1.15,1.15,1.2,243.58,2.16,2.2,1.04,0.99
10/07/2021,10:40:00 PM,10:40:51 PM,Narrogin,WA,6,185146813,R6 2662m Pace M,185146814,Harness,2662,Pace,7406939,3,Seger,LOSER,42.44,LOSER,4.77,100.9,65,12.5,50,24.65,455.52,960,60,120,114,7.3,265.26,6.6,3.45,3.45,6.24,5.03,24,26,1.04,0.99
10/07/2021,10:40:00 PM,10:40:51 PM,Narrogin,WA,6,185146813,R6 2662m Pace M,185146814,Harness,2662,Pace,17344772,4,Allthewaytoroyalty,LOSER,50,LOSER,6.89,103.88,100,29,70,53.12,161.43,720,48,720,104.11,2.57,231.02,6.2,4,4.1,5.27,11.42,60,95,1.04,0.99
10/07/2021,10:40:00 PM,10:40:51 PM,Narrogin,WA,6,185146813,R6 2662m Pace M,185146814,Harness,2662,Pace,10147799,5,Eyes On The Money,LOSER,18.7,WINNER,2.45,250.53,16.5,6,13.5,9.36,1307.42,880,13.5,880,31.89,29.86,627.75,2.26,1.74,2.12,2.06,159.1,11.5,13,1.04,0.99
10/07/2021,10:40:00 PM,10:40:51 PM,Narrogin,WA,6,185146813,R6 2662m Pace M,185146814,Harness,2662,Pace,26325177,7,Riverina Flash,LOSER,2.84,WINNER,1.27,1966.79,5.3,1.79,2.88,2.62,9269.49,710,2.82,710,7.09,131.01,1326.5,1.49,1.25,1.26,1.27,477.46,2.76,2.82,1.04,0.99
10/07/2021,10:40:00 PM,10:40:51 PM,Narrogin,WA,6,185146813,R6 2662m Pace M,185146814,Harness,2662,Pace,21964807,8,Hilo Tyson,LOSER,74.44,LOSER,9.65,57.91,300,38,90,53.55,279.12,720,100,720,157.71,2.43,125.39,6.6,6.2,6.2,6.38,55.05,65,90,1.04,0.99
10/07/2021,10:40:00 PM,10:40:51 PM,Narrogin,WA,6,185146813,R6 2662m Pace M,185146814,Harness,2662,Pace,24706006,9,Seven Demerits,LOSER,34.22,LOSER,2.96,85.67,70,3.7,24,21.73,483.83,110,42,100,69.92,9.17,417.32,4.7,2.92,2.98,3.38,59.87,21,23,1.04,0.99
10/07/2021,11:00:00 PM,11:00:43 PM,Narrogin,WA,7,185146815,R7 1823m Pace M,185146816,Harness,1823,Pace,38697515,1,Batavia Jane,LOSER,3.87,LOSER,1.97,862.43,4.1,3.05,3.35,3.59,1632.84,710,2.3,710,9.55,196.82,602.09,2.16,1.9,1.9,1.91,51.67,3.7,4,1.06,0.96
10/07/2021,11:00:00 PM,11:00:43 PM,Narrogin,WA,7,185146815,R7 1823m Pace M,185146816,Harness,1823,Pace,27932669,2,Layla Bells,LOSER,150,LOSER,67.19,31.9,200,95,150,126.04,26.54,720,150,710,205.08,4.33,32.36,,,,,,100,150,1.06,0.96
10/07/2021,11:00:00 PM,11:00:43 PM,Narrogin,WA,7,185146815,R7 1823m Pace M,185146816,Harness,1823,Pace,39810909,3,Whitney Whitby,LOSER,43.8,LOSER,25.99,74.31,70,12.5,46,41.39,40.23,1000,12,1000,157.91,14.07,67.48,,,,,,44,65,1.06,0.96
10/07/2021,11:00:00 PM,11:00:43 PM,Narrogin,WA,7,185146815,R7 1823m Pace M,185146816,Harness,1823,Pace,40119256,4,Lady Jamar,LOSER,3.85,LOSER,1.99,927.07,5.3,3.2,3.5,3.63,1872.09,880,2.58,720,16.79,154.1,810.51,,,,,,3.55,3.95,1.06,0.96
10/07/2021,11:00:00 PM,11:00:43 PM,Narrogin,WA,7,185146815,R7 1823m Pace M,185146816,Harness,1823,Pace,22124690,5,Sanford Loretta,LOSER,11.5,WINNER,4.65,236.62,34,9.4,10,13.55,598.29,140,5,140,20.18,18.13,314.11,,,,,,11,12,1.06,0.96
10/07/2021,11:00:00 PM,11:00:43 PM,Narrogin,WA,7,185146815,R7 1823m Pace M,185146816,Harness,1823,Pace,40119257,6,Shes A Lucky Evie,LOSER,28.76,LOSER,16.6,98.5,42,21,24,25.88,71.6,910,3.75,910,67.69,36.6,109.28,,,,,,24,32,1.06,0.96
10/07/2021,11:00:00 PM,11:00:43 PM,Narrogin,WA,7,185146815,R7 1823m Pace M,185146816,Harness,1823,Pace,38031198,7,Go Widgie,WINNER,3.41,WINNER,1.7,903,4.3,2.76,3.4,3.04,1172.64,3.45,1.01,1.01,1.19,1515.93,1087.2,2,1.65,1.7,1.68,714.25,2.92,3.1,1.06,0.96
11/07/2021,10:40:00 AM,10:40:30 AM,Addington,NZ,1,185173732,R1 2600m Trot S,185173733,Harness,2600,Trot,39454124,1,Tinted Stuart,LOSER,,LOSER,,,34,27,30,28.36,6.48,,,,,,,,,,,,30,36,1.05,0.89
11/07/2021,10:40:00 AM,10:40:30 AM,Addington,NZ,1,185173732,R1 2600m Trot S,185173733,Harness,2600,Trot,40119298,2,Musclynn,LOSER,,LOSER,,,22,21,21,21.46,11.2,,,,,,,,,,,,22,34,1.05,0.89
11/07/2021,10:40:00 AM,10:40:30 AM,Addington,NZ,1,185173732,R1 2600m Trot S,185173733,Harness,2600,Trot,40119299,3,Galleons Devotion,LOSER,,WINNER,,,9.2,7.4,7.6,7.68,35.4,,,,,,,,,,,,7.8,9.2,1.05,0.89
11/07/2021,10:40:00 AM,10:40:30 AM,Addington,NZ,1,185173732,R1 2600m Trot S,185173733,Harness,2600,Trot,40119300,4,Repeat Pat,WINNER,,WINNER,,,4.5,3.45,3.8,3.82,727.83,,,,,,,,,,,,3.6,3.9,1.05,0.89
11/07/2021,10:40:00 AM,10:40:30 AM,Addington,NZ,1,185173732,R1 2600m Trot S,185173733,Harness,2600,Trot,40119301,5,Missy Nova,LOSER,,LOSER,,,32,28,30,30.02,5.83,,,,,,,,,,,,32,40,1.05,0.89
11/07/2021,10:40:00 AM,10:40:30 AM,Addington,NZ,1,185173732,R1 2600m Trot S,185173733,Harness,2600,Trot,39008335,6,Ginas Majesty,LOSER,,LOSER,,,42,38,38,39.66,1.61,,,,,,,,,,,,42,60,1.05,0.89
11/07/2021,10:40:00 AM,10:40:30 AM,Addington,NZ,1,185173732,R1 2600m Trot S,185173733,Harness,2600,Trot,40119302,7,Aldebaran Heather,LOSER,,LOSER,,,12,8.8,8.8,9.12,17.61,,,,,,,,,,,,8.8,11.5,1.05,0.89
11/07/2021,10:40:00 AM,10:40:30 AM,Addington,NZ,1,185173732,R1 2600m Trot S,185173733,Harness,2600,Trot,40119303,8,Instant Delight,LOSER,,WINNER,,,8,5,7.8,7,97.55,,,,,,,2.16,2.06,2.16,2.1,50,6.8,7.2,1.05,0.89
11/07/2021,10:40:00 AM,10:40:30 AM,Addington,NZ,1,185173732,R1 2600m Trot S,185173733,Harness,2600,Trot,27399286,9,See It Thru,LOSER,,LOSER,,,12.5,9.2,11,9.55,36.15,,,,,,,,,,,,11,13,1.05,0.89
11/07/2021,10:40:00 AM,10:40:30 AM,Addington,NZ,1,185173732,R1 2600m Trot S,185173733,Harness,2600,Trot,1116403,10,Night Watch,LOSER,,LOSER,,,300,65,300,189.68,0.79,,,,,,,,,,,,65,140,1.05,0.89
11/07/2021,10:40:00 AM,10:40:30 AM,Addington,NZ,1,185173732,R1 2600m Trot S,185173733,Harness,2600,Trot,38104693,11,Shiffty,LOSER,,LOSER,,,8.6,7.4,7.6,7.96,77.48,,,,,,,,,,,,7.6,8.8,1.05,0.89
11/07/2021,10:40:00 AM,10:40:30 AM,Addington,NZ,1,185173732,R1 2600m Trot S,185173733,Harness,2600,Trot,40119304,12,Moons Way,LOSER,,LOSER,,,70,65,70,68.33,0.37,,,,,,,,,,,,65,140,1.05,0.89
11/07/2021,11:05:00 AM,11:05:39 AM,Addington,NZ,2,185173734,R2 1980m Pace M,185173735,Harness,1980,Pace,40119305,1,Styx Sweetie,LOSER,,LOSER,,,42,22,36,25.24,7.02,,,,,,,,,,,,23,36,1.04,0.96
11/07/2021,11:05:00 AM,11:05:39 AM,Addington,NZ,2,185173734,R2 1980m Pace M,185173735,Harness,1980,Pace,39978514,2,Zia Bromac,LOSER,,LOSER,,,23,15.5,18.5,18.31,6.82,,,,,,,4,4,4,4,40,19.5,24,1.04,0.96
11/07/2021,11:05:00 AM,11:05:39 AM,Addington,NZ,2,185173734,R2 1980m Pace M,185173735,Harness,1980,Pace,40119306,3,Allabout Time,LOSER,,LOSER,,,27,19.5,24,21.57,5.76,,,,,,,15.5,15.5,15.5,15.5,0.67,20,27,1.04,0.96
11/07/2021,11:05:00 AM,11:05:39 AM,Addington,NZ,2,185173734,R2 1980m Pace M,185173735,Harness,1980,Pace,40119307,4,Sporty Celine,LOSER,,LOSER,,,22,13,13,15.67,57.83,,,,,,,3.1,3.1,3.1,3.1,40,18.5,21,1.04,0.96
11/07/2021,11:05:00 AM,11:05:39 AM,Addington,NZ,2,185173734,R2 1980m Pace M,185173735,Harness,1980,Pace,40119308,5,Evangalist,LOSER,,WINNER,,,2.14,1.4,1.43,1.48,2879.86,,,,,,,,,,,,1.43,1.46,1.04,0.96
11/07/2021,11:05:00 AM,11:05:39 AM,Addington,NZ,2,185173734,R2 1980m Pace M,185173735,Harness,1980,Pace,40119309,6,Keisha,WINNER,,WINNER,,,13.5,10.5,11.5,11.62,16.97,,,,,,,2.96,2.94,2.96,2.95,30,12.5,16,1.04,0.96
11/07/2021,11:05:00 AM,11:05:39 AM,Addington,NZ,2,185173734,R2 1980m Pace M,185173735,Harness,1980,Pace,40119310,7,Haiti Franco,LOSER,,LOSER,,,21,14.5,18,18.37,7.4,,,,,,,4.1,4.1,4.1,4.1,5,15,18,1.04,0.96
11/07/2021,11:30:00 AM,11:30:33 AM,Addington,NZ,3,185173736,R3 2000m Pace S,185173737,Harness,2000,Pace,40119311,1,Vesnina,LOSER,,LOSER,,,4.9,3.25,4,3.94,185.66,,,,,,,1.46,1.46,1.46,1.46,12.99,3.7,5,1.09,0.88
11/07/2021,11:30:00 AM,11:30:33 AM,Addington,NZ,3,185173736,R3 2000m Pace S,185173737,Harness,2000,Pace,39161426,2,Dont Write Me Off,LOSER,,WINNER,,,3.45,2.94,3.45,3.16,222.23,3.2,3.1,3.1,3.17,14.98,,1.34,1.32,1.32,1.33,50,3.2,3.5,1.09,0.88
11/07/2021,11:30:00 AM,11:30:33 AM,Addington,NZ,3,185173736,R3 2000m Pace S,185173737,Harness,2000,Pace,24916431,3,Megarock,LOSER,,LOSER,,,17,9.8,13,12.87,19.65,,,,,,,2.8,2.66,2.7,2.72,55,12.5,13,1.09,0.88
11/07/2021,11:30:00 AM,11:30:33 AM,Addington,NZ,3,185173736,R3 2000m Pace S,185173737,Harness,2000,Pace,27399208,4,Shes A Dagg,LOSER,,WINNER,,,16.5,13,15,14.19,2.02,,,,,,,,,,,,12.5,15,1.09,0.88
11/07/2021,11:30:00 AM,11:30:33 AM,Addington,NZ,3,185173736,R3 2000m Pace S,185173737,Harness,2000,Pace,39978509,6,Ashes Of Desire,WINNER,,WINNER,,,7,5,5.5,6.31,54.93,,,,,,,,,,,,5.5,5.9,1.09,0.88
11/07/2021,11:30:00 AM,11:30:33 AM,Addington,NZ,3,185173736,R3 2000m Pace S,185173737,Harness,2000,Pace,1110310,7,Kennedy,LOSER,,LOSER,,,48,20,48,21.58,45.95,,,,,,,,,,,,23,48,1.09,0.88
11/07/2021,11:30:00 AM,,Addington,NZ,3,185173736,R3 2000m Pace S,185173737,Harness,2000,Pace,26992728,8,Pink Flamingo Run,LOSER,,LOSER,,,,,,,,,,,,,,,,,,,,,,
11/07/2021,11:30:00 AM,11:30:33 AM,Addington,NZ,3,185173736,R3 2000m Pace S,185173737,Harness,2000,Pace,37451634,9,Penelope Bromac,LOSER,,LOSER,,,75,75,75,75,0.25,,,,,,,,,,,,75,300,1.09,0.88
11/07/2021,11:30:00 AM,11:30:33 AM,Addington,NZ,3,185173736,R3 2000m Pace S,185173737,Harness,2000,Pace,36864678,10,Kingsdown Atom,LOSER,,LOSER,,,40,19,40,20.16,29.17,,,,,,,,,,,,19.5,40,1.09,0.88
11/07/2021,11:30:00 AM,11:30:33 AM,Addington,NZ,3,185173736,R3 2000m Pace S,185173737,Harness,2000,Pace,6122787,11,Mr Asia,LOSER,,LOSER,,,100,100,100,100,0.02,,,,,,,,,,,,70,90,1.09,0.88
11/07/2021,11:30:00 AM,11:30:33 AM,Addington,NZ,3,185173736,R3 2000m Pace S,185173737,Harness,2000,Pace,38155412,12,Safe Zone,LOSER,,LOSER,,,24,24,24,24,0.25,,,,,,,,,,,,40,60,1.09,0.88
11/07/2021,11:55:00 AM,11:55:59 AM,Addington,NZ,4,185173738,R4 2600m Pace M,185173739,Harness,2600,Pace,40119313,1,Unchanged Memory,LOSER,,LOSER,,,13,9.2,9.6,10.51,92.5,,,,,,,2.64,2.64,2.64,2.64,2.57,9.4,10,1.17,0.96
11/07/2021,11:55:00 AM,11:55:59 AM,Addington,NZ,4,185173738,R4 2600m Pace M,185173739,Harness,2600,Pace,40119314,2,Rockin Va Va,LOSER,,WINNER,,,15,11,15,12.15,122.16,,,,,,,2.96,2.94,2.96,2.94,2.91,11,15,1.17,0.96
11/07/2021,11:55:00 AM,11:55:59 AM,Addington,NZ,4,185173738,R4 2600m Pace M,185173739,Harness,2600,Pace,35710045,3,Rosies Terror,LOSER,,LOSER,,,36,17,36,20.04,55.32,,,,,,,4.7,4,4.7,4.05,2.78,19.5,34,1.17,0.96
11/07/2021,11:55:00 AM,11:55:59 AM,Addington,NZ,4,185173738,R4 2600m Pace M,185173739,Harness,2600,Pace,35921186,5,Machs Eliminator,LOSER,,LOSER,,,7.2,5,6.6,5.95,556.39,,,,,,,2.76,2.34,2.34,2.37,71.35,5.3,5.5,1.17,0.96
11/07/2021,11:55:00 AM,11:55:59 AM,Addington,NZ,4,185173738,R4 2600m Pace M,185173739,Harness,2600,Pace,40119315,6,Corfu Bromac,LOSER,,LOSER,,,46,34,42,36.97,6.82,,,,,,,3.9,3.9,3.9,3.9,0.26,22,46,1.17,0.96
11/07/2021,11:55:00 AM,11:55:59 AM,Addington,NZ,4,185173738,R4 2600m Pace M,185173739,Harness,2600,Pace,40119316,7,Searing Light,LOSER,,LOSER,,,50,20,38,24.72,38.69,,,,,,,6.2,6.2,6.2,6.2,0.16,24,46,1.17,0.96
11/07/2021,11:55:00 AM,11:55:59 AM,Addington,NZ,4,185173738,R4 2600m Pace M,185173739,Harness,2600,Pace,12747733,8,Greenback Boogie,LOSER,,LOSER,,,10.5,7.6,10,8.37,359.07,,,,,,,3.9,3.1,3.1,3.44,0.64,7.6,9,1.17,0.96
11/07/2021,11:55:00 AM,11:55:59 AM,Addington,NZ,4,185173738,R4 2600m Pace M,185173739,Harness,2600,Pace,35372309,10,Justace,LOSER,,LOSER,,,16.5,9.2,15.5,14.66,5.65,,,,,,,,,,,,11.5,15.5,1.17,0.96
11/07/2021,11:55:00 AM,11:55:59 AM,Addington,NZ,4,185173738,R4 2600m Pace M,185173739,Harness,2600,Pace,39454776,11,Big Mama Morris,WINNER,,WINNER,,,6.6,5.2,5.2,5.88,1113.14,,,,,,,2.48,2.08,2.08,2.4,77.62,5.8,6.8,1.17,0.96
11/07/2021,11:55:00 AM,11:55:59 AM,Addington,NZ,4,185173738,R4 2600m Pace M,185173739,Harness,2600,Pace,6974873,12,Schiavone,LOSER,,LOSER,,,80,34,60,40.82,57.31,,,,,,,,,,,,42,46,1.17,0.96
11/07/2021,11:55:00 AM,11:55:59 AM,Addington,NZ,4,185173738,R4 2600m Pace M,185173739,Harness,2600,Pace,40119318,13,Rollyarrrz,LOSER,,WINNER,,,240,46,240,61.52,4.6,,,,,,,,,,,,70,240,1.17,0.96
11/07/2021,11:55:00 AM,11:55:59 AM,Addington,NZ,4,185173738,R4 2600m Pace M,185173739,Harness,2600,Pace,39887416,14,Adhara,LOSER,,LOSER,,,7.6,6.8,7.6,7.42,76.02,7,7,7,7,0.17,,3.05,2.56,2.56,2.63,5.78,6.8,7.4,1.17,0.96
11/07/2021,11:55:00 AM,11:55:59 AM,Addington,NZ,4,185173738,R4 2600m Pace M,185173739,Harness,2600,Pace,40119319,15,Lizzie Richter,LOSER,,LOSER,,,17,9.8,10.5,10.65,267.52,,,,,,,3.3,3.3,3.3,3.3,0.3,15,19.5,1.17,0.96
11/07/2021,12:25:00 PM,12:25:32 PM,Addington,NZ,5,185173740,R5 2600m Pace S,185173741,Harness,2600,Pace,1183213,1,Art Collector,LOSER,,LOSER,,,5.3,4.1,4.1,4.44,79.05,,,,,,,,,,,,4.1,4.5,1.06,0.85
11/07/2021,12:25:00 PM,,Addington,NZ,5,185173740,R5 2600m Pace S,185173741,Harness,2600,Pace,8226934,2,Take After Me,LOSER,,WINNER,,,,,,,,,,,,,,,,,,,,,,
11/07/2021,12:25:00 PM,,Addington,NZ,5,185173740,R5 2600m Pace S,185173741,Harness,2600,Pace,22043871,4,My Mate Ben,LOSER,,LOSER,,,,,,,,,,,,,,,,,,,,,,
11/07/2021,12:25:00 PM,12:25:32 PM,Addington,NZ,5,185173740,R5 2600m Pace S,185173741,Harness,2600,Pace,32825121,5,Magical Matty,LOSER,,WINNER,,,12.5,9.2,9.4,9.75,43.27,,,,,,,,,,,,10.5,12.5,1.06,0.85
11/07/2021,12:25:00 PM,,Addington,NZ,5,185173740,R5 2600m Pace S,185173741,Harness,2600,Pace,11373220,6,Donegal Carrickfin,LOSER,,LOSER,,,,,,,,,,,,,,,,,,,,,,
11/07/2021,12:25:00 PM,,Addington,NZ,5,185173740,R5 2600m Pace S,185173741,Harness,2600,Pace,6863270,7,Flamboyant,LOSER,,LOSER,,,,,,,,,,,,,,,,,,,,,,
11/07/2021,12:25:00 PM,12:25:32 PM,Addington,NZ,5,185173740,R5 2600m Pace S,185173741,Harness,2600,Pace,21429972,8,Eastwood Isabella,WINNER,,WINNER,,,3.3,2.82,3.25,3.09,72.75,,,,,,,,,,,,3.2,3.45,1.06,0.85
11/07/2021,12:25:00 PM,12:25:32 PM,Addington,NZ,5,185173740,R5 2600m Pace S,185173741,Harness,2600,Pace,12862905,9,Terrier,LOSER,,LOSER,,,11.5,9,11.5,9.74,50.31,,,,,,,,,,,,9.2,11.5,1.06,0.85
11/07/2021,12:25:00 PM,12:25:32 PM,Addington,NZ,5,185173740,R5 2600m Pace S,185173741,Harness,2600,Pace,8247540,10,Four Starzzz Shiraz,LOSER,,LOSER,,,34,14,14.5,15.47,11.8,,,,,,,,,,,,15,36,1.06,0.85
11/07/2021,12:25:00 PM,12:25:32 PM,Addington,NZ,5,185173740,R5 2600m Pace S,185173741,Harness,2600,Pace,17668230,11,Rake,LOSER,,LOSER,,,29,12,12,16.1,22.39,,,,,,,,,,,,12,15.5,1.06,0.85
11/07/2021,12:50:00 PM,12:50:41 PM,Addington,NZ,6,185173742,R6 2600m Trot S,185173743,Harness,2600,Trot,20031379,1,Tequila Sunset,LOSER,,WINNER,,,10,5.9,5.9,6.91,6.27,,,,,,,,,,,,5.9,10,1.11,0.82
11/07/2021,12:50:00 PM,12:50:41 PM,Addington,NZ,6,185173742,R6 2600m Trot S,185173743,Harness,2600,Trot,19750734,2,Unique Rose,LOSER,,LOSER,,,20,10.5,15,11.77,36.7,,,,,,,,,,,,12,15,1.11,0.82
11/07/2021,12:50:00 PM,12:50:41 PM,Addington,NZ,6,185173742,R6 2600m Trot S,185173743,Harness,2600,Trot,22119936,3,Thats The Story,WINNER,,WINNER,,,4.9,3.85,3.85,4.17,206.01,,,,,,,1.56,1.55,1.55,1.55,46,3.95,4.2,1.11,0.82
11/07/2021,12:50:00 PM,12:50:41 PM,Addington,NZ,6,185173742,R6 2600m Trot S,185173743,Harness,2600,Trot,36758231,5,Greenbank Betty,LOSER,,LOSER,,,32,14.5,32,16.62,11.03,,,,,,,,,,,,15.5,32,1.11,0.82
11/07/2021,12:50:00 PM,12:50:41 PM,Addington,NZ,6,185173742,R6 2600m Trot S,185173743,Harness,2600,Trot,27758091,6,Zsahara,LOSER,,LOSER,,,40,30,38,34.78,9.85,,,,,,,,,,,,36,60,1.11,0.82
11/07/2021,12:50:00 PM,12:50:41 PM,Addington,NZ,6,185173742,R6 2600m Trot S,185173743,Harness,2600,Trot,6436855,7,Beyond The Horizon,LOSER,,LOSER,,,5.9,4.9,5,5.12,28.25,,,,,,,,,,,,4.9,5.9,1.11,0.82
11/07/2021,12:50:00 PM,12:50:41 PM,Addington,NZ,6,185173742,R6 2600m Trot S,185173743,Harness,2600,Trot,36834308,8,Tres Magnifique,LOSER,,WINNER,,,55,46,55,50.14,5,,,,,,,,,,,,46,60,1.11,0.82
11/07/2021,12:50:00 PM,,Addington,NZ,6,185173742,R6 2600m Trot S,185173743,Harness,2600,Trot,23795404,9,Dreamsinthe Mist,LOSER,,LOSER,,,,,,,,,,,,,,,,,,,,,,
11/07/2021,12:50:00 PM,,Addington,NZ,6,185173742,R6 2600m Trot S,185173743,Harness,2600,Trot,10089769,10,South Park,LOSER,,LOSER,,,,,,,,,,,,,,,,,,,,,,
11/07/2021,12:50:00 PM,12:50:41 PM,Addington,NZ,6,185173742,R6 2600m Trot S,185173743,Harness,2600,Trot,25000236,12,Listen Easy,LOSER,,LOSER,,,24,22,23,22.93,6.14,,,,,,,,,,,,24,38,1.11,0.82
11/07/2021,12:50:00 PM,12:50:41 PM,Addington,NZ,6,185173742,R6 2600m Trot S,185173743,Harness,2600,Trot,26505616,13,Faith No More,LOSER,,LOSER,,,9.8,6.6,9.8,7.88,10.65,,,,,,,2.42,2.42,2.42,2.42,5,7.6,9.8,1.11,0.82
11/07/2021,1:16:00 PM,1:16:46 PM,Addington,NZ,7,185173744,R7 1980m Pace M,185173745,Harness,1980,Pace,28230791,1,Wee Ring The Changes,LOSER,,LOSER,,,8.2,4.8,5.4,6.14,104.33,,,,,,,,,,,,4.9,8.2,1.17,0.81
11/07/2021,1:16:00 PM,1:16:46 PM,Addington,NZ,7,185173744,R7 1980m Pace M,185173745,Harness,1980,Pace,35818901,2,Auchtercairn,LOSER,,WINNER,,,25,11.5,21,13.08,6.2,,,,,,,,,,,,12.5,21,1.17,0.81
11/07/2021,1:16:00 PM,1:16:46 PM,Addington,NZ,7,185173744,R7 1980m Pace M,185173745,Harness,1980,Pace,36241748,3,Jenabella,LOSER,,LOSER,,,10.5,8.4,9,8.84,8.19,,,,,,,2.36,2.36,2.36,2.36,40,8.2,10.5,1.17,0.81
11/07/2021,1:16:00 PM,,Addington,NZ,7,185173744,R7 1980m Pace M,185173745,Harness,1980,Pace,13326186,4,Kansas City Jim,LOSER,,LOSER,,,,,,,,,,,,,,,,,,,,,,
11/07/2021,1:16:00 PM,1:16:46 PM,Addington,NZ,7,185173744,R7 1980m Pace M,185173745,Harness,1980,Pace,22675855,5,Markham Eyre,LOSER,,LOSER,,,6,3.75,4,4.9,546.04,,,,,,,,,,,,4,4.3,1.17,0.81
11/07/2021,1:16:00 PM,1:16:46 PM,Addington,NZ,7,185173744,R7 1980m Pace M,185173745,Harness,1980,Pace,7676106,6,Aveross Rustler,LOSER,,WINNER,,,18.5,17.5,18.5,17.89,15,,,,,,,,,,,,16.5,36,1.17,0.81
11/07/2021,1:16:00 PM,1:16:46 PM,Addington,NZ,7,185173744,R7 1980m Pace M,185173745,Harness,1980,Pace,15313690,7,Motoring Major,LOSER,,LOSER,,,65,42,46,52.92,5.89,,,,,,,,,,,,44,250,1.17,0.81
11/07/2021,1:16:00 PM,1:16:46 PM,Addington,NZ,7,185173744,R7 1980m Pace M,185173745,Harness,1980,Pace,17385677,8,Honour Scroll,LOSER,,LOSER,,,85,60,75,72.38,5.98,,,,,,,,,,,,60,150,1.17,0.81
11/07/2021,1:16:00 PM,1:16:46 PM,Addington,NZ,7,185173744,R7 1980m Pace M,185173745,Harness,1980,Pace,40119320,9,Edge Sheeran,LOSER,,LOSER,,,40,36,36,36.35,5,,,,,,,,,,,,29,65,1.17,0.81
11/07/2021,1:16:00 PM,1:16:46 PM,Addington,NZ,7,185173744,R7 1980m Pace M,185173745,Harness,1980,Pace,24783685,10,Honour Before Glory,LOSER,,LOSER,,,36,11,36,18.8,10.8,,,,,,,,,,,,10.5,20,1.17,0.81
11/07/2021,1:16:00 PM,,Addington,NZ,7,185173744,R7 1980m Pace M,185173745,Harness,1980,Pace,1081111,11,The Optimist,WINNER,,WINNER,,,,,,,,,,,,,,,,,,,,,,
11/07/2021,1:16:00 PM,1:16:46 PM,Addington,NZ,7,185173744,R7 1980m Pace M,185173745,Harness,1980,Pace,31199507,12,Its Me,LOSER,,LOSER,,,22,20,20,20.32,10,,,,,,,,,,,,22,46,1.17,0.81
11/07/2021,1:16:00 PM,1:16:46 PM,Addington,NZ,7,185173744,R7 1980m Pace M,185173745,Harness,1980,Pace,38407510,13,Bettor Beontoit,LOSER,,LOSER,,,6.4,5.4,6,5.93,20.5,6.4,6.4,6.4,6.4,1.75,,,,,,,5.4,6.4,1.17,0.81
11/07/2021,1:41:00 PM,1:41:36 PM,Addington,NZ,8,185173746,R8 1980m Pace M,185173747,Harness,1980,Pace,1513468,1,Fancy,LOSER,,WINNER,,,4.6,3.3,4,4,105.27,,,,,,,,,,,,4,4.6,1.12,0.89
11/07/2021,1:41:00 PM,,Addington,NZ,8,185173746,R8 1980m Pace M,185173747,Harness,1980,Pace,6854743,2,Alexy,LOSER,,LOSER,,,,,,,,,,,,,,,,,,,,,,
11/07/2021,1:41:00 PM,1:41:36 PM,Addington,NZ,8,185173746,R8 1980m Pace M,185173747,Harness,1980,Pace,37799390,3,Beeps,LOSER,,LOSER,,,27,20,27,20.26,7.59,,,,,,,,,,,,25,27,1.12,0.89
11/07/2021,1:41:00 PM,1:41:36 PM,Addington,NZ,8,185173746,R8 1980m Pace M,185173747,Harness,1980,Pace,28224194,4,Petes Dash,LOSER,,LOSER,,,46,46,46,46,0.29,,,,,,,,,,,,23,46,1.12,0.89
11/07/2021,1:41:00 PM,1:41:36 PM,Addington,NZ,8,185173746,R8 1980m Pace M,185173747,Harness,1980,Pace,37258825,5,Huego Bos,LOSER,,LOSER,,,70,65,70,65.68,4.29,,,,,,,,,,,,65,360,1.12,0.89
11/07/2021,1:41:00 PM,1:41:36 PM,Addington,NZ,8,185173746,R8 1980m Pace M,185173747,Harness,1980,Pace,16220863,6,Cha Cha B,WINNER,,WINNER,,,3.65,3.1,3.55,3.36,229.36,,,,,,,,,,,,3.1,3.4,1.12,0.89
11/07/2021,1:41:00 PM,,Addington,NZ,8,185173746,R8 1980m Pace M,185173747,Harness,1980,Pace,8337979,7,Evidently,LOSER,,LOSER,,,,,,,,,,,,,,,,,,,,,,
11/07/2021,1:41:00 PM,1:41:36 PM,Addington,NZ,8,185173746,R8 1980m Pace M,185173747,Harness,1980,Pace,8528664,8,Glenthorne,LOSER,,WINNER,,,12.5,10.5,11.5,11.53,55.06,,,,,,,,,,,,9.4,11.5,1.12,0.89
11/07/2021,1:41:00 PM,1:41:36 PM,Addington,NZ,8,185173746,R8 1980m Pace M,185173747,Harness,1980,Pace,36781848,10,The Naenae Express,LOSER,,LOSER,,,7.4,5.6,5.6,6.11,41.21,,,,,,,3.15,3.15,3.15,3.15,15,5.6,7.4,1.12,0.89
11/07/2021,1:41:00 PM,1:41:36 PM,Addington,NZ,8,185173746,R8 1980m Pace M,185173747,Harness,1980,Pace,1506747,11,Bolzano,LOSER,,LOSER,,,29,29,29,29,0.2,,,,,,,,,,,,29,55,1.12,0.89
11/07/2021,1:41:00 PM,1:41:36 PM,Addington,NZ,8,185173746,R8 1980m Pace M,185173747,Harness,1980,Pace,26872170,12,Ride In A Concorde,LOSER,,LOSER,,,15.5,10.5,15.5,11.07,8.38,,,,,,,,,,,,13.5,15.5,1.12,0.89
11/07/2021,5:57:00 PM,5:57:45 PM,Gloucester Park,WA,1,185201153,R1 2536m Pace M,185201154,Harness,2536,Pace,9211731,1,Disco Under Fire,LOSER,28,LOSER,3.63,269.91,34,12,24,19.33,1047.97,720,11,710,41.9,37.8,399.2,3.15,2.66,2.82,2.85,348.06,23,26,1.04,0.98
11/07/2021,5:57:00 PM,5:57:45 PM,Gloucester Park,WA,1,185201153,R1 2536m Pace M,185201154,Harness,2536,Pace,13549985,2,Allwoods Rocknroll,LOSER,430,LOSER,68.65,29.93,530,200,530,260.04,42.64,780,720,780,763.64,0.22,9.99,55,27,55,33.32,44.15,240,390,1.04,0.98
11/07/2021,5:57:00 PM,5:57:45 PM,Gloucester Park,WA,1,185201153,R1 2536m Pace M,185201154,Harness,2536,Pace,17567703,3,Bettor Be Oscar,LOSER,3.19,LOSER,1.3,1287.23,4.3,2.68,3.15,3,9544.21,720,1.9,120,2.69,1912.01,1046.42,1.43,1.23,1.25,1.29,1492.87,2.86,2.96,1.04,0.98
11/07/2021,5:57:00 PM,5:57:45 PM,Gloucester Park,WA,1,185201153,R1 2536m Pace M,185201154,Harness,2536,Pace,24796598,4,Rebel With A Grin,LOSER,132.77,LOSER,9.3,35.53,240,25,150,51.55,87.67,720,130,700,193.74,8.08,204.5,7.6,7.6,7.6,7.6,12.99,70,130,1.04,0.98
11/07/2021,5:57:00 PM,5:57:45 PM,Gloucester Park,WA,1,185201153,R1 2536m Pace M,185201154,Harness,2536,Pace,25521786,5,Jesse Allwood,WINNER,501.74,WINNER,403.29,41.75,450,100,450,216.24,69.87,720,1.01,1.01,2.01,3013.89,0.11,790,55,210,371.74,0.11,230,400,1.04,0.98
11/07/2021,5:57:00 PM,5:57:45 PM,Gloucester Park,WA,1,185201153,R1 2536m Pace M,185201154,Harness,2536,Pace,22929204,7,Tiffany Rose,LOSER,34.19,LOSER,3.8,184.15,60,27,29,36.7,421.9,720,22,720,65.88,54.31,331.77,7,4.3,4.4,4.74,504.5,38,42,1.04,0.98
11/07/2021,5:57:00 PM,5:57:45 PM,Gloucester Park,WA,1,185201153,R1 2536m Pace M,185201154,Harness,2536,Pace,28137139,9,Howard Hughes,LOSER,2.24,WINNER,1.23,1759.48,2.6,2.02,2.24,2.28,16848.12,490,1.14,100,5.46,1351.99,1005.47,1.26,1.17,1.26,1.24,612.54,2.2,2.28,1.04,0.98
11/07/2021,5:57:00 PM,5:57:45 PM,Gloucester Park,WA,1,185201153,R1 2536m Pace M,185201154,Harness,2536,Pace,25009595,10,Pocket The Cash,LOSER,7.38,WINNER,1.79,538.88,10,6.2,7,7.61,3029.49,720,2.1,120,10.23,152.2,346.49,2.08,1.72,1.72,1.82,102.23,8,8.6,1.04,0.98
11/07/2021,5:57:00 PM,5:57:45 PM,Gloucester Park,WA,1,185201153,R1 2536m Pace M,185201154,Harness,2536,Pace,10212065,11,The Black Cardinal,LOSER,86.65,LOSER,5.76,75.68,110,38,90,64.58,148.04,720,85,300,121.65,9.61,35.32,5.8,5.7,5.8,5.76,14.66,48,65,1.04,0.98
11/07/2021,6:32:00 PM,6:32:36 PM,Gloucester Park,WA,2,185201155,R2 2130m Pace M,185201156,Harness,2130,Pace,23243913,1,Bettor Copagoodone,LOSER,6.84,WINNER,1.9,1404.34,24,7.2,7.4,10.29,1359.39,720,1.8,720,6.04,657.46,1247.1,2.76,1.74,1.9,1.93,671.66,8.8,9,1.02,0.98
11/07/2021,6:32:00 PM,6:32:36 PM,Gloucester Park,WA,2,185201155,R2 2130m Pace M,185201156,Harness,2130,Pace,12670358,2,Tyler Brett,LOSER,2.56,LOSER,1.29,1263.5,3.8,2.14,2.44,2.31,6873.86,1000,2.52,1000,5.32,518.88,1151.8,1.33,1.21,1.27,1.25,843.05,2.24,2.3,1.02,0.98
11/07/2021,6:32:00 PM,6:32:36 PM,Gloucester Park,WA,2,185201155,R2 2130m Pace M,185201156,Harness,2130,Pace,12521411,3,Space Junk,LOSER,364.26,LOSER,24,49.19,380,160,350,287.95,20.38,720,350,720,390.75,8.98,15.93,22,17.5,22,17.59,2.04,260,350,1.02,0.98
11/07/2021,6:32:00 PM,6:32:36 PM,Gloucester Park,WA,2,185201155,R2 2130m Pace M,185201156,Harness,2130,Pace,19741855,4,Im Beta Than Gouda,LOSER,486.21,LOSER,32.57,33.58,390,190,390,336.75,35.31,1000,60,350,401.64,19.35,84.54,22,20,20,21.96,2.04,330,390,1.02,0.98
11/07/2021,6:32:00 PM,6:32:36 PM,Gloucester Park,WA,2,185201155,R2 2130m Pace M,185201156,Harness,2130,Pace,22189602,5,Walsh,LOSER,73.14,LOSER,9.4,153.8,280,46,55,96.17,161.41,720,28,300,82.44,25.01,9.53,12.5,9.4,11,11.39,15.2,140,210,1.02,0.98
11/07/2021,6:32:00 PM,6:32:36 PM,Gloucester Park,WA,2,185201155,R2 2130m Pace M,185201156,Harness,2130,Pace,23485100,6,Will I Rocknroll,LOSER,170,LOSER,15.89,38.82,290,85,160,145.49,44.91,890,50,890,169.72,12.06,95.15,12.5,10.5,11,12.46,3.08,150,170,1.02,0.98
11/07/2021,6:32:00 PM,6:32:36 PM,Gloucester Park,WA,2,185201155,R2 2130m Pace M,185201156,Harness,2130,Pace,18720555,7,Blue Blazer,WINNER,14,WINNER,3.22,571.45,46,14,15.5,19.48,550.14,50,1.01,1.01,1.97,1697.96,597.01,3.9,3.15,3.35,3.57,401.38,21,23,1.02,0.98
11/07/2021,6:32:00 PM,6:32:36 PM,Gloucester Park,WA,2,185201155,R2 2130m Pace M,185201156,Harness,2130,Pace,223939,8,Gambit,LOSER,3.5,WINNER,1.62,1371.9,3.6,1.68,3.55,2.86,7690.11,120,1.32,120,2.51,2268.72,1199.15,2,1.19,1.98,1.32,729.24,3.2,3.3,1.02,0.98
11/07/2021,6:32:00 PM,6:32:36 PM,Gloucester Park,WA,2,185201155,R2 2130m Pace M,185201156,Harness,2130,Pace,19636945,10,Bracken Sky,LOSER,10.99,LOSER,2.4,935.19,48,12,13,18.09,610.62,920,3,920,11.96,404.01,674.32,3.45,2.2,2.4,2.44,916.94,16,18,1.02,0.98
11/07/2021,6:32:00 PM,6:32:36 PM,Gloucester Park,WA,2,185201155,R2 2130m Pace M,185201156,Harness,2130,Pace,11984009,11,Thereugo,LOSER,47.39,LOSER,14.52,140.16,85,40,60,57.24,61.39,990,40,990,58.37,48.97,112.62,6.2,4.5,6.2,5.73,3.85,55,70,1.02,0.98
11/07/2021,7:08:00 PM,7:09:31 PM,Gloucester Park,WA,3,185201157,R3 2130m Pace M,185201158,Harness,2130,Pace,22054338,1,Euphoric Moment,LOSER,8.95,LOSER,2.39,831.17,24,8.2,9,10.48,2441.42,890,8,720,48.19,51.22,731.88,2.94,2.02,2.34,2.52,559.4,8.8,9.2,1.04,0.98
11/07/2021,7:08:00 PM,7:09:31 PM,Gloucester Park,WA,3,185201157,R3 2130m Pace M,185201158,Harness,2130,Pace,22360882,2,Mini Mine Yet,LOSER,11.99,LOSER,3.08,645.47,29,10.5,13.5,13.2,959.2,720,9,550,25.29,59.83,566.55,3.45,2.32,2.94,3.08,154.25,12.5,13.5,1.04,0.98
11/07/2021,7:08:00 PM,7:09:31 PM,Gloucester Park,WA,3,185201157,R3 2130m Pace M,185201158,Harness,2130,Pace,8387344,3,Sir Nicholas,LOSER,653.26,LOSER,83.6,54.11,680,160,610,277.98,14.58,840,330,840,662.95,3.74,28.86,85,21,85,47.22,9.79,340,570,1.04,0.98
11/07/2021,7:08:00 PM,7:09:31 PM,Gloucester Park,WA,3,185201157,R3 2130m Pace M,185201158,Harness,2130,Pace,12747055,4,Triroyale Brigade,LOSER,141.04,WINNER,16.5,50.31,220,42,220,117.02,59.43,720,8.4,720,24.16,169.57,86.14,16.5,14.5,16.5,14.75,25.28,140,150,1.04,0.98
11/07/2021,7:08:00 PM,7:09:31 PM,Gloucester Park,WA,3,185201157,R3 2130m Pace M,185201158,Harness,2130,Pace,1342453,5,The Kraken,LOSER,108.97,LOSER,10.2,84.54,130,60,120,84.92,78.43,950,50,950,350.72,2.71,98.73,11,6,9.4,9.19,130.42,80,100,1.04,0.98
11/07/2021,7:08:00 PM,7:09:31 PM,Gloucester Park,WA,3,185201157,R3 2130m Pace M,185201158,Harness,2130,Pace,22487606,6,Al Guerrero,LOSER,4.2,WINNER,1.66,1306.69,4.8,2.86,4.1,3.72,6122.03,880,2.02,180,6.56,917.73,598.29,1.81,1.57,1.69,1.63,387.76,3.55,3.85,1.04,0.98
11/07/2021,7:08:00 PM,7:09:31 PM,Gloucester Park,WA,3,185201157,R3 2130m Pace M,185201158,Harness,2130,Pace,16010568,7,Nota Bene Denario,LOSER,10.82,LOSER,2.63,889.18,21,10.5,11.5,12.41,1656.36,890,9.8,890,34.14,91.21,522.25,3.05,2.58,2.62,2.77,2413.97,13,14.5,1.04,0.98
11/07/2021,7:08:00 PM,7:09:31 PM,Gloucester Park,WA,3,185201157,R3 2130m Pace M,185201158,Harness,2130,Pace,33025806,8,Alta Blues,WINNER,2.52,WINNER,1.39,2657.98,2.76,2.06,2.52,2.44,16673.4,4.4,1.01,1.01,1.3,7404.43,1432.75,1.42,1.23,1.38,1.34,784.87,2.48,2.54,1.04,0.98
11/07/2021,7:08:00 PM,7:09:31 PM,Gloucester Park,WA,3,185201157,R3 2130m Pace M,185201158,Harness,2130,Pace,28290634,10,Blockjorg,LOSER,130,LOSER,9.23,85.82,190,85,130,138.62,78.47,840,100,830,228.2,5.57,116.77,14,9,10.5,10.74,137.6,110,120,1.04,0.98
11/07/2021,7:08:00 PM,7:09:31 PM,Gloucester Park,WA,3,185201157,R3 2130m Pace M,185201158,Harness,2130,Pace,23681671,11,Vespa,LOSER,13.66,LOSER,3.25,645.36,38,13,15.5,17.61,747.83,720,3.55,490,10.13,229.64,455.44,3.9,3.15,3.2,3.36,404.04,19,21,1.04,0.98
11/07/2021,7:35:00 PM,7:35:56 PM,Gloucester Park,WA,4,185201159,R4 2130m Pace M,185201160,Harness,2130,Pace,26766995,1,Bettor Get It On,LOSER,1.72,WINNER,1.14,5237.43,2.56,1.68,1.7,1.79,19907.7,720,1.6,720,2.12,5753.16,1968.53,1.18,1.13,1.14,1.15,624.65,1.8,1.89,1.04,0.97
11/07/2021,7:35:00 PM,7:35:56 PM,Gloucester Park,WA,4,185201159,R4 2130m Pace M,185201160,Harness,2130,Pace,39077118,2,Miss Limelight,LOSER,23,WINNER,2.92,192.29,23,12,22,15.6,859.22,720,3.1,490,12.75,128.16,635.39,3.25,2.56,2.8,2.77,49.66,16.5,18.5,1.04,0.97
11/07/2021,7:35:00 PM,7:35:56 PM,Gloucester Park,WA,4,185201159,R4 2130m Pace M,185201160,Harness,2130,Pace,28672122,3,Smooth Rye,LOSER,22.24,LOSER,3.82,417.41,32,17.5,27,23.21,511.57,720,2.06,720,24.46,336.81,346.76,3.65,3.65,3.65,3.65,5.57,20,24,1.04,0.97
11/07/2021,7:35:00 PM,7:35:56 PM,Gloucester Park,WA,4,185201159,R4 2130m Pace M,185201160,Harness,2130,Pace,12940367,4,Just Makemine Diamonds,LOSER,295.8,LOSER,501.35,52.69,360,65,350,179.89,39.58,890,80,720,384.87,1.36,0.07,240,70,240,177.69,0.05,200,260,1.04,0.97
11/07/2021,7:35:00 PM,7:35:56 PM,Gloucester Park,WA,4,185201159,R4 2130m Pace M,185201160,Harness,2130,Pace,11427520,5,Sagano,LOSER,8.79,LOSER,2.5,881.2,17.5,8.4,9.2,9.46,3438.49,720,2.6,480,8.72,878.02,543.33,2.62,2.22,2.48,2.48,691.2,9.4,9.8,1.04,0.97
11/07/2021,7:35:00 PM,7:35:56 PM,Gloucester Park,WA,4,185201159,R4 2130m Pace M,185201160,Harness,2130,Pace,12315091,6,Thejewelinhereye,LOSER,930,LOSER,72.81,42.05,940,210,930,462.41,34.75,1000,310,320,893.93,2.81,40.32,310,70,70,71.08,8.33,530,850,1.04,0.97
11/07/2021,7:35:00 PM,7:35:56 PM,Gloucester Park,WA,4,185201159,R4 2130m Pace M,185201160,Harness,2130,Pace,2536618,7,Radiant Amber,WINNER,80.04,WINNER,11.13,89.52,110,32,110,59.94,107.46,140,1.01,1.01,1.71,1663.91,149.41,14.5,9.8,14.5,11.05,0.15,50,70,1.04,0.97
11/07/2021,7:35:00 PM,7:35:56 PM,Gloucester Park,WA,4,185201159,R4 2130m Pace M,185201160,Harness,2130,Pace,36499963,10,Alice Kay,LOSER,5.39,LOSER,1.44,758.37,7,4.6,5.3,4.99,2828.29,720,3,720,9.48,195.44,1443.72,1.58,1.44,1.47,1.49,457.68,4.7,5,1.04,0.97
11/07/2021,7:35:00 PM,7:35:56 PM,Gloucester Park,WA,4,185201159,R4 2130m Pace M,185201160,Harness,2130,Pace,28646819,11,Star Of The Class,LOSER,206.91,LOSER,10.54,111.71,440,110,390,234.88,42.14,720,100,720,247.65,5.1,82.26,15.5,8.6,9.6,11.89,216.64,190,350,1.04,0.97
11/07/2021,7:35:00 PM,7:35:56 PM,Gloucester Park,WA,4,185201159,R4 2130m Pace M,185201160,Harness,2130,Pace,24465313,12,Bettor Pack It,LOSER,66.71,LOSER,4.53,92.73,65,38,65,50.3,121.16,720,9.8,180,13.54,245.34,366,5.5,4.4,5,5,296,40,60,1.04,0.97
11/07/2021,8:12:00 PM,8:13:07 PM,Gloucester Park,WA,5,185201161,R5 2130m Pace M,185201162,Harness,2130,Pace,40061816,1,Swingband,LOSER,4.8,LOSER,2.03,1232.59,7.4,3.55,4.8,5.14,6325.89,1000,4.6,930,29.37,784.19,827.3,2.2,1.95,1.97,1.99,618.8,5.5,5.9,1.04,0.97
11/07/2021,8:12:00 PM,8:13:07 PM,Gloucester Park,WA,5,185201161,R5 2130m Pace M,185201162,Harness,2130,Pace,40112182,2,Tricky Miki,WINNER,14.85,WINNER,2.54,540.88,15,5.5,14,8.59,1799.78,50,1.01,1.01,1.49,4108.32,431.84,2.62,2.1,2.58,2.34,319.49,7.4,8.2,1.04,0.97
11/07/2021,8:12:00 PM,8:13:07 PM,Gloucester Park,WA,5,185201161,R5 2130m Pace M,185201162,Harness,2130,Pace,38484321,3,Whataretheodds,LOSER,8.7,WINNER,2.34,734.02,9.4,7,8.2,7.74,2203.43,480,1.49,100,3.94,1216.88,847.57,2.64,2.36,2.64,2.55,0.74,7.4,7.6,1.04,0.97
11/07/2021,8:12:00 PM,8:13:07 PM,Gloucester Park,WA,5,185201161,R5 2130m Pace M,185201162,Harness,2130,Pace,39317074,4,The Miki Taker,LOSER,22.3,LOSER,5.16,584.16,27,13,27,22.86,326.03,720,17,720,42.81,84.61,254.96,5,3.9,5,4.44,32.97,21,23,1.04,0.97
11/07/2021,8:12:00 PM,8:13:07 PM,Gloucester Park,WA,5,185201161,R5 2130m Pace M,185201162,Harness,2130,Pace,40112183,5,Youre So Fine,LOSER,2.45,WINNER,1.45,2800.14,3.9,2.2,2.4,2.55,20288.62,720,1.68,650,2.51,2028.97,1350.12,1.54,1.45,1.46,1.5,525.42,2.66,2.74,1.04,0.97
11/07/2021,8:12:00 PM,8:13:07 PM,Gloucester Park,WA,5,185201161,R5 2130m Pace M,185201162,Harness,2130,Pace,38788844,6,Wonderful To Fly,LOSER,10.23,LOSER,3.66,911.29,19.5,7.6,12.5,12.33,2499.58,720,5.9,720,17.23,267.44,413.74,4.3,2.7,3.45,3.48,217.48,13,14.5,1.04,0.97
11/07/2021,8:12:00 PM,8:13:07 PM,Gloucester Park,WA,5,185201161,R5 2130m Pace M,185201162,Harness,2130,Pace,38352149,7,Seven No Trumps,LOSER,785.2,LOSER,250,41.85,990,160,990,405.57,34.86,820,250,260,294.52,5.63,2.52,250,250,250,250,2.54,300,920,1.04,0.97
11/07/2021,8:12:00 PM,8:13:07 PM,Gloucester Park,WA,5,185201161,R5 2130m Pace M,185201162,Harness,2130,Pace,40112184,8,Rock On Top,LOSER,23.15,LOSER,5.2,408.41,34,21,34,26.8,653.8,720,17.5,720,36.37,56,254.03,5.6,5,5.3,5.24,189.84,28,32,1.04,0.97
11/07/2021,8:12:00 PM,8:13:07 PM,Gloucester Park,WA,5,185201161,R5 2130m Pace M,185201162,Harness,2130,Pace,40112185,9,Bushwacked,LOSER,996.07,LOSER,250,40.8,990,190,990,375.83,32.61,1000,300,300,894.02,1.33,2.65,250,250,250,250,2.65,290,780,1.04,0.97
11/07/2021,8:12:00 PM,8:13:07 PM,Gloucester Park,WA,5,185201161,R5 2130m Pace M,185201162,Harness,2130,Pace,38605577,10,Tomlous Jambo,LOSER,36,LOSER,5.08,182.14,75,32,34,39.98,323.38,720,27,720,86.51,20.91,211.77,6.6,4.6,4.6,5.38,410.66,44,50,1.04,0.97
11/07/2021,8:12:00 PM,8:13:07 PM,Gloucester Park,WA,5,185201161,R5 2130m Pace M,185201162,Harness,2130,Pace,40112186,11,Follow The Music,LOSER,114.63,LOSER,14.75,80.26,150,55,150,93.44,118.73,920,55,920,216.59,8.24,104.52,13,13,13,13,9,110,130,1.04,0.97
11/07/2021,8:12:00 PM,8:13:07 PM,Gloucester Park,WA,5,185201161,R5 2130m Pace M,185201162,Harness,2130,Pace,40112188,13,Idolised,LOSER,148.4,LOSER,50.76,49.09,540,65,270,129.73,163.21,960,80,95,384.35,1.37,37.44,,,,,,95,100,1.04,0.97
11/07/2021,8:44:00 PM,8:44:47 PM,Gloucester Park,WA,6,185201163,R6 2536m Pace M,185201164,Harness,2536,Pace,10494764,1,Extreme Prince,LOSER,2.3,WINNER,1.36,1399.92,2.9,1.88,2.62,2.5,11955.32,720,1.45,720,2.47,1773.84,1217.3,1.43,1.32,1.36,1.4,78.3,2.44,2.48,1.04,0.99
11/07/2021,8:44:00 PM,8:44:47 PM,Gloucester Park,WA,6,185201163,R6 2536m Pace M,185201164,Harness,2536,Pace,8917029,2,Qtown Rip Roaring,LOSER,24,LOSER,5.25,441.74,48.61,22,38,29.9,199.15,720,18.5,720,29.57,72.73,231.94,4.6,4.5,4.6,4.6,5,21,24,1.04,0.99
11/07/2021,8:44:00 PM,8:44:47 PM,Gloucester Park,WA,6,185201163,R6 2536m Pace M,185201164,Harness,2536,Pace,10531970,3,Bad Round,LOSER,95.52,LOSER,17.91,67.22,180,65,180,101.6,44.85,890,85,890,132.26,17.62,106.2,,,,,,75,80,1.04,0.99
11/07/2021,8:44:00 PM,8:44:47 PM,Gloucester Park,WA,6,185201163,R6 2536m Pace M,185201164,Harness,2536,Pace,8967659,4,Just Barney,LOSER,31.49,LOSER,7.75,158.94,72.92,22,40,46.06,189.97,720,19,300,35.42,63.33,197.28,,,,,,40,48,1.04,0.99
11/07/2021,8:44:00 PM,8:44:47 PM,Gloucester Park,WA,6,185201163,R6 2536m Pace M,185201164,Harness,2536,Pace,24336138,6,Bettor Be Lively,LOSER,31.49,LOSER,6.2,241.05,63.19,28.19,46,42.27,120.07,760,18.5,760,40.85,68.44,281.72,10.12,5.38,6.2,5.47,332.77,36,40,1.04,0.99
11/07/2021,8:44:00 PM,8:44:47 PM,Gloucester Park,WA,6,185201163,R6 2536m Pace M,185201164,Harness,2536,Pace,20656271,7,Machs Gold,LOSER,15.5,WINNER,3.29,418.45,15.07,7,15,10.61,1623.06,720,13.5,410,35.07,58.09,190.94,4.83,2.2,2.92,2.69,38.54,12.5,14,1.04,0.99
11/07/2021,8:44:00 PM,8:44:47 PM,Gloucester Park,WA,6,185201163,R6 2536m Pace M,185201164,Harness,2536,Pace,6375347,8,Free To Air,LOSER,220,LOSER,34.41,76.35,340,110,240,176.84,41.02,720,220,720,305.3,4.08,58.21,,,,,,190,200,1.04,0.99
11/07/2021,8:44:00 PM,8:44:47 PM,Gloucester Park,WA,6,185201163,R6 2536m Pace M,185201164,Harness,2536,Pace,9979871,9,Rocknroll Whitby,WINNER,20.92,WINNER,4.72,484.74,53.47,19,23,24.52,332.89,90,1.01,1.02,1.64,1132.12,268.8,5.2,5.1,5.1,5.11,4.99,22,24,1.04,0.99
11/07/2021,8:44:00 PM,8:44:47 PM,Gloucester Park,WA,6,185201163,R6 2536m Pace M,185201164,Harness,2536,Pace,22290889,10,Black Jack Zac,LOSER,4.3,LOSER,1.52,796.7,5.06,3.55,4.1,4.04,3474.36,100,2.12,75,5.2,471.28,1283.11,1.81,1.5,1.55,1.53,141.89,3.95,4.1,1.04,0.99
11/07/2021,8:44:00 PM,8:44:47 PM,Gloucester Park,WA,6,185201163,R6 2536m Pace M,185201164,Harness,2536,Pace,18739881,12,Carrera Mach,LOSER,7.21,LOSER,2.2,634.93,9,5.64,7.6,7.24,1424.72,890,6.2,710,19.7,55.29,617.72,2.72,1.77,2.06,2.02,110.2,7.8,8.2,1.04,0.99
11/07/2021,9:12:00 PM,9:12:29 PM,Gloucester Park,WA,7,185201165,R7 2536m Pace M,185201166,Harness,2536,Pace,36582066,1,Gayle Force,LOSER,38.65,LOSER,4.78,493.16,75,38,55,52.23,223.75,510,38,510,57.12,32.54,402.12,6,4.5,4.9,5.05,362.27,44,48,1.01,0.99
11/07/2021,9:12:00 PM,9:12:29 PM,Gloucester Park,WA,7,185201165,R7 2536m Pace M,185201166,Harness,2536,Pace,20505310,2,Major Artist,LOSER,24.55,LOSER,2.94,512.98,38,8.4,26,28.35,394.08,300,13,300,30.61,69.96,510.1,5,2.36,2.94,3.16,1753.19,29,32,1.01,0.99
11/07/2021,9:12:00 PM,9:12:29 PM,Gloucester Park,WA,7,185201165,R7 2536m Pace M,185201166,Harness,2536,Pace,24632238,3,Caveman,WINNER,1.59,WINNER,1.15,4084.09,2.02,1.52,1.57,1.64,30535.33,3,1.01,1.01,1.47,5742.28,2629.48,1.16,1.11,1.14,1.14,815.18,1.56,1.57,1.01,0.99
11/07/2021,9:12:00 PM,9:12:29 PM,Gloucester Park,WA,7,185201165,R7 2536m Pace M,185201166,Harness,2536,Pace,25764928,4,La Suleiman,LOSER,535.43,LOSER,37.5,63.19,520,130,480,253.38,60.43,720,520,720,536.39,11.25,70.91,,,,,,300,410,1.01,0.99
11/07/2021,9:12:00 PM,9:12:29 PM,Gloucester Park,WA,7,185201165,R7 2536m Pace M,185201166,Harness,2536,Pace,11229868,5,Whoswhointhezoo,LOSER,79.06,LOSER,6.2,142.02,90,48,65,63.57,59.96,710,23,710,89.49,25.66,294.04,6,5.1,5.3,5.41,103.71,65,70,1.01,0.99
11/07/2021,9:12:00 PM,9:12:29 PM,Gloucester Park,WA,7,185201165,R7 2536m Pace M,185201166,Harness,2536,Pace,25102794,6,Heez Our Perseus,LOSER,6.91,LOSER,1.83,871.79,8,4.6,6.6,6.46,2696.85,870,6.8,870,20.8,130.88,1006.1,1.82,1.65,1.82,1.8,635.25,6.4,6.6,1.01,0.99
11/07/2021,9:12:00 PM,9:12:29 PM,Gloucester Park,WA,7,185201165,R7 2536m Pace M,185201166,Harness,2536,Pace,4638630,7,Plutonium,LOSER,9.13,WINNER,2.08,1058.54,13,7.4,10.5,10.98,1230.54,110,2.46,110,7.68,503.29,751.6,2.34,1.99,2.06,2.08,263.58,12,12.5,1.01,0.99
11/07/2021,9:12:00 PM,9:12:29 PM,Gloucester Park,WA,7,185201165,R7 2536m Pace M,185201166,Harness,2536,Pace,13218647,8,Alta Intrigue,LOSER,17.41,WINNER,2.94,466.58,30,12,21,14.91,741.31,280,16.5,280,25.57,90.52,465.94,2.76,2.5,2.56,2.6,33.24,18,19.5,1.01,0.99
11/07/2021,9:38:00 PM,9:39:03 PM,Gloucester Park,WA,8,185201167,R8 2130m Pace M,185201168,Harness,2130,Pace,8568084,1,Argyle Red,LOSER,436.1,LOSER,229.6,41.21,720,190,460,342.83,63.67,720,200,720,305.7,37.86,0.72,230,200,200,229.39,0.74,290,370,1.04,0.98
11/07/2021,9:38:00 PM,9:39:03 PM,Gloucester Park,WA,8,185201167,R8 2130m Pace M,185201168,Harness,2130,Pace,19451025,2,To Fast To Serious,LOSER,16.53,LOSER,5.37,519.82,25,8.6,15,14.75,1110.02,720,2.28,490,6.93,478.6,164.86,4.9,3.45,4.5,4.45,298.78,15.5,19,1.04,0.98
11/07/2021,9:38:00 PM,9:39:03 PM,Gloucester Park,WA,8,185201167,R8 2130m Pace M,185201168,Harness,2130,Pace,18967720,3,Perfect Major,LOSER,36,LOSER,12.95,326.84,80,29,36,35.37,230.11,920,36,240,122.17,25.71,146.86,7.4,7.4,7.4,7.4,0.02,30,36,1.04,0.98
11/07/2021,9:38:00 PM,9:39:03 PM,Gloucester Park,WA,8,185201167,R8 2130m Pace M,185201168,Harness,2130,Pace,11579669,4,Mighty Conqueror,LOSER,2.58,WINNER,1.5,1960.27,3,2.32,2.58,2.63,13367.2,720,1.33,90,1.82,3434.93,967.52,1.9,1.46,1.54,1.48,513.96,2.54,2.66,1.04,0.98
11/07/2021,9:38:00 PM,9:39:03 PM,Gloucester Park,WA,8,185201167,R8 2130m Pace M,185201168,Harness,2130,Pace,10395356,5,Shockwave,WINNER,2.3,WINNER,1.33,2516.44,2.74,1.97,2.22,2.21,14242.12,6.6,1.03,1.06,1.8,1818.32,1042.43,1.45,1.29,1.29,1.34,589.09,2.22,2.26,1.04,0.98
11/07/2021,9:38:00 PM,9:39:03 PM,Gloucester Park,WA,8,185201167,R8 2130m Pace M,185201168,Harness,2130,Pace,13218356,6,Major Times,LOSER,13.46,LOSER,3.89,478.41,16.5,9,13,11.92,1537.72,280,4.9,13.5,15.18,147.62,166.63,4.6,3.05,4.2,3.89,350.01,10.5,12,1.04,0.98
11/07/2021,10:14:00 PM,10:14:29 PM,Gloucester Park,WA,9,185201169,R9 2130m Pace M,185201170,Harness,2130,Pace,39387677,1,Captains Cote,LOSER,9.77,WINNER,2.24,712.02,18,9.6,10,11.77,408.16,140,5.1,140,10.48,61.62,751.49,2.76,2.22,2.24,2.4,380.57,10.5,11,1.02,0.98
11/07/2021,10:14:00 PM,10:14:29 PM,Gloucester Park,WA,9,185201169,R9 2130m Pace M,185201170,Harness,2130,Pace,40112190,2,Cutting Roses,LOSER,318.73,LOSER,17.95,60.9,480,160,220,228.29,57.49,720,170,700,242.92,22.02,101.49,16.5,14.5,16.5,15.7,6.99,220,270,1.02,0.98
11/07/2021,10:14:00 PM,10:14:29 PM,Gloucester Park,WA,9,185201169,R9 2130m Pace M,185201170,Harness,2130,Pace,38697633,3,Motor On Lilly,LOSER,186.19,LOSER,409.9,51.89,230,100,130,136.49,38.62,840,50,690,166.88,6.31,,,,,,,95,130,1.02,0.98
11/07/2021,10:14:00 PM,10:14:29 PM,Gloucester Park,WA,9,185201169,R9 2130m Pace M,185201170,Harness,2130,Pace,40112191,4,Cheese And Biccys,LOSER,6.2,LOSER,1.9,1125.99,7.2,5.5,6.8,6.12,530.99,680,4.2,680,10.4,100.79,936.01,2.24,1.67,1.94,1.82,201.6,6.2,6.6,1.02,0.98
11/07/2021,10:14:00 PM,10:14:29 PM,Gloucester Park,WA,9,185201169,R9 2130m Pace M,185201170,Harness,2130,Pace,1514969,5,Make Your Mark,WINNER,6.23,WINNER,2.05,623.3,7.4,5.8,6,6.25,741.53,40,1.01,1.01,1.55,1384.36,891.41,2.74,2.24,2.24,2.69,0.76,6,6.2,1.02,0.98
11/07/2021,10:14:00 PM,10:14:29 PM,Gloucester Park,WA,9,185201169,R9 2130m Pace M,185201170,Harness,2130,Pace,39465485,6,Sheza Mikimoto,LOSER,8.23,LOSER,2.3,562.03,14,5.6,9.2,8.55,1136.35,880,6.4,480,21.75,142.5,715.26,2.7,2.16,2.36,2.31,1162.59,9.8,10.5,1.02,0.98
11/07/2021,10:14:00 PM,10:14:29 PM,Gloucester Park,WA,9,185201169,R9 2130m Pace M,185201170,Harness,2130,Pace,40112192,7,Dontbesillychilli,LOSER,2.67,WINNER,1.36,2699.38,2.9,2.26,2.54,2.35,5829.22,260,1.17,260,2.34,987.98,1419.73,1.47,1.27,1.28,1.37,88.31,2.4,2.44,1.02,0.98
11/07/2021,10:14:00 PM,10:14:29 PM,Gloucester Park,WA,9,185201169,R9 2130m Pace M,185201170,Harness,2130,Pace,39317071,8,Sport Sport Sport,LOSER,14.1,LOSER,3.76,633.29,19,15,15.5,16.75,245.71,720,7.2,720,34.98,118.34,282.27,3.1,2.94,2.94,3.02,7.5,15,18,1.02,0.98
11/07/2021,10:39:00 PM,10:39:16 PM,Gloucester Park,WA,10,185201171,R10 2503m Trot S,185201172,Harness,2503,Trot,23157226,1,Tricky Ric,WINNER,1.12,WINNER,1.04,4241.26,1.21,1.01,1.12,1.16,15079.84,1.19,1.01,1.01,1.04,5677.82,37.12,1.07,1.04,1.05,1.05,630.6,1.13,1.15,1.01,0.97
11/07/2021,10:39:00 PM,10:39:16 PM,Gloucester Park,WA,10,185201171,R10 2503m Trot S,185201172,Harness,2503,Trot,13369763,3,One Bid Buys,LOSER,104.11,LOSER,20.63,25.38,586.52,110,120,169.23,16.3,760,70,540,136.97,6.47,89.22,22,18.5,22,21.93,4.44,100,170,1.01,0.97
11/07/2021,10:39:00 PM,10:39:16 PM,Gloucester Park,WA,10,185201171,R10 2503m Trot S,185201172,Harness,2503,Trot,12417044,4,Mortician,LOSER,83.21,LOSER,7.85,59.61,253.63,85,90,141.55,17.31,320,36,270,89.21,16.48,151.37,15,8.2,8.8,8.73,110.77,90,170,1.01,0.97
11/07/2021,10:39:00 PM,10:39:16 PM,Gloucester Park,WA,10,185201171,R10 2503m Trot S,185201172,Harness,2503,Trot,10610846,5,Dark Secret,LOSER,45.46,WINNER,3.18,115.58,150.59,40,46,51.52,53.66,590,34,590,62.03,21.43,497.12,3.8,3.05,3.2,3.33,854.19,46,48,1.01,0.97
11/07/2021,10:39:00 PM,10:39:16 PM,Gloucester Park,WA,10,185201171,R10 2503m Trot S,185201172,Harness,2503,Trot,8746892,6,Lightning Calder,LOSER,220,LOSER,35.79,29.12,700,260,440,366.38,16.63,980,200,980,308.75,9.82,58.94,48,29,48,47.62,1.98,280,430,1.01,0.97
11/07/2021,10:39:00 PM,10:39:16 PM,Gloucester Park,WA,10,185201171,R10 2503m Trot S,185201172,Harness,2503,Trot,12608309,7,Princess Mila,LOSER,12.19,LOSER,1.94,319.18,16.5,7.6,13.5,10.13,595.55,720,6,490,24.89,104.54,619.88,1.76,1.5,1.68,1.59,315.44,12,14.5,1.01,0.97
11/07/2021,5:15:00 PM,5:15:32 PM,Hobart,TAS,1,185173753,R1 1609m Pace M,185173754,Harness,1609,Pace,40119275,1,My Ultimate Danny,LOSER,255.46,LOSER,24.9,38.99,300,85,210,152.84,55.23,780,55,720,209.41,15.27,52.97,21,18.5,18.5,20.4,61.16,150,180,1,0.99
11/07/2021,5:15:00 PM,5:15:32 PM,Hobart,TAS,1,185173753,R1 1609m Pace M,185173754,Harness,1609,Pace,40119276,2,Magic Feeling,WINNER,1.33,WINNER,1.14,2076,1.38,1.18,1.34,1.29,24843.38,1.38,1.01,1.01,1.17,4202.42,1477.88,1.14,1.12,1.14,1.12,285.29,1.31,1.32,1,0.99
11/07/2021,5:15:00 PM,5:15:32 PM,Hobart,TAS,1,185173753,R1 1609m Pace M,185173754,Harness,1609,Pace,39296467,3,Lorimertyrrell,LOSER,18.5,WINNER,3.45,210.71,28,14,19.5,18.23,627.71,110,18.5,110,30.84,39.18,509.23,4,2.52,4,3.04,83.61,17,17.5,1,0.99
11/07/2021,5:15:00 PM,5:15:32 PM,Hobart,TAS,1,185173753,R1 1609m Pace M,185173754,Harness,1609,Pace,40119277,4,Ryder Needs,LOSER,16.48,LOSER,3.45,151.73,240,12,14,17.15,707.28,780,14.5,780,53.3,15.71,524.13,3.4,3.15,3.2,3.34,112.55,17.5,19,1,0.99
11/07/2021,5:15:00 PM,5:15:32 PM,Hobart,TAS,1,185173753,R1 1609m Pace M,185173754,Harness,1609,Pace,39978538,5,Mays Place,LOSER,8.21,LOSER,2.18,397.32,12,5.4,8.8,8,1298.34,720,5.2,710,30.79,32.21,796.29,2.18,1.81,2.18,1.96,367.06,8.6,8.8,1,0.99
11/07/2021,5:42:00 PM,5:43:50 PM,Hobart,TAS,2,185173755,R2 2090m Pace M,185173756,Harness,2090,Pace,33025811,1,Something Bettor,WINNER,1.27,WINNER,1.07,4272.18,1.8,1.24,1.27,1.33,22454.13,2,1.01,1.01,1.15,3272.71,9.99,1.15,1.07,1.08,1.07,10143.39,1.27,1.28,1.02,0.99
11/07/2021,5:42:00 PM,5:43:50 PM,Hobart,TAS,2,185173755,R2 2090m Pace M,185173756,Harness,2090,Pace,22210950,2,Eye See Double,LOSER,68.2,LOSER,5.79,106.28,60,21,60,38.79,155.24,920,46,780,112.62,27.78,215.32,4.7,3.45,4.7,4.26,119.72,48,55,1.02,0.99
11/07/2021,5:42:00 PM,5:43:50 PM,Hobart,TAS,2,185173755,R2 2090m Pace M,185173756,Harness,2090,Pace,23054143,3,Delightful Junie,LOSER,409.41,LOSER,32.54,12.63,300,95,290,131.75,36.88,720,290,720,416.2,2.72,58.68,38,24,38,30.53,0.07,180,240,1.02,0.99
11/07/2021,5:42:00 PM,5:43:50 PM,Hobart,TAS,2,185173755,R2 2090m Pace M,185173756,Harness,2090,Pace,39528406,4,Jack James,LOSER,22.82,LOSER,2.98,197.75,27,13.5,23,22.1,457.48,720,22,470,61.63,23.82,641.06,3.4,2.8,3.1,3.13,341.72,21,24,1.02,0.99
11/07/2021,5:42:00 PM,5:43:50 PM,Hobart,TAS,2,185173755,R2 2090m Pace M,185173756,Harness,2090,Pace,30287544,5,My Celebrity,LOSER,51.33,LOSER,5.85,83.42,75,48,55,56.13,60.23,280,70,280,134.77,4.75,253.81,,,,,,50,60,1.02,0.99
11/07/2021,5:42:00 PM,5:43:50 PM,Hobart,TAS,2,185173755,R2 2090m Pace M,185173756,Harness,2090,Pace,12080101,6,Heza Rummage,LOSER,110,LOSER,5.8,45.04,130,29,100,73.41,61.63,960,30,960,82.13,6.3,5,5.8,5.8,5.8,5.8,4.99,90,110,1.02,0.99
11/07/2021,5:42:00 PM,5:43:50 PM,Hobart,TAS,2,185173755,R2 2090m Pace M,185173756,Harness,2090,Pace,12268950,8,Emjays Black Chip,LOSER,26.08,LOSER,2.61,193.43,29,8.6,28,21.84,243.81,720,25,560,59.95,43.86,551.16,2.78,2.32,2.54,2.56,572.57,26,28,1.02,0.99
11/07/2021,5:42:00 PM,5:43:50 PM,Hobart,TAS,2,185173755,R2 2090m Pace M,185173756,Harness,2090,Pace,8973159,9,Blackjackhanover,LOSER,604.3,LOSER,13.63,21.36,480,130,480,213.42,65.29,900,480,900,615,1.08,38.89,11.5,9.4,11,10.67,66,150,190,1.02,0.99
11/07/2021,5:42:00 PM,5:43:50 PM,Hobart,TAS,2,185173755,R2 2090m Pace M,185173756,Harness,2090,Pace,13427547,10,Lifes A Jungle,LOSER,70.72,LOSER,6.8,105.37,120,48,90,81.4,49.72,780,65,780,96.41,18.41,203.7,,,,,,80,95,1.02,0.99
11/07/2021,5:42:00 PM,5:43:50 PM,Hobart,TAS,2,185173755,R2 2090m Pace M,185173756,Harness,2090,Pace,10712729,11,Hez Razor Sharp,LOSER,22,WINNER,2.58,225.1,25,11,24,19.87,91.64,210,5.1,110,16.31,78.31,506.36,3.25,2.6,2.84,2.77,615.64,23,24,1.02,0.99
11/07/2021,5:42:00 PM,5:43:50 PM,Hobart,TAS,2,185173755,R2 2090m Pace M,185173756,Harness,2090,Pace,9420710,12,Christian Jaz,LOSER,50.99,WINNER,5.43,86.36,85,32,60,59.54,94,480,50,380,90.83,11.48,273.03,6,5.1,6,5.55,20,60,70,1.02,0.99
11/07/2021,5:42:00 PM,5:43:50 PM,Hobart,TAS,2,185173755,R2 2090m Pace M,185173756,Harness,2090,Pace,40119279,13,Starofremembrance,LOSER,130,LOSER,7.92,44.6,150,40,130,83.14,63.94,950,130,950,278.89,2.06,136.95,,,,,,110,140,1.02,0.99
11/07/2021,6:14:00 PM,6:14:41 PM,Hobart,TAS,3,185173757,R3 2090m Pace M,185173758,Harness,2090,Pace,27472982,1,Nobeer Nomore,LOSER,178.08,WINNER,23,63.98,580,110,170,156.94,55.45,720,3,720,24.95,141.34,13.39,23,23,23,23,0.59,130,160,1,1
11/07/2021,6:14:00 PM,6:14:41 PM,Hobart,TAS,3,185173757,R3 2090m Pace M,185173758,Harness,2090,Pace,12710187,2,Really Frank,LOSER,19.2,LOSER,4.5,274.4,48,17.5,19.5,20.08,238.94,480,19.5,480,75.43,26.42,274,6.2,4.5,6.2,4.87,53.34,18,19.5,1,1
11/07/2021,6:14:00 PM,6:14:41 PM,Hobart,TAS,3,185173757,R3 2090m Pace M,185173758,Harness,2090,Pace,24810539,3,Little Cessna,LOSER,24.69,LOSER,5.69,231.74,250,22,25,31.24,161.78,920,10.5,920,64.45,46.33,182.89,10.5,4.8,4.8,6.18,71.45,36,28,1,1
11/07/2021,6:14:00 PM,6:14:41 PM,Hobart,TAS,3,185173757,R3 2090m Pace M,185173758,Harness,2090,Pace,14310409,4,Illawong Achilles,LOSER,85,LOSER,17.34,61.56,320,70,80,85.82,50.7,930,90,930,137.31,12.63,71.27,11.5,10.5,10.5,10.84,42,80,110,1,1
11/07/2021,6:14:00 PM,6:14:41 PM,Hobart,TAS,3,185173757,R3 2090m Pace M,185173758,Harness,2090,Pace,10929230,5,Triple Aitch Fella,LOSER,366.7,LOSER,257.52,46.73,580,150,270,261.4,68.74,890,700,890,750.33,0.76,10.74,990,110,310,233.27,0.73,170,250,1,1
11/07/2021,6:14:00 PM,6:14:41 PM,Hobart,TAS,3,185173757,R3 2090m Pace M,185173758,Harness,2090,Pace,27550758,6,Mista Eagle,LOSER,11.79,LOSER,2.72,590.25,12,7.6,11.5,9.7,613.96,720,9.2,490,30.02,56.42,819.08,2.86,2.72,2.74,2.75,54.14,10,10.5,1,1
11/07/2021,6:14:00 PM,6:14:41 PM,Hobart,TAS,3,185173757,R3 2090m Pace M,185173758,Harness,2090,Pace,21755516,7,Major Seascape,WINNER,5.8,WINNER,2.51,903.63,11.5,5.2,5.8,5.96,970.36,4.4,1.01,1.01,1.51,2128.14,734.26,2.8,2.8,2.8,2.8,0.03,6.2,6.2,1,1
11/07/2021,6:14:00 PM,6:14:41 PM,Hobart,TAS,3,185173757,R3 2090m Pace M,185173758,Harness,2090,Pace,26435844,9,Always A Stride,LOSER,6.58,WINNER,2.45,962.69,6.6,4,6.6,5.59,894.43,720,3.35,720,10.03,120.91,673.38,2.22,1.79,2.2,2.1,36.91,6.2,5.5,1,1
11/07/2021,6:14:00 PM,6:14:41 PM,Hobart,TAS,3,185173757,R3 2090m Pace M,185173758,Harness,2090,Pace,23390701,10,Keep Playing,LOSER,5.89,LOSER,2.26,611.28,6.6,3.55,6,5.46,643.64,770,3.25,770,22.31,36.75,710.31,,,,,,5.4,5.8,1,1
11/07/2021,6:14:00 PM,6:14:41 PM,Hobart,TAS,3,185173757,R3 2090m Pace M,185173758,Harness,2090,Pace,12986686,11,Yellow Taxi,LOSER,8.39,LOSER,2.76,589.14,14,7,8.4,8.38,626.95,720,10.5,720,37.28,26.65,625.5,,,,,,8.6,8,1,1
11/07/2021,6:14:00 PM,6:14:41 PM,Hobart,TAS,3,185173757,R3 2090m Pace M,185173758,Harness,2090,Pace,28024230,12,Weerrook Harry,LOSER,51.31,LOSER,12.46,77.71,60,26,50,36.77,70.96,720,44,720,104.87,6.51,112.28,,,,,,40,46,1,1
11/07/2021,6:14:00 PM,6:14:41 PM,Hobart,TAS,3,185173757,R3 2090m Pace M,185173758,Harness,2090,Pace,23483950,13,Stylish Trend,LOSER,7.72,LOSER,2.67,606.69,8.8,6.4,7.6,7.6,288.05,490,1.85,140,5.7,272.18,553.64,3.55,2.4,2.48,2.46,306.35,7,7.2,1,1
11/07/2021,6:49:00 PM,6:49:35 PM,Hobart,TAS,4,185173759,R4 2090m Pace M,185173760,Harness,2090,Pace,37049149,1,Lily Rocks,WINNER,6.8,WINNER,2.68,921.93,14,5.1,6.4,6.13,1956.41,80,1.01,1.01,1.97,1878.57,556.1,2.5,2.38,2.38,2.42,37.99,6.4,6.8,1.05,0.98
11/07/2021,6:49:00 PM,6:49:35 PM,Hobart,TAS,4,185173759,R4 2090m Pace M,185173760,Harness,2090,Pace,39448399,2,Whey Better,LOSER,102.01,LOSER,37.25,69.26,120,50,110,92.21,40.52,930,100,320,167.31,18.33,47.81,,,,,,85,95,1.05,0.98
11/07/2021,6:49:00 PM,6:49:35 PM,Hobart,TAS,4,185173759,R4 2090m Pace M,185173760,Harness,2090,Pace,3268751,3,Rockaria,LOSER,7.54,LOSER,2.77,598.78,7.8,4.5,7,5.89,1962.38,720,4.1,720,12.42,295.69,528.99,3.6,2.42,2.42,2.75,13.81,7,7.4,1.05,0.98
11/07/2021,6:49:00 PM,6:49:35 PM,Hobart,TAS,4,185173759,R4 2090m Pace M,185173760,Harness,2090,Pace,19166610,4,Betterthanfetta,LOSER,8.73,LOSER,7.43,529.58,9,5,8.2,6.52,610.45,880,6.2,880,123.8,32.44,109.45,2.74,2.74,2.74,2.74,0.59,7.4,8,1.05,0.98
11/07/2021,6:49:00 PM,6:49:35 PM,Hobart,TAS,4,185173759,R4 2090m Pace M,185173760,Harness,2090,Pace,27936800,5,Booker Bay,LOSER,6.78,WINNER,2.93,749.55,12.5,7,7,7.88,1460.02,150,1.05,150,3.3,1101.22,432.11,3.15,3.15,3.15,3.15,1,7.6,8,1.05,0.98
11/07/2021,6:49:00 PM,6:49:35 PM,Hobart,TAS,4,185173759,R4 2090m Pace M,185173760,Harness,2090,Pace,11470928,6,Abs Boy,LOSER,15.04,LOSER,5.3,498.39,36,16.5,17,20.65,115.51,910,11.5,720,53.64,53.06,282.68,,,,,,17.5,18.5,1.05,0.98
11/07/2021,6:49:00 PM,6:49:35 PM,Hobart,TAS,4,185173759,R4 2090m Pace M,185173760,Harness,2090,Pace,17311060,7,Debt Till We Part,LOSER,22.22,LOSER,6.55,370.15,36,18,23,27.79,90.84,720,12,330,33.11,47.01,215.89,,,,,,26,27,1.05,0.98
11/07/2021,6:49:00 PM,6:49:35 PM,Hobart,TAS,4,185173759,R4 2090m Pace M,185173760,Harness,2090,Pace,22723080,8,Oneofthelads,LOSER,7,WINNER,2.52,700.73,9.6,6.4,6.6,7.16,629.6,720,1.96,490,18.39,374.38,586.03,2.92,2,2.46,2.49,14.51,6.8,7.2,1.05,0.98
11/07/2021,6:49:00 PM,6:49:35 PM,Hobart,TAS,4,185173759,R4 2090m Pace M,185173760,Harness,2090,Pace,20258390,9,My Ultimate Romeo,LOSER,10.87,LOSER,3.4,645.86,18,8,11,12.75,222.98,720,5.1,480,18.14,52.78,256.77,3.5,2.84,2.88,3.01,400,11,12,1.05,0.98
11/07/2021,6:49:00 PM,6:49:35 PM,Hobart,TAS,4,185173759,R4 2090m Pace M,185173760,Harness,2090,Pace,27281769,11,Border Cross,LOSER,82.99,LOSER,25.51,68.56,90,55,80,66.49,14.65,940,30,220,116.89,9.37,74.56,11,8.4,11,9.52,1.26,60,75,1.05,0.98
11/07/2021,6:49:00 PM,6:49:35 PM,Hobart,TAS,4,185173759,R4 2090m Pace M,185173760,Harness,2090,Pace,13270054,12,Guys Bettor Bet,LOSER,11,LOSER,3.94,513.37,10.5,7.8,10.5,9.16,107.62,720,4.3,720,21.36,59.01,472.08,,,,,,8.8,9.6,1.05,0.98
11/07/2021,6:49:00 PM,6:49:35 PM,Hobart,TAS,4,185173759,R4 2090m Pace M,185173760,Harness,2090,Pace,20358381,13,Jakes A Joy,LOSER,186.45,LOSER,29,34.46,290,130,260,227.94,44.37,890,180,890,225.99,5.16,14.99,,,,,,170,260,1.05,0.98
11/07/2021,7:25:00 PM,7:26:04 PM,Hobart,TAS,5,185173761,R5 2090m Pace M,185173762,Harness,2090,Pace,18740284,1,Brian Who,LOSER,6.46,LOSER,2.32,871.61,7.6,5.2,6.2,6.05,2053.65,880,5.2,720,25.45,62.35,503.65,2.82,2.02,2.32,2.17,413.35,6,6.4,1.05,0.97
11/07/2021,7:25:00 PM,7:26:04 PM,Hobart,TAS,5,185173761,R5 2090m Pace M,185173762,Harness,2090,Pace,22137824,2,Go In Style,LOSER,136,LOSER,81,56.06,190,44,190,77.32,30.75,930,230,930,489.43,3.52,,9.6,7.4,9.6,8.22,10,85,170,1.05,0.97
11/07/2021,7:25:00 PM,7:26:04 PM,Hobart,TAS,5,185173761,R5 2090m Pace M,185173762,Harness,2090,Pace,12708272,3,Captain Cosmonaut,LOSER,4.87,LOSER,2.25,861.2,5.3,3.1,4.7,4.53,1915.2,690,3.25,480,6.45,573.18,417.67,1.99,1.99,1.99,1.99,3.75,4.5,4.6,1.05,0.97
11/07/2021,7:25:00 PM,7:26:04 PM,Hobart,TAS,5,185173761,R5 2090m Pace M,185173762,Harness,2090,Pace,10120625,4,Christian Major,LOSER,15.43,LOSER,7.2,571.34,21,13.5,17,18,200.81,910,12.5,910,23.66,110.02,182.46,4.2,3.6,4.2,3.81,17,17.5,19,1.05,0.97
11/07/2021,7:25:00 PM,7:26:04 PM,Hobart,TAS,5,185173761,R5 2090m Pace M,185173762,Harness,2090,Pace,40119280,5,Kuyomi,WINNER,5.66,WINNER,2.3,753.57,10.5,5.2,5.6,5.82,1534.76,9,1.01,1.01,1.66,2686.07,705.76,2.36,2.06,2.28,2.29,328.98,5.3,5.7,1.05,0.97
11/07/2021,7:25:00 PM,7:26:04 PM,Hobart,TAS,5,185173761,R5 2090m Pace M,185173762,Harness,2090,Pace,19438357,6,Coolhand Easton,LOSER,12.33,WINNER,4.55,638.57,20,12,14,13.75,661.83,710,4.3,710,10.24,394.96,361.16,4.1,4.1,4.1,4.1,10.01,14,15.5,1.05,0.97
11/07/2021,7:25:00 PM,7:26:04 PM,Hobart,TAS,5,185173761,R5 2090m Pace M,185173762,Harness,2090,Pace,20232801,7,Loyola Trios,LOSER,16.77,LOSER,5.15,445.32,19,12,18.5,16.13,687.24,910,11.5,480,66.37,71.03,98,4.8,3.65,4.7,4.67,5.3,16,16.5,1.05,0.97
11/07/2021,7:25:00 PM,7:26:04 PM,Hobart,TAS,5,185173761,R5 2090m Pace M,185173762,Harness,2090,Pace,16140168,8,One Off,LOSER,14.5,LOSER,4.37,461.11,27,12.5,13.5,14.77,683.09,720,7.6,720,34.03,42.85,336.18,,,,,,15.5,17,1.05,0.97
11/07/2021,7:25:00 PM,7:26:04 PM,Hobart,TAS,5,185173761,R5 2090m Pace M,185173762,Harness,2090,Pace,11275025,10,Courageous Katee,LOSER,90,LOSER,407,66.68,210,65,90,107.34,59.46,950,38,950,195.32,5.91,,,,,,,80,90,1.05,0.97
11/07/2021,7:25:00 PM,7:26:04 PM,Hobart,TAS,5,185173761,R5 2090m Pace M,185173762,Harness,2090,Pace,11120496,11,Tarleton Riley,LOSER,10.5,LOSER,3.8,517.95,25,8.2,9.2,9.72,1286.33,720,4.4,720,19.13,78.6,207.44,3.5,3.3,3.3,3.31,29.53,9.8,10.5,1.05,0.97
11/07/2021,7:25:00 PM,7:26:04 PM,Hobart,TAS,5,185173761,R5 2090m Pace M,185173762,Harness,2090,Pace,40050688,12,Endeavour Stride,LOSER,85.72,LOSER,10.9,97.9,100,60,80,80.68,37.89,940,100,320,277.59,4.92,184.21,,,,,,60,80,1.05,0.97
11/07/2021,7:25:00 PM,7:26:04 PM,Hobart,TAS,5,185173761,R5 2090m Pace M,185173762,Harness,2090,Pace,39601636,13,Lorimermajor,LOSER,13.03,WINNER,3.7,453.69,16.5,7.4,14,12.1,656.99,700,12.5,480,34.69,38.34,237.19,4.8,2.8,3.6,3.07,412.26,14.5,15.5,1.05,0.97
11/07/2021,8:02:00 PM,8:03:01 PM,Hobart,TAS,6,185173763,R6 2090m Pace M,185173764,Harness,2090,Pace,40119281,1,My Ultimate Beauty,LOSER,159.23,LOSER,10.56,38.15,980,75,310,158.33,60.55,930,38,930,109.57,18.27,60.5,12,5.8,9.2,8.49,55.83,150,200,1.02,0.98
11/07/2021,8:02:00 PM,8:03:01 PM,Hobart,TAS,6,185173763,R6 2090m Pace M,185173764,Harness,2090,Pace,39242370,2,Fury Dan,WINNER,31.47,WINNER,5,159.68,80,29,32,36.29,251.92,70,1.01,1.01,3.39,1593.38,126.33,4,3.75,4,3.81,13.38,29,30,1.02,0.98
11/07/2021,8:02:00 PM,8:03:01 PM,Hobart,TAS,6,185173763,R6 2090m Pace M,185173764,Harness,2090,Pace,39978541,3,Itz Montana Jet,LOSER,1.91,LOSER,1.19,3360.17,2.6,1.59,1.99,1.85,17917.48,720,1.75,490,3.23,2631.72,1475.98,1.19,1.14,1.19,1.18,421.47,2,2.04,1.02,0.98
11/07/2021,8:02:00 PM,8:03:01 PM,Hobart,TAS,6,185173763,R6 2090m Pace M,185173764,Harness,2090,Pace,28912226,4,Iden Black Prince,LOSER,534,LOSER,498.5,9.74,550,95,550,162.57,31.31,720,710,720,712.45,0.23,,,,,,,200,280,1.02,0.98
11/07/2021,8:02:00 PM,8:03:01 PM,Hobart,TAS,6,185173763,R6 2090m Pace M,185173764,Harness,2090,Pace,28253079,5,Ifitstobeitsuptome,LOSER,5.87,LOSER,1.76,615.88,13.5,5,5.8,6.36,4152.43,720,2.18,720,5.71,285.75,922.63,1.96,1.74,1.78,1.88,496.24,5.6,6,1.02,0.98
11/07/2021,8:02:00 PM,8:03:01 PM,Hobart,TAS,6,185173763,R6 2090m Pace M,185173764,Harness,2090,Pace,28903781,6,Written In Silk,LOSER,26,LOSER,5.65,213.67,42,20,29,29.48,287.36,1000,26,1000,117.37,29.39,249.96,6,3.65,6,5.34,142.77,25,27,1.02,0.98
11/07/2021,8:02:00 PM,8:03:01 PM,Hobart,TAS,6,185173763,R6 2090m Pace M,185173764,Harness,2090,Pace,32829397,7,Stormy Sanz,LOSER,16.63,WINNER,3.02,401.6,60,15.5,15.5,21.67,707.86,720,10,380,31.25,83.67,181.04,3.7,2.92,2.98,2.97,26.01,16,17,1.02,0.98
11/07/2021,8:02:00 PM,8:03:01 PM,Hobart,TAS,6,185173763,R6 2090m Pace M,185173764,Harness,2090,Pace,30463824,8,Helikaon,LOSER,5.59,WINNER,1.58,791.7,5.8,3.7,5.4,5.1,2291.71,720,1.11,120,5.18,283.66,881.66,1.59,1.54,1.54,1.56,122.02,5.2,5.4,1.02,0.98
11/07/2021,8:02:00 PM,8:03:01 PM,Hobart,TAS,6,185173763,R6 2090m Pace M,185173764,Harness,2090,Pace,39601644,9,Iden Delight,LOSER,772.7,LOSER,24.18,5.35,660,200,580,361.13,18.11,800,34,34,255.44,25.45,87.36,,,,,,250,500,1.02,0.98
11/07/2021,8:34:00 PM,8:34:30 PM,Hobart,TAS,7,185173765,R7 2579m Pace S,185173766,Harness,2579,Pace,7424299,1,Karalta Dazzler,LOSER,160,LOSER,39.22,64.86,160,34,150,99.02,70.87,720,60,680,171.59,13.92,45.94,,,,,,120,150,1.03,0.98
11/07/2021,8:34:00 PM,8:34:30 PM,Hobart,TAS,7,185173765,R7 2579m Pace S,185173766,Harness,2579,Pace,8822973,2,Perfect Mach,LOSER,46,LOSER,12,116.88,70,36,44,46.73,91.13,930,14,750,124.35,37.66,149.26,,,,,,42,46,1.03,0.98
11/07/2021,8:34:00 PM,8:34:30 PM,Hobart,TAS,7,185173765,R7 2579m Pace S,185173766,Harness,2579,Pace,10712763,3,Rocknroll Turbo,LOSER,2.65,WINNER,1.48,1327.42,4.7,2.2,2.5,2.54,9580.5,710,1.24,650,3.21,1578.97,852.89,1.64,1.41,1.41,1.45,227.42,2.5,2.62,1.03,0.98
11/07/2021,8:34:00 PM,8:34:30 PM,Hobart,TAS,7,185173765,R7 2579m Pace S,185173766,Harness,2579,Pace,8036477,4,Proficient,LOSER,209.92,LOSER,48,49.37,390,95,210,178.98,55.76,840,65,840,228.59,12,50.48,48,48,48,48,2.52,160,200,1.03,0.98
11/07/2021,8:34:00 PM,8:34:30 PM,Hobart,TAS,7,185173765,R7 2579m Pace S,185173766,Harness,2579,Pace,11192595,5,James Dean,LOSER,28.58,LOSER,8.5,175.5,42,16,28,29.17,332.45,720,11.5,510,44.8,25.15,176.37,,,,,,23,25,1.03,0.98
11/07/2021,8:34:00 PM,8:34:30 PM,Hobart,TAS,7,185173765,R7 2579m Pace S,185173766,Harness,2579,Pace,9550461,6,Earl Jujon,LOSER,4.4,LOSER,2.24,1079.7,5.7,3.3,4.7,4.08,2652.57,110,2,100,6.25,271.08,961.09,2.24,1.9,2.24,2.17,171.04,4.3,4.5,1.03,0.98
11/07/2021,8:34:00 PM,8:34:30 PM,Hobart,TAS,7,185173765,R7 2579m Pace S,185173766,Harness,2579,Pace,22070962,7,Be Major Threat,WINNER,3.2,WINNER,1.87,1311.83,4.4,2.38,3.25,3.25,4298.72,9,1.01,1.01,1.93,2228.32,390.29,1.9,1.68,1.68,1.68,160.89,3.2,3.3,1.03,0.98
11/07/2021,9:00:00 PM,9:01:23 PM,Hobart,TAS,8,185173767,R8 2090m Pace M,185173768,Harness,2090,Pace,13135086,1,Mondooley Mach,LOSER,6.89,WINNER,2.29,952.34,14,6.6,6.8,8.62,1921.48,490,5.3,480,31.05,22.78,572.66,2.48,2.2,2.34,2.29,167.02,8.2,8.6,1.03,0.98
11/07/2021,9:00:00 PM,9:01:23 PM,Hobart,TAS,8,185173767,R8 2090m Pace M,185173768,Harness,2090,Pace,15998761,2,Artiflash,LOSER,68.4,LOSER,11.19,74.85,75,40,75,50.75,45.39,1000,80,1000,310.81,5.14,84,,,,,,48,55,1.03,0.98
11/07/2021,9:00:00 PM,9:01:23 PM,Hobart,TAS,8,185173767,R8 2090m Pace M,185173768,Harness,2090,Pace,22834118,3,Kuzma,LOSER,90,LOSER,15.5,68.96,130,70,85,96.14,43.1,770,5.4,770,62.43,54.81,63.13,13.5,10.5,11.5,12.3,55.03,85,95,1.03,0.98
11/07/2021,9:00:00 PM,9:01:23 PM,Hobart,TAS,8,185173767,R8 2090m Pace M,185173768,Harness,2090,Pace,2048138,4,Roosevelt,LOSER,182.92,LOSER,25.75,53.04,190,110,180,143.83,55.78,840,700,840,747.48,0.61,73.88,,,,,,130,150,1.03,0.98
11/07/2021,9:00:00 PM,9:01:23 PM,Hobart,TAS,8,185173767,R8 2090m Pace M,185173768,Harness,2090,Pace,11010205,5,Distinctive Del,LOSER,221.98,LOSER,32.15,49.2,320,110,280,144.37,34.86,720,700,720,702.89,0.41,47.01,,,,,,150,210,1.03,0.98
11/07/2021,9:00:00 PM,9:01:23 PM,Hobart,TAS,8,185173767,R8 2090m Pace M,185173768,Harness,2090,Pace,12356827,6,Northview Dave,LOSER,8.08,LOSER,2.74,845.75,8.8,7.8,7.8,8.29,379.88,720,3.8,480,11.09,80.29,580.54,2.74,2.62,2.7,2.67,58.23,8,8.2,1.03,0.98
11/07/2021,9:00:00 PM,9:01:23 PM,Hobart,TAS,8,185173767,R8 2090m Pace M,185173768,Harness,2090,Pace,28036743,7,Say A Prayer,LOSER,6.12,LOSER,2.42,1157.36,7,5.2,6.2,6.23,1324.1,480,5.2,480,35.53,25.25,748.91,2.66,2.04,2.28,2.26,147.54,6,6.4,1.03,0.98
11/07/2021,9:00:00 PM,9:01:23 PM,Hobart,TAS,8,185173767,R8 2090m Pace M,185173768,Harness,2090,Pace,7424447,8,The Black Assassin,LOSER,7.4,LOSER,2.28,708.4,15,6.8,7.4,7.59,974.62,720,8,680,26.32,42.2,570.26,2.54,2.28,2.34,2.3,202.49,7,7.2,1.03,0.98
11/07/2021,9:00:00 PM,9:01:23 PM,Hobart,TAS,8,185173767,R8 2090m Pace M,185173768,Harness,2090,Pace,39457377,9,Turquoise Stride,LOSER,10.33,WINNER,2.84,852.87,12,8.6,11.5,10.35,513.18,280,12.5,210,27.59,27.75,403.17,2.88,2.52,2.84,2.86,44.85,10,11,1.03,0.98
11/07/2021,9:00:00 PM,9:01:23 PM,Hobart,TAS,8,185173767,R8 2090m Pace M,185173768,Harness,2090,Pace,22288690,10,The Dude,WINNER,3.14,WINNER,1.51,797.92,3.3,2.48,3.05,2.94,6609.16,5,1.01,1.01,2.08,2448.22,966.51,1.57,1.44,1.57,1.51,310.78,3.1,3.2,1.03,0.98
11/07/2021,9:30:00 PM,9:30:46 PM,Hobart,TAS,9,185173769,R9 1609m Pace M,185173770,Harness,1609,Pace,11309802,1,Mach Charm,LOSER,4.85,WINNER,1.87,941.06,7.2,3.95,4.4,4.48,4619.54,280,2.06,280,6.25,152.84,983.44,2.08,1.84,1.9,1.95,607.91,4.4,4.6,1.04,0.97
11/07/2021,9:30:00 PM,9:30:46 PM,Hobart,TAS,9,185173769,R9 1609m Pace M,185173770,Harness,1609,Pace,17410267,2,Machavelli,LOSER,29,LOSER,7.65,237.78,34,19.5,29,26.56,53.64,700,44,700,91.16,3.48,199.42,,,,,,28,30,1.04,0.97
11/07/2021,9:30:00 PM,9:30:46 PM,Hobart,TAS,9,185173769,R9 1609m Pace M,185173770,Harness,1609,Pace,14381053,4,Kissing Game,LOSER,10.05,LOSER,3.17,756.09,13,9.8,10.5,11.23,529.58,490,9.8,490,58.17,42.4,374.28,3.75,2.84,2.88,2.93,183.66,11,11.5,1.04,0.97
11/07/2021,9:30:00 PM,9:30:46 PM,Hobart,TAS,9,185173769,R9 1609m Pace M,185173770,Harness,1609,Pace,22044014,5,Signorina Jujon,LOSER,140.63,LOSER,26.35,45.08,150,100,140,120.73,61.08,720,140,720,207.57,8.37,67.22,,,,,,110,140,1.04,0.97
11/07/2021,9:30:00 PM,9:30:46 PM,Hobart,TAS,9,185173769,R9 1609m Pace M,185173770,Harness,1609,Pace,19976471,6,Coveffe Hustler,WINNER,6.01,WINNER,2.53,833.15,6.4,4.8,5.7,5.73,892.35,48,1.01,1.08,2.34,1362.32,700.55,2.46,2.04,2.46,2.24,14.32,5.8,6,1.04,0.97
11/07/2021,9:30:00 PM,9:30:46 PM,Hobart,TAS,9,185173769,R9 1609m Pace M,185173770,Harness,1609,Pace,25295690,7,Jo Dina,LOSER,22.91,LOSER,6.58,426.83,32,14,32,26.65,49.57,720,17,720,26.48,153.05,65.55,6.6,6.4,6.4,6.58,5.9,27,29,1.04,0.97
11/07/2021,9:30:00 PM,9:30:46 PM,Hobart,TAS,9,185173769,R9 1609m Pace M,185173770,Harness,1609,Pace,19186625,8,Joey Girl,LOSER,7.92,LOSER,2.63,876.1,9.2,6.2,8.6,7.62,259.8,140,7.8,140,11.48,72.66,789.4,4.3,2.44,2.78,2.55,380.55,8.2,9,1.04,0.97
11/07/2021,9:30:00 PM,9:30:46 PM,Hobart,TAS,9,185173769,R9 1609m Pace M,185173770,Harness,1609,Pace,40119282,9,Robs Legacy,LOSER,79.71,LOSER,25.96,80.24,75,42,60,53.09,28.95,940,70,300,222.96,3.72,33.14,,,,,,55,65,1.04,0.97
11/07/2021,9:30:00 PM,9:30:46 PM,Hobart,TAS,9,185173769,R9 1609m Pace M,185173770,Harness,1609,Pace,28255908,10,Popnpennies,LOSER,8.12,LOSER,3.07,485.02,8.8,6.8,7.8,7.51,455.37,720,7.8,490,29.52,46.64,509.86,2.98,2.98,2.98,2.98,0.07,7.6,8.6,1.04,0.97
11/07/2021,9:30:00 PM,9:30:46 PM,Hobart,TAS,9,185173769,R9 1609m Pace M,185173770,Harness,1609,Pace,40119283,11,Mykindoffeeling,LOSER,27.73,LOSER,8.2,257.13,30,17,30,25.35,55.14,770,27,770,44.73,28.82,178.22,,,,,,27,29,1.04,0.97
11/07/2021,9:30:00 PM,9:30:46 PM,Hobart,TAS,9,185173769,R9 1609m Pace M,185173770,Harness,1609,Pace,35372501,12,Juniper,LOSER,12.74,LOSER,4.35,456.44,20,9.6,14,11.96,367.76,410,4,410,20.06,31.49,395.98,,,,,,13,13.5,1.04,0.97
11/07/2021,9:30:00 PM,9:30:46 PM,Hobart,TAS,9,185173769,R9 1609m Pace M,185173770,Harness,1609,Pace,40119284,13,Toanui Spirit,LOSER,12,WINNER,4.6,400.68,26,11,11,14.39,916.81,490,1.07,490,5.61,151.58,351.36,4.8,4.1,4.5,4.65,158.92,12,13.5,1.04,0.97
11/07/2021,9:59:00 PM,9:59:34 PM,Hobart,TAS,10,185173771,R10 2090m Pace M,185173772,Harness,2090,Pace,17020800,1,Machs Mareta,LOSER,95.27,LOSER,7.4,58.65,140,100,110,109.26,26.32,250,32,250,47.88,24.19,114.56,9.8,7.4,9.4,8.9,34.09,110,120,1.03,1.01
11/07/2021,9:59:00 PM,9:59:34 PM,Hobart,TAS,10,185173771,R10 2090m Pace M,185173772,Harness,2090,Pace,12418453,2,Iden Forest,LOSER,10.64,LOSER,3.46,454.7,10,6.8,9.8,8.51,582.91,720,5.2,720,15.41,117.76,472.12,26,2.1,3.55,2.54,124.03,8.6,9.2,1.03,1.01
11/07/2021,9:59:00 PM,9:59:34 PM,Hobart,TAS,10,185173771,R10 2090m Pace M,185173772,Harness,2090,Pace,4221367,3,Ranieri,LOSER,20.27,LOSER,4.37,387.74,26,20,25,22.68,117.26,910,14,780,39.93,67.64,308.79,4.8,4.3,4.8,4.67,53.2,22,25,1.03,1.01
11/07/2021,9:59:00 PM,9:59:34 PM,Hobart,TAS,10,185173771,R10 2090m Pace M,185173772,Harness,2090,Pace,26596320,4,Montana Lad,LOSER,1.72,WINNER,1.17,2074.82,2,1.6,1.7,1.73,7893.97,720,1.69,260,2.31,1251.88,1633.04,1.21,1.11,1.21,1.14,118.21,1.76,1.72,1.03,1.01
11/07/2021,9:59:00 PM,9:59:34 PM,Hobart,TAS,10,185173771,R10 2090m Pace M,185173772,Harness,2090,Pace,13536159,5,El Jays Mystery,LOSER,286.8,LOSER,32.13,39.9,330,160,230,244.14,38.59,720,230,720,302.7,16.27,66.4,,,,,,200,230,1.03,1.01
11/07/2021,9:59:00 PM,9:59:34 PM,Hobart,TAS,10,185173771,R10 2090m Pace M,185173772,Harness,2090,Pace,11509882,6,Lockaway Kacie,LOSER,34,LOSER,6.6,174.06,80,36,36,47.14,87.94,720,34,300,76.38,11.45,262.53,5,4.9,4.9,4.95,10,44,46,1.03,1.01
11/07/2021,9:59:00 PM,9:59:34 PM,Hobart,TAS,10,185173771,R10 2090m Pace M,185173772,Harness,2090,Pace,14162147,8,Deadly Assassin,WINNER,9.8,WINNER,2.47,460.13,13.5,7.4,9.4,8.77,398.19,14.5,1.01,1.01,1.3,1230,700.4,2.54,2.2,2.28,2.28,78.92,8.2,8.8,1.03,1.01
11/07/2021,9:59:00 PM,9:59:34 PM,Hobart,TAS,10,185173771,R10 2090m Pace M,185173772,Harness,2090,Pace,11219870,9,Heza Bromac,LOSER,150,LOSER,10.85,41.66,230,140,150,178.37,49.16,850,150,850,197.96,6.36,22,13,7.8,13,10.85,22,150,170,1.03,1.01
11/07/2021,9:59:00 PM,9:59:34 PM,Hobart,TAS,10,185173771,R10 2090m Pace M,185173772,Harness,2090,Pace,9305213,10,Somedan,LOSER,39.3,LOSER,5.39,187.2,65,40,44,44.69,54.93,1000,3,1000,19.16,66.4,324.93,5.4,5.3,5.3,5.39,5.07,42,46,1.03,1.01
11/07/2021,9:59:00 PM,9:59:34 PM,Hobart,TAS,10,185173771,R10 2090m Pace M,185173772,Harness,2090,Pace,9497179,11,Hez The One,LOSER,90.72,LOSER,11.9,73.15,130,65,95,95.83,50.11,240,3.85,240,38.49,26.38,150.44,,,,,,90,95,1.03,1.01
11/07/2021,9:59:00 PM,9:59:34 PM,Hobart,TAS,10,185173771,R10 2090m Pace M,185173772,Harness,2090,Pace,16807675,12,Aha Reaction,LOSER,10.5,WINNER,2.65,521.2,16.5,8.8,10.5,10.39,761.34,720,1.8,720,7.36,149.46,626.98,2.74,2.74,2.74,2.74,0.03,10,11,1.03,1.01
11/07/2021,12:10:00 PM,12:10:31 PM,Marburg,QLD,1,185172302,R1 1850m Pace M,185172303,Harness,1850,Pace,18884366,1,Dartesian,LOSER,4.8,WINNER,1.8,591.98,9,4.6,4.6,5.3,1093.16,110,1.82,46,3.57,840.62,641.22,2.2,1.69,1.69,1.69,92.97,4.8,5.2,1.03,0.97
11/07/2021,12:10:00 PM,12:10:31 PM,Marburg,QLD,1,185172302,R1 1850m Pace M,185172303,Harness,1850,Pace,24373806,2,Fremarksindi,LOSER,19.42,LOSER,4.02,194.71,20,6.2,17,14.62,66.73,100,7,80,24.48,7.08,466.8,3.6,3.15,3.6,3.58,5.26,15.5,16.5,1.03,0.97
11/07/2021,12:10:00 PM,12:10:31 PM,Marburg,QLD,1,185172302,R1 1850m Pace M,185172303,Harness,1850,Pace,24429792,3,Somewhereinheaven,LOSER,16.25,WINNER,3.43,149.61,25,15,17.5,18.1,97.51,110,30,110,84.04,1.68,440.45,7.2,3.45,3.55,3.65,142.57,20,21,1.03,0.97
11/07/2021,12:10:00 PM,12:10:31 PM,Marburg,QLD,1,185172302,R1 1850m Pace M,185172303,Harness,1850,Pace,24645116,4,Johnrod,LOSER,11,LOSER,3.18,261.24,15.5,10.5,10.5,12.1,150.21,420,11,280,94.18,5.07,151.49,3.55,2.7,2.94,3.14,13.23,14.5,15,1.03,0.97
11/07/2021,12:10:00 PM,12:10:31 PM,Marburg,QLD,1,185172302,R1 1850m Pace M,185172303,Harness,1850,Pace,4791582,5,Chang,LOSER,42.99,LOSER,3.57,125.2,60,5.9,44,18.73,732.32,720,16,720,129.72,26.17,458.66,4.1,2.12,4,3.46,95.4,8.2,9,1.03,0.97
11/07/2021,12:10:00 PM,12:10:31 PM,Marburg,QLD,1,185172302,R1 1850m Pace M,185172303,Harness,1850,Pace,39326224,6,Dreamouts Niece,WINNER,17.5,WINNER,4.68,147.38,25,16,17.5,19.94,49.6,20,1.07,1.12,1.45,563.23,406.46,3.35,3.35,3.35,3.35,20,21,25,1.03,0.97
11/07/2021,12:10:00 PM,12:10:31 PM,Marburg,QLD,1,185172302,R1 1850m Pace M,185172303,Harness,1850,Pace,17407507,7,Leaping Leo,LOSER,2.17,LOSER,1.19,1417.09,2.36,1.95,2.08,2.21,1634.67,55,1.91,22,3.51,107.06,1449.32,1.28,1.24,1.24,1.25,34.97,2.2,2.3,1.03,0.97
11/07/2021,12:10:00 PM,12:10:31 PM,Marburg,QLD,1,185172302,R1 1850m Pace M,185172303,Harness,1850,Pace,6948420,8,Our Champion,LOSER,61.53,LOSER,13.12,61.02,70,30,65,56.92,56.81,160,55,110,66.51,10,114.74,9.8,9.6,9.8,9.79,53.21,60,70,1.03,0.97
11/07/2021,12:44:00 PM,12:44:39 PM,Marburg,QLD,2,185172304,R2 1850m Pace M,185172305,Harness,1850,Pace,22137732,1,Sweet Scoot,LOSER,80.62,LOSER,10.1,54.17,120,85,120,90.84,6.74,940,55,780,199.19,10.81,124.31,7,5,7,6.56,16.74,80,95,1.05,0.94
11/07/2021,12:44:00 PM,12:44:39 PM,Marburg,QLD,2,185172304,R2 1850m Pace M,185172305,Harness,1850,Pace,21530410,2,Tulhurst Lover,LOSER,2.49,LOSER,1.32,1222.15,2.9,2.3,2.68,2.56,652.19,720,2.46,280,12.32,195.59,1074.95,1.43,1.26,1.36,1.36,309.29,2.64,2.82,1.05,0.94
11/07/2021,12:44:00 PM,12:44:39 PM,Marburg,QLD,2,185172304,R2 1850m Pace M,185172305,Harness,1850,Pace,12928162,3,Grinydontcha,LOSER,85.44,LOSER,11.7,50.55,130,75,130,104.56,1.49,950,5.4,950,148.59,76.31,118.96,15.5,6.6,8.2,7.7,10.47,75,100,1.05,0.94
11/07/2021,12:44:00 PM,12:44:39 PM,Marburg,QLD,2,185172304,R2 1850m Pace M,185172305,Harness,1850,Pace,12242196,4,Kid Calvert,LOSER,50.84,LOSER,6.19,66.84,110,60,80,67.6,7.02,1000,3.9,1000,23.06,97.67,262.52,6.8,5.8,6.8,6.24,10.83,65,80,1.05,0.94
11/07/2021,12:44:00 PM,12:44:39 PM,Marburg,QLD,2,185172304,R2 1850m Pace M,185172305,Harness,1850,Pace,9382089,5,Writeaboutchelsea,LOSER,26.2,WINNER,4.2,141.51,36,20,36,30.43,4.99,720,10,720,186.02,4.46,191.05,4.9,3.45,4.2,3.68,17.88,20,29,1.05,0.94
11/07/2021,12:44:00 PM,12:44:39 PM,Marburg,QLD,2,185172304,R2 1850m Pace M,185172305,Harness,1850,Pace,12780718,6,Traces Of Tara,LOSER,26.17,LOSER,3.68,154.98,40,25,30,27.06,20.5,740,26,720,56.98,22.38,311.75,3.45,3.25,3.25,3.4,20.99,26,38,1.05,0.94
11/07/2021,12:44:00 PM,12:44:39 PM,Marburg,QLD,2,185172304,R2 1850m Pace M,185172305,Harness,1850,Pace,35372417,7,Littledee,WINNER,3.93,WINNER,1.39,633.81,4.9,3.2,3.5,3.52,570.52,4,1.01,1.01,1.14,4138.17,909.24,1.42,1.39,1.39,1.41,91.65,4,4.4,1.05,0.94
11/07/2021,12:44:00 PM,12:44:39 PM,Marburg,QLD,2,185172304,R2 1850m Pace M,185172305,Harness,1850,Pace,19941768,8,Gina Tarantella,LOSER,3.89,WINNER,1.62,785.9,4.2,3.4,4.1,3.79,752.69,720,1.82,720,5.34,265.75,493.5,2,1.34,1.48,1.93,1125.88,3.45,3.8,1.05,0.94
11/07/2021,1:21:00 PM,1:21:41 PM,Marburg,QLD,3,185172306,R3 1850m Pace M,185172307,Harness,1850,Pace,6098097,1,Reddy Fire,WINNER,4.52,WINNER,1.71,541.65,4.9,3.1,3.7,3.9,537.78,4.7,1.01,1.01,1.19,5896.51,829.64,1.91,1.59,1.59,1.66,9.06,4,4.3,1.04,0.95
11/07/2021,1:21:00 PM,1:21:41 PM,Marburg,QLD,3,185172306,R3 1850m Pace M,185172307,Harness,1850,Pace,11213717,2,Living Free,LOSER,3.05,LOSER,1.49,1193.95,3.5,2.54,2.88,3.16,468.77,280,2.62,170,6.18,197.53,913.23,1.75,1.38,1.43,1.46,88.91,3.15,3.4,1.04,0.95
11/07/2021,1:21:00 PM,1:21:41 PM,Marburg,QLD,3,185172306,R3 1850m Pace M,185172307,Harness,1850,Pace,28224144,3,Fastnflashy,LOSER,8.92,WINNER,2.8,497.41,10,8,8.6,9.22,87.59,890,7.4,720,21.33,44.54,229.72,,,,,,8.2,8.8,1.04,0.95
11/07/2021,1:21:00 PM,1:21:41 PM,Marburg,QLD,3,185172306,R3 1850m Pace M,185172307,Harness,1850,Pace,12319729,4,Just One Good One,LOSER,98.06,LOSER,13,51.19,150,65,90,80.94,7.25,720,28,720,71.16,17.03,110.17,11.5,9.6,10.5,11.26,39.39,70,90,1.04,0.95
11/07/2021,1:21:00 PM,1:21:41 PM,Marburg,QLD,3,185172306,R3 1850m Pace M,185172307,Harness,1850,Pace,2556860,5,Marthas Vineyard,LOSER,130,LOSER,12.5,27.33,190,90,160,114.64,7.18,930,19,930,116.96,12.51,125.62,,,,,,110,130,1.04,0.95
11/07/2021,1:21:00 PM,1:21:41 PM,Marburg,QLD,3,185172306,R3 1850m Pace M,185172307,Harness,1850,Pace,39436501,6,One Hellava Party,LOSER,19.89,WINNER,4.53,185.11,24,17,24,19.85,15.89,720,9,720,25.11,36.93,379.04,3.35,3.3,3.35,3.32,25,17.5,22,1.04,0.95
11/07/2021,1:21:00 PM,1:21:41 PM,Marburg,QLD,3,185172306,R3 1850m Pace M,185172307,Harness,1850,Pace,9617574,7,Purple Shades,LOSER,5.42,LOSER,1.89,616.66,6,4.4,5.5,5.08,246.61,280,5.4,280,38.73,11.91,672.69,,,,,,4.7,4.9,1.04,0.95
11/07/2021,1:21:00 PM,1:21:41 PM,Marburg,QLD,3,185172306,R3 1850m Pace M,185172307,Harness,1850,Pace,3070876,8,Country Run,LOSER,23.03,LOSER,4.68,148.95,23,14,22,20.36,13.78,910,19.5,720,47.61,17.93,146.64,,,,,,19,22,1.04,0.95
11/07/2021,1:54:00 PM,1:55:23 PM,Marburg,QLD,4,185172308,R4 1850m Pace M,185172309,Harness,1850,Pace,11328874,1,Clares Fool,LOSER,11.89,WINNER,2.92,265.19,18.5,7.4,12,12.99,487.43,720,5.4,350,13.39,126.81,247.27,2.72,2.72,2.72,2.72,22,16,17,1.05,0.96
11/07/2021,1:54:00 PM,1:55:23 PM,Marburg,QLD,4,185172308,R4 1850m Pace M,185172309,Harness,1850,Pace,16490188,2,Aurora Rose,LOSER,29.47,LOSER,5.54,103.11,40,19,40,26.66,132.08,720,42,720,92.67,4.39,180.88,4.5,4.2,4.3,4.28,40.87,26,42,1.05,0.96
11/07/2021,1:54:00 PM,1:55:23 PM,Marburg,QLD,4,185172308,R4 1850m Pace M,185172309,Harness,1850,Pace,9502646,3,Dallas Cowgirl,LOSER,10,LOSER,2.69,686.5,15,10,11.5,12.08,400.94,720,10,720,15.52,103.34,425.41,2.84,2.44,2.5,2.61,10.71,11.5,13.5,1.05,0.96
11/07/2021,1:54:00 PM,1:55:23 PM,Marburg,QLD,4,185172308,R4 1850m Pace M,185172309,Harness,1850,Pace,8599942,4,Its All Torque,LOSER,160,LOSER,26,29.29,340,120,260,165.87,47.44,900,700,900,706.21,0.51,64.77,,,,,,120,290,1.05,0.96
11/07/2021,1:54:00 PM,1:55:23 PM,Marburg,QLD,4,185172308,R4 1850m Pace M,185172309,Harness,1850,Pace,22119682,5,Forbidden Feelings,LOSER,150,LOSER,27.41,29.31,260,95,160,136.7,40.26,840,700,840,705.05,0.51,50.52,,,,,,110,180,1.05,0.96
11/07/2021,1:54:00 PM,1:55:23 PM,Marburg,QLD,4,185172308,R4 1850m Pace M,185172309,Harness,1850,Pace,23156807,6,Cannan,LOSER,6.65,WINNER,1.96,640.49,11.5,5,6.2,5.88,888.27,110,1.51,80,4.18,498.7,308.77,1.97,1.7,1.88,1.83,240.03,5.5,5.8,1.05,0.96
11/07/2021,1:54:00 PM,1:55:23 PM,Marburg,QLD,4,185172308,R4 1850m Pace M,185172309,Harness,1850,Pace,10144394,7,Abercrombie Tab,LOSER,7.4,LOSER,1.89,486.79,9,5.9,7.4,6.77,727.98,720,5.9,290,21.52,72.46,558.17,1.93,1.72,1.92,1.78,57.04,6.6,7.2,1.05,0.96
11/07/2021,1:54:00 PM,1:55:23 PM,Marburg,QLD,4,185172308,R4 1850m Pace M,185172309,Harness,1850,Pace,19215431,8,High On Montana,WINNER,1.94,WINNER,1.2,2416.63,2.18,1.85,2,1.99,3016.03,2.3,1.01,1.01,1.14,3824.19,1125.51,1.23,1.14,1.19,1.2,335.38,1.97,2.06,1.05,0.96
11/07/2021,2:34:00 PM,2:34:41 PM,Marburg,QLD,5,185172310,R5 1850m Pace M,185172311,Harness,1850,Pace,38936523,1,Looks Just Right,LOSER,6.38,WINNER,1.79,582.68,6.2,4.6,5.6,5.21,647.96,100,1.28,100,3.75,972.46,942.56,1.79,1.69,1.73,1.75,57.24,5.2,5.4,1.05,0.99
11/07/2021,2:34:00 PM,2:34:41 PM,Marburg,QLD,5,185172310,R5 1850m Pace M,185172311,Harness,1850,Pace,36526829,2,Joey Lincoln,LOSER,5.71,LOSER,1.9,477.03,7.4,4.8,4.8,5.5,1001.54,1000,5.3,1000,96,83.95,813.61,1.98,1.68,1.83,1.87,83.54,5.9,6,1.05,0.99
11/07/2021,2:34:00 PM,2:34:41 PM,Marburg,QLD,5,185172310,R5 1850m Pace M,185172311,Harness,1850,Pace,10585401,3,Onyajans,LOSER,9.71,LOSER,2.6,318.38,10,6.8,8.2,8.02,446.68,720,6,280,17.25,101.3,548.53,2.72,2.34,2.34,2.42,5.67,7.8,9,1.05,0.99
11/07/2021,2:34:00 PM,2:34:41 PM,Marburg,QLD,5,185172310,R5 1850m Pace M,185172311,Harness,1850,Pace,18526363,4,Itsmegs,WINNER,17.68,WINNER,3.72,186.15,21,12,17.5,15.27,121.79,26,1.01,1.01,1.13,6185.97,411.66,,,,,,14.5,17,1.05,0.99
11/07/2021,2:34:00 PM,2:34:41 PM,Marburg,QLD,5,185172310,R5 1850m Pace M,185172311,Harness,1850,Pace,16385170,5,Rock The House,LOSER,74.28,LOSER,14.14,82.97,110,65,65,81.96,35.66,720,4.2,300,23.11,61.25,39.38,9.8,8,9.8,8.66,15.16,80,90,1.05,0.99
11/07/2021,2:34:00 PM,2:34:41 PM,Marburg,QLD,5,185172310,R5 1850m Pace M,185172311,Harness,1850,Pace,11373275,6,Michaels Desire,LOSER,43.59,LOSER,7.15,86.07,85,36,60,46.91,78.78,720,10,720,30.4,35.51,146.08,7.4,7,7,7.2,57,48,50,1.05,0.99
11/07/2021,2:34:00 PM,2:34:41 PM,Marburg,QLD,5,185172310,R5 1850m Pace M,185172311,Harness,1850,Pace,19283327,7,Kettering Girl,LOSER,29,LOSER,5.78,122,34,15.5,34,25.63,92.11,720,25,720,87.83,17.7,232.84,,,,,,21,25,1.05,0.99
11/07/2021,2:34:00 PM,2:34:41 PM,Marburg,QLD,5,185172310,R5 1850m Pace M,185172311,Harness,1850,Pace,22970849,8,Scheu Creek,LOSER,2.45,WINNER,1.37,1315.57,2.74,2.04,2.56,2.5,4568.99,720,2,720,7.19,99.65,795.93,1.39,1.29,1.39,1.37,110.5,2.44,2.54,1.05,0.99
11/07/2021,3:10:00 PM,3:13:14 PM,Marburg,QLD,6,185172312,R6 1850m Pace M,185172313,Harness,1850,Pace,28329822,1,Newmerella Ladykay,LOSER,1.86,WINNER,1.18,2200.08,2.84,1.86,1.97,2.08,8098.07,110,1.05,44,1.45,2362.99,1296.92,1.27,1.17,1.17,1.2,527.29,2.04,2.12,1.04,0.97
11/07/2021,3:10:00 PM,3:13:14 PM,Marburg,QLD,6,185172312,R6 1850m Pace M,185172313,Harness,1850,Pace,22928313,2,Peggy Stardust,WINNER,20.47,WINNER,4.65,243.68,32,12.5,19.5,18.87,268.76,140,1.01,1.01,1.35,2801.33,219.08,3.15,2.9,3.15,3.14,5.11,20,25,1.04,0.97
11/07/2021,3:10:00 PM,3:13:14 PM,Marburg,QLD,6,185172312,R6 1850m Pace M,185172313,Harness,1850,Pace,1385464,3,Archilles,LOSER,44.13,LOSER,5.3,76.34,80,36,44,46.18,50.89,940,60,610,264.03,6.97,283.17,5.3,5.2,5.2,5.25,14,46,48,1.04,0.97
11/07/2021,3:10:00 PM,3:13:14 PM,Marburg,QLD,6,185172312,R6 1850m Pace M,185172313,Harness,1850,Pace,13223746,4,Deadly Rocker,LOSER,78.02,LOSER,8.1,66.88,180,55,90,87.62,21.72,720,30,720,48.21,23.86,64.91,7.6,7.4,7.4,7.41,80,65,90,1.04,0.97
11/07/2021,3:10:00 PM,3:13:14 PM,Marburg,QLD,6,185172312,R6 1850m Pace M,185172313,Harness,1850,Pace,9370267,5,Nolonga Your Choice,LOSER,975.71,LOSER,53.32,17.09,740,120,740,203.73,8.87,1000,740,930,975.74,7.24,28.26,,,,,,230,720,1.04,0.97
11/07/2021,3:10:00 PM,3:13:14 PM,Marburg,QLD,6,185172312,R6 1850m Pace M,185172313,Harness,1850,Pace,12863301,6,Darby Brights,LOSER,16.05,LOSER,2.3,141.57,17,9.4,17,14.05,273.5,890,24,720,113.6,9.59,455.54,2.56,2.06,2.3,2.25,244.61,15.5,16.5,1.04,0.97
11/07/2021,3:10:00 PM,3:13:14 PM,Marburg,QLD,6,185172312,R6 1850m Pace M,185172313,Harness,1850,Pace,23926956,7,Prince Joy,LOSER,12,LOSER,2.4,294.09,17,10.5,12,11.72,197.81,1000,19.5,1000,187.6,40.92,693.93,,,,,,11,12,1.04,0.97
11/07/2021,3:10:00 PM,3:13:14 PM,Marburg,QLD,6,185172312,R6 1850m Pace M,185172313,Harness,1850,Pace,15538359,8,Night Ninja,LOSER,4.14,WINNER,1.37,1011.42,3.85,2.54,3.85,3.25,1658.09,720,2.44,280,5.74,204.55,619.44,1.39,1.33,1.39,1.37,71.68,3.3,3.55,1.04,0.97
11/07/2021,3:42:00 PM,3:42:40 PM,Marburg,QLD,7,185172314,R7 2200m Pace S,185172315,Harness,2200,Pace,20880178,1,Keayang Sponge Bob,LOSER,25,WINNER,4.66,151.72,29,20,25,22.95,31.54,720,9.6,720,36,17.08,247.5,3.9,3.9,3.9,3.9,0.17,23,28,1.03,0.96
11/07/2021,3:42:00 PM,3:42:40 PM,Marburg,QLD,7,185172314,R7 2200m Pace S,185172315,Harness,2200,Pace,18528276,2,Mustang Dude,LOSER,290,LOSER,46.11,18.23,200,170,180,184.14,3,720,34,720,83.99,34.38,57.58,,,,,,170,180,1.03,0.96
11/07/2021,3:42:00 PM,3:42:40 PM,Marburg,QLD,7,185172314,R7 2200m Pace S,185172315,Harness,2200,Pace,24191148,3,The Last Starfire,LOSER,334.74,LOSER,44.25,31.59,200,140,180,163.83,5.76,720,100,710,366.13,7.5,50.33,,,,,,170,210,1.03,0.96
11/07/2021,3:42:00 PM,3:42:40 PM,Marburg,QLD,7,185172314,R7 2200m Pace S,185172315,Harness,2200,Pace,27020046,4,Doolittle Doozzie,LOSER,7.8,WINNER,2.05,510.41,8,7,7.4,7.11,314.8,720,1.32,110,5.88,173.4,723.82,2.56,1.96,1.96,2.46,1.91,7,7.6,1.03,0.96
11/07/2021,3:42:00 PM,3:42:40 PM,Marburg,QLD,7,185172314,R7 2200m Pace S,185172315,Harness,2200,Pace,9268873,5,Doolittle Dandy,LOSER,54.97,LOSER,10.65,82.28,60,38,55,52.6,7.16,720,36,720,95.57,6.49,162.66,,,,,,48,55,1.03,0.96
11/07/2021,3:42:00 PM,3:42:40 PM,Marburg,QLD,7,185172314,R7 2200m Pace S,185172315,Harness,2200,Pace,24327140,6,Bonnies Cam,LOSER,2.94,LOSER,1.36,1141.58,3.2,2.48,2.94,2.87,1141.7,720,2.94,720,5.4,214.33,957.01,1.4,1.29,1.36,1.37,160.24,2.98,3.1,1.03,0.96
11/07/2021,3:42:00 PM,3:42:40 PM,Marburg,QLD,7,185172314,R7 2200m Pace S,185172315,Harness,2200,Pace,27922121,7,Maywyn A Jug Ortwo,LOSER,83.95,LOSER,12.5,88.12,170,95,100,107.7,1.27,720,60,710,140.98,6.97,122.24,,,,,,95,100,1.03,0.96
11/07/2021,3:42:00 PM,3:42:40 PM,Marburg,QLD,7,185172314,R7 2200m Pace S,185172315,Harness,2200,Pace,6085840,8,Handsome Harry,WINNER,2.94,WINNER,1.36,1349.92,3.25,2.8,2.8,2.9,1135.81,19,1.01,1.03,1.32,3137.1,664.26,1.39,1.35,1.39,1.38,116.34,2.84,2.94,1.03,0.96
11/07/2021,3:42:00 PM,3:42:40 PM,Marburg,QLD,7,185172314,R7 2200m Pace S,185172315,Harness,2200,Pace,8322462,9,Ghost Gum,LOSER,95.11,LOSER,10.5,82.38,180,100,100,104.1,22.33,720,29,610,84.73,12.51,176.89,12.5,9.6,11,10.36,78.69,100,120,1.03,0.96
11/07/2021,3:42:00 PM,3:42:40 PM,Marburg,QLD,7,185172314,R7 2200m Pace S,185172315,Harness,2200,Pace,23585249,10,Rocknroll Da Gama,LOSER,12.11,LOSER,2.35,305.96,14,9,12.5,11.25,159.29,720,11,190,39.6,17.72,793.06,2.36,2.2,2.36,2.3,34.8,10,11.5,1.03,0.96
11/07/2021,4:07:00 PM,4:07:24 PM,Marburg,QLD,8,185172316,R8 1850m Pace M,185172317,Harness,1850,Pace,8201054,1,Circle Line,LOSER,9.6,WINNER,4.3,340.26,9.8,4.8,8.4,7.93,357.86,170,4,170,7.74,117.44,370.56,,,,,,8.4,9,1.04,0.97
11/07/2021,4:07:00 PM,4:07:24 PM,Marburg,QLD,8,185172316,R8 1850m Pace M,185172317,Harness,1850,Pace,17669343,2,Go Jo Jolt,LOSER,9.23,LOSER,4.6,431.08,18.5,7.6,8.6,9.87,702.72,170,8.4,110,22.95,49.74,216.18,,,,,,7.8,8.6,1.04,0.97
11/07/2021,4:07:00 PM,4:07:24 PM,Marburg,QLD,8,185172316,R8 1850m Pace M,185172317,Harness,1850,Pace,26085646,4,Gosling In Flight,WINNER,3.37,WINNER,1.87,1243.02,4,2.92,3.25,3.19,1019.29,3.45,1.01,1.01,1.34,3576.82,868.61,,,,,,3.1,3.2,1.04,0.97
11/07/2021,4:07:00 PM,4:07:24 PM,Marburg,QLD,8,185172316,R8 1850m Pace M,185172317,Harness,1850,Pace,5038712,5,Gangbuster,LOSER,200,LOSER,115.74,17.12,480,130,160,159.21,12.28,1000,110,1000,660.95,9.22,0.71,120,110,110,115.66,0.72,90,160,1.04,0.97
11/07/2021,4:07:00 PM,4:07:24 PM,Marburg,QLD,8,185172316,R8 1850m Pace M,185172317,Harness,1850,Pace,25403983,6,Hollywood Rooki,LOSER,35.21,LOSER,12.2,74.69,32,22,32,28.75,16.89,720,4.9,720,27.85,70.26,111.26,,,,,,26,30,1.04,0.97
11/07/2021,4:07:00 PM,4:07:24 PM,Marburg,QLD,8,185172316,R8 1850m Pace M,185172317,Harness,1850,Pace,10783023,7,Aqua Cruiser,LOSER,2.92,LOSER,1.66,1211.3,3.45,2.72,2.74,2.98,1692.15,720,2.78,720,11.83,248.19,683.26,,,,,,2.86,3.05,1.04,0.97
11/07/2021,4:07:00 PM,4:07:24 PM,Marburg,QLD,8,185172316,R8 1850m Pace M,185172317,Harness,1850,Pace,24429795,8,Major Slip Up,LOSER,14,LOSER,5.4,289.01,15.5,9.4,15,13.67,41.68,900,14,900,90.4,33.54,166.37,,,,,,14,15,1.04,0.97
11/07/2021,4:44:00 PM,4:44:32 PM,Marburg,QLD,9,185172318,R9 2200m Pace M,185172319,Harness,2200,Pace,24239479,1,Pebble Sands,LOSER,9.61,WINNER,2.98,410.73,10,6.8,7,7.9,759.76,110,1.28,100,4.06,608.48,686.2,9.8,2.2,9.8,2.55,9.15,8.2,9.4,1.06,0.97
11/07/2021,4:44:00 PM,4:44:32 PM,Marburg,QLD,9,185172318,R9 2200m Pace M,185172319,Harness,2200,Pace,13208675,2,Our Stella Rose,LOSER,22.92,LOSER,3.97,203.8,23,8.8,21,15.33,316.96,1000,15,130,76.2,34.81,330.02,4.4,3.25,4.4,3.6,59.06,17,19,1.06,0.97
11/07/2021,4:44:00 PM,4:44:32 PM,Marburg,QLD,9,185172318,R9 2200m Pace M,185172319,Harness,2200,Pace,19258268,3,Lady Swiss,LOSER,21,WINNER,3.98,210.19,28,18.5,20,21.47,188.86,720,5,720,101.88,24.32,526.24,7.8,3.95,4.2,4.52,276.83,19,21,1.06,0.97
11/07/2021,4:44:00 PM,4:44:32 PM,Marburg,QLD,9,185172318,R9 2200m Pace M,185172319,Harness,2200,Pace,17773871,4,Hit The Track,LOSER,12.77,LOSER,3.8,516.15,25,13,13,15.84,260.06,1000,12,250,25.23,62.87,435.92,,,,,,15.5,17.5,1.06,0.97
11/07/2021,4:44:00 PM,4:44:32 PM,Marburg,QLD,9,185172318,R9 2200m Pace M,185172319,Harness,2200,Pace,12780706,5,Blissfulday,LOSER,8.97,LOSER,2.76,404.36,10,5.5,8.2,7.4,700.92,770,8.8,770,28.22,101.34,456.12,2.92,2.18,2.52,2.41,142.17,8.8,9.8,1.06,0.97
11/07/2021,4:44:00 PM,4:44:32 PM,Marburg,QLD,9,185172318,R9 2200m Pace M,185172319,Harness,2200,Pace,12714499,6,Rum Delight,LOSER,16.1,LOSER,3.75,353.26,40,15,17.5,19.85,517.07,1000,10,80,59.58,12.72,189.64,4.1,3.35,3.35,3.84,65,18.5,19.5,1.06,0.97
11/07/2021,4:44:00 PM,4:44:32 PM,Marburg,QLD,9,185172318,R9 2200m Pace M,185172319,Harness,2200,Pace,33668741,7,Mega Star,WINNER,3.2,WINNER,1.76,1278.55,3.2,2.7,3.1,2.92,5349.44,5.5,1.01,1.03,1.27,3338.55,337.96,1.45,1.42,1.42,1.44,99.71,2.8,2.98,1.06,0.97
11/07/2021,4:44:00 PM,4:44:32 PM,Marburg,QLD,9,185172318,R9 2200m Pace M,185172319,Harness,2200,Pace,38091284,8,Adrenaline Rush,LOSER,5.03,LOSER,2.05,1055.45,5.6,4.2,4.9,4.69,1327.35,780,5,130,10.46,199.21,735.49,1.98,1.7,1.75,1.76,19.21,4.3,4.6,1.06,0.97
11/07/2021,12:20:00 PM,12:20:55 PM,Shepparton,VIC,1,185172284,R1 2190m Trot M,185172285,Harness,2190,Trot,13333944,1,Dellsun,LOSER,16.24,LOSER,5.99,360.65,28,13,16.5,18.98,205.03,1000,14,1000,80.93,33.36,141.68,5.4,3.5,5.4,4.51,33.28,13.5,19.5,1.07,0.98
11/07/2021,12:20:00 PM,12:20:55 PM,Shepparton,VIC,1,185172284,R1 2190m Trot M,185172285,Harness,2190,Trot,27751267,2,Vincent Kai,WINNER,2.78,WINNER,1.49,1436.32,3.1,2.34,2.6,2.46,2628.51,4.2,1.01,1.01,1.59,1587.41,646.21,1.53,1.26,1.44,1.43,616.11,2.46,2.56,1.07,0.98
11/07/2021,12:20:00 PM,12:20:55 PM,Shepparton,VIC,1,185172284,R1 2190m Trot M,185172285,Harness,2190,Trot,25574564,3,Miss Tipsy,LOSER,16.5,WINNER,6.2,233.84,25,13,17,18.85,286.81,120,2.52,120,70.23,48.27,261.34,8.6,5.4,6.6,7.2,5.88,16.5,17,1.07,0.98
11/07/2021,12:20:00 PM,12:20:55 PM,Shepparton,VIC,1,185172284,R1 2190m Trot M,185172285,Harness,2190,Trot,38454724,4,Montana Muscle,LOSER,992.97,LOSER,459.53,17.44,1000,30,1000,535.39,25.11,1000,1000,1000,1000,0.04,0.37,680,250,680,467.75,0.4,260,800,1.07,0.98
11/07/2021,12:20:00 PM,12:20:55 PM,Shepparton,VIC,1,185172284,R1 2190m Trot M,185172285,Harness,2190,Trot,2702616,5,Everybodylovesme,LOSER,2.55,LOSER,1.65,1611.24,3.1,2.5,2.52,2.6,3701.52,720,1.8,270,5.57,551.81,920.57,1.81,1.53,1.53,1.56,10.19,2.6,2.78,1.07,0.98
11/07/2021,12:20:00 PM,12:20:55 PM,Shepparton,VIC,1,185172284,R1 2190m Trot M,185172285,Harness,2190,Trot,40127035,6,Aldebaran Jethro,LOSER,42,LOSER,9.9,67.47,50,28,50,40.87,73.87,920,36,740,136.52,17.36,101.24,,,,,,32,40,1.07,0.98
11/07/2021,12:20:00 PM,12:20:55 PM,Shepparton,VIC,1,185172284,R1 2190m Trot M,185172285,Harness,2190,Trot,23429219,7,Majestic Jewel,LOSER,10.5,LOSER,4.2,289.51,12.5,7.8,11.5,9.41,977.24,890,7,720,81.42,26.63,138.4,4.9,3.75,3.8,3.93,32.05,9.4,10.5,1.07,0.98
11/07/2021,12:54:00 PM,12:54:28 PM,Shepparton,VIC,2,185172286,R2 2190m Trot M,185172287,Harness,2190,Trot,16040060,1,Mystic Chip,WINNER,7.85,WINNER,3.65,410.93,7.4,4.5,6.8,5.92,435.46,8,1.01,1.01,1.21,1240.71,105.49,2.96,2.7,2.94,2.94,112.42,6.4,7.2,1.04,0.97
11/07/2021,12:54:00 PM,12:54:28 PM,Shepparton,VIC,2,185172286,R2 2190m Trot M,185172287,Harness,2190,Trot,27616453,2,Kalarney Heidi,LOSER,4.8,LOSER,2.48,1036.56,5.9,4.1,4.3,4.31,1350.73,880,4.4,690,22.9,309.64,601.22,2.36,2.36,2.36,2.36,31.55,4.2,4.4,1.04,0.97
11/07/2021,12:54:00 PM,12:54:28 PM,Shepparton,VIC,2,185172286,R2 2190m Trot M,185172287,Harness,2190,Trot,19085694,3,Starlight Red,LOSER,3.75,LOSER,2.31,1603.45,4.2,3.25,3.7,3.92,2187.2,720,1.98,720,3.59,1975.39,568.64,2.08,2.02,2.06,2.06,100.16,3.65,3.9,1.04,0.97
11/07/2021,12:54:00 PM,12:54:28 PM,Shepparton,VIC,2,185172286,R2 2190m Trot M,185172287,Harness,2190,Trot,2683362,4,Tetra,LOSER,22.48,LOSER,8.75,261.26,28,19,25,23.63,25.38,720,13.5,110,19,65.66,190.18,,,,,,23,26,1.04,0.97
11/07/2021,12:54:00 PM,12:54:28 PM,Shepparton,VIC,2,185172286,R2 2190m Trot M,185172287,Harness,2190,Trot,848663,5,Starlight Storm,LOSER,5.7,LOSER,2.88,753.84,8,5.4,5.4,5.86,214.59,880,4.5,700,65.89,61.48,594.88,3.4,2.72,2.72,3.18,1.26,5.8,6.2,1.04,0.97
11/07/2021,12:54:00 PM,12:54:28 PM,Shepparton,VIC,2,185172286,R2 2190m Trot M,185172287,Harness,2190,Trot,23476154,6,Bacardi Wood,LOSER,6.6,WINNER,3.26,498.27,8.2,5.9,6.4,6.6,228.15,110,2.06,110,21.85,108.25,536.62,,,,,,6.4,7,1.04,0.97
11/07/2021,1:29:00 PM,1:29:58 PM,Shepparton,VIC,3,185172288,R3 2190m Pace M,185172289,Harness,2190,Pace,24055474,1,Bee Gee Cee,LOSER,56.37,LOSER,26.74,118.38,75,34,60,53.83,31.92,710,65,710,119.62,8.54,65.88,,,,,,55,60,1.02,0.99
11/07/2021,1:29:00 PM,1:29:58 PM,Shepparton,VIC,3,185172288,R3 2190m Pace M,185172289,Harness,2190,Pace,16099198,2,Imapest,LOSER,30,LOSER,10.24,255.46,50,24,34,33.25,139.66,710,13.5,710,28.36,136.19,170.29,10.5,10,10,10.5,5,32,34,1.02,0.99
11/07/2021,1:29:00 PM,1:29:58 PM,Shepparton,VIC,3,185172288,R3 2190m Pace M,185172289,Harness,2190,Pace,24416445,3,Galactic Gal,LOSER,2.85,WINNER,1.65,2202.5,3.85,2.7,2.94,2.8,2973.15,85,2.04,85,3.28,958.91,907.56,1.66,1.6,1.66,1.66,64.72,2.74,2.84,1.02,0.99
11/07/2021,1:29:00 PM,1:29:58 PM,Shepparton,VIC,3,185172288,R3 2190m Pace M,185172289,Harness,2190,Pace,14510035,4,Lara Bay,WINNER,9,WINNER,3.58,376.73,9.4,5.8,8.2,8.33,753.22,10,1.03,1.03,3.95,711.26,402.88,3.3,3.3,3.3,3.3,0.12,8.6,9,1.02,0.99
11/07/2021,1:29:00 PM,1:29:58 PM,Shepparton,VIC,3,185172288,R3 2190m Pace M,185172289,Harness,2190,Pace,18145069,5,Roslyn Gaye,LOSER,6.46,LOSER,2.84,584.23,7.6,5.1,6,6.41,2721.47,110,4.4,110,6.01,452.21,340.02,3.1,2.48,2.86,2.75,472.47,6.8,7.2,1.02,0.99
11/07/2021,1:29:00 PM,1:29:58 PM,Shepparton,VIC,3,185172288,R3 2190m Pace M,185172289,Harness,2190,Pace,23632679,6,No Nay Never,LOSER,2.98,LOSER,1.76,1523.69,3.65,2.7,2.94,2.94,3115.04,140,2,110,3.94,493.23,635.11,1.92,1.65,1.65,1.67,42.07,2.92,2.96,1.02,0.99
11/07/2021,2:04:00 PM,2:04:52 PM,Shepparton,VIC,4,185172290,R4 2190m Pace M,185172291,Harness,2190,Pace,25649949,1,Taleggio,LOSER,19.69,WINNER,4.45,152.22,24,11,21,17.05,207,48,2.38,24,8.34,421.02,263,4.1,3.35,3.55,3.66,88.42,16,16.5,1.02,0.96
11/07/2021,2:04:00 PM,2:04:52 PM,Shepparton,VIC,4,185172290,R4 2190m Pace M,185172291,Harness,2190,Pace,7162186,2,Amber Alert,LOSER,14.99,LOSER,3.62,248.51,16,6.8,14,13.27,485.91,880,9.4,720,28.58,123.82,344.7,3.85,3.85,3.85,3.85,1.08,11.5,12.5,1.02,0.96
11/07/2021,2:04:00 PM,2:04:52 PM,Shepparton,VIC,4,185172290,R4 2190m Pace M,185172291,Harness,2190,Pace,21100632,3,Tracer Bullet,WINNER,1.42,WINNER,1.22,4557.53,1.88,1.42,1.46,1.5,9344.02,1.6,1.03,1.03,1.32,2433.16,1367.92,1.24,1.21,1.24,1.23,336.29,1.53,1.57,1.02,0.96
11/07/2021,2:04:00 PM,2:04:52 PM,Shepparton,VIC,4,185172290,R4 2190m Pace M,185172291,Harness,2190,Pace,38388120,4,Gigis Grinner,LOSER,8.4,LOSER,2.87,574.58,11.5,6.8,8,8.26,511.48,720,8,720,16.33,76.57,570.32,,,,,,8.6,9.4,1.02,0.96
11/07/2021,2:04:00 PM,2:04:52 PM,Shepparton,VIC,4,185172290,R4 2190m Pace M,185172291,Harness,2190,Pace,27408211,5,Beach Time,LOSER,40,LOSER,11.1,85.65,46,23,44,36.03,42.77,720,50,720,125.89,9.05,144.18,,,,,,28,42,1.02,0.96
11/07/2021,2:04:00 PM,2:04:52 PM,Shepparton,VIC,4,185172290,R4 2190m Pace M,185172291,Harness,2190,Pace,25797082,6,Cresco Goldigger,LOSER,44,LOSER,17.8,56.89,65,29,42,44.83,14.06,720,18.5,720,24.64,222.67,35.68,,,,,,36,46,1.02,0.96
11/07/2021,2:04:00 PM,2:04:52 PM,Shepparton,VIC,4,185172290,R4 2190m Pace M,185172291,Harness,2190,Pace,40127036,7,Driffing,LOSER,28.74,LOSER,6.79,138.06,36,20,34,28.45,58.18,720,5,720,26.57,38.74,202.57,,,,,,27,36,1.02,0.96
11/07/2021,2:39:00 PM,2:39:49 PM,Shepparton,VIC,5,185172292,R5 2190m Pace M,185172293,Harness,2190,Pace,21754574,1,Crossroader,LOSER,23.73,LOSER,9.59,205.27,65,5.6,26,19.21,722.91,880,5.1,650,35.5,151.72,24.08,10,4.8,6,6.56,50.77,10,11,1.03,0.98
11/07/2021,2:39:00 PM,2:39:49 PM,Shepparton,VIC,5,185172292,R5 2190m Pace M,185172293,Harness,2190,Pace,15424477,2,Melinka,LOSER,42.84,LOSER,13.25,130,90,38,42,51.82,26.88,720,24,140,60.36,25.44,89.92,,,,,,55,60,1.03,0.98
11/07/2021,2:39:00 PM,2:39:49 PM,Shepparton,VIC,5,185172292,R5 2190m Pace M,185172293,Harness,2190,Pace,4469411,3,Rock The Nation,LOSER,3.6,WINNER,2.14,1281.58,7.2,3.45,3.45,4.19,2498.55,34,1.78,30,2.45,669.62,723.35,2.4,2.08,2.08,2.16,49.93,4.3,4.5,1.03,0.98
11/07/2021,2:39:00 PM,2:39:49 PM,Shepparton,VIC,5,185172292,R5 2190m Pace M,185172293,Harness,2190,Pace,12292163,4,Rocknroll Cruiser,LOSER,2.69,LOSER,1.59,1878.35,2.36,1.7,2.28,2.07,7956.53,780,2.16,490,4.87,1095.63,653.8,1.46,1.46,1.46,1.46,0.7,2.02,2.06,1.03,0.98
11/07/2021,2:39:00 PM,2:39:49 PM,Shepparton,VIC,5,185172292,R5 2190m Pace M,185172293,Harness,2190,Pace,17996572,5,Clem Mcardle,LOSER,10.23,LOSER,4.35,460.85,19.5,9.8,10.5,12.73,710.21,100,1.8,100,10.84,60.76,359.71,,,,,,13.5,14.5,1.03,0.98
11/07/2021,2:39:00 PM,2:39:49 PM,Shepparton,VIC,5,185172292,R5 2190m Pace M,185172293,Harness,2190,Pace,26678902,6,Luvtoo,LOSER,12,LOSER,5.27,368.44,19,12,12,14.89,288.3,720,7.6,490,67.96,44.01,279.49,,,,,,16,17.5,1.03,0.98
11/07/2021,2:39:00 PM,2:39:49 PM,Shepparton,VIC,5,185172292,R5 2190m Pace M,185172293,Harness,2190,Pace,25182079,7,Hancocks Hero,WINNER,17,WINNER,7,264.38,29,17.5,17.5,21.95,215.9,48,1.04,1.14,3.76,370.11,201.49,6.4,6.4,6.4,6.4,5,23,24,1.03,0.98
11/07/2021,3:19:00 PM,3:19:50 PM,Shepparton,VIC,6,185172294,R6 1690m Pace M,185172295,Harness,1690,Pace,19583086,1,Tungsten Terror,LOSER,3.25,LOSER,2.01,1533.98,4,2.7,3.2,3.36,4434.03,55,1.59,28,2.8,337.74,505.55,2,1.84,1.98,1.97,632.2,3.25,3.45,1.04,0.98
11/07/2021,3:19:00 PM,3:19:50 PM,Shepparton,VIC,6,185172294,R6 1690m Pace M,185172295,Harness,1690,Pace,28658294,2,Fullofmischief,LOSER,8.41,LOSER,3.25,648.84,11,7.4,8.4,8.89,1249.17,70,8,44,12.82,25.33,289.41,4.4,2.94,3.05,3.3,77.57,8.8,9.2,1.04,0.98
11/07/2021,3:19:00 PM,3:19:50 PM,Shepparton,VIC,6,185172294,R6 1690m Pace M,185172295,Harness,1690,Pace,21934691,3,Sea Hawke,LOSER,16.94,LOSER,7.44,311.9,32,14,15,21.36,658.96,110,10.5,100,22.69,76.81,92.72,8,5.9,5.9,7.12,87.73,16,19,1.04,0.98
11/07/2021,3:19:00 PM,3:19:50 PM,Shepparton,VIC,6,185172294,R6 1690m Pace M,185172295,Harness,1690,Pace,28418345,4,Bao Nien,WINNER,9.04,WINNER,3.73,458.35,10,7,8.6,8.51,681.14,22,1.45,16,5.75,218.2,437.74,3.2,3.2,3.2,3.2,70.32,8.8,9.6,1.04,0.98
11/07/2021,3:19:00 PM,3:19:50 PM,Shepparton,VIC,6,185172294,R6 1690m Pace M,185172295,Harness,1690,Pace,10125717,5,Showgun Thomas,LOSER,25.35,LOSER,11.22,149.84,36,24,27,29.66,109.46,710,21,710,74.24,27.85,133.29,,,,,,32,36,1.04,0.98
11/07/2021,3:19:00 PM,3:19:50 PM,Shepparton,VIC,6,185172294,R6 1690m Pace M,185172295,Harness,1690,Pace,11036962,6,Rockin In Memphis,LOSER,26.15,LOSER,11.2,188.17,44,13.5,29,29.02,105.21,140,10,110,27.25,52.46,99.5,8.6,8.2,8.2,8.53,5,36,44,1.04,0.98
11/07/2021,3:19:00 PM,3:19:50 PM,Shepparton,VIC,6,185172294,R6 1690m Pace M,185172295,Harness,1690,Pace,9426004,7,Herehecomes,LOSER,3.49,WINNER,1.92,1691.19,3.3,2.46,3.25,2.7,6667.62,44,1.12,1.21,3.09,429.06,323.69,1.73,1.52,1.6,1.68,41.32,2.62,2.68,1.04,0.98
11/07/2021,3:59:00 PM,4:00:04 PM,Shepparton,VIC,7,185172296,R7 2190m Pace M,185172297,Harness,2190,Pace,16040071,1,Ideal Suspect,LOSER,15.5,LOSER,3.14,254.05,19,10.5,15.5,14.78,152.2,1000,15.5,1000,107.74,18.03,716.68,3.75,2.74,3.2,3.15,392.22,14.5,15.5,1.01,0.98
11/07/2021,3:59:00 PM,4:00:04 PM,Shepparton,VIC,7,185172296,R7 2190m Pace M,185172297,Harness,2190,Pace,9313827,2,Timely Sovereign,LOSER,63.77,LOSER,9.23,82.65,100,38,60,63.78,62.06,1000,90,1000,479.72,3,102.95,,,,,,50,60,1.01,0.98
11/07/2021,3:59:00 PM,4:00:04 PM,Shepparton,VIC,7,185172296,R7 2190m Pace M,185172297,Harness,2190,Pace,4932809,3,Willem,WINNER,10.5,WINNER,2.56,430.35,10.5,5,9.6,7.89,718.7,27,1.01,1.01,1.64,2331.01,729.87,3.1,2.1,2.56,2.34,696.15,9.4,9.8,1.01,0.98
11/07/2021,3:59:00 PM,4:00:04 PM,Shepparton,VIC,7,185172296,R7 2190m Pace M,185172297,Harness,2190,Pace,11861507,4,Carl Mattgregor,LOSER,40.53,LOSER,7.29,118.08,50,16.5,38,31.28,88.87,1000,50,1000,168.64,5.69,164.27,,,,,,34,42,1.01,0.98
11/07/2021,3:59:00 PM,4:00:04 PM,Shepparton,VIC,7,185172296,R7 2190m Pace M,185172297,Harness,2190,Pace,24252403,5,Jemsoms Pet,LOSER,1.28,WINNER,1.08,3106.54,1.64,1.27,1.29,1.32,17766.78,120,1.07,120,3.32,1439.04,10.1,1.16,1.08,1.08,1.1,1153.26,1.31,1.32,1.01,0.98
11/07/2021,3:59:00 PM,4:00:04 PM,Shepparton,VIC,7,185172296,R7 2190m Pace M,185172297,Harness,2190,Pace,8554452,6,Duke Jujon,LOSER,218.22,LOSER,18.5,17.13,180,70,150,112.3,35.55,1000,210,1000,264.65,6.05,85.1,16,11.5,16,12.72,29.1,120,130,1.01,0.98
11/07/2021,3:59:00 PM,4:00:04 PM,Shepparton,VIC,7,185172296,R7 2190m Pace M,185172297,Harness,2190,Pace,14510005,7,Keayang Da Vinci,LOSER,78.98,LOSER,11.66,121.53,130,65,75,85.58,51.02,1000,75,1000,189.9,10.78,58.4,12.5,11,12.5,12.18,16.16,70,85,1.01,0.98
11/07/2021,4:34:00 PM,4:35:23 PM,Shepparton,VIC,8,185172298,R8 2190m Pace M,185172299,Harness,2190,Pace,40127037,1,Milly Patone,LOSER,156.23,LOSER,29.33,29.92,230,65,160,156.82,11.21,720,250,720,519.04,1.32,55.05,38,24,24,28.67,0.06,120,170,1.02,0.96
11/07/2021,4:34:00 PM,4:35:23 PM,Shepparton,VIC,8,185172298,R8 2190m Pace M,185172299,Harness,2190,Pace,40061835,2,Spanmatilda,LOSER,71.34,LOSER,12.49,63.29,95,44,90,71.8,10.16,940,20,940,90.75,58.98,36.64,12.5,12.5,12.5,12.5,0.02,70,80,1.02,0.96
11/07/2021,4:34:00 PM,4:35:23 PM,Shepparton,VIC,8,185172298,R8 2190m Pace M,185172299,Harness,2190,Pace,40127038,3,Giannis Ay Macray,LOSER,208.94,LOSER,16.99,32.29,170,60,140,135.4,4.1,720,80,720,275.21,3.71,73.98,21,21,21,21,0.02,110,150,1.02,0.96
11/07/2021,4:34:00 PM,4:35:23 PM,Shepparton,VIC,8,185172298,R8 2190m Pace M,185172299,Harness,2190,Pace,40127039,4,Stormboy Star,LOSER,52.69,LOSER,8.25,94.57,75,46,55,57.99,19.86,940,48,610,113.96,24.36,147.32,,,,,,50,55,1.02,0.96
11/07/2021,4:34:00 PM,4:35:23 PM,Shepparton,VIC,8,185172298,R8 2190m Pace M,185172299,Harness,2190,Pace,27379927,5,Sheffield Peak,LOSER,120,LOSER,12.5,39.31,250,60,130,113.11,10.54,960,50,960,178.49,9.36,,,,,,,80,120,1.02,0.96
11/07/2021,4:34:00 PM,4:35:23 PM,Shepparton,VIC,8,185172298,R8 2190m Pace M,185172299,Harness,2190,Pace,36661965,6,Smooth Rolling,LOSER,45.07,LOSER,8.34,78.94,65,38,50,55.59,19.91,720,21,720,51.74,41.37,71.46,,,,,,50,55,1.02,0.96
11/07/2021,4:34:00 PM,4:35:23 PM,Shepparton,VIC,8,185172298,R8 2190m Pace M,185172299,Harness,2190,Pace,28092149,7,Better Steam Ahead,LOSER,6.2,WINNER,1.58,734.24,5.9,4.1,5.8,5.04,1375.36,110,2.7,46,6.39,158.44,819.35,1.87,1.56,1.62,1.58,1613.34,4.8,4.9,1.02,0.96
11/07/2021,4:34:00 PM,4:35:23 PM,Shepparton,VIC,8,185172298,R8 2190m Pace M,185172299,Harness,2190,Pace,37832512,8,Rock Nien,LOSER,15.35,LOSER,2.46,288.73,16,9.2,14,12.51,515.17,720,3.05,720,10.8,112.97,385.56,,,,,,10,11.5,1.02,0.96
11/07/2021,4:34:00 PM,4:35:23 PM,Shepparton,VIC,8,185172298,R8 2190m Pace M,185172299,Harness,2190,Pace,40127040,9,Clifton Babe,LOSER,8,WINNER,2.06,479.02,9.4,5.1,7.4,7.45,294.29,720,3.05,140,16.38,267.65,273.92,2.12,1.92,1.93,1.92,68.84,8,8.8,1.02,0.96
11/07/2021,4:34:00 PM,4:35:23 PM,Shepparton,VIC,8,185172298,R8 2190m Pace M,185172299,Harness,2190,Pace,39722643,10,Harryhoo,WINNER,1.81,WINNER,1.19,2411.15,2.74,1.76,1.84,1.91,5035.95,2.98,1.01,1.02,1.7,2281.55,1211.94,1.26,1.18,1.18,1.21,246.65,1.99,2.06,1.02,0.96
11/07/2021,5:07:00 PM,5:08:00 PM,Shepparton,VIC,9,185172300,R9 1690m Pace M,185172301,Harness,1690,Pace,22650357,2,Cresco Threepeat,LOSER,150.04,LOSER,13.55,44.61,190,60,190,82.15,25.33,1000,26,1000,122.76,21.15,131.94,10.5,9,9,9.3,20.28,110,160,1.02,0.97
11/07/2021,5:07:00 PM,5:08:00 PM,Shepparton,VIC,9,185172300,R9 1690m Pace M,185172301,Harness,1690,Pace,13313884,3,Forest Force,LOSER,25.43,LOSER,4.14,202.95,32,19,22,22.11,401.61,720,9,300,26.97,96.62,291.94,5,3.25,3.9,4.27,353.17,21,23,1.02,0.97
11/07/2021,5:07:00 PM,5:08:00 PM,Shepparton,VIC,9,185172300,R9 1690m Pace M,185172301,Harness,1690,Pace,20979396,4,Tweet About It,LOSER,27.94,LOSER,5.04,247.67,38,19,30,24.75,340.34,720,14,580,58.71,35.42,340.58,5,4.4,4.8,4.56,34.69,20,22,1.02,0.97
11/07/2021,5:07:00 PM,5:08:00 PM,Shepparton,VIC,9,185172300,R9 1690m Pace M,185172301,Harness,1690,Pace,23632628,5,Good Guy Mack,WINNER,2.46,WINNER,1.31,2069.06,3.3,2.32,2.36,2.52,10187.89,8.8,1.01,1.07,1.58,2376.89,1271.05,1.4,1.27,1.32,1.35,627.47,2.56,2.6,1.02,0.97
11/07/2021,5:07:00 PM,5:08:00 PM,Shepparton,VIC,9,185172300,R9 1690m Pace M,185172301,Harness,1690,Pace,23331409,6,Reddy Major,LOSER,5,WINNER,1.81,1000.03,6.6,3.2,4.9,5.19,3141.94,1000,3.55,1000,12.42,117.85,786.14,2.04,1.67,1.81,1.87,474.1,5.5,5.8,1.02,0.97
11/07/2021,5:07:00 PM,5:08:00 PM,Shepparton,VIC,9,185172300,R9 1690m Pace M,185172301,Harness,1690,Pace,9488489,7,Juscallmechief,LOSER,163.22,LOSER,13.7,55.99,130,34,130,89.03,48.88,720,25,700,127.38,30.17,125.97,12,8.2,8.2,10.47,58.98,90,120,1.02,0.97
11/07/2021,5:07:00 PM,5:08:00 PM,Shepparton,VIC,9,185172300,R9 1690m Pace M,185172301,Harness,1690,Pace,39170096,8,Allvictory Hanover,LOSER,21,LOSER,3.8,368.71,30,14.5,22,19.86,443.69,1000,19.5,1000,35.23,59.69,110.14,4.7,2.92,3.45,3.4,51.93,20,22,1.02,0.97
11/07/2021,5:07:00 PM,5:08:00 PM,Shepparton,VIC,9,185172300,R9 1690m Pace M,185172301,Harness,1690,Pace,7008778,9,Angus Bromac,LOSER,30,LOSER,4.9,225.02,32,16.5,32,20.52,526.81,720,30,300,77.3,20,332.66,5,4.3,5,4.6,8.71,22,24,1.02,0.97
11/07/2021,5:07:00 PM,5:08:00 PM,Shepparton,VIC,9,185172300,R9 1690m Pace M,185172301,Harness,1690,Pace,40127041,10,Loven Laughter,LOSER,220,LOSER,52.96,74.08,270,95,270,150.78,28.81,720,220,700,327.01,2.68,62.38,980,20,980,45.34,14.92,190,250,1.02,0.97
11/07/2021,5:07:00 PM,5:08:00 PM,Shepparton,VIC,9,185172300,R9 1690m Pace M,185172301,Harness,1690,Pace,22758669,11,Luckie,LOSER,4.67,WINNER,1.91,1578.08,5.7,4,4.6,4.5,3016.09,280,1.38,280,5.17,232.43,538.3,2.1,1.68,1.8,1.83,551.56,4.3,4.5,1.02,0.97
12/07/2021,1:33:00 PM,1:35:25 PM,Bankstown,NSW,1,185202306,R1 2140m Trot S,185202307,Harness,2140,Trot,39611576,1,Come On Gino,LOSER,14.21,LOSER,,472.79,16,9,11.5,12.19,510.06,1000,7.8,1000,58.89,77.51,,4.5,3.7,4.5,4.06,64.01,11.5,13.5,1.07,0.94
12/07/2021,1:33:00 PM,1:35:25 PM,Bankstown,NSW,1,185202306,R1 2140m Trot S,185202307,Harness,2140,Trot,24928606,3,Indefensible,LOSER,2.15,WINNER,,1970.82,2.72,2.14,2.22,2.28,1492.75,200,1.51,200,4.64,900.55,,1.49,1.49,1.49,1.49,3.71,2.16,2.34,1.07,0.94
12/07/2021,1:33:00 PM,1:35:25 PM,Bankstown,NSW,1,185202306,R1 2140m Trot S,185202307,Harness,2140,Trot,26721230,4,Universal Pegasus,LOSER,40,LOSER,,110.03,60,28,36,34.48,55.27,710,3.05,710,13.41,172.09,,8.6,8.6,8.6,8.6,12.45,30,34,1.07,0.94
12/07/2021,1:33:00 PM,1:35:25 PM,Bankstown,NSW,1,185202306,R1 2140m Trot S,185202307,Harness,2140,Trot,8955896,5,Sonetto,WINNER,13.5,WINNER,,179.19,28,13,13.5,15.96,242.65,14,1.01,1.01,1.55,1960.7,,5.7,5,5.1,5.23,210,19.5,23,1.07,0.94
12/07/2021,1:33:00 PM,1:35:25 PM,Bankstown,NSW,1,185202306,R1 2140m Trot S,185202307,Harness,2140,Trot,39009503,6,Streetcafe,LOSER,60,LOSER,,62.11,60,29,60,38.45,31.3,920,18.5,920,86.74,27.28,,,,,,,36,48,1.07,0.94
12/07/2021,1:33:00 PM,1:35:25 PM,Bankstown,NSW,1,185202306,R1 2140m Trot S,185202307,Harness,2140,Trot,36796344,7,Dont Touch This,LOSER,6.13,LOSER,,481.51,6.8,4,5.6,5.23,296.12,880,2.06,830,11,902.07,,3.45,2.4,2.52,2.53,35.05,4.9,5.6,1.07,0.94
12/07/2021,1:33:00 PM,1:35:25 PM,Bankstown,NSW,1,185202306,R1 2140m Trot S,185202307,Harness,2140,Trot,8480694,8,Valley Ess Jay,LOSER,5.18,LOSER,,431.04,6,3.6,4.7,4.62,1389.86,720,2.24,720,7.12,1040.64,,2.84,2.08,2.34,2.28,197.96,4.8,6,1.07,0.94
12/07/2021,2:12:00 PM,2:12:42 PM,Bankstown,NSW,2,185202308,R2 1740m Pace M,185202309,Harness,1740,Pace,21431111,1,Joanandi,LOSER,11.03,LOSER,,815.6,16,8.4,11.5,12.36,383.87,890,6,780,18.83,200.23,,2.8,2.36,2.5,2.53,171,11.5,12.5,1.06,0.97
12/07/2021,2:12:00 PM,2:12:42 PM,Bankstown,NSW,2,185202308,R2 1740m Pace M,185202309,Harness,1740,Pace,23618199,2,Sport Cadet,LOSER,35.09,WINNER,,202.74,65,36,36,47.04,191.06,300,3.65,140,50.53,80.8,,7.2,5.6,5.7,5.96,53.88,40,50,1.06,0.97
12/07/2021,2:12:00 PM,2:12:42 PM,Bankstown,NSW,2,185202308,R2 1740m Pace M,185202309,Harness,1740,Pace,36317940,3,Call Me Matty,LOSER,34.96,LOSER,,223.52,100,44,48,52.6,57.51,720,22,140,50.82,42.43,,6.8,4.5,5.7,5.01,538.69,48,50,1.06,0.97
12/07/2021,2:12:00 PM,2:12:42 PM,Bankstown,NSW,2,185202308,R2 1740m Pace M,185202309,Harness,1740,Pace,39098040,4,Hez All Ticker,WINNER,3.77,WINNER,,1331.88,5.4,3.5,3.65,3.86,2304.42,13,1.01,1.01,1.38,2638.97,,1.55,1.39,1.43,1.46,340.52,3.65,3.8,1.06,0.97
12/07/2021,2:12:00 PM,2:12:42 PM,Bankstown,NSW,2,185202308,R2 1740m Pace M,185202309,Harness,1740,Pace,27355830,5,Faiselle,LOSER,9.8,LOSER,,760.94,12,6.4,9.8,9.59,207.89,720,6.6,420,27.6,41.7,,3.05,2.42,2.42,2.93,150.66,9,10.5,1.06,0.97
12/07/2021,2:12:00 PM,2:12:42 PM,Bankstown,NSW,2,185202308,R2 1740m Pace M,185202309,Harness,1740,Pace,22347706,6,Cozzas Grin,LOSER,109.73,LOSER,,67.15,200,65,140,139.04,46.64,1000,75,1000,367.18,15.97,,9.2,9,9,9.19,5,140,180,1.06,0.97
12/07/2021,2:12:00 PM,2:12:42 PM,Bankstown,NSW,2,185202308,R2 1740m Pace M,185202309,Harness,1740,Pace,36770959,7,Matai Reactor,LOSER,9.02,LOSER,,823.21,10.5,4,10,7.64,697.29,900,9,460,52.03,129.65,,2.52,2.02,2.14,2.24,7.57,7.4,9,1.06,0.97
12/07/2021,2:12:00 PM,2:12:42 PM,Bankstown,NSW,2,185202308,R2 1740m Pace M,185202309,Harness,1740,Pace,24826294,8,Canonlybeonesir,LOSER,2.72,WINNER,,3182.93,3.35,2.34,2.66,2.54,7818.43,720,1.51,100,2.65,1669.72,,1.55,1.28,1.34,1.35,939.37,2.48,2.68,1.06,0.97
12/07/2021,2:50:00 PM,2:50:35 PM,Bankstown,NSW,3,185202310,R3 2140m Pace M,185202311,Harness,2140,Pace,1406004,1,Chezmac,LOSER,29,LOSER,,235.69,30,10.5,30,19.96,321.14,720,5.2,550,15.08,161.55,,7.2,3.7,6.8,6.12,128.21,25,30,1.02,0.98
12/07/2021,2:50:00 PM,2:50:35 PM,Bankstown,NSW,3,185202310,R3 2140m Pace M,185202311,Harness,2140,Pace,23278748,2,Miss Mach,LOSER,17.16,LOSER,,278.9,30,17.5,19.5,22.3,89.21,720,5,490,14.74,135.53,,7.8,5.2,7.8,6.15,25.29,20,22,1.02,0.98
12/07/2021,2:50:00 PM,2:50:35 PM,Bankstown,NSW,3,185202310,R3 2140m Pace M,185202311,Harness,2140,Pace,11989511,4,Miss Aeyla,LOSER,4.17,LOSER,,1367.83,4.4,3.6,4.1,3.83,2905.56,780,3.8,290,13.3,338.81,,2.2,1.98,2.06,2.06,199.84,3.95,4.1,1.02,0.98
12/07/2021,2:50:00 PM,2:50:35 PM,Bankstown,NSW,3,185202310,R3 2140m Pace M,185202311,Harness,2140,Pace,24327189,5,Oh Daddy,LOSER,8.79,LOSER,,502.84,8.8,6.2,8.2,7.55,382.27,870,2.42,870,13.64,127.82,,3.2,3,3.1,3.1,5.13,7.6,8,1.02,0.98
12/07/2021,2:50:00 PM,2:50:35 PM,Bankstown,NSW,3,185202310,R3 2140m Pace M,185202311,Harness,2140,Pace,28672160,6,Kezzamac,LOSER,5.01,WINNER,,1595.41,10,5,5.3,5.86,1233.31,16,1.03,1.04,2.06,1973.42,,3.15,2.52,3,2.75,500.63,5.2,5.4,1.02,0.98
12/07/2021,2:50:00 PM,2:50:35 PM,Bankstown,NSW,3,185202310,R3 2140m Pace M,185202311,Harness,2140,Pace,35834324,7,Zanadu,WINNER,2.72,WINNER,,3201.94,3,2.42,2.84,2.86,3174.21,24,2.04,19.5,3.65,1058.43,,1.86,1.72,1.85,1.75,37.32,2.86,2.88,1.02,0.98
12/07/2021,3:25:00 PM,3:25:41 PM,Bankstown,NSW,4,185202312,R4 1740m Pace M,185202313,Harness,1740,Pace,26204853,1,Borders Man,LOSER,5.8,LOSER,,1053.04,9.2,5.6,5.8,6.33,818.91,720,2.22,720,7.94,508.05,,2,1.78,1.79,1.86,287.82,6,6.6,1.03,0.97
12/07/2021,3:25:00 PM,3:25:41 PM,Bankstown,NSW,4,185202312,R4 1740m Pace M,185202313,Harness,1740,Pace,27274433,2,So Jack,LOSER,42,LOSER,,161.37,55,20,48,40.09,74.44,1000,21,1000,173.31,38.83,,6.2,5.6,5.6,5.7,32.97,38,50,1.03,0.97
12/07/2021,3:25:00 PM,3:25:41 PM,Bankstown,NSW,4,185202312,R4 1740m Pace M,185202313,Harness,1740,Pace,25102758,3,Ballterra,WINNER,1.97,WINNER,,3036.91,2.92,1.88,1.94,2.05,20332.49,3.8,1.01,1.01,1.57,4659.87,,1.49,1.19,1.3,1.3,851.9,1.91,1.92,1.03,0.97
12/07/2021,3:25:00 PM,3:25:41 PM,Bankstown,NSW,4,185202312,R4 1740m Pace M,185202313,Harness,1740,Pace,27212792,4,Withoutdoubt,LOSER,15.88,LOSER,,454.8,50,16,16.5,20.91,319.86,720,10,490,26.62,43.31,,3.25,3.25,3.25,3.25,13.52,16.5,19,1.03,0.97
12/07/2021,3:25:00 PM,3:25:41 PM,Bankstown,NSW,4,185202312,R4 1740m Pace M,185202313,Harness,1740,Pace,25372051,5,Itz All About Me,LOSER,30.31,LOSER,,250.59,48,27,32,35.66,128.08,720,28,720,76.4,19.26,,,,,,,34,40,1.03,0.97
12/07/2021,3:25:00 PM,3:25:41 PM,Bankstown,NSW,4,185202312,R4 1740m Pace M,185202313,Harness,1740,Pace,31196809,6,Louisiana Freedom,LOSER,11.5,LOSER,,505.1,15,6.6,12.5,11.44,884.43,490,8.6,270,17.74,62.75,,4.1,2.54,3.8,3.74,202.32,11.5,12.5,1.03,0.97
12/07/2021,3:25:00 PM,3:25:41 PM,Bankstown,NSW,4,185202312,R4 1740m Pace M,185202313,Harness,1740,Pace,31196803,7,Etiz Amodel,LOSER,32.73,LOSER,,249.12,70,30,36,43.69,88.11,930,14,930,68.56,52.55,,6,4,4.9,4.69,418.16,40,48,1.03,0.97
12/07/2021,3:25:00 PM,3:25:41 PM,Bankstown,NSW,4,185202312,R4 1740m Pace M,185202313,Harness,1740,Pace,22106579,8,Humming Top,LOSER,31.55,WINNER,,248.37,36,21,36,32.36,128.95,230,11.5,230,29.94,50.29,,,,,,,30,34,1.03,0.97
12/07/2021,3:25:00 PM,3:25:41 PM,Bankstown,NSW,4,185202312,R4 1740m Pace M,185202313,Harness,1740,Pace,21530408,9,Dont Tell Dorothy,LOSER,11.94,WINNER,,733.89,15,3.65,13,8.8,624.82,140,5.8,120,12.12,181.47,,2.9,1.92,2.64,2.51,66.96,13,13.5,1.03,0.97
12/07/2021,4:03:00 PM,4:03:48 PM,Bankstown,NSW,5,185202314,R5 1740m Pace M,185202315,Harness,1740,Pace,22397078,1,Nightwatch Star,LOSER,49.91,LOSER,,131.24,100,32,80,56.35,102.98,740,13.5,740,47.49,134.91,,8.6,6.6,6.8,6.91,140.12,75,80,1.03,0.98
12/07/2021,4:03:00 PM,4:03:48 PM,Bankstown,NSW,5,185202314,R5 1740m Pace M,185202315,Harness,1740,Pace,11282415,2,Highview Sadler,LOSER,15.48,LOSER,,435.83,20,10,16,14.31,138.74,720,10,270,41.61,21.21,,,,,,,14.5,16.5,1.03,0.98
12/07/2021,4:03:00 PM,4:03:48 PM,Bankstown,NSW,5,185202314,R5 1740m Pace M,185202315,Harness,1740,Pace,16294714,3,Panacias Seal,LOSER,11,LOSER,,454.87,12,6,10.5,10.56,376.59,720,1.88,490,9.72,515.08,,3.15,2.56,2.56,2.58,20.78,10.5,11.5,1.03,0.98
12/07/2021,4:03:00 PM,4:03:48 PM,Bankstown,NSW,5,185202314,R5 1740m Pace M,185202315,Harness,1740,Pace,10958843,4,To Infinitynbeyond,LOSER,8.6,LOSER,,525.88,18,8.8,8.8,10.56,461.92,900,6.2,890,62.36,51.14,,3.8,2.4,2.4,3.69,1.83,10,10.5,1.03,0.98
12/07/2021,4:03:00 PM,4:03:48 PM,Bankstown,NSW,5,185202314,R5 1740m Pace M,185202315,Harness,1740,Pace,10767134,5,Grey Cadillac,LOSER,28.71,WINNER,,153.95,70,28,32,43.93,107.03,720,8.8,710,53.42,78,,5.4,5.2,5.4,5.32,35,60,65,1.03,0.98
12/07/2021,4:03:00 PM,4:03:48 PM,Bankstown,NSW,5,185202314,R5 1740m Pace M,185202315,Harness,1740,Pace,35510500,6,Mister Armstrong,LOSER,2.81,WINNER,,1752.91,3.75,2.4,2.62,2.74,6120.22,650,2.78,470,5.63,748.93,,1.5,1.29,1.44,1.41,1551.96,2.72,2.78,1.03,0.98
12/07/2021,4:03:00 PM,4:03:48 PM,Bankstown,NSW,5,185202314,R5 1740m Pace M,185202315,Harness,1740,Pace,12858494,7,Crossfirehall,WINNER,16,WINNER,,455.16,18.5,4.5,16,11.06,500.02,20,1.01,1.01,2.72,3114.41,,3.05,2.76,3.05,2.86,29.99,13,15.5,1.03,0.98
12/07/2021,4:03:00 PM,4:03:48 PM,Bankstown,NSW,5,185202314,R5 1740m Pace M,185202315,Harness,1740,Pace,7245782,8,Clementsorrell,LOSER,4.1,LOSER,,1191.93,5.5,3.35,3.9,3.77,3782.59,720,2.76,490,7.94,151.66,,1.8,1.49,1.51,1.49,26.72,3.45,3.5,1.03,0.98
12/07/2021,4:40:00 PM,4:40:49 PM,Bankstown,NSW,6,185202316,R6 1740m Pace M,185202317,Harness,1740,Pace,8381115,1,Nitro Lad,LOSER,14.7,LOSER,,397.44,19.5,8,15.5,16.39,189.06,280,2.16,190,19.69,65.67,,4.1,3,3.15,3.05,481.17,17.5,14,1.05,1
12/07/2021,4:40:00 PM,4:40:49 PM,Bankstown,NSW,6,185202316,R6 1740m Pace M,185202317,Harness,1740,Pace,28719479,2,Bettor Keep Rocking,LOSER,9.4,LOSER,,559.48,10.5,5,9,8.87,406.1,280,2.84,280,30.85,76.87,,3.4,2.04,2.12,2.22,271.88,8.4,9.4,1.05,1
12/07/2021,4:40:00 PM,4:40:49 PM,Bankstown,NSW,6,185202316,R6 1740m Pace M,185202317,Harness,1740,Pace,22929570,3,Mount Hercules,LOSER,25.21,LOSER,,232,36,14.5,24,27.14,131.41,140,8,100,25.96,17.41,,5.2,4.9,4.9,5.05,10,25,28,1.05,1
12/07/2021,4:40:00 PM,4:40:49 PM,Bankstown,NSW,6,185202316,R6 1740m Pace M,185202317,Harness,1740,Pace,14349065,4,All Star Magician,LOSER,5.79,LOSER,,720.95,6.6,4.4,5.3,5.41,728.98,110,3.95,100,12.82,53.23,,1.91,1.68,1.91,1.85,66.91,5.3,5.5,1.05,1
12/07/2021,4:40:00 PM,4:40:49 PM,Bankstown,NSW,6,185202316,R6 1740m Pace M,185202317,Harness,1740,Pace,7155477,5,Hurricane Stride,WINNER,25,WINNER,,252.13,42,18,26,25.32,161.18,44,4.5,4.5,9.61,49.81,,,,,,,28,29,1.05,1
12/07/2021,4:40:00 PM,4:40:49 PM,Bankstown,NSW,6,185202316,R6 1740m Pace M,185202317,Harness,1740,Pace,36527039,6,Im Presi Belle,LOSER,2.28,WINNER,,1926.13,4,2.12,2.24,2.34,7098.1,120,1.5,100,2.79,2120.88,,1.36,1.27,1.27,1.31,399.57,2.22,2.3,1.05,1
12/07/2021,4:40:00 PM,4:40:49 PM,Bankstown,NSW,6,185202316,R6 1740m Pace M,185202317,Harness,1740,Pace,17759232,7,Jenelles Tristar,LOSER,21.61,LOSER,,323.81,27,14,23,23.05,76.44,900,13.5,300,43.71,97.67,,,,,,,24,27,1.05,1
12/07/2021,4:40:00 PM,4:40:49 PM,Bankstown,NSW,6,185202316,R6 1740m Pace M,185202317,Harness,1740,Pace,28775192,8,Art Of Grange,LOSER,9.2,WINNER,,539.83,12,8.8,9,9.9,479.22,17,1.1,1.13,2.91,411.01,,2.56,2.18,2.56,2.43,13.5,8.8,10.5,1.05,1
12/07/2021,5:16:00 PM,5:16:35 PM,Bankstown,NSW,7,185202318,R7 2140m Pace M,185202319,Harness,2140,Pace,17508519,1,Bettor Sensation,LOSER,5.5,LOSER,,1319.96,9.4,4.9,5.4,5.77,2243.66,1000,5.2,1000,17.58,254.7,,2.28,1.68,1.77,1.84,2133.12,5.6,6,1.04,0.97
12/07/2021,5:16:00 PM,5:16:35 PM,Bankstown,NSW,7,185202318,R7 2140m Pace M,185202319,Harness,2140,Pace,12730210,2,Lynnsanity,LOSER,3.44,LOSER,,1946.93,8.6,3.35,3.35,4.09,3447.57,720,2,720,3.71,937.53,,2.02,1.51,1.51,1.77,306.29,3.8,3.9,1.04,0.97
12/07/2021,5:16:00 PM,5:16:35 PM,Bankstown,NSW,7,185202318,R7 2140m Pace M,185202319,Harness,2140,Pace,10308285,3,Team Of Starzzz,LOSER,11.73,WINNER,,536.05,15,9,11.5,11.09,1164.43,720,2.74,420,4.52,1299.98,,3.1,2.32,2.5,2.54,293.04,9.8,10.5,1.04,0.97
12/07/2021,5:16:00 PM,5:16:35 PM,Bankstown,NSW,7,185202318,R7 2140m Pace M,185202319,Harness,2140,Pace,977930,4,Flying Pegasus,LOSER,50,LOSER,,187.08,90,14,80,48.62,174.71,730,5.3,530,128.91,35.42,,,,,,,70,85,1.04,0.97
12/07/2021,5:16:00 PM,5:16:35 PM,Bankstown,NSW,7,185202318,R7 2140m Pace M,185202319,Harness,2140,Pace,22929199,5,Court On The Edge,LOSER,17.21,WINNER,,453.72,25,9.6,19.5,17.98,307.85,490,3.3,170,34.85,99.54,,3.9,3.9,3.9,3.9,33.71,17.5,21,1.04,0.97
12/07/2021,5:16:00 PM,5:16:35 PM,Bankstown,NSW,7,185202318,R7 2140m Pace M,185202319,Harness,2140,Pace,23082804,6,Total Diva,WINNER,17.79,WINNER,,457.18,24,5.8,18.5,14.54,627.54,30,1.01,1.01,1.71,2900.43,,4.8,3.35,4.1,3.71,97.05,17.5,23,1.04,0.97
12/07/2021,5:16:00 PM,5:16:35 PM,Bankstown,NSW,7,185202318,R7 2140m Pace M,185202319,Harness,2140,Pace,10926078,7,Bettor To Be Tricky,LOSER,33.12,LOSER,,206.5,60,15.5,50,29.84,202.52,930,18,780,78.87,53.66,,4.9,4.2,4.9,4.48,82.29,34,38,1.04,0.97
12/07/2021,5:16:00 PM,5:16:35 PM,Bankstown,NSW,7,185202318,R7 2140m Pace M,185202319,Harness,2140,Pace,18112978,8,Madazalways,LOSER,3.53,LOSER,,2039.07,3.4,2.1,3.3,2.83,5837.25,720,1.3,120,3.71,2013.2,,1.49,1.32,1.44,1.39,376.67,3,3.1,1.04,0.97
12/07/2021,12:42:00 PM,12:42:33 PM,Globe Derby,SA,1,185201825,R1 1800m Pace M,185201826,Harness,1800,Pace,40129412,1,In Play,LOSER,9.91,WINNER,2.63,541.02,10.5,4.2,9.6,7.19,609.97,720,6,490,18.77,67.61,735.84,2.76,2.44,2.58,2.6,44.84,7,7.4,1.02,0.97
12/07/2021,12:42:00 PM,12:42:33 PM,Globe Derby,SA,1,185201825,R1 1800m Pace M,185201826,Harness,1800,Pace,40129413,2,Sea Flyer,LOSER,21.36,LOSER,6.8,345.39,34,8.6,21,25.9,184.42,910,19,910,83.85,29.28,226.59,7.4,3.35,6,6.17,34.14,24,27,1.02,0.97
12/07/2021,12:42:00 PM,12:42:33 PM,Globe Derby,SA,1,185201825,R1 1800m Pace M,185201826,Harness,1800,Pace,40129414,3,Mary Mcardle,LOSER,10.5,LOSER,5.12,386.8,11,4.8,10.5,8.61,812.39,880,11,880,52,68.27,725.6,5.9,2.4,5.9,3.9,279.41,8.6,10,1.02,0.97
12/07/2021,12:42:00 PM,12:42:33 PM,Globe Derby,SA,1,185201825,R1 1800m Pace M,185201826,Harness,1800,Pace,40129415,4,Eugene Bromac,WINNER,1.59,WINNER,1.29,4271.52,3.15,1.46,1.61,1.81,6903.11,1.66,1.01,1.01,1.12,5182.36,1460.12,1.35,1.24,1.24,1.3,440.75,1.79,1.82,1.02,0.97
12/07/2021,12:42:00 PM,12:42:33 PM,Globe Derby,SA,1,185201825,R1 1800m Pace M,185201826,Harness,1800,Pace,40129416,5,Wesaidso,LOSER,7.4,LOSER,2.57,645.94,11,6.4,7.4,7.07,1269.96,720,6,690,25.61,52.65,733.58,6.8,2.28,2.44,2.79,61.66,6.4,6.6,1.02,0.97
12/07/2021,1:20:00 PM,1:20:31 PM,Globe Derby,SA,2,185201827,R2 1800m Pace M,185201828,Harness,1800,Pace,28370335,1,Paige One,WINNER,2.14,WINNER,1.43,2701.06,2.72,1.88,2.04,2.12,8374.44,2.16,1.01,1.01,1.18,7548.75,1517.4,1.44,1.32,1.43,1.4,960.79,1.93,1.96,1.02,0.98
12/07/2021,1:20:00 PM,1:20:31 PM,Globe Derby,SA,2,185201827,R2 1800m Pace M,185201828,Harness,1800,Pace,39989676,2,White Star Peejay,LOSER,81.92,LOSER,26.15,98.47,300,30,60,75.46,93.13,720,25,720,97.12,7.41,8.78,30,17,17,26.24,34.11,60,95,1.02,0.98
12/07/2021,1:20:00 PM,1:20:31 PM,Globe Derby,SA,2,185201827,R2 1800m Pace M,185201828,Harness,1800,Pace,38698457,3,Overrated,LOSER,3.46,LOSER,1.85,1208.8,4,2.8,3.45,3.59,1430.99,720,3.4,710,15.48,143.28,939.08,2.16,1.52,1.88,1.89,370.63,3.45,3.55,1.02,0.98
12/07/2021,1:20:00 PM,1:20:31 PM,Globe Derby,SA,2,185201827,R2 1800m Pace M,185201828,Harness,1800,Pace,36317967,4,Mods,LOSER,46.79,LOSER,13.25,89.01,70,21,42,44.25,146.11,920,32,780,117.35,15.37,115.6,15,10.5,15,13.3,17.68,55,65,1.02,0.98
12/07/2021,1:20:00 PM,1:20:31 PM,Globe Derby,SA,2,185201827,R2 1800m Pace M,185201828,Harness,1800,Pace,36037041,5,Playboy Shadow,LOSER,13,LOSER,4.86,341.34,16.5,7.2,13,11.73,416.52,880,7.4,490,37.23,53.37,190.67,4.3,2.78,4.3,3.41,10.31,14,15.5,1.02,0.98
12/07/2021,1:20:00 PM,1:20:31 PM,Globe Derby,SA,2,185201827,R2 1800m Pace M,185201828,Harness,1800,Pace,37300104,6,Whitestarchristian,LOSER,50,LOSER,13.25,95.48,60,20,38,43.2,174,720,27,720,120.84,3.93,,10,10,10,10,8.03,55,60,1.02,0.98
12/07/2021,1:20:00 PM,1:20:31 PM,Globe Derby,SA,2,185201827,R2 1800m Pace M,185201828,Harness,1800,Pace,37376849,7,Quadricep,LOSER,10.5,WINNER,3.66,441.49,13,7.6,10,9.94,2351.66,800,6.8,6.8,42.17,117.4,522.21,3.85,2.92,3.6,3.38,301.29,11,12,1.02,0.98
12/07/2021,1:55:00 PM,1:55:46 PM,Globe Derby,SA,3,185201829,R3 1800m Pace M,185201830,Harness,1800,Pace,26910899,1,Miss Heston,WINNER,39.32,WINNER,8.74,213.73,55,26,40,39.06,88.28,48,1.01,1.01,1.23,2955.97,278.62,8.8,5.8,8.8,8.15,12.53,42,48,1.03,0.99
12/07/2021,1:55:00 PM,1:55:46 PM,Globe Derby,SA,3,185201829,R3 1800m Pace M,185201830,Harness,1800,Pace,36610468,2,Blacktop Rock,LOSER,2.48,WINNER,1.37,2537.37,2.66,2.04,2.4,2.28,13705.59,1000,1.4,1000,5.4,914.92,728.68,1.36,1.3,1.35,1.34,571.39,2.34,2.38,1.03,0.99
12/07/2021,1:55:00 PM,1:55:46 PM,Globe Derby,SA,3,185201829,R3 1800m Pace M,185201830,Harness,1800,Pace,26207083,3,Western Crisis,LOSER,85.88,LOSER,20.68,88.12,170,34,170,82.86,18.88,780,25,720,119.8,52.53,107.61,19.5,8,19.5,8.71,2.79,95,120,1.03,0.99
12/07/2021,1:55:00 PM,1:55:46 PM,Globe Derby,SA,3,185201829,R3 1800m Pace M,185201830,Harness,1800,Pace,17995683,4,Happy Max,LOSER,12.68,LOSER,4.25,428.1,27,12.5,13.5,16.83,1066.87,720,7.6,720,25.67,79.66,404.58,5,4.1,4.5,4.37,18.61,14,15,1.03,0.99
12/07/2021,1:55:00 PM,1:55:46 PM,Globe Derby,SA,3,185201829,R3 1800m Pace M,185201830,Harness,1800,Pace,22774014,5,Lillyshelaine,LOSER,32,LOSER,10.45,198.32,80,30,30,38.97,217.67,990,2.42,990,16.76,235.62,177.62,,,,,,32,36,1.03,0.99
12/07/2021,1:55:00 PM,1:55:46 PM,Globe Derby,SA,3,185201829,R3 1800m Pace M,185201830,Harness,1800,Pace,35994315,6,Major Mad,LOSER,45.33,LOSER,12.99,125.47,120,40,60,63.34,117.22,940,6,940,51.53,31.87,129.11,,,,,,44,60,1.03,0.99
12/07/2021,1:55:00 PM,1:55:46 PM,Globe Derby,SA,3,185201829,R3 1800m Pace M,185201830,Harness,1800,Pace,40129417,7,Dream The Dream,LOSER,2.29,LOSER,1.39,1981.61,2.52,2.02,2.3,2.35,5123.31,720,1.45,200,5.38,521.3,1429.24,1.47,1.31,1.37,1.37,216.3,2.28,2.34,1.03,0.99
12/07/2021,2:33:00 PM,2:33:38 PM,Globe Derby,SA,4,185201831,R4 1800m Pace M,185201832,Harness,1800,Pace,10874928,1,Shadow Hunter,LOSER,3.47,LOSER,2.02,1544.96,4.8,3.35,3.4,3.73,857.37,720,2.48,490,4.62,750.58,788.67,1.88,1.88,1.88,1.88,10,3.4,3.55,1.04,0.96
12/07/2021,2:33:00 PM,2:33:38 PM,Globe Derby,SA,4,185201831,R4 1800m Pace M,185201832,Harness,1800,Pace,23926310,2,Sovereigne Bay,LOSER,7.71,LOSER,3.87,340.88,10,5,7,7.21,376.21,800,2.34,480,5.84,865.74,293.63,4.6,3.5,3.75,3.54,22.33,8,9.8,1.04,0.96
12/07/2021,2:33:00 PM,2:33:38 PM,Globe Derby,SA,4,185201831,R4 1800m Pace M,185201832,Harness,1800,Pace,16492640,3,Ayejayem,LOSER,4.43,LOSER,2.17,759.41,5.4,3.35,3.8,4.07,997.24,720,2.52,490,6.49,686.38,686.81,1.98,1.91,1.98,1.97,5.93,3.7,3.95,1.04,0.96
12/07/2021,2:33:00 PM,2:33:38 PM,Globe Derby,SA,4,185201831,R4 1800m Pace M,185201832,Harness,1800,Pace,11044615,4,Brohart,LOSER,45.66,WINNER,26.17,106.9,110,55,60,71.25,63.61,720,2.52,710,53.49,52.32,74.59,29,19,21,24.47,41.49,60,65,1.04,0.96
12/07/2021,2:33:00 PM,2:33:38 PM,Globe Derby,SA,4,185201831,R4 1800m Pace M,185201832,Harness,1800,Pace,18718610,5,Masonjon,WINNER,9.76,WINNER,4.3,231.95,13.5,8.2,8.6,9,336.91,17,1.01,1.01,1.89,2691.87,288.61,4.1,3.6,3.6,3.75,0.95,8.8,9.2,1.04,0.96
12/07/2021,2:33:00 PM,2:33:38 PM,Globe Derby,SA,4,185201831,R4 1800m Pace M,185201832,Harness,1800,Pace,7419612,6,Arrokeefe,LOSER,5.47,LOSER,3.2,909.13,7,5.1,5.7,5.71,230.38,880,5,880,8.27,429.45,330.97,3.05,2.84,2.88,2.96,17.54,5.5,5.9,1.04,0.96
12/07/2021,2:33:00 PM,2:33:38 PM,Globe Derby,SA,4,185201831,R4 1800m Pace M,185201832,Harness,1800,Pace,10494912,7,Ronzel Grinner,LOSER,31.18,LOSER,14.9,102.66,38,11.5,34,24.68,71.75,720,18.5,720,60.75,14.09,115.3,,,,,,28,38,1.04,0.96
12/07/2021,3:10:00 PM,3:12:01 PM,Globe Derby,SA,5,185201833,R5 2230m Trot S,185201834,Harness,2230,Trot,39610803,1,Aldebaran Dianna,LOSER,1.84,WINNER,1.14,5575.04,3.5,1.79,1.91,2.18,11752.24,490,1.2,490,1.72,2174.52,1821.77,1.36,1.12,1.14,1.15,784.82,1.92,1.96,1.02,0.97
12/07/2021,3:10:00 PM,3:12:01 PM,Globe Derby,SA,5,185201833,R5 2230m Trot S,185201834,Harness,2230,Trot,28506969,2,Quick Quaker,LOSER,187.73,LOSER,9.31,22.08,190,80,190,129.91,45.33,1000,190,1000,469.32,1.29,140.8,10.5,9,9.2,9.91,46.86,120,130,1.02,0.97
12/07/2021,3:10:00 PM,3:12:01 PM,Globe Derby,SA,5,185201833,R5 2230m Trot S,185201834,Harness,2230,Trot,39387702,3,Romances,WINNER,15.39,WINNER,2.55,510.34,23,10.5,15.5,15.73,823.84,29,1.01,1.01,1.47,3231.91,689.04,3.2,2.38,2.42,2.49,47.05,15.5,17.5,1.02,0.97
12/07/2021,3:10:00 PM,3:12:01 PM,Globe Derby,SA,5,185201833,R5 2230m Trot S,185201834,Harness,2230,Trot,13210303,4,Sweetasis,LOSER,362.43,LOSER,24.22,24.11,580,160,360,250.96,40.66,1000,360,1000,434.03,2.73,33.11,,,,,,350,360,1.02,0.97
12/07/2021,3:10:00 PM,3:12:01 PM,Globe Derby,SA,5,185201833,R5 2230m Trot S,185201834,Harness,2230,Trot,27550531,5,Winsome Ruby,LOSER,166.53,LOSER,10.79,31.88,240,80,220,135.22,36.87,1000,240,1000,526.39,1.17,147.36,,,,,,150,220,1.02,0.97
12/07/2021,3:10:00 PM,3:12:01 PM,Globe Derby,SA,5,185201833,R5 2230m Trot S,185201834,Harness,2230,Trot,13522497,6,Fairytale Hall,LOSER,10.5,LOSER,2.05,534.37,13.5,4.9,10.5,9.61,1270.94,1000,8,1000,58.26,45.88,837.64,2.68,1.6,2.12,2.01,130.33,12,13.5,1.02,0.97
12/07/2021,3:10:00 PM,3:12:01 PM,Globe Derby,SA,5,185201833,R5 2230m Trot S,185201834,Harness,2230,Trot,40129418,7,My Used To Be,LOSER,3.4,WINNER,1.24,1770.79,3.4,2.48,3.4,3.17,2546.88,710,3.1,360,24.97,77.77,1275.14,1.27,1.17,1.24,1.22,1065.77,3.15,3.3,1.02,0.97
12/07/2021,3:10:00 PM,3:12:01 PM,Globe Derby,SA,5,185201833,R5 2230m Trot S,185201834,Harness,2230,Trot,1209085,8,Liberty Song,LOSER,60,LOSER,6.42,249.21,70,17.5,60,49.23,595.59,1000,80,1000,140.29,21.57,195.57,7.2,6,7.2,6.82,75.76,60,70,1.02,0.97
12/07/2021,3:45:00 PM,3:45:53 PM,Globe Derby,SA,6,185201835,R6 1800m Pace M,185201836,Harness,1800,Pace,28673178,1,Security System,LOSER,16.99,LOSER,4.61,440.94,20,13,18,18.24,97.89,720,16.5,720,38.65,97.74,161.81,4.2,4.1,4.2,4.16,5,18.5,20,1.03,0.97
12/07/2021,3:45:00 PM,3:45:53 PM,Globe Derby,SA,6,185201835,R6 1800m Pace M,185201836,Harness,1800,Pace,27870586,2,Boak,WINNER,21.47,WINNER,5.91,375.49,34,15.5,26,23.61,131.68,44,1.01,1.02,1.63,4419.76,332.38,,,,,,27,30,1.03,0.97
12/07/2021,3:45:00 PM,3:45:53 PM,Globe Derby,SA,6,185201835,R6 1800m Pace M,185201836,Harness,1800,Pace,10237663,3,Regal Breeze,LOSER,5.52,LOSER,1.97,957.97,8.2,5,5.7,5.85,1022.44,880,2.04,870,10.11,212.21,816.57,2.46,2.04,2.06,2.15,52.29,6.4,6.6,1.03,0.97
12/07/2021,3:45:00 PM,3:45:53 PM,Globe Derby,SA,6,185201835,R6 1800m Pace M,185201836,Harness,1800,Pace,37467272,4,Ballotelli,LOSER,44.45,LOSER,14.09,298.62,130,55,60,74.38,104.5,960,13,720,46.81,87.64,68.62,13,10.5,11.5,12.13,152.33,55,60,1.03,0.97
12/07/2021,3:45:00 PM,3:45:53 PM,Globe Derby,SA,6,185201835,R6 1800m Pace M,185201836,Harness,1800,Pace,40061760,5,Rockybomba,LOSER,9.93,LOSER,3.41,589.27,11.5,7,10,10.03,383.17,1000,9.8,1000,53.43,68.51,321.16,3.15,3,3.15,3.14,143.94,10.5,11,1.03,0.97
12/07/2021,3:45:00 PM,3:45:53 PM,Globe Derby,SA,6,185201835,R6 1800m Pace M,185201836,Harness,1800,Pace,8150785,6,Letting Go,LOSER,23.99,LOSER,5.66,243.32,40,20,30,26.88,107.86,720,15,720,29.77,78.94,277.94,5.9,5.9,5.9,5.9,19.99,30,34,1.03,0.97
12/07/2021,3:45:00 PM,3:45:53 PM,Globe Derby,SA,6,185201835,R6 1800m Pace M,185201836,Harness,1800,Pace,40129419,7,Shelby Grace,LOSER,3.1,WINNER,1.57,1631.05,5.1,2.66,2.94,3.06,2848.52,1000,2,40,4.43,572.02,1252.91,1.57,1.48,1.56,1.54,248.8,2.66,2.76,1.03,0.97
12/07/2021,3:45:00 PM,3:45:53 PM,Globe Derby,SA,6,185201835,R6 1800m Pace M,185201836,Harness,1800,Pace,40129420,8,Impressive Peace,LOSER,8.37,LOSER,2.7,655.76,9.2,7.2,8.8,8.53,332.19,720,5.6,720,24.38,57.27,367.54,2.54,2.44,2.54,2.53,1.2,8.4,8.8,1.03,0.97
12/07/2021,3:45:00 PM,3:45:53 PM,Globe Derby,SA,6,185201835,R6 1800m Pace M,185201836,Harness,1800,Pace,24810286,9,Trappertwo,LOSER,78.41,LOSER,13.26,111.61,130,40,110,93.38,46.33,720,8,710,59.15,102.15,152.15,,,,,,90,100,1.03,0.97
12/07/2021,3:45:00 PM,3:45:53 PM,Globe Derby,SA,6,185201835,R6 1800m Pace M,185201836,Harness,1800,Pace,39989681,10,El Awoman,LOSER,8.73,WINNER,2.58,757.54,8.4,4.9,7.4,7.21,281.49,720,3.5,710,9.53,307.55,493.72,2.68,2.12,2.26,2.29,41.4,7.6,8.8,1.03,0.97
12/07/2021,4:20:00 PM,4:20:44 PM,Globe Derby,SA,7,185201837,R7 1800m Pace M,185201838,Harness,1800,Pace,17131348,1,Dashingthruthefire,LOSER,240.07,LOSER,63.85,88.04,480,150,240,254.87,38.48,720,200,710,310.49,3.56,36.34,,,,,,250,390,1.02,0.97
12/07/2021,4:20:00 PM,4:20:44 PM,Globe Derby,SA,7,185201837,R7 1800m Pace M,185201838,Harness,1800,Pace,10673241,2,Im The Mighty Judd,LOSER,62.11,LOSER,8.14,159.86,100,55,80,70.22,109.14,940,9,940,46.54,142.9,150.11,,,,,,65,70,1.02,0.97
12/07/2021,4:20:00 PM,4:20:44 PM,Globe Derby,SA,7,185201837,R7 1800m Pace M,185201838,Harness,1800,Pace,10321874,3,Snapper Rocks,LOSER,17,LOSER,3.69,305.08,24,15.5,16,18.2,179.34,720,8,490,34.22,54.02,381.07,4.6,3.45,3.45,3.47,11.5,17,19,1.02,0.97
12/07/2021,4:20:00 PM,4:20:44 PM,Globe Derby,SA,7,185201837,R7 1800m Pace M,185201838,Harness,1800,Pace,13146392,4,Childers Road,LOSER,6.96,WINNER,1.96,939.9,7.6,3.45,7,5.94,1025.31,720,2.24,480,4.18,1215.85,945.81,2.14,1.59,1.97,1.94,164.63,7.2,7.6,1.02,0.97
12/07/2021,4:20:00 PM,4:20:44 PM,Globe Derby,SA,7,185201837,R7 1800m Pace M,185201838,Harness,1800,Pace,10067895,5,Celestial Daybreak,LOSER,2.32,WINNER,1.38,2313.11,3.8,2.22,2.3,2.43,5854.65,110,1.09,100,2.16,2162.67,692,1.39,1.31,1.38,1.36,4104.46,2.26,2.32,1.02,0.97
12/07/2021,4:20:00 PM,4:20:44 PM,Globe Derby,SA,7,185201837,R7 1800m Pace M,185201838,Harness,1800,Pace,36036857,6,Alimonie,WINNER,10,WINNER,2.29,557.08,14,7.4,9.6,9.54,470.34,100,1.01,1.01,1.31,4394.55,933.41,2.3,2.26,2.3,2.29,14.85,9.8,10.5,1.02,0.97
12/07/2021,4:20:00 PM,4:20:44 PM,Globe Derby,SA,7,185201837,R7 1800m Pace M,185201838,Harness,1800,Pace,2503207,7,Absolution,LOSER,5.44,LOSER,1.68,988.38,6.4,3.9,5,4.74,1008.14,1000,4,1000,9.05,371.7,641.36,1.68,1.45,1.67,1.54,632.68,4.7,5,1.02,0.97
12/07/2021,4:20:00 PM,4:20:44 PM,Globe Derby,SA,7,185201837,R7 1800m Pace M,185201838,Harness,1800,Pace,22057315,8,Emelia On Fire,LOSER,20,LOSER,3.97,280.07,30,16.5,17.5,20.51,193.71,910,15,910,108,28.69,208.79,,,,,,20,21,1.02,0.97
12/07/2021,5:00:00 PM,5:00:32 PM,Globe Derby,SA,8,185201839,R8 1800m Pace M,185201840,Harness,1800,Pace,13434771,1,Pay Me Interest,LOSER,4.07,LOSER,1.6,1899.28,4,2.48,3.9,3.62,2609.73,1000,3.05,710,41.78,586.97,725.63,1.63,1.45,1.59,1.55,360.93,3.85,4.1,1.03,0.97
12/07/2021,5:00:00 PM,5:00:32 PM,Globe Derby,SA,8,185201839,R8 1800m Pace M,185201840,Harness,1800,Pace,25178857,3,Sabreur,LOSER,22.96,LOSER,3.95,360.41,48,19,20,22.87,283.31,720,10.5,720,22.6,51.88,475.04,4.6,3.9,4,4.42,102.71,20,22,1.03,0.97
12/07/2021,5:00:00 PM,5:00:32 PM,Globe Derby,SA,8,185201839,R8 1800m Pace M,185201840,Harness,1800,Pace,23926561,4,Semiramide,LOSER,23.06,LOSER,4.87,290.95,36,16.5,26,25.96,120.87,720,9.6,710,26.56,57.2,340.47,4.9,3.6,4.9,4.53,18.34,29,36,1.03,0.97
12/07/2021,5:00:00 PM,5:00:32 PM,Globe Derby,SA,8,185201839,R8 1800m Pace M,185201840,Harness,1800,Pace,16746644,5,Dont Tell Alice,LOSER,11.83,LOSER,2.76,569.68,19,9.6,12.5,11.87,1139.29,720,8,710,20.39,39.18,546.88,,,,,,11.5,12.5,1.03,0.97
12/07/2021,5:00:00 PM,5:00:32 PM,Globe Derby,SA,8,185201839,R8 1800m Pace M,185201840,Harness,1800,Pace,12397110,6,Captain Mannering,LOSER,2.4,WINNER,1.4,1971.67,3.6,2.36,2.38,2.63,7024.82,720,2.24,490,3.63,1486.82,976.46,1.45,1.33,1.4,1.4,157.15,2.48,2.52,1.03,0.97
12/07/2021,5:00:00 PM,5:00:32 PM,Globe Derby,SA,8,185201839,R8 1800m Pace M,185201840,Harness,1800,Pace,15007121,7,Charming Major,LOSER,14.07,WINNER,3.54,443.1,14.5,9.6,13,11.83,721.08,720,1.8,490,5.46,802.55,448.4,2.94,2.42,2.5,2.51,61.45,11,11.5,1.03,0.97
12/07/2021,5:00:00 PM,5:00:32 PM,Globe Derby,SA,8,185201839,R8 1800m Pace M,185201840,Harness,1800,Pace,19167461,8,Steinman,WINNER,12.03,WINNER,2.34,545.45,11.5,4.9,11.5,9.22,754.78,16.5,1.01,1.01,1.5,7434.22,269.44,2.4,1.95,2.34,2.24,223.92,10,11,1.03,0.97
12/07/2021,5:30:00 PM,5:30:35 PM,Globe Derby,SA,9,185201841,R9 1800m Pace M,185201842,Harness,1800,Pace,26825418,1,Tuscan Star,LOSER,9.55,LOSER,2.14,525.59,11.5,5.2,9.4,8.91,1017.6,880,9.4,880,21.97,228.4,624.54,2.2,1.77,2,2,421.98,9.4,9.8,1.01,0.99
12/07/2021,5:30:00 PM,5:30:35 PM,Globe Derby,SA,9,185201841,R9 1800m Pace M,185201842,Harness,1800,Pace,12632969,2,James Charles,WINNER,8.97,WINNER,2.06,640.16,11,6,8.2,7.78,808.97,10,1.01,1.01,1.69,4113.06,990.91,2.22,1.94,2,2.02,12.25,8.2,8.6,1.01,0.99
12/07/2021,5:30:00 PM,5:30:35 PM,Globe Derby,SA,9,185201841,R9 1800m Pace M,185201842,Harness,1800,Pace,15327755,3,Our Mate Mick,LOSER,34,WINNER,7.4,196.94,90,29,29,42.54,156.68,720,18,720,41.58,31.74,173.57,5.6,5.4,5.6,5.51,10.59,50,55,1.01,0.99
12/07/2021,5:30:00 PM,5:30:35 PM,Globe Derby,SA,9,185201841,R9 1800m Pace M,185201842,Harness,1800,Pace,38275556,4,Lets Get Shorty,LOSER,1.96,WINNER,1.18,2734.48,2.12,1.74,1.96,1.88,8946.7,720,1.61,140,3.08,1083.99,1457.6,1.27,1.16,1.18,1.2,166.91,1.87,1.88,1.01,0.99
12/07/2021,5:30:00 PM,5:30:35 PM,Globe Derby,SA,9,185201841,R9 1800m Pace M,185201842,Harness,1800,Pace,15189202,5,Ymbro Bump,LOSER,389.78,LOSER,62.89,62.35,580,130,240,200.67,51.77,720,470,490,490.28,2.32,41.69,70,17,70,25.79,6.18,280,430,1.01,0.99
12/07/2021,5:30:00 PM,5:30:35 PM,Globe Derby,SA,9,185201841,R9 1800m Pace M,185201842,Harness,1800,Pace,28170261,6,Weeroona Boy,LOSER,7.6,LOSER,2.45,730.39,13.5,6.8,7.4,7.83,782.95,880,6,280,19.39,128.46,1159.57,2.48,1.82,2.46,2.07,305.54,7.2,7.4,1.01,0.99
12/07/2021,5:30:00 PM,5:30:35 PM,Globe Derby,SA,9,185201841,R9 1800m Pace M,185201842,Harness,1800,Pace,28204800,7,Bronski Macarena,LOSER,16.27,LOSER,3.06,295.35,19.5,10.5,14.5,13.69,316.69,900,15.5,710,49.51,37.08,442.46,3.75,3.1,3.3,3.27,83.43,15,15.5,1.01,0.99
12/07/2021,5:30:00 PM,5:30:35 PM,Globe Derby,SA,9,185201841,R9 1800m Pace M,185201842,Harness,1800,Pace,21064549,8,Georgie Mae,LOSER,44.69,LOSER,6.19,141.51,85,36,46,45.94,240.76,920,32,920,183.67,18.77,292.4,7.2,5.4,6.2,5.74,87.3,48,55,1.01,0.99
12/07/2021,1:12:00 PM,1:12:28 PM,Horsham,VIC,1,185201390,R1 2200m Pace M,185201391,Harness,2200,Pace,35586024,2,Kiwi Kalahari,LOSER,25.31,LOSER,11.9,115.77,29,20,25,23.16,49.32,1000,3.1,1000,24.91,77.54,79.28,,,,,,24,29,1.03,0.97
12/07/2021,1:12:00 PM,1:12:28 PM,Horsham,VIC,1,185201390,R1 2200m Pace M,185201391,Harness,2200,Pace,25864962,3,Mony Mony,WINNER,4.7,WINNER,2.35,758.52,5.8,3.65,4.5,4.96,646.2,9.2,1.01,1.01,1.94,2256.87,688.86,2.88,2.24,2.26,2.29,118.04,4.9,5.4,1.03,0.97
12/07/2021,1:12:00 PM,1:12:28 PM,Horsham,VIC,1,185201390,R1 2200m Pace M,185201391,Harness,2200,Pace,21163553,4,Aerodyne Guy,LOSER,11.28,LOSER,4.39,411.93,16,8.2,13,12.11,779.27,890,11,720,26.51,128.73,169.02,3.85,3.85,3.85,3.85,0.26,13,14,1.03,0.97
12/07/2021,1:12:00 PM,1:12:28 PM,Horsham,VIC,1,185201390,R1 2200m Pace M,185201391,Harness,2200,Pace,8500290,5,Irishmurphy,LOSER,12.21,LOSER,3.81,317.43,13,9,13,10.57,344.76,1000,6.4,1000,20.78,150.15,481.29,4.1,3.45,3.45,3.98,1.56,9.8,10.5,1.03,0.97
12/07/2021,1:12:00 PM,1:12:28 PM,Horsham,VIC,1,185201390,R1 2200m Pace M,185201391,Harness,2200,Pace,21412897,6,Kellys Ideal,LOSER,1.83,WINNER,1.31,1656.54,2.06,1.78,1.9,1.94,4265.32,490,1.22,490,2.17,2673.4,1337.88,1.47,1.3,1.31,1.33,271.82,1.8,1.85,1.03,0.97
12/07/2021,1:12:00 PM,1:12:28 PM,Horsham,VIC,1,185201390,R1 2200m Pace M,185201391,Harness,2200,Pace,40129397,7,Shady Credit,LOSER,23.2,LOSER,7.55,233.51,23,9.8,17,17.61,103.82,720,12,720,28.2,110.81,212.79,,,,,,19.5,23,1.03,0.97
12/07/2021,1:47:00 PM,1:47:50 PM,Horsham,VIC,2,185201392,R2 2200m Trot S,185201393,Harness,2200,Trot,22153319,1,Frosty Reception,LOSER,166.24,LOSER,32,58.68,320,150,220,194.42,19.6,940,36,720,283.48,7.41,64.08,,,,,,180,220,1.03,0.98
12/07/2021,1:47:00 PM,1:47:50 PM,Horsham,VIC,2,185201392,R2 2200m Trot S,185201393,Harness,2200,Trot,40129398,2,My Mate Yankee,WINNER,3.3,WINNER,1.67,2733.17,4.4,3.25,3.65,3.69,2732.27,3.55,1.01,1.01,1.85,1803.29,1175.68,1.67,1.6,1.67,1.65,104.78,3.7,3.8,1.03,0.98
12/07/2021,1:47:00 PM,1:47:50 PM,Horsham,VIC,2,185201392,R2 2200m Trot S,185201393,Harness,2200,Trot,40129399,3,Dublin Chubb,LOSER,9.43,LOSER,3.48,581.7,10.5,7.4,10.5,9.48,483.34,720,8.6,490,22.86,135.08,1008.46,13,2.64,3.1,3.4,107.05,9.8,10.5,1.03,0.98
12/07/2021,1:47:00 PM,1:47:50 PM,Horsham,VIC,2,185201392,R2 2200m Trot S,185201393,Harness,2200,Trot,15920738,4,Shadow Justice,LOSER,42.56,LOSER,8.16,175.88,50,34,40,38.71,100.26,720,40,720,64.45,23.31,191.91,,,,,,36,42,1.03,0.98
12/07/2021,1:47:00 PM,1:47:50 PM,Horsham,VIC,2,185201392,R2 2200m Trot S,185201393,Harness,2200,Trot,37616873,5,Itsallandover,LOSER,10.41,WINNER,3.08,612.2,16.5,10.5,11.5,11.92,697.78,720,4,710,30.89,215.86,651.54,4.2,3,3.1,3.14,15.49,11.5,12,1.03,0.98
12/07/2021,1:47:00 PM,1:47:50 PM,Horsham,VIC,2,185201392,R2 2200m Trot S,185201393,Harness,2200,Trot,40129400,6,Honey Bourbon,LOSER,7.4,WINNER,2.22,851.49,7.4,3.85,7,5.81,1304.28,720,4,720,11.3,163.57,831.58,2.28,1.93,2.26,2,214.11,6,6.2,1.03,0.98
12/07/2021,1:47:00 PM,1:47:50 PM,Horsham,VIC,2,185201392,R2 2200m Trot S,185201393,Harness,2200,Trot,21754565,7,Icicle,LOSER,5.52,LOSER,1.76,1075.02,8.8,4.9,5.1,5.44,2879.75,720,4.2,140,8.24,274.44,1553.74,2.48,1.8,1.81,1.99,843.89,5.1,5.4,1.03,0.98
12/07/2021,1:47:00 PM,1:47:50 PM,Horsham,VIC,2,185201392,R2 2200m Trot S,185201393,Harness,2200,Trot,36661998,8,Show Me The Moolah,LOSER,10.77,LOSER,2.76,751.75,9.2,5.9,9,7.69,1047.12,800,8.6,48,89.78,72.94,703.98,2.74,2.42,2.6,2.54,0.89,8.6,9.2,1.03,0.98
12/07/2021,1:47:00 PM,1:47:50 PM,Horsham,VIC,2,185201392,R2 2200m Trot S,185201393,Harness,2200,Trot,12153789,9,Our Quick Cash,LOSER,18.64,LOSER,4.06,272.08,25,14,15.5,17.91,311.56,120,10,120,54.67,45.46,347.66,3.95,3.95,3.95,3.95,20,18,18.5,1.03,0.98
12/07/2021,2:23:00 PM,2:23:51 PM,Horsham,VIC,3,185201394,R3 1700m Pace M,185201395,Harness,1700,Pace,16922701,1,Morgan Art,WINNER,5.3,WINNER,1.82,1058.79,7,5.1,5.3,5.92,1250.03,23,1.55,1.55,4.63,863.72,918.84,2.14,1.81,1.9,1.89,384.37,5.1,6.6,1.05,0.92
12/07/2021,2:23:00 PM,2:23:51 PM,Horsham,VIC,3,185201394,R3 1700m Pace M,185201395,Harness,1700,Pace,38828783,2,Beryls Grin,LOSER,2.94,LOSER,1.74,2046.88,3.95,2.84,3,3.32,2698.21,720,2.74,720,6.33,679.65,1399.97,1.63,1.52,1.6,1.61,223.84,3.7,3.85,1.05,0.92
12/07/2021,2:23:00 PM,2:23:51 PM,Horsham,VIC,3,185201394,R3 1700m Pace M,185201395,Harness,1700,Pace,24730203,3,Seal The Destiny,LOSER,5.21,WINNER,1.77,1066.42,6.8,4.5,5.5,5.25,601.45,6.6,1.12,1.42,2.78,1133.73,512.51,2,1.83,1.94,1.93,14.25,5.5,6,1.05,0.92
12/07/2021,2:23:00 PM,2:23:51 PM,Horsham,VIC,3,185201394,R3 1700m Pace M,185201395,Harness,1700,Pace,29907448,4,Urgoodboy,LOSER,12.5,LOSER,3.35,322.5,14.5,10.5,13.5,11.53,308.4,900,12.5,900,68.36,48.97,439.66,4.5,4.5,4.5,4.5,0.26,11,11.5,1.05,0.92
12/07/2021,2:23:00 PM,2:23:51 PM,Horsham,VIC,3,185201394,R3 1700m Pace M,185201395,Harness,1700,Pace,39254893,5,Our Downunder Mach,LOSER,10,LOSER,2.7,311.57,11.5,8.2,11,9.53,231.35,720,5.2,140,20.82,84.24,497.7,3.3,2.76,3.2,3.05,213,8.8,10,1.05,0.92
12/07/2021,2:23:00 PM,2:23:51 PM,Horsham,VIC,3,185201394,R3 1700m Pace M,185201395,Harness,1700,Pace,422762,6,Chicago Nights,LOSER,32.2,WINNER,7.35,116.33,55,25,38,33.93,136.93,720,15,720,110.12,27.77,31.26,,,,,,26,36,1.05,0.92
12/07/2021,2:23:00 PM,2:23:51 PM,Horsham,VIC,3,185201394,R3 1700m Pace M,185201395,Harness,1700,Pace,16156937,7,Flaming Lucky,LOSER,12.21,LOSER,3.21,216.92,12.5,10,12.5,11.24,245.43,720,2.8,270,47.3,22.38,288.11,3.65,3,3,3.58,1.3,10,11,1.05,0.92
12/07/2021,2:23:00 PM,2:23:51 PM,Horsham,VIC,3,185201394,R3 1700m Pace M,185201395,Harness,1700,Pace,40129401,8,Touch Of Terror,LOSER,29.16,LOSER,5.87,147.41,44,12.5,44,21.13,145.08,720,3.05,720,33.49,81.9,266.86,4.2,4.2,4.2,4.2,22,18,27,1.05,0.92
12/07/2021,3:03:00 PM,3:04:44 PM,Horsham,VIC,4,185201396,R4 1700m Pace M,185201397,Harness,1700,Pace,18508584,1,Comin In Hot,LOSER,12.07,LOSER,3.89,564.93,16,9.4,12.5,13.03,113.99,720,11.5,700,25.45,94.06,368.5,,,,,,11,12,1.04,0.99
12/07/2021,3:03:00 PM,3:04:44 PM,Horsham,VIC,4,185201396,R4 1700m Pace M,185201397,Harness,1700,Pace,21442756,2,Shargari,LOSER,39.18,LOSER,13.67,287.02,55,34,50,44.29,43.34,920,12,720,49.78,143.54,109.52,7.2,6.2,7.2,6.62,6.74,42,44,1.04,0.99
12/07/2021,3:03:00 PM,3:04:44 PM,Horsham,VIC,4,185201396,R4 1700m Pace M,185201397,Harness,1700,Pace,28101806,3,Simply Heavenly,LOSER,10.29,LOSER,2.95,662.86,12.5,8.8,11,11.42,108.37,720,6.2,480,20.22,160.09,274.88,3.05,2.86,3.05,2.97,22.7,10.5,11,1.04,0.99
12/07/2021,3:03:00 PM,3:04:44 PM,Horsham,VIC,4,185201396,R4 1700m Pace M,185201397,Harness,1700,Pace,38706973,4,My Porsche,LOSER,12.5,WINNER,3.34,457.88,16.5,12,12.5,12.65,246.22,720,5.8,720,14.59,253.82,521.2,,,,,,13,14,1.04,0.99
12/07/2021,3:03:00 PM,3:04:44 PM,Horsham,VIC,4,185201396,R4 1700m Pace M,185201397,Harness,1700,Pace,20357280,5,Masake,WINNER,3.2,WINNER,1.65,1060.51,5.6,3.2,3.2,3.76,2609.11,3.4,1.01,1.02,1.62,2589.66,952.9,1.92,1.58,1.6,1.66,34.66,3.45,3.5,1.04,0.99
12/07/2021,3:03:00 PM,3:04:44 PM,Horsham,VIC,4,185201396,R4 1700m Pace M,185201397,Harness,1700,Pace,38461587,6,Smile With A Grin,LOSER,6.26,LOSER,2.23,621.02,6.6,3.2,6.4,5.09,1505.28,720,5.4,720,13.7,175.78,815.92,2.14,1.9,1.99,1.95,18.09,5.4,5.7,1.04,0.99
12/07/2021,3:03:00 PM,3:04:44 PM,Horsham,VIC,4,185201396,R4 1700m Pace M,185201397,Harness,1700,Pace,11431580,7,Kempseys Delight,LOSER,5.64,LOSER,2,933.56,11.5,5.6,5.8,6.56,1724.72,720,8.6,690,30.17,66.27,502.2,2.48,2.02,2.02,2.18,482.88,5.9,6.2,1.04,0.99
12/07/2021,3:03:00 PM,3:04:44 PM,Horsham,VIC,4,185201396,R4 1700m Pace M,185201397,Harness,1700,Pace,40129402,8,Ceeulater,LOSER,101.24,LOSER,24.3,64.01,120,75,110,110.33,24.94,770,80,770,129.74,40.96,50.93,,,,,,65,85,1.04,0.99
12/07/2021,3:03:00 PM,3:04:44 PM,Horsham,VIC,4,185201396,R4 1700m Pace M,185201397,Harness,1700,Pace,40129403,9,Prickle Patch,LOSER,9.81,WINNER,3,670.05,11.5,7.8,10,10.47,229.29,720,6.6,490,17.42,112.29,459.29,3.2,2.54,3.2,2.92,119.73,11,11.5,1.04,0.99
12/07/2021,3:38:00 PM,3:38:45 PM,Horsham,VIC,5,185201398,R5 1700m Pace M,185201399,Harness,1700,Pace,40031643,1,Merolamagic,LOSER,4.47,LOSER,1.69,1157.66,5.3,3.05,5.1,3.82,2859.72,720,3.4,140,6.79,1207.77,1155.63,1.7,1.38,1.7,1.51,909.84,3.35,3.5,1.03,0.97
12/07/2021,3:38:00 PM,3:38:45 PM,Horsham,VIC,5,185201398,R5 1700m Pace M,185201399,Harness,1700,Pace,39905449,2,Watchme Run,LOSER,14.05,WINNER,4.15,483.23,25,10.5,18,18.87,305.32,720,5,490,25.12,95.9,386.66,5.1,4.5,4.6,4.86,208.11,18,19,1.03,0.97
12/07/2021,3:38:00 PM,3:38:45 PM,Horsham,VIC,5,185201398,R5 1700m Pace M,185201399,Harness,1700,Pace,36955172,3,Asmileandawinx,LOSER,4.7,WINNER,1.84,1166.12,5.8,3.3,4.8,5.17,930.91,720,2.1,710,6.77,904.64,773.59,2.2,1.8,1.9,1.85,107.95,5.2,5.4,1.03,0.97
12/07/2021,3:38:00 PM,3:38:45 PM,Horsham,VIC,5,185201398,R5 1700m Pace M,185201399,Harness,1700,Pace,40129405,5,Narra Vane,LOSER,11.92,LOSER,3.59,636.43,36,13.5,13.5,18.07,301.85,720,10,50,15.7,81.26,357.57,4,3.45,3.45,3.78,120.59,16.5,18,1.03,0.97
12/07/2021,3:38:00 PM,3:38:45 PM,Horsham,VIC,5,185201398,R5 1700m Pace M,185201399,Harness,1700,Pace,40129406,6,Lady Pebbles,LOSER,9.48,LOSER,2.61,870.47,24,10.5,10.5,13.11,868.94,720,6,710,20.3,189.46,420.96,3.7,2.68,2.68,2.76,162.83,13.5,14,1.03,0.97
12/07/2021,3:38:00 PM,3:38:45 PM,Horsham,VIC,5,185201398,R5 1700m Pace M,185201399,Harness,1700,Pace,40129407,7,Tommy Bligh,WINNER,2.81,WINNER,1.58,1265.04,4.4,3.05,3.1,3.33,5929.85,3.2,1.01,1.01,1.52,1206.34,992.31,1.6,1.46,1.54,1.57,734.84,3.3,3.6,1.03,0.97
12/07/2021,3:38:00 PM,3:38:45 PM,Horsham,VIC,5,185201398,R5 1700m Pace M,185201399,Harness,1700,Pace,7300269,8,Swiss Lightning,LOSER,32,LOSER,6.04,207.79,44,23,36,31.24,189.39,720,32,110,61.65,13.58,332.26,5.6,5.5,5.5,5.5,27.89,38,42,1.03,0.97
12/07/2021,3:38:00 PM,3:38:45 PM,Horsham,VIC,5,185201398,R5 1700m Pace M,185201399,Harness,1700,Pace,11943146,9,Fomo,LOSER,28.9,LOSER,11.34,224.58,75,27,60,50.79,15.68,720,18.5,280,69.35,20.24,138.41,14,8,11,8.76,19.9,48,55,1.03,0.97
12/07/2021,4:13:00 PM,4:13:57 PM,Horsham,VIC,6,185201400,R6 1700m Pace M,185201401,Harness,1700,Pace,13218655,1,Markleigh Caz,LOSER,79.15,LOSER,12.87,97.49,120,55,90,79.27,36.87,720,60,300,235.16,1.2,58.41,11.5,11.5,11.5,11.5,1.69,80,110,1.03,0.99
12/07/2021,4:13:00 PM,4:13:57 PM,Horsham,VIC,6,185201400,R6 1700m Pace M,185201401,Harness,1700,Pace,27334894,2,Blue Vein Fitz,LOSER,6.88,LOSER,2.24,558.23,9,5.8,6.8,6.51,1744.69,720,2.2,720,8.17,197.95,654.83,2.58,2.06,2.12,2.1,165.13,5.8,6,1.03,0.99
12/07/2021,4:13:00 PM,4:13:57 PM,Horsham,VIC,6,185201400,R6 1700m Pace M,185201401,Harness,1700,Pace,20725204,3,Stylish Gem,LOSER,16.45,LOSER,3.69,344.04,21,9.2,16.5,17.78,109.16,890,5.5,880,30.34,95.08,508.87,3.8,3.65,3.65,3.7,24.18,19.5,19.5,1.03,0.99
12/07/2021,4:13:00 PM,4:13:57 PM,Horsham,VIC,6,185201400,R6 1700m Pace M,185201401,Harness,1700,Pace,36982573,4,Shesmybaby,WINNER,4,WINNER,1.65,731.2,7.4,3.9,3.95,4.61,2319.64,8.8,1.01,1.01,1.34,1932.41,1046.76,1.64,1.62,1.62,1.63,11.96,4.4,4.6,1.03,0.99
12/07/2021,4:13:00 PM,4:13:57 PM,Horsham,VIC,6,185201400,R6 1700m Pace M,185201401,Harness,1700,Pace,17399091,5,Sheer Modern,LOSER,8.6,WINNER,2.62,433.33,9.8,7.6,8.2,8.74,599.91,720,2.98,720,6.15,272.35,663.98,2.62,1.92,2.62,2.39,147.5,8.6,9,1.03,0.99
12/07/2021,4:13:00 PM,4:13:57 PM,Horsham,VIC,6,185201400,R6 1700m Pace M,185201401,Harness,1700,Pace,36087642,6,Keayang Shady,LOSER,6.94,LOSER,2.28,686.97,7.6,3.1,7,5.53,1441.31,720,4.8,720,7.68,408.05,752.55,2.16,1.67,2.14,2.14,34.53,7,7.4,1.03,0.99
12/07/2021,4:13:00 PM,4:13:57 PM,Horsham,VIC,6,185201400,R6 1700m Pace M,185201401,Harness,1700,Pace,28397247,7,Sea Lover,LOSER,4.1,WINNER,1.98,1154.41,8,3.7,4.1,4.14,1886.21,720,3.95,720,7.9,137.96,468.39,2.04,1.64,2.02,1.85,783.22,3.75,3.8,1.03,0.99
12/07/2021,4:13:00 PM,4:13:57 PM,Horsham,VIC,6,185201400,R6 1700m Pace M,185201401,Harness,1700,Pace,24930160,8,Eastbro Adele,LOSER,27,LOSER,5.71,276.77,46,26,28,28,158.68,720,13.5,270,26.26,30.26,277.92,4.9,4.9,4.9,4.9,3.98,26,30,1.03,0.99
12/07/2021,4:52:00 PM,4:52:47 PM,Horsham,VIC,7,185201402,R7 2200m Pace M,185201403,Harness,2200,Pace,31734830,1,Local Icon,WINNER,7.28,WINNER,2.79,1752.93,10,7,7.8,7.59,2097.04,16.5,1.01,1.01,2.02,3170.27,422.23,3,2.56,2.66,2.66,85.52,7.6,7.8,1.03,0.97
12/07/2021,4:52:00 PM,4:52:47 PM,Horsham,VIC,7,185201402,R7 2200m Pace M,185201403,Harness,2200,Pace,40129408,2,Give Us A Wink,LOSER,137.68,LOSER,54.17,104.16,270,65,270,161.67,58.25,720,50,720,131.19,36.66,43.14,75,17,65,17.55,5.07,190,200,1.03,0.97
12/07/2021,4:52:00 PM,4:52:47 PM,Horsham,VIC,7,185201402,R7 2200m Pace M,185201403,Harness,2200,Pace,39594570,3,Miss Gabby Okane,LOSER,22.81,WINNER,5.51,326.59,28,16,26,22.38,328.93,720,1.71,710,9.76,232.26,306.08,6.6,5.4,5.8,5.71,40,22,25,1.03,0.97
12/07/2021,4:52:00 PM,4:52:47 PM,Horsham,VIC,7,185201402,R7 2200m Pace M,185201403,Harness,2200,Pace,16125176,4,Abbey Fields,LOSER,62.73,LOSER,30.01,169.08,60,34,60,45.13,131.97,1000,21,1000,100.17,11.88,61.78,55,8.8,55,14.36,6.77,46,50,1.03,0.97
12/07/2021,4:52:00 PM,4:52:47 PM,Horsham,VIC,7,185201402,R7 2200m Pace M,185201403,Harness,2200,Pace,9316151,5,Wotchawaitingfor,LOSER,33.63,LOSER,16.91,197.15,44,24,30,29.88,222.57,720,32,720,73.86,13.26,63.07,27,13.5,18.5,17.18,0.16,28,29,1.03,0.97
12/07/2021,4:52:00 PM,4:52:47 PM,Horsham,VIC,7,185201402,R7 2200m Pace M,185201403,Harness,2200,Pace,13829883,6,Asharah,LOSER,60,LOSER,31.5,138.55,60,40,60,50.94,119.94,720,36,720,151.97,5.4,48.39,38,24,38,30.53,0.07,50,55,1.03,0.97
12/07/2021,4:52:00 PM,4:52:47 PM,Horsham,VIC,7,185201402,R7 2200m Pace M,185201403,Harness,2200,Pace,18277159,7,Atego Shades,LOSER,18.29,LOSER,4.9,277.97,24,16,17,18.2,350.5,1000,8,1000,25.09,73.03,261,5.5,4.7,5.4,5.03,24.61,17.5,19,1.03,0.97
12/07/2021,4:52:00 PM,4:52:47 PM,Horsham,VIC,7,185201402,R7 2200m Pace M,185201403,Harness,2200,Pace,11745988,8,Creative Lad,LOSER,7.98,LOSER,2.74,1220.82,11.5,7.4,8.6,8.72,1498.84,780,7,780,13.37,273.88,400.7,3,2.3,2.74,2.59,211.54,9.4,9.8,1.03,0.97
12/07/2021,4:52:00 PM,4:52:47 PM,Horsham,VIC,7,185201402,R7 2200m Pace M,185201403,Harness,2200,Pace,38936663,9,Presidentialchange,LOSER,21.65,WINNER,5.02,213.81,30,17.5,17.5,20.01,438.04,720,9,710,42.33,52.49,375.92,4.6,3.9,4.6,4.22,119.42,19,22,1.03,0.97
12/07/2021,4:52:00 PM,4:52:47 PM,Horsham,VIC,7,185201402,R7 2200m Pace M,185201403,Harness,2200,Pace,28396461,10,Ghanasuya,LOSER,7.13,LOSER,2.68,1046.49,7.8,4.6,6.6,6.35,1218.03,780,2.74,770,7.73,543.66,936.47,2.82,2,2.82,2.44,258.87,6.4,6.6,1.03,0.97
12/07/2021,4:52:00 PM,4:52:47 PM,Horsham,VIC,7,185201402,R7 2200m Pace M,185201403,Harness,2200,Pace,40129409,11,Classact,LOSER,5.78,LOSER,2.46,1261.59,6.4,3.6,5.5,5.17,3235.63,1000,4.3,110,53.38,142.58,633.32,2.4,1.82,2.28,2.1,132.18,5.8,6.2,1.03,0.97
12/07/2021,4:52:00 PM,4:52:47 PM,Horsham,VIC,7,185201402,R7 2200m Pace M,185201403,Harness,2200,Pace,40129411,13,Clarenden Envoy,LOSER,4.71,LOSER,2.2,1014.47,7.8,4,4.5,4.78,3572.03,780,4.1,480,7.65,729.11,637.56,2.38,1.93,2.02,2.12,297.53,4.5,4.7,1.03,0.97
12/07/2021,2:07:00 PM,2:07:38 PM,Pinjarra,WA,1,185212584,R1 2116m Trot S,185212585,Harness,2116,Trot,36010216,1,Shanhill,LOSER,39.64,LOSER,7.8,132.35,48,8,36,29.73,152.01,870,12,870,57.09,148.7,172.47,8,3.5,7.4,6.86,16.55,32,38,1.01,0.99
12/07/2021,2:07:00 PM,2:07:38 PM,Pinjarra,WA,1,185212584,R1 2116m Trot S,185212585,Harness,2116,Trot,39465433,2,Luvaflair,LOSER,2.93,LOSER,1.35,1442.64,4.2,2.86,2.92,3.23,8655.35,720,2.48,720,14.26,231.04,1495.74,1.7,1.34,1.35,1.37,598.6,2.94,2.98,1.01,0.99
12/07/2021,2:07:00 PM,2:07:38 PM,Pinjarra,WA,1,185212584,R1 2116m Trot S,185212585,Harness,2116,Trot,22212005,3,Goodtime Pe Rabbit,WINNER,1.73,WINNER,1.21,2468.93,1.84,1.56,1.74,1.67,21306.08,1.93,1.01,1.01,1.21,5400.58,1643.99,1.23,1.17,1.2,1.2,299.36,1.71,1.72,1.01,0.99
12/07/2021,2:07:00 PM,2:07:38 PM,Pinjarra,WA,1,185212584,R1 2116m Trot S,185212585,Harness,2116,Trot,9095744,4,Kell Road Kid,LOSER,350,LOSER,44.44,55.11,430,100,260,235.05,38.68,900,34,900,126.45,15.87,49.19,30,24,30,27,10,270,430,1.01,0.99
12/07/2021,2:07:00 PM,2:07:38 PM,Pinjarra,WA,1,185212584,R1 2116m Trot S,185212585,Harness,2116,Trot,1075944,5,Hedge Your Bet,LOSER,97.47,LOSER,16.17,62.17,190,50,170,118.24,66.7,930,10,340,26.81,99.23,95.2,11.5,9.8,9.8,10.52,10,120,130,1.01,0.99
12/07/2021,2:07:00 PM,2:07:38 PM,Pinjarra,WA,1,185212584,R1 2116m Trot S,185212585,Harness,2116,Trot,24446515,6,Peachee,LOSER,22.35,WINNER,5.53,323.31,36,19.5,25,23.45,523.9,130,6.2,130,23.66,72.79,363.26,5.5,4.2,5.5,5.39,5.96,24,25,1.01,0.99
12/07/2021,2:43:00 PM,2:43:59 PM,Pinjarra,WA,2,185212586,R2 1684m Pace M,185212587,Harness,1684,Pace,39679022,1,Pacific Eagle,LOSER,146.63,LOSER,18.11,32.39,270,70,270,151.25,50.96,720,32,720,163.18,16.67,97.27,10,4.6,10,8.67,24.41,120,170,1.02,0.98
12/07/2021,2:43:00 PM,2:43:59 PM,Pinjarra,WA,2,185212586,R2 1684m Pace M,185212587,Harness,1684,Pace,40129506,2,First Airborne,LOSER,18.5,LOSER,3.5,275.77,38,16.5,18,18.24,584.99,720,5,720,24.77,113.22,409.35,3.5,3.2,3.5,3.39,28.73,16.5,17.5,1.02,0.98
12/07/2021,2:43:00 PM,2:43:59 PM,Pinjarra,WA,2,185212586,R2 1684m Pace M,185212587,Harness,1684,Pace,1130222,3,Regimental Star,LOSER,8.21,WINNER,2.04,997.06,8.2,6.8,7.8,7.47,1256.42,720,4.2,490,11.35,123.39,979.44,2.1,1.93,2,2.02,20.15,7.4,7.6,1.02,0.98
12/07/2021,2:43:00 PM,2:43:59 PM,Pinjarra,WA,2,185212586,R2 1684m Pace M,185212587,Harness,1684,Pace,38618907,4,Bushbelle,LOSER,25.24,LOSER,4.55,256.25,60,24,25,27.16,216.95,720,10.5,720,29.7,37.62,262.95,4.2,4.2,4.2,4.2,5,24,26,1.02,0.98
12/07/2021,2:43:00 PM,2:43:59 PM,Pinjarra,WA,2,185212586,R2 1684m Pace M,185212587,Harness,1684,Pace,38553668,5,Hokulani,LOSER,5.01,WINNER,1.65,850.73,8,4.7,4.9,5.35,1903.41,50,1.12,40,2.87,818.82,684.29,2,1.61,1.62,1.64,126.62,5.6,5.7,1.02,0.98
12/07/2021,2:43:00 PM,2:43:59 PM,Pinjarra,WA,2,185212586,R2 1684m Pace M,185212587,Harness,1684,Pace,40129508,7,Wall Street Girl,LOSER,2.17,LOSER,1.7,2804.1,2.24,1.82,2.16,2.1,17743.33,800,1.98,800,7.9,1459.88,1377.59,3.3,1.24,1.61,1.45,1065.54,2.1,2.14,1.02,0.98
12/07/2021,2:43:00 PM,2:43:59 PM,Pinjarra,WA,2,185212586,R2 1684m Pace M,185212587,Harness,1684,Pace,40129509,8,Radiant Bay,LOSER,58,LOSER,8.79,98.01,60,46,55,51.8,49.41,720,13,720,49.59,17.41,127.13,,,,,,46,50,1.02,0.98
12/07/2021,2:43:00 PM,2:43:59 PM,Pinjarra,WA,2,185212586,R2 1684m Pace M,185212587,Harness,1684,Pace,40129510,9,Trunkey Carrawa,WINNER,10.84,WINNER,2.61,643.47,11.5,8,11,10.9,419.58,34,1.01,1.09,1.71,1216.3,284.43,2.32,2.32,2.32,2.32,0.12,10,11.5,1.02,0.98
12/07/2021,3:18:00 PM,3:18:50 PM,Pinjarra,WA,3,185212588,R3 2185m Pace M,185212589,Harness,2185,Pace,8544856,1,Vergara,LOSER,23,LOSER,2.44,186,29,18.5,23,22.71,150.3,720,8,720,63.7,19.1,619.45,3,2.54,2.54,2.61,198.26,22,24,1.02,0.98
12/07/2021,3:18:00 PM,3:18:50 PM,Pinjarra,WA,3,185212588,R3 2185m Pace M,185212589,Harness,2185,Pace,40061833,2,Mach Freeway,LOSER,1.38,WINNER,1.07,3362.59,1.96,1.25,1.35,1.3,20938.54,720,1.29,720,2.06,1577.84,20.14,1.08,1.06,1.06,1.08,1719.14,1.34,1.35,1.02,0.98
12/07/2021,3:18:00 PM,3:18:50 PM,Pinjarra,WA,3,185212588,R3 2185m Pace M,185212589,Harness,2185,Pace,25267522,3,Remarkable Star,LOSER,29.76,LOSER,4.04,195.71,48,29,32,33.48,75.77,720,7.2,580,47.48,66.18,727.74,3.25,2.68,2.9,2.99,716.43,32,34,1.02,0.98
12/07/2021,3:18:00 PM,3:18:50 PM,Pinjarra,WA,3,185212588,R3 2185m Pace M,185212589,Harness,2185,Pace,40129511,4,Torrevean Veloce,LOSER,30.09,LOSER,3.97,156.56,60,29,30,35.62,121.81,720,7.6,270,23.09,54.44,465.6,,,,,,29,30,1.02,0.98
12/07/2021,3:18:00 PM,3:18:50 PM,Pinjarra,WA,3,185212588,R3 2185m Pace M,185212589,Harness,2185,Pace,37467873,6,Batavia Fusion,LOSER,32,LOSER,4.03,163.95,38,18,32,29.78,71.31,730,9,9.2,37.51,125.27,130.34,3.8,3.8,3.8,3.8,1.4,29,32,1.02,0.98
12/07/2021,3:18:00 PM,3:18:50 PM,Pinjarra,WA,3,185212588,R3 2185m Pace M,185212589,Harness,2185,Pace,27483253,7,Velvet Shadow,WINNER,30,WINNER,4.24,165.18,70,26,29,40.08,147.97,280,1.01,1.01,1.57,1624.77,248.8,,,,,,30,34,1.02,0.98
12/07/2021,3:18:00 PM,3:18:50 PM,Pinjarra,WA,3,185212588,R3 2185m Pace M,185212589,Harness,2185,Pace,39539537,8,Told You Twice,LOSER,40.53,LOSER,4.52,127.11,90,32,34,42.34,92.02,720,16,720,62.66,23.08,287.52,,,,,,32,38,1.02,0.98
12/07/2021,3:18:00 PM,3:18:50 PM,Pinjarra,WA,3,185212588,R3 2185m Pace M,185212589,Harness,2185,Pace,40129512,9,Second Amendment,LOSER,270,LOSER,32.78,28.54,340,220,260,317.61,3.45,720,200,710,547.77,0.79,48.89,,,,,,240,350,1.02,0.98
12/07/2021,3:18:00 PM,3:18:50 PM,Pinjarra,WA,3,185212588,R3 2185m Pace M,185212589,Harness,2185,Pace,40129513,10,Sonic Chip,LOSER,14.45,WINNER,2.46,296.18,21,12.5,16,17.72,409.06,110,1.04,100,2.93,652.34,663.03,2.6,2.24,2.52,2.4,35.09,17.5,20,1.02,0.98
12/07/2021,3:53:00 PM,3:53:56 PM,Pinjarra,WA,4,185212590,R4 2185m Pace M,185212591,Harness,2185,Pace,40129514,1,Flash Mob,LOSER,6.46,LOSER,1.86,740.18,7.8,5.2,5.9,5.96,1677.06,810,5.9,810,10.03,284.68,913.33,,,,,,5.7,6,1.02,0.97
12/07/2021,3:53:00 PM,3:53:56 PM,Pinjarra,WA,4,185212590,R4 2185m Pace M,185212591,Harness,2185,Pace,23218274,2,Major Dazzler,LOSER,101.2,LOSER,16,39.31,140,70,110,100.27,29.75,940,6,940,44.17,30.59,82.16,,,,,,95,110,1.02,0.97
12/07/2021,3:53:00 PM,3:53:56 PM,Pinjarra,WA,4,185212590,R4 2185m Pace M,185212591,Harness,2185,Pace,39539754,3,Makaila,LOSER,9.57,LOSER,2.45,397.08,9.8,6,9,8.67,334.83,720,3.55,710,6.21,459.03,604.4,2.64,2.22,2.22,2.51,0.54,9,9.8,1.02,0.97
12/07/2021,3:53:00 PM,3:53:56 PM,Pinjarra,WA,4,185212590,R4 2185m Pace M,185212591,Harness,2185,Pace,28540515,4,Ark Of Rock,LOSER,456.96,LOSER,67.66,29.62,370,170,370,321.48,8.31,720,44,120,227.7,18.32,22.44,70,23,70,31.54,14.33,270,370,1.02,0.97
12/07/2021,3:53:00 PM,3:53:56 PM,Pinjarra,WA,4,185212590,R4 2185m Pace M,185212591,Harness,2185,Pace,35727178,5,Galactic Lioness,LOSER,60,LOSER,14.3,81.73,140,27,65,78.37,59.44,720,4,720,40.3,47.31,118.19,,,,,,70,75,1.02,0.97
12/07/2021,3:53:00 PM,3:53:56 PM,Pinjarra,WA,4,185212590,R4 2185m Pace M,185212591,Harness,2185,Pace,2228303,6,Ashima,LOSER,18.55,LOSER,3.97,222.36,29,19.5,19.5,23.82,69.57,720,10,720,19.88,65.97,370.49,,,,,,20,21,1.02,0.97
12/07/2021,3:53:00 PM,3:53:56 PM,Pinjarra,WA,4,185212590,R4 2185m Pace M,185212591,Harness,2185,Pace,33045707,7,Follow My Stride,LOSER,57.5,LOSER,12.7,73.22,90,22,50,48.98,16.92,720,3.4,100,13.15,59.09,122.75,10,9.6,9.6,9.83,45.99,48,55,1.02,0.97
12/07/2021,3:53:00 PM,3:53:56 PM,Pinjarra,WA,4,185212590,R4 2185m Pace M,185212591,Harness,2185,Pace,39242062,8,Cloudy Reactor,LOSER,17,LOSER,4.21,232.53,20,9.2,17.5,16.39,158.73,720,5.3,490,19.61,76.88,446.33,3.95,3.25,3.25,3.88,1.14,19.5,24,1.02,0.97
12/07/2021,3:53:00 PM,3:53:56 PM,Pinjarra,WA,4,185212590,R4 2185m Pace M,185212591,Harness,2185,Pace,39387685,9,Ocean Eve,LOSER,20,WINNER,4.3,211.79,22,5.9,19.5,12.94,270.04,720,8,55,34.71,32.79,198.25,3.5,2.6,3.5,2.94,5.3,20,23,1.02,0.97
12/07/2021,3:53:00 PM,3:53:56 PM,Pinjarra,WA,4,185212590,R4 2185m Pace M,185212591,Harness,2185,Pace,39610923,10,Gods Plan,LOSER,38,WINNER,7.4,99.01,75,40,40,51.24,85.07,720,32,720,85.59,8.54,146.53,8.8,6.2,6.4,7.62,56.54,46,48,1.02,0.97
12/07/2021,3:53:00 PM,3:53:56 PM,Pinjarra,WA,4,185212590,R4 2185m Pace M,185212591,Harness,2185,Pace,40129515,11,Lamour Dottie,WINNER,2.04,WINNER,1.26,3324.61,3.65,1.91,1.98,2.29,10545.32,4.1,1.01,1.03,1.79,4595.23,1373.9,1.47,1.22,1.22,1.3,337.05,1.95,1.98,1.02,0.97
12/07/2021,4:33:00 PM,4:33:30 PM,Pinjarra,WA,5,185212592,R5 2185m Pace M,185212593,Harness,2185,Pace,28596434,1,Mybrotherskeeper,LOSER,30,LOSER,6.42,193.44,42,27,34,31.53,256.28,920,17.5,590,57.26,64.85,296.11,,,,,,30,34,1.03,0.96
12/07/2021,4:33:00 PM,4:33:30 PM,Pinjarra,WA,5,185212592,R5 2185m Pace M,185212593,Harness,2185,Pace,36395347,2,Domande,LOSER,88.8,LOSER,30.33,90.18,170,80,140,110.04,53.21,720,44,44,126.16,16.85,50.15,29,29,29,29,0.04,80,130,1.03,0.96
12/07/2021,4:33:00 PM,4:33:30 PM,Pinjarra,WA,5,185212592,R5 2185m Pace M,185212593,Harness,2185,Pace,40129516,3,Jonimac,LOSER,65.25,LOSER,15.34,78.56,110,48,110,67.32,21.22,870,29,870,100.17,33.3,125.53,6.6,6.6,6.6,6.6,0.11,55,80,1.03,0.96
12/07/2021,4:33:00 PM,4:33:30 PM,Pinjarra,WA,5,185212592,R5 2185m Pace M,185212593,Harness,2185,Pace,1287524,4,Valdemar,LOSER,27.05,WINNER,5.5,181.35,50,27,32,34.63,136.2,720,26,720,47.66,72.04,197.69,4.1,4.1,4.1,4.1,22,32,34,1.03,0.96
12/07/2021,4:33:00 PM,4:33:30 PM,Pinjarra,WA,5,185212592,R5 2185m Pace M,185212593,Harness,2185,Pace,40061827,5,Strauny,LOSER,8.78,LOSER,2.12,550.82,15,7.6,8.8,9.12,1470.72,890,5.7,890,16.46,337.91,807.63,2.64,1.91,2.02,2.16,9.18,7.8,8.2,1.03,0.96
12/07/2021,4:33:00 PM,4:33:30 PM,Pinjarra,WA,5,185212592,R5 2185m Pace M,185212593,Harness,2185,Pace,40129517,6,Maccas,LOSER,2.12,WINNER,1.36,2389.93,2.28,1.89,2.1,2.13,8249.57,100,1.5,100,1.98,3946.07,1146.16,2,1.15,2,1.23,183.02,2.16,2.26,1.03,0.96
12/07/2021,4:33:00 PM,4:33:30 PM,Pinjarra,WA,5,185212592,R5 2185m Pace M,185212593,Harness,2185,Pace,28339073,7,All Aussie Mach,LOSER,57.09,LOSER,7.6,108.97,75,44,65,54.44,115.15,720,25,720,72.15,37.61,203.24,13,13,13,13,19.98,55,70,1.03,0.96
12/07/2021,4:33:00 PM,4:33:30 PM,Pinjarra,WA,5,185212592,R5 2185m Pace M,185212593,Harness,2185,Pace,40129518,8,Cowboys N Bandits,WINNER,3.26,WINNER,1.32,1540.88,3.75,2.6,3.2,3.26,4172.56,3.9,1.01,1.01,1.71,4343.91,885.02,1.38,1.25,1.36,1.31,1241.69,3.25,3.45,1.03,0.96
12/07/2021,4:33:00 PM,4:33:30 PM,Pinjarra,WA,5,185212592,R5 2185m Pace M,185212593,Harness,2185,Pace,40129519,9,Nomorecheeseplease,LOSER,356.56,LOSER,60,31.66,460,180,460,324.18,7.04,720,210,210,376.52,19.44,43.52,55,55,55,55,0.02,370,400,1.03,0.96
12/07/2021,4:33:00 PM,4:33:30 PM,Pinjarra,WA,5,185212592,R5 2185m Pace M,185212593,Harness,2185,Pace,35546204,10,American Dutchess,LOSER,126.97,LOSER,80.55,46.76,200,120,180,145.38,23,790,110,120,180.47,11.72,23.62,70,10.5,70,11.21,36.69,120,140,1.03,0.96
12/07/2021,4:33:00 PM,4:33:30 PM,Pinjarra,WA,5,185212592,R5 2185m Pace M,185212593,Harness,2185,Pace,28255514,11,Stars Of Gold,LOSER,238.19,LOSER,588.2,42.49,400,190,400,268.71,5.94,720,120,720,299.35,8.54,0.09,980,70,140,366.47,0.07,250,380,1.03,0.96
12/07/2021,4:33:00 PM,4:33:30 PM,Pinjarra,WA,5,185212592,R5 2185m Pace M,185212593,Harness,2185,Pace,32635975,12,Gov Starzzz,LOSER,354.73,LOSER,258.04,34.57,580,160,570,371.84,11.3,990,150,990,423.07,15.55,0.2,280,30,240,41.7,3.9,370,550,1.03,0.96
12/07/2021,5:08:00 PM,5:08:31 PM,Pinjarra,WA,6,185212594,R6 2185m Pace M,185212595,Harness,2185,Pace,24611291,1,Hesacharmer,LOSER,105.73,LOSER,8.4,64.83,230,50,150,89.49,63.97,720,32,720,114.48,39.31,5,8.4,7,8.4,7.46,35,120,200,1.03,0.98
12/07/2021,5:08:00 PM,5:08:31 PM,Pinjarra,WA,6,185212594,R6 2185m Pace M,185212595,Harness,2185,Pace,1237446,2,Make It Quick,LOSER,14.85,LOSER,4.01,362.61,29,14.5,15,19.43,598.94,720,10,490,26.48,69.9,427.32,4.4,3.35,3.35,3.54,24.3,18,19.5,1.03,0.98
12/07/2021,5:08:00 PM,5:08:31 PM,Pinjarra,WA,6,185212594,R6 2185m Pace M,185212595,Harness,2185,Pace,23741696,3,Follow The Dragon,LOSER,78.22,LOSER,10.5,96.75,160,55,100,81.77,42.84,870,24,870,65.5,46.45,5,11,10.5,11,10.65,10,100,150,1.03,0.98
12/07/2021,5:08:00 PM,5:08:31 PM,Pinjarra,WA,6,185212594,R6 2185m Pace M,185212595,Harness,2185,Pace,3543065,4,Mufasa,LOSER,4.4,WINNER,1.7,1424.76,5.3,3.25,4.5,4.36,6841.71,720,1.05,710,2.57,1820.88,987.03,1.71,1.56,1.7,1.65,506.52,4.6,4.8,1.03,0.98
12/07/2021,5:08:00 PM,5:08:31 PM,Pinjarra,WA,6,185212594,R6 2185m Pace M,185212595,Harness,2185,Pace,7400694,5,Deep Blue,WINNER,13.5,WINNER,2.8,344.15,25,13,14,14.63,1090.5,95,1.1,1.23,4.22,647.97,589.34,3.7,2.74,2.92,2.82,157.32,13,14,1.03,0.98
12/07/2021,5:08:00 PM,5:08:31 PM,Pinjarra,WA,6,185212594,R6 2185m Pace M,185212595,Harness,2185,Pace,28419984,6,Alfa Prince,LOSER,79.18,LOSER,16.89,109.9,120,46,80,60.98,288.24,770,110,770,226.42,5.63,100.87,30,6.8,16,7.04,106.51,75,80,1.03,0.98
12/07/2021,5:08:00 PM,5:08:31 PM,Pinjarra,WA,6,185212594,R6 2185m Pace M,185212595,Harness,2185,Pace,37290516,7,Aussie Edition,LOSER,3.75,LOSER,1.56,1389.25,6.8,3.4,3.9,3.84,5177.02,720,2.02,720,9.95,654.89,1238.72,1.61,1.43,1.56,1.56,446.51,3.45,3.55,1.03,0.98
12/07/2021,5:08:00 PM,5:08:31 PM,Pinjarra,WA,6,185212594,R6 2185m Pace M,185212595,Harness,2185,Pace,24986439,8,Sono Abruzzese,LOSER,541.7,LOSER,226.7,49.87,590,200,340,346.92,44.61,990,690,990,775.71,0.34,1.3,240,25,160,44.66,68.41,360,590,1.03,0.98
12/07/2021,5:08:00 PM,5:08:31 PM,Pinjarra,WA,6,185212594,R6 2185m Pace M,185212595,Harness,2185,Pace,39395823,9,Beach Start,LOSER,3.06,WINNER,1.56,2203,3.35,2.14,2.98,2.84,9925.05,720,1.03,1.16,2.65,1442.45,908.23,1.58,1.25,1.56,1.38,785.03,3,3.05,1.03,0.98
12/07/2021,5:08:00 PM,5:08:31 PM,Pinjarra,WA,6,185212594,R6 2185m Pace M,185212595,Harness,2185,Pace,40129520,10,Fireplay,LOSER,235.03,LOSER,30,43.77,260,95,120,154.1,72.75,780,190,780,278.24,12.06,1.26,12,11.5,11.5,11.8,50.94,140,240,1.03,0.98
12/07/2021,5:08:00 PM,5:08:31 PM,Pinjarra,WA,6,185212594,R6 2185m Pace M,185212595,Harness,2185,Pace,40129521,11,Goodonya Mate,LOSER,135.04,LOSER,22.11,77.07,160,80,95,103.3,79.22,720,120,700,174.49,15.23,61.63,13,7.6,7.6,10.13,38.81,95,120,1.03,0.98
12/07/2021,5:41:00 PM,5:41:43 PM,Pinjarra,WA,7,185212596,R7 2185m Pace M,185212597,Harness,2185,Pace,36682177,1,Paroquet,LOSER,293.23,LOSER,39.37,29.74,420,130,290,230.21,26.08,1000,260,1000,706.59,8.21,52.22,17,11,11,15.97,43.55,240,420,1.02,0.99
12/07/2021,5:41:00 PM,5:41:43 PM,Pinjarra,WA,7,185212596,R7 2185m Pace M,185212597,Harness,2185,Pace,28373361,2,Our Star Billing,LOSER,6.2,LOSER,1.48,843.74,6,3.4,6,5.17,2142.28,720,3.6,650,8.15,371.89,1041.73,2.26,1.32,1.48,1.43,7389.43,5.6,5.9,1.02,0.99
12/07/2021,5:41:00 PM,5:41:43 PM,Pinjarra,WA,7,185212596,R7 2185m Pace M,185212597,Harness,2185,Pace,28373362,3,Shakira Blue,LOSER,26.85,LOSER,4.4,393.42,46,24,29,29.74,258.87,910,19.5,910,79.78,43.15,353.62,5.8,3.7,4.4,4.28,24.37,26,29,1.02,0.99
12/07/2021,5:41:00 PM,5:41:43 PM,Pinjarra,WA,7,185212596,R7 2185m Pace M,185212597,Harness,2185,Pace,39254807,4,Captains Beachbabe,WINNER,19.56,WINNER,3.53,378.76,34,18,20,21.36,448.81,100,1.05,1.08,3.56,851.52,119.49,3.75,3.2,3.2,3.28,27.2,19.5,20,1.02,0.99
12/07/2021,5:41:00 PM,5:41:43 PM,Pinjarra,WA,7,185212596,R7 2185m Pace M,185212597,Harness,2185,Pace,28279775,5,Star For Me,LOSER,97.83,LOSER,10.94,86.22,200,34,150,129.1,70.14,900,55,900,182.86,26.2,154.31,12,6.6,10.5,10.91,22.02,150,170,1.02,0.99
12/07/2021,5:41:00 PM,5:41:43 PM,Pinjarra,WA,7,185212596,R7 2185m Pace M,185212597,Harness,2185,Pace,27714796,6,Black Jack Baby,LOSER,1.63,LOSER,1.16,3649.9,1.92,1.62,1.65,1.7,14502.57,65,1.12,65,1.37,5901.38,1661.14,1.25,1.15,1.15,1.17,1892.58,1.65,1.67,1.02,0.99
12/07/2021,5:41:00 PM,5:41:43 PM,Pinjarra,WA,7,185212596,R7 2185m Pace M,185212597,Harness,2185,Pace,28274407,7,Freyja,LOSER,175.29,LOSER,24.28,35.92,300,46,180,152.92,39.02,720,90,720,274.21,6.89,80.6,32,8.4,28,16.09,4.41,190,240,1.02,0.99
12/07/2021,5:41:00 PM,5:41:43 PM,Pinjarra,WA,7,185212596,R7 2185m Pace M,185212597,Harness,2185,Pace,40129522,8,Dynamite Dolly,LOSER,453.42,LOSER,61.14,22.23,450,120,450,250.98,16.81,1000,290,290,606.83,0.93,33.16,15.5,12.5,15.5,14.38,3.13,280,450,1.02,0.99
12/07/2021,5:41:00 PM,5:41:43 PM,Pinjarra,WA,7,185212596,R7 2185m Pace M,185212597,Harness,2185,Pace,36593195,9,Joelene,LOSER,14.5,WINNER,2.86,518.73,20,12.5,14.5,14.95,954.2,720,8.4,410,27.85,61.69,604.18,3.1,2.52,2.88,2.7,215.41,15,16,1.02,0.99
12/07/2021,5:41:00 PM,5:41:43 PM,Pinjarra,WA,7,185212596,R7 2185m Pace M,185212597,Harness,2185,Pace,17551858,11,Rumour Has It,LOSER,17.71,WINNER,2.89,477.04,40,15.5,19,19.94,666.55,720,1.06,3.5,13.19,312.36,734.29,3.8,2.82,2.84,3.09,25.4,17,18,1.02,0.99
12/07/2021,5:41:00 PM,5:41:43 PM,Pinjarra,WA,7,185212596,R7 2185m Pace M,185212597,Harness,2185,Pace,40129523,12,Patrikiar,LOSER,622.48,LOSER,57.16,31.24,660,110,490,264.97,38.53,1000,500,500,687.22,1.49,44.08,30,17,23,25.74,28.06,250,340,1.02,0.99
12/07/2021,6:15:00 PM,6:15:45 PM,Pinjarra,WA,8,185212598,R8 1684m Pace M,185212599,Harness,1684,Pace,23178501,1,Nigel Ernest,LOSER,44.16,LOSER,2.97,182.21,44,1.01,42,26.88,765.67,1000,14.5,300,55.01,62.3,516.64,3.15,2.44,2.92,2.76,1270.2,34,21,1.02,1.01
12/07/2021,6:15:00 PM,6:15:45 PM,Pinjarra,WA,8,185212598,R8 1684m Pace M,185212599,Harness,1684,Pace,40129524,3,Rocknstar,LOSER,37.76,LOSER,3.35,252.98,70,27,36,38.55,405.77,720,13,650,42.72,73.81,553.47,3.75,3,3.4,3.12,473.61,30,36,1.02,1.01
12/07/2021,6:15:00 PM,6:15:45 PM,Pinjarra,WA,8,185212598,R8 1684m Pace M,185212599,Harness,1684,Pace,5203143,4,Trickin,LOSER,95.8,LOSER,6.79,100.6,200,38,160,97.88,162.76,720,75,720,113.67,17.36,314.84,7.6,5.5,6.8,6.83,53.17,100,120,1.02,1.01
12/07/2021,6:15:00 PM,6:15:45 PM,Pinjarra,WA,8,185212598,R8 1684m Pace M,185212599,Harness,1684,Pace,28605559,5,Powerplay,WINNER,2.54,WINNER,1.13,1991.37,2.6,1.81,2.42,2.29,16576.71,2.58,1.01,1.01,1.47,2472.87,1647.93,1.15,1.07,1.13,1.12,654.13,2.46,2.54,1.02,1.01
12/07/2021,6:15:00 PM,6:15:45 PM,Pinjarra,WA,8,185212598,R8 1684m Pace M,185212599,Harness,1684,Pace,35264707,6,Arma Einstein,LOSER,2.04,WINNER,1.08,2952.84,3.2,1.84,2,2.09,20118.55,270,2.02,200,3.19,601.37,19.97,1.13,1.08,1.09,1.11,984.73,1.94,1.97,1.02,1.01
12/07/2021,6:15:00 PM,6:15:45 PM,Pinjarra,WA,8,185212598,R8 1684m Pace M,185212599,Harness,1684,Pace,13628852,7,Sagatious,LOSER,218.32,WINNER,8.27,53.49,200,34,200,110.71,169.57,890,110,890,242.85,17.16,224.7,8.4,6.2,8,8.03,14.47,160,190,1.02,1.01
12/07/2021,6:15:00 PM,6:15:45 PM,Pinjarra,WA,8,185212598,R8 1684m Pace M,185212599,Harness,1684,Pace,37616864,8,Iamthefirecracker,LOSER,67.73,LOSER,3.15,186.24,100,26,55,57.56,236.69,1000,60,1000,178.86,25.87,1125.83,4.7,2.88,3.7,3.62,278.43,48,55,1.02,1.01
12/07/2021,6:49:00 PM,6:49:37 PM,Pinjarra,WA,9,185212600,R9 2185m Pace M,185212602,Harness,2185,Pace,23708967,1,Miss Lamarr,LOSER,19.11,LOSER,2.82,327.74,23,5.7,21,17.73,430.93,720,7.4,420,38.39,89.41,332.27,3.5,2.46,2.82,2.81,3279.21,21,22,1.01,0.99
12/07/2021,6:49:00 PM,6:49:37 PM,Pinjarra,WA,9,185212600,R9 2185m Pace M,185212602,Harness,2185,Pace,36023687,2,Doctor Tom,WINNER,1.3,WINNER,1.1,4005.16,1.71,1.24,1.31,1.3,16105.62,1.73,1.01,1.01,1.21,6653.21,10.01,1.16,1.07,1.09,1.1,3349.43,1.29,1.31,1.01,0.99
12/07/2021,6:49:00 PM,6:49:37 PM,Pinjarra,WA,9,185212600,R9 2185m Pace M,185212602,Harness,2185,Pace,27870675,3,Little Bitof Fun,LOSER,17.15,WINNER,4.3,420.29,26,13,18,19.36,267.95,90,2.58,90,5.93,1437.37,410.62,5.1,3.8,4,4.14,12.59,17.5,19,1.01,0.99
12/07/2021,6:49:00 PM,6:49:37 PM,Pinjarra,WA,9,185212600,R9 2185m Pace M,185212602,Harness,2185,Pace,12945055,4,Mileys Desire,LOSER,392.76,LOSER,169.59,44.06,480,85,220,215.97,47.61,1000,220,1000,414.56,12.62,3.6,170,50,170,69.04,33.93,220,330,1.01,0.99
12/07/2021,6:49:00 PM,6:49:37 PM,Pinjarra,WA,9,185212600,R9 2185m Pace M,185212602,Harness,2185,Pace,17234781,5,The Verandah,LOSER,9.79,LOSER,3.2,665.97,24,10.5,11.5,13.08,623.05,900,6.2,720,16.43,348.01,538.93,3.55,2.62,3.2,3.22,225.07,11.5,12,1.01,0.99
12/07/2021,6:49:00 PM,6:49:37 PM,Pinjarra,WA,9,185212600,R9 2185m Pace M,185212602,Harness,2185,Pace,13497246,6,Regal Cheval,LOSER,26.01,LOSER,6.6,185.41,46,14,27,25.16,249.11,740,26,740,106.11,24.47,226.9,7,5.9,7,6.17,5.39,28,30,1.01,0.99
12/07/2021,6:49:00 PM,6:49:37 PM,Pinjarra,WA,9,185212600,R9 2185m Pace M,185212602,Harness,2185,Pace,17234374,7,Anvil Rollover,LOSER,127.42,LOSER,44.57,63.13,190,32,170,132.48,51.3,780,120,780,260.51,4.54,48.65,25,18.5,25,20.18,0.15,130,150,1.01,0.99
13/07/2021,1:33:00 PM,1:33:51 PM,Albion Park,QLD,1,185265904,R1 1660m Pace M,185265905,Harness,1660,Pace,38979733,1,Indy Jewel,LOSER,4.7,LOSER,2.39,1421.48,7,4.5,4.6,4.94,1984.34,720,1.85,490,5.1,882.48,672.21,2.5,2.18,2.2,2.33,323.87,4.7,4.9,1.03,0.98
13/07/2021,1:33:00 PM,1:33:51 PM,Albion Park,QLD,1,185265904,R1 1660m Pace M,185265905,Harness,1660,Pace,40129421,2,Mister Cautious,LOSER,6.42,WINNER,2.95,860.7,13.5,5.8,6.2,6.52,2068.68,720,3.2,490,7.34,196.97,282.66,3.7,2.76,3,2.81,101.33,6,6.2,1.03,0.98
13/07/2021,1:33:00 PM,1:33:51 PM,Albion Park,QLD,1,185265904,R1 1660m Pace M,185265905,Harness,1660,Pace,39170167,3,Shadys Cullect,LOSER,7.63,LOSER,3.3,801.39,8.2,5.5,8,6.93,1183.86,120,3.7,75,17.07,163.61,463.38,3.4,2.5,3.4,2.54,1028.5,7.2,7.8,1.03,0.98
13/07/2021,1:33:00 PM,1:33:51 PM,Albion Park,QLD,1,185265904,R1 1660m Pace M,185265905,Harness,1660,Pace,40129422,4,Betting Origin,LOSER,17.73,LOSER,7.02,367.78,26,17.5,19.5,19.36,163.65,720,17.5,710,38.86,39.69,248.37,,,,,,17.5,19,1.03,0.98
13/07/2021,1:33:00 PM,1:33:51 PM,Albion Park,QLD,1,185265904,R1 1660m Pace M,185265905,Harness,1660,Pace,39456375,5,Going Great Guns,WINNER,2.64,WINNER,1.85,2629.59,2.8,2.12,2.7,2.44,6819.11,4.3,1.01,1.01,1.61,5076.11,972.77,1.81,1.68,1.81,1.74,82.85,2.62,2.66,1.03,0.98
13/07/2021,1:33:00 PM,1:33:51 PM,Albion Park,QLD,1,185265904,R1 1660m Pace M,185265905,Harness,1660,Pace,38666192,6,Head Noise,LOSER,28.31,LOSER,15,270.82,50,30,34,35.43,98.94,290,1.28,180,15.32,266.65,198.48,15,15,15,15,1.15,30,34,1.03,0.98
13/07/2021,1:33:00 PM,1:33:51 PM,Albion Park,QLD,1,185265904,R1 1660m Pace M,185265905,Harness,1660,Pace,40129423,7,Our Uncle Les,LOSER,28.3,LOSER,12.3,220.97,38,26,26,29.29,120.84,720,21,300,52.98,61.36,117.04,14,14,14,14,0.02,28,32,1.03,0.98
13/07/2021,2:12:00 PM,2:12:40 PM,Albion Park,QLD,2,185265906,R2 2138m Trot S,185265907,Harness,2138,Trot,19255132,1,Myrtle Beach,LOSER,271.47,LOSER,23.96,66.14,270,95,270,217.44,107.99,870,90,700,240.36,15.85,91.06,26,23,24,24.64,62.87,250,270,1.02,1
13/07/2021,2:12:00 PM,2:12:40 PM,Albion Park,QLD,2,185265906,R2 2138m Trot S,185265907,Harness,2138,Trot,3705943,2,Steves Star,LOSER,69.39,LOSER,12.51,164.29,85,40,65,61.84,107.36,920,15,920,43.81,48.05,138.94,,,,,,60,65,1.02,1
13/07/2021,2:12:00 PM,2:12:40 PM,Albion Park,QLD,2,185265906,R2 2138m Trot S,185265907,Harness,2138,Trot,1174864,3,Hattie,LOSER,50,LOSER,8.3,150.89,65,40,50,51.7,96.93,930,46,930,226.42,27,226.1,,,,,,42,50,1.02,1
13/07/2021,2:12:00 PM,2:12:40 PM,Albion Park,QLD,2,185265906,R2 2138m Trot S,185265907,Harness,2138,Trot,23427202,4,Tam Oshanter,LOSER,3.08,WINNER,1.51,1788.04,4.8,2.92,3,3.17,9119.92,110,1.38,110,2.94,1228.38,1291.08,1.72,1.43,1.49,1.58,688.64,3,3.05,1.02,1
13/07/2021,2:12:00 PM,2:12:40 PM,Albion Park,QLD,2,185265906,R2 2138m Trot S,185265907,Harness,2138,Trot,28454299,5,Simone De Beauvoir,LOSER,19.49,LOSER,4.22,390.62,18.5,11,18.5,15.65,369.71,900,6.6,890,74.62,36.69,363.92,4.6,3.4,4.1,4.29,41.67,16,16.5,1.02,1
13/07/2021,2:12:00 PM,2:12:40 PM,Albion Park,QLD,2,185265906,R2 2138m Trot S,185265907,Harness,2138,Trot,36709395,6,Hello Jolene Jolene,LOSER,8,LOSER,3.44,669.61,9.8,7.6,8,8.26,975.66,880,7,350,68.8,98.45,1136.52,25,2.44,2.76,2.91,204.7,8.4,8.6,1.02,1
13/07/2021,2:12:00 PM,2:12:40 PM,Albion Park,QLD,2,185265906,R2 2138m Trot S,185265907,Harness,2138,Trot,22564943,7,Aveross Don,LOSER,19.92,WINNER,3.96,318.44,34,18.5,22,22.87,342.67,910,10,910,78.8,66.44,511.01,4.9,3.85,4.4,4.11,13.68,20,22,1.02,1
13/07/2021,2:12:00 PM,2:12:40 PM,Albion Park,QLD,2,185265906,R2 2138m Trot S,185265907,Harness,2138,Trot,28313750,8,Shegotsass,LOSER,98.89,LOSER,17.1,53.58,150,85,130,103.81,57.38,720,40,720,115.06,14.17,104.91,,,,,,110,150,1.02,1
13/07/2021,2:12:00 PM,2:12:40 PM,Albion Park,QLD,2,185265906,R2 2138m Trot S,185265907,Harness,2138,Trot,792835,9,The Reaper,LOSER,15.5,LOSER,3.4,406.03,19.5,12.5,16.5,16.77,404.63,720,11.5,720,25.8,59.52,591.23,4.8,3.05,3.45,3.49,79.25,17.5,15,1.02,1
13/07/2021,2:12:00 PM,2:12:40 PM,Albion Park,QLD,2,185265906,R2 2138m Trot S,185265907,Harness,2138,Trot,16549236,10,Down Under Rors,LOSER,29.13,LOSER,5.42,259.77,46,30,32,34.41,235.01,720,10,720,25.84,71.61,394.57,,,,,,32,34,1.02,1
13/07/2021,2:12:00 PM,2:12:40 PM,Albion Park,QLD,2,185265906,R2 2138m Trot S,185265907,Harness,2138,Trot,1467164,12,Aladdin Sane,WINNER,3.1,WINNER,1.55,2016.25,3.45,2.44,3.15,3.15,5222.06,10,1.01,1.04,2.2,6562.81,1157.48,1.6,1.34,1.58,1.55,621.34,3.2,3.3,1.02,1
13/07/2021,2:47:00 PM,2:47:56 PM,Albion Park,QLD,3,185265908,R3 1660m Pace M,185265909,Harness,1660,Pace,37467839,1,Whata Optimist,LOSER,140.94,LOSER,9.2,62.52,250,70,230,170.86,140.11,720,110,720,174.54,18.41,159.03,11.5,5.8,9.6,9.84,39.82,130,220,1.02,0.98
13/07/2021,2:47:00 PM,2:47:56 PM,Albion Park,QLD,3,185265908,R3 1660m Pace M,185265909,Harness,1660,Pace,40129424,2,Alex Tee,LOSER,37.46,LOSER,3.26,211.6,50,25,44,39.06,196.82,720,10,510,68.12,19.93,576.78,4.4,2.98,3.3,3.38,567.72,40,50,1.02,0.98
13/07/2021,2:47:00 PM,2:47:56 PM,Albion Park,QLD,3,185265908,R3 1660m Pace M,185265909,Harness,1660,Pace,28013849,3,Happy Publicans,LOSER,12.46,WINNER,1.78,527.3,13.5,6.6,12,11.56,1239.11,220,3,100,9.23,499.21,875.16,1.81,1.69,1.72,1.71,1134.35,11.5,12.5,1.02,0.98
13/07/2021,2:47:00 PM,2:47:56 PM,Albion Park,QLD,3,185265908,R3 1660m Pace M,185265909,Harness,1660,Pace,39890295,4,Franco Nandor,LOSER,1.32,LOSER,1.1,3789.55,2,1.34,1.42,1.48,20360.7,720,1.23,710,1.57,7488.33,10.01,1.13,1.08,1.11,1.11,4325.82,1.47,1.49,1.02,0.98
13/07/2021,2:47:00 PM,2:47:56 PM,Albion Park,QLD,3,185265908,R3 1660m Pace M,185265909,Harness,1660,Pace,36833259,5,Studleigh Mark,LOSER,50,LOSER,5.46,137.69,95,44,65,67.95,213.35,940,38,940,252.06,31.97,345.23,8.2,5.4,5.8,5.81,25.46,65,80,1.02,0.98
13/07/2021,2:47:00 PM,2:47:56 PM,Albion Park,QLD,3,185265908,R3 1660m Pace M,185265909,Harness,1660,Pace,35934722,6,Rainbow Jet,LOSER,40.87,WINNER,3.37,148.92,80,24,40,34.08,220.21,170,3.45,110,61.65,124.11,512.72,4.9,3.2,3.25,3.31,84.04,30,32,1.02,0.98
13/07/2021,2:47:00 PM,2:47:56 PM,Albion Park,QLD,3,185265908,R3 1660m Pace M,185265909,Harness,1660,Pace,31544655,8,Whatta Good Reason,WINNER,10.68,WINNER,1.44,584.39,9.4,4.9,7,6.25,1414,36,1.01,1.02,2.58,6446.59,1396.36,1.69,1.39,1.5,1.44,571.55,6,6.2,1.02,0.98
13/07/2021,3:22:00 PM,3:22:47 PM,Albion Park,QLD,4,185265910,R4 1660m Pace M,185265911,Harness,1660,Pace,24239466,1,Clarenden Dazzler,WINNER,7.76,WINNER,2.16,722.07,9.2,6.8,7.4,7.77,835.2,9.2,1.07,1.07,1.82,1834.24,1276.58,2.94,2.08,2.2,2.25,310.35,7.8,8,1.02,0.98
13/07/2021,3:22:00 PM,3:22:47 PM,Albion Park,QLD,4,185265910,R4 1660m Pace M,185265911,Harness,1660,Pace,13497364,2,Tuakana,LOSER,4.9,LOSER,2.06,899.3,5.2,3.85,4.8,4.43,4505.99,870,4.9,870,8.67,586.3,433.63,2.6,1.47,2.54,1.78,376,4,4.2,1.02,0.98
13/07/2021,3:22:00 PM,3:22:47 PM,Albion Park,QLD,4,185265910,R4 1660m Pace M,185265911,Harness,1660,Pace,24129636,3,Dargos Pet,LOSER,54.41,LOSER,10.11,155.35,100,50,65,64.17,83.98,950,32,720,124.45,23.88,146.88,9.8,9.8,9.8,9.8,13.43,55,60,1.02,0.98
13/07/2021,3:22:00 PM,3:22:47 PM,Albion Park,QLD,4,185265910,R4 1660m Pace M,185265911,Harness,1660,Pace,6061401,4,Alberio,LOSER,5.1,LOSER,2.08,996.16,5.5,4.5,4.9,4.91,2269.51,100,2.94,85,6.03,204.34,824.64,2.04,1.89,2.04,1.96,211,5.2,5.3,1.02,0.98
13/07/2021,3:22:00 PM,3:22:47 PM,Albion Park,QLD,4,185265910,R4 1660m Pace M,185265911,Harness,1660,Pace,39859158,5,Digyourheelsin,LOSER,69.29,LOSER,14.39,127.82,80,38,80,65.92,45.5,930,42,420,140.57,24.55,105.71,,,,,,65,70,1.02,0.98
13/07/2021,3:22:00 PM,3:22:47 PM,Albion Park,QLD,4,185265910,R4 1660m Pace M,185265911,Harness,1660,Pace,28499142,6,Maywyn Troubadour,LOSER,8.6,WINNER,3.27,537.97,14,8.6,10,10.9,794.4,13.5,1.28,13.5,3.39,1118.78,396.71,3.55,3,3.55,3.1,508.9,12,13,1.02,0.98
13/07/2021,3:22:00 PM,3:22:47 PM,Albion Park,QLD,4,185265910,R4 1660m Pace M,185265911,Harness,1660,Pace,37515933,7,Timenpatience,LOSER,7.31,LOSER,2.65,984,8,5.6,7.8,7.06,728.17,290,5.6,290,8.47,349.34,603.99,2.82,2.2,2.78,2.71,63.56,7.4,7.6,1.02,0.98
13/07/2021,3:22:00 PM,3:22:47 PM,Albion Park,QLD,4,185265910,R4 1660m Pace M,185265911,Harness,1660,Pace,27006263,8,Shez Got Bling,LOSER,6,WINNER,2.2,944.63,8.2,5.4,6.4,6.25,1410.29,110,2.4,95,7.74,160.79,746.72,2.58,2.1,2.12,2.15,196.6,6.2,6.4,1.02,0.98
13/07/2021,3:22:00 PM,3:22:47 PM,Albion Park,QLD,4,185265910,R4 1660m Pace M,185265911,Harness,1660,Pace,40129425,9,Office Bad Boy,LOSER,33.28,LOSER,7.2,253.87,50,14.5,38,36.11,197.19,720,17.5,720,45.73,26.07,236.78,8,6,8,7.12,15.18,36,38,1.02,0.98
13/07/2021,3:22:00 PM,3:22:47 PM,Albion Park,QLD,4,185265910,R4 1660m Pace M,185265911,Harness,1660,Pace,14886124,10,All Good,LOSER,90,LOSER,12.88,101.57,170,48,100,104.25,156.69,940,55,620,200.81,12.5,97.78,13,12.5,12.5,12.56,43.39,95,150,1.02,0.98
13/07/2021,4:03:00 PM,4:04:01 PM,Albion Park,QLD,5,185265912,R5 1660m Pace M,185265913,Harness,1660,Pace,28223828,1,Western Showgirl,LOSER,9.2,LOSER,2.47,647.19,14,8.4,8.6,9.75,650.61,1000,5.7,720,21.86,236.62,664.74,3.1,2.4,2.4,2.62,1230.03,8.8,9.8,1.04,0.96
13/07/2021,4:03:00 PM,4:04:01 PM,Albion Park,QLD,5,185265912,R5 1660m Pace M,185265913,Harness,1660,Pace,28260655,2,Aye Aye Captain,LOSER,13,WINNER,3.05,485.87,13.5,8,12,10.62,639.55,720,1.96,720,5.93,1147.35,455.34,3.05,2.42,3.05,2.96,593.7,11,15,1.04,0.96
13/07/2021,4:03:00 PM,4:04:01 PM,Albion Park,QLD,5,185265912,R5 1660m Pace M,185265913,Harness,1660,Pace,21784842,3,Kwasii,LOSER,38.54,LOSER,6,224.24,36,21,36,28.99,230.96,910,38,730,113.91,28.17,262.52,6,4.8,5.7,5.3,95.39,32,36,1.04,0.96
13/07/2021,4:03:00 PM,4:04:01 PM,Albion Park,QLD,5,185265912,R5 1660m Pace M,185265913,Harness,1660,Pace,32448092,4,Royal Princess,LOSER,23.36,LOSER,7.26,280.22,70,26,27,34.15,203.47,750,23,300,95.19,23.61,219.62,8.4,8.4,8.4,8.4,5.01,32,34,1.04,0.96
13/07/2021,4:03:00 PM,4:04:01 PM,Albion Park,QLD,5,185265912,R5 1660m Pace M,185265913,Harness,1660,Pace,39317047,5,My Ultimate Levi,WINNER,3.42,WINNER,1.73,1697.9,3.9,2.64,3.4,3.26,12320.96,3.8,1.01,1.01,1.5,7505.46,919.99,1.8,1.59,1.69,1.73,686.26,3.1,3.2,1.04,0.96
13/07/2021,4:03:00 PM,4:04:01 PM,Albion Park,QLD,5,185265912,R5 1660m Pace M,185265913,Harness,1660,Pace,39951859,6,Lets Blaze,LOSER,12.68,LOSER,3.72,575.32,13,8.8,12,11.39,671.81,720,12.5,720,33.67,75.74,390.62,3.9,3.45,3.5,3.48,42.92,12,13,1.04,0.96
13/07/2021,4:03:00 PM,4:04:01 PM,Albion Park,QLD,5,185265912,R5 1660m Pace M,185265913,Harness,1660,Pace,24056102,7,Snuggles Banyula,LOSER,31.27,LOSER,7.68,294.8,65,30,32,37.83,168.24,920,30,750,127.69,20.66,245.51,8.2,8.2,8.2,8.2,8.59,29,34,1.04,0.96
13/07/2021,4:03:00 PM,4:04:01 PM,Albion Park,QLD,5,185265912,R5 1660m Pace M,185265913,Harness,1660,Pace,40129426,8,This Ones For You,LOSER,4.8,WINNER,1.95,1026.88,8.6,4.4,4.7,4.89,5677.08,720,3.8,710,10.5,313.22,1011.02,2.26,1.88,1.88,1.95,479.33,4.9,5.2,1.04,0.96
13/07/2021,4:03:00 PM,4:04:01 PM,Albion Park,QLD,5,185265912,R5 1660m Pace M,185265913,Harness,1660,Pace,6459991,9,Lancelot Bromac,LOSER,38.62,LOSER,8,215.02,48,34,42,39.17,136.87,1000,34,1000,204.06,27.01,90.42,8,7.8,8,7.91,14.37,34,42,1.04,0.96
13/07/2021,4:03:00 PM,4:04:01 PM,Albion Park,QLD,5,185265912,R5 1660m Pace M,185265913,Harness,1660,Pace,39669977,10,Misstrepo,LOSER,11.5,LOSER,2.78,595.11,11.5,8,10.5,9.89,855.56,770,3.2,770,19.29,168.51,516.03,3,2.48,2.66,2.63,38.25,9.8,10.5,1.04,0.96
13/07/2021,4:42:00 PM,4:42:36 PM,Albion Park,QLD,6,185265914,R6 1660m Pace M,185265915,Harness,1660,Pace,26696013,1,Magicol Ideal,LOSER,6.69,LOSER,2.14,858.36,7.6,5.5,6.8,6.85,1496.33,720,5.5,530,12.01,258,949.55,2.5,2.04,2.18,2.08,97.5,6.8,7.2,1.03,0.98
13/07/2021,4:42:00 PM,4:42:36 PM,Albion Park,QLD,6,185265914,R6 1660m Pace M,185265915,Harness,1660,Pace,27463138,2,Man Of Action,LOSER,80.12,LOSER,10.55,106.61,110,26,80,66.18,123.3,720,65,720,212.12,5.76,171.67,13.5,8.4,13.5,9.12,1.34,70,80,1.03,0.98
13/07/2021,4:42:00 PM,4:42:36 PM,Albion Park,QLD,6,185265914,R6 1660m Pace M,185265915,Harness,1660,Pace,17328162,3,Kotare Elite,LOSER,95,LOSER,13.91,75.28,110,46,110,74.35,89.99,940,70,940,323.93,5.81,121.78,,,,,,85,95,1.03,0.98
13/07/2021,4:42:00 PM,4:42:36 PM,Albion Park,QLD,6,185265914,R6 1660m Pace M,185265915,Harness,1660,Pace,23914134,4,Albion Ark,LOSER,168.51,LOSER,20.93,45.8,260,120,190,189.16,107.06,720,110,720,301.8,2.88,93.05,19.5,16,19.5,17.39,22.99,180,230,1.03,0.98
13/07/2021,4:42:00 PM,4:42:36 PM,Albion Park,QLD,6,185265914,R6 1660m Pace M,185265915,Harness,1660,Pace,38707016,5,Itz Major Rich,LOSER,5.61,LOSER,1.82,961.07,5.8,3.75,5.7,4.92,2952.19,720,4.9,480,17.58,363.65,1046.26,1.9,1.75,1.82,1.86,147.69,4.7,4.8,1.03,0.98
13/07/2021,4:42:00 PM,4:42:36 PM,Albion Park,QLD,6,185265914,R6 1660m Pace M,185265915,Harness,1660,Pace,39170156,6,Keayang Marven,WINNER,5.05,WINNER,1.8,1676.32,5.2,3.9,5,4.67,2920.68,55,1.01,1.01,1.5,3374.95,992.85,1.99,1.62,1.76,1.72,319.45,4.5,4.9,1.03,0.98
13/07/2021,4:42:00 PM,4:42:36 PM,Albion Park,QLD,6,185265914,R6 1660m Pace M,185265915,Harness,1660,Pace,13966001,7,Bitcoin,LOSER,4.1,WINNER,1.75,1204.65,6,3.95,4,4.28,4691.08,720,1.69,490,3.95,768.43,1036.95,1.8,1.7,1.79,1.79,306.73,4.3,4.6,1.03,0.98
13/07/2021,4:42:00 PM,4:42:36 PM,Albion Park,QLD,6,185265914,R6 1660m Pace M,185265915,Harness,1660,Pace,24610905,9,Mister Diamond,LOSER,5.17,WINNER,1.59,1029.34,6.8,5,5.3,5.63,1854.6,720,2.6,470,3.95,768.12,1555.66,2.12,1.56,1.7,1.77,1243.68,5.7,5.9,1.03,0.98
13/07/2021,4:42:00 PM,4:42:36 PM,Albion Park,QLD,6,185265914,R6 1660m Pace M,185265915,Harness,1660,Pace,1196586,10,Geldof,LOSER,127.78,LOSER,13.69,87.61,140,85,120,96.88,62.44,1000,19,90,218.06,35.09,121.2,11.5,11,11,11.24,20,90,95,1.03,0.98
13/07/2021,5:20:00 PM,5:21:16 PM,Albion Park,QLD,7,185265916,R7 1660m Pace M,185265917,Harness,1660,Pace,24985005,1,Torque Onetwothree,LOSER,16.9,LOSER,2.94,479.02,25,14,17.5,16.69,661.38,780,5.9,780,18.56,161.12,645.13,3.55,2.7,3,3.04,577.44,16,16.5,1.01,0.97
13/07/2021,5:20:00 PM,5:21:16 PM,Albion Park,QLD,7,185265916,R7 1660m Pace M,185265917,Harness,1660,Pace,21832932,2,Luvhavinfun,LOSER,2.39,LOSER,1.43,2589.71,3.2,2.4,2.56,2.79,8031.14,720,1.54,720,3.25,2906.39,731.83,1.51,1.32,1.41,1.43,774.07,2.72,2.76,1.01,0.97
13/07/2021,5:20:00 PM,5:21:16 PM,Albion Park,QLD,7,185265916,R7 1660m Pace M,185265917,Harness,1660,Pace,28339093,3,Brooklyns Best,LOSER,123.36,LOSER,21,59.62,500,60,110,210.95,181.74,1000,360,1000,465.05,4.15,9.96,20,20,20,20,7.22,140,200,1.01,0.97
13/07/2021,5:20:00 PM,5:21:16 PM,Albion Park,QLD,7,185265916,R7 1660m Pace M,185265917,Harness,1660,Pace,2366783,4,Double Or Nothing,LOSER,7.88,WINNER,2,696.38,9.4,4.5,8,6.53,2729.67,480,5.8,190,16.51,161.48,880.76,2.08,1.63,2.08,1.81,365.25,6.4,6.6,1.01,0.97
13/07/2021,5:20:00 PM,5:21:16 PM,Albion Park,QLD,7,185265916,R7 1660m Pace M,185265917,Harness,1660,Pace,446336,5,Blue Moon Rising,WINNER,15.2,WINNER,3.85,401.07,29,8.8,16,17.82,508.2,48,1.01,1.01,1.47,4350.85,448.27,3.75,3.6,3.65,3.65,80,16.5,19,1.01,0.97
13/07/2021,5:20:00 PM,5:21:16 PM,Albion Park,QLD,7,185265916,R7 1660m Pace M,185265917,Harness,1660,Pace,1451481,6,King Triton,LOSER,32,WINNER,6,270.38,50,25,28,28.94,168.42,720,32,300,89.71,29.5,300.96,,,,,,27,32,1.01,0.97
13/07/2021,5:20:00 PM,5:21:16 PM,Albion Park,QLD,7,185265916,R7 1660m Pace M,185265917,Harness,1660,Pace,18933951,7,College Chapel,LOSER,30.76,LOSER,5.69,362.38,55,28,29,33.87,174.1,720,22,300,46.96,32.72,344.91,6,5.4,5.7,5.72,15.8,28,32,1.01,0.97
13/07/2021,5:20:00 PM,5:21:16 PM,Albion Park,QLD,7,185265916,R7 1660m Pace M,185265917,Harness,1660,Pace,12272933,9,Young Conqueror,LOSER,17,LOSER,3.59,476.09,32,18,18,22.25,480.78,780,16.5,780,40.24,88.37,405.2,5.1,3.4,3.5,3.99,244.88,19,19.5,1.01,0.97
13/07/2021,5:20:00 PM,5:21:16 PM,Albion Park,QLD,7,185265916,R7 1660m Pace M,185265917,Harness,1660,Pace,40129427,10,First String,LOSER,4.04,LOSER,1.72,2014.63,4.5,3.1,4.2,3.99,4609.71,720,1.37,170,4.2,1139.4,978.09,1.77,1.49,1.72,1.7,191.44,4.3,4.4,1.01,0.97
13/07/2021,5:52:00 PM,5:52:34 PM,Albion Park,QLD,8,185265918,R8 2138m Pace M,185265919,Harness,2138,Pace,19258312,1,Some Excusesomewhere,LOSER,17.62,LOSER,4.43,498.69,18,14,15,16.24,395.09,190,7,190,16.48,169.31,497.05,4.7,3.35,4.7,3.9,393.82,15.5,16,1.03,0.98
13/07/2021,5:52:00 PM,5:52:34 PM,Albion Park,QLD,8,185265918,R8 2138m Pace M,185265919,Harness,2138,Pace,36484245,2,Jay Tee Tyron,LOSER,34,LOSER,14.5,166.78,42,30,36,35.29,53.21,85,2.3,17.5,31.66,95.92,110.34,6.6,6.6,6.6,6.6,5,36,38,1.03,0.98
13/07/2021,5:52:00 PM,5:52:34 PM,Albion Park,QLD,8,185265918,R8 2138m Pace M,185265919,Harness,2138,Pace,10568407,3,Arthur Lowe,LOSER,10.01,LOSER,3.36,483.62,12.5,9,10.5,10.49,239.02,1000,2.88,500,10.09,801.85,424.64,2.8,2.8,2.8,2.8,10,10.5,11,1.03,0.98
13/07/2021,5:52:00 PM,5:52:34 PM,Albion Park,QLD,8,185265918,R8 2138m Pace M,185265919,Harness,2138,Pace,19742273,4,Always A Secret,LOSER,3.68,LOSER,1.96,1379.87,5.3,3.8,3.9,4.13,1697.34,270,3,270,7.81,526.8,881.29,2.18,1.7,1.85,1.94,107.52,4.4,4.5,1.03,0.98
13/07/2021,5:52:00 PM,5:52:34 PM,Albion Park,QLD,8,185265918,R8 2138m Pace M,185265919,Harness,2138,Pace,12708281,5,Royal Aurora,LOSER,15.44,WINNER,4.88,288.85,25,15,16.5,19.05,103.71,80,2.2,55,6.16,101.29,353.81,4.8,4.4,4.8,4.66,12,15,16.5,1.03,0.98
13/07/2021,5:52:00 PM,5:52:34 PM,Albion Park,QLD,8,185265918,R8 2138m Pace M,185265919,Harness,2138,Pace,2901750,6,The Democrat,LOSER,10,LOSER,3.69,450.72,12,8.6,10,10.33,146.81,140,2.52,100,17.21,79.55,200.84,3.95,2.94,3.05,3.06,21.79,9.8,10.5,1.03,0.98
13/07/2021,5:52:00 PM,5:52:34 PM,Albion Park,QLD,8,185265918,R8 2138m Pace M,185265919,Harness,2138,Pace,13977393,7,Aqua Miss,LOSER,48.42,LOSER,9.69,144.07,110,46,48,68.71,162.2,720,28,720,69.32,41.3,155.2,14,8.8,8.8,10.63,104.78,46,55,1.03,0.98
13/07/2021,5:52:00 PM,5:52:34 PM,Albion Park,QLD,8,185265918,R8 2138m Pace M,185265919,Harness,2138,Pace,13231557,8,Bettor Vision,LOSER,6.6,LOSER,3.91,838.25,6.6,3.75,6.4,5.46,453.86,70,2.3,60,7.83,134.62,752.81,13,2.44,2.7,3.89,23,6,6.4,1.03,0.98
13/07/2021,5:52:00 PM,5:52:34 PM,Albion Park,QLD,8,185265918,R8 2138m Pace M,185265919,Harness,2138,Pace,11160573,10,Vinny Chase,WINNER,13,WINNER,4.53,365.21,13.5,9.8,13.5,11.72,70.53,16,1.07,1.13,1.86,1235.84,112.16,3.35,2.86,3.35,3.13,1.3,11.5,12,1.03,0.98
13/07/2021,5:52:00 PM,5:52:34 PM,Albion Park,QLD,8,185265918,R8 2138m Pace M,185265919,Harness,2138,Pace,38533779,12,Ragnarr,LOSER,11.27,WINNER,2.12,699.35,8,5.5,7,6.17,1377.22,100,2.2,80,7.74,306.04,788.64,2.82,2.06,2.2,2.12,269.63,6,6.2,1.03,0.98
13/07/2021,6:17:00 PM,6:17:43 PM,Albion Park,QLD,9,185265920,R9 2138m Pace M,185265921,Harness,2138,Pace,12520548,1,Artful Maid,LOSER,18.97,LOSER,5.07,240.98,18,10,18,15.13,292.95,890,8,890,18.43,222.92,181.47,4.1,3.7,4,3.94,259.2,15,16,1.04,0.98
13/07/2021,6:17:00 PM,6:17:43 PM,Albion Park,QLD,9,185265920,R9 2138m Pace M,185265921,Harness,2138,Pace,12864241,2,The Announcer,LOSER,9.67,LOSER,2.99,527.17,9.6,6,9.2,7.91,846.53,780,6.4,480,13.45,147.35,557.68,2.5,2.5,2.5,2.5,0.17,8.4,9.6,1.04,0.98
13/07/2021,6:17:00 PM,6:17:43 PM,Albion Park,QLD,9,185265920,R9 2138m Pace M,185265921,Harness,2138,Pace,25751028,3,Montana Chief,LOSER,3.21,WINNER,1.7,1540.2,6.8,3.35,3.4,4.05,4942.86,490,1.38,170,3.9,2130.01,1441.51,2.2,1.7,1.74,1.82,718.85,3.5,3.6,1.04,0.98
13/07/2021,6:17:00 PM,6:17:43 PM,Albion Park,QLD,9,185265920,R9 2138m Pace M,185265921,Harness,2138,Pace,10958722,4,Our Major Day,LOSER,17.8,LOSER,4.85,284.22,24,13.5,19.5,18.18,363.95,720,2.6,500,17.08,424.11,352.18,4.2,3.75,4.2,3.95,22.99,18.5,20,1.04,0.98
13/07/2021,6:17:00 PM,6:17:43 PM,Albion Park,QLD,9,185265920,R9 2138m Pace M,185265921,Harness,2138,Pace,10981821,5,Midnight Man,LOSER,93.11,LOSER,18.4,79.73,200,95,110,125.77,72.63,780,90,780,151.18,11.1,102.15,27,16.5,16.5,18.93,22.93,95,100,1.04,0.98
13/07/2021,6:17:00 PM,6:17:43 PM,Albion Park,QLD,9,185265920,R9 2138m Pace M,185265921,Harness,2138,Pace,9332914,6,Chantrey,LOSER,9.84,LOSER,3.41,474.14,9.8,8,9.6,8.74,519.51,880,9,500,23,163.02,462.66,3.65,3,3.65,3,50.28,9.2,9.8,1.04,0.98
13/07/2021,6:17:00 PM,6:17:43 PM,Albion Park,QLD,9,185265920,R9 2138m Pace M,185265921,Harness,2138,Pace,12494667,7,Watch Pulp Fiction,LOSER,9.88,LOSER,3.5,624.23,14.5,11,11.5,12.06,239.88,780,7.6,720,13.7,162.43,591.46,4.1,3.5,4.1,3.51,22.57,11.5,12,1.04,0.98
13/07/2021,6:17:00 PM,6:17:43 PM,Albion Park,QLD,9,185265920,R9 2138m Pace M,185265921,Harness,2138,Pace,10874672,8,Nurburgring,LOSER,5.78,LOSER,2.13,805.4,7,4.6,6,5.61,1263.92,870,3.65,870,6.52,405.4,792.41,2.62,2,2.14,2.09,70.29,5.9,6.2,1.04,0.98
13/07/2021,6:17:00 PM,6:17:43 PM,Albion Park,QLD,9,185265920,R9 2138m Pace M,185265921,Harness,2138,Pace,13379479,9,Bohannan,LOSER,110,LOSER,22.14,57.84,200,75,110,123.82,70.15,880,40,880,168.48,22.8,58.36,17.5,12.5,14,13.92,25,140,180,1.04,0.98
13/07/2021,6:17:00 PM,6:17:43 PM,Albion Park,QLD,9,185265920,R9 2138m Pace M,185265921,Harness,2138,Pace,12501974,10,Scoob Operator,WINNER,12,WINNER,3.5,383.82,13,7.2,12.5,11.27,537.98,19,1.01,1.01,1.22,5669.9,459.79,3.1,3,3.1,3.04,18.77,10.5,11,1.04,0.98
13/07/2021,6:17:00 PM,6:17:43 PM,Albion Park,QLD,9,185265920,R9 2138m Pace M,185265921,Harness,2138,Pace,16734095,11,Our Wall Street Wolf,LOSER,25.5,WINNER,6.9,297.4,36,25,28,28.96,86.43,280,2.9,280,49.78,57.52,188.28,6.8,6.8,6.8,6.8,10,30,32,1.04,0.98
13/07/2021,5:31:00 PM,5:33:05 PM,Bendigo,VIC,1,185265972,R1 1650m Pace M,185265973,Harness,1650,Pace,40129456,1,Kalkadoon Warrior,LOSER,12,LOSER,2.28,499.24,11.5,6,11,8.53,493.88,490,3,490,15.49,235.32,465.16,2.3,1.89,2.3,2.02,223.87,6.8,7.2,1.03,0.97
13/07/2021,5:31:00 PM,5:33:05 PM,Bendigo,VIC,1,185265972,R1 1650m Pace M,185265973,Harness,1650,Pace,32830287,2,Self Exclusion,WINNER,1.7,WINNER,1.21,3458.9,2,1.68,1.68,1.77,8355.12,2.5,1.01,1.01,1.38,7367.62,1399.2,1.34,1.22,1.25,1.27,352.87,1.79,1.82,1.03,0.97
13/07/2021,5:31:00 PM,5:33:05 PM,Bendigo,VIC,1,185265972,R1 1650m Pace M,185265973,Harness,1650,Pace,27870737,3,Marcys Star,LOSER,25.11,LOSER,4.45,205.65,28,15.5,25,24.12,189.94,650,6.8,650,23.87,61.19,213.68,,,,,,23,27,1.03,0.97
13/07/2021,5:31:00 PM,5:33:05 PM,Bendigo,VIC,1,185265972,R1 1650m Pace M,185265973,Harness,1650,Pace,40129457,4,Ulani,LOSER,12,LOSER,2.7,518.97,12.5,8.8,11.5,10.53,149.32,720,12,720,40,58.19,206.25,3,3,3,3,0.47,10,10.5,1.03,0.97
13/07/2021,5:31:00 PM,5:33:05 PM,Bendigo,VIC,1,185265972,R1 1650m Pace M,185265973,Harness,1650,Pace,40129458,5,Ajays Racer,LOSER,48,WINNER,9.05,131.25,55,36,55,43.21,48.8,920,2.34,440,35.62,75.5,138.08,,,,,,36,46,1.03,0.97
13/07/2021,5:31:00 PM,5:33:05 PM,Bendigo,VIC,1,185265972,R1 1650m Pace M,185265973,Harness,1650,Pace,40129459,6,Tipofthetongue,LOSER,9.46,WINNER,2.74,388.54,23,9,12,12.35,2093.99,490,8.4,490,18.97,144.96,358.13,4.8,2.36,2.4,3.04,108.87,15.5,18.5,1.03,0.97
13/07/2021,5:31:00 PM,5:33:05 PM,Bendigo,VIC,1,185265972,R1 1650m Pace M,185265973,Harness,1650,Pace,39378669,7,Tellmesumthingrl,LOSER,202.81,LOSER,34,55.31,270,95,260,146.04,10.79,950,200,950,329.72,13.14,52.22,,,,,,160,220,1.03,0.97
13/07/2021,5:31:00 PM,5:33:05 PM,Bendigo,VIC,1,185265972,R1 1650m Pace M,185265973,Harness,1650,Pace,40129460,8,Salsboy,LOSER,15,LOSER,2.91,269.68,22,13,15,15.13,370.56,490,13.5,490,48.1,58.55,679.53,2.8,2.74,2.8,2.79,24.12,16,17.5,1.03,0.97
13/07/2021,5:31:00 PM,5:33:05 PM,Bendigo,VIC,1,185265972,R1 1650m Pace M,185265973,Harness,1650,Pace,39989741,9,Sugoi Alto,LOSER,72.73,LOSER,8.59,84.13,80,30,80,56.66,72.1,720,29,720,56.66,26.41,124.36,6.6,6.6,6.6,6.6,5,50,65,1.03,0.97
13/07/2021,6:00:00 PM,6:00:55 PM,Bendigo,VIC,2,185265974,R2 2150m Trot M,185265975,Harness,2150,Trot,40129461,1,Our Deneuve,LOSER,18.41,LOSER,4.88,462.53,22,15,20,19.09,349.47,910,9.8,710,36.93,75.46,384.38,4.8,4.3,4.8,4.69,12.86,18.5,19.5,1.03,0.99
13/07/2021,6:00:00 PM,6:00:55 PM,Bendigo,VIC,2,185265974,R2 2150m Trot M,185265975,Harness,2150,Trot,40129462,2,Just A Bit Touchy,WINNER,1.64,WINNER,1.27,3243.9,2,1.48,1.65,1.67,8747.65,2.44,1.01,1.01,1.33,4322.16,1623.02,1.44,1.15,1.31,1.31,2244.46,1.64,1.67,1.03,0.99
13/07/2021,6:00:00 PM,6:00:55 PM,Bendigo,VIC,2,185265974,R2 2150m Trot M,185265975,Harness,2150,Trot,40129463,3,Miss Venom,LOSER,150,LOSER,79.22,91.29,270,85,160,144.8,80.99,900,120,890,408.53,2.72,32.12,40,15.5,29,34.25,33.29,150,200,1.03,0.99
13/07/2021,6:00:00 PM,6:00:55 PM,Bendigo,VIC,2,185265974,R2 2150m Trot M,185265975,Harness,2150,Trot,40129464,4,Alfie Always,LOSER,12.22,LOSER,3.1,570.76,14,8.8,12.5,10.68,613.83,720,5,720,23.05,118.99,696.75,3.65,2.98,3.35,3.22,60.98,10.5,11.5,1.03,0.99
13/07/2021,6:00:00 PM,6:00:55 PM,Bendigo,VIC,2,185265974,R2 2150m Trot M,185265975,Harness,2150,Trot,40129465,5,Im Bobby,LOSER,71.44,LOSER,14.5,123.2,95,40,60,64.6,154.92,990,100,140,576.38,8.17,112.99,13.5,9.2,11.5,12.03,55.03,60,70,1.03,0.99
13/07/2021,6:00:00 PM,6:00:55 PM,Bendigo,VIC,2,185265974,R2 2150m Trot M,185265975,Harness,2150,Trot,40129466,6,Aussie Muscle,LOSER,3.86,WINNER,1.69,1416.56,5.4,3.65,3.9,4.14,2745.56,120,2.96,120,22.4,112.45,845.68,1.97,1.58,1.69,1.64,2664.4,4.1,4.3,1.03,0.99
13/07/2021,6:27:00 PM,6:28:28 PM,Bendigo,VIC,3,185265976,R3 2150m Trot M,185265977,Harness,2150,Trot,38454728,1,Jessicas Story,LOSER,669.07,LOSER,45.82,38.1,880,60,870,413.69,33.84,380,360,360,364,0.1,47.88,19,11,19,14.91,17.09,510,760,1.02,0.99
13/07/2021,6:27:00 PM,6:28:28 PM,Bendigo,VIC,3,185265976,R3 2150m Trot M,185265977,Harness,2150,Trot,38989522,2,Could Dowitharain,LOSER,46,LOSER,4.3,158.56,70,11.5,46,34.82,244.54,730,22,360,121.57,16.48,227.7,4.3,2.96,4.3,3.13,23.65,44,50,1.02,0.99
13/07/2021,6:27:00 PM,6:28:28 PM,Bendigo,VIC,3,185265976,R3 2150m Trot M,185265977,Harness,2150,Trot,36201670,4,Lady In The Sky,WINNER,1.58,WINNER,1.13,4670.89,2.5,1.54,1.58,1.74,10775.66,4.8,1.01,1.01,1.48,6120.23,1671.38,1.2,1.12,1.16,1.14,478.94,1.61,1.62,1.02,0.99
13/07/2021,6:27:00 PM,6:28:28 PM,Bendigo,VIC,3,185265976,R3 2150m Trot M,185265977,Harness,2150,Trot,40129469,6,Free Starr,LOSER,8.23,WINNER,1.68,866.63,9,6,8.4,7.29,1015.92,720,4.2,710,8.84,148.24,709.25,1.95,1.66,1.71,1.7,561.07,7.6,8,1.02,0.99
13/07/2021,6:27:00 PM,6:28:28 PM,Bendigo,VIC,3,185265976,R3 2150m Trot M,185265977,Harness,2150,Trot,40129470,7,Evas Image,LOSER,6.4,WINNER,1.65,740.31,16,6.2,6.4,7.37,2666.29,130,1.25,130,5.69,529.9,939.64,2.88,1.59,1.71,1.89,596.35,6.4,6.8,1.02,0.99
13/07/2021,6:27:00 PM,6:28:28 PM,Bendigo,VIC,3,185265976,R3 2150m Trot M,185265977,Harness,2150,Trot,40129471,8,Champagne Charley,LOSER,22.14,LOSER,2.81,399.41,27,14,23,20.51,589.5,720,24,490,71.25,16.61,229.84,3.95,2.68,2.78,2.82,262.95,21,24,1.02,0.99
13/07/2021,6:27:00 PM,6:28:28 PM,Bendigo,VIC,3,185265976,R3 2150m Trot M,185265977,Harness,2150,Trot,39722633,9,Webster Hall,LOSER,22.25,LOSER,3.35,515.66,28,8,20,18.9,593.15,720,9.2,630,38.93,50.02,215.38,2.88,1.98,2.88,2.01,31.96,25,26,1.02,0.99
13/07/2021,7:00:00 PM,7:01:12 PM,Bendigo,VIC,4,185265978,R4 2150m Pace M,185265979,Harness,2150,Pace,40040614,1,Miss Hattie,LOSER,6.76,WINNER,2.06,882.84,9.4,4.3,7.2,6.97,1349.45,720,3.55,710,8.2,306.91,845.43,2.5,2.06,2.08,2.08,454.13,8,8.6,1.03,0.98
13/07/2021,7:00:00 PM,7:01:12 PM,Bendigo,VIC,4,185265978,R4 2150m Pace M,185265979,Harness,2150,Pace,35934727,2,Mauries Bonus,WINNER,6.87,WINNER,1.96,720.54,7,4.3,6.4,5.44,2308.5,7,1.01,1.01,2.02,3694.18,843.98,1.9,1.67,1.9,1.69,671.79,6,6.2,1.03,0.98
13/07/2021,7:00:00 PM,7:01:12 PM,Bendigo,VIC,4,185265978,R4 2150m Pace M,185265979,Harness,2150,Pace,36423955,4,Captain Wilson,LOSER,1.91,LOSER,1.26,4793.77,2.98,1.95,2.06,2.11,10506.94,720,1.85,710,2.59,2522.19,1267.29,1.33,1.22,1.25,1.29,337.4,1.98,2.04,1.03,0.98
13/07/2021,7:00:00 PM,7:01:12 PM,Bendigo,VIC,4,185265978,R4 2150m Pace M,185265979,Harness,2150,Pace,28535650,5,Backwards First,LOSER,122.34,LOSER,14.05,70.91,130,48,130,84.23,75.74,1000,32,1000,118.39,15.12,125.49,,,,,,95,110,1.03,0.98
13/07/2021,7:00:00 PM,7:01:12 PM,Bendigo,VIC,4,185265978,R4 2150m Pace M,185265979,Harness,2150,Pace,28596465,6,Dabyminga,LOSER,60.17,LOSER,8.6,144.28,90,46,60,65.4,98.06,860,29,860,130.24,28.36,214.61,10.5,10.5,10.5,10.5,3.71,46,55,1.03,0.98
13/07/2021,7:00:00 PM,7:01:12 PM,Bendigo,VIC,4,185265978,R4 2150m Pace M,185265979,Harness,2150,Pace,39657702,7,Heston Cash,LOSER,32,LOSER,5.15,214.76,44,17.5,30,28.4,214.34,720,9.4,720,37.56,65.75,334.69,4.8,4.8,4.8,4.8,0.17,29,30,1.03,0.98
13/07/2021,7:00:00 PM,7:01:12 PM,Bendigo,VIC,4,185265978,R4 2150m Pace M,185265979,Harness,2150,Pace,37454827,8,Giveitatry,LOSER,9,LOSER,2.05,539.07,11,5.9,9,9.59,1168.08,720,8.6,720,16.03,112.63,978.72,2.5,1.96,2.14,2.15,360.63,9.8,11,1.03,0.98
13/07/2021,7:00:00 PM,7:01:12 PM,Bendigo,VIC,4,185265978,R4 2150m Pace M,185265979,Harness,2150,Pace,40129472,11,Isitwrongtobexcited,LOSER,70,LOSER,9.1,151.27,75,32,70,47.84,188.62,720,22,570,101.35,7.42,127.23,8.8,7,8.8,7.67,13.64,38,40,1.03,0.98
13/07/2021,7:00:00 PM,7:01:12 PM,Bendigo,VIC,4,185265978,R4 2150m Pace M,185265979,Harness,2150,Pace,40129473,12,Ozzie Playboy,LOSER,22.63,WINNER,4.5,269.5,50,19.5,25,26.7,422.52,720,12,720,26.44,99.07,393.16,5,4,4,4.78,6.44,25,27,1.03,0.98
13/07/2021,7:30:00 PM,7:31:13 PM,Bendigo,VIC,5,185265980,R5 2150m Trot M,185265981,Harness,2150,Trot,13333944,1,Dellsun,LOSER,110,LOSER,12.02,85.16,150,90,110,104.73,37.94,960,110,700,336.84,2.94,104.3,,,,,,100,110,1.02,0.98
13/07/2021,7:30:00 PM,7:31:13 PM,Bendigo,VIC,5,185265980,R5 2150m Trot M,185265981,Harness,2150,Trot,24465465,2,Querencia,LOSER,40,LOSER,6.43,148.4,46,20,44,32.65,104.34,910,48,730,129.88,21.01,207.93,6,4.9,6,5.71,20.93,34,38,1.02,0.98
13/07/2021,7:30:00 PM,7:31:13 PM,Bendigo,VIC,5,185265980,R5 2150m Trot M,185265981,Harness,2150,Trot,18863932,3,Mulberry Pie,LOSER,64.62,LOSER,11.95,155.04,85,55,80,69.9,92.04,940,60,940,205.96,8.29,118.37,9.2,9.2,9.2,9.2,9,75,80,1.02,0.98
13/07/2021,7:30:00 PM,7:31:13 PM,Bendigo,VIC,5,185265980,R5 2150m Trot M,185265981,Harness,2150,Trot,28318463,4,Fling It Rainbow,LOSER,116.21,LOSER,13.99,84.95,260,65,95,82.81,46.9,940,17,790,161.19,18.69,104.34,9.8,8.4,9.8,9.03,8.16,85,100,1.02,0.98
13/07/2021,7:30:00 PM,7:31:13 PM,Bendigo,VIC,5,185265980,R5 2150m Trot M,185265981,Harness,2150,Trot,692215,5,Tiber,LOSER,60.56,LOSER,8.45,158.82,60,27,60,46.32,101.21,920,60,920,253.59,6.05,150.66,,,,,,38,44,1.02,0.98
13/07/2021,7:30:00 PM,7:31:13 PM,Bendigo,VIC,5,185265980,R5 2150m Trot M,185265981,Harness,2150,Trot,40129474,6,Bad As Now,LOSER,11,WINNER,2.54,488.08,10.5,5.6,10.5,7.84,854.66,880,6,880,46.03,52.74,570.16,2.88,1.95,2.42,2.32,229.37,9.8,10.5,1.02,0.98
13/07/2021,7:30:00 PM,7:31:13 PM,Bendigo,VIC,5,185265980,R5 2150m Trot M,185265981,Harness,2150,Trot,24730137,7,Countess Chiron,LOSER,641.13,LOSER,178.74,43.31,650,210,550,406.82,18.45,740,490,740,647.81,3.34,10.01,190,50,130,143.98,13.75,410,540,1.02,0.98
13/07/2021,7:30:00 PM,7:31:13 PM,Bendigo,VIC,5,185265980,R5 2150m Trot M,185265981,Harness,2150,Trot,3344902,8,Tetra,LOSER,68.62,LOSER,7.08,100.31,100,38,60,50,97.19,930,65,930,237.2,7.43,265.74,7.4,7.4,7.4,7.4,18.71,50,60,1.02,0.98
13/07/2021,7:30:00 PM,7:31:13 PM,Bendigo,VIC,5,185265980,R5 2150m Trot M,185265981,Harness,2150,Trot,10230405,9,Sun Of Sonoko,LOSER,7.76,WINNER,2.42,628.6,16,7.6,7.8,8.85,826.47,890,4.1,890,18.05,178.08,569.46,3,2.22,2.36,2.31,444.52,8.2,8.6,1.02,0.98
13/07/2021,7:30:00 PM,7:31:13 PM,Bendigo,VIC,5,185265980,R5 2150m Trot M,185265981,Harness,2150,Trot,22370255,10,Eoghan Omaille,LOSER,104.24,LOSER,14.99,48.65,100,60,80,75.98,62.55,950,5,700,76.4,25.68,71.32,,,,,,70,85,1.02,0.98
13/07/2021,7:30:00 PM,7:31:13 PM,Bendigo,VIC,5,185265980,R5 2150m Trot M,185265981,Harness,2150,Trot,6428363,11,Queen Of Crime,WINNER,3.12,WINNER,1.6,1305.24,3.9,2.74,2.98,3.17,5731.52,5.3,1.01,1.05,1.45,5102.54,1930.9,3.05,1.47,1.55,1.54,2006.32,3.05,3.1,1.02,0.98
13/07/2021,7:30:00 PM,7:31:13 PM,Bendigo,VIC,5,185265980,R5 2150m Trot M,185265981,Harness,2150,Trot,40129475,12,Im Daddy Warbucks,LOSER,2.92,LOSER,1.48,1611.01,3.75,2.84,2.94,3.02,3020.08,990,1.5,990,11.97,1322.98,1710.69,1.68,1.48,1.54,1.54,380.46,2.94,2.98,1.02,0.98
13/07/2021,8:00:00 PM,8:01:20 PM,Bendigo,VIC,6,185265982,R6 1650m Pace M,185265983,Harness,1650,Pace,37582110,1,Markleigh Jean,LOSER,12,LOSER,2.02,343.97,19,12,12.5,13.57,790.85,720,7,480,103.66,54.55,813.14,2.36,1.96,2.02,2.07,1647.29,12,12.5,1.01,0.97
13/07/2021,8:00:00 PM,8:01:20 PM,Bendigo,VIC,6,185265982,R6 1650m Pace M,185265983,Harness,1650,Pace,27400712,2,Van Niekerk,LOSER,32.38,LOSER,3.5,127.25,44,20,29,25.52,255.93,1000,5.9,1000,69.6,113.17,325.79,3.7,2.94,3.7,3.27,569.89,20,23,1.01,0.97
13/07/2021,8:00:00 PM,8:01:20 PM,Bendigo,VIC,6,185265982,R6 1650m Pace M,185265983,Harness,1650,Pace,27559928,3,Nikki Louise,WINNER,1.47,WINNER,1.13,2439.05,2,1.29,1.46,1.44,42520.69,3.8,1.01,1.01,1.27,12597.15,1881.58,1.23,1.08,1.14,1.14,1826.13,1.52,1.54,1.01,0.97
13/07/2021,8:00:00 PM,8:01:20 PM,Bendigo,VIC,6,185265982,R6 1650m Pace M,185265983,Harness,1650,Pace,12058800,4,Shaq,LOSER,110,LOSER,9.6,76.42,150,44,140,89.58,67.95,1000,14.5,1000,83.24,38.55,53.64,9.8,5.3,9.6,6.54,677.34,70,75,1.01,0.97
13/07/2021,8:00:00 PM,8:01:20 PM,Bendigo,VIC,6,185265982,R6 1650m Pace M,185265983,Harness,1650,Pace,40050409,5,Beneath The Shadow,LOSER,16.5,LOSER,2.95,210.42,19.5,10,15.5,16.69,410.21,910,10,560,54.95,95.82,541.33,3,2.34,2.94,2.72,143.9,16,18,1.01,0.97
13/07/2021,8:00:00 PM,8:01:20 PM,Bendigo,VIC,6,185265982,R6 1650m Pace M,185265983,Harness,1650,Pace,22723036,6,I Am Marquez,LOSER,76.16,LOSER,8.2,83.65,85,36,70,67.77,69.65,1000,13.5,720,146.93,16.91,215.76,8.6,8.6,8.6,8.6,0.81,50,60,1.01,0.97
13/07/2021,8:00:00 PM,8:01:20 PM,Bendigo,VIC,6,185265982,R6 1650m Pace M,185265983,Harness,1650,Pace,23792814,7,Terrorleen,LOSER,60,WINNER,6.47,142.19,95,32,60,53.53,160.35,1000,5.1,1000,102.99,78.28,136.66,6.4,5,6.4,5.59,177.63,46,50,1.01,0.97
13/07/2021,8:00:00 PM,8:01:20 PM,Bendigo,VIC,6,185265982,R6 1650m Pace M,185265983,Harness,1650,Pace,28101673,8,Mister Jimaringle,LOSER,43.15,LOSER,5.4,179.75,75,17.5,36,45.01,147.9,1000,13.5,710,146.44,21.82,367.87,5.1,4.2,5.1,4.55,108.77,32,34,1.01,0.97
13/07/2021,8:00:00 PM,8:01:20 PM,Bendigo,VIC,6,185265982,R6 1650m Pace M,185265983,Harness,1650,Pace,1442057,9,Mona Mia,LOSER,13.32,WINNER,2.68,513.81,25,13.5,14,17.08,632.56,1000,2.7,380,15.81,219.6,653.4,2.98,2.48,2.8,2.54,139.99,15,15.5,1.01,0.97
13/07/2021,8:30:00 PM,8:31:46 PM,Bendigo,VIC,7,185265984,R7 2150m Pace M,185265985,Harness,2150,Pace,31375090,1,Lottie Moon,LOSER,23,WINNER,1.86,163.61,26,12.5,22,20.91,149.47,720,20,720,27.81,120.82,697.12,2.26,1.82,1.86,1.95,1276.66,20,21,1.01,0.98
13/07/2021,8:30:00 PM,8:31:46 PM,Bendigo,VIC,7,185265984,R7 2150m Pace M,185265985,Harness,2150,Pace,3402482,2,Go Dancing,WINNER,1.22,WINNER,1.05,3223.4,2,1.2,1.22,1.23,20105.64,1.26,1.01,1.01,1.06,8567.83,11.94,1.08,1.03,1.06,1.05,3875.7,1.25,1.26,1.01,0.98
13/07/2021,8:30:00 PM,8:31:46 PM,Bendigo,VIC,7,185265984,R7 2150m Pace M,185265985,Harness,2150,Pace,14310408,3,Son Of Major,LOSER,52.17,LOSER,4.12,139.77,55,36,55,47.24,91.93,1000,60,720,571.73,9.59,385.26,3.7,3.6,3.6,3.69,3.8,42,46,1.01,0.98
13/07/2021,8:30:00 PM,8:31:46 PM,Bendigo,VIC,7,185265984,R7 2150m Pace M,185265985,Harness,2150,Pace,28596945,4,Major Watson,LOSER,27.19,LOSER,2.8,166.61,50,24,30,33.37,143.03,930,40,480,120.69,11.24,599.02,3.7,2.56,2.56,2.88,5.63,24,26,1.01,0.98
13/07/2021,8:30:00 PM,8:31:46 PM,Bendigo,VIC,7,185265984,R7 2150m Pace M,185265985,Harness,2150,Pace,12268286,5,The High Roller,LOSER,230,LOSER,9.59,27.73,240,70,210,146.57,40.36,720,700,720,704.03,0.72,54.34,8.8,5.8,8.8,6.34,686.2,190,220,1.01,0.98
13/07/2021,8:30:00 PM,8:31:46 PM,Bendigo,VIC,7,185265984,R7 2150m Pace M,185265985,Harness,2150,Pace,20587397,6,Madame Annie,LOSER,159.63,LOSER,7.95,56.71,120,60,120,90.99,91.34,1000,130,1000,382.85,13.03,181.88,6,5.9,6,5.96,35.78,80,100,1.01,0.98
13/07/2021,8:30:00 PM,8:31:46 PM,Bendigo,VIC,7,185265984,R7 2150m Pace M,185265985,Harness,2150,Pace,17526098,7,Azza,LOSER,18.51,LOSER,2.39,251.54,21,13,20,17.49,214.91,900,18.5,710,78.85,26.83,368.63,2.3,1.95,2.08,2.1,556.53,16.5,18,1.01,0.98
13/07/2021,8:30:00 PM,8:31:46 PM,Bendigo,VIC,7,185265984,R7 2150m Pace M,185265985,Harness,2150,Pace,11294496,8,Manassa Sky,LOSER,60,WINNER,3.76,94.67,180,60,70,84.15,79.39,780,29,720,128.31,5.66,405.78,4.8,3.75,3.95,4.27,187.94,80,110,1.01,0.98
13/07/2021,9:00:00 PM,9:01:17 PM,Bendigo,VIC,8,185265986,R8 2150m Pace M,185265987,Harness,2150,Pace,13903999,1,Happyaslarry,LOSER,11.84,LOSER,3.67,438.94,19.5,8.6,13,13.48,422.72,720,7.8,490,19.6,98.5,150.84,4,3.2,3.2,3.45,330,17.5,19.5,1.04,0.98
13/07/2021,9:00:00 PM,9:01:17 PM,Bendigo,VIC,8,185265986,R8 2150m Pace M,185265987,Harness,2150,Pace,24553968,2,Atlantas,LOSER,34,LOSER,14.29,179.21,48,19.5,38,36.8,115.88,720,11,720,44.02,59.98,105.02,19.5,7.6,14,9.83,4.61,30,34,1.04,0.98
13/07/2021,9:00:00 PM,9:01:17 PM,Bendigo,VIC,8,185265986,R8 2150m Pace M,185265987,Harness,2150,Pace,23926380,3,Outside Fighter,WINNER,4.61,WINNER,2.06,816.54,6,4.8,4.8,5.21,1006.2,9.2,1.02,1.29,1.98,2161.9,734.3,2.2,1.97,1.97,2.01,0.27,5.2,5.4,1.04,0.98
13/07/2021,9:00:00 PM,9:01:17 PM,Bendigo,VIC,8,185265986,R8 2150m Pace M,185265987,Harness,2150,Pace,40129476,4,Waiting For You,LOSER,126.9,LOSER,42.03,29.78,130,38,130,88.44,84.87,930,130,930,327.94,7.23,28.24,44,5.9,44,15.41,141.25,85,95,1.04,0.98
13/07/2021,9:00:00 PM,9:01:17 PM,Bendigo,VIC,8,185265986,R8 2150m Pace M,185265987,Harness,2150,Pace,27870584,5,Whata Roller,LOSER,220,WINNER,53.76,27.76,200,48,190,117.66,104.15,720,13,720,62.11,50.58,35.36,21,21,21,21,3.71,110,190,1.04,0.98
13/07/2021,9:00:00 PM,9:01:17 PM,Bendigo,VIC,8,185265986,R8 2150m Pace M,185265987,Harness,2150,Pace,35727449,6,Saint Win,LOSER,4.76,LOSER,1.9,744.25,5.4,3.5,4.6,3.95,1346.85,280,1.84,280,4.06,1354.7,803.96,1.97,1.67,1.75,1.77,94.71,3.85,4,1.04,0.98
13/07/2021,9:00:00 PM,9:01:17 PM,Bendigo,VIC,8,185265986,R8 2150m Pace M,185265987,Harness,2150,Pace,39232231,7,Kidwithagrin,LOSER,7.95,LOSER,2.59,539.37,7.8,5.4,7.8,6.59,562.8,880,4,870,23.6,207.82,735.94,2.86,2.3,2.76,2.35,11.37,6.4,6.8,1.04,0.98
13/07/2021,9:00:00 PM,9:01:17 PM,Bendigo,VIC,8,185265986,R8 2150m Pace M,185265987,Harness,2150,Pace,16297542,8,Another Sparky,LOSER,22.73,LOSER,7.1,196.41,28,16.5,23,23.66,186.75,720,22,480,52.8,19.44,130.76,6.6,5.1,5.3,5.52,25.57,21,23,1.04,0.98
13/07/2021,9:00:00 PM,9:01:17 PM,Bendigo,VIC,8,185265986,R8 2150m Pace M,185265987,Harness,2150,Pace,21151292,9,Major Comment,LOSER,6.26,WINNER,2.07,942.4,19,6.2,6.6,9.51,1811.17,140,2.5,90,7.65,399.46,947.06,3.35,1.9,2.48,2.09,158.64,7,7.6,1.04,0.98
13/07/2021,9:00:00 PM,9:01:17 PM,Bendigo,VIC,8,185265986,R8 2150m Pace M,185265987,Harness,2150,Pace,29907406,10,Im The Mightygramps,LOSER,16.58,LOSER,4.46,351.68,29,17,17.5,19.84,356.68,720,7.8,720,20.99,91.15,374.29,,,,,,20,22,1.04,0.98
13/07/2021,9:00:00 PM,9:01:17 PM,Bendigo,VIC,8,185265986,R8 2150m Pace M,185265987,Harness,2150,Pace,40129477,11,Jimmy Reactor,LOSER,10.86,LOSER,3.45,818.57,16,10.5,11.5,12.37,417.49,720,5.3,720,19.32,170.33,707.56,4.5,3.45,3.55,3.49,85.07,12,13,1.04,0.98
13/07/2021,9:25:00 PM,9:25:44 PM,Bendigo,VIC,9,185265988,R9 1650m Pace M,185265989,Harness,1650,Pace,28452914,1,Justblingit Cresco,LOSER,12.5,LOSER,4.42,389.7,15.5,10.5,12.5,12.2,446.74,720,5.3,490,16.76,115.77,217.81,5,3.7,3.7,3.93,203.82,11.5,12,0.83,0.99
13/07/2021,9:25:00 PM,9:25:44 PM,Bendigo,VIC,9,185265988,R9 1650m Pace M,185265989,Harness,1650,Pace,23331402,2,Steam Rolled,LOSER,13,LOSER,4.3,372.58,14.5,8.6,13,11.53,515.45,480,1.79,110,8.61,104.54,61.39,4.4,4.3,4.4,4.36,8.19,13.5,14.5,0.83,0.99
13/07/2021,9:25:00 PM,9:25:44 PM,Bendigo,VIC,9,185265988,R9 1650m Pace M,185265989,Harness,1650,Pace,27857962,3,Rocks Can Roll,LOSER,2.74,WINNER,1.45,2183.13,4.8,2.22,2.58,2.54,8279.64,710,2,710,5.37,521.82,1380.22,1.5,1.45,1.49,1.48,188.2,4,2.32,0.83,0.99
13/07/2021,9:25:00 PM,9:25:44 PM,Bendigo,VIC,9,185265988,R9 1650m Pace M,185265989,Harness,1650,Pace,28252194,4,Ardent Bliss,LOSER,38.3,LOSER,16.94,173.84,55,25,36,38.85,81.4,720,28,720,81.91,10.61,89.38,,,,,,38,46,0.83,0.99
13/07/2021,9:25:00 PM,9:25:44 PM,Bendigo,VIC,9,185265988,R9 1650m Pace M,185265989,Harness,1650,Pace,13313913,5,Honey Cullen,LOSER,42,LOSER,16.19,165.48,55,29,42,36.33,91.89,920,32,730,223.11,22.17,104.69,,,,,,38,42,0.83,0.99
13/07/2021,9:25:00 PM,9:25:44 PM,Bendigo,VIC,9,185265988,R9 1650m Pace M,185265989,Harness,1650,Pace,26963502,6,Cracked Pepper,LOSER,13.95,LOSER,5.85,316.22,21,6.6,14,15.46,605.86,100,1.87,23,11.61,88.84,291.72,4.6,4.6,4.6,4.6,5,17,18,0.83,0.99
13/07/2021,9:25:00 PM,9:25:44 PM,Bendigo,VIC,9,185265988,R9 1650m Pace M,185265989,Harness,1650,Pace,16327699,7,Joeys Hangover,WINNER,3.23,WINNER,1.81,1530.38,3.65,1.95,3.2,2.94,5851.54,3.45,1.01,1.02,1.5,3019.88,965.93,2.04,1.75,1.8,1.84,37.09,3.2,3.3,0.83,0.99
13/07/2021,7:20:00 PM,7:20:42 PM,Gloucester Park,WA,1,185267684,R1 2130m Pace M,185267685,Harness,2130,Pace,32635980,1,Our Shelley Beach,LOSER,17,WINNER,2.2,283.7,19,11.5,17.5,14.69,942.64,720,12.5,720,33.27,73.39,714.91,2.32,1.98,2.26,2.15,1300.37,14,14.5,1.01,0.99
13/07/2021,7:20:00 PM,7:20:42 PM,Gloucester Park,WA,1,185267684,R1 2130m Pace M,185267685,Harness,2130,Pace,40129529,2,The Good Life,WINNER,1.73,WINNER,1.16,3238.75,2.42,1.68,1.77,1.89,14331.29,1.89,1.01,1.01,1.32,6292.98,1819.54,1.29,1.16,1.16,1.18,791.33,1.86,1.87,1.01,0.99
13/07/2021,7:20:00 PM,7:20:42 PM,Gloucester Park,WA,1,185267684,R1 2130m Pace M,185267685,Harness,2130,Pace,28252223,3,Adda Something,LOSER,230,LOSER,18.89,36.1,410,65,380,192.54,30.77,720,230,270,325.02,3.92,94.93,15,14.5,14.5,14.75,19.12,210,330,1.01,0.99
13/07/2021,7:20:00 PM,7:20:42 PM,Gloucester Park,WA,1,185267684,R1 2130m Pace M,185267685,Harness,2130,Pace,38213988,5,Per Ardua Ad Astra,LOSER,24,LOSER,3.13,259.32,44,15,21,22.06,463.87,1000,24,1000,192.11,51.98,608.78,3.75,2.7,2.9,3.15,29.48,17.5,18.5,1.01,0.99
13/07/2021,7:20:00 PM,7:20:42 PM,Gloucester Park,WA,1,185267684,R1 2130m Pace M,185267685,Harness,2130,Pace,40129530,6,Orlando Blue,LOSER,5.24,WINNER,1.52,1732.81,7.4,4.7,5.6,5.55,1186.71,140,3.1,140,9.47,448.46,1415.5,1.64,1.49,1.56,1.55,290.45,5.6,5.7,1.01,0.99
13/07/2021,7:20:00 PM,7:20:42 PM,Gloucester Park,WA,1,185267684,R1 2130m Pace M,185267685,Harness,2130,Pace,39087927,7,Testarudo,LOSER,490,LOSER,980,21.2,680,80,590,297.81,12.05,720,55,75,200.98,3.63,0.36,980,980,980,980,0.37,330,480,1.01,0.99
13/07/2021,7:20:00 PM,7:20:42 PM,Gloucester Park,WA,1,185267684,R1 2130m Pace M,185267685,Harness,2130,Pace,39010450,8,Disco Demon,LOSER,276.73,LOSER,17.87,30.52,340,95,280,185.99,37.88,850,17.5,17.5,78.11,12.8,98.72,11.5,11.5,11.5,11.5,5,150,190,1.01,0.99
13/07/2021,7:20:00 PM,7:20:42 PM,Gloucester Park,WA,1,185267684,R1 2130m Pace M,185267685,Harness,2130,Pace,28646805,9,Machnificent,LOSER,6.6,LOSER,1.71,910.41,7,3.8,6.8,5.45,1843.71,530,4.2,530,10.21,211.73,1086.99,1.73,1.44,1.68,1.64,202.99,6.6,6.8,1.01,0.99
13/07/2021,7:50:00 PM,7:50:42 PM,Gloucester Park,WA,2,185267686,R2 2130m Pace M,185267687,Harness,2130,Pace,28207098,1,Middlepage,LOSER,2.28,LOSER,1.15,1865.63,2.32,1.97,2.08,2.08,12533.66,720,2.12,720,11.6,2759.38,1904.31,1.18,1.12,1.15,1.15,1999.97,2,2.06,1.03,0.99
13/07/2021,7:50:00 PM,7:50:42 PM,Gloucester Park,WA,2,185267686,R2 2130m Pace M,185267687,Harness,2130,Pace,34173393,2,Bazza Mac,LOSER,48,LOSER,2.95,129.86,55,25,50,37.86,251.17,780,5.2,580,37.3,89.14,876.18,4,2.82,3.2,3.34,538.14,46,55,1.03,0.99
13/07/2021,7:50:00 PM,7:50:42 PM,Gloucester Park,WA,2,185267686,R2 2130m Pace M,185267687,Harness,2130,Pace,39326177,3,Ideal Whitby,LOSER,14.7,WINNER,3.32,519.25,18,9,17,15.57,1113.09,900,5.1,720,15.48,239.28,576.83,36,2.08,2.46,2.41,479.59,15.5,17,1.03,0.99
13/07/2021,7:50:00 PM,7:50:42 PM,Gloucester Park,WA,2,185267686,R2 2130m Pace M,185267687,Harness,2130,Pace,21675359,4,Our Virtuoso,LOSER,21,LOSER,2.92,310.4,44,18.5,26,25.76,418.05,220,3.05,65,9.48,560.42,463.9,3.95,2.74,2.92,3.03,203.41,25,29,1.03,0.99
13/07/2021,7:50:00 PM,7:50:42 PM,Gloucester Park,WA,2,185267686,R2 2130m Pace M,185267687,Harness,2130,Pace,11689106,5,Sammy Strikes,LOSER,980,LOSER,40.56,21.47,980,80,980,472.34,23.31,1000,300,1000,500.87,10.81,46.24,19.5,19,19.5,19.28,7.6,440,820,1.03,0.99
13/07/2021,7:50:00 PM,7:50:42 PM,Gloucester Park,WA,2,185267686,R2 2130m Pace M,185267687,Harness,2130,Pace,40129531,6,Talks Up A Storm,WINNER,2.46,WINNER,1.25,2009.57,3.6,2.36,2.58,2.64,6533.79,2.58,1.01,1.01,1.51,8761.76,1233.18,1.33,1.17,1.25,1.22,899.69,2.62,2.68,1.03,0.99
13/07/2021,7:50:00 PM,7:50:42 PM,Gloucester Park,WA,2,185267686,R2 2130m Pace M,185267687,Harness,2130,Pace,4848368,7,Glowing Report,LOSER,606.51,LOSER,44.26,20.31,720,80,720,387.95,25.75,1000,300,440,658.17,6.47,86.96,55,19,40,21.43,8.31,370,580,1.03,0.99
13/07/2021,7:50:00 PM,7:50:42 PM,Gloucester Park,WA,2,185267686,R2 2130m Pace M,185267687,Harness,2130,Pace,26547270,8,Harley Zest,LOSER,75,WINNER,6.58,99.9,110,44,85,70.94,137.28,200,5.1,200,31.89,97.82,267.94,6,3.85,5.4,5.01,250.7,75,80,1.03,0.99
13/07/2021,8:20:00 PM,8:20:30 PM,Gloucester Park,WA,3,185267688,R3 2130m Pace M,185267689,Harness,2130,Pace,21289901,1,Ideal Charm,LOSER,40,LOSER,4.2,115.86,34,15.5,34,24.33,162,910,25,780,129.52,13.15,87.13,3.65,3,3.45,3.27,173.86,27,32,1.02,0.98
13/07/2021,8:20:00 PM,8:20:30 PM,Gloucester Park,WA,3,185267688,R3 2130m Pace M,185267689,Harness,2130,Pace,10538030,2,C C Chevron,LOSER,108.41,LOSER,14.5,56.77,120,40,100,74.4,61.98,930,200,930,637.9,4.73,95.64,8.2,8.2,8.2,8.2,0.17,90,140,1.02,0.98
13/07/2021,8:20:00 PM,8:20:30 PM,Gloucester Park,WA,3,185267688,R3 2130m Pace M,185267689,Harness,2130,Pace,9089852,3,Mister Ardee,LOSER,2.52,LOSER,1.28,1644.74,4.9,2.4,2.42,3.05,4898.26,1000,2.06,1000,5.48,527.42,1449.27,1.3,1.26,1.29,1.27,64.16,2.68,2.72,1.02,0.98
13/07/2021,8:20:00 PM,8:20:30 PM,Gloucester Park,WA,3,185267688,R3 2130m Pace M,185267689,Harness,2130,Pace,23103590,4,Pierre Whitby,WINNER,2.86,WINNER,1.29,1764.56,2.82,2.1,2.76,2.43,5653.64,4.6,1.01,1.01,1.63,3726.98,1171.92,1.32,1.24,1.31,1.29,146.27,2.58,2.64,1.02,0.98
13/07/2021,8:20:00 PM,8:20:30 PM,Gloucester Park,WA,3,185267688,R3 2130m Pace M,185267689,Harness,2130,Pace,11029480,5,Rockmenow,LOSER,30.15,LOSER,4.35,153.28,29,18,25,25.18,232.33,910,28,910,92.62,21.1,375.19,4.4,3.9,4.2,4.14,22.17,27,28,1.02,0.98
13/07/2021,8:20:00 PM,8:20:30 PM,Gloucester Park,WA,3,185267688,R3 2130m Pace M,185267689,Harness,2130,Pace,24525195,6,The Righteous,LOSER,123.97,LOSER,13.15,51.25,150,24,85,56.61,120.16,930,48,48,307.07,9.02,140.21,7.8,7.8,7.8,7.8,0.17,80,140,1.02,0.98
13/07/2021,8:20:00 PM,8:20:30 PM,Gloucester Park,WA,3,185267688,R3 2130m Pace M,185267689,Harness,2130,Pace,24465315,8,One For Dave Andme,LOSER,10.48,WINNER,2.34,603.86,10.5,6.4,10,8.73,524.25,880,9,880,30.56,99.87,744.91,2.78,2.18,2.2,2.39,34.42,9.6,10,1.02,0.98
13/07/2021,8:20:00 PM,8:20:30 PM,Gloucester Park,WA,3,185267688,R3 2130m Pace M,185267689,Harness,2130,Pace,12118481,9,Baylan Jett,LOSER,18.5,WINNER,3.37,206.99,29,14,17.5,18.28,503.25,890,2.02,720,5.07,1037.15,448.87,3.8,3.1,3.65,3.36,48.88,17,18.5,1.02,0.98
13/07/2021,8:50:00 PM,8:50:28 PM,Gloucester Park,WA,4,185267690,R4 2536m Pace M,185267691,Harness,2536,Pace,22378513,1,Jilliby Jake,LOSER,30.82,LOSER,2.03,136.9,30,13,29,21.78,127.61,720,26,720,69.15,12.61,777.69,2.4,1.6,2.06,2.05,4821.61,25,26,1.02,0.99
13/07/2021,8:50:00 PM,8:50:28 PM,Gloucester Park,WA,4,185267690,R4 2536m Pace M,185267691,Harness,2536,Pace,24810596,2,Beat City,WINNER,1.21,WINNER,1.08,5026.92,2,1.2,1.21,1.25,11264.31,19,1.01,1.01,1.13,8511.17,10.26,1.15,1.07,1.08,1.08,2313.05,1.23,1.24,1.02,0.99
13/07/2021,8:50:00 PM,8:50:28 PM,Gloucester Park,WA,4,185267690,R4 2536m Pace M,185267691,Harness,2536,Pace,13321650,3,Hez A Chance,LOSER,166.15,LOSER,16.1,11.93,130,85,130,101.71,27.77,960,32,960,160.98,9.01,,18.5,18.5,18.5,18.5,0.06,90,110,1.02,0.99
13/07/2021,8:50:00 PM,8:50:28 PM,Gloucester Park,WA,4,185267690,R4 2536m Pace M,185267691,Harness,2536,Pace,22970716,4,Deeorse,LOSER,43.62,WINNER,2.46,111.83,44,18,42,33.41,26.61,110,2.48,110,11.56,101.81,388.58,3.15,2.46,2.46,2.65,1331.13,38,42,1.02,0.99
13/07/2021,8:50:00 PM,8:50:28 PM,Gloucester Park,WA,4,185267690,R4 2536m Pace M,185267691,Harness,2536,Pace,25102800,5,Im Spiderman,LOSER,202.2,LOSER,11.35,22.35,250,100,230,182.74,4.13,890,700,890,767.11,0.56,126.99,15.5,15.5,15.5,15.5,0.06,150,220,1.02,0.99
13/07/2021,8:50:00 PM,8:50:28 PM,Gloucester Park,WA,4,185267690,R4 2536m Pace M,185267691,Harness,2536,Pace,25781080,6,Hurricanetom,LOSER,585.77,LOSER,15.09,34.85,570,90,570,208.9,18.31,720,570,710,592.49,4.81,109.07,18,18,18,18,0.05,380,480,1.02,0.99
13/07/2021,8:50:00 PM,8:50:28 PM,Gloucester Park,WA,4,185267690,R4 2536m Pace M,185267691,Harness,2536,Pace,19382111,7,Ace Bromac,LOSER,220,LOSER,23.8,36.99,320,95,320,175.11,29.45,720,220,710,288.43,3.87,,24,8.6,24,8.66,10.04,210,240,1.02,0.99
13/07/2021,8:50:00 PM,8:50:28 PM,Gloucester Park,WA,4,185267690,R4 2536m Pace M,185267691,Harness,2536,Pace,26013786,8,Our Burling,LOSER,210,LOSER,9.64,29.15,320,85,230,138.81,13.18,720,210,720,366.95,1.72,189.74,12,12,12,12,0.08,200,230,1.02,0.99
13/07/2021,8:50:00 PM,8:50:28 PM,Gloucester Park,WA,4,185267690,R4 2536m Pace M,185267691,Harness,2536,Pace,17684884,9,Tubbs Farquhar,LOSER,160,LOSER,8.19,13.47,150,65,120,104.9,27.98,720,130,720,251.94,3.18,187.65,12,8.8,12,8.82,10.07,110,120,1.02,0.99
13/07/2021,8:50:00 PM,8:50:28 PM,Gloucester Park,WA,4,185267690,R4 2536m Pace M,185267691,Harness,2536,Pace,21517818,10,Rocky The Outlaw,LOSER,80.74,LOSER,3.8,57.36,90,30,75,55.6,33.79,620,1.5,100,11.41,59.41,103.32,4.2,3.2,3.95,3.84,225.94,60,65,1.02,0.99
13/07/2021,8:50:00 PM,8:50:28 PM,Gloucester Park,WA,4,185267690,R4 2536m Pace M,185267691,Harness,2536,Pace,11669300,11,The Watch Maker,LOSER,14.5,WINNER,1.86,357.3,20,9.2,14.5,12.82,584.77,560,1.12,380,7.47,229.99,950.19,2,1.81,1.89,1.93,96.9,12.5,13.5,1.02,0.99
13/07/2021,8:50:00 PM,8:50:28 PM,Gloucester Park,WA,4,185267690,R4 2536m Pace M,185267691,Harness,2536,Pace,27714785,12,Delightfull,LOSER,392.95,LOSER,29.23,23.42,370,90,360,145.72,12.92,720,360,710,452.01,1.35,59.76,29,29,29,29,0.04,250,370,1.02,0.99
13/07/2021,9:18:00 PM,9:18:20 PM,Gloucester Park,WA,5,185267692,R5 2536m Pace M,185267693,Harness,2536,Pace,18144444,1,Toto Picasso,LOSER,7.7,LOSER,2.19,705.42,16,6.8,7.2,8.64,2359.19,1000,5,1000,14.74,89.95,672.55,2.96,2.12,2.2,2.23,412.95,6.8,7.2,1.03,0.98
13/07/2021,9:18:00 PM,9:18:20 PM,Gloucester Park,WA,5,185267692,R5 2536m Pace M,185267693,Harness,2536,Pace,22844573,2,Batavia Silverline,LOSER,2.86,LOSER,1.49,1958.47,4.5,2.76,2.9,3.19,11297.17,1000,2.82,1000,5.73,1225.41,894.65,1.79,1.44,1.5,1.52,2856.62,2.84,2.9,1.03,0.98
13/07/2021,9:18:00 PM,9:18:20 PM,Gloucester Park,WA,5,185267692,R5 2536m Pace M,185267693,Harness,2536,Pace,15327925,3,Tepelo Star,LOSER,198.32,LOSER,66,51.18,300,110,280,215.48,34.25,900,27,900,123.32,44.93,,,,,,,190,280,1.03,0.98
13/07/2021,9:18:00 PM,9:18:20 PM,Gloucester Park,WA,5,185267692,R5 2536m Pace M,185267693,Harness,2536,Pace,17733209,4,Here Comes Sharkie,LOSER,17.91,WINNER,3.94,329.12,55,15,16.5,19.1,370.62,110,1.04,50,1.82,4581.39,349.45,3.65,3.65,3.65,3.65,5,16,17,1.03,0.98
13/07/2021,9:18:00 PM,9:18:20 PM,Gloucester Park,WA,5,185267692,R5 2536m Pace M,185267693,Harness,2536,Pace,21937086,5,Raging Romeo,LOSER,20.99,LOSER,7.6,306.83,90,25,26,40,232.69,720,12.5,270,39.25,50.31,217.04,6.6,6.6,6.6,6.6,0.17,38,50,1.03,0.98
13/07/2021,9:18:00 PM,9:18:20 PM,Gloucester Park,WA,5,185267692,R5 2536m Pace M,185267693,Harness,2536,Pace,35934786,6,Adda Spoilt Major,LOSER,10.83,LOSER,3.51,534.61,15.5,6.8,11.5,9.67,1007.36,1000,7,1000,25.03,60.36,414.91,3.45,2.56,3.45,2.7,186.02,11.5,12,1.03,0.98
13/07/2021,9:18:00 PM,9:18:20 PM,Gloucester Park,WA,5,185267692,R5 2536m Pace M,185267693,Harness,2536,Pace,27355664,7,Another Snag,WINNER,9.23,WINNER,2.64,611.07,9,6.4,8.4,7.62,825.55,190,1.01,1.02,2.38,3048.34,656.55,2.96,2.48,2.76,2.64,30.52,8.2,8.4,1.03,0.98
13/07/2021,9:18:00 PM,9:18:20 PM,Gloucester Park,WA,5,185267692,R5 2536m Pace M,185267693,Harness,2536,Pace,27391639,8,Good Day Sunshine,LOSER,48.42,LOSER,9.61,139.39,75,36,55,49.7,138.61,720,21,300,68.32,13.99,114,8.2,8.2,8.2,8.2,20,48,55,1.03,0.98
13/07/2021,9:18:00 PM,9:18:20 PM,Gloucester Park,WA,5,185267692,R5 2536m Pace M,185267693,Harness,2536,Pace,11704348,9,Sebastiens Lad,LOSER,530,LOSER,149.5,50.32,780,280,740,306.52,9.81,1000,310,1000,978.7,2.5,19.15,150,140,140,149.27,0.2,340,770,1.03,0.98
13/07/2021,9:18:00 PM,9:18:20 PM,Gloucester Park,WA,5,185267692,R5 2536m Pace M,185267693,Harness,2536,Pace,40129532,10,Soho Gigolo,LOSER,5.85,WINNER,1.91,1152.5,7.2,3.9,5.5,4.85,4031.81,1000,3.2,14,8.46,203.63,1029.81,1.99,1.91,1.92,1.92,54.13,5.6,5.8,1.03,0.98
13/07/2021,9:18:00 PM,9:18:20 PM,Gloucester Park,WA,5,185267692,R5 2536m Pace M,185267693,Harness,2536,Pace,16249749,11,Cracka Tinny,LOSER,89.09,LOSER,15.5,70.12,130,26,80,48.88,106.91,720,36,210,99.51,15.68,,6.6,6.2,6.2,6.23,100.13,100,130,1.03,0.98
13/07/2021,9:18:00 PM,9:18:20 PM,Gloucester Park,WA,5,185267692,R5 2536m Pace M,185267693,Harness,2536,Pace,25649863,12,Comnharry,LOSER,96.4,LOSER,131.44,90.04,160,46,100,92.5,41.39,720,24,720,101.87,24.13,0.32,820,19,46,134.06,0.32,95,120,1.03,0.98
13/07/2021,9:44:00 PM,9:45:08 PM,Gloucester Park,WA,6,185267694,R6 2130m Pace M,185267695,Harness,2130,Pace,22566818,2,Shirmaya,LOSER,6.9,LOSER,2,526.63,9.4,6.8,7,7.5,1046.31,890,4.6,890,23.33,193.39,691.24,2.8,2,2,2.2,2947.68,7.6,8.2,1.05,0.97
13/07/2021,9:44:00 PM,9:45:08 PM,Gloucester Park,WA,6,185267694,R6 2130m Pace M,185267695,Harness,2130,Pace,4828345,3,Dontwaitforme,LOSER,3.95,WINNER,2,931.33,4.2,2.92,3.95,3.78,3194.43,720,1.72,720,3.37,625.02,338.89,2,1.3,2,1.84,487.79,3.5,3.65,1.05,0.97
13/07/2021,9:44:00 PM,9:45:08 PM,Gloucester Park,WA,6,185267694,R6 2130m Pace M,185267695,Harness,2130,Pace,23415230,4,Farawayeyes,WINNER,17.65,WINNER,7.7,297.79,22,15,19.5,18.67,105.73,100,1.01,1.01,2.35,1257.15,43.18,,,,,,18,19,1.05,0.97
13/07/2021,9:44:00 PM,9:45:08 PM,Gloucester Park,WA,6,185267694,R6 2130m Pace M,185267695,Harness,2130,Pace,23520848,5,Beejays Star,LOSER,35.82,LOSER,383.7,166.44,80,48,50,53.33,36.5,770,27,770,44.39,64.2,,,,,,,50,60,1.05,0.97
13/07/2021,9:44:00 PM,9:45:08 PM,Gloucester Park,WA,6,185267694,R6 2130m Pace M,185267695,Harness,2130,Pace,28596455,6,Stellar Bella,LOSER,92.14,LOSER,396.5,88.55,200,70,200,144.47,5.04,720,65,720,96.62,61.61,,12,12,12,12,0.56,85,100,1.05,0.97
13/07/2021,9:44:00 PM,9:45:08 PM,Gloucester Park,WA,6,185267694,R6 2130m Pace M,185267695,Harness,2130,Pace,10356639,7,Southern Belle,LOSER,22.5,LOSER,5.1,294.32,28,19,26,26.26,54.44,770,18.5,770,27.11,89.42,338.43,5.1,5.1,5.1,5.1,1.6,25,28,1.05,0.97
13/07/2021,9:44:00 PM,9:45:08 PM,Gloucester Park,WA,6,185267694,R6 2130m Pace M,185267695,Harness,2130,Pace,27341186,8,Broadbeach,LOSER,3.89,WINNER,1.82,1254.7,5.6,3.45,4.1,3.76,3887.5,110,1.03,100,2.21,1501.18,1525.89,1.87,1.69,1.82,1.76,96.25,3.9,4.3,1.05,0.97
13/07/2021,9:44:00 PM,9:45:08 PM,Gloucester Park,WA,6,185267694,R6 2130m Pace M,185267695,Harness,2130,Pace,24465317,9,Missplay,LOSER,15.89,LOSER,4.12,353.76,15.5,8.8,14,12.31,230.2,720,13.5,350,26.5,36.16,313.92,4,4,4,4,0.35,12.5,14,1.05,0.97
13/07/2021,9:44:00 PM,9:45:08 PM,Gloucester Park,WA,6,185267694,R6 2130m Pace M,185267695,Harness,2130,Pace,24705997,10,Advance Your Dream,LOSER,6.2,LOSER,2.29,510.65,14.5,6,6.4,7.6,2024.21,880,3.65,880,39.35,112.59,715.38,2.96,2.1,2.12,2.31,202.63,6.8,7.4,1.05,0.97
13/07/2021,9:44:00 PM,9:45:08 PM,Gloucester Park,WA,6,185267694,R6 2130m Pace M,185267695,Harness,2130,Pace,20042820,11,Miss Camouflage,LOSER,76.77,LOSER,13.09,85.22,110,60,75,71.62,49.22,720,75,720,122.32,9.89,145.17,,,,,,60,75,1.05,0.97
13/07/2021,9:44:00 PM,9:45:08 PM,Gloucester Park,WA,6,185267694,R6 2130m Pace M,185267695,Harness,2130,Pace,23218281,12,Jill Mach,LOSER,200,LOSER,838.88,14.84,550,130,490,292.28,17.3,720,200,680,619.1,1.44,0.06,980,820,980,860,0.08,130,210,1.05,0.97
13/07/2021,10:07:00 PM,10:07:40 PM,Gloucester Park,WA,7,185267696,R7 2130m Pace M,185267697,Harness,2130,Pace,40129533,1,Kobe Edward,WINNER,95.91,WINNER,8.92,96.46,630,23,140,126.71,74.87,280,1.01,1.01,3.22,2967.87,158.99,4.4,2.26,4.2,3.31,2092.82,160,260,1.01,1
13/07/2021,10:07:00 PM,10:07:40 PM,Gloucester Park,WA,7,185267696,R7 2130m Pace M,185267697,Harness,2130,Pace,25797094,2,The Bands Playing,LOSER,197.49,LOSER,3.73,58.31,340,90,290,207.06,38.92,1000,120,1000,241.2,14.97,456.74,5,3.55,3.85,3.77,550.5,270,340,1.01,1
13/07/2021,10:07:00 PM,10:07:40 PM,Gloucester Park,WA,7,185267696,R7 2130m Pace M,185267697,Harness,2130,Pace,12862934,3,Dwayne,LOSER,686.79,LOSER,10.35,14.52,770,290,480,498.65,10.79,930,430,430,702.52,2.05,117.96,13.5,13.5,13.5,13.5,0.08,490,630,1.01,1
13/07/2021,10:07:00 PM,10:07:40 PM,Gloucester Park,WA,7,185267696,R7 2130m Pace M,185267697,Harness,2130,Pace,111538,4,Mary Joe,LOSER,1000,WINNER,9.9,15.15,800,240,330,487.84,16.24,860,12,12,439.02,19.87,129.94,10.5,8.8,10.5,10.46,5.14,430,760,1.01,1
13/07/2021,10:07:00 PM,10:07:40 PM,Gloucester Park,WA,7,185267696,R7 2130m Pace M,185267697,Harness,2130,Pace,32448068,5,Dynamite Beach,LOSER,216.54,LOSER,3.87,39.82,450,90,250,236.74,30.02,860,50,220,412.61,3.01,293.61,4.4,3.8,3.9,4.02,593.37,250,260,1.01,1
13/07/2021,10:07:00 PM,10:07:40 PM,Gloucester Park,WA,7,185267696,R7 2130m Pace M,185267697,Harness,2130,Pace,27483252,6,Star Of Willoughby,LOSER,5.3,LOSER,1.07,1046.28,5.2,3.2,5.2,4.23,9859.31,720,3.05,24,6.19,497.39,265.28,1.12,1.07,1.07,1.08,1115.11,4.9,5,1.01,1
13/07/2021,10:07:00 PM,10:07:40 PM,Gloucester Park,WA,7,185267696,R7 2130m Pace M,185267697,Harness,2130,Pace,8530098,7,Mr Fantastic,LOSER,1.29,WINNER,1.02,3640.01,2,1.26,1.26,1.35,45172.35,470,1.11,460,1.96,6169.05,101.11,1.08,1.01,1.02,1.03,1869.18,1.27,1.28,1.01,1
13/07/2021,10:07:00 PM,10:07:40 PM,Gloucester Park,WA,7,185267696,R7 2130m Pace M,185267697,Harness,2130,Pace,24337093,8,Jedrek,LOSER,1000,LOSER,6.05,11.34,980,280,390,416.02,17.19,1000,95,120,834.29,12.78,172.99,6.4,5.6,6.4,5.65,106.06,380,930,1.01,1
13/07/2021,10:34:00 PM,10:34:15 PM,Gloucester Park,WA,8,185267698,R8 2130m Pace M,185267699,Harness,2130,Pace,38484327,1,Motor On Lilly,LOSER,12.23,LOSER,4.77,321.37,26,12.5,13,15.1,626.57,910,8.6,910,42.45,127.18,283.68,8.6,4.2,4.2,4.65,151.57,13,14,1.04,0.97
13/07/2021,10:34:00 PM,10:34:15 PM,Gloucester Park,WA,8,185267698,R8 2130m Pace M,185267699,Harness,2130,Pace,40112190,2,Cutting Roses,LOSER,100.7,LOSER,32.7,46.58,130,19,80,66.39,49.63,920,46,920,170.51,18.37,28.8,60,11.5,28,15.13,12.94,70,120,1.04,0.97
13/07/2021,10:34:00 PM,10:34:15 PM,Gloucester Park,WA,8,185267698,R8 2130m Pace M,185267699,Harness,2130,Pace,40129535,4,Follow The Ark,LOSER,3.96,LOSER,2.1,851.41,5.8,3.25,4.2,4.28,2813.51,720,3.65,270,5.79,594.39,831.88,2.54,1.93,1.97,2.05,26.34,4.1,4.4,1.04,0.97
13/07/2021,10:34:00 PM,10:34:15 PM,Gloucester Park,WA,8,185267698,R8 2130m Pace M,185267699,Harness,2130,Pace,38618908,5,Torrevean Amy,LOSER,1.97,LOSER,1.37,2069.69,2.58,1.7,1.95,1.9,8089.84,710,1.12,490,1.86,6849.5,1307.77,1.45,1.16,1.33,1.34,208.29,1.92,2.04,1.04,0.97
13/07/2021,10:34:00 PM,10:34:15 PM,Gloucester Park,WA,8,185267698,R8 2130m Pace M,185267699,Harness,2130,Pace,39528402,6,Sport Sport Sport,LOSER,8.09,WINNER,2.9,408.77,9.8,6.6,7.2,7.3,2227.58,110,1.5,100,5.23,701.96,542.98,3.15,2.48,2.48,2.6,21.42,7,7.4,1.04,0.97
13/07/2021,10:34:00 PM,10:34:15 PM,Gloucester Park,WA,8,185267698,R8 2130m Pace M,185267699,Harness,2130,Pace,4600850,7,See The World,WINNER,21.98,WINNER,11.35,159.41,34,19,30,24.16,215.09,300,1.01,1.01,1.93,4026.36,156.1,,,,,,22,29,1.04,0.97
13/07/2021,1:16:00 PM,1:17:10 PM,Menangle,NSW,1,185267725,R1 2300m Trot S,185267726,Harness,2300,Trot,9168447,1,Agent Maori,LOSER,9.41,WINNER,,777.49,14.5,9.2,9.2,10.85,1021.87,710,4.1,710,8.48,129.17,,3.7,3,3.3,3.17,176.07,11,11.5,1.05,0.96
13/07/2021,1:16:00 PM,1:17:10 PM,Menangle,NSW,1,185267725,R1 2300m Trot S,185267726,Harness,2300,Trot,37081754,2,Inherent Royal,LOSER,7.24,LOSER,,678.36,7.4,4.8,7.4,5.78,1307.54,880,9.8,690,82.95,81.39,,2.58,2.26,2.58,2.38,8.12,5.5,6,1.05,0.96
13/07/2021,1:16:00 PM,1:17:10 PM,Menangle,NSW,1,185267725,R1 2300m Trot S,185267726,Harness,2300,Trot,18543769,3,Riteur,LOSER,30,LOSER,,224.99,38,20,32,29.81,208.95,730,15,730,51.62,26.3,,6.6,6.6,6.6,6.6,20,28,32,1.05,0.96
13/07/2021,1:16:00 PM,1:17:10 PM,Menangle,NSW,1,185267725,R1 2300m Trot S,185267726,Harness,2300,Trot,8559358,4,Kyvalley Boomerang,LOSER,26.13,LOSER,,166.54,32,14,25,21.9,188.52,910,4.2,910,25.35,201.48,,6.6,3.65,5.7,5.35,42.72,27,30,1.05,0.96
13/07/2021,1:16:00 PM,1:17:10 PM,Menangle,NSW,1,185267725,R1 2300m Trot S,185267726,Harness,2300,Trot,10226467,5,Lord Lohki,LOSER,11.77,WINNER,,527.86,36,11.5,12,18.87,887.77,730,3.7,730,14.44,145.29,,3.8,3.8,3.8,3.8,0.17,13,14.5,1.05,0.96
13/07/2021,1:16:00 PM,1:17:10 PM,Menangle,NSW,1,185267725,R1 2300m Trot S,185267726,Harness,2300,Trot,38989526,6,Majestic Mannequin,LOSER,7,LOSER,,621.77,8.4,4.8,7,6.52,1129.39,880,5.1,540,42.5,183.08,,3.05,2.16,2.68,2.59,122.39,7,8,1.05,0.96
13/07/2021,1:16:00 PM,1:17:10 PM,Menangle,NSW,1,185267725,R1 2300m Trot S,185267726,Harness,2300,Trot,12792200,7,Gold Sovereign,LOSER,12.18,LOSER,,417.52,25,11.5,13,16.57,391.43,720,8.4,200,25.12,36.46,,5.2,4.4,5.2,4.73,9.05,12,12.5,1.05,0.96
13/07/2021,1:16:00 PM,1:17:10 PM,Menangle,NSW,1,185267725,R1 2300m Trot S,185267726,Harness,2300,Trot,10630735,8,Law Legend,LOSER,230,LOSER,,74.12,420,30,230,212.88,80.96,990,26,990,212.4,6.98,,,,,,,320,390,1.05,0.96
13/07/2021,1:16:00 PM,1:17:10 PM,Menangle,NSW,1,185267725,R1 2300m Trot S,185267726,Harness,2300,Trot,27857918,9,Sekkie Monkey,LOSER,7.4,LOSER,,537.69,8.4,6,7.4,6.83,1240.83,980,12,540,100.58,37.83,,2.88,2.3,2.76,2.44,2067.1,7,7.6,1.05,0.96
13/07/2021,1:16:00 PM,1:17:10 PM,Menangle,NSW,1,185267725,R1 2300m Trot S,185267726,Harness,2300,Trot,30467402,10,Right Moves,WINNER,7.6,WINNER,,601.75,8.6,4.6,7.6,7.03,1259.92,6.2,1.01,1.01,1.67,4296.92,,2.88,2,2.82,2.52,800.75,7.2,7.8,1.05,0.96
13/07/2021,1:16:00 PM,1:17:10 PM,Menangle,NSW,1,185267725,R1 2300m Trot S,185267726,Harness,2300,Trot,24826286,11,Major Thomas,LOSER,10.5,LOSER,,448.41,16,9,10.5,10.88,1132.96,200,3,130,11.47,100.45,,3.3,3.3,3.3,3.3,20.86,10,11.5,1.05,0.96
13/07/2021,1:16:00 PM,1:17:10 PM,Menangle,NSW,1,185267725,R1 2300m Trot S,185267726,Harness,2300,Trot,28261047,12,Super Fast Pat,LOSER,52.7,LOSER,,171.37,80,29,80,51.51,89.96,930,38,930,126.34,43.56,,,,,,,50,60,1.05,0.96
13/07/2021,1:51:00 PM,1:51:55 PM,Menangle,NSW,2,185267727,R2 1609m Pace M,185267728,Harness,1609,Pace,40129482,1,Our Ultimate Lizzy,WINNER,2.64,WINNER,,1637.21,6.4,2.48,2.68,3.12,9043.9,3.3,1.01,1.01,1.42,5092.08,,1.79,1.74,1.74,1.77,353.42,2.82,2.86,1.05,0.98
13/07/2021,1:51:00 PM,1:51:55 PM,Menangle,NSW,2,185267727,R2 1609m Pace M,185267728,Harness,1609,Pace,40129483,2,Warrawee Flyer,LOSER,20.71,LOSER,,254.92,34,14,26,22.62,309.68,780,15,140,41.63,178.52,,12.5,12.5,12.5,12.5,0.02,21,28,1.05,0.98
13/07/2021,1:51:00 PM,1:51:55 PM,Menangle,NSW,2,185267727,R2 1609m Pace M,185267728,Harness,1609,Pace,40129484,3,Justadiva,LOSER,16.04,LOSER,,430.69,17,11,15.5,14.19,376.11,990,15.5,990,63.96,51.97,,,,,,,13.5,15.5,1.05,0.98
13/07/2021,1:51:00 PM,1:51:55 PM,Menangle,NSW,2,185267727,R2 1609m Pace M,185267728,Harness,1609,Pace,40129485,4,Sugar For My Honey,LOSER,6.32,WINNER,,709.86,6.4,4.7,5.5,5.32,1021.26,1000,1.55,1000,7.11,354.07,,2.98,2.46,2.98,2.79,0.92,5.2,5.9,1.05,0.98
13/07/2021,1:51:00 PM,1:51:55 PM,Menangle,NSW,2,185267727,R2 1609m Pace M,185267728,Harness,1609,Pace,617412,5,Madrid,LOSER,7.51,LOSER,,836.46,7.6,4.8,7,6.33,1096.02,720,2.62,710,5.39,895.72,,3.7,2.48,3.1,2.78,3.05,6.6,6.8,1.05,0.98
13/07/2021,1:51:00 PM,1:51:55 PM,Menangle,NSW,2,185267727,R2 1609m Pace M,185267728,Harness,1609,Pace,40129486,6,No More Promises,LOSER,5.62,LOSER,,1447.78,5.2,3.35,5.2,4.17,1260.93,720,5.2,490,14.43,161.66,,2.22,2.22,2.22,2.22,3.71,4.4,4.7,1.05,0.98
13/07/2021,2:33:00 PM,2:33:50 PM,Menangle,NSW,3,185267729,R3 1609m Pace M,185267730,Harness,1609,Pace,40050385,1,Quick Dan,WINNER,1.78,WINNER,,2130.66,2.32,1.68,1.72,1.8,14484.49,6.4,1.01,1.01,1.43,6339.65,,1.27,1.19,1.19,1.21,442.64,1.76,1.8,1.03,0.97
13/07/2021,2:33:00 PM,2:33:50 PM,Menangle,NSW,3,185267729,R3 1609m Pace M,185267730,Harness,1609,Pace,36852467,2,Dorothys Delight,LOSER,13.5,LOSER,,247.43,15.5,6.8,13,11.66,743.45,790,6.6,490,31.06,150.87,,2.7,1.75,1.99,2.02,726.72,14,15,1.03,0.97
13/07/2021,2:33:00 PM,2:33:50 PM,Menangle,NSW,3,185267729,R3 1609m Pace M,185267730,Harness,1609,Pace,38706950,3,Ad Maiora,LOSER,11.64,LOSER,,287.18,16.5,8.4,10.5,11.79,878.71,790,4.9,690,21.6,106.99,,2.92,2.1,2.1,2.36,1293.93,13,14.5,1.03,0.97
13/07/2021,2:33:00 PM,2:33:50 PM,Menangle,NSW,3,185267729,R3 1609m Pace M,185267730,Harness,1609,Pace,21560837,4,Taramin,LOSER,50,LOSER,,83.86,180,42,55,49.08,135.02,780,50,580,168.4,15.5,,7,5.5,6,6.09,68.03,44,48,1.03,0.97
13/07/2021,2:33:00 PM,2:33:50 PM,Menangle,NSW,3,185267729,R3 1609m Pace M,185267730,Harness,1609,Pace,24527021,5,Jenesaisquoi,LOSER,38.13,LOSER,,153.66,48,20,48,34.13,171.85,790,17,790,69.21,26.07,,5.5,3.9,4.6,4.18,652.48,24,28,1.03,0.97
13/07/2021,2:33:00 PM,2:33:50 PM,Menangle,NSW,3,185267729,R3 1609m Pace M,185267730,Harness,1609,Pace,28230591,6,Pikarso,LOSER,8.8,WINNER,,519.07,8,5.3,7.2,6.74,738.82,140,1.82,120,6.67,469.97,,,,,,,6,6.6,1.03,0.97
13/07/2021,2:33:00 PM,2:33:50 PM,Menangle,NSW,3,185267729,R3 1609m Pace M,185267730,Harness,1609,Pace,17773854,7,Artistic Cowboy,LOSER,12.41,WINNER,,434.18,19.5,9.6,13.5,13.91,536.74,890,7.4,790,20.1,165.75,,3.65,2.66,2.68,2.78,7.86,15,16,1.03,0.97
13/07/2021,2:33:00 PM,2:33:50 PM,Menangle,NSW,3,185267729,R3 1609m Pace M,185267730,Harness,1609,Pace,2222686,8,Happy As,LOSER,130,LOSER,,39.87,180,42,180,88.63,50.73,870,46,780,198.41,25.4,,,,,,,85,120,1.03,0.97
13/07/2021,3:07:00 PM,3:07:37 PM,Menangle,NSW,4,185267731,R4 1609m Pace M,185267732,Harness,1609,Pace,16325019,1,Christmas Toyboy,LOSER,9.4,LOSER,,624.71,10,7.8,9,8.71,923.19,710,3,710,22.41,176.66,,2.74,1.97,2,2.02,56.92,8.6,9.4,1.03,0.99
13/07/2021,3:07:00 PM,3:07:37 PM,Menangle,NSW,4,185267731,R4 1609m Pace M,185267732,Harness,1609,Pace,10568428,2,Beau Cishlom,WINNER,12.09,WINNER,,399.4,12,8.2,11.5,10.34,761.33,17,1.01,1.01,1.83,1311.31,,2.42,2,2.28,2.16,246.29,10.5,12,1.03,0.99
13/07/2021,3:07:00 PM,3:07:37 PM,Menangle,NSW,4,185267731,R4 1609m Pace M,185267732,Harness,1609,Pace,7251894,3,Controversial,LOSER,71.31,LOSER,,87.18,75,38,70,54.13,63.93,720,27,720,73.33,30.85,,7,4.5,7,6.11,27.05,60,70,1.03,0.99
13/07/2021,3:07:00 PM,3:07:37 PM,Menangle,NSW,4,185267731,R4 1609m Pace M,185267732,Harness,1609,Pace,35259481,4,Our Madiba,LOSER,2.04,WINNER,,2918.15,2.32,1.8,1.96,1.91,11585.58,140,1.9,140,2.24,2577.68,,1.46,1.1,1.17,1.19,3986.01,1.83,1.85,1.03,0.99
13/07/2021,3:07:00 PM,3:07:37 PM,Menangle,NSW,4,185267731,R4 1609m Pace M,185267732,Harness,1609,Pace,22211942,5,Bolta,LOSER,142.95,LOSER,,30.13,180,50,180,97.42,46.6,720,210,700,456.33,1.41,,,,,,,90,110,1.03,0.99
13/07/2021,3:07:00 PM,3:07:37 PM,Menangle,NSW,4,185267731,R4 1609m Pace M,185267732,Harness,1609,Pace,12396576,6,Tippitinya,LOSER,4.9,WINNER,,1024.57,7.2,5,5,5.84,748.95,710,3.65,710,6.76,200.65,,2.06,1.72,1.72,1.98,1.44,6,6.2,1.03,0.99
13/07/2021,3:07:00 PM,3:07:37 PM,Menangle,NSW,4,185267731,R4 1609m Pace M,185267732,Harness,1609,Pace,6934802,7,Don Boston,LOSER,27.23,LOSER,,263.58,55,10,30,32.57,143.82,780,16.5,720,31.04,124.22,,6.2,5,6.2,5.51,27,34,36,1.03,0.99
13/07/2021,3:07:00 PM,3:07:37 PM,Menangle,NSW,4,185267731,R4 1609m Pace M,185267732,Harness,1609,Pace,8581820,8,Under Worked,LOSER,23.69,LOSER,,250.15,27,11,23,20.68,318.47,780,13.5,770,31.61,40.12,,3.35,2.48,3.35,2.84,303.79,19.5,22,1.03,0.99
13/07/2021,3:46:00 PM,3:46:45 PM,Menangle,NSW,5,185267733,R5 1609m Pace M,185267734,Harness,1609,Pace,40129487,1,Stronghold,WINNER,16.12,WINNER,,428.58,17,7.2,16,13.7,537.38,27,1.01,1.01,1.9,1708.25,,3.55,3.1,3.5,3.32,211.35,14.5,15,1.04,0.98
13/07/2021,3:46:00 PM,3:46:45 PM,Menangle,NSW,5,185267733,R5 1609m Pace M,185267734,Harness,1609,Pace,40129488,2,Precious Stride,LOSER,9.15,LOSER,,596.59,10.5,6.2,8.4,8.11,1450.83,720,9,720,19.33,62.99,,3.05,2,2.68,2.27,90.01,8.4,9,1.04,0.98
13/07/2021,3:46:00 PM,3:46:45 PM,Menangle,NSW,5,185267733,R5 1609m Pace M,185267734,Harness,1609,Pace,39797247,3,Loui,LOSER,4.77,LOSER,,1214.22,5.9,4,4.6,4.41,6832.21,720,4.6,720,7.22,382.03,,1.98,1.72,1.8,1.81,385.18,4.5,4.8,1.04,0.98
13/07/2021,3:46:00 PM,3:46:45 PM,Menangle,NSW,5,185267733,R5 1609m Pace M,185267734,Harness,1609,Pace,39989830,4,Captain Braveheart,LOSER,40.38,LOSER,,160.1,60,21,36,39.45,135.12,790,28,780,94.05,25.26,,7,7,7,7,8,38,42,1.04,0.98
13/07/2021,3:46:00 PM,3:46:45 PM,Menangle,NSW,5,185267733,R5 1609m Pace M,185267734,Harness,1609,Pace,40129489,5,Mi Furioso Toro,LOSER,26.27,LOSER,,202.14,55,29,29,35.1,304.45,790,24,300,41.75,66.55,,,,,,,30,34,1.04,0.98
13/07/2021,3:46:00 PM,3:46:45 PM,Menangle,NSW,5,185267733,R5 1609m Pace M,185267734,Harness,1609,Pace,28373354,6,The Maharani,LOSER,7.35,LOSER,,730.32,17.5,6.2,7,7.91,2714.19,720,5.8,720,14.34,205.8,,3.35,2.08,2.22,2.37,346.72,6.6,6.8,1.04,0.98
13/07/2021,3:46:00 PM,3:46:45 PM,Menangle,NSW,5,185267733,R5 1609m Pace M,185267734,Harness,1609,Pace,28673074,7,American Flyer,LOSER,4.54,WINNER,,1287.17,5.1,2.42,4.2,4.08,3939.41,140,1.66,140,2.43,2720.06,,1.9,1.56,1.9,1.62,695.54,3.9,4.2,1.04,0.98
13/07/2021,3:46:00 PM,3:46:45 PM,Menangle,NSW,5,185267733,R5 1609m Pace M,185267734,Harness,1609,Pace,19576511,8,Beiderbecke,LOSER,7.8,LOSER,,1028.66,8.8,4.5,8,7.73,679.04,1000,6.4,1000,9.39,270.18,,2.82,2.32,2.64,2.49,19.57,8,8.6,1.04,0.98
13/07/2021,3:46:00 PM,3:46:45 PM,Menangle,NSW,5,185267733,R5 1609m Pace M,185267734,Harness,1609,Pace,27956265,9,Brookessmartdancer,LOSER,24,WINNER,,275.36,34,23,25,26.83,322.96,790,8.4,720,34.31,47.51,,5.5,5.1,5.5,5.2,59.53,26,28,1.04,0.98
13/07/2021,4:21:00 PM,4:22:11 PM,Menangle,NSW,6,185267735,R6 1609m Pace M,185267736,Harness,1609,Pace,16807679,1,Miss Streisand,LOSER,19.61,LOSER,,543.38,21,12.5,17,14.44,495.24,1000,7,490,35.65,144.29,,3.4,2.98,3,3.09,105,13,14,1.04,0.95
13/07/2021,4:21:00 PM,4:22:11 PM,Menangle,NSW,6,185267735,R6 1609m Pace M,185267736,Harness,1609,Pace,28339035,2,Topsky,LOSER,60.63,LOSER,,180.98,75,42,70,58.25,103.98,1000,12.5,1000,106.24,35.87,,6.6,5.3,6.6,5.62,545.41,55,65,1.04,0.95
13/07/2021,4:21:00 PM,4:22:11 PM,Menangle,NSW,6,185267735,R6 1609m Pace M,185267736,Harness,1609,Pace,22834248,3,Fire And Sword,LOSER,92.75,LOSER,,113.53,160,44,130,87.45,53.98,1000,80,1000,123.85,29.36,,12,10,10,10.95,9.3,110,120,1.04,0.95
13/07/2021,4:21:00 PM,4:22:11 PM,Menangle,NSW,6,185267735,R6 1609m Pace M,185267736,Harness,1609,Pace,3041017,4,Cloud Nine,WINNER,2.12,WINNER,,2235.17,2.32,1.85,2.1,2.15,12136.06,2.48,1.01,1.01,1.53,4645.06,,1.33,1.21,1.32,1.28,333.63,2.16,2.28,1.04,0.95
13/07/2021,4:21:00 PM,4:22:11 PM,Menangle,NSW,6,185267735,R6 1609m Pace M,185267736,Harness,1609,Pace,40129490,5,Cee For Colin,LOSER,4.36,LOSER,,1209.09,6.6,2.94,4.3,4.28,2542.59,720,3.05,720,10.07,244.87,,1.75,1.44,1.65,1.52,655.09,4.3,4.9,1.04,0.95
13/07/2021,4:21:00 PM,4:22:11 PM,Menangle,NSW,6,185267735,R6 1609m Pace M,185267736,Harness,1609,Pace,36255387,6,Yuko,LOSER,12.22,LOSER,,584.42,22,11.5,13,13.21,808.89,1000,6.6,790,33.11,63.26,,3.6,2.56,2.6,2.59,364.91,12,13,1.04,0.95
13/07/2021,4:21:00 PM,4:22:11 PM,Menangle,NSW,6,185267735,R6 1609m Pace M,185267736,Harness,1609,Pace,39242318,7,No Nukes Skipper,LOSER,11.06,WINNER,,530.47,14,5.3,12,11.57,930.07,1000,6.4,280,22.24,114.17,,2.9,1.86,2.88,2.28,269,11,12.5,1.04,0.95
13/07/2021,4:21:00 PM,4:22:11 PM,Menangle,NSW,6,185267735,R6 1609m Pace M,185267736,Harness,1609,Pace,26994009,8,Hellofalass,LOSER,90.5,LOSER,,112.29,130,50,110,93.98,93.82,1000,8,1000,60.72,48.55,,11,10,10,10.37,12,100,120,1.04,0.95
13/07/2021,4:21:00 PM,4:22:11 PM,Menangle,NSW,6,185267735,R6 1609m Pace M,185267736,Harness,1609,Pace,39465465,10,Bertie Jones,LOSER,20.66,WINNER,,411.47,44,19,23,22.24,260.51,1000,3.7,990,69.69,114.45,,4.7,3.6,3.75,3.92,158.46,19.5,21,1.04,0.95
13/07/2021,5:01:00 PM,5:01:36 PM,Menangle,NSW,7,185267737,R7 1609m Pace M,185267738,Harness,1609,Pace,31196808,1,Fantasyreactor,LOSER,62.34,LOSER,,79.93,100,28,60,58.56,64.26,780,32,300,81.35,46.2,,5.8,5.7,5.8,5.8,5,55,90,1.09,0.95
13/07/2021,5:01:00 PM,5:01:36 PM,Menangle,NSW,7,185267737,R7 1609m Pace M,185267738,Harness,1609,Pace,40129491,2,Major Obahma,LOSER,4,WINNER,,1452.8,6.6,3.5,4,4.1,3739.23,100,2.24,2.4,2.98,1232.03,,1.71,1.56,1.6,1.6,23.92,3.8,4.1,1.09,0.95
13/07/2021,5:01:00 PM,5:01:36 PM,Menangle,NSW,7,185267737,R7 1609m Pace M,185267738,Harness,1609,Pace,13354278,3,Our Jack Starr,LOSER,23,LOSER,,209.47,65,11.5,21,20.26,181.31,900,15,900,78.03,47.36,,,,,,,19,21,1.09,0.95
13/07/2021,5:01:00 PM,5:01:36 PM,Menangle,NSW,7,185267737,R7 1609m Pace M,185267738,Harness,1609,Pace,28605589,4,Kenny Said,LOSER,31.41,LOSER,,129.66,160,13.5,32,34.29,75.65,780,30,780,48.54,20.37,,6.4,5.5,6.4,5.68,21.66,29,46,1.09,0.95
13/07/2021,5:01:00 PM,5:01:36 PM,Menangle,NSW,7,185267737,R7 1609m Pace M,185267738,Harness,1609,Pace,27270903,5,Long Weekend,LOSER,3.31,WINNER,,1820.81,6.4,3.3,3.5,3.7,2306.17,720,1.44,720,3.91,633.66,,2.02,1.51,1.53,1.53,519.43,3.65,4.1,1.09,0.95
13/07/2021,5:01:00 PM,5:01:36 PM,Menangle,NSW,7,185267737,R7 1609m Pace M,185267738,Harness,1609,Pace,19547588,6,Jackbkwik,LOSER,99.51,LOSER,,78.44,220,110,150,158.33,31.65,780,55,780,192.53,22.05,,,,,,,170,210,1.09,0.95
13/07/2021,5:01:00 PM,5:01:36 PM,Menangle,NSW,7,185267737,R7 1609m Pace M,185267738,Harness,1609,Pace,23379655,8,Aalesund,LOSER,22,LOSER,,301.19,22,11.5,18.5,16.42,163.31,780,13,720,35.37,39.6,,5,3.25,3.55,3.44,12.31,16,21,1.09,0.95
13/07/2021,5:01:00 PM,5:01:36 PM,Menangle,NSW,7,185267737,R7 1609m Pace M,185267738,Harness,1609,Pace,28737948,9,Titian Raider,WINNER,5.21,WINNER,,424.83,6,3.8,5,5.19,960.58,9.8,1.05,1.08,2.55,637.99,,2,1.75,1.75,1.79,200.82,5,5.8,1.09,0.95
13/07/2021,5:01:00 PM,5:01:36 PM,Menangle,NSW,7,185267737,R7 1609m Pace M,185267738,Harness,1609,Pace,35934647,10,Wow Hes A Rock Star,LOSER,7.81,LOSER,,483.23,7.4,3.8,7.2,5.51,436.69,870,6.2,490,14.6,144.85,,1.95,1.72,1.89,1.77,37.19,5.7,6.2,1.09,0.95
13/07/2021,5:38:00 PM,5:38:40 PM,Menangle,NSW,8,185267739,R8 1609m Pace M,185267740,Harness,1609,Pace,19544203,1,Prosecution Witness,LOSER,4.47,WINNER,,2945.16,6.2,2.6,4.9,4.74,5348.41,70,3,12,4.61,561.57,,1.68,1.5,1.53,1.62,177.08,5.7,5.9,1.04,0.99
13/07/2021,5:38:00 PM,5:38:40 PM,Menangle,NSW,8,185267739,R8 1609m Pace M,185267740,Harness,1609,Pace,25765964,2,Prodigal Guinness,LOSER,31.89,LOSER,,250.34,38,19.5,27,24.71,221,280,29,280,55.52,16.57,,4.2,3.4,3.5,3.57,62.88,22,27,1.04,0.99
13/07/2021,5:38:00 PM,5:38:40 PM,Menangle,NSW,8,185267739,R8 1609m Pace M,185267740,Harness,1609,Pace,2207881,3,Rocknroll Rhythm,LOSER,210,LOSER,,61.76,380,110,380,232.47,73.69,790,120,700,221.78,19.6,,15,10.5,15,10.59,8.17,180,310,1.04,0.99
13/07/2021,5:38:00 PM,5:38:40 PM,Menangle,NSW,8,185267739,R8 1609m Pace M,185267740,Harness,1609,Pace,8234173,4,Jedi Mind,LOSER,76.72,LOSER,,127.94,280,23,110,86.43,52.76,720,70,480,140.92,10.04,,9,7.4,7.4,8.11,19,75,100,1.04,0.99
13/07/2021,5:38:00 PM,5:38:40 PM,Menangle,NSW,8,185267739,R8 1609m Pace M,185267740,Harness,1609,Pace,27047228,5,Held To Ransom,LOSER,25.54,LOSER,,262.9,32,10.5,28,22.88,161.87,90,8,90,24.91,50.22,,4.9,3.05,3.2,3.18,29.06,22,26,1.04,0.99
13/07/2021,5:38:00 PM,5:38:40 PM,Menangle,NSW,8,185267739,R8 1609m Pace M,185267740,Harness,1609,Pace,11831828,6,Most Happy Cullen,LOSER,75.93,WINNER,,142.76,360,46,95,60.38,221.52,940,18,780,104.72,48.94,,8,6.4,8,6.79,25.86,75,85,1.04,0.99
13/07/2021,5:38:00 PM,5:38:40 PM,Menangle,NSW,8,185267739,R8 1609m Pace M,185267740,Harness,1609,Pace,19861999,7,Masons Delight,WINNER,1.9,WINNER,,2683.86,2.54,1.92,1.95,2.02,12452.84,3.5,1.06,1.07,1.95,2334.19,,1.25,1.2,1.22,1.22,220.08,1.96,2,1.04,0.99
13/07/2021,5:38:00 PM,5:38:40 PM,Menangle,NSW,8,185267739,R8 1609m Pace M,185267740,Harness,1609,Pace,15830931,9,Please Shuddup,LOSER,88.83,LOSER,,112.05,900,22,140,173.58,145.36,1000,60,1000,267.15,25.37,,50,4.7,50,12.67,107.45,50,60,1.04,0.99
13/07/2021,5:38:00 PM,5:38:40 PM,Menangle,NSW,8,185267739,R8 1609m Pace M,185267740,Harness,1609,Pace,34337371,10,Our Money Rocks,LOSER,5.02,LOSER,,1352.43,9.6,4.6,5.6,5.47,1741.35,85,2.8,5.9,4.89,576.3,,2,1.49,1.52,1.51,485.62,4.7,5,1.04,0.99
13/07/2021,5:09:00 PM,5:09:37 PM,Young,NSW,1,185265922,R1 2100m Pace M,185265923,Harness,2100,Pace,20241056,1,Petes Pet Rock,LOSER,60,LOSER,,130.11,120,55,60,76.5,109.14,960,36,960,107.58,30.27,,8.6,8.6,8.6,8.6,0.17,70,85,1.02,0.96
13/07/2021,5:09:00 PM,5:09:37 PM,Young,NSW,1,185265922,R1 2100m Pace M,185265923,Harness,2100,Pace,22043541,2,Kalahari San,LOSER,132.01,LOSER,,70.29,370,160,160,228.81,137.6,1000,110,700,263.13,6.22,,,,,,,160,180,1.02,0.96
13/07/2021,5:09:00 PM,5:09:37 PM,Young,NSW,1,185265922,R1 2100m Pace M,185265923,Harness,2100,Pace,26608805,3,Heavenly Wisdom,LOSER,10.86,WINNER,,368.8,12,7.4,10,10.07,590.63,890,9.8,890,33.83,112.09,,2.5,2.22,2.22,2.4,0.74,10.5,12.5,1.02,0.96
13/07/2021,5:09:00 PM,5:09:37 PM,Young,NSW,1,185265922,R1 2100m Pace M,185265923,Harness,2100,Pace,39859143,4,Rainbow Titan,WINNER,2.34,WINNER,,1907.18,2.08,1.77,2.08,1.88,8324.92,2.66,1.01,1.01,1.34,6048.43,,1.26,1.15,1.25,1.19,785.11,1.89,1.91,1.02,0.96
13/07/2021,5:09:00 PM,5:09:37 PM,Young,NSW,1,185265922,R1 2100m Pace M,185265923,Harness,2100,Pace,12991991,5,Sports Bounty,LOSER,23.74,LOSER,,287.47,30,21,25,26.02,115.51,910,16.5,910,104.28,23.97,,3.3,3.3,3.3,3.3,5,24,28,1.02,0.96
13/07/2021,5:09:00 PM,5:09:37 PM,Young,NSW,1,185265922,R1 2100m Pace M,185265923,Harness,2100,Pace,28494613,6,Baby Bee Mine,LOSER,22.37,LOSER,,323.85,40,21,24,27.49,107.63,920,16.5,920,66.21,38.89,,4.9,3.8,4.1,4.17,46.02,24,27,1.02,0.96
13/07/2021,5:09:00 PM,5:09:37 PM,Young,NSW,1,185265922,R1 2100m Pace M,185265923,Harness,2100,Pace,28432177,7,One Horn Billy,LOSER,19.16,LOSER,,349.03,32,14,19,21.42,284.26,910,13.5,910,61.33,166.51,,4,3.15,4,3.4,109.73,19,21,1.02,0.96
13/07/2021,5:09:00 PM,5:09:37 PM,Young,NSW,1,185265922,R1 2100m Pace M,185265923,Harness,2100,Pace,27639046,8,Artistic Trouble,LOSER,40.89,LOSER,,169.45,60,32,32,41.37,56.13,920,36,750,113.17,41.17,,5,4.6,5,4.8,10.17,38,46,1.02,0.96
13/07/2021,5:09:00 PM,5:09:37 PM,Young,NSW,1,185265922,R1 2100m Pace M,185265923,Harness,2100,Pace,12823011,9,Kamendable Joe,LOSER,4.24,WINNER,,1498.45,6.2,4,4.5,4.68,2207.08,870,3.6,480,13.9,178.72,,1.85,1.5,1.73,1.58,512.43,4.6,5,1.02,0.96
13/07/2021,5:45:00 PM,5:45:33 PM,Young,NSW,2,185265924,R2 1720m Pace M,185265925,Harness,1720,Pace,5585442,1,Tromso,LOSER,5.04,WINNER,,1080.39,5.8,3.9,5.2,5.17,1143.26,100,2,100,4.49,401.91,,2.74,1.87,2,1.96,2152.19,5.1,5.5,1.04,0.97
13/07/2021,5:45:00 PM,5:45:33 PM,Young,NSW,2,185265924,R2 1720m Pace M,185265925,Harness,1720,Pace,14738410,2,Hello Miss Kitty,LOSER,32.05,LOSER,,169.79,42,24,42,32.79,50.49,720,13,720,32.45,69.49,,5.1,5.1,5.1,5.1,0.17,32,34,1.04,0.97
13/07/2021,5:45:00 PM,5:45:33 PM,Young,NSW,2,185265924,R2 1720m Pace M,185265925,Harness,1720,Pace,24265608,3,Sporty Mickilla,LOSER,12,LOSER,,741.17,19.5,13.5,15,14.99,89.78,720,10.5,720,20.78,283.75,,3.75,3.05,3.05,3.41,214.69,14,15,1.04,0.97
13/07/2021,5:45:00 PM,5:45:33 PM,Young,NSW,2,185265924,R2 1720m Pace M,185265925,Harness,1720,Pace,24608622,4,Golden Zara,LOSER,32.2,LOSER,,179.94,48,19,36,36.18,91.82,720,30,570,43.98,61.35,,5.7,5.7,5.7,5.7,7.5,40,50,1.04,0.97
13/07/2021,5:45:00 PM,5:45:33 PM,Young,NSW,2,185265924,R2 1720m Pace M,185265925,Harness,1720,Pace,12272887,5,Park Run,LOSER,62.19,LOSER,,135.06,95,32,90,71.76,79.56,720,32,120,153.69,30.92,,16,10.5,11,13.05,8.71,80,85,1.04,0.97
13/07/2021,5:45:00 PM,5:45:33 PM,Young,NSW,2,185265924,R2 1720m Pace M,185265925,Harness,1720,Pace,38286915,6,Holy Camp Caprhyse,LOSER,25.65,LOSER,,182.7,36,24,32,31.02,45.23,1000,24,1000,76.24,51.68,,6.2,6.2,6.2,6.2,0.17,34,38,1.04,0.97
13/07/2021,5:45:00 PM,5:45:33 PM,Young,NSW,2,185265924,R2 1720m Pace M,185265925,Harness,1720,Pace,25181970,7,She Owns The Day,LOSER,19.28,LOSER,,217.41,22,14,20,18.43,142.47,170,6.2,170,17.1,89.44,,4.8,3.4,4.8,3.64,6.06,19,23,1.04,0.97
13/07/2021,5:45:00 PM,5:45:33 PM,Young,NSW,2,185265924,R2 1720m Pace M,185265925,Harness,1720,Pace,3977848,8,Caribbean Magic,LOSER,6.35,LOSER,,623.97,6.2,4.4,5.8,5.62,398.71,880,4.5,720,21.2,156.82,,1.94,1.84,1.94,1.86,33.46,5.6,6.2,1.04,0.97
13/07/2021,5:45:00 PM,5:45:33 PM,Young,NSW,2,185265924,R2 1720m Pace M,185265925,Harness,1720,Pace,23389016,9,Crime Dont Pay,LOSER,3.3,WINNER,,1334.52,5.5,3,3.4,3.46,3647.77,250,2.66,250,3.73,864.74,,1.67,1.53,1.62,1.62,39.15,3.25,3.3,1.04,0.97
13/07/2021,5:45:00 PM,5:45:33 PM,Young,NSW,2,185265924,R2 1720m Pace M,185265925,Harness,1720,Pace,28631044,10,Cambo Blaster,WINNER,6.88,WINNER,,677.37,11,6.4,6.8,8.09,457.03,15.5,1.01,1.01,1.96,2057.96,,3.45,2.6,3.45,2.83,1.52,7.2,7.8,1.04,0.97
13/07/2021,6:10:00 PM,6:10:42 PM,Young,NSW,3,185265926,R3 1720m Pace M,185265927,Harness,1720,Pace,28572240,1,Float On By,LOSER,24.7,LOSER,,314.9,29,15.5,29,19.95,261.58,900,9.6,900,53.21,75.74,,4.7,3.25,4.6,3.6,220.59,26,28,1.04,0.96
13/07/2021,6:10:00 PM,6:10:42 PM,Young,NSW,3,185265926,R3 1720m Pace M,185265927,Harness,1720,Pace,18716941,3,Tact Bess,LOSER,70,LOSER,,95.09,100,29,100,56.18,84.22,720,60,720,85.22,21.31,,18,16,16,17.59,10.28,75,90,1.04,0.96
13/07/2021,6:10:00 PM,6:10:42 PM,Young,NSW,3,185265926,R3 1720m Pace M,185265927,Harness,1720,Pace,10420334,4,Kenfury Lass,LOSER,240,LOSER,,46.51,430,110,270,188.06,62.09,860,230,460,391.51,10.93,,17.5,17.5,17.5,17.5,5,250,370,1.04,0.96
13/07/2021,6:10:00 PM,6:10:42 PM,Young,NSW,3,185265926,R3 1720m Pace M,185265927,Harness,1720,Pace,20782788,5,Zhukov Leis,LOSER,29.66,LOSER,,194.82,48,24,30,27.17,190.88,910,3,910,17.48,392.41,,4.6,4.2,4.2,4.29,334.97,27,29,1.04,0.96
13/07/2021,6:10:00 PM,6:10:42 PM,Young,NSW,3,185265926,R3 1720m Pace M,185265927,Harness,1720,Pace,14425796,6,So Much Bettor,LOSER,12.03,LOSER,,470.19,48,10.5,12.5,12.89,847.91,890,11.5,890,33.48,67.99,,4,2.6,2.66,2.79,243.06,10,10.5,1.04,0.96
13/07/2021,6:10:00 PM,6:10:42 PM,Young,NSW,3,185265926,R3 1720m Pace M,185265927,Harness,1720,Pace,28368778,7,Our Antonio Rose,LOSER,13.95,LOSER,,429.91,36,14.5,15,17.98,181.63,720,13.5,490,56.34,81.05,,2.94,2.94,2.94,2.94,15,15,17.5,1.04,0.96
13/07/2021,6:10:00 PM,6:10:42 PM,Young,NSW,3,185265926,R3 1720m Pace M,185265927,Harness,1720,Pace,37797440,8,Balducci,LOSER,3.1,WINNER,,2212.79,3.9,1.97,3.15,3.28,2166.44,100,1.05,100,3.21,454.85,,1.59,1.34,1.59,1.53,52.04,3.25,3.5,1.04,0.96
13/07/2021,6:10:00 PM,6:10:42 PM,Young,NSW,3,185265926,R3 1720m Pace M,185265927,Harness,1720,Pace,24326240,9,Rock Bottom,LOSER,9.48,WINNER,,600.81,14.5,8.4,9.6,10.58,511.2,720,6.6,690,33.77,57.78,,2.74,2.26,2.34,2.33,27.62,10.5,11.5,1.04,0.96
13/07/2021,6:10:00 PM,6:10:42 PM,Young,NSW,3,185265926,R3 1720m Pace M,185265927,Harness,1720,Pace,7929521,10,Ronaldo,WINNER,2.88,WINNER,,1545.39,3.1,2.36,2.88,2.72,2308.35,24,1.01,1.03,1.64,1813.53,,1.43,1.31,1.39,1.33,429.23,2.68,2.84,1.04,0.96
13/07/2021,6:35:00 PM,6:35:39 PM,Young,NSW,4,185265928,R4 1720m Pace M,185265929,Harness,1720,Pace,25009571,1,Private Sector,LOSER,53.41,LOSER,,123.99,100,34,50,65.14,56.44,920,16,100,282.71,13.44,,6.6,6.6,6.6,6.6,5.17,75,110,1.02,0.97
13/07/2021,6:35:00 PM,6:35:39 PM,Young,NSW,4,185265928,R4 1720m Pace M,185265929,Harness,1720,Pace,11100634,2,London Lady,LOSER,205.28,LOSER,,42.45,220,55,190,152.95,63.03,930,17,17,155.45,14.89,,,,,,,140,180,1.02,0.97
13/07/2021,6:35:00 PM,6:35:39 PM,Young,NSW,4,185265928,R4 1720m Pace M,185265929,Harness,1720,Pace,25295698,3,Chase The Feeling,LOSER,2,LOSER,,2742.9,2.06,1.78,2,1.91,13990.74,720,1.15,490,1.97,3664.58,,1.39,1.2,1.24,1.28,681.8,2,2.02,1.02,0.97
13/07/2021,6:35:00 PM,6:35:39 PM,Young,NSW,4,185265928,R4 1720m Pace M,185265929,Harness,1720,Pace,37081761,4,Turbo Tommy,LOSER,7.9,WINNER,,716.65,9.6,6.8,8,7.64,401.64,720,1.16,710,9.4,267.59,,2,1.84,1.85,1.86,63.32,7.4,7.8,1.02,0.97
13/07/2021,6:35:00 PM,6:35:39 PM,Young,NSW,4,185265928,R4 1720m Pace M,185265929,Harness,1720,Pace,27757621,5,Camnat,LOSER,44.77,LOSER,,117.07,80,40,44,44.65,69.18,720,50,720,108.27,16.29,,6,5.9,6,5.99,5,40,44,1.02,0.97
13/07/2021,6:35:00 PM,6:35:39 PM,Young,NSW,4,185265928,R4 1720m Pace M,185265929,Harness,1720,Pace,17858903,6,Yayas Hot Heart,LOSER,560.74,LOSER,,42.88,680,70,530,242.87,27.36,1000,710,1000,968.91,1.11,,50,46,46,49.31,18.55,310,380,1.02,0.97
13/07/2021,6:35:00 PM,6:35:39 PM,Young,NSW,4,185265928,R4 1720m Pace M,185265929,Harness,1720,Pace,13528023,7,Black Derby,LOSER,232.89,LOSER,,49.1,280,55,280,129.55,28.67,1000,700,1000,763.84,0.73,,17,17,17,17,20.48,150,190,1.02,0.97
13/07/2021,6:35:00 PM,6:35:39 PM,Young,NSW,4,185265928,R4 1720m Pace M,185265929,Harness,1720,Pace,9035388,8,Redbank Harry,WINNER,8.31,WINNER,,835.87,9.2,5.5,8.4,7.9,516.11,50,1.01,1.01,1.64,2033.56,,2.58,1.74,2.48,2.28,192.08,8.6,9,1.02,0.97
13/07/2021,6:35:00 PM,6:35:39 PM,Young,NSW,4,185265928,R4 1720m Pace M,185265929,Harness,1720,Pace,28737932,9,Monterei Heaven,LOSER,11.06,LOSER,,672.69,18,10.5,11.5,12.85,927.43,720,10,490,41.59,43.75,,3.5,3.5,3.5,3.5,0.26,11.5,12,1.02,0.97
13/07/2021,6:35:00 PM,6:35:39 PM,Young,NSW,4,185265928,R4 1720m Pace M,185265929,Harness,1720,Pace,28339088,10,Four Starzzz Lil,LOSER,9.17,WINNER,,522.32,14,8,9,10.33,1253.69,720,2,710,14.28,259.24,,2.96,2.1,2.1,2.52,43.22,8.2,9,1.02,0.97
13/07/2021,7:10:00 PM,7:10:35 PM,Young,NSW,5,185265930,R5 1720m Pace M,185265931,Harness,1720,Pace,2815678,1,Irish Speed,LOSER,30.67,LOSER,,151.3,46,25,32,32.23,95.19,720,29,720,69.92,32.19,,5.8,4,4.1,5.22,309.7,34,36,1.02,0.98
13/07/2021,7:10:00 PM,7:10:35 PM,Young,NSW,5,185265930,R5 1720m Pace M,185265931,Harness,1720,Pace,40129380,2,Gracenava,LOSER,22,WINNER,,211.32,32,11,23,22.72,144.88,650,27,650,42.21,69.37,,4.7,4.7,4.7,4.7,0.22,24,25,1.02,0.98
13/07/2021,7:10:00 PM,7:10:35 PM,Young,NSW,5,185265930,R5 1720m Pace M,185265931,Harness,1720,Pace,5512414,3,Hoi An,LOSER,33.08,LOSER,,229.61,46,20,30,24.39,537.04,300,7,28,16.97,82.95,,3.65,3.2,3.65,3.4,1314.47,30,32,1.02,0.98
13/07/2021,7:10:00 PM,7:10:35 PM,Young,NSW,5,185265930,R5 1720m Pace M,185265931,Harness,1720,Pace,23520810,4,Joe Powell,LOSER,358.23,LOSER,,35.61,270,95,200,215.41,27.89,720,210,720,375.82,6.24,,,,,,,230,270,1.02,0.98
13/07/2021,7:10:00 PM,7:10:35 PM,Young,NSW,5,185265930,R5 1720m Pace M,185265931,Harness,1720,Pace,40129381,5,Girl Just Fly,LOSER,13.5,WINNER,,371.68,23,11,13,12.87,317.2,140,2.9,140,10.33,208.83,,2.72,2.34,2.36,2.37,29.71,12,13,1.02,0.98
13/07/2021,7:10:00 PM,7:10:35 PM,Young,NSW,5,185265930,R5 1720m Pace M,185265931,Harness,1720,Pace,25522407,6,What A Team,LOSER,503.65,LOSER,,57.17,360,150,240,232.26,18.38,1000,55,990,481.97,28.86,,10.5,10.5,10.5,10.5,5,240,360,1.02,0.98
13/07/2021,7:10:00 PM,7:10:35 PM,Young,NSW,5,185265930,R5 1720m Pace M,185265931,Harness,1720,Pace,28499161,7,Takidah,LOSER,98.19,LOSER,,78.47,200,23,85,93.24,40.21,720,40,560,172.32,6.99,,8.2,8,8.2,8.09,38,85,110,1.02,0.98
13/07/2021,7:10:00 PM,7:10:35 PM,Young,NSW,5,185265930,R5 1720m Pace M,185265931,Harness,1720,Pace,2792903,8,La Peregrina,LOSER,29.89,LOSER,,136.36,85,25,25,28.5,153.13,300,7,210,25.93,61.83,,3.65,3.65,3.65,3.65,1.44,26,27,1.02,0.98
13/07/2021,7:10:00 PM,7:10:35 PM,Young,NSW,5,185265930,R5 1720m Pace M,185265931,Harness,1720,Pace,40129382,9,Louthario,WINNER,1.55,WINNER,,2402.07,2,1.28,1.55,1.56,13435.25,4.9,1.01,1.09,1.73,3385.62,,1.19,1.13,1.14,1.15,667.88,1.54,1.58,1.02,0.98
13/07/2021,7:10:00 PM,7:10:35 PM,Young,NSW,5,185265930,R5 1720m Pace M,185265931,Harness,1720,Pace,40129383,10,Adams It,LOSER,8.8,LOSER,,435.63,50,7.8,7.8,9.17,542.29,880,4,880,15.72,101.63,,2.2,1.9,1.9,2.01,18.12,8,8.8,1.02,0.98
13/07/2021,7:40:00 PM,7:42:39 PM,Young,NSW,6,185265932,R6 2100m Pace M,185265933,Harness,2100,Pace,28249571,1,Rocky Leigh,LOSER,15.13,LOSER,,286.63,19.5,11,16.5,13.39,757.9,1000,5,550,22.56,533.76,,3.85,3.5,3.5,3.55,17.26,12.5,14,1.04,0.98
13/07/2021,7:40:00 PM,7:42:39 PM,Young,NSW,6,185265932,R6 2100m Pace M,185265933,Harness,2100,Pace,17550327,2,Petes Art Major,LOSER,4.4,WINNER,,1070.33,12,4.7,4.7,6.41,1165.22,1000,3.9,1000,9.18,154.73,,2.68,1.79,1.84,1.84,61.32,5.4,5.7,1.04,0.98
13/07/2021,7:40:00 PM,7:42:39 PM,Young,NSW,6,185265932,R6 2100m Pace M,185265933,Harness,2100,Pace,7367572,3,Indiana Angel,LOSER,10.18,LOSER,,315.48,10,4.9,9.4,8.79,351.1,890,3.55,890,36.67,179.88,,2.92,2.6,2.6,2.61,9.39,8.8,9.6,1.04,0.98
13/07/2021,7:40:00 PM,7:42:39 PM,Young,NSW,6,185265932,R6 2100m Pace M,185265933,Harness,2100,Pace,28051838,4,Tackas Princess,LOSER,8.14,LOSER,,354.09,8.2,4.7,8.2,6.83,872.86,220,1.8,220,57.92,73.58,,2.4,1.59,2.3,2.19,305.66,7.4,8,1.04,0.98
13/07/2021,7:40:00 PM,7:42:39 PM,Young,NSW,6,185265932,R6 2100m Pace M,185265933,Harness,2100,Pace,36841121,5,Josie Ella,WINNER,18.5,WINNER,,231.63,18,13.5,17,16.16,224.17,80,1.01,1.01,1.42,1430.12,,4.4,3.6,4.2,4.22,11.81,17,18,1.04,0.98
13/07/2021,7:40:00 PM,7:42:39 PM,Young,NSW,6,185265932,R6 2100m Pace M,185265933,Harness,2100,Pace,25178690,6,Rocco Variety,LOSER,3.84,LOSER,,1527.17,3.8,2.7,3.55,3.23,3230.77,770,1.68,270,4.91,1040.1,,1.64,1.3,1.64,1.45,26.76,3.2,3.3,1.04,0.98
13/07/2021,7:40:00 PM,7:42:39 PM,Young,NSW,6,185265932,R6 2100m Pace M,185265933,Harness,2100,Pace,28161258,8,Lettuceroll,LOSER,6.95,WINNER,,746.98,15,7,7,8.62,706.59,770,4,540,9.2,243.44,,2.94,2.32,2.32,2.39,7.72,7.4,8,1.04,0.98
13/07/2021,7:40:00 PM,7:42:39 PM,Young,NSW,6,185265932,R6 2100m Pace M,185265933,Harness,2100,Pace,39989726,9,Grey Stonebridge,LOSER,42.32,LOSER,,163.62,50,18.5,48,37.86,81.21,720,40,300,82.29,44.37,,8.4,5.2,5.2,6.91,669.93,46,50,1.04,0.98
13/07/2021,8:10:00 PM,8:10:43 PM,Young,NSW,7,185265934,R7 2100m Pace M,185265935,Harness,2100,Pace,11461394,1,Khawaja,LOSER,14,LOSER,,340.29,16.5,8.8,14,13.2,252.08,890,6.2,710,27.96,142.23,,4.3,3.15,3.15,3.84,0.42,13.5,15.5,1.06,0.98
13/07/2021,8:10:00 PM,8:10:43 PM,Young,NSW,7,185265934,R7 2100m Pace M,185265935,Harness,2100,Pace,25394021,2,Rollwithpriscilla,LOSER,10.79,WINNER,,379.82,11,5.8,11,9.04,371.77,720,4.6,270,16.77,32.74,,4.5,3.5,4.5,4.35,3.7,9.4,10,1.06,0.98
13/07/2021,8:10:00 PM,8:10:43 PM,Young,NSW,7,185265934,R7 2100m Pace M,185265935,Harness,2100,Pace,12748791,3,Soulwriter,LOSER,5.6,WINNER,,600.08,14,5,5.9,7.59,2919.07,6.8,1.01,1.01,1.95,2757.75,,3.05,2.12,2.14,2.54,675.41,5.8,6,1.06,0.98
13/07/2021,8:10:00 PM,8:10:43 PM,Young,NSW,7,185265934,R7 2100m Pace M,185265935,Harness,2100,Pace,28737936,4,Charlie Studleigh,LOSER,40,LOSER,,150.13,48,22,46,39.89,66.37,720,40,300,105.63,14.69,,,,,,,38,40,1.06,0.98
13/07/2021,8:10:00 PM,8:10:43 PM,Young,NSW,7,185265934,R7 2100m Pace M,185265935,Harness,2100,Pace,28110324,5,Left In The Wind,LOSER,6.16,LOSER,,1238.69,6.8,4.5,6,5.5,788.43,720,5.4,720,16.49,60.43,,2.62,2.22,2.22,2.38,6.29,5.7,6.2,1.06,0.98
13/07/2021,8:10:00 PM,8:10:43 PM,Young,NSW,7,185265934,R7 2100m Pace M,185265935,Harness,2100,Pace,24458831,6,Little Pom,LOSER,5.46,LOSER,,1127.16,12,5.4,5.6,6.83,1026.1,720,6.2,270,17.65,98.35,,2.22,2.2,2.22,2.22,10.71,6.2,6.6,1.06,0.98
13/07/2021,8:10:00 PM,8:10:43 PM,Young,NSW,7,185265934,R7 2100m Pace M,185265935,Harness,2100,Pace,19308083,7,Fastestgirlintown,LOSER,6.31,LOSER,,1135.23,7.4,4.6,6.8,5.76,1983.45,770,3.05,720,11.68,337.25,,2.5,2.02,2.2,2.3,130.85,5.4,6,1.06,0.98
13/07/2021,8:10:00 PM,8:10:43 PM,Young,NSW,7,185265934,R7 2100m Pace M,185265935,Harness,2100,Pace,40129384,8,Onetwo Threecheese,WINNER,14.76,WINNER,,300.51,18.5,11,14.5,14.57,160.64,230,1.5,110,8.61,195.49,,,,,,,14,16,1.06,0.98
13/07/2021,8:10:00 PM,8:10:43 PM,Young,NSW,7,185265934,R7 2100m Pace M,185265935,Harness,2100,Pace,22862331,9,Roll Along Jane,LOSER,12.29,LOSER,,432.57,13,8,11.5,11.2,238.39,720,15.5,270,68.64,6.46,,,,,,,11,12,1.06,0.98
13/07/2021,8:45:00 PM,8:49:39 PM,Young,NSW,8,185265936,R8 1720m Pace M,185265937,Harness,1720,Pace,40129385,1,Justrollingaround,LOSER,5.88,WINNER,,661.38,7.2,4.9,5.3,5.43,3323.49,140,3.1,110,7,159.68,,1.82,1.67,1.8,1.71,502.57,6.6,5.7,1,0.99
13/07/2021,8:45:00 PM,8:49:39 PM,Young,NSW,8,185265936,R8 1720m Pace M,185265937,Harness,1720,Pace,32637653,2,Wongalea Penny,LOSER,17.57,WINNER,,180.82,18,9.4,16.5,12.73,327.1,360,10,280,26.08,66.6,,3.1,2.46,2.82,2.54,551.28,12.5,14,1,0.99
13/07/2021,8:45:00 PM,8:49:39 PM,Young,NSW,8,185265936,R8 1720m Pace M,185265937,Harness,1720,Pace,9075507,3,Willow,WINNER,1.99,WINNER,,1800.78,2.72,2,2.04,2.16,5038.45,2.3,1.01,1.01,1.35,2820.9,,1.35,1.19,1.24,1.26,2622.22,2.02,2.04,1,0.99
13/07/2021,8:45:00 PM,8:49:39 PM,Young,NSW,8,185265936,R8 1720m Pace M,185265937,Harness,1720,Pace,30524899,5,Ima Droughtbreaker,LOSER,8.04,LOSER,,411.44,9.8,5.4,8,8.1,915.3,870,6,870,69.39,60.19,,2.42,2.08,2.4,2.27,11.85,8.6,9.4,1,0.99
13/07/2021,8:45:00 PM,8:49:39 PM,Young,NSW,8,185265936,R8 1720m Pace M,185265937,Harness,1720,Pace,37424975,6,Excelerado,LOSER,18.5,LOSER,,264.95,22,8,18,17.32,172.27,890,30,490,186.79,12.34,,4.4,3.1,3.3,3.27,13.42,19.5,22,1,0.99
13/07/2021,8:45:00 PM,8:49:39 PM,Young,NSW,8,185265936,R8 1720m Pace M,185265937,Harness,1720,Pace,28110195,8,Tigerspeed,LOSER,210.47,LOSER,,58.77,330,55,260,170.79,51.03,940,95,700,233.94,15.82,,,,,,,260,310,1,0.99
13/07/2021,8:45:00 PM,8:49:39 PM,Young,NSW,8,185265936,R8 1720m Pace M,185265937,Harness,1720,Pace,40129387,9,Sapphire Rock,LOSER,23.03,LOSER,,410.64,32,19,26,23.61,257.28,1000,44,1000,309.12,20.83,,,,,,,24,27,1,0.99
13/07/2021,8:45:00 PM,8:49:39 PM,Young,NSW,8,185265936,R8 1720m Pace M,185265937,Harness,1720,Pace,40129388,10,Eyes For Dollars,LOSER,15.98,LOSER,,421.82,21,13.5,17.5,17.06,635.04,1000,15.5,700,66.33,82.49,,4.2,3.65,3.65,3.86,8.98,16,17.5,1,0.99
13/07/2021,9:07:00 PM,9:12:03 PM,Young,NSW,9,185265938,R9 1720m Pace M,185265939,Harness,1720,Pace,40129389,1,Uptown Beachgirl,LOSER,12.56,LOSER,,451.63,15.5,8.2,12,11.66,788.46,420,7,420,52.07,48.18,,5.1,3.25,4.1,4.03,2099.61,11.5,13.5,1.05,0.95
13/07/2021,9:07:00 PM,9:12:03 PM,Young,NSW,9,185265938,R9 1720m Pace M,185265939,Harness,1720,Pace,40129390,2,Tulhurst Pebbles,LOSER,18.73,LOSER,,217.04,21,16,18,18.91,311.73,190,2.78,60,7.87,187.28,,8,6.2,6.2,6.42,56.88,18.5,20,1.05,0.95
13/07/2021,9:07:00 PM,9:12:03 PM,Young,NSW,9,185265938,R9 1720m Pace M,185265939,Harness,1720,Pace,40129391,3,Tiger Tommy,LOSER,9.49,LOSER,,400.26,12,7.2,8.4,8.47,726.51,25,5.1,22,9.27,48.51,,4.5,2.94,2.94,3.06,370.8,8.4,9.2,1.05,0.95
13/07/2021,9:07:00 PM,9:12:03 PM,Young,NSW,9,185265938,R9 1720m Pace M,185265939,Harness,1720,Pace,40129392,4,Tulhurst Smoocher,LOSER,27.35,LOSER,,194.07,25,14.5,21,20.82,244.38,110,18.5,110,29.59,61.35,,6.8,4.4,6.6,4.71,218.26,17.5,23,1.05,0.95
13/07/2021,9:07:00 PM,9:12:03 PM,Young,NSW,9,185265938,R9 1720m Pace M,185265939,Harness,1720,Pace,40129393,5,A Dusty Dance,WINNER,2.1,WINNER,,1441.12,2.88,2,2.1,2.17,6985.66,5.7,1.08,1.09,3.4,1104.6,,1.49,1.4,1.41,1.45,224.2,2.26,2.3,1.05,0.95
13/07/2021,9:07:00 PM,9:12:03 PM,Young,NSW,9,185265938,R9 1720m Pace M,185265939,Harness,1720,Pace,40129394,6,Alliyahs Hope,LOSER,4.87,WINNER,,1788.76,4.9,3.1,4.6,4.22,2286.57,44,2.72,38,3.95,280.45,,2.58,1.72,2.58,2.21,1403.97,3.5,4.1,1.05,0.95
14/07/2021,5:29:00 PM,5:29:48 PM,Ballarat,VIC,1,185267572,R1 2200m Trot M,185267573,Harness,2200,Trot,27379929,1,Majestic Achiever,LOSER,15.53,LOSER,5.15,363.25,16,7.2,16,12.12,1016.59,890,6.6,890,18.39,248.07,262.28,5,3.9,4.9,4.67,38.8,13,13.5,1.02,0.99
14/07/2021,5:29:00 PM,5:29:48 PM,Ballarat,VIC,1,185267572,R1 2200m Trot M,185267573,Harness,2200,Trot,28304076,4,Im Miss Royalty,LOSER,100,LOSER,95.67,98.38,170,42,160,103.4,103.24,720,32,720,112.22,21.41,20.77,80,80,80,80,0.01,110,140,1.02,0.99
14/07/2021,5:29:00 PM,5:29:48 PM,Ballarat,VIC,1,185267572,R1 2200m Trot M,185267573,Harness,2200,Trot,22637946,5,Claudy An Gus,LOSER,2.79,WINNER,1.65,1624.7,6.2,2.62,2.72,3.33,10015.51,60,1.55,46,3.15,1334.27,701.77,1.98,1.58,1.58,1.62,210.96,2.82,2.86,1.02,0.99
14/07/2021,5:29:00 PM,5:29:48 PM,Ballarat,VIC,1,185267572,R1 2200m Trot M,185267573,Harness,2200,Trot,24117552,6,Black And Gold,LOSER,80,LOSER,31.51,143.36,100,34,100,64.88,124.09,740,50,740,102.73,12.75,57.83,15,15,15,15,5,75,90,1.02,0.99
14/07/2021,5:29:00 PM,5:29:48 PM,Ballarat,VIC,1,185267572,R1 2200m Trot M,185267573,Harness,2200,Trot,37618540,7,Glengarriff,WINNER,2.85,WINNER,1.71,2593.49,3.3,2.38,2.92,2.8,10044.15,7.4,1.01,1.02,1.86,2160.24,572.53,1.76,1.63,1.76,1.69,231.01,2.86,2.9,1.02,0.99
14/07/2021,5:29:00 PM,5:29:48 PM,Ballarat,VIC,1,185267572,R1 2200m Trot M,185267573,Harness,2200,Trot,21051166,8,Wingman Fling,LOSER,4.88,LOSER,2.19,1207.03,5.9,3.25,4.9,4.88,2450.88,710,1.88,710,11.34,317.98,778.53,2.64,1.94,2.26,2.24,155.95,5,5.4,1.02,0.99
14/07/2021,5:29:00 PM,5:29:48 PM,Ballarat,VIC,1,185267572,R1 2200m Trot M,185267573,Harness,2200,Trot,26237325,9,Abitofadreamer,LOSER,78.28,LOSER,32.48,122.81,110,48,100,62.4,192.58,710,7,710,65.33,36.13,49.94,,,,,,60,70,1.02,0.99
14/07/2021,6:02:00 PM,6:02:32 PM,Ballarat,VIC,2,185267574,R2 1710m Trot M,185267575,Harness,1710,Trot,17759192,1,Full Of Fizz,LOSER,120,LOSER,29.15,44.07,140,36,140,66.36,40.61,950,75,720,423.28,4.42,53.74,55,7,23,9.89,11.5,95,100,1.03,0.97
14/07/2021,6:02:00 PM,6:02:32 PM,Ballarat,VIC,2,185267574,R2 1710m Trot M,185267575,Harness,1710,Trot,16421229,2,Yankee Velvet,LOSER,337.8,LOSER,40.04,33.4,270,65,270,107.96,37.14,900,270,900,439.99,4.9,54.6,40,8.2,40,14.21,14.85,200,250,1.03,0.97
14/07/2021,6:02:00 PM,6:02:32 PM,Ballarat,VIC,2,185267574,R2 1710m Trot M,185267575,Harness,1710,Trot,10631199,3,A Nip Will Do,LOSER,8.8,WINNER,2.45,464.36,9.2,5.7,8.8,6.51,1243.27,720,2.9,720,7.55,238.58,715.03,2.3,2.2,2.26,2.28,51.1,8.4,9.2,1.03,0.97
14/07/2021,6:02:00 PM,6:02:32 PM,Ballarat,VIC,2,185267574,R2 1710m Trot M,185267575,Harness,1710,Trot,28331649,4,Beware The Fury,LOSER,6.01,LOSER,2.17,754.12,11,5.6,5.9,6.04,1944.4,720,5.9,290,16.98,179.62,707.77,2.68,2.08,2.22,2.22,114.9,5.8,6,1.03,0.97
14/07/2021,6:02:00 PM,6:02:32 PM,Ballarat,VIC,2,185267574,R2 1710m Trot M,185267575,Harness,1710,Trot,29252004,5,Kaylasister,LOSER,3.88,LOSER,1.72,924.09,7.8,3.6,3.75,4.17,2825.53,870,2.64,870,6.68,684.5,900.1,1.85,1.63,1.63,1.71,41.65,3.6,3.75,1.03,0.97
14/07/2021,6:02:00 PM,6:02:32 PM,Ballarat,VIC,2,185267574,R2 1710m Trot M,185267575,Harness,1710,Trot,11649295,6,Uncle Al,LOSER,10.54,WINNER,2.77,405.56,11,8.2,10.5,9.44,283.89,360,2.46,360,5.16,567.26,652.73,2.92,2.86,2.9,2.9,225.49,8.6,10,1.03,0.97
14/07/2021,6:02:00 PM,6:02:32 PM,Ballarat,VIC,2,185267574,R2 1710m Trot M,185267575,Harness,1710,Trot,13072878,7,Zoom Along Dreamer,LOSER,11.62,LOSER,3.08,385.16,11.5,8.4,11.5,9.95,287.24,720,11.5,420,39.51,87.89,478.67,2.82,2.82,2.82,2.82,0.14,10.5,11.5,1.03,0.97
14/07/2021,6:02:00 PM,6:02:32 PM,Ballarat,VIC,2,185267574,R2 1710m Trot M,185267575,Harness,1710,Trot,12790502,8,Jordans Mate,LOSER,24,LOSER,8.03,170.36,29,14,27,19.98,145.12,720,5.2,720,18.24,84.18,109.58,10,6,10,8,0.54,20,21,1.03,0.97
14/07/2021,6:02:00 PM,6:02:32 PM,Ballarat,VIC,2,185267574,R2 1710m Trot M,185267575,Harness,1710,Trot,39232217,9,Reigning Lillies,WINNER,5.05,WINNER,1.96,708.95,5.8,2.84,4.7,3.55,2802.29,6,1.01,1.01,1.99,2380.3,723.75,1.8,1.42,1.8,1.74,29.87,5.5,5.7,1.03,0.97
14/07/2021,6:35:00 PM,6:35:51 PM,Ballarat,VIC,3,185267576,R3 2200m Trot M,185267577,Harness,2200,Trot,40164889,1,Roi Du Soleil,LOSER,3.41,LOSER,1.57,1896.01,4.4,2.9,3.5,3.65,5170.64,720,2.3,720,5.32,767.76,911.44,1.64,1.39,1.53,1.54,555.64,3.7,3.8,1.03,0.98
14/07/2021,6:35:00 PM,6:35:51 PM,Ballarat,VIC,3,185267576,R3 2200m Trot M,185267577,Harness,2200,Trot,12668092,2,Wilcannia,LOSER,90,LOSER,9.73,82.93,110,46,95,80.87,79.47,720,90,720,140.64,6.72,180.07,8.2,8,8.2,8.1,10,60,75,1.03,0.98
14/07/2021,6:35:00 PM,6:35:51 PM,Ballarat,VIC,3,185267576,R3 2200m Trot M,185267577,Harness,2200,Trot,20482344,3,Hallaboutme,LOSER,14.5,LOSER,3.43,432.8,29,12,14.5,15.22,1078.48,900,12,560,41.15,84.82,433.3,4.4,3.25,3.6,3.86,109.93,12,13.5,1.03,0.98
14/07/2021,6:35:00 PM,6:35:51 PM,Ballarat,VIC,3,185267576,R3 2200m Trot M,185267577,Harness,2200,Trot,27751270,4,Moreflingthanbling,LOSER,5.6,LOSER,2.02,1123.4,8,4,5.7,5.03,3487.84,720,4.8,680,16.65,333.51,836.85,2.04,1.91,2.02,1.98,164.33,5.5,5.8,1.03,0.98
14/07/2021,6:35:00 PM,6:35:51 PM,Ballarat,VIC,3,185267576,R3 2200m Trot M,185267577,Harness,2200,Trot,21944476,5,Cork,LOSER,13.13,WINNER,2.93,471.91,32,11.5,12.5,14.99,911.97,190,2.76,110,12.11,184.03,923.81,4.7,2.92,3.05,3.05,145.4,12.5,13,1.03,0.98
14/07/2021,6:35:00 PM,6:35:51 PM,Ballarat,VIC,3,185267576,R3 2200m Trot M,185267577,Harness,2200,Trot,22929165,6,Double Dot,LOSER,151.74,LOSER,44,62.2,330,95,190,155.67,91.96,800,130,800,271.35,3.77,46.03,13,11.5,11.5,12.68,23.52,150,320,1.03,0.98
14/07/2021,6:35:00 PM,6:35:51 PM,Ballarat,VIC,3,185267576,R3 2200m Trot M,185267577,Harness,2200,Trot,28277208,7,Kyvalley Surfrider,LOSER,5.68,WINNER,2.33,1049.03,6.4,4.6,5.7,5.39,1773.58,1000,3,140,27.67,332.52,516.4,2.18,1.85,2.14,2.03,424.42,5.6,5.8,1.03,0.98
14/07/2021,6:35:00 PM,6:35:51 PM,Ballarat,VIC,3,185267576,R3 2200m Trot M,185267577,Harness,2200,Trot,26225465,8,Aldebaran Belle,WINNER,4.63,WINNER,1.65,1426.4,6.4,4.1,4.9,4.83,1986.99,4.9,1.01,1.01,2.11,2823.76,1064.76,1.77,1.59,1.66,1.68,528.98,4.7,4.9,1.03,0.98
14/07/2021,7:02:00 PM,7:03:32 PM,Ballarat,VIC,4,185267578,R4 2200m Pace M,185267579,Harness,2200,Pace,28368686,1,Goodtime Mach,LOSER,38.99,LOSER,12.63,216.13,110,36,36,65.05,287.16,720,6.4,720,40.23,99.63,169.73,22,8,12,10.27,145.98,44,50,1.02,0.98
14/07/2021,7:02:00 PM,7:03:32 PM,Ballarat,VIC,4,185267578,R4 2200m Pace M,185267579,Harness,2200,Pace,29907437,2,Azterian,LOSER,5.17,LOSER,2.58,812.43,7.4,4.6,5.2,5.18,1935.34,780,1.58,780,8.97,371.87,639.81,3.25,2.4,2.4,2.46,14.54,4.7,4.9,1.02,0.98
14/07/2021,7:02:00 PM,7:03:32 PM,Ballarat,VIC,4,185267578,R4 2200m Pace M,185267579,Harness,2200,Pace,33668729,3,No Win No Worries,LOSER,3.5,LOSER,2.21,1788.95,4.1,2.96,3.65,3.51,3755.65,720,3,170,5.67,1012.43,463.1,2.24,1.8,2.22,2.15,741.74,3.9,4,1.02,0.98
14/07/2021,7:02:00 PM,7:03:32 PM,Ballarat,VIC,4,185267578,R4 2200m Pace M,185267579,Harness,2200,Pace,39254872,4,Ghost Of Time,WINNER,3.62,WINNER,2.18,1135.73,5.4,3.5,3.7,3.97,2793.78,4.5,1.02,1.03,1.88,1910.99,483.1,2.28,2.04,2.18,2.08,83.89,3.8,3.9,1.02,0.98
14/07/2021,7:02:00 PM,7:03:32 PM,Ballarat,VIC,4,185267578,R4 2200m Pace M,185267579,Harness,2200,Pace,40164890,5,Onwatch,LOSER,7.8,WINNER,3.4,726.15,8.6,5.1,7.6,6.76,1657.87,48,1.75,42,5.75,352.34,339.97,3.95,2.86,3.5,3.35,52.39,7.4,7.8,1.02,0.98
14/07/2021,7:02:00 PM,7:03:32 PM,Ballarat,VIC,4,185267578,R4 2200m Pace M,185267579,Harness,2200,Pace,39657714,6,Yapper,LOSER,8.02,LOSER,4.1,661.59,9.8,5.6,8.8,8.02,709.26,780,2.86,780,17.03,168.82,92.93,4.1,3.55,4.1,3.91,46.91,7.8,8.2,1.02,0.98
14/07/2021,7:30:00 PM,7:32:23 PM,Ballarat,VIC,5,185267580,R5 1710m Pace M,185267581,Harness,1710,Pace,28318469,1,Wingate Guy,LOSER,6.76,LOSER,1.92,654.33,18,6,6.6,7.77,2133.79,720,3,140,10.96,212.47,484.46,2.3,1.85,1.92,1.93,705.54,6.6,7,1.03,0.95
14/07/2021,7:30:00 PM,7:32:23 PM,Ballarat,VIC,5,185267580,R5 1710m Pace M,185267581,Harness,1710,Pace,39141813,2,Balenciago,WINNER,2.22,WINNER,1.52,2953.41,2.42,1.45,2.1,1.91,29224.22,3,1.01,1.01,1.5,5151.01,891.49,1.57,1.11,1.56,1.34,3723.11,2.22,2.38,1.03,0.95
14/07/2021,7:30:00 PM,7:32:23 PM,Ballarat,VIC,5,185267580,R5 1710m Pace M,185267581,Harness,1710,Pace,35994317,3,Iron Chariot,LOSER,47.3,LOSER,7.73,231.39,75,28,46,44.07,133.42,720,5.2,290,32.35,39.12,68.89,6.4,5.3,6.4,5.34,4.81,38,44,1.03,0.95
14/07/2021,7:30:00 PM,7:32:23 PM,Ballarat,VIC,5,185267580,R5 1710m Pace M,185267581,Harness,1710,Pace,29058641,5,Hook Eye Joh,LOSER,15,LOSER,4.15,525.9,32,12.5,15.5,15.11,772.16,720,15,140,49.47,19.36,128.97,3.85,3.05,3.8,3.65,36.42,13,14,1.03,0.95
14/07/2021,7:30:00 PM,7:32:23 PM,Ballarat,VIC,5,185267580,R5 1710m Pace M,185267581,Harness,1710,Pace,25506866,6,Sew What,LOSER,25,LOSER,6.04,346.3,55,23,28,30.19,241.27,720,25,300,66.74,19.54,137.21,5.6,4.3,5.6,4.51,217.61,24,27,1.03,0.95
14/07/2021,7:30:00 PM,7:32:23 PM,Ballarat,VIC,5,185267580,R5 1710m Pace M,185267581,Harness,1710,Pace,23401921,7,Rebeccas Art,LOSER,71.17,WINNER,7.51,287.85,230,46,65,103.58,244.79,720,65,720,110.39,9.57,258.78,9,6.6,6.8,8.13,87.88,46,48,1.03,0.95
14/07/2021,7:30:00 PM,7:32:23 PM,Ballarat,VIC,5,185267580,R5 1710m Pace M,185267581,Harness,1710,Pace,27334930,9,Tophut Johny,LOSER,18.92,LOSER,3.85,470.62,25,16,20,19.73,419.8,900,18.5,720,66.69,47.09,475.43,4.3,3.05,3.85,3.66,91.35,18,22,1.03,0.95
14/07/2021,7:30:00 PM,7:32:23 PM,Ballarat,VIC,5,185267580,R5 1710m Pace M,185267581,Harness,1710,Pace,27385362,10,Image Of Starzzz,LOSER,25.16,WINNER,4.15,381.62,170,23,26,36.17,382.56,1000,3.4,710,57.51,24.88,421.02,4.4,4.1,4.1,4.13,93.52,23,25,1.03,0.95
14/07/2021,7:30:00 PM,7:32:23 PM,Ballarat,VIC,5,185267580,R5 1710m Pace M,185267581,Harness,1710,Pace,24730146,11,Jilliby Dyson,LOSER,5.61,LOSER,1.91,1401.21,10.5,5.7,6,6.43,2129.22,720,4,710,7.42,415.61,485.74,1.98,1.69,1.79,1.79,1550.37,6.2,6.8,1.03,0.95
14/07/2021,7:57:00 PM,7:57:55 PM,Ballarat,VIC,6,185267582,R6 1710m Pace M,185267583,Harness,1710,Pace,26505591,1,Sporty Culture,LOSER,25.21,LOSER,10.65,244.09,32,20,22,26.51,449.93,1000,12.5,230,42.76,17.93,54.24,,,,,,27,29,1.04,0.98
14/07/2021,7:57:00 PM,7:57:55 PM,Ballarat,VIC,6,185267582,R6 1710m Pace M,185267583,Harness,1710,Pace,28170258,2,Courts Bliss,LOSER,66.05,LOSER,18.75,171.5,110,38,65,69.7,133.55,720,90,230,198.14,5.4,86.73,9.8,9.6,9.6,9.76,6,80,85,1.04,0.98
14/07/2021,7:57:00 PM,7:57:55 PM,Ballarat,VIC,6,185267582,R6 1710m Pace M,185267583,Harness,1710,Pace,27385369,3,Aboutagirl,LOSER,49.26,LOSER,7.04,165.03,55,16,55,30.44,182.56,720,60,230,134.46,3.64,290.12,14.5,5.2,14.5,7.06,18.05,42,44,1.04,0.98
14/07/2021,7:57:00 PM,7:57:55 PM,Ballarat,VIC,6,185267582,R6 1710m Pace M,185267583,Harness,1710,Pace,10659339,4,Missy Deyo,LOSER,5.05,LOSER,2.1,881.21,7,4.5,5.2,5.69,1518.77,720,2.92,710,6.66,661.9,654.19,2.42,1.88,1.9,1.91,54.45,5.7,6.4,1.04,0.98
14/07/2021,7:57:00 PM,7:57:55 PM,Ballarat,VIC,6,185267582,R6 1710m Pace M,185267583,Harness,1710,Pace,28440190,5,Snazola,LOSER,16.5,LOSER,4.5,327.67,18.5,12.5,16.5,16.4,270.45,720,10,720,48.19,38.98,407.84,,,,,,17,18.5,1.04,0.98
14/07/2021,7:57:00 PM,7:57:55 PM,Ballarat,VIC,6,185267582,R6 1710m Pace M,185267583,Harness,1710,Pace,13611095,6,Rose Cooper,LOSER,4.69,WINNER,1.78,1019.71,5.6,4.2,4.8,4.68,1905.79,880,2.82,230,21.95,132.51,799.82,2.16,1.74,1.86,1.79,75.1,4.7,5,1.04,0.98
14/07/2021,7:57:00 PM,7:57:55 PM,Ballarat,VIC,6,185267582,R6 1710m Pace M,185267583,Harness,1710,Pace,27639035,7,Surfsup Tigerpie,LOSER,28,LOSER,7.52,320.96,34,17.5,28,27.23,140.48,720,38,300,100.36,13.83,167.49,,,,,,30,34,1.04,0.98
14/07/2021,7:57:00 PM,7:57:55 PM,Ballarat,VIC,6,185267582,R6 1710m Pace M,185267583,Harness,1710,Pace,4001254,8,Wanted Lady,LOSER,9.95,LOSER,3.07,600.08,22,9.6,9.8,11.57,1127.07,720,4,720,15.65,170.93,413.5,3.35,2.62,2.62,2.76,53.66,9.6,10,1.04,0.98
14/07/2021,7:57:00 PM,7:57:55 PM,Ballarat,VIC,6,185267582,R6 1710m Pace M,185267583,Harness,1710,Pace,24888324,9,Dream Asset,WINNER,2.98,WINNER,1.51,2611.71,4.2,2.82,2.98,2.98,5219.18,4.1,1.01,1.01,1.88,1948.04,904.32,1.76,1.5,1.59,1.59,230.06,2.98,3,1.04,0.98
14/07/2021,7:57:00 PM,7:57:55 PM,Ballarat,VIC,6,185267582,R6 1710m Pace M,185267583,Harness,1710,Pace,40164891,11,Miranda May,LOSER,21.12,WINNER,5.21,443.32,29,20,21,23.23,153.71,720,2.5,720,17.05,69.48,305.12,,,,,,23,26,1.04,0.98
14/07/2021,8:30:00 PM,8:30:45 PM,Ballarat,VIC,7,185267584,R7 2200m Trot S,185267585,Harness,2200,Trot,17310991,1,Christmas Babe,LOSER,15.73,LOSER,2.99,423.85,19.5,9.2,14,12.86,927,720,10,420,42.33,21.42,275.92,3.05,2.72,2.98,2.98,285.3,12,13,1.03,0.96
14/07/2021,8:30:00 PM,8:30:45 PM,Ballarat,VIC,7,185267584,R7 2200m Trot S,185267585,Harness,2200,Trot,12775159,2,Di Li,LOSER,122.2,LOSER,35.18,49.14,160,36,160,85.82,19.38,940,120,940,458.2,1.93,55.84,,,,,,120,130,1.03,0.96
14/07/2021,8:30:00 PM,8:30:45 PM,Ballarat,VIC,7,185267584,R7 2200m Trot S,185267585,Harness,2200,Trot,688537,3,Elegant Jet,LOSER,6.2,WINNER,2.33,563.31,9,5,6.4,6.5,2726.17,220,1.63,220,6.05,1041.03,980.62,2.74,2.14,2.48,2.44,435.89,6.4,6.8,1.03,0.96
14/07/2021,8:30:00 PM,8:30:45 PM,Ballarat,VIC,7,185267584,R7 2200m Trot S,185267585,Harness,2200,Trot,36154647,4,Tennerson,LOSER,8.74,LOSER,2.42,626.35,10,7.8,9,8.56,530.4,880,4.5,880,12.68,170.52,519,3,2.02,2.52,2.38,81.44,7.8,8.4,1.03,0.96
14/07/2021,8:30:00 PM,8:30:45 PM,Ballarat,VIC,7,185267584,R7 2200m Trot S,185267585,Harness,2200,Trot,7137784,5,Jaden Gil,LOSER,16.82,LOSER,3.78,431.31,30,18.5,19.5,21.39,152.74,720,16,720,30.17,139.44,445.9,4.5,3.3,3.3,3.72,263.76,21,20,1.03,0.96
14/07/2021,8:30:00 PM,8:30:45 PM,Ballarat,VIC,7,185267584,R7 2200m Trot S,185267585,Harness,2200,Trot,40164892,6,Chinski,LOSER,56.93,LOSER,13.35,104.73,95,55,60,64.69,25.57,720,55,620,93.65,12.53,119.33,,,,,,55,60,1.03,0.96
14/07/2021,8:30:00 PM,8:30:45 PM,Ballarat,VIC,7,185267584,R7 2200m Trot S,185267585,Harness,2200,Trot,26766993,7,Our Spitfire,LOSER,49.83,LOSER,12.6,81.8,50,27,40,42.28,155.15,720,13,240,38.17,38.54,111.25,,,,,,40,50,1.03,0.96
14/07/2021,8:30:00 PM,8:30:45 PM,Ballarat,VIC,7,185267584,R7 2200m Trot S,185267585,Harness,2200,Trot,9925228,8,Hanging On A Dream,LOSER,10.43,WINNER,3.15,383.9,15,9.4,11,11.52,430.52,720,6,280,22.47,96.45,557.55,3.2,3.2,3.2,3.2,14.43,11.5,12,1.03,0.96
14/07/2021,8:30:00 PM,8:30:45 PM,Ballarat,VIC,7,185267584,R7 2200m Trot S,185267585,Harness,2200,Trot,7610123,9,Left Right Andcentre,LOSER,72.27,LOSER,12.35,93.57,80,50,75,60.88,165.4,720,70,720,128.27,4.74,136.05,10,10,10,10,11.35,65,70,1.03,0.96
14/07/2021,8:30:00 PM,8:30:45 PM,Ballarat,VIC,7,185267584,R7 2200m Trot S,185267585,Harness,2200,Trot,22268815,10,Whatwillbeewillbee,WINNER,2.65,WINNER,1.41,1747.6,2.98,2.12,2.66,2.57,5805.14,55,1.01,1.01,1.88,2579.45,1082.91,1.52,1.27,1.49,1.4,210.29,2.58,2.8,1.03,0.96
14/07/2021,8:30:00 PM,8:30:45 PM,Ballarat,VIC,7,185267584,R7 2200m Trot S,185267585,Harness,2200,Trot,35547414,11,Madeakillin,LOSER,14.5,LOSER,3.84,218.75,17.5,9.4,13.5,13.82,256.18,720,13.5,280,47.63,35.93,452.86,4.1,3.35,3.35,3.84,0.4,13.5,14.5,1.03,0.96
14/07/2021,9:02:00 PM,9:02:53 PM,Ballarat,VIC,8,185267586,R8 2200m Pace M,185267587,Harness,2200,Pace,40164893,1,Gozo Courage,LOSER,61.17,LOSER,16.2,161.71,120,18.5,60,73.58,36.79,940,80,940,216.97,5.98,82.39,9.8,6.8,9.8,6.88,5.14,75,110,1.04,0.97
14/07/2021,9:02:00 PM,9:02:53 PM,Ballarat,VIC,8,185267586,R8 2200m Pace M,185267587,Harness,2200,Pace,20298501,2,Searover,LOSER,21,WINNER,4.2,344.61,40,20,21,23.44,381.89,720,5.4,720,30.07,40.97,370.33,5.5,4.1,5.5,4.77,45.54,22,32,1.04,0.97
14/07/2021,9:02:00 PM,9:02:53 PM,Ballarat,VIC,8,185267586,R8 2200m Pace M,185267587,Harness,2200,Pace,12263679,3,Miss Dangerfield,WINNER,6.58,WINNER,2.07,1246.2,9,5.9,6.6,6.84,1374.68,44,1.01,1.02,2.1,1041.05,767.8,2.28,2.02,2.1,2.02,250.41,6.8,7.2,1.04,0.97
14/07/2021,9:02:00 PM,9:02:53 PM,Ballarat,VIC,8,185267586,R8 2200m Pace M,185267587,Harness,2200,Pace,25009536,4,Spacewriter,LOSER,13.02,LOSER,3.86,478.72,14.5,8.2,12.5,9.89,880.72,720,9.6,720,21.35,67.84,227.07,2.52,2.42,2.44,2.45,263.22,9,10.5,1.04,0.97
14/07/2021,9:02:00 PM,9:02:53 PM,Ballarat,VIC,8,185267586,R8 2200m Pace M,185267587,Harness,2200,Pace,25200200,6,Silver Domino,LOSER,2.46,WINNER,1.28,3197.67,4.1,2.24,2.46,2.61,8634.17,60,1.04,22,2.16,2320.49,1325.53,1.47,1.27,1.31,1.33,560.22,2.4,2.44,1.04,0.97
14/07/2021,9:02:00 PM,9:02:53 PM,Ballarat,VIC,8,185267586,R8 2200m Pace M,185267587,Harness,2200,Pace,18129808,7,Rocknroll Opal,LOSER,12.5,LOSER,2.84,748.75,16,8.8,12.5,11.81,570.85,720,9.6,720,43.33,36.38,273.34,3.4,2.62,2.62,2.84,158.86,14.5,16,1.04,0.97
14/07/2021,9:02:00 PM,9:02:53 PM,Ballarat,VIC,8,185267586,R8 2200m Pace M,185267587,Harness,2200,Pace,40164894,8,Nai Harn Bay,LOSER,26.46,LOSER,5.59,429.17,44,15,28,22.4,451.98,920,5.2,920,28.28,136.42,94.44,5,3.65,4.9,4.12,219.61,20,22,1.04,0.97
14/07/2021,9:02:00 PM,9:02:53 PM,Ballarat,VIC,8,185267586,R8 2200m Pace M,185267587,Harness,2200,Pace,843514,9,Overreaction,LOSER,87.38,LOSER,14.5,135.9,100,14.5,80,53.73,107.6,930,55,720,336.93,15.08,85.91,5,4.4,5,4.79,14.27,75,90,1.04,0.97
14/07/2021,9:02:00 PM,9:02:53 PM,Ballarat,VIC,8,185267586,R8 2200m Pace M,185267587,Harness,2200,Pace,38828782,10,Jong Ang,LOSER,5,LOSER,1.88,851.92,6.6,4.6,5,5.2,2273.76,810,4,680,16.75,122.98,460.39,2.2,1.74,1.75,1.87,91.39,5.6,6,1.04,0.97
14/07/2021,4:13:00 PM,4:13:49 PM,Bathurst,NSW,1,185267666,R1 1730m Pace M,185267667,Harness,1730,Pace,27113067,1,Mendoza Lass,LOSER,11.73,LOSER,,306.2,13,7,11,11.72,154.32,720,5.2,490,66.52,28.8,,3.5,3,3,3.06,6.96,11.5,12.5,1.04,0.96
14/07/2021,4:13:00 PM,4:13:49 PM,Bathurst,NSW,1,185267666,R1 1730m Pace M,185267667,Harness,1730,Pace,40021927,2,Smiling Shandy,LOSER,75,LOSER,,55.24,80,42,75,57.01,37.3,720,75,720,158.22,2.35,,,,,,,44,55,1.04,0.96
14/07/2021,4:13:00 PM,4:13:49 PM,Bathurst,NSW,1,185267666,R1 1730m Pace M,185267667,Harness,1730,Pace,36255237,3,Amelia Regal,LOSER,114.8,LOSER,,35.91,200,65,200,126.33,32.73,720,110,720,252.29,2,,14,14,14,14,5,110,190,1.04,0.96
14/07/2021,4:13:00 PM,4:13:49 PM,Bathurst,NSW,1,185267666,R1 1730m Pace M,185267667,Harness,1730,Pace,23632670,4,Dynamite Dee,LOSER,16.5,WINNER,,225.09,36,16,16,18.55,218.84,720,16.5,490,62.2,9.02,,4.1,3.4,3.4,3.74,182.26,16,17,1.04,0.96
14/07/2021,4:13:00 PM,4:13:49 PM,Bathurst,NSW,1,185267666,R1 1730m Pace M,185267667,Harness,1730,Pace,23814281,5,Pale Face Jo,LOSER,15.79,LOSER,,237.98,16.5,8.2,14.5,14.18,65.39,720,8,720,28.62,23.47,,,,,,,15,16,1.04,0.96
14/07/2021,4:13:00 PM,4:13:49 PM,Bathurst,NSW,1,185267666,R1 1730m Pace M,185267667,Harness,1730,Pace,40164895,6,Weona Miss Fortune,LOSER,2.66,LOSER,,1299.44,3.8,2.66,2.68,2.86,8243.63,260,1.75,260,3.69,302.97,,1.71,1.5,1.5,1.51,206.34,2.72,2.82,1.04,0.96
14/07/2021,4:13:00 PM,4:13:49 PM,Bathurst,NSW,1,185267666,R1 1730m Pace M,185267667,Harness,1730,Pace,4805384,7,The Handsome One,WINNER,5.2,WINNER,,757.64,5.7,4.6,4.9,5,565.55,5.3,1.02,1.02,1.74,1368.59,,2.26,1.83,2.02,2.03,1862.12,4.7,5,1.04,0.96
14/07/2021,4:13:00 PM,4:13:49 PM,Bathurst,NSW,1,185267666,R1 1730m Pace M,185267667,Harness,1730,Pace,9465490,8,Limbo Larry,LOSER,74.53,WINNER,,62.93,110,38,80,76.16,11.12,720,70,580,236.45,1.47,,,,,,,80,90,1.04,0.96
14/07/2021,4:13:00 PM,4:13:49 PM,Bathurst,NSW,1,185267666,R1 1730m Pace M,185267667,Harness,1730,Pace,40164896,9,Hurrikane Dude,LOSER,8.3,LOSER,,534.4,8.2,5.3,8.2,6.82,258.75,110,6.4,110,13.78,89.75,,2.22,1.98,2.22,2,233.34,7,8.2,1.04,0.96
14/07/2021,4:13:00 PM,4:13:49 PM,Bathurst,NSW,1,185267666,R1 1730m Pace M,185267667,Harness,1730,Pace,16549687,10,Dinosaurus Rex,LOSER,19,LOSER,,229.32,25,15,18,19.24,119.18,720,19,490,65.85,9.54,,4,3.95,3.95,3.97,50.91,18.5,19.5,1.04,0.96
14/07/2021,4:52:00 PM,4:52:42 PM,Bathurst,NSW,2,185267668,R2 1730m Pace M,185267669,Harness,1730,Pace,20047682,1,Negative Nancy,LOSER,36.54,LOSER,,224.35,44,22,40,31.1,102.19,910,12,220,46.73,77.56,,5.4,4.1,4.8,4.83,129.71,40,42,1.03,0.97
14/07/2021,4:52:00 PM,4:52:42 PM,Bathurst,NSW,2,185267668,R2 1730m Pace M,185267669,Harness,1730,Pace,28152878,2,Yellow Bow,LOSER,63.47,LOSER,,134.08,70,38,50,45.14,60.78,920,2,720,44.59,47.85,,5.9,5.8,5.8,5.81,173.71,44,48,1.03,0.97
14/07/2021,4:52:00 PM,4:52:42 PM,Bathurst,NSW,2,185267668,R2 1730m Pace M,185267669,Harness,1730,Pace,28719428,3,Kamendable Feeling,LOSER,213.96,LOSER,,25.28,340,120,230,206.98,27.5,720,55,700,211.84,30.44,,13.5,10.5,12,11.68,77.36,140,250,1.03,0.97
14/07/2021,4:52:00 PM,4:52:42 PM,Bathurst,NSW,2,185267668,R2 1730m Pace M,185267669,Harness,1730,Pace,28036537,4,Infinity Beach,LOSER,4.07,WINNER,,1004.61,4.4,2.56,4,3.81,1302.71,110,2,20,3.61,1670.71,,1.5,1.48,1.5,1.49,16.48,4,4.1,1.03,0.97
14/07/2021,4:52:00 PM,4:52:42 PM,Bathurst,NSW,2,185267668,R2 1730m Pace M,185267669,Harness,1730,Pace,35909380,5,Charmindi,LOSER,110,LOSER,,47.44,140,75,140,105.06,6.44,720,22,720,116.78,11.18,,,,,,,100,120,1.03,0.97
14/07/2021,4:52:00 PM,4:52:42 PM,Bathurst,NSW,2,185267668,R2 1730m Pace M,185267669,Harness,1730,Pace,40164897,6,Taylors Four,WINNER,13.8,WINNER,,202.72,18.5,12,13,15.25,336.13,36,1.02,1.51,1.75,990.39,,3.3,2.16,2.24,2.38,2073.32,17,17,1.03,0.97
14/07/2021,4:52:00 PM,4:52:42 PM,Bathurst,NSW,2,185267668,R2 1730m Pace M,185267669,Harness,1730,Pace,40164898,7,May Cambo,LOSER,66.26,LOSER,,71.18,110,46,70,56.16,72.63,950,27,720,151.45,8.81,,,,,,,50,75,1.03,0.97
14/07/2021,4:52:00 PM,4:52:42 PM,Bathurst,NSW,2,185267668,R2 1730m Pace M,185267669,Harness,1730,Pace,37535914,8,Hold My Halo,LOSER,2.35,WINNER,,2215.21,2.46,1.76,2.4,2.25,4762.89,110,2,46,2.52,2539.51,,1.37,1.27,1.35,1.34,345.89,2.16,2.26,1.03,0.97
14/07/2021,4:52:00 PM,4:52:42 PM,Bathurst,NSW,2,185267668,R2 1730m Pace M,185267669,Harness,1730,Pace,31077452,9,Ellen Shannon,LOSER,7.84,LOSER,,548.82,20,7.8,8,10.55,926.47,100,3.45,21,9.81,270.57,,2.62,2.1,2.1,2.31,184.15,8.8,9.2,1.03,0.97
14/07/2021,4:52:00 PM,4:52:42 PM,Bathurst,NSW,2,185267668,R2 1730m Pace M,185267669,Harness,1730,Pace,40164899,10,Ripponlea,LOSER,20.19,LOSER,,213.02,38,17.5,20,25.6,213.61,710,14,300,45.29,22.54,,3.6,3.6,3.6,3.6,49.58,16.5,20,1.03,0.97
14/07/2021,5:17:00 PM,5:17:31 PM,Bathurst,NSW,3,185267670,R3 1730m Pace M,185267671,Harness,1730,Pace,16126240,1,Toro Delago,LOSER,12.5,LOSER,,480.12,19.5,10,12,12.11,1263.92,110,3,110,10.14,208.36,,4.3,2.72,3.2,3.18,84.58,10.5,12,1.03,0.98
14/07/2021,5:17:00 PM,5:17:31 PM,Bathurst,NSW,3,185267670,R3 1730m Pace M,185267671,Harness,1730,Pace,22503161,2,Studleigh Sonny,LOSER,39.98,LOSER,,273.12,90,44,50,54.93,106.89,720,38,300,51.31,39,,,,,,,46,48,1.03,0.98
14/07/2021,5:17:00 PM,5:17:31 PM,Bathurst,NSW,3,185267670,R3 1730m Pace M,185267671,Harness,1730,Pace,35500366,3,Warraderry,LOSER,8.63,LOSER,,614.25,11,7.2,8.8,8.43,734.66,720,8,710,15.36,101.8,,2.88,2.48,2.5,2.5,110.13,7,7.6,1.03,0.98
14/07/2021,5:17:00 PM,5:17:31 PM,Bathurst,NSW,3,185267670,R3 1730m Pace M,185267671,Harness,1730,Pace,12871243,4,Lotta Laughs,LOSER,44.62,LOSER,,180.67,100,40,46,59.55,124.32,950,50,950,163.19,15.15,,,,,,,42,50,1.03,0.98
14/07/2021,5:17:00 PM,5:17:31 PM,Bathurst,NSW,3,185267670,R3 1730m Pace M,185267671,Harness,1730,Pace,40164900,5,Ideal Denny,WINNER,6.6,WINNER,,870.55,11.5,5.9,7,8.06,1712.26,24,1.02,1.03,2.25,1161.08,,2.56,2.16,2.22,2.22,457.05,7.2,7.6,1.03,0.98
14/07/2021,5:17:00 PM,5:17:31 PM,Bathurst,NSW,3,185267670,R3 1730m Pace M,185267671,Harness,1730,Pace,23827984,6,Kalypso King,LOSER,25.81,LOSER,,198.25,48,24,26,28.09,147.76,720,18,300,51.45,26.13,,,,,,,24,26,1.03,0.98
14/07/2021,5:17:00 PM,5:17:31 PM,Bathurst,NSW,3,185267670,R3 1730m Pace M,185267671,Harness,1730,Pace,36430657,7,Roscommon Rose,LOSER,4.75,LOSER,,1307.26,5.9,2.72,4.9,4.67,1740.94,720,3,710,5.18,1198.73,,2.26,1.53,1.99,1.94,88.04,5.2,5.4,1.03,0.98
14/07/2021,5:17:00 PM,5:17:31 PM,Bathurst,NSW,3,185267670,R3 1730m Pace M,185267671,Harness,1730,Pace,18933936,8,All Spruced Up,LOSER,19.5,LOSER,,273.74,40,15.5,19,19.49,237.11,780,17,780,76.7,27.42,,4.7,4.7,4.7,4.7,0.17,16.5,18.5,1.03,0.98
14/07/2021,5:17:00 PM,5:17:31 PM,Bathurst,NSW,3,185267670,R3 1730m Pace M,185267671,Harness,1730,Pace,40164901,9,Yes Eye See,LOSER,4.47,WINNER,,1814.32,6.6,3.45,4.8,4.6,5214.25,100,2.66,100,3.79,974.64,,1.84,1.6,1.74,1.76,2613.2,5.2,5.3,1.03,0.98
14/07/2021,5:17:00 PM,5:17:31 PM,Bathurst,NSW,3,185267670,R3 1730m Pace M,185267671,Harness,1730,Pace,10896810,10,Valenteeno,LOSER,7.43,WINNER,,877.83,10,6,7.8,7.07,1261.27,110,1.14,110,4.83,397.99,,2.98,2.6,2.6,2.93,13.96,8,8.2,1.03,0.98
14/07/2021,5:54:00 PM,6:00:14 PM,Bathurst,NSW,4,185267672,R4 1730m Pace M,185267673,Harness,1730,Pace,24265607,2,Joes Redemption,LOSER,13.5,WINNER,,378.45,22,11,13.5,14.36,1522,1000,10,1000,27.21,173.5,,3.35,2.68,2.94,2.98,717.56,14,16.5,0.97,0.97
14/07/2021,5:54:00 PM,6:00:14 PM,Bathurst,NSW,4,185267672,R4 1730m Pace M,185267673,Harness,1730,Pace,19051939,3,Enk Spot Shannon,WINNER,3.57,WINNER,,2329.49,5.5,3.65,3.9,4.43,4295.67,7,1.01,1.01,1.4,3531.6,,2.02,1.54,1.8,1.74,496.27,4.8,5,0.97,0.97
14/07/2021,5:54:00 PM,6:00:14 PM,Bathurst,NSW,4,185267672,R4 1730m Pace M,185267673,Harness,1730,Pace,27259385,4,Just Won More,LOSER,39.71,LOSER,,245.93,100,34,46,53.56,191.13,1000,36,1000,70.56,28.16,,8,6.2,6.2,7.22,229.3,70,100,0.97,0.97
14/07/2021,5:54:00 PM,6:00:14 PM,Bathurst,NSW,4,185267672,R4 1730m Pace M,185267673,Harness,1730,Pace,22564040,5,Standandeliver,LOSER,26,WINNER,,300.16,44,17,28,30.59,427.5,1000,8.2,560,18.28,109.17,,4.9,4.3,4.6,4.33,133.67,30,32,0.97,0.97
14/07/2021,5:54:00 PM,6:00:14 PM,Bathurst,NSW,4,185267672,R4 1730m Pace M,185267673,Harness,1730,Pace,26839683,6,Kingston Shannon,LOSER,152.89,LOSER,,62.59,370,95,340,200.07,53.78,1000,50,1000,110.95,39.11,,,,,,,180,290,0.97,0.97
14/07/2021,5:54:00 PM,6:00:14 PM,Bathurst,NSW,4,185267672,R4 1730m Pace M,185267673,Harness,1730,Pace,22436726,7,Bracken Warrior,LOSER,17.21,LOSER,,186.01,20,8.2,14.5,15.39,635.28,1000,8.4,1000,69.23,47.15,,4,2.8,3.1,3.07,170.1,17.5,20,0.97,0.97
14/07/2021,5:54:00 PM,6:00:14 PM,Bathurst,NSW,4,185267672,R4 1730m Pace M,185267673,Harness,1730,Pace,26237322,8,Bruhaha,LOSER,22.1,LOSER,,244.26,34,18,23,21.49,529.36,1000,30,1000,161.96,24.43,,4.5,3.8,4.1,4.26,268.59,22,24,0.97,0.97
14/07/2021,5:54:00 PM,6:00:14 PM,Bathurst,NSW,4,185267672,R4 1730m Pace M,185267673,Harness,1730,Pace,27695343,9,Pat Mcgarry,LOSER,3.05,LOSER,,1693.91,3.8,2.72,3.1,3.06,7399.89,720,1.91,710,4.94,589.92,,1.68,1.35,1.57,1.54,262.09,3.5,2.98,0.97,0.97
14/07/2021,5:54:00 PM,6:00:14 PM,Bathurst,NSW,4,185267672,R4 1730m Pace M,185267673,Harness,1730,Pace,23893999,10,Pilch,LOSER,4.9,LOSER,,1125.97,6,3.8,4.7,4.28,3998.19,1000,2.98,1000,16.86,276.63,,2.62,1.73,1.74,1.98,1164.94,4.1,4.2,0.97,0.97
14/07/2021,6:24:00 PM,6:24:26 PM,Bathurst,NSW,5,185267674,R5 1730m Pace M,185267675,Harness,1730,Pace,16554840,1,Irvine,WINNER,4.8,WINNER,,1671.89,7.4,3.55,4.5,4.28,4061.37,36,1.01,1.01,2.35,2266.34,,2,1.65,1.76,1.73,83.23,3.95,4,1.04,0.98
14/07/2021,6:24:00 PM,6:24:26 PM,Bathurst,NSW,5,185267674,R5 1730m Pace M,185267675,Harness,1730,Pace,3381023,2,So Am I,LOSER,72.65,LOSER,,107.61,330,55,55,76.46,131.5,1000,19,1000,225.82,23.73,,16,8.6,9,9.56,65.99,60,65,1.04,0.98
14/07/2021,6:24:00 PM,6:24:26 PM,Bathurst,NSW,5,185267674,R5 1730m Pace M,185267675,Harness,1730,Pace,24190785,3,Yes You May,LOSER,3.61,WINNER,,2337.34,7.4,3.35,3.7,3.86,3941.44,1000,1.69,650,4.2,1015.78,,1.73,1.51,1.73,1.55,342.73,3.85,4,1.04,0.98
14/07/2021,6:24:00 PM,6:24:26 PM,Bathurst,NSW,5,185267674,R5 1730m Pace M,185267675,Harness,1730,Pace,26993907,4,Camanchi Warrior,LOSER,12.83,LOSER,,448.39,20,11,11.5,12.47,661.98,1000,3.55,1000,22.69,164.93,,4.1,2.56,3.15,2.9,151.01,11.5,12.5,1.04,0.98
14/07/2021,6:24:00 PM,6:24:26 PM,Bathurst,NSW,5,185267674,R5 1730m Pace M,185267675,Harness,1730,Pace,4829312,5,Headline Hunter,LOSER,45.13,LOSER,,140.83,150,28,38,36.8,112.23,920,14.5,920,125.91,39.3,,6,6,6,6,7.78,34,44,1.04,0.98
14/07/2021,6:24:00 PM,6:24:26 PM,Bathurst,NSW,5,185267674,R5 1730m Pace M,185267675,Harness,1730,Pace,26505604,6,Fleetwood Rock,LOSER,45.15,LOSER,,164.11,200,30,42,38.44,142.1,730,44,730,97.16,21.94,,,,,,,38,44,1.04,0.98
14/07/2021,6:24:00 PM,6:24:26 PM,Bathurst,NSW,5,185267674,R5 1730m Pace M,185267675,Harness,1730,Pace,38320374,8,Wattlebank Lass,LOSER,5.24,WINNER,,1164.89,5.4,2.2,5,3.91,4578.5,720,2.5,90,4.95,1036.49,,2.36,1.56,1.84,1.79,452.48,4.7,4.9,1.04,0.98
14/07/2021,6:24:00 PM,6:24:26 PM,Bathurst,NSW,5,185267674,R5 1730m Pace M,185267675,Harness,1730,Pace,24373829,9,Matamua,LOSER,28.59,LOSER,,238.61,34,22,29,26.52,206.5,720,3.5,720,31.06,67.79,,4.5,3.65,4.2,3.88,335.25,24,32,1.04,0.98
14/07/2021,6:24:00 PM,6:24:26 PM,Bathurst,NSW,5,185267674,R5 1730m Pace M,185267675,Harness,1730,Pace,10896782,10,Im Major Harry,LOSER,55,LOSER,,156.03,300,55,55,70.51,119.52,720,24,720,68.41,13.79,,,,,,,55,65,1.04,0.98
14/07/2021,6:24:00 PM,6:24:26 PM,Bathurst,NSW,5,185267674,R5 1730m Pace M,185267675,Harness,1730,Pace,36672496,11,He Said She Said,LOSER,10.94,LOSER,,471.73,13.5,6,10.5,10.75,899.2,780,6.8,410,20.5,120.93,,3.45,2.92,3.45,3.11,368.66,10,11.5,1.04,0.98
14/07/2021,6:49:00 PM,6:49:37 PM,Bathurst,NSW,6,185267676,R6 1730m Pace M,185267677,Harness,1730,Pace,40164903,1,Playboi Roy,LOSER,10.79,LOSER,,517.34,12,5.1,11,9.72,948.91,780,2.3,500,15.05,419.98,,2.98,2.44,2.98,2.47,154.15,9.2,10,1.04,0.96
14/07/2021,6:49:00 PM,6:49:37 PM,Bathurst,NSW,6,185267676,R6 1730m Pace M,185267677,Harness,1730,Pace,36201130,2,Shifty Nicolosi,LOSER,9.2,LOSER,,676.47,10.5,7.4,9.2,8.99,163.64,1000,5.6,1000,17.38,105.16,,2.44,2.36,2.42,2.42,28.47,9,9.8,1.04,0.96
14/07/2021,6:49:00 PM,6:49:37 PM,Bathurst,NSW,6,185267676,R6 1730m Pace M,185267677,Harness,1730,Pace,27212791,3,Stone The Eagle,LOSER,32.1,LOSER,,344.72,44,23,38,36.71,81.75,1000,22,1000,38.08,103.04,,6,6,6,6,28,34,42,1.04,0.96
14/07/2021,6:49:00 PM,6:49:37 PM,Bathurst,NSW,6,185267676,R6 1730m Pace M,185267677,Harness,1730,Pace,25521983,4,Key Defender,LOSER,17.09,LOSER,,239.95,17.5,7.4,14.5,12.33,444.78,1000,17,1000,67.34,63.92,,3.1,2.74,3.1,2.81,166.2,15.5,17.5,1.04,0.96
14/07/2021,6:49:00 PM,6:49:37 PM,Bathurst,NSW,6,185267676,R6 1730m Pace M,185267677,Harness,1730,Pace,40091608,5,Major Bracken,WINNER,2.04,WINNER,,2464.26,2.98,2.04,2.08,2.28,6943.11,4,1.01,1.01,1.9,3064.49,,1.45,1.24,1.25,1.29,82.45,2.1,2.2,1.04,0.96
14/07/2021,6:49:00 PM,6:49:37 PM,Bathurst,NSW,6,185267676,R6 1730m Pace M,185267677,Harness,1730,Pace,26612198,6,Dont Tell Phyllis,LOSER,13.97,LOSER,,419.39,25,12,13,14.73,402.53,1000,9,720,19.94,72.23,,3.75,3.15,3.75,3.64,36.53,13,15,1.04,0.96
14/07/2021,6:49:00 PM,6:49:37 PM,Bathurst,NSW,6,185267676,R6 1730m Pace M,185267677,Harness,1730,Pace,2704661,8,Single Shot,LOSER,16,WINNER,,351.16,22,11,16,17.87,222.26,1000,9.6,220,44.59,110.25,,4.5,4.5,4.5,4.5,0.7,18.5,19,1.04,0.96
14/07/2021,6:49:00 PM,6:49:37 PM,Bathurst,NSW,6,185267676,R6 1730m Pace M,185267677,Harness,1730,Pace,23331640,9,Bill Shannon,LOSER,8.56,WINNER,,575.91,9.6,6.8,8.8,8.56,428.78,1000,2.72,490,14.1,234.86,,2.76,2.08,2.32,2.34,98.88,8.8,9.6,1.04,0.96
14/07/2021,6:49:00 PM,6:49:37 PM,Bathurst,NSW,6,185267676,R6 1730m Pace M,185267677,Harness,1730,Pace,12975957,10,Jiggy Rhythm,LOSER,237.75,LOSER,,67.85,320,110,310,246.95,20.22,1000,200,650,263.15,12.69,,17,17,17,17,5,310,330,1.04,0.96
14/07/2021,7:20:00 PM,7:20:24 PM,Bathurst,NSW,7,185267678,R7 1730m Pace M,185267679,Harness,1730,Pace,26609135,1,Litchfield,LOSER,6.37,WINNER,,1522.96,8.8,5.1,6.4,5.92,530.44,110,2,110,5.65,456.16,,2.46,1.9,2.18,2.02,291.13,6.4,6.6,1.05,0.97
14/07/2021,7:20:00 PM,7:20:24 PM,Bathurst,NSW,7,185267678,R7 1730m Pace M,185267679,Harness,1730,Pace,17311111,2,Caesars Rockstar,WINNER,7.6,WINNER,,544.41,9.2,6.8,8,7.39,537.69,13,1.01,1.02,2.24,2042.91,,3.4,2.48,3.4,3.27,12.13,7,7.8,1.05,0.97
14/07/2021,7:20:00 PM,7:20:24 PM,Bathurst,NSW,7,185267678,R7 1730m Pace M,185267679,Harness,1730,Pace,9124876,3,Shes The Other One,LOSER,11.82,LOSER,,664.73,15,5.5,13,9.42,374.99,720,5,710,23.69,173.97,,4.6,3.4,3.4,3.84,0.65,13,14.5,1.05,0.97
14/07/2021,7:20:00 PM,7:20:24 PM,Bathurst,NSW,7,185267678,R7 1730m Pace M,185267679,Harness,1730,Pace,10542108,4,Remember Mac,LOSER,8,LOSER,,478.17,15,7.6,7.6,10.98,320.11,1000,5,1000,35,259.05,,2.94,2.68,2.68,2.82,151.2,8.2,9,1.05,0.97
14/07/2021,7:20:00 PM,7:20:24 PM,Bathurst,NSW,7,185267678,R7 1730m Pace M,185267679,Harness,1730,Pace,35546096,5,Major Mondo,LOSER,173.25,LOSER,,71.14,380,150,150,176.09,45.76,880,230,880,512.53,1.91,,23,19,19,21.67,15,150,280,1.05,0.97
14/07/2021,7:20:00 PM,7:20:24 PM,Bathurst,NSW,7,185267678,R7 1730m Pace M,185267679,Harness,1730,Pace,35672034,6,Feeling Hall Good,LOSER,27.79,LOSER,,363.39,30,7.6,30,13.06,419.64,880,18.5,300,69.63,30.17,,,,,,,26,28,1.05,0.97
14/07/2021,7:20:00 PM,7:20:24 PM,Bathurst,NSW,7,185267678,R7 1730m Pace M,185267679,Harness,1730,Pace,36699895,7,Toolittletoolate,LOSER,6.21,LOSER,,639.15,7.4,4.9,5.9,5.8,750.57,1000,5.6,1000,25.99,62.45,,1.96,1.95,1.95,1.95,20.3,5,5.3,1.05,0.97
14/07/2021,7:20:00 PM,7:20:24 PM,Bathurst,NSW,7,185267678,R7 1730m Pace M,185267679,Harness,1730,Pace,37302026,8,Dance Baby Dance,LOSER,4.66,WINNER,,1001.71,9.8,4.7,5,5.71,2266.71,720,3.1,720,5.52,668.68,,2.22,1.95,1.98,1.98,22.14,5.2,5.6,1.05,0.97
14/07/2021,7:20:00 PM,7:20:24 PM,Bathurst,NSW,7,185267678,R7 1730m Pace M,185267679,Harness,1730,Pace,40164904,9,Shes An Artist,LOSER,9.34,LOSER,,456,13,7.2,9.6,9.58,605.77,1000,8,1000,23.44,65.02,,3,2.7,3,2.86,11.94,8.8,10,1.05,0.97
14/07/2021,7:50:00 PM,7:50:43 PM,Bathurst,NSW,8,185267680,R8 1730m Pace M,185267681,Harness,1730,Pace,39428074,1,Storming Norman,LOSER,6,LOSER,,650.47,10,5.8,6.4,6.54,1332.7,720,2.9,720,5.15,489.79,,2.32,1.97,1.97,2.09,557.23,6.2,6.6,1.06,0.97
14/07/2021,7:50:00 PM,7:50:43 PM,Bathurst,NSW,8,185267680,R8 1730m Pace M,185267681,Harness,1730,Pace,40164906,2,Eblouissant,LOSER,30,WINNER,,165.95,38,19,36,28.92,137.82,720,2.28,23,20.87,111.44,,,,,,,30,36,1.06,0.97
14/07/2021,7:50:00 PM,7:50:43 PM,Bathurst,NSW,8,185267680,R8 1730m Pace M,185267681,Harness,1730,Pace,40164907,3,Weona Sir Vivor,WINNER,6.4,WINNER,,740.27,15,5.3,6.2,6.92,1613.69,50,1.01,1.01,3.94,2827.12,,2.76,2.16,2.16,2.26,52.03,5.3,5.9,1.06,0.97
14/07/2021,7:50:00 PM,7:50:43 PM,Bathurst,NSW,8,185267680,R8 1730m Pace M,185267681,Harness,1730,Pace,40164908,4,Brooklyn Bandit,LOSER,15.13,LOSER,,320.07,16.5,9.8,14.5,12.33,355.34,720,3,720,6.09,532,,4.9,3.6,4.6,4.33,54.99,12.5,13.5,1.06,0.97
14/07/2021,7:50:00 PM,7:50:43 PM,Bathurst,NSW,8,185267680,R8 1730m Pace M,185267681,Harness,1730,Pace,40164909,5,Chilled Captain,LOSER,90,WINNER,,68.01,160,60,85,113.71,152.67,960,70,960,144.78,14.81,,12,9.8,9.8,10.87,56.04,60,85,1.06,0.97
14/07/2021,7:50:00 PM,7:50:43 PM,Bathurst,NSW,8,185267680,R8 1730m Pace M,185267681,Harness,1730,Pace,39820627,6,Lincoln Jay,LOSER,10.39,LOSER,,482.91,10,7.2,9.8,8.67,481.34,720,4.2,720,18.01,127.38,,3.1,2.64,2.66,2.65,10.5,8.2,9.2,1.06,0.97
14/07/2021,7:50:00 PM,7:50:43 PM,Bathurst,NSW,8,185267680,R8 1730m Pace M,185267681,Harness,1730,Pace,40164910,7,Getaloadacam,LOSER,146.93,LOSER,,49.36,200,65,180,99.53,34.55,950,60,950,162.75,20.09,,12,12,12,12,23.52,150,170,1.06,0.97
14/07/2021,7:50:00 PM,7:50:43 PM,Bathurst,NSW,8,185267680,R8 1730m Pace M,185267681,Harness,1730,Pace,40164911,8,Beatboxer,LOSER,7.51,LOSER,,876.35,10.5,6.8,8.2,7.81,771.82,720,7,690,17.66,117.96,,2.96,2.44,2.84,2.83,147.15,7.6,8.4,1.06,0.97
14/07/2021,7:50:00 PM,7:50:43 PM,Bathurst,NSW,8,185267680,R8 1730m Pace M,185267681,Harness,1730,Pace,13223869,9,Arena Queen,LOSER,4.2,LOSER,,1445.45,6.2,2.4,4.2,4.48,4424.94,820,3.65,100,35.98,339.65,,1.95,1.44,1.94,1.92,82.42,5,5.3,1.06,0.97
14/07/2021,7:50:00 PM,7:50:43 PM,Bathurst,NSW,8,185267680,R8 1730m Pace M,185267681,Harness,1730,Pace,40164912,10,Wattosblazeofglory,LOSER,9.6,LOSER,,485.39,13,8.2,9.4,9.63,256.05,720,2,490,7.89,362.44,,2.94,2.7,2.7,2.94,20.14,8.2,8.8,1.06,0.97
14/07/2021,8:17:00 PM,8:17:35 PM,Bathurst,NSW,9,185267682,R9 1730m Pace M,185267683,Harness,1730,Pace,36568235,1,Hall Stitched Up,LOSER,33.2,LOSER,,160.33,48,17,46,37.55,121.11,720,29,720,48.39,15.02,,,,,,,38,40,1.04,0.98
14/07/2021,8:17:00 PM,8:17:35 PM,Bathurst,NSW,9,185267682,R9 1730m Pace M,185267683,Harness,1730,Pace,40164913,2,Our Uncle Harold,LOSER,36.8,LOSER,,133.95,55,25,44,38.38,123.48,720,18.5,720,36.43,37.26,,5,5,5,5,15,36,44,1.04,0.98
14/07/2021,8:17:00 PM,8:17:35 PM,Bathurst,NSW,9,185267682,R9 1730m Pace M,185267683,Harness,1730,Pace,40164914,3,Bonnie Grove,WINNER,2.95,WINNER,,1501.28,4.4,2.9,2.94,3.12,5128.11,5.3,1.01,1.01,1.57,1628.9,,1.42,1.39,1.39,1.42,50.68,2.98,3.05,1.04,0.98
14/07/2021,8:17:00 PM,8:17:35 PM,Bathurst,NSW,9,185267682,R9 1730m Pace M,185267683,Harness,1730,Pace,39575128,4,Dixiedolittle,LOSER,194.36,LOSER,,29.45,320,100,260,200.77,43.87,840,80,840,176.07,8.79,,18,12,12,14.88,45.04,210,220,1.04,0.98
14/07/2021,8:17:00 PM,8:17:35 PM,Bathurst,NSW,9,185267682,R9 1730m Pace M,185267683,Harness,1730,Pace,40164915,5,Bridge Coin,LOSER,3.64,WINNER,,1539.32,6.4,3.65,3.9,4.16,1246.81,720,2.54,90,6.9,463.27,,1.82,1.82,1.82,1.82,1.33,4,4.1,1.04,0.98
14/07/2021,8:17:00 PM,8:17:35 PM,Bathurst,NSW,9,185267682,R9 1730m Pace M,185267683,Harness,1730,Pace,39388263,6,Burrabadine Dancer,LOSER,21.93,LOSER,,218.32,42,17.5,22,21.46,355.46,720,21,720,44.87,36.92,,4.4,3.8,3.9,4.16,71.01,19.5,22,1.04,0.98
14/07/2021,8:17:00 PM,8:17:35 PM,Bathurst,NSW,9,185267682,R9 1730m Pace M,185267683,Harness,1730,Pace,4444905,7,Blasted,LOSER,4.7,LOSER,,1002.11,5.6,2.32,4.7,4.5,2569.83,720,1.68,19,2.1,4066.46,,1.99,1.63,1.64,1.65,22.57,4.6,5,1.04,0.98
14/07/2021,8:17:00 PM,8:17:35 PM,Bathurst,NSW,9,185267682,R9 1730m Pace M,185267683,Harness,1730,Pace,38588014,8,Warra Downs,LOSER,9.49,WINNER,,554.95,11,7,9,8.31,588.07,720,7.4,100,13.97,172.06,,2.5,2.4,2.4,2.48,0.47,7.8,9,1.04,0.98
14/07/2021,5:07:00 PM,5:07:57 PM,Redcliffe,QLD,1,185267604,R1 1780m Pace M,185267605,Harness,1780,Pace,11106356,1,Oyster Stride,LOSER,100,LOSER,13,114.05,170,110,110,139.72,219.18,720,24,510,72.36,65.04,135.4,13,10.5,10.5,12.23,86.49,120,130,1.01,0.98
14/07/2021,5:07:00 PM,5:07:57 PM,Redcliffe,QLD,1,185267604,R1 1780m Pace M,185267605,Harness,1780,Pace,10896756,2,Riverleigh Rocket,LOSER,23.33,LOSER,3.76,233.23,22,10.5,22,17.61,649.05,890,4.6,890,11.01,524.5,540.85,4.2,3.25,3.55,3.74,295.91,17,17.5,1.01,0.98
14/07/2021,5:07:00 PM,5:07:57 PM,Redcliffe,QLD,1,185267604,R1 1780m Pace M,185267605,Harness,1780,Pace,1527929,3,Captain Kirk,LOSER,2.46,WINNER,1.54,3037.41,3.95,2.42,2.48,2.75,9759.95,720,1.34,220,6.06,1535.29,781.77,1.53,1.4,1.44,1.43,232.73,2.58,2.64,1.01,0.98
14/07/2021,5:07:00 PM,5:07:57 PM,Redcliffe,QLD,1,185267604,R1 1780m Pace M,185267605,Harness,1780,Pace,15815140,4,Lisa Lincoln,LOSER,15.11,WINNER,2.94,469.78,14.5,10,14,12.62,848.59,780,4.8,110,32.44,98.33,702.93,3,2.9,3,2.96,58.49,12.5,13,1.01,0.98
14/07/2021,5:07:00 PM,5:07:57 PM,Redcliffe,QLD,1,185267604,R1 1780m Pace M,185267605,Harness,1780,Pace,22347623,5,Saint Kilda Beach,LOSER,15,LOSER,3.1,542.73,21,10.5,15.5,15.84,1008.35,890,14.5,710,95.42,31.78,612.87,3.3,2.96,3.1,3.16,29.95,16.5,18,1.01,0.98
14/07/2021,5:07:00 PM,5:07:57 PM,Redcliffe,QLD,1,185267604,R1 1780m Pace M,185267605,Harness,1780,Pace,18976302,6,Kanye Crusader,LOSER,4.6,LOSER,1.65,1408.26,5.1,2.98,4.8,4.38,4856.34,790,4,780,11.66,384.54,1045.69,1.76,1.38,1.66,1.74,554.99,5,5.1,1.01,0.98
14/07/2021,5:07:00 PM,5:07:57 PM,Redcliffe,QLD,1,185267604,R1 1780m Pace M,185267605,Harness,1780,Pace,24596034,8,Venus Jujon,LOSER,34,LOSER,4.4,284.99,44,23,34,27.58,527.11,720,5,580,41.93,41.16,371.59,6.2,4.2,4.4,4.81,359.53,27,29,1.01,0.98
14/07/2021,5:07:00 PM,5:07:57 PM,Redcliffe,QLD,1,185267604,R1 1780m Pace M,185267605,Harness,1780,Pace,10933599,9,Little Change,WINNER,5.77,WINNER,1.81,1425.02,7.4,5.3,5.8,5.81,2214.87,21,1.01,1.01,1.33,6071.77,767.43,1.84,1.75,1.81,1.8,530.14,5.7,5.9,1.01,0.98
14/07/2021,5:46:00 PM,5:46:34 PM,Redcliffe,QLD,2,185267606,R2 2040m Pace M,185267607,Harness,2040,Pace,22759053,1,Frost En Ice,WINNER,7.96,WINNER,2.84,611.67,10.5,5.4,8.2,8.11,1176.22,14.5,1.01,1.01,1.48,5902.85,626.2,2.84,1.9,2.72,2.49,128.04,9.4,10,1.03,0.97
14/07/2021,5:46:00 PM,5:46:34 PM,Redcliffe,QLD,2,185267606,R2 2040m Pace M,185267607,Harness,2040,Pace,12495531,2,So Bobs Your Uncle,LOSER,10.84,LOSER,3.01,551.26,18.5,10,11,11.26,526.65,890,5.1,720,23.21,52.71,320.99,3.8,2.94,3,3.04,24.64,11,11.5,1.03,0.97
14/07/2021,5:46:00 PM,5:46:34 PM,Redcliffe,QLD,2,185267606,R2 2040m Pace M,185267607,Harness,2040,Pace,20864749,3,Jilliby Jackpot,LOSER,4.69,LOSER,2.1,884.18,7.8,4.4,4.4,4.85,2543.8,880,3.25,880,19.34,250.32,693.47,2.32,1.89,1.91,1.96,95.61,4.7,4.8,1.03,0.97
14/07/2021,5:46:00 PM,5:46:34 PM,Redcliffe,QLD,2,185267606,R2 2040m Pace M,185267607,Harness,2040,Pace,19073690,4,Ark Me,LOSER,12,LOSER,3.88,438.51,17.5,10.5,12,13.13,256.68,890,11,890,41.03,74.37,225.56,3.35,3.3,3.35,3.32,15,13,15,1.03,0.97
14/07/2021,5:46:00 PM,5:46:34 PM,Redcliffe,QLD,2,185267606,R2 2040m Pace M,185267607,Harness,2040,Pace,2139891,5,Sweet As,LOSER,5.64,WINNER,2.33,939.85,14.5,4.8,5.6,6.24,2009.67,870,1.37,870,7.9,328.81,682.47,2.48,2.08,2.2,2.13,646.83,6,6.4,1.03,0.97
14/07/2021,5:46:00 PM,5:46:34 PM,Redcliffe,QLD,2,185267606,R2 2040m Pace M,185267607,Harness,2040,Pace,25190411,6,Glenledi Boy,LOSER,12.5,WINNER,3.63,458.55,14.5,8.4,12.5,10.35,876.82,890,4.2,270,17.61,129.76,393.13,2.76,2.62,2.62,2.75,21.08,10,10.5,1.03,0.97
14/07/2021,5:46:00 PM,5:46:34 PM,Redcliffe,QLD,2,185267606,R2 2040m Pace M,185267607,Harness,2040,Pace,5526102,7,Machin Out,LOSER,41.12,LOSER,6.64,198.46,55,40,42,43.84,141.71,720,13,470,28.28,72.12,112.8,7.8,7.2,7.2,7.42,73.46,42,48,1.03,0.97
14/07/2021,5:46:00 PM,5:46:34 PM,Redcliffe,QLD,2,185267606,R2 2040m Pace M,185267607,Harness,2040,Pace,12496187,8,Whostolemypigeon,LOSER,60,LOSER,7.4,76.67,110,50,60,62.97,164.71,720,44,720,55.49,53.56,136.74,11.5,8,8,9.4,181.05,65,75,1.03,0.97
14/07/2021,5:46:00 PM,5:46:34 PM,Redcliffe,QLD,2,185267606,R2 2040m Pace M,185267607,Harness,2040,Pace,25673592,9,Gottahaveahobbie,LOSER,4.55,LOSER,1.94,1237.21,4.6,2.96,4.6,4.09,1803.75,720,1.51,720,3.56,1202.12,456.92,1.86,1.63,1.74,1.74,144.29,4.2,4.4,1.03,0.97
14/07/2021,6:12:00 PM,6:12:36 PM,Redcliffe,QLD,3,185267608,R3 1780m Pace M,185267609,Harness,1780,Pace,10874924,1,Nikalong Henry,LOSER,18.84,WINNER,2.56,334.53,24,12,19.5,18.19,186.62,720,6,280,21.49,123.33,704.09,2.8,2.24,2.38,2.47,501.46,19.5,21,1.01,0.98
14/07/2021,6:12:00 PM,6:12:36 PM,Redcliffe,QLD,3,185267608,R3 1780m Pace M,185267609,Harness,1780,Pace,11993809,2,Oliver Winkle,LOSER,112.9,LOSER,6.6,57,95,60,95,75.37,64.09,930,26,930,159.1,26.71,8.32,12.5,6.2,11.5,6.88,110.14,85,90,1.01,0.98
14/07/2021,6:12:00 PM,6:12:36 PM,Redcliffe,QLD,3,185267608,R3 1780m Pace M,185267609,Harness,1780,Pace,11170113,3,Betting Baron,LOSER,42,WINNER,4.42,72.38,80,28,42,44.56,101.81,720,10,720,37.03,50.58,431.26,4.5,4.5,4.5,4.5,50,48,50,1.01,0.98
14/07/2021,6:12:00 PM,6:12:36 PM,Redcliffe,QLD,3,185267608,R3 1780m Pace M,185267609,Harness,1780,Pace,12827997,4,Courageous Leo,LOSER,26.33,LOSER,4.19,271.78,46,28,28,35.36,60.31,720,13,300,37.55,41.21,404.42,,,,,,36,40,1.01,0.98
14/07/2021,6:12:00 PM,6:12:36 PM,Redcliffe,QLD,3,185267608,R3 1780m Pace M,185267609,Harness,1780,Pace,9087868,5,Snoop Stride,WINNER,1.51,WINNER,1.13,5779.23,2,1.4,1.45,1.46,11376.31,8,1.01,1.02,1.38,5930.22,1673.02,1.2,1.13,1.15,1.15,463.65,1.43,1.44,1.01,0.98
14/07/2021,6:12:00 PM,6:12:36 PM,Redcliffe,QLD,3,185267608,R3 1780m Pace M,185267609,Harness,1780,Pace,26678891,6,Lanoch Boy,LOSER,37.07,LOSER,4.35,255.57,50,24,34,30.49,208.25,250,2.36,250,10.84,201.43,297.17,4.6,3.4,3.4,3.45,8.96,32,34,1.01,0.98
14/07/2021,6:12:00 PM,6:12:36 PM,Redcliffe,QLD,3,185267608,R3 1780m Pace M,185267609,Harness,1780,Pace,24596033,7,Ima Beach Babe,LOSER,19.92,LOSER,3.09,214.9,21,14,20,17.81,198.39,280,1.3,140,5.91,285.95,530.8,2.98,2.28,2.64,2.51,189.93,18.5,20,1.01,0.98
14/07/2021,6:12:00 PM,6:12:36 PM,Redcliffe,QLD,3,185267608,R3 1780m Pace M,185267609,Harness,1780,Pace,8217282,8,Subtle Advice,LOSER,170,LOSER,14.93,13.68,250,110,160,145.73,67.66,860,150,700,214.7,13.87,125.48,,,,,,110,130,1.01,0.98
14/07/2021,6:12:00 PM,6:12:36 PM,Redcliffe,QLD,3,185267608,R3 1780m Pace M,185267609,Harness,1780,Pace,35533362,9,Hes Sweet,LOSER,10,LOSER,2.22,520.89,10.5,6,9.6,9.17,313.66,420,5.3,420,30.29,42.01,249.69,2.1,1.57,1.87,1.99,1434.59,9.6,10.5,1.01,0.98
14/07/2021,6:42:00 PM,6:42:49 PM,Redcliffe,QLD,4,185267610,R4 1780m Pace M,185267611,Harness,1780,Pace,18491134,1,Patchwork Jet,WINNER,26.29,WINNER,1.93,201.52,30,13.5,27,21.47,274.99,36,1.01,1.01,1.55,5550.68,1484.75,2.96,1.8,2.66,2.47,2101.89,22,25,1.02,0.98
14/07/2021,6:42:00 PM,6:42:49 PM,Redcliffe,QLD,4,185267610,R4 1780m Pace M,185267611,Harness,1780,Pace,36421990,2,Deal Breaker,LOSER,1.83,WINNER,1.26,3063.09,2.04,1.6,1.86,1.85,10445.98,140,1.23,110,2.11,4360.92,1326.07,1.26,1.2,1.24,1.22,634.56,1.88,1.91,1.02,0.98
14/07/2021,6:42:00 PM,6:42:49 PM,Redcliffe,QLD,4,185267610,R4 1780m Pace M,185267611,Harness,1780,Pace,21840088,4,Downtown Lucca,LOSER,75,LOSER,7.87,86.68,70,42,70,57.79,59.6,720,46,720,96.68,12.91,177.77,5.5,5.4,5.5,5.43,18.37,48,55,1.02,0.98
14/07/2021,6:42:00 PM,6:42:49 PM,Redcliffe,QLD,4,185267610,R4 1780m Pace M,185267611,Harness,1780,Pace,40164916,5,Estarday,LOSER,5.65,LOSER,1.68,862.35,8.6,5.2,5.9,5.72,1566.3,1000,6.4,1000,30.28,56.1,734.32,1.87,1.58,1.85,1.81,555.88,5.2,5.4,1.02,0.98
14/07/2021,6:42:00 PM,6:42:49 PM,Redcliffe,QLD,4,185267610,R4 1780m Pace M,185267611,Harness,1780,Pace,10896750,6,Lazy Blaze,LOSER,401.73,LOSER,33.64,54.83,800,85,800,263.72,17.05,1000,400,960,466.04,17.54,15.34,18,18,18,18,6.65,310,360,1.02,0.98
14/07/2021,6:42:00 PM,6:42:49 PM,Redcliffe,QLD,4,185267610,R4 1780m Pace M,185267611,Harness,1780,Pace,28407297,7,Faireachdainn,LOSER,31.55,WINNER,3.63,193.61,34,23,30,27.17,176.19,720,18.5,300,43.86,44.38,514.17,4.8,2.98,3.8,3.72,288.48,26,27,1.02,0.98
14/07/2021,6:42:00 PM,6:42:49 PM,Redcliffe,QLD,4,185267610,R4 1780m Pace M,185267611,Harness,1780,Pace,17181220,8,Non Passare,LOSER,16.02,LOSER,2.87,283.61,30,17,17.5,20.03,362.83,770,14,770,29.54,73.31,548.78,3.9,2.86,3,3.07,156.25,19,21,1.02,0.98
14/07/2021,6:42:00 PM,6:42:49 PM,Redcliffe,QLD,4,185267610,R4 1780m Pace M,185267611,Harness,1780,Pace,13083622,9,Major Lucky,LOSER,6.49,LOSER,1.79,475.31,7.8,6.2,7.4,6.93,1593.04,1000,3.7,1000,15.08,166.94,361.14,3.2,1.76,1.83,2,694.15,7.4,7.8,1.02,0.98
14/07/2021,7:11:00 PM,7:11:46 PM,Redcliffe,QLD,5,185267612,R5 2040m Pace M,185267613,Harness,2040,Pace,10853003,1,Moonlight Butcher,LOSER,8.8,LOSER,2.52,1036.85,10.5,5.1,8.8,8.07,1552.85,720,6,110,23.61,89.95,981.95,2.84,2.22,2.84,2.59,235.12,9.6,10,1.02,0.98
14/07/2021,7:11:00 PM,7:11:46 PM,Redcliffe,QLD,5,185267612,R5 2040m Pace M,185267613,Harness,2040,Pace,18673962,2,Ginatiano,LOSER,4.2,LOSER,1.8,1105.07,8.4,3.85,4.3,5.09,6061.85,720,4.2,720,9.3,476.29,456.59,2.42,1.67,1.9,1.89,804.79,4,4.1,1.02,0.98
14/07/2021,7:11:00 PM,7:11:46 PM,Redcliffe,QLD,5,185267612,R5 2040m Pace M,185267613,Harness,2040,Pace,24190778,3,Brilliant Art,LOSER,36,LOSER,7.6,114.52,100,30,36,39.63,77.41,1000,36,1000,89.59,22.2,180.19,10,6.4,8.6,9.41,67.68,34,36,1.02,0.98
14/07/2021,7:11:00 PM,7:11:46 PM,Redcliffe,QLD,5,185267612,R5 2040m Pace M,185267613,Harness,2040,Pace,24429793,4,Wheres Tascott,LOSER,44.83,LOSER,8.8,182.65,150,32,80,52.06,150.48,720,44,720,107.77,21.34,113.55,12.5,7,10,11.38,98.06,36,38,1.02,0.98
14/07/2021,7:11:00 PM,7:11:46 PM,Redcliffe,QLD,5,185267612,R5 2040m Pace M,185267613,Harness,2040,Pace,40164917,5,Brian Christopher,LOSER,5.85,WINNER,2.25,1231.19,6.2,3.4,5.8,4.77,3610.12,140,3.25,140,7.39,316.25,738.91,2.46,1.82,2.46,1.85,25.14,5,5.3,1.02,0.98
14/07/2021,7:11:00 PM,7:11:46 PM,Redcliffe,QLD,5,185267612,R5 2040m Pace M,185267613,Harness,2040,Pace,28440230,6,Typhoon Torque,LOSER,22.57,LOSER,6.45,316.3,38,17.5,24,27.26,194.38,980,22,980,110.49,21.05,274.82,7.4,5.5,7.4,5.54,5.11,28,29,1.02,0.98
14/07/2021,7:11:00 PM,7:11:46 PM,Redcliffe,QLD,5,185267612,R5 2040m Pace M,185267613,Harness,2040,Pace,18221512,7,Lifeinheaven,LOSER,22.32,WINNER,5.76,320.13,40,21,22,27.07,132.62,720,22,720,131.35,14.95,64.02,5.9,3.65,4.6,4.85,83.16,26,29,1.02,0.98
14/07/2021,7:11:00 PM,7:11:46 PM,Redcliffe,QLD,5,185267612,R5 2040m Pace M,185267613,Harness,2040,Pace,12939045,8,Themidnightrambler,LOSER,4.13,LOSER,1.85,1239.99,4.7,3.35,4.2,4.23,3684.96,380,2,380,4.39,425.14,611.89,1.96,1.63,1.92,1.84,174.94,4.6,4.7,1.02,0.98
14/07/2021,7:11:00 PM,7:11:46 PM,Redcliffe,QLD,5,185267612,R5 2040m Pace M,185267613,Harness,2040,Pace,24465405,9,Bettor Sport,WINNER,8.23,WINNER,2.34,618.29,12.5,6.4,8.4,7.7,1840.37,14.5,1.01,1.01,1.69,4528.48,722.15,2.8,2.26,2.44,2.4,169.82,8.6,9,1.02,0.98
14/07/2021,7:37:00 PM,7:38:05 PM,Redcliffe,QLD,6,185267614,R6 1780m Pace M,185267615,Harness,1780,Pace,15295189,1,Barboo,LOSER,2.64,WINNER,1.49,2473.35,6.2,2.62,2.74,3.02,8924.73,720,1.99,180,2.99,2541.44,960.44,1.55,1.42,1.42,1.49,412.05,2.98,3.05,1.03,0.97
14/07/2021,7:37:00 PM,7:38:05 PM,Redcliffe,QLD,6,185267614,R6 1780m Pace M,185267615,Harness,1780,Pace,19965308,2,Caribbean Rocket,LOSER,95,LOSER,318.22,88.53,120,60,110,90.61,100.3,720,95,720,119.28,10.58,0.07,1000,9,200,12.62,55.88,85,100,1.03,0.97
14/07/2021,7:37:00 PM,7:38:05 PM,Redcliffe,QLD,6,185267614,R6 1780m Pace M,185267615,Harness,1780,Pace,20274180,3,Beef City Starzzz,LOSER,14,LOSER,3.4,194.64,17,10,13.5,14.02,578.22,780,14,480,48.44,36.4,507.66,3.5,3.45,3.5,3.46,39.13,15,17,1.03,0.97
14/07/2021,7:37:00 PM,7:38:05 PM,Redcliffe,QLD,6,185267614,R6 1780m Pace M,185267615,Harness,1780,Pace,8512987,4,Altana Blue,LOSER,6.11,LOSER,2.24,1065.24,7.4,4.5,5.6,5.16,1703.57,780,2.98,70,9.37,286.47,497.68,2.24,1.79,2.02,2.11,287.7,4.4,4.6,1.03,0.97
14/07/2021,7:37:00 PM,7:38:05 PM,Redcliffe,QLD,6,185267614,R6 1780m Pace M,185267615,Harness,1780,Pace,39326115,5,Yankee Dancer,LOSER,14.34,LOSER,3.35,291.04,14.5,3.95,12,9.9,887.8,1000,12,1000,85.58,141.8,194.39,3.15,2.44,3.1,3.13,55.51,12,13,1.03,0.97
14/07/2021,7:37:00 PM,7:38:05 PM,Redcliffe,QLD,6,185267614,R6 1780m Pace M,185267615,Harness,1780,Pace,39087987,6,Rock In Heaven,LOSER,248.25,LOSER,73.25,51.13,320,85,280,155.03,158.16,990,230,720,292.14,10.93,37.02,75,19.5,70,70.97,1.29,260,310,1.03,0.97
14/07/2021,7:37:00 PM,7:38:05 PM,Redcliffe,QLD,6,185267614,R6 1780m Pace M,185267615,Harness,1780,Pace,12543294,7,Thankheavnforgirls,WINNER,13.5,WINNER,4.04,294,34,13,13.5,18.31,469.29,21,1.01,1.01,1.8,4996.83,236.55,3.55,3.25,3.35,3.34,122.52,15,16.5,1.03,0.97
14/07/2021,7:37:00 PM,7:38:05 PM,Redcliffe,QLD,6,185267614,R6 1780m Pace M,185267615,Harness,1780,Pace,13225486,8,Mister Decorum,LOSER,6.8,WINNER,2.13,595.35,7.2,3.45,6.8,6.21,2235.06,780,1.28,120,4.67,559.31,846.8,2.18,1.87,1.91,1.94,1351.91,6.4,7,1.03,0.97
14/07/2021,7:37:00 PM,7:38:05 PM,Redcliffe,QLD,6,185267614,R6 1780m Pace M,185267615,Harness,1780,Pace,22677063,9,Tactfilly Magic,LOSER,13.5,LOSER,2.88,326.73,14.5,11,12.5,12.56,280.53,780,7,490,28.51,64.72,530.67,3.8,2.76,3.25,2.89,31.8,12.5,13,1.03,0.97
14/07/2021,8:10:00 PM,8:10:44 PM,Redcliffe,QLD,7,185267616,R7 1780m Pace M,185267617,Harness,1780,Pace,38744593,1,Major Mischief,LOSER,3.49,WINNER,1.24,1064.48,3.7,2.52,3.4,3.31,4656.07,100,1.94,90,3.19,755.13,1364,1.28,1.17,1.24,1.22,452.48,3.25,3.4,1.01,0.97
14/07/2021,8:10:00 PM,8:10:44 PM,Redcliffe,QLD,7,185267616,R7 1780m Pace M,185267617,Harness,1780,Pace,9441205,2,Vermont,LOSER,380,LOSER,30,58.73,570,250,260,370.84,45.33,720,250,710,550.46,2.81,86.63,15,9,9,9.78,77.88,250,360,1.01,0.97
14/07/2021,8:10:00 PM,8:10:44 PM,Redcliffe,QLD,7,185267616,R7 1780m Pace M,185267617,Harness,1780,Pace,36317956,3,Our Action Man,WINNER,1.96,WINNER,1.13,2917.58,2.42,1.72,1.93,1.9,9450.63,2.5,1.01,1.01,1.33,8198.39,1677.78,1.14,1.09,1.13,1.12,324.29,1.89,1.96,1.01,0.97
14/07/2021,8:10:00 PM,8:10:44 PM,Redcliffe,QLD,7,185267616,R7 1780m Pace M,185267617,Harness,1780,Pace,28605532,4,Joy To All,LOSER,64.07,LOSER,9.7,166.32,130,40,80,87.11,77.37,940,50,940,77.12,41.07,181.3,,,,,,85,90,1.01,0.97
14/07/2021,8:10:00 PM,8:10:44 PM,Redcliffe,QLD,7,185267616,R7 1780m Pace M,185267617,Harness,1780,Pace,35510517,6,October Racketeer,LOSER,18.79,WINNER,2.79,177.66,20,7.6,16.5,16.65,441.36,900,11,900,31.6,62.28,471,2.88,2.26,2.26,2.3,39.96,17,19,1.01,0.97
14/07/2021,8:10:00 PM,8:10:44 PM,Redcliffe,QLD,7,185267616,R7 1780m Pace M,185267617,Harness,1780,Pace,384232,7,Jet Force,LOSER,80.84,LOSER,9.51,108.69,300,50,85,115.73,64.25,1000,29,1000,64.8,38.55,65.66,8.4,5.2,8,6.93,89.55,150,180,1.01,0.97
14/07/2021,8:10:00 PM,8:10:44 PM,Redcliffe,QLD,7,185267616,R7 1780m Pace M,185267617,Harness,1780,Pace,27200766,8,Bondi Shake,LOSER,9.4,LOSER,1.81,258.93,28,8.4,9.2,12.77,1285.62,900,5.8,780,33.24,90.44,637.29,2.26,1.83,1.83,2,204.84,11,11.5,1.01,0.97
14/07/2021,8:10:00 PM,8:10:44 PM,Redcliffe,QLD,7,185267616,R7 1780m Pace M,185267617,Harness,1780,Pace,35896592,9,Our Dolly,LOSER,161.32,LOSER,26.43,61.25,320,85,180,175.18,41.78,770,110,770,187.47,17.66,97.09,,,,,,200,230,1.01,0.97
14/07/2021,8:40:00 PM,8:40:37 PM,Redcliffe,QLD,8,185267618,R8 1780m Pace M,185267619,Harness,1780,Pace,17234696,1,Poser,LOSER,48.88,LOSER,14.8,89.55,110,50,50,67.76,60.86,720,10,720,41.89,53.11,89.15,8.8,6.6,6.6,7.35,35.67,55,65,1.03,0.98
14/07/2021,8:40:00 PM,8:40:37 PM,Redcliffe,QLD,8,185267618,R8 1780m Pace M,185267619,Harness,1780,Pace,17006253,2,Naughtyinheaven,LOSER,4.21,WINNER,1.75,1098.05,5,3.8,4.3,4.17,2288.01,780,2.5,480,4.57,856.88,1020.34,1.85,1.6,1.6,1.68,168.98,3.8,4.1,1.03,0.98
14/07/2021,8:40:00 PM,8:40:37 PM,Redcliffe,QLD,8,185267618,R8 1780m Pace M,185267619,Harness,1780,Pace,21724010,3,Elle Jay,LOSER,9.75,WINNER,2.76,458.09,10,5.4,9.6,8.85,353.43,780,5,720,7.4,340.84,129.75,2.76,1.92,2.44,2.2,117.38,9.4,10,1.03,0.98
14/07/2021,8:40:00 PM,8:40:37 PM,Redcliffe,QLD,8,185267618,R8 1780m Pace M,185267619,Harness,1780,Pace,8818450,4,Trentleigh,LOSER,97.17,LOSER,29.23,70.68,130,70,130,89.88,46.25,720,65,720,109.55,11.79,31.02,44,18.5,44,30.19,0.16,90,100,1.03,0.98
14/07/2021,8:40:00 PM,8:40:37 PM,Redcliffe,QLD,8,185267618,R8 1780m Pace M,185267619,Harness,1780,Pace,28329817,5,Illbewatching,WINNER,2.38,WINNER,1.43,3710.8,3.8,2.3,2.36,2.51,11341.23,3.3,1.01,1.01,1.39,4832.27,761.57,1.45,1.33,1.39,1.41,660.58,2.44,2.5,1.03,0.98
14/07/2021,8:40:00 PM,8:40:37 PM,Redcliffe,QLD,8,185267618,R8 1780m Pace M,185267619,Harness,1780,Pace,28440225,6,Turn Turn Flyer,LOSER,17.25,LOSER,4.7,302.65,36,17.5,19,19.87,301.24,780,9.8,780,31.42,57.29,149.09,4,3.35,4,3.79,11.72,20,21,1.03,0.98
14/07/2021,8:40:00 PM,8:40:37 PM,Redcliffe,QLD,8,185267618,R8 1780m Pace M,185267619,Harness,1780,Pace,37964245,7,Harry Croft,LOSER,27.63,LOSER,3.07,459.39,16.5,6,15,11.73,253.83,720,10,480,29.75,159.46,570.15,3.75,2.88,3.1,2.98,127.27,14,16,1.03,0.98
14/07/2021,8:40:00 PM,8:40:37 PM,Redcliffe,QLD,8,185267618,R8 1780m Pace M,185267619,Harness,1780,Pace,14867751,8,A Rocknroll Legacy,LOSER,19,LOSER,4.09,314.35,22,8,19,16.49,224.83,780,9.6,780,50.37,19.35,460.7,,,,,,18.5,19.5,1.03,0.98
14/07/2021,8:40:00 PM,8:40:37 PM,Redcliffe,QLD,8,185267618,R8 1780m Pace M,185267619,Harness,1780,Pace,40164918,9,Highmoralground,LOSER,18.94,LOSER,4.45,377.85,22,14,19.5,16.64,226.45,720,8.4,720,34.55,63.28,396.16,,,,,,20,22,1.03,0.98
14/07/2021,9:18:00 PM,9:18:43 PM,Redcliffe,QLD,9,185267620,R9 1780m Pace M,185267621,Harness,1780,Pace,8970024,1,Star Of Wonder,LOSER,62.08,LOSER,3.88,83.9,80,22,55,60.64,40.16,720,20,410,63.16,12.83,153.8,7.8,3.85,4.3,4.94,251.92,70,100,1.02,0.98
14/07/2021,9:18:00 PM,9:18:43 PM,Redcliffe,QLD,9,185267620,R9 1780m Pace M,185267621,Harness,1780,Pace,18112976,2,Maghera Maggie,LOSER,110,LOSER,6.95,65.64,160,30,110,101.26,70.23,720,6.6,700,32.89,76.26,272.6,6.8,4.7,4.7,5.68,400,110,120,1.02,0.98
14/07/2021,9:18:00 PM,9:18:43 PM,Redcliffe,QLD,9,185267620,R9 1780m Pace M,185267621,Harness,1780,Pace,19796680,3,Tick Of The Clock,LOSER,7.53,LOSER,1.64,834.56,8.8,5.7,7.4,7.56,1292.42,720,3.25,490,7.08,299.12,919.16,1.78,1.61,1.61,1.67,184.18,7.4,8,1.02,0.98
14/07/2021,9:18:00 PM,9:18:43 PM,Redcliffe,QLD,9,185267620,R9 1780m Pace M,185267621,Harness,1780,Pace,11427350,4,Wild About Town,LOSER,150,WINNER,12.85,32.23,220,50,150,132.71,21.99,650,2.66,650,22.32,86.57,140.32,,,,,,140,150,1.02,0.98
14/07/2021,9:18:00 PM,9:18:43 PM,Redcliffe,QLD,9,185267620,R9 1780m Pace M,185267621,Harness,1780,Pace,24444122,5,Jamaican Resort,LOSER,62.56,LOSER,6.45,93.48,55,30,55,39.5,32.1,920,42,140,236.32,6.87,249.3,4.2,4.2,4.2,4.2,8,50,55,1.02,0.98
14/07/2021,9:18:00 PM,9:18:43 PM,Redcliffe,QLD,9,185267620,R9 1780m Pace M,185267621,Harness,1780,Pace,29806681,6,Cobbity Castle,LOSER,1.71,WINNER,1.18,4280.71,2.44,1.64,1.76,1.85,9952.29,270,1.56,130,2.05,3916.84,1612.74,1.21,1.11,1.2,1.15,1140.12,1.67,1.69,1.02,0.98
14/07/2021,9:18:00 PM,9:18:43 PM,Redcliffe,QLD,9,185267620,R9 1780m Pace M,185267621,Harness,1780,Pace,25249543,7,Bertils Firefox,LOSER,117.41,LOSER,6.5,70.56,110,29,110,57.53,43.07,930,25,930,95.92,16.08,218.27,5,5,5,5,12,80,110,1.02,0.98
14/07/2021,9:18:00 PM,9:18:43 PM,Redcliffe,QLD,9,185267620,R9 1780m Pace M,185267621,Harness,1780,Pace,22153130,8,Whata Reactor,WINNER,4.3,WINNER,1.4,1536.01,4.9,3.4,4.5,4.05,2241.75,24,1.01,1.01,1.52,3512.1,1157.03,1.58,1.35,1.35,1.42,351.82,4.5,4.7,1.02,0.98
14/07/2021,9:18:00 PM,9:18:43 PM,Redcliffe,QLD,9,185267620,R9 1780m Pace M,185267621,Harness,1780,Pace,38074775,9,Datsinahurri,LOSER,255.15,LOSER,19.86,61.88,340,75,330,222.45,16.94,720,170,700,553.81,0.82,80.26,28,19,19,21.25,0.08,200,320,1.02,0.98
14/07/2021,9:50:00 PM,9:51:33 PM,Redcliffe,QLD,10,185267622,R10 2040m Pace M,185267623,Harness,2040,Pace,40164919,1,Master Charles,WINNER,1.32,WINNER,1.12,17222.36,2.3,1.4,1.41,1.69,23882.28,1.59,1.01,1.01,1.22,20925.05,1786.76,1.2,1.08,1.13,1.14,10272.27,1.5,1.51,1.02,0.99
14/07/2021,9:50:00 PM,9:51:33 PM,Redcliffe,QLD,10,185267622,R10 2040m Pace M,185267623,Harness,2040,Pace,27259404,2,Valkyrie Hanover,LOSER,28.49,LOSER,2.94,267.98,36,19.5,25,25.18,128.74,720,26,490,62.19,16.21,639.4,3,2.84,2.98,2.9,8.93,19.5,23,1.02,0.99
14/07/2021,9:50:00 PM,9:51:33 PM,Redcliffe,QLD,10,185267622,R10 2040m Pace M,185267623,Harness,2040,Pace,36484050,3,Lil Miss Breezy,LOSER,38.91,WINNER,4.55,195.53,36,15,36,23.03,323.7,720,30,720,46.42,26.2,272.56,5.7,4,4.3,5.1,35.31,25,28,1.02,0.99
14/07/2021,9:50:00 PM,9:51:33 PM,Redcliffe,QLD,10,185267622,R10 2040m Pace M,185267623,Harness,2040,Pace,12807148,4,Kiss The Aviator,LOSER,24.41,LOSER,2.87,330.99,29,14,23,18.09,263.19,900,12,290,83.28,28.92,467.46,3.7,2.6,2.84,2.79,45.5,15.5,17.5,1.02,0.99
14/07/2021,9:50:00 PM,9:51:33 PM,Redcliffe,QLD,10,185267622,R10 2040m Pace M,185267623,Harness,2040,Pace,39867325,6,Singer Snap,LOSER,240.41,LOSER,315.4,43.8,710,95,710,176.61,30.84,720,240,700,483.57,1.38,0.07,960,13,100,14.87,18.14,210,310,1.02,0.99
14/07/2021,9:50:00 PM,9:51:33 PM,Redcliffe,QLD,10,185267622,R10 2040m Pace M,185267623,Harness,2040,Pace,28507032,7,Quick Classic,LOSER,7.8,WINNER,1.59,894.07,8.6,3.35,7.8,5.52,2567.75,110,5,110,17.76,110.39,934.72,1.99,1.17,1.56,1.56,520.12,7.8,8.2,1.02,0.99
14/07/2021,9:50:00 PM,9:51:33 PM,Redcliffe,QLD,10,185267622,R10 2040m Pace M,185267623,Harness,2040,Pace,38588100,8,Ashton River,LOSER,75,LOSER,4.93,113.56,85,20,85,35.42,409.03,720,9.6,720,52.36,18.7,408.64,5.3,4.3,5.3,4.7,229.02,48,50,1.02,0.99
14/07/2021,9:50:00 PM,9:51:33 PM,Redcliffe,QLD,10,185267622,R10 2040m Pace M,185267623,Harness,2040,Pace,40164920,9,Amelia Springfield,LOSER,27.91,LOSER,3.15,203.3,27,9.4,26,14.1,1069.02,720,27,720,51.48,21.35,719.31,3.45,2.58,3.25,3.08,180.67,22,24,1.02,0.99
15/07/2021,3:25:00 PM,3:25:45 PM,Addington,NZ,1,185287846,R1 1980m Pace M,185287847,Harness,1980,Pace,38904344,1,Journo,LOSER,,LOSER,,,60,28,60,33.34,22.31,,,,,,,,,,,,36,55,1.07,0.95
15/07/2021,3:25:00 PM,3:25:45 PM,Addington,NZ,1,185287846,R1 1980m Pace M,185287847,Harness,1980,Pace,23173703,2,Hello Adele,LOSER,,LOSER,,,210,42,150,142.69,0.7,,,,,,,,,,,,50,150,1.07,0.95
15/07/2021,3:25:00 PM,3:25:45 PM,Addington,NZ,1,185287846,R1 1980m Pace M,185287847,Harness,1980,Pace,37717801,3,Smooth Debate,LOSER,,LOSER,,,26,18,26,24.17,33.85,,,,,,,3.9,3.45,3.5,3.46,30.74,22,24,1.07,0.95
15/07/2021,3:25:00 PM,3:25:45 PM,Addington,NZ,1,185287846,R1 1980m Pace M,185287847,Harness,1980,Pace,5264370,4,Saginaw,LOSER,,LOSER,,,42,22,40,27.29,14.39,,,,,,,,,,,,29,44,1.07,0.95
15/07/2021,3:25:00 PM,3:25:45 PM,Addington,NZ,1,185287846,R1 1980m Pace M,185287847,Harness,1980,Pace,794834,5,Hands On,WINNER,,WINNER,,,46,32,44,39.47,18,,,,,,,,,,,,36,44,1.07,0.95
15/07/2021,3:25:00 PM,3:25:45 PM,Addington,NZ,1,185287846,R1 1980m Pace M,185287847,Harness,1980,Pace,40176117,6,A Guinness Dance,LOSER,,WINNER,,,13,9,9.4,10.09,239.43,,,,,,,2.7,2.14,2.7,2.14,3.75,9.4,10,1.07,0.95
15/07/2021,3:25:00 PM,3:25:45 PM,Addington,NZ,1,185287846,R1 1980m Pace M,185287847,Harness,1980,Pace,21754314,8,Spot On,LOSER,,WINNER,,,25,18,23,20.28,79.89,,,,,,,,,,,,19,23,1.07,0.95
15/07/2021,3:25:00 PM,3:25:45 PM,Addington,NZ,1,185287846,R1 1980m Pace M,185287847,Harness,1980,Pace,413604,9,American Outlaw,LOSER,,LOSER,,,12,6.2,9.6,8.91,243.98,,,,,,,2.24,2.2,2.2,2.2,56.81,8.4,10.5,1.07,0.95
15/07/2021,3:25:00 PM,3:25:45 PM,Addington,NZ,1,185287846,R1 1980m Pace M,185287847,Harness,1980,Pace,35454302,10,Sophia Bromac,LOSER,,LOSER,,,50,16,48,25.2,7.94,,,,,,,4.4,4.3,4.3,4.3,67.14,18.5,44,1.07,0.95
15/07/2021,3:25:00 PM,3:25:45 PM,Addington,NZ,1,185287846,R1 1980m Pace M,185287847,Harness,1980,Pace,40176118,11,Riveered,LOSER,,LOSER,,,1.98,1.62,1.62,1.72,3495.89,,,,,,,1.41,1.24,1.24,1.24,227.62,1.75,1.76,1.07,0.95
15/07/2021,3:25:00 PM,3:25:45 PM,Addington,NZ,1,185287846,R1 1980m Pace M,185287847,Harness,1980,Pace,16701023,12,Givemewhatineed,LOSER,,LOSER,,,260,46,140,63.59,11.14,,,,,,,,,,,,65,240,1.07,0.95
15/07/2021,3:59:00 PM,3:59:45 PM,Addington,NZ,2,185287848,R2 1980m Pace M,185287849,Harness,1980,Pace,6512774,1,Takemybreathaway,WINNER,,WINNER,,,5.8,3.6,5.8,4.72,911.26,,,,,,,2.44,1.82,1.82,1.91,1667.31,4.2,4.3,1.18,0.94
15/07/2021,3:59:00 PM,3:59:45 PM,Addington,NZ,2,185287848,R2 1980m Pace M,185287849,Harness,1980,Pace,37535398,2,The Terrorfier,LOSER,,LOSER,,,9.8,5.7,5.8,6.78,1010.36,,,,,,,2.76,2.46,2.48,2.68,27.16,6.4,6.6,1.18,0.94
15/07/2021,3:59:00 PM,3:59:45 PM,Addington,NZ,2,185287848,R2 1980m Pace M,185287849,Harness,1980,Pace,31375068,3,Reinimin Patron,LOSER,,WINNER,,,30,16,18.5,17.51,10.93,,,,,,,,,,,,16,34,1.18,0.94
15/07/2021,3:59:00 PM,3:59:45 PM,Addington,NZ,2,185287848,R2 1980m Pace M,185287849,Harness,1980,Pace,22032718,4,Pro Surfer,LOSER,,WINNER,,,13.5,8.8,12.5,11.03,577,,,,,,,3.7,3.3,3.3,3.44,112.82,10.5,12.5,1.18,0.94
15/07/2021,3:59:00 PM,3:59:45 PM,Addington,NZ,2,185287848,R2 1980m Pace M,185287849,Harness,1980,Pace,16593118,6,Rin Tin Tin,LOSER,,LOSER,,,13.5,5.1,6.4,7.25,1039.47,,,,,,,2.58,2.16,2.16,2.39,130.58,5.7,5.9,1.18,0.94
15/07/2021,3:59:00 PM,3:59:45 PM,Addington,NZ,2,185287848,R2 1980m Pace M,185287849,Harness,1980,Pace,24704601,7,Lincoln Skipper,LOSER,,LOSER,,,19.5,14,17.5,16.77,234.51,,,,,,,,,,,,17.5,19,1.18,0.94
15/07/2021,3:59:00 PM,3:59:45 PM,Addington,NZ,2,185287848,R2 1980m Pace M,185287849,Harness,1980,Pace,38031776,8,Shards Fury,LOSER,,LOSER,,,19,9.4,10,10.23,104.37,,,,,,,4,3.2,4,3.52,57.72,9.8,16,1.18,0.94
15/07/2021,3:59:00 PM,3:59:45 PM,Addington,NZ,2,185287848,R2 1980m Pace M,185287849,Harness,1980,Pace,18984340,9,Wee Ring The Changes,LOSER,,LOSER,,,19.5,9.6,13,12.91,54.26,,,,,,,4.2,2.88,4.2,3.58,21.35,13.5,19,1.18,0.94
15/07/2021,3:59:00 PM,3:59:45 PM,Addington,NZ,2,185287848,R2 1980m Pace M,185287849,Harness,1980,Pace,36781848,10,The Naenae Express,LOSER,,LOSER,,,27,8.2,11,11.5,132.9,12,11,11,11.22,21.93,,3.55,3.45,3.45,3.51,20,9,16.5,1.18,0.94
15/07/2021,3:59:00 PM,3:59:45 PM,Addington,NZ,2,185287848,R2 1980m Pace M,185287849,Harness,1980,Pace,17668218,11,Myrcella,LOSER,,LOSER,,,100,36,55,51,33.52,,,,,,,,,,,,36,55,1.18,0.94
15/07/2021,3:59:00 PM,3:59:45 PM,Addington,NZ,2,185287848,R2 1980m Pace M,185287849,Harness,1980,Pace,32353756,12,Von Art,LOSER,,LOSER,,,55,21,27,23.28,39.63,,,,,,,,,,,,20,70,1.18,0.94
15/07/2021,3:59:00 PM,3:59:45 PM,Addington,NZ,2,185287848,R2 1980m Pace M,185287849,Harness,1980,Pace,40176119,13,Honour Before Glory,LOSER,,LOSER,,,65,24,27,28.22,15.11,,,,,,,,,,,,34,60,1.18,0.94
15/07/2021,4:24:00 PM,4:25:01 PM,Addington,NZ,3,185287850,R3 2600m Trot S,185287851,Harness,2600,Trot,7695351,1,Gift Card,LOSER,,LOSER,,,330,65,80,82.21,11.19,,,,,,,,,,,,75,80,1.06,0.89
15/07/2021,4:24:00 PM,4:25:01 PM,Addington,NZ,3,185287850,R3 2600m Trot S,185287851,Harness,2600,Trot,36700113,2,Zealous Spur,LOSER,,WINNER,,,10.5,7,8.6,8.3,144.89,,,,,,,,,,,,8.4,10,1.06,0.89
15/07/2021,4:24:00 PM,4:25:01 PM,Addington,NZ,3,185287850,R3 2600m Trot S,185287851,Harness,2600,Trot,35921170,3,Call This Fun,LOSER,,LOSER,,,50,27,46,35.22,9.06,,,,,,,,,,,,29,50,1.06,0.89
15/07/2021,4:24:00 PM,4:25:01 PM,Addington,NZ,3,185287850,R3 2600m Trot S,185287851,Harness,2600,Trot,2512871,4,Sods Law,LOSER,,WINNER,,,38,16.5,18.5,19.87,61.36,,,,,,,4.2,4.2,4.2,4.2,0.14,19,21,1.06,0.89
15/07/2021,4:24:00 PM,4:25:01 PM,Addington,NZ,3,185287850,R3 2600m Trot S,185287851,Harness,2600,Trot,10311309,5,Michelle,LOSER,,LOSER,,,320,65,220,73.59,5.91,,,,,,,,,,,,75,200,1.06,0.89
15/07/2021,4:24:00 PM,4:25:01 PM,Addington,NZ,3,185287850,R3 2600m Trot S,185287851,Harness,2600,Trot,38388077,6,Luminosity,LOSER,,LOSER,,,34,22,26,25.99,17.64,,,,,,,5.1,4.2,4.2,4.69,36,25,38,1.06,0.89
15/07/2021,4:24:00 PM,4:25:01 PM,Addington,NZ,3,185287850,R3 2600m Trot S,185287851,Harness,2600,Trot,35460726,7,Fighting Fire,WINNER,,WINNER,,,3.65,2.62,2.9,2.82,527.56,,,,,,,2,1.65,1.66,1.69,50.19,3.2,3.75,1.06,0.89
15/07/2021,4:24:00 PM,4:25:01 PM,Addington,NZ,3,185287850,R3 2600m Trot S,185287851,Harness,2600,Trot,503633,8,Excuse My French,LOSER,,LOSER,,,15.5,5.6,11,9.65,67.4,,,,,,,,,,,,10.5,15,1.06,0.89
15/07/2021,4:24:00 PM,4:25:01 PM,Addington,NZ,3,185287850,R3 2600m Trot S,185287851,Harness,2600,Trot,21317247,9,Madeleine Stowe,LOSER,,LOSER,,,250,46,46,59.47,5.53,,,,,,,,,,,,42,55,1.06,0.89
15/07/2021,4:24:00 PM,4:25:01 PM,Addington,NZ,3,185287850,R3 2600m Trot S,185287851,Harness,2600,Trot,12624825,10,Sundons Flyer,LOSER,,LOSER,,,44,22,44,28.02,15.84,,,,,,,,,,,,42,44,1.06,0.89
15/07/2021,4:24:00 PM,4:25:01 PM,Addington,NZ,3,185287850,R3 2600m Trot S,185287851,Harness,2600,Trot,38335711,11,Hurricane Hill,LOSER,,LOSER,,,6,4.6,4.9,4.9,241.36,,,,,,,,,,,,4.6,5,1.06,0.89
15/07/2021,4:24:00 PM,4:25:01 PM,Addington,NZ,3,185287850,R3 2600m Trot S,185287851,Harness,2600,Trot,21164641,12,Rogie Falls,LOSER,,LOSER,,,20,18,19.5,18.62,7.8,,,,,,,4.3,2.88,4.3,2.9,10.14,19.5,20,1.06,0.89
15/07/2021,4:24:00 PM,4:25:01 PM,Addington,NZ,3,185287850,R3 2600m Trot S,185287851,Harness,2600,Trot,40176120,13,Moment Of Kaos,LOSER,,LOSER,,,320,65,70,82.1,6.02,,,,,,,,,,,,65,310,1.06,0.89
15/07/2021,4:24:00 PM,4:25:01 PM,Addington,NZ,3,185287850,R3 2600m Trot S,185287851,Harness,2600,Trot,40176121,14,Harry Potter,LOSER,,LOSER,,,27,17,19,20.9,24.6,,,,,,,5,5,5,5,30,19,21,1.06,0.89
15/07/2021,4:55:00 PM,4:57:44 PM,Addington,NZ,4,185287852,R4 2600m Pace S,185287853,Harness,2600,Pace,36214927,1,Boulton Home,LOSER,,LOSER,,,280,24,70,71.03,35.48,,,,,,,9.8,9.8,9.8,9.8,5,65,160,1.08,0.9
15/07/2021,4:55:00 PM,4:57:44 PM,Addington,NZ,4,185287852,R4 2600m Pace S,185287853,Harness,2600,Pace,27849029,2,Shes A Dagg,LOSER,,LOSER,,,20,9.6,11,11.33,96.46,,,,,,,3.15,3,3,3.03,42.66,10.5,16,1.08,0.9
15/07/2021,4:55:00 PM,4:57:44 PM,Addington,NZ,4,185287852,R4 2600m Pace S,185287853,Harness,2600,Pace,15724010,3,Scelta Uno,LOSER,,LOSER,,,28,16,18.5,18.87,68.73,,,,,,,4.3,3.85,4.3,4,60,18.5,28,1.08,0.9
15/07/2021,4:55:00 PM,4:57:44 PM,Addington,NZ,4,185287852,R4 2600m Pace S,185287853,Harness,2600,Pace,8934762,5,Take After Me,LOSER,,WINNER,,,21,13.5,14.5,15.23,123.62,,,,,,,3.7,3.65,3.65,3.69,50,16,23,1.08,0.9
15/07/2021,4:55:00 PM,4:57:44 PM,Addington,NZ,4,185287852,R4 2600m Pace S,185287853,Harness,2600,Pace,27713919,6,Vesnina,LOSER,,LOSER,,,7,4.4,4.4,5.06,499.97,,,,,,,2.1,1.96,2.1,1.99,58.36,4.4,4.6,1.08,0.9
15/07/2021,4:55:00 PM,4:57:44 PM,Addington,NZ,4,185287852,R4 2600m Pace S,185287853,Harness,2600,Pace,17202299,7,Jenabella,LOSER,,LOSER,,,15,9.8,10,12.13,266.35,,,,,,,,,,,,11,12,1.08,0.9
15/07/2021,4:55:00 PM,4:57:44 PM,Addington,NZ,4,185287852,R4 2600m Pace S,185287853,Harness,2600,Pace,36834310,8,Reflectionsofmylife,LOSER,,WINNER,,,27,16.5,18,18.19,57.38,,,,,,,4.3,4.3,4.3,4.3,5,17,24,1.08,0.9
15/07/2021,4:55:00 PM,4:57:44 PM,Addington,NZ,4,185287852,R4 2600m Pace S,185287853,Harness,2600,Pace,40176122,9,Sheeza Artist,WINNER,,WINNER,,,5.7,3.5,4.2,4.64,515.33,,,,,,,2.2,1.73,1.98,1.98,327.53,4.2,4.9,1.08,0.9
15/07/2021,4:55:00 PM,4:57:44 PM,Addington,NZ,4,185287852,R4 2600m Pace S,185287853,Harness,2600,Pace,24339324,10,Terrier,LOSER,,LOSER,,,34,13,22,18.64,25.34,,,,,,,4.7,3.7,4.7,4.69,14.13,18.5,22,1.08,0.9
15/07/2021,4:55:00 PM,4:57:44 PM,Addington,NZ,4,185287852,R4 2600m Pace S,185287853,Harness,2600,Pace,8691203,11,Aveross Rustler,LOSER,,LOSER,,,75,36,65,44.21,27.09,,,,,,,8.8,8.6,8.8,8.72,8.18,40,55,1.08,0.9
15/07/2021,4:55:00 PM,4:57:44 PM,Addington,NZ,4,185287852,R4 2600m Pace S,185287853,Harness,2600,Pace,8122314,12,Skidaddle,LOSER,,LOSER,,,8,5.5,7,6.35,107.84,,,,,,,2.5,2.04,2.5,2.19,14.76,6.2,7.2,1.08,0.9
15/07/2021,5:25:00 PM,5:25:56 PM,Addington,NZ,5,185287854,R5 2000m Pace S,185287855,Harness,2000,Pace,1455508,1,Socrates,LOSER,,WINNER,,,2.08,1.67,1.86,1.79,2833.62,,,,,,,1.42,1.42,1.42,1.42,28.31,1.71,1.86,1.1,0.94
15/07/2021,5:25:00 PM,5:25:56 PM,Addington,NZ,5,185287854,R5 2000m Pace S,185287855,Harness,2000,Pace,40176123,2,Searing Light,LOSER,,LOSER,,,200,65,70,113.05,14.91,,,,,,,,,,,,110,200,1.1,0.94
15/07/2021,5:25:00 PM,5:25:56 PM,Addington,NZ,5,185287854,R5 2000m Pace S,185287855,Harness,2000,Pace,2292288,3,Archie,LOSER,,LOSER,,,100,55,100,73.09,2.72,,,,,,,,,,,,70,100,1.1,0.94
15/07/2021,5:25:00 PM,5:25:56 PM,Addington,NZ,5,185287854,R5 2000m Pace S,185287855,Harness,2000,Pace,40176124,4,Red Right Hand,LOSER,,LOSER,,,7.8,4.9,6.4,6.18,1185.31,,,,,,,,,,,,6.4,6.8,1.1,0.94
15/07/2021,5:25:00 PM,5:25:56 PM,Addington,NZ,5,185287854,R5 2000m Pace S,185287855,Harness,2000,Pace,40176125,5,Mr Cash Man,LOSER,,LOSER,,,230,120,200,146.21,9.79,,,,,,,,,,,,120,200,1.1,0.94
15/07/2021,5:25:00 PM,5:25:56 PM,Addington,NZ,5,185287854,R5 2000m Pace S,185287855,Harness,2000,Pace,6953422,6,Proteus,WINNER,,WINNER,,,24,14.5,18,18.16,121.06,,,,,,,,,,,,15,17.5,1.1,0.94
15/07/2021,5:25:00 PM,5:25:56 PM,Addington,NZ,5,185287854,R5 2000m Pace S,185287855,Harness,2000,Pace,40176126,7,Yankee Jay,LOSER,,WINNER,,,27,13,21,18.35,64,,,,,,,,,,,,13,21,1.1,0.94
15/07/2021,5:25:00 PM,5:25:56 PM,Addington,NZ,5,185287854,R5 2000m Pace S,185287855,Harness,2000,Pace,7035632,8,Rocknroll Diva,LOSER,,LOSER,,,85,44,55,58.97,8.21,,,,,,,,,,,,40,80,1.1,0.94
15/07/2021,5:25:00 PM,5:25:56 PM,Addington,NZ,5,185287854,R5 2000m Pace S,185287855,Harness,2000,Pace,38014308,9,Classie Washington,LOSER,,LOSER,,,48,23,29,33.07,46.33,,,,,,,4.5,4.4,4.4,4.49,42.36,29,32,1.1,0.94
15/07/2021,5:25:00 PM,5:25:56 PM,Addington,NZ,5,185287854,R5 2000m Pace S,185287855,Harness,2000,Pace,40176127,10,White Star Orlando,LOSER,,LOSER,,,50,29,48,35.56,34.6,,,,,,,,,,,,34,48,1.1,0.94
15/07/2021,5:25:00 PM,5:25:56 PM,Addington,NZ,5,185287854,R5 2000m Pace S,185287855,Harness,2000,Pace,10625774,11,Black Lace,LOSER,,LOSER,,,300,130,300,164.92,7.99,,,,,,,,,,,,110,300,1.1,0.94
15/07/2021,5:25:00 PM,5:25:56 PM,Addington,NZ,5,185287854,R5 2000m Pace S,185287855,Harness,2000,Pace,40176128,12,Miss Markle,LOSER,,LOSER,,,130,42,130,61.66,10.33,,,,,,,,,,,,95,130,1.1,0.94
15/07/2021,5:25:00 PM,5:25:56 PM,Addington,NZ,5,185287854,R5 2000m Pace S,185287855,Harness,2000,Pace,40176129,13,Lancewood Louie,LOSER,,LOSER,,,19,10.5,17.5,16.51,66.24,,,,,,,3.35,3.35,3.35,3.35,0.16,13.5,20,1.1,0.94
15/07/2021,5:55:00 PM,5:55:43 PM,Addington,NZ,6,185287856,R6 1980m Pace M,185287857,Harness,1980,Pace,219682,1,Sugar Me,WINNER,,WINNER,,,5.4,3.45,4.2,3.79,664.19,,,,,,,1.99,1.63,1.99,1.96,597.33,3.6,4,1.07,0.91
15/07/2021,5:55:00 PM,5:55:43 PM,Addington,NZ,6,185287856,R6 1980m Pace M,185287857,Harness,1980,Pace,27132939,2,Down To The Bone,LOSER,,LOSER,,,18,10.5,12.5,13.41,209.69,,,,,,,3.6,3.6,3.6,3.6,10.13,15,17.5,1.07,0.91
15/07/2021,5:55:00 PM,5:55:43 PM,Addington,NZ,6,185287856,R6 1980m Pace M,185287857,Harness,1980,Pace,40176131,3,Smokin Annie,LOSER,,LOSER,,,110,50,110,57.51,10.51,,,,,,,,,,,,65,110,1.07,0.91
15/07/2021,5:55:00 PM,5:55:43 PM,Addington,NZ,6,185287856,R6 1980m Pace M,185287857,Harness,1980,Pace,24690157,4,Wecandream,LOSER,,LOSER,,,230,60,140,90.14,6.78,,,,,,,,,,,,65,290,1.07,0.91
15/07/2021,5:55:00 PM,5:55:43 PM,Addington,NZ,6,185287856,R6 1980m Pace M,185287857,Harness,1980,Pace,26790777,5,Rockntommy Rulz,LOSER,,LOSER,,,34,25,29,28.26,22.59,,,,,,,,,,,,34,44,1.07,0.91
15/07/2021,5:55:00 PM,5:55:43 PM,Addington,NZ,6,185287856,R6 1980m Pace M,185287857,Harness,1980,Pace,16921539,6,Copperhead Rose,LOSER,,LOSER,,,12.5,8.8,9.8,10.14,51.61,,,,,,,2.88,2.88,2.88,2.88,0.16,10,12,1.07,0.91
15/07/2021,5:55:00 PM,5:55:43 PM,Addington,NZ,6,185287856,R6 1980m Pace M,185287857,Harness,1980,Pace,375398,7,Mogul,LOSER,,LOSER,,,50,46,50,46.22,5.3,,,,,,,,,,,,42,70,1.07,0.91
15/07/2021,5:55:00 PM,5:55:43 PM,Addington,NZ,6,185287856,R6 1980m Pace M,185287857,Harness,1980,Pace,9723891,8,Somekindawonderful,LOSER,,WINNER,,,7.4,4,6.2,5.19,261.41,,,,,,,,,,,,5.3,7,1.07,0.91
15/07/2021,5:55:00 PM,5:55:43 PM,Addington,NZ,6,185287856,R6 1980m Pace M,185287857,Harness,1980,Pace,16806990,9,That Alexander Guy,LOSER,,LOSER,,,7.6,4.9,4.9,5.53,247.5,,,,,,,2.12,1.96,2,2.01,169.02,5.5,5.6,1.07,0.91
15/07/2021,5:55:00 PM,5:55:43 PM,Addington,NZ,6,185287856,R6 1980m Pace M,185287857,Harness,1980,Pace,40176132,10,Suzie Rocks,LOSER,,WINNER,,,7,5.5,6,5.99,125.34,,,,,,,,,,,,5.7,6.6,1.07,0.91
15/07/2021,6:28:00 PM,6:28:42 PM,Addington,NZ,7,185287858,R7 2600m Trot S,185287859,Harness,2600,Trot,22402341,1,Zsa Zoe,LOSER,,LOSER,,,40,18.5,24,25.86,24.42,,,,,,,7,7,7,7,0.15,32,40,1.03,0.94
15/07/2021,6:28:00 PM,6:28:42 PM,Addington,NZ,7,185287858,R7 2600m Trot S,185287859,Harness,2600,Trot,40176133,2,Boyz Invasion,LOSER,,LOSER,,,160,27,120,83.02,18.4,,,,,,,,,,,,90,170,1.03,0.94
15/07/2021,6:28:00 PM,6:28:42 PM,Addington,NZ,7,185287858,R7 2600m Trot S,185287859,Harness,2600,Trot,2951624,3,With Ice,LOSER,,WINNER,,,6,4.9,5,5.24,106.36,,,,,,,,,,,,5.2,5.8,1.03,0.94
15/07/2021,6:28:00 PM,6:28:42 PM,Addington,NZ,7,185287858,R7 2600m Trot S,185287859,Harness,2600,Trot,6020197,4,Chief Of Staff,WINNER,,WINNER,,,4.4,2.64,2.7,2.87,658.06,,,,,,,1.57,1.57,1.57,1.57,33,2.68,2.7,1.03,0.94
15/07/2021,6:28:00 PM,6:28:42 PM,Addington,NZ,7,185287858,R7 2600m Trot S,185287859,Harness,2600,Trot,4777149,5,Time In A Bottle,LOSER,,LOSER,,,6.6,5,5.5,5.42,220.58,,,,,,,,,,,,5,5.5,1.03,0.94
15/07/2021,6:28:00 PM,6:28:42 PM,Addington,NZ,7,185287858,R7 2600m Trot S,185287859,Harness,2600,Trot,10929767,6,Monkeys Way,LOSER,,LOSER,,,70,27,60,39.81,18.98,,,,,,,8.4,8.4,8.4,8.4,0.13,26,70,1.03,0.94
15/07/2021,6:28:00 PM,6:28:42 PM,Addington,NZ,7,185287858,R7 2600m Trot S,185287859,Harness,2600,Trot,19446615,7,Woodstone,LOSER,,LOSER,,,6.6,4,6,5.32,310.02,,,,,,,,,,,,5.5,5.9,1.03,0.94
15/07/2021,6:57:00 PM,6:57:58 PM,Addington,NZ,8,185287860,R8 1980m Pace M,185287861,Harness,1980,Pace,495482,1,Total Eclipse,LOSER,,LOSER,,,46,26,46,37.55,3.11,,,,,,,,,,,,44,46,1.1,0.88
15/07/2021,6:57:00 PM,6:57:58 PM,Addington,NZ,8,185287860,R8 1980m Pace M,185287861,Harness,1980,Pace,40176134,2,U R The One,LOSER,,LOSER,,,15,7.4,14.5,9.38,30.48,,,,,,,,,,,,9,14,1.1,0.88
15/07/2021,6:57:00 PM,6:57:58 PM,Addington,NZ,8,185287860,R8 1980m Pace M,185287861,Harness,1980,Pace,39601309,4,Tiger Taylor,WINNER,,WINNER,,,3.5,2.92,3.05,3.07,465.61,,,,,,,1.37,1.37,1.37,1.37,24.2,2.94,2.98,1.1,0.88
15/07/2021,6:57:00 PM,6:57:58 PM,Addington,NZ,8,185287860,R8 1980m Pace M,185287861,Harness,1980,Pace,39085655,5,Rosies Terror,LOSER,,LOSER,,,80,36,40,42.17,12.63,,,,,,,,,,,,38,42,1.1,0.88
15/07/2021,6:57:00 PM,6:57:58 PM,Addington,NZ,8,185287860,R8 1980m Pace M,185287861,Harness,1980,Pace,5823595,6,The Matriarch,LOSER,,LOSER,,,23,16,16,18.98,39.82,,,,,,,3.5,3.5,3.5,3.5,0.13,14.5,18,1.1,0.88
15/07/2021,6:57:00 PM,6:57:58 PM,Addington,NZ,8,185287860,R8 1980m Pace M,185287861,Harness,1980,Pace,39586501,7,Helen Of Troy,LOSER,,LOSER,,,19,12.5,13,13.25,74.99,,,,,,,2.86,2.6,2.86,2.6,15.16,13.5,18,1.1,0.88
15/07/2021,6:57:00 PM,6:57:58 PM,Addington,NZ,8,185287860,R8 1980m Pace M,185287861,Harness,1980,Pace,40176136,8,Sweet Affinity,LOSER,,WINNER,,,6.8,3.95,6.8,4.42,283.33,,,,,,,,,,,,4.4,6.8,1.1,0.88
15/07/2021,6:57:00 PM,6:57:58 PM,Addington,NZ,8,185287860,R8 1980m Pace M,185287861,Harness,1980,Pace,12742537,9,Daisy Duke,LOSER,,WINNER,,,6.4,4,4,4.72,166.62,,,,,,,1.71,1.71,1.71,1.71,0.29,4.3,5.9,1.1,0.88
15/07/2021,7:27:00 PM,7:27:51 PM,Addington,NZ,9,185287862,R9 1980m Pace M,185287863,Harness,1980,Pace,28091524,1,Markham Eyre,WINNER,,WINNER,,,8,5.1,5.7,6.23,686.23,,,,,,,2.28,2,2.2,2.04,56.11,5.9,7,1.07,0.95
15/07/2021,7:27:00 PM,7:27:51 PM,Addington,NZ,9,185287862,R9 1980m Pace M,185287863,Harness,1980,Pace,40176137,2,Serious Moonlite,LOSER,,WINNER,,,48,21,27,27.96,18,,,,,,,4.5,4.5,4.5,4.5,0.14,28,55,1.07,0.95
15/07/2021,7:27:00 PM,7:27:51 PM,Addington,NZ,9,185287862,R9 1980m Pace M,185287863,Harness,1980,Pace,73960,3,Five Star General,LOSER,,WINNER,,,2.82,1.58,1.62,1.65,6533.75,,,,,,,1.4,1.4,1.4,1.4,9.27,1.62,1.63,1.07,0.95
15/07/2021,7:27:00 PM,7:27:51 PM,Addington,NZ,9,185287862,R9 1980m Pace M,185287863,Harness,1980,Pace,37048698,4,Kowhai Magic,LOSER,,LOSER,,,34,12.5,27,20.88,46.1,,,,,,,2.92,2.92,2.92,2.92,10,23,26,1.07,0.95
15/07/2021,7:27:00 PM,7:27:51 PM,Addington,NZ,9,185287862,R9 1980m Pace M,185287863,Harness,1980,Pace,10337439,5,Songbird,LOSER,,LOSER,,,50,23,46,29.95,22,,,,,,,4.5,4.4,4.4,4.4,20.14,26,34,1.07,0.95
15/07/2021,7:27:00 PM,7:27:51 PM,Addington,NZ,9,185287862,R9 1980m Pace M,185287863,Harness,1980,Pace,11373220,6,Donegal Carrickfin,LOSER,,LOSER,,,320,150,320,191.76,6.02,,,,,,,,,,,,110,320,1.07,0.95
15/07/2021,7:27:00 PM,7:27:51 PM,Addington,NZ,9,185287862,R9 1980m Pace M,185287863,Harness,1980,Pace,13419460,7,Kansas City Jim,LOSER,,LOSER,,,320,75,140,137.06,6.53,,,,,,,,,,,,270,280,1.07,0.95
15/07/2021,7:27:00 PM,7:27:51 PM,Addington,NZ,9,185287862,R9 1980m Pace M,185287863,Harness,1980,Pace,2216049,8,Bolzano,LOSER,,LOSER,,,240,42,240,86.15,13.48,,,,,,,17,17,17,17,5.81,75,95,1.07,0.95
15/07/2021,7:27:00 PM,7:27:51 PM,Addington,NZ,9,185287862,R9 1980m Pace M,185287863,Harness,1980,Pace,27200767,9,Stephs Boy,LOSER,,LOSER,,,90,40,50,55.15,13.34,,,,,,,,,,,,60,85,1.07,0.95
15/07/2021,7:27:00 PM,7:27:51 PM,Addington,NZ,9,185287862,R9 1980m Pace M,185287863,Harness,1980,Pace,11129369,10,Invisible Girl,LOSER,,LOSER,,,250,46,250,97.9,19.1,,,,,,,7.4,7.4,7.4,7.4,5,90,140,1.07,0.95
15/07/2021,7:27:00 PM,7:27:51 PM,Addington,NZ,9,185287862,R9 1980m Pace M,185287863,Harness,1980,Pace,12747075,11,Honour Scroll,LOSER,,LOSER,,,480,130,450,324.98,10.43,,,,,,,,,,,,200,360,1.07,0.95
15/07/2021,7:27:00 PM,7:27:51 PM,Addington,NZ,9,185287862,R9 1980m Pace M,185287863,Harness,1980,Pace,38335722,12,Artatac,LOSER,,LOSER,,,28,16,22,20.85,49.44,,,,,,,3.35,3.35,3.35,3.35,4,19,32,1.07,0.95
15/07/2021,7:27:00 PM,7:27:51 PM,Addington,NZ,9,185287862,R9 1980m Pace M,185287863,Harness,1980,Pace,39375746,13,Fancy,LOSER,,LOSER,,,85,22,85,48.14,32,,,,,,,5.4,4.8,5.4,5.21,26,46,65,1.07,0.95
15/07/2021,7:27:00 PM,7:27:51 PM,Addington,NZ,9,185287862,R9 1980m Pace M,185287863,Harness,1980,Pace,40176138,14,Itz To The Macs,LOSER,,LOSER,,,50,27,50,39.62,8.44,,,,,,,,,,,,34,46,1.07,0.95
15/07/2021,5:27:00 PM,5:27:59 PM,Echuca,VIC,1,185287710,R1 1755m Pace M,185287711,Harness,1755,Pace,32830288,1,After The Chase,LOSER,2.09,WINNER,1.22,2253.49,3.6,1.98,2.06,2.19,11917.28,60,2.08,60,3.28,1243.36,1596.29,1.27,1.17,1.21,1.19,736.49,1.99,2.04,1.02,0.98
15/07/2021,5:27:00 PM,5:27:59 PM,Echuca,VIC,1,185287710,R1 1755m Pace M,185287711,Harness,1755,Pace,28719447,2,Tearsonmypillow,LOSER,275.48,LOSER,18.47,32.54,280,110,260,173.41,27.74,720,55,55,156.48,16.88,51.11,26,14.5,24,21.51,99.69,220,260,1.02,0.98
15/07/2021,5:27:00 PM,5:27:59 PM,Echuca,VIC,1,185287710,R1 1755m Pace M,185287711,Harness,1755,Pace,23826362,3,Yesmissjane,LOSER,34,LOSER,5.53,201.15,34,6,34,19.04,483.69,890,32,150,140.82,48.47,350.5,4,2.82,3.75,3.44,228.06,25,28,1.02,0.98
15/07/2021,5:27:00 PM,5:27:59 PM,Echuca,VIC,1,185287710,R1 1755m Pace M,185287711,Harness,1755,Pace,28763128,4,Bonny Taylah,LOSER,97.08,LOSER,8.53,79.25,190,70,95,93.27,47.23,1000,25,1000,137.09,29.2,172.99,9.2,7.4,7.8,8.1,41.54,85,95,1.02,0.98
15/07/2021,5:27:00 PM,5:27:59 PM,Echuca,VIC,1,185287710,R1 1755m Pace M,185287711,Harness,1755,Pace,26827474,5,Western Ricki,WINNER,4.8,WINNER,1.48,1097.45,4.9,3.05,4.7,4.2,4440.37,4.8,1.01,1.01,1.73,2683.11,1084.68,1.68,1.29,1.48,1.42,3277.78,4.6,4.8,1.02,0.98
15/07/2021,5:27:00 PM,5:27:59 PM,Echuca,VIC,1,185287710,R1 1755m Pace M,185287711,Harness,1755,Pace,35727446,6,Beach Time,LOSER,90.02,LOSER,9.6,69.44,150,44,110,81.71,50.33,950,75,950,184.49,15.28,132.84,8.4,7.8,8.4,8.21,42.62,90,110,1.02,0.98
15/07/2021,5:27:00 PM,5:27:59 PM,Echuca,VIC,1,185287710,R1 1755m Pace M,185287711,Harness,1755,Pace,200824,7,Wild Imagination,LOSER,3.97,WINNER,1.54,2694.55,7.2,3.85,4.9,5.46,1683.77,720,3.7,720,5.02,1595.94,1452.09,1.65,1.4,1.53,1.54,1878.41,5.2,5.5,1.02,0.98
15/07/2021,5:27:00 PM,5:27:59 PM,Echuca,VIC,1,185287710,R1 1755m Pace M,185287711,Harness,1755,Pace,12785284,9,Hayjoshandco,LOSER,27.31,LOSER,3.31,201.79,30,22,27,24.15,377.6,900,7.4,900,47.34,57.42,553.8,4.2,3,3.05,3.2,70.99,24,26,1.02,0.98
15/07/2021,6:00:00 PM,6:02:16 PM,Echuca,VIC,2,185287712,R2 1755m Pace M,185287713,Harness,1755,Pace,39242350,1,Major Zone,LOSER,7.4,LOSER,1.83,1383.71,10,5.9,7.8,7.82,2038.88,720,2.52,280,4.97,475.88,998.15,2.02,1.75,1.82,1.84,2251.07,7.8,6.4,1.03,1.01
15/07/2021,6:00:00 PM,6:02:16 PM,Echuca,VIC,2,185287712,R2 1755m Pace M,185287713,Harness,1755,Pace,36513859,2,Desire To Live,LOSER,230,WINNER,11.29,58.4,230,75,200,142.94,82.7,720,25,720,100.7,55.45,189.52,12,9.4,11.5,11.3,45.88,150,190,1.03,1.01
15/07/2021,6:00:00 PM,6:02:16 PM,Echuca,VIC,2,185287712,R2 1755m Pace M,185287713,Harness,1755,Pace,857388,4,Headbanger,WINNER,1.6,WINNER,1.27,4746.71,1.81,1.51,1.63,1.67,19628.93,2.2,1.01,1.01,1.45,4808.6,1367.76,1.3,1.15,1.29,1.26,938.1,1.62,1.67,1.03,1.01
15/07/2021,6:00:00 PM,6:02:16 PM,Echuca,VIC,2,185287712,R2 1755m Pace M,185287713,Harness,1755,Pace,39657713,5,Wemen Bella,LOSER,53.09,LOSER,6.4,233.36,120,48,48,64.04,156.56,720,17.5,710,51.91,33,210.93,6.4,5.2,6.4,5.73,89.71,55,60,1.03,1.01
15/07/2021,6:00:00 PM,6:02:16 PM,Echuca,VIC,2,185287712,R2 1755m Pace M,185287713,Harness,1755,Pace,28416894,6,Ire Of The Dragon,LOSER,120,LOSER,9.12,107.56,460,75,95,96.33,50.52,720,55,720,176.31,11.23,147.37,7.2,7.2,7.2,7.2,9.76,75,90,1.03,1.01
15/07/2021,6:00:00 PM,6:02:16 PM,Echuca,VIC,2,185287712,R2 1755m Pace M,185287713,Harness,1755,Pace,4531827,7,Cutty Sark,LOSER,7.56,LOSER,2.39,982.07,18,7,8.2,9.89,3690.19,720,5.6,720,18.09,142.12,1186.6,4.4,1.74,3.15,2,1158.47,7.2,7.8,1.03,1.01
15/07/2021,6:00:00 PM,6:02:16 PM,Echuca,VIC,2,185287712,R2 1755m Pace M,185287713,Harness,1755,Pace,40173354,8,Wendys Watching,LOSER,23.68,LOSER,3.48,416.72,38,22,27,24.9,502.21,1000,3.4,1000,21.23,163.21,190.43,4.1,3.2,3.4,3.29,17.22,26,29,1.03,1.01
15/07/2021,6:00:00 PM,6:02:16 PM,Echuca,VIC,2,185287712,R2 1755m Pace M,185287713,Harness,1755,Pace,40173355,9,Niki Nah Nah,LOSER,16.32,WINNER,2.21,311.37,16,7.8,16,11.84,1059.28,1000,3.35,1000,22.47,78.56,800.85,2.44,1.86,2.22,2.24,906.24,14.5,16,1.03,1.01
15/07/2021,6:32:00 PM,6:33:05 PM,Echuca,VIC,3,185287714,R3 1755m Pace M,185287715,Harness,1755,Pace,39722638,1,No Neigh Philtra,LOSER,5.86,WINNER,2.42,1031.02,10.5,5.1,6,5.98,1719.29,990,1.86,990,10.29,509.46,1113.57,2.6,2.4,2.44,2.48,321.96,6.4,6.8,1.03,0.98
15/07/2021,6:32:00 PM,6:33:05 PM,Echuca,VIC,3,185287714,R3 1755m Pace M,185287715,Harness,1755,Pace,40050401,2,Roll With Ron,LOSER,21.29,LOSER,6.5,318.57,28,16.5,22,20.38,302.68,1000,27,1000,89.78,47.01,255.3,6.8,4.9,6.2,5.89,67.74,20,22,1.03,0.98
15/07/2021,6:32:00 PM,6:33:05 PM,Echuca,VIC,3,185287714,R3 1755m Pace M,185287715,Harness,1755,Pace,40173356,3,Trumpys Legend,LOSER,70,LOSER,25,112.01,110,65,75,78.33,42.19,940,95,170,246.58,12.61,71.7,25,17,25,24.67,1.92,70,90,1.03,0.98
15/07/2021,6:32:00 PM,6:33:05 PM,Echuca,VIC,3,185287714,R3 1755m Pace M,185287715,Harness,1755,Pace,39803071,5,Ozzie Joy,WINNER,2.8,WINNER,1.85,1832.94,3.3,2.06,2.84,2.78,9683.86,2.82,1.01,1.01,1.43,4470.25,738.95,2.12,1.77,1.77,1.81,464.36,2.74,2.8,1.03,0.98
15/07/2021,6:32:00 PM,6:33:05 PM,Echuca,VIC,3,185287714,R3 1755m Pace M,185287715,Harness,1755,Pace,40173358,6,Classically Smooth,LOSER,6.78,LOSER,3.28,646.58,8,4.7,6.4,6.25,1643.88,720,3.1,530,12.1,326.28,524.58,3.6,2.92,3.3,3.08,92.51,6,6.4,1.03,0.98
15/07/2021,6:32:00 PM,6:33:05 PM,Echuca,VIC,3,185287714,R3 1755m Pace M,185287715,Harness,1755,Pace,39519147,7,Pas Guarantee,LOSER,3.7,LOSER,1.88,1543.58,5.8,3.35,3.65,3.87,4254.14,110,3.3,70,5.96,403.68,1491.27,2,1.88,1.9,1.93,713.06,3.7,3.9,1.03,0.98
15/07/2021,6:32:00 PM,6:33:05 PM,Echuca,VIC,3,185287714,R3 1755m Pace M,185287715,Harness,1755,Pace,40173359,8,Racing Time,LOSER,142.27,LOSER,44.26,78.67,250,75,210,140.69,60.44,950,140,950,367.27,5.46,45.9,38,38,38,38,10,150,190,1.03,0.98
15/07/2021,7:00:00 PM,7:00:27 PM,Echuca,VIC,4,185287716,R4 2130m Trot S,185287717,Harness,2130,Trot,400781,1,Partytime,WINNER,9.27,WINNER,3.88,436.05,9.8,6.8,9.2,8.53,233.91,9,1.01,1.01,1.69,4212.22,424.06,3.4,2.96,3.4,3.18,4,7.8,9,1.03,0.95
15/07/2021,7:00:00 PM,7:00:27 PM,Echuca,VIC,4,185287716,R4 2130m Trot S,185287717,Harness,2130,Trot,19861994,2,One Muscle Hill,LOSER,5.4,WINNER,2.97,822.34,8.8,5.2,5.4,5.87,1164.4,490,4.8,490,7.18,561.47,559.54,3.75,3.75,3.75,3.75,0.71,5.3,5.6,1.03,0.95
15/07/2021,7:00:00 PM,7:00:27 PM,Echuca,VIC,4,185287716,R4 2130m Trot S,185287717,Harness,2130,Trot,16922389,3,Regal Assassin,LOSER,14.72,LOSER,4.7,401.4,15.5,11,15,13.13,169.35,720,5.1,720,16.45,275.87,198.2,5.1,4.5,5,4.89,133.2,13,14,1.03,0.95
15/07/2021,7:00:00 PM,7:00:27 PM,Echuca,VIC,4,185287716,R4 2130m Trot S,185287717,Harness,2130,Trot,24783796,4,Aldebaran Jaytee,LOSER,7.81,LOSER,3.56,488.82,9.2,6.6,7.8,7.52,604.09,720,6.8,490,16.05,99.78,496.86,4.4,3.35,3.35,3.53,1.29,6.6,7.2,1.03,0.95
15/07/2021,7:00:00 PM,7:00:27 PM,Echuca,VIC,4,185287716,R4 2130m Trot S,185287717,Harness,2130,Trot,37081792,5,Lexington Queen,LOSER,5.28,LOSER,2.74,591.19,6.6,4.5,5.6,5.07,1557.18,720,2.18,680,4.58,684.49,516.67,2.54,2.48,2.54,2.52,5.08,4.7,5.2,1.03,0.95
15/07/2021,7:00:00 PM,7:00:27 PM,Echuca,VIC,4,185287716,R4 2130m Trot S,185287717,Harness,2130,Trot,28003447,6,Lunchwitharthur,LOSER,4.37,LOSER,2.58,1042.42,5.6,2.92,4.3,4.48,2409.11,720,2.68,440,11.17,320.44,315.36,2.52,2.52,2.52,2.52,18.62,5.2,5.6,1.03,0.95
15/07/2021,7:00:00 PM,7:00:27 PM,Echuca,VIC,4,185287716,R4 2130m Trot S,185287717,Harness,2130,Trot,21771270,7,Aldebaran Poppy,LOSER,12.21,LOSER,6.1,308.82,15,10,11.5,11.97,341.38,720,4.2,690,8.18,244.56,269.86,4.4,4.4,4.4,4.4,0.12,12,12.5,1.03,0.95
15/07/2021,7:30:00 PM,7:31:04 PM,Echuca,VIC,5,185287718,R5 2160m Pace M,185287719,Harness,2160,Pace,37425494,1,Changeover Girl,LOSER,5.9,WINNER,2.31,772.77,8.6,3.7,5.9,6.42,2595.98,720,2.02,710,6.8,319.91,724.51,2.36,1.62,2.24,2.11,266.53,7.8,8.8,1.02,0.97
15/07/2021,7:30:00 PM,7:31:04 PM,Echuca,VIC,5,185287718,R5 2160m Pace M,185287719,Harness,2160,Pace,24690745,2,Speed Dating,LOSER,25.27,WINNER,5.06,162.83,30,16.5,29,20.13,245.85,720,5,720,11.12,189.66,379.42,4.6,3.8,3.95,4.04,153.38,20,21,1.02,0.97
15/07/2021,7:30:00 PM,7:31:04 PM,Echuca,VIC,5,185287718,R5 2160m Pace M,185287719,Harness,2160,Pace,11613527,3,Hard Rock Shannon,LOSER,16.97,LOSER,3.85,328.89,46,17,17.5,20.38,412.58,720,4.4,490,8.06,380.49,461.52,3.95,3.7,3.7,3.83,0.27,18.5,21,1.02,0.97
15/07/2021,7:30:00 PM,7:31:04 PM,Echuca,VIC,5,185287718,R5 2160m Pace M,185287719,Harness,2160,Pace,3652634,4,Magic Mike,LOSER,5.25,LOSER,1.97,825.23,6.8,4.7,5.2,5.24,2793.58,1000,5.2,1000,18.36,381.56,1445.23,2.24,1.61,2.06,1.73,410.49,4.7,4.9,1.02,0.97
15/07/2021,7:30:00 PM,7:31:04 PM,Echuca,VIC,5,185287718,R5 2160m Pace M,185287719,Harness,2160,Pace,10811566,5,Beach Goddess,LOSER,66.61,LOSER,14.49,85.68,90,40,60,69.29,251.36,780,22,780,81.95,19.91,51.67,,,,,,46,50,1.02,0.97
15/07/2021,7:30:00 PM,7:31:04 PM,Echuca,VIC,5,185287718,R5 2160m Pace M,185287719,Harness,2160,Pace,19351802,6,The Last Chance,WINNER,2.08,WINNER,1.57,4995.99,2.78,2.16,2.26,2.31,12795.11,3,1.01,1.01,1.81,5520.67,1041.52,1.39,1.28,1.39,1.35,1137.25,2.3,2.32,1.02,0.97
15/07/2021,7:30:00 PM,7:31:04 PM,Echuca,VIC,5,185287718,R5 2160m Pace M,185287719,Harness,2160,Pace,9609035,7,Showgun Thomas,LOSER,16.66,LOSER,4,230.95,26,15.5,20,18.74,736.18,720,19,490,43.85,45.45,462.22,4.5,3.3,3.5,3.62,166.25,17.5,21,1.02,0.97
15/07/2021,7:30:00 PM,7:31:04 PM,Echuca,VIC,5,185287718,R5 2160m Pace M,185287719,Harness,2160,Pace,8761812,8,Duke Jujon,LOSER,143.99,LOSER,16.05,111.24,140,36,140,89.24,148.27,720,44,720,103.85,16.44,85.94,16,15,15,15.73,71.86,85,95,1.02,0.97
15/07/2021,7:30:00 PM,7:31:04 PM,Echuca,VIC,5,185287718,R5 2160m Pace M,185287719,Harness,2160,Pace,16195376,9,Ideal Suspect,LOSER,22.11,LOSER,4.3,364.31,29,14.5,23,22.35,186.65,720,11,710,35.99,31.28,416.37,,,,,,20,21,1.02,0.97
15/07/2021,8:00:00 PM,8:00:47 PM,Echuca,VIC,6,185287720,R6 2160m Pace M,185287721,Harness,2160,Pace,27259412,1,Wheres Wood Wood,LOSER,5.07,LOSER,2.37,1053.02,5.3,3.2,4.8,4.34,4906.89,710,2.04,490,4.54,650.23,791.41,2.6,1.54,1.94,1.8,317.37,4.7,5.1,1.03,0.96
15/07/2021,8:00:00 PM,8:00:47 PM,Echuca,VIC,6,185287720,R6 2160m Pace M,185287721,Harness,2160,Pace,28863283,2,Misskontiki,LOSER,107.39,LOSER,7.39,142.83,200,32,160,105.19,77.3,950,100,950,133.76,34.09,215.29,12,6.8,10.5,10.02,131.98,140,200,1.03,0.96
15/07/2021,8:00:00 PM,8:00:47 PM,Echuca,VIC,6,185287720,R6 2160m Pace M,185287721,Harness,2160,Pace,775023,3,Tropical Storm,WINNER,12.61,WINNER,3.39,529.22,29,12.5,14,16.91,491.1,13,1.01,1.01,1.99,1475.07,982.53,4.6,3.25,3.7,3.71,301.57,13.5,14,1.03,0.96
15/07/2021,8:00:00 PM,8:00:47 PM,Echuca,VIC,6,185287720,R6 2160m Pace M,185287721,Harness,2160,Pace,36430693,4,Attention Seeking,LOSER,10.49,LOSER,3.8,591.37,21,11,11,14.25,576.22,900,6.4,420,18.28,275.87,263.12,3.5,3.4,3.5,3.44,8.67,12,13.5,1.03,0.96
15/07/2021,8:00:00 PM,8:00:47 PM,Echuca,VIC,6,185287720,R6 2160m Pace M,185287721,Harness,2160,Pace,23485102,5,Tryna Portray,LOSER,32.6,LOSER,8.65,213.79,75,28,36,47.97,117.77,920,32,740,96.02,33.65,184.73,,,,,,42,50,1.03,0.96
15/07/2021,8:00:00 PM,8:00:47 PM,Echuca,VIC,6,185287720,R6 2160m Pace M,185287721,Harness,2160,Pace,36758095,6,Yellow Stone,LOSER,3.68,LOSER,1.8,1489.05,4,2.4,3.7,3.44,3635.07,720,3.25,140,8.12,448.45,758.79,1.76,1.37,1.75,1.53,329.68,3.7,3.8,1.03,0.96
15/07/2021,8:00:00 PM,8:00:47 PM,Echuca,VIC,6,185287720,R6 2160m Pace M,185287721,Harness,2160,Pace,28719482,7,Payup Orleave,LOSER,11,WINNER,3.7,535.07,32,10.5,11.5,15.12,1123.55,710,11,710,37.76,102.75,425.86,4.6,3.05,3.6,3.8,218.96,11.5,13,1.03,0.96
15/07/2021,8:00:00 PM,8:00:47 PM,Echuca,VIC,6,185287720,R6 2160m Pace M,185287721,Harness,2160,Pace,40040634,8,Gotonebettor,LOSER,9.09,LOSER,3.26,724.85,10,8,9.6,9.17,707.64,720,5,280,15.73,297.41,324.18,2.94,2.42,2.62,2.62,50.57,9.6,10,1.03,0.96
15/07/2021,8:00:00 PM,8:00:47 PM,Echuca,VIC,6,185287720,R6 2160m Pace M,185287721,Harness,2160,Pace,28101804,9,Lonestar Lad,LOSER,12.95,WINNER,4.1,502.28,60,11.5,13.5,22.05,619.6,170,2.58,170,14.11,124.93,285.66,6.8,3.9,4.4,4.65,88.21,14,15,1.03,0.96
15/07/2021,8:00:00 PM,8:00:47 PM,Echuca,VIC,6,185287720,R6 2160m Pace M,185287721,Harness,2160,Pace,15172111,10,Spencer,LOSER,11.75,LOSER,3.45,762.8,18.5,10.5,13,11.69,557.12,480,3.1,480,10.32,217.58,479.48,3.75,2.8,3.15,3,114.96,10.5,11.5,1.03,0.96
15/07/2021,8:30:00 PM,8:30:45 PM,Echuca,VIC,7,185287722,R7 2160m Pace M,185287723,Harness,2160,Pace,21754574,1,Crossroader,LOSER,33.04,WINNER,4.73,181.08,36,16.5,36,25.4,176.31,660,2.22,660,28.67,54.44,266.73,4.9,4.4,4.6,4.69,108.75,32,29,1.01,0.99
15/07/2021,8:30:00 PM,8:30:45 PM,Echuca,VIC,7,185287722,R7 2160m Pace M,185287723,Harness,2160,Pace,21733021,3,Imapest,LOSER,129.75,LOSER,11,54.85,160,70,140,121.84,90.54,620,60,620,156.85,3.06,145.12,12.5,8.2,11,10.1,71.99,130,150,1.01,0.99
15/07/2021,8:30:00 PM,8:30:45 PM,Echuca,VIC,7,185287722,R7 2160m Pace M,185287723,Harness,2160,Pace,4350220,4,Rock The Nation,LOSER,1.99,WINNER,1.3,2749.59,2.7,1.79,1.94,2,16845.38,3.5,1.03,1.09,1.93,4108.07,1212.91,1.35,1.24,1.3,1.28,618.62,1.92,1.94,1.01,0.99
15/07/2021,8:30:00 PM,8:30:45 PM,Echuca,VIC,7,185287722,R7 2160m Pace M,185287723,Harness,2160,Pace,24690746,5,Galactic Gal,LOSER,9.15,LOSER,2.72,556.54,17.5,6.2,9.6,11.46,487.67,420,6.2,420,20.7,134.34,599.43,3.8,2.66,2.66,2.73,83.09,11.5,12,1.01,0.99
15/07/2021,8:30:00 PM,8:30:45 PM,Echuca,VIC,7,185287722,R7 2160m Pace M,185287723,Harness,2160,Pace,21444769,6,Clem Mcardle,LOSER,30.95,LOSER,4.36,301.89,29,17,22,21.34,141.8,490,14.5,300,28.13,108.62,375.72,4.7,3.85,4.5,4.4,9.8,22,23,1.01,0.99
15/07/2021,8:30:00 PM,8:30:45 PM,Echuca,VIC,7,185287722,R7 2160m Pace M,185287723,Harness,2160,Pace,24742754,7,No Nay Never,WINNER,12.85,WINNER,2.72,394.53,17.5,9.8,12.5,11.3,820.9,30,9.4,14.5,14.55,71.17,671.42,2.94,2.38,2.38,2.4,22.76,11,12,1.01,0.99
15/07/2021,8:30:00 PM,8:30:45 PM,Echuca,VIC,7,185287722,R7 2160m Pace M,185287723,Harness,2160,Pace,18356848,8,Lara Bay,LOSER,12,LOSER,2.9,404.44,13.5,6.6,12,9.98,789.58,170,4,110,6.96,235.15,468.33,3.15,2.7,2.7,2.88,2.57,12.5,13,1.01,0.99
15/07/2021,8:30:00 PM,8:30:45 PM,Echuca,VIC,7,185287722,R7 2160m Pace M,185287723,Harness,2160,Pace,25736864,9,Roslyn Gaye,LOSER,33.75,LOSER,4.46,304.4,38,15,28,20.8,257.54,720,16.5,300,34.94,94.82,393.09,5,4.2,4.2,4.58,9.65,23,24,1.01,0.99
15/07/2021,8:30:00 PM,8:30:45 PM,Echuca,VIC,7,185287722,R7 2160m Pace M,185287723,Harness,2160,Pace,24444141,11,Hancocks Hero,LOSER,7.96,LOSER,2.34,923.48,18.5,8.8,9.6,10.41,1575.46,890,6.4,550,14.8,408.27,503.14,2.38,2.32,2.36,2.32,170.96,9.4,9.8,1.01,0.99
15/07/2021,9:00:00 PM,9:00:54 PM,Echuca,VIC,8,185287724,R8 1755m Pace M,185287725,Harness,1755,Pace,22821932,2,Madam Reactor,WINNER,2.26,WINNER,1.31,4003.72,3.1,2.2,2.36,2.55,8276.18,13.5,1.01,1.01,3,3613.51,789.99,1.45,1.2,1.23,1.29,909.2,2.58,2.64,1.03,0.98
15/07/2021,9:00:00 PM,9:00:54 PM,Echuca,VIC,8,185287724,R8 1755m Pace M,185287725,Harness,1755,Pace,11229447,3,Artizz,LOSER,90,WINNER,13.55,108.4,180,85,150,118.05,41.05,720,24,720,81.64,21.86,34.83,7.8,7.2,7.8,7.53,40,85,110,1.03,0.98
15/07/2021,9:00:00 PM,9:00:54 PM,Echuca,VIC,8,185287724,R8 1755m Pace M,185287725,Harness,1755,Pace,40173362,4,Our Art Work,LOSER,38,LOSER,5.16,213.96,55,22,50,37.02,241.29,720,4.2,720,23.79,145.8,187.62,5,3.7,4.8,4.32,31.3,34,42,1.03,0.98
15/07/2021,9:00:00 PM,9:00:54 PM,Echuca,VIC,8,185287724,R8 1755m Pace M,185287725,Harness,1755,Pace,25394018,5,Life Gets Better,LOSER,6.33,WINNER,1.69,669.6,6,4,6,4.57,2181.2,720,3.25,720,7.57,180.7,834.66,2,1.5,1.54,1.55,432.01,4.4,4.6,1.03,0.98
15/07/2021,9:00:00 PM,9:00:54 PM,Echuca,VIC,8,185287724,R8 1755m Pace M,185287725,Harness,1755,Pace,38707055,6,Presidentslastlady,LOSER,3.92,WINNER,1.52,1093.13,5.5,3.4,3.85,3.77,4489.76,140,2.04,140,4.35,449.95,790.36,1.72,1.41,1.53,1.48,339.39,3.75,3.85,1.03,0.98
15/07/2021,9:00:00 PM,9:00:54 PM,Echuca,VIC,8,185287724,R8 1755m Pace M,185287725,Harness,1755,Pace,9168508,7,Fleeting Grin,LOSER,134.36,LOSER,810,80.35,310,100,310,161.72,36.73,970,70,970,218.1,27.07,0.02,810,10,810,10.8,20.02,130,230,1.03,0.98
15/07/2021,9:00:00 PM,9:00:54 PM,Echuca,VIC,8,185287724,R8 1755m Pace M,185287725,Harness,1755,Pace,16563336,8,Fantasy Beach,LOSER,13.5,LOSER,2.94,418.25,16.5,10.5,14,14.66,1152.86,720,4.2,720,11.09,134.55,322.19,3.05,2.62,2.7,2.68,201.63,14.5,15.5,1.03,0.98
15/07/2021,9:00:00 PM,9:00:54 PM,Echuca,VIC,8,185287724,R8 1755m Pace M,185287725,Harness,1755,Pace,12153703,9,Lagom,LOSER,35.47,LOSER,6.4,282.18,55,18.5,55,33.09,343.5,720,14,720,36.51,44.44,122.27,5.1,4.6,4.6,4.8,25.13,32,38,1.03,0.98
15/07/2021,9:34:00 PM,9:34:44 PM,Echuca,VIC,9,185287726,R9 2160m Pace M,185287727,Harness,2160,Pace,39858991,1,Billabong Madi,LOSER,147.36,LOSER,16.01,78.29,240,85,130,106.41,47.24,400,85,400,265.15,2.13,117.45,11,8,8,9.27,36.13,85,260,1.06,0.96
15/07/2021,9:34:00 PM,9:34:44 PM,Echuca,VIC,9,185287726,R9 2160m Pace M,185287727,Harness,2160,Pace,39141805,2,Noble Julia,LOSER,35.8,LOSER,7.8,120.74,85,36,36,44.11,84.65,150,4.2,150,16.61,77.06,205.63,6.8,6,6.8,6.7,8.08,40,55,1.06,0.96
15/07/2021,9:34:00 PM,9:34:44 PM,Echuca,VIC,9,185287726,R9 2160m Pace M,185287727,Harness,2160,Pace,26105202,3,Shady Jess,LOSER,7.99,WINNER,2.05,716.34,9.4,5.9,7.2,6.97,2065.73,720,1.4,490,6.24,401.39,203.33,2.78,1.86,1.88,1.89,345.68,6.6,6.8,1.06,0.96
15/07/2021,9:34:00 PM,9:34:44 PM,Echuca,VIC,9,185287726,R9 2160m Pace M,185287727,Harness,2160,Pace,368071,4,Lethal Lover,WINNER,4.64,WINNER,1.9,1055.7,5.5,3.8,5,4.95,916.14,15.5,1.01,1.02,2.19,1346.55,676.57,2.04,2.04,2.04,2.04,0.52,4.5,5.3,1.06,0.96
15/07/2021,9:34:00 PM,9:34:44 PM,Echuca,VIC,9,185287726,R9 2160m Pace M,185287727,Harness,2160,Pace,24051147,5,Falling Shards,LOSER,3.29,WINNER,1.5,1443.02,4.3,2.94,3.25,3.27,3414,720,3.15,490,5.33,710.44,1232.81,1.52,1.25,1.52,1.46,40.12,3.1,3.25,1.06,0.96
15/07/2021,9:34:00 PM,9:34:44 PM,Echuca,VIC,9,185287726,R9 2160m Pace M,185287727,Harness,2160,Pace,5370989,6,Caesarion,LOSER,3.68,LOSER,1.7,1213.7,4.5,2.7,3.8,3.72,4983.89,110,1.63,100,3.43,549.73,543.53,1.47,1.47,1.47,1.47,61.58,3.9,4.2,1.06,0.96
15/07/2021,9:34:00 PM,9:34:44 PM,Echuca,VIC,9,185287726,R9 2160m Pace M,185287727,Harness,2160,Pace,39586409,7,Colby Art,LOSER,37.05,LOSER,7.58,192.85,65,36,38,40.37,135.88,920,18,740,86.17,35.72,253.29,6,6,6,6,0.28,38,44,1.06,0.96
15/07/2021,9:34:00 PM,9:34:44 PM,Echuca,VIC,9,185287726,R9 2160m Pace M,185287727,Harness,2160,Pace,6268176,8,Hard Road,LOSER,30.69,LOSER,6.7,197.61,32,17.5,30,25.31,197.63,720,5.9,720,19.2,83.78,185.27,3.65,2.94,3.65,3.27,11.33,24,30,1.06,0.96
15/07/2021,6:22:00 PM,6:22:50 PM,Penrith,NSW,1,185287576,R1 1720m Pace M,185287577,Harness,1720,Pace,17868721,1,Im Freyja,LOSER,17.5,LOSER,,202.64,17.5,5.1,13,12.11,1103.42,280,4.4,280,17.47,161.13,,3.55,2.4,3.3,3.01,234.4,14,15.5,1.06,0.97
15/07/2021,6:22:00 PM,6:22:50 PM,Penrith,NSW,1,185287576,R1 1720m Pace M,185287577,Harness,1720,Pace,26085626,2,Ballterra,LOSER,4.18,WINNER,,805.22,4.1,2.6,3.95,3.77,3424.63,23,1.8,23,3.56,622.47,,1.9,1.6,1.6,1.84,159.15,3.55,3.9,1.06,0.97
15/07/2021,6:22:00 PM,6:22:50 PM,Penrith,NSW,1,185287576,R1 1720m Pace M,185287577,Harness,1720,Pace,36484045,3,Bettarun,LOSER,79.76,LOSER,,78.19,110,36,75,66.53,57.75,100,1.85,30,5.3,487.14,,,,,,,55,65,1.06,0.97
15/07/2021,6:22:00 PM,6:22:50 PM,Penrith,NSW,1,185287576,R1 1720m Pace M,185287577,Harness,1720,Pace,28368746,4,Ghostly Courage,LOSER,11.52,LOSER,,386.84,11.5,6.4,10.5,9.62,632.54,190,7,190,16.49,95.72,,2.56,2.46,2.56,2.54,6.09,8.8,10,1.06,0.97
15/07/2021,6:22:00 PM,6:22:50 PM,Penrith,NSW,1,185287576,R1 1720m Pace M,185287577,Harness,1720,Pace,12670348,5,Pocket More For Less,LOSER,2.76,WINNER,,1804.23,9.2,2.8,2.86,3.56,5696.64,21,1.21,1.21,3.39,596.18,,1.5,1.47,1.47,1.49,42.92,3.2,3.35,1.06,0.97
15/07/2021,6:22:00 PM,6:22:50 PM,Penrith,NSW,1,185287576,R1 1720m Pace M,185287577,Harness,1720,Pace,7121699,6,Idle Hands,WINNER,8.5,WINNER,,940.29,9.8,5,7.2,6.68,3314.19,23,1.21,23,6.28,300.22,,3.05,1.94,2.98,2.22,855.92,8.8,9.6,1.06,0.97
15/07/2021,6:22:00 PM,6:22:50 PM,Penrith,NSW,1,185287576,R1 1720m Pace M,185287577,Harness,1720,Pace,9962416,7,Sportsmanship,LOSER,16.78,LOSER,,231.98,18,12,16,13.96,569.43,720,11.5,720,37.68,46.4,,3.5,2.5,3.15,3,142.79,15,16,1.06,0.97
15/07/2021,6:22:00 PM,6:22:50 PM,Penrith,NSW,1,185287576,R1 1720m Pace M,185287577,Harness,1720,Pace,34338340,8,Bettor Keep Rocking,LOSER,25.82,LOSER,,296.44,36,14,23,19.37,510.05,46,9.2,38,25.88,35.53,,,,,,,14.5,17,1.06,0.97
15/07/2021,6:22:00 PM,6:22:50 PM,Penrith,NSW,1,185287576,R1 1720m Pace M,185287577,Harness,1720,Pace,40173363,9,Sixtythreenotout,LOSER,106.61,LOSER,,76.82,150,60,110,100.04,53.97,630,100,630,120.64,9.52,,,,,,,85,100,1.06,0.97
15/07/2021,6:48:00 PM,6:48:45 PM,Penrith,NSW,2,185287578,R2 1720m Pace M,185287579,Harness,1720,Pace,8381115,1,Nitro Lad,LOSER,22,LOSER,,202.13,42,14,21,22.22,342.73,720,22,720,49.5,30.12,,4.1,3,3.6,3.59,211.38,22,17.5,1.03,1.02
15/07/2021,6:48:00 PM,6:48:45 PM,Penrith,NSW,2,185287578,R2 1720m Pace M,185287579,Harness,1720,Pace,40173364,2,Mums Pet Rock,LOSER,472.43,LOSER,,40.75,330,160,330,259.51,85.82,1000,330,1000,517.87,2.67,,50,14.5,42,35.07,65.87,280,330,1.03,1.02
15/07/2021,6:48:00 PM,6:48:45 PM,Penrith,NSW,2,185287578,R2 1720m Pace M,185287579,Harness,1720,Pace,3649751,3,Hot Wire,LOSER,99.67,WINNER,,94.27,290,55,120,98.19,66.54,720,75,720,200.48,2.72,,9.4,8.2,8.4,8.88,25,75,90,1.03,1.02
15/07/2021,6:48:00 PM,6:48:45 PM,Penrith,NSW,2,185287578,R2 1720m Pace M,185287579,Harness,1720,Pace,2601527,4,War Club,WINNER,2,WINNER,,3709.66,2.5,1.9,2,2.09,11190.41,2.02,1.01,1.01,1.26,3631.9,,1.55,1.14,1.46,1.36,923.18,1.99,2.04,1.03,1.02
15/07/2021,6:48:00 PM,6:48:45 PM,Penrith,NSW,2,185287578,R2 1720m Pace M,185287579,Harness,1720,Pace,25166024,5,Little Bliss,LOSER,16,LOSER,,227.28,28,11,16,15.84,414.87,890,8,890,31.47,52.93,,4.6,3.2,3.3,3.28,46.27,17.5,19,1.03,1.02
15/07/2021,6:48:00 PM,6:48:45 PM,Penrith,NSW,2,185287578,R2 1720m Pace M,185287579,Harness,1720,Pace,23827451,6,Alta Dream Lover,LOSER,24.1,LOSER,,203.44,27,8.8,26,19.1,210.65,910,7,730,21.58,186.82,,4.2,4.2,4.2,4.2,15,21,22,1.03,1.02
15/07/2021,6:48:00 PM,6:48:45 PM,Penrith,NSW,2,185287578,R2 1720m Pace M,185287579,Harness,1720,Pace,24916433,7,Cathy Brown,LOSER,38,LOSER,,163.64,190,28,38,40.61,156.31,720,50,720,87.84,13.47,,8,5.4,5.4,6.39,25.39,28,34,1.03,1.02
15/07/2021,6:48:00 PM,6:48:45 PM,Penrith,NSW,2,185287578,R2 1720m Pace M,185287579,Harness,1720,Pace,17101528,8,Miss Aeyla,LOSER,11.5,LOSER,,482.32,14,6.2,12,10,891.96,880,11.5,700,42.73,79.89,,2.88,2,2.16,2.3,799.09,12.5,9.4,1.03,1.02
15/07/2021,6:48:00 PM,6:48:45 PM,Penrith,NSW,2,185287578,R2 1720m Pace M,185287579,Harness,1720,Pace,1235695,9,Money Honey,LOSER,23.57,LOSER,,238.03,32,12,23,21.15,416.41,1000,29,1000,115.66,28.9,,4.5,3.3,3.55,3.52,552.96,22,23,1.03,1.02
15/07/2021,6:48:00 PM,6:48:45 PM,Penrith,NSW,2,185287578,R2 1720m Pace M,185287579,Harness,1720,Pace,40173365,10,Scottie Mach,LOSER,4.83,WINNER,,795.28,7.4,4.8,5,5.33,1649.34,720,4.8,430,7.67,262.21,,2.02,1.6,2.02,1.93,273.15,5,5.6,1.03,1.02
15/07/2021,7:15:00 PM,7:16:00 PM,Penrith,NSW,3,185287580,R3 1720m Pace M,185287581,Harness,1720,Pace,27857781,2,Chronicles,LOSER,7.95,WINNER,,482.9,12.5,5.3,7.2,7.04,3778.4,720,7,720,13.39,241.93,,2.2,1.84,1.86,1.97,809.69,8,8,1.04,0.99
15/07/2021,7:15:00 PM,7:16:00 PM,Penrith,NSW,3,185287580,R3 1720m Pace M,185287581,Harness,1720,Pace,4045671,3,Sadhana,WINNER,4.1,WINNER,,2025.71,5,3.85,4.1,4.16,3437.39,4.1,1.01,1.01,1.72,3073.93,,1.98,1.5,1.82,1.6,143.76,4,4.1,1.04,0.99
15/07/2021,7:15:00 PM,7:16:00 PM,Penrith,NSW,3,185287580,R3 1720m Pace M,185287581,Harness,1720,Pace,7373296,4,Dragon Tattoo,LOSER,16.23,WINNER,,476.03,18,8.2,15.5,12.49,1653.03,720,5.3,440,12.56,238.5,,3.6,2.94,3.5,3.43,79.88,15.5,17.5,1.04,0.99
15/07/2021,7:15:00 PM,7:16:00 PM,Penrith,NSW,3,185287580,R3 1720m Pace M,185287581,Harness,1720,Pace,3724301,5,Dibaba,LOSER,3.64,LOSER,,1370.61,4.5,2.5,3.75,3.88,5324.06,720,3.55,720,5.79,434.41,,1.92,1.64,1.75,1.81,448.02,3.85,3.95,1.04,0.99
15/07/2021,7:15:00 PM,7:16:00 PM,Penrith,NSW,3,185287580,R3 1720m Pace M,185287581,Harness,1720,Pace,12418265,6,Special Pony,LOSER,503.71,LOSER,,38.01,680,85,680,345.6,65.57,750,350,350,475.77,19.46,,55,15,50,37.99,39.54,380,420,1.04,0.99
15/07/2021,7:15:00 PM,7:16:00 PM,Penrith,NSW,3,185287580,R3 1720m Pace M,185287581,Harness,1720,Pace,13550089,7,Shadow Eclipse,LOSER,8.4,LOSER,,565.83,29,6.8,8,8.28,3007.89,720,2.4,440,10.9,302.66,,3.25,2.2,2.2,2.46,177.05,7,7.6,1.04,0.99
15/07/2021,7:15:00 PM,7:16:00 PM,Penrith,NSW,3,185287580,R3 1720m Pace M,185287581,Harness,1720,Pace,27391635,8,Smoothe Style,LOSER,6.89,LOSER,,800,12,5.5,6.6,6.6,3978.28,720,4.9,720,9.99,243.06,,2.7,2.06,2.1,2.33,609.12,6.4,6.8,1.04,0.99
15/07/2021,7:15:00 PM,7:16:00 PM,Penrith,NSW,3,185287580,R3 1720m Pace M,185287581,Harness,1720,Pace,27152406,9,Petes Naholo,LOSER,87.62,LOSER,,178.39,320,55,85,101.83,234.59,720,80,440,105.74,24.77,,17.5,9,9.6,10.78,37.59,60,65,1.04,0.99
15/07/2021,7:15:00 PM,7:16:00 PM,Penrith,NSW,3,185287580,R3 1720m Pace M,185287581,Harness,1720,Pace,40173366,10,Hughie Junior,LOSER,58.76,LOSER,,151.81,200,44,70,57.9,240.82,720,48,710,89.47,19.08,,8,7.4,7.6,7.92,116.01,44,55,1.04,0.99
15/07/2021,7:45:00 PM,7:45:52 PM,Penrith,NSW,4,185287582,R4 1720m Pace M,185287583,Harness,1720,Pace,16837280,1,True Confessions,LOSER,5.8,WINNER,,956.88,8.6,5.2,5.7,6.1,1790.51,12.5,2,2.02,4.04,614.06,,1.89,1.6,1.62,1.64,813.14,5.7,5.9,0.98,0.98
15/07/2021,7:45:00 PM,7:45:52 PM,Penrith,NSW,4,185287582,R4 1720m Pace M,185287583,Harness,1720,Pace,11134266,2,Bettor To Be Tricky,LOSER,15.58,LOSER,,281.97,36,15.5,15.5,21.74,323.72,210,10.5,210,27.84,41.52,,4.5,3.65,3.65,3.77,35.51,24,27,0.98,0.98
15/07/2021,7:45:00 PM,7:45:52 PM,Penrith,NSW,4,185287582,R4 1720m Pace M,185287583,Harness,1720,Pace,22487701,3,Backintown,WINNER,2.16,WINNER,,3415.18,2.78,2,2.1,2.22,19767.75,2.7,1.2,1.2,1.88,3382.56,,1.39,1.16,1.37,1.3,1082.75,2.5,2.28,0.98,0.98
15/07/2021,7:45:00 PM,7:45:52 PM,Penrith,NSW,4,185287582,R4 1720m Pace M,185287583,Harness,1720,Pace,10634029,4,My Chachingchaching,LOSER,16.15,LOSER,,357.61,19,8.6,15,12.03,1248.99,1000,15.5,1000,63.48,79.09,,3.6,2.66,3.15,2.69,21.06,11,12,0.98,0.98
15/07/2021,7:45:00 PM,7:45:52 PM,Penrith,NSW,4,185287582,R4 1720m Pace M,185287583,Harness,1720,Pace,10921329,5,Mammals Magic,LOSER,22.49,LOSER,,240.3,40,18.5,23,22.83,311.2,910,18,910,137.14,38.64,,4,3.5,3.85,3.59,79.96,23,26,0.98,0.98
15/07/2021,7:45:00 PM,7:45:52 PM,Penrith,NSW,4,185287582,R4 1720m Pace M,185287583,Harness,1720,Pace,12381499,6,Glengarry Rose,LOSER,36.99,LOSER,,125.14,75,18,36,39.96,194.13,580,12,110,39.74,34.46,,,,,,,32,34,0.98,0.98
15/07/2021,7:45:00 PM,7:45:52 PM,Penrith,NSW,4,185287582,R4 1720m Pace M,185287583,Harness,1720,Pace,21723902,7,Petes Said So,LOSER,7.72,LOSER,,686.75,7.2,3.35,6.6,5.12,1479.4,540,4,540,13.86,339.02,,1.77,1.66,1.67,1.67,189.37,5.2,5.6,0.98,0.98
15/07/2021,7:45:00 PM,7:45:52 PM,Penrith,NSW,4,185287582,R4 1720m Pace M,185287583,Harness,1720,Pace,8753227,8,Birdy Mach,LOSER,163.08,WINNER,,56.94,260,75,210,179.58,121.21,630,8.2,350,130,25.3,,14,8.8,14,11.4,24,150,190,0.98,0.98
15/07/2021,8:15:00 PM,8:15:48 PM,Penrith,NSW,5,185287584,R5 2125m Pace M,185287585,Harness,2125,Pace,11301870,2,Valoroso Hanover,LOSER,10.84,WINNER,,348.53,21,9.2,10,10.88,1561.07,1000,7.8,720,43.73,197.54,,3.95,2.5,2.5,2.7,1740,10.5,11.5,1.03,0.98
15/07/2021,8:15:00 PM,8:15:48 PM,Penrith,NSW,5,185287584,R5 2125m Pace M,185287585,Harness,2125,Pace,13688371,3,Bronski Belle,LOSER,10.5,LOSER,,459.8,16,8.6,11,10.81,1306.52,1000,10.5,1000,30.52,90.13,,3.9,2.9,2.98,3.02,189.72,10.5,11,1.03,0.98
15/07/2021,8:15:00 PM,8:15:48 PM,Penrith,NSW,5,185287584,R5 2125m Pace M,185287585,Harness,2125,Pace,10733095,4,Top The Ace,WINNER,4.88,WINNER,,1911.55,5.3,2.54,4.8,4.14,6630.1,5.2,1.01,1.01,1.89,3454.02,,1.97,1.68,1.9,1.92,552.84,4.3,4.4,1.03,0.98
15/07/2021,8:15:00 PM,8:15:48 PM,Penrith,NSW,5,185287584,R5 2125m Pace M,185287585,Harness,2125,Pace,16407887,5,Harps,LOSER,12,LOSER,,282.75,17.5,6.6,13.5,13.05,1186.82,1000,12,1000,77.28,29.29,,3.8,3.05,3.75,3.64,124.08,15,17,1.03,0.98
15/07/2021,8:15:00 PM,8:15:48 PM,Penrith,NSW,5,185287584,R5 2125m Pace M,185287585,Harness,2125,Pace,17888458,6,Rock Of Delight,LOSER,19.6,LOSER,,289.48,23,12.5,17,14.78,745.43,1000,15,1000,31.52,109.51,,3.5,3.5,3.5,3.5,23.72,16,16.5,1.03,0.98
15/07/2021,8:15:00 PM,8:15:48 PM,Penrith,NSW,5,185287584,R5 2125m Pace M,185287585,Harness,2125,Pace,13542901,7,Major Petro,LOSER,49.79,LOSER,,131.15,85,32,38,43.99,420.08,1000,28,140,59.61,43.99,,11.5,5.8,7,6.3,362.15,36,38,1.03,0.98
15/07/2021,8:15:00 PM,8:15:48 PM,Penrith,NSW,5,185287584,R5 2125m Pace M,185287585,Harness,2125,Pace,17494682,8,Volando Denario,LOSER,4.2,WINNER,,961.01,4.8,3.15,4,4.06,8329.68,1000,3.3,1000,5.78,707.77,,1.98,1.68,1.72,1.73,191.22,3.9,4.1,1.03,0.98
15/07/2021,8:15:00 PM,8:15:48 PM,Penrith,NSW,5,185287584,R5 2125m Pace M,185287585,Harness,2125,Pace,13757760,9,Redbelly Jack,LOSER,32.67,LOSER,,186.05,38,15.5,32,29.65,478.49,1000,20,1000,67.08,33.87,,6,4.1,4.1,4.44,235.81,27,30,1.03,0.98
15/07/2021,8:15:00 PM,8:15:48 PM,Penrith,NSW,5,185287584,R5 2125m Pace M,185287585,Harness,2125,Pace,24008101,10,Dee Double You,LOSER,6,LOSER,,798.55,11,6.2,6.2,7,1487.71,1000,5.5,1000,13.11,305.16,,2.42,2.16,2.42,2.33,589.09,6.4,6.6,1.03,0.98
15/07/2021,8:45:00 PM,8:46:13 PM,Penrith,NSW,6,185287586,R6 2125m Pace M,185287587,Harness,2125,Pace,12321069,1,Will I Am,LOSER,9.4,WINNER,,496.09,12.5,7.2,8.8,9.41,741.68,110,6.2,110,9.06,223.01,,2.48,1.58,1.7,1.67,385.91,10.5,10,1.02,0.99
15/07/2021,8:45:00 PM,8:46:13 PM,Penrith,NSW,6,185287586,R6 2125m Pace M,185287587,Harness,2125,Pace,28222639,2,Sir Richard Lee,LOSER,13.59,LOSER,,343.07,50,13,15,18.23,486.39,490,12,490,19.18,146.61,,3.25,2.62,2.74,2.68,205.88,15.5,18.5,1.02,0.99
15/07/2021,8:45:00 PM,8:46:13 PM,Penrith,NSW,6,185287586,R6 2125m Pace M,185287587,Harness,2125,Pace,40173367,3,Fear The Eagle,LOSER,25,LOSER,,241.82,36,12,27,23.85,184.19,140,23,140,39.16,44.06,,3.55,3.05,3.55,3.32,31.24,22,24,1.02,0.99
15/07/2021,8:45:00 PM,8:46:13 PM,Penrith,NSW,6,185287586,R6 2125m Pace M,185287587,Harness,2125,Pace,28204761,4,Maudy Braveheart,LOSER,27.13,LOSER,,135.97,29,8.8,28,22.6,141.22,910,19,720,81.59,48.39,,3.4,3,3.1,3.24,148.62,25,27,1.02,0.99
15/07/2021,8:45:00 PM,8:46:13 PM,Penrith,NSW,6,185287586,R6 2125m Pace M,185287587,Harness,2125,Pace,32636815,5,A Chip Of Impala,LOSER,146.61,LOSER,,75.32,380,24,310,182.17,81.88,720,100,720,172.6,28.39,,17.5,8,17.5,11.57,21.42,170,250,1.02,0.99
15/07/2021,8:45:00 PM,8:46:13 PM,Penrith,NSW,6,185287586,R6 2125m Pace M,185287587,Harness,2125,Pace,35834319,6,Ed Mendes,LOSER,34.87,LOSER,,171.06,190,21,30,32.07,193.14,720,21,140,42.79,34.26,,3.95,3.45,3.8,3.56,309.3,28,32,1.02,0.99
15/07/2021,8:45:00 PM,8:46:13 PM,Penrith,NSW,6,185287586,R6 2125m Pace M,185287587,Harness,2125,Pace,35681948,7,Major Jarod,LOSER,71.76,WINNER,,134.07,160,34,75,87.1,120.09,720,32,720,92.72,20.31,,5.1,4.2,4.2,4.48,1140.36,90,150,1.02,0.99
15/07/2021,8:45:00 PM,8:46:13 PM,Penrith,NSW,6,185287586,R6 2125m Pace M,185287587,Harness,2125,Pace,5175776,8,Black Edition,WINNER,1.4,WINNER,,3120.58,1.53,1.29,1.41,1.4,20613.73,1.68,1.02,1.02,1.28,4911.54,,1.14,1.07,1.09,1.09,1474.56,1.38,1.39,1.02,0.99
15/07/2021,9:47:00 PM,9:15:44 PM,Penrith,NSW,7,185287588,R7 2125m Pace M,185287589,Harness,2125,Pace,2664438,1,La Bomba,LOSER,4.39,LOSER,,1339.18,8.4,5.1,5.1,6.18,874.38,490,2.5,140,5.11,2026.4,,2.02,1.08,1.41,1.5,852.13,4.5,4.6,0.97,0.98
15/07/2021,9:47:00 PM,9:15:44 PM,Penrith,NSW,7,185287588,R7 2125m Pace M,185287589,Harness,2125,Pace,19941763,2,My Scheherazade,LOSER,13.5,LOSER,,432.62,22,11.5,15.5,16.14,346.46,1000,11,200,19.31,203.99,,3.51,1.92,1.92,2.48,133.72,11.5,17.5,0.97,0.98
15/07/2021,9:47:00 PM,9:15:44 PM,Penrith,NSW,7,185287588,R7 2125m Pace M,185287589,Harness,2125,Pace,39508180,3,Sick As A Dog,LOSER,32.79,WINNER,,272.22,80,50,70,64.47,49.46,140,11,140,41.1,58.81,,6.58,4.9,4.9,5.7,562.13,32,70,0.97,0.98
15/07/2021,9:47:00 PM,9:15:44 PM,Penrith,NSW,7,185287588,R7 2125m Pace M,185287589,Harness,2125,Pace,28014984,4,All Night Long,LOSER,2.01,WINNER,,3542.41,2.82,1.92,2.06,2.09,10685.43,110,1.25,110,2.32,8686.43,,1.42,1.1,1.12,1.17,374.88,2.66,2.08,0.97,0.98
15/07/2021,9:47:00 PM,9:15:44 PM,Penrith,NSW,7,185287588,R7 2125m Pace M,185287589,Harness,2125,Pace,28237905,5,Piccadilly Pop,LOSER,94.82,LOSER,,165.01,290,110,170,172.09,68.16,870,65,870,100.42,4.7,,11.7,6.4,8.44,8.62,50,80,140,0.97,0.98
15/07/2021,9:47:00 PM,9:15:44 PM,Penrith,NSW,7,185287588,R7 2125m Pace M,185287589,Harness,2125,Pace,21949855,6,The Crom,LOSER,74.06,LOSER,,133.43,150,44,140,87,88.61,190,95,190,149.54,1.41,,7.51,7.33,7.33,7.34,102.66,60,140,0.97,0.98
15/07/2021,9:47:00 PM,9:15:44 PM,Penrith,NSW,7,185287588,R7 2125m Pace M,185287589,Harness,2125,Pace,26911024,7,Winamotza,LOSER,28,LOSER,,198.46,70,28,28,36.76,108.13,720,5.2,720,53.95,65.46,,3.79,3,3.05,3.68,244.35,27,50,0.97,0.98
15/07/2021,9:47:00 PM,9:15:44 PM,Penrith,NSW,7,185287588,R7 2125m Pace M,185287589,Harness,2125,Pace,39989685,8,Boomer Rock,WINNER,5.35,WINNER,,1097.81,5.2,2.88,5.1,4.1,1572.21,10.5,1.01,1.01,3.36,2428.19,,1.62,1.32,1.33,1.46,586.1,5.6,5.9,0.97,0.98
15/07/2021,9:47:00 PM,9:15:44 PM,Penrith,NSW,7,185287588,R7 2125m Pace M,185287589,Harness,2125,Pace,40173369,10,Knight Walker,LOSER,182.6,LOSER,,81.84,310,75,300,110.27,30.75,720,130,720,141.95,10.67,,,,,,,130,450,0.97,0.98
15/07/2021,10:15:00 PM,10:15:49 PM,Penrith,NSW,8,185287590,R8 1720m Pace M,185287591,Harness,1720,Pace,40173370,1,Ideal Heaven,LOSER,40.7,LOSER,,132.26,60,26,42,37.9,69.73,490,34,490,85.95,8.22,,5.4,2.34,2.34,2.45,114.25,32,44,0.89,1.06
15/07/2021,10:15:00 PM,10:15:49 PM,Penrith,NSW,8,185287590,R8 1720m Pace M,185287591,Harness,1720,Pace,40173371,2,Heavenly Reason,LOSER,111.26,LOSER,,45.55,440,32,300,107.18,26.64,990,38,990,121,8.28,,15.5,10.5,15.5,15.37,4.18,200,250,0.89,1.06
15/07/2021,10:15:00 PM,10:15:49 PM,Penrith,NSW,8,185287590,R8 1720m Pace M,185287591,Harness,1720,Pace,17865941,4,Sinbinned,LOSER,40,LOSER,,249.02,360,26,36,55.57,121.52,720,14,140,48.79,11.11,,5.6,3.4,3.4,3.94,89.88,29,32,0.89,1.06
15/07/2021,10:15:00 PM,10:15:49 PM,Penrith,NSW,8,185287590,R8 1720m Pace M,185287591,Harness,1720,Pace,40173373,5,My Ultimate Ronnie,WINNER,1.24,WINNER,,6639.26,1.64,1.16,1.22,1.23,15713,1.4,1.01,1.01,1.17,6054.33,,1.5,1.04,1.11,1.09,6632.76,1.48,1.26,0.89,1.06
15/07/2021,10:15:00 PM,10:15:49 PM,Penrith,NSW,8,185287590,R8 1720m Pace M,185287591,Harness,1720,Pace,40173374,6,Jalaneel,LOSER,84.94,WINNER,,95.27,130,26,100,47,114.59,200,22,110,66.61,5.94,,5.1,2.96,5,3.08,765.67,55,65,0.89,1.06
15/07/2021,10:15:00 PM,10:15:49 PM,Penrith,NSW,8,185287590,R8 1720m Pace M,185287591,Harness,1720,Pace,40173375,7,Runfromterror,LOSER,37.9,LOSER,,196.34,80,21,55,41.32,68.33,110,17,110,54.16,11.77,,2.74,1.99,1.99,2.14,990.16,40,17,0.89,1.06
15/07/2021,10:15:00 PM,10:15:49 PM,Penrith,NSW,8,185287590,R8 1720m Pace M,185287591,Harness,1720,Pace,40173376,8,Shallow Pockets,LOSER,10.56,WINNER,,589.13,13,5.6,10.5,10.12,447.47,490,5.5,140,14.03,43.11,,1.65,1.47,1.59,1.59,41.23,10.5,7.8,0.89,1.06
15/07/2021,10:15:00 PM,10:15:49 PM,Penrith,NSW,8,185287590,R8 1720m Pace M,185287591,Harness,1720,Pace,40173377,9,Wherestheboy,LOSER,163.35,LOSER,,54.24,680,80,340,259.83,17.68,720,60,60,166.79,4.49,,15,6.4,7,8.64,13.41,250,280,0.89,1.06
15/07/2021,10:15:00 PM,10:15:49 PM,Penrith,NSW,8,185287590,R8 1720m Pace M,185287591,Harness,1720,Pace,40173378,10,Damiano,LOSER,201.39,LOSER,,37.35,400,75,390,272.08,21.61,720,80,80,205.75,4.39,,16,7.4,15.5,10.39,15.29,260,270,0.89,1.06
15/07/2021,10:35:00 PM,10:35:48 PM,Penrith,NSW,9,185287592,R9 1720m Pace M,185287593,Harness,1720,Pace,22257624,1,Jays Cash,LOSER,13.5,WINNER,,412.31,44,11,13,14.13,393.84,720,7.8,100,20.31,30.58,,3.35,2.52,2.8,2.64,533.29,13,14,1.14,0.95
15/07/2021,10:35:00 PM,10:35:48 PM,Penrith,NSW,9,185287592,R9 1720m Pace M,185287593,Harness,1720,Pace,13904092,2,Lettucefireharvey,LOSER,14.92,WINNER,,393.38,19,5.3,11.5,10.71,744.81,720,3.65,12,12.57,29.79,,2.96,2.18,2.64,2.23,197.94,11.5,18,1.14,0.95
15/07/2021,10:35:00 PM,10:35:48 PM,Penrith,NSW,9,185287592,R9 1720m Pace M,185287593,Harness,1720,Pace,28252145,3,Smoking Zak,LOSER,15.35,LOSER,,368.03,250,12,13,15.16,746.14,720,5.4,12,10.45,53.85,,5,2.9,3.2,3.23,135.86,14,17,1.14,0.95
15/07/2021,10:35:00 PM,10:35:48 PM,Penrith,NSW,9,185287592,R9 1720m Pace M,185287593,Harness,1720,Pace,24689873,4,Scallywag Scout,LOSER,31.99,LOSER,,206.34,310,18,24,28.04,250.25,1000,42,1000,183.09,11.12,,6.2,3.55,3.55,5.08,26.05,20,32,1.14,0.95
15/07/2021,10:35:00 PM,10:35:48 PM,Penrith,NSW,9,185287592,R9 1720m Pace M,185287593,Harness,1720,Pace,11094390,5,Lethal Star,LOSER,63.27,LOSER,,128.67,250,38,60,71.63,80.78,720,60,710,102.37,5.07,,,,,,,50,150,1.14,0.95
15/07/2021,10:35:00 PM,10:35:48 PM,Penrith,NSW,9,185287592,R9 1720m Pace M,185287593,Harness,1720,Pace,6952682,6,Miss Serena,WINNER,6.05,WINNER,,677.67,7.6,3.75,5,4.86,1402.04,9,1.09,1.18,2.49,670.81,,2.4,1.76,2.4,2.1,59.54,5.1,6.2,1.14,0.95
15/07/2021,10:35:00 PM,10:35:48 PM,Penrith,NSW,9,185287592,R9 1720m Pace M,185287593,Harness,1720,Pace,8451444,7,Cadenza,LOSER,23.87,LOSER,,300.19,42,12,20,17.62,338.32,1000,19.5,1000,60.24,69.79,,4.6,2.96,4.6,3.14,12.09,15,21,1.14,0.95
15/07/2021,10:35:00 PM,10:35:48 PM,Penrith,NSW,9,185287592,R9 1720m Pace M,185287593,Harness,1720,Pace,27850893,8,Im Bills Last,LOSER,2.4,LOSER,,2199.47,3.05,1.86,2.32,2.35,8304.04,110,1.9,12,3.39,820.18,,1.5,1.16,1.45,1.39,355.21,1.99,2.18,1.14,0.95
15/07/2021,10:35:00 PM,10:35:48 PM,Penrith,NSW,9,185287592,R9 1720m Pace M,185287593,Harness,1720,Pace,12386699,9,Glenferrie Duster,LOSER,12.89,LOSER,,381.75,42,10.5,13.5,13.21,403.62,720,7,14,12.09,40.15,,3.2,2.76,2.76,2.88,290.14,14,18,1.14,0.95
15/07/2021,12:42:00 PM,12:43:09 PM,Redcliffe,QLD,1,185287618,R1 1780m Pace M,185287619,Harness,1780,Pace,11427345,1,Kid Calvert,LOSER,49.1,LOSER,6.9,146.47,70,30,55,46.7,99.41,720,16,300,37.25,33.34,307.86,7.2,6,7,6.78,81.59,50,55,1.02,0.97
15/07/2021,12:42:00 PM,12:43:09 PM,Redcliffe,QLD,1,185287618,R1 1780m Pace M,185287619,Harness,1780,Pace,24149998,2,Somewhereinheaven,LOSER,16.92,LOSER,3.45,315.42,16.5,8.8,14,11.71,355.36,540,6.2,120,23.27,267.56,277.14,3.25,2.56,3.25,2.89,133.23,12.5,13.5,1.02,0.97
15/07/2021,12:42:00 PM,12:43:09 PM,Redcliffe,QLD,1,185287618,R1 1780m Pace M,185287619,Harness,1780,Pace,4717693,3,Pageantry,LOSER,7.37,LOSER,2.39,544.9,10,6.6,7.2,7.4,655.08,780,4.4,780,23.41,148.61,506.38,2.78,2.3,2.4,2.41,83.85,6.8,7.2,1.02,0.97
15/07/2021,12:42:00 PM,12:43:09 PM,Redcliffe,QLD,1,185287618,R1 1780m Pace M,185287619,Harness,1780,Pace,21208004,4,Tulhurst Lover,LOSER,8.88,WINNER,2.53,431.98,9.8,5.9,8.6,7.8,315.68,780,8.6,220,30.31,152.19,583,2.48,2.24,2.46,2.47,29.95,7.4,7.6,1.02,0.97
15/07/2021,12:42:00 PM,12:43:09 PM,Redcliffe,QLD,1,185287618,R1 1780m Pace M,185287619,Harness,1780,Pace,5632963,5,Weasel,LOSER,12.5,LOSER,2.96,250.71,17,9.2,11.5,11.82,1147.32,720,4.6,490,13.27,185.18,592.48,3.2,2.4,2.8,2.72,56.11,10.5,11,1.02,0.97
15/07/2021,12:42:00 PM,12:43:09 PM,Redcliffe,QLD,1,185287618,R1 1780m Pace M,185287619,Harness,1780,Pace,11029623,6,Famous Shoes,WINNER,5,WINNER,2.12,1001.56,9.4,4.4,4.7,5.95,2805.04,8.8,1.01,1.01,1.23,4455.09,599.3,2.78,2.04,2.12,2.25,592.74,5.8,6,1.02,0.97
15/07/2021,12:42:00 PM,12:43:09 PM,Redcliffe,QLD,1,185287618,R1 1780m Pace M,185287619,Harness,1780,Pace,39056801,7,Mustang Dude,LOSER,38.11,WINNER,6.15,116.23,46,30,36,35.07,120.18,720,11,140,37.08,32.7,252.74,5.6,5.6,5.6,5.6,5,32,36,1.02,0.97
15/07/2021,12:42:00 PM,12:43:09 PM,Redcliffe,QLD,1,185287618,R1 1780m Pace M,185287619,Harness,1780,Pace,606558,8,Teachers Pet,LOSER,3.17,LOSER,1.5,3407.97,3.25,2.3,3.05,2.91,3755.11,1000,2.16,1000,6.44,869.73,1158.72,1.6,1.31,1.56,1.52,449.16,3.1,3.2,1.02,0.97
15/07/2021,12:42:00 PM,12:43:09 PM,Redcliffe,QLD,1,185287618,R1 1780m Pace M,185287619,Harness,1780,Pace,26839689,9,The Last Dragon,LOSER,67.13,LOSER,11.5,132.75,110,30,90,78,64.63,960,44,720,83.96,46.36,185.88,12,11.5,12,11.81,8.06,70,95,1.02,0.97
15/07/2021,1:17:00 PM,1:18:21 PM,Redcliffe,QLD,2,185287620,R2 1780m Pace M,185287621,Harness,1780,Pace,40173384,1,Cactus Rose,LOSER,85,LOSER,7.6,90.21,100,1.2,100,52.75,74.47,930,44,720,112.97,41.24,27.92,8.2,1.02,8.2,6.43,21,50,55,1.03,0.99
15/07/2021,1:17:00 PM,1:18:21 PM,Redcliffe,QLD,2,185287620,R2 1780m Pace M,185287621,Harness,1780,Pace,40173385,2,Slide To Unlock,LOSER,3.15,WINNER,1.42,1299.1,3.4,2.4,2.9,2.97,8989.37,720,1.3,50,2.6,5244.45,1352.79,1.53,1.37,1.4,1.44,548.04,2.94,2.98,1.03,0.99
15/07/2021,1:17:00 PM,1:18:21 PM,Redcliffe,QLD,2,185287620,R2 1780m Pace M,185287621,Harness,1780,Pace,40173386,3,Vodka En Ice,LOSER,13.58,WINNER,9.42,242.89,12.5,7,12,8.77,640.29,170,1.9,160,8.13,365.4,84.84,3.1,2.16,2.18,2.24,9.37,8,8.2,1.03,0.99
15/07/2021,1:17:00 PM,1:18:21 PM,Redcliffe,QLD,2,185287620,R2 1780m Pace M,185287621,Harness,1780,Pace,40173387,4,Golden Grin,LOSER,160,LOSER,13.5,27.16,220,95,160,145.64,11,720,65,720,256.49,4.39,9.54,13.5,13.5,13.5,13.5,0.48,110,150,1.03,0.99
15/07/2021,1:17:00 PM,1:18:21 PM,Redcliffe,QLD,2,185287620,R2 1780m Pace M,185287621,Harness,1780,Pace,2788926,5,Happy Snap,LOSER,19.96,LOSER,4.08,127.86,38,17.5,19.5,24.95,286.85,780,19.5,780,56.81,72.16,280.29,5,4.3,4.3,4.77,37.56,25,27,1.03,0.99
15/07/2021,1:17:00 PM,1:18:21 PM,Redcliffe,QLD,2,185287620,R2 1780m Pace M,185287621,Harness,1780,Pace,40173388,6,King Of Kaos,LOSER,11.88,LOSER,2.87,602.41,13,5.4,13,10.29,683.01,720,3.1,490,17.59,94.71,1147.44,2.96,2.62,2.82,2.81,1062.73,10,11,1.03,0.99
15/07/2021,1:17:00 PM,1:18:21 PM,Redcliffe,QLD,2,185287620,R2 1780m Pace M,185287621,Harness,1780,Pace,40173389,7,Howdyougethatrock,LOSER,81.55,LOSER,353.8,87.08,80,40,80,52.02,77.01,720,60,300,184.37,3.32,,,,,,,46,55,1.03,0.99
15/07/2021,1:17:00 PM,1:18:21 PM,Redcliffe,QLD,2,185287620,R2 1780m Pace M,185287621,Harness,1780,Pace,40173390,8,Sheza Chance,LOSER,12.69,LOSER,3.22,513.92,16.5,11.5,15,13.73,348.39,720,3,720,14.73,134.95,99.13,3.25,2.68,2.76,2.7,59.04,13.5,15,1.03,0.99
15/07/2021,1:17:00 PM,1:18:21 PM,Redcliffe,QLD,2,185287620,R2 1780m Pace M,185287621,Harness,1780,Pace,40173391,9,Beach On Fire,WINNER,2.57,WINNER,1.52,1938.02,4.7,2.68,2.8,3.3,5933.47,18.5,1.01,1.01,1.44,3572.93,646.39,1.84,1.44,1.44,1.54,786.46,3.35,3.45,1.03,0.99
15/07/2021,1:52:00 PM,1:52:32 PM,Redcliffe,QLD,3,185287622,R3 2040m Pace M,185287623,Harness,2040,Pace,28253068,1,One Hellava Party,LOSER,31.2,LOSER,4.36,160.44,34,24,32,27.24,213.95,900,8.2,900,55.28,151.98,248.9,4.9,4.2,4.6,4.61,267.66,26,29,1.03,0.97
15/07/2021,1:52:00 PM,1:52:32 PM,Redcliffe,QLD,3,185287622,R3 2040m Pace M,185287623,Harness,2040,Pace,34976667,2,Tascott Terror,LOSER,2.87,LOSER,1.43,2437.82,5.1,2.78,2.8,3.29,7327.63,720,2.64,190,5.4,886.05,1713.17,1.67,1.41,1.51,1.52,913.84,2.96,3.05,1.03,0.97
15/07/2021,1:52:00 PM,1:52:32 PM,Redcliffe,QLD,3,185287622,R3 2040m Pace M,185287623,Harness,2040,Pace,40173392,3,Innocent Heaven,LOSER,6.8,LOSER,2.14,1144.21,7.6,4.9,6.8,6.32,1691.74,720,1.67,720,13.44,332.89,625.58,2.34,1.98,2.2,2.06,386.26,7,7.6,1.03,0.97
15/07/2021,1:52:00 PM,1:52:32 PM,Redcliffe,QLD,3,185287622,R3 2040m Pace M,185287623,Harness,2040,Pace,28440229,5,Heartbreak,WINNER,11.01,WINNER,2.82,506.58,18.5,8.4,10.5,11.04,1200.69,50,1.06,1.12,1.95,2187.41,606.33,3.8,2.66,2.66,2.99,11.77,10.5,11.5,1.03,0.97
15/07/2021,1:52:00 PM,1:52:32 PM,Redcliffe,QLD,3,185287622,R3 2040m Pace M,185287623,Harness,2040,Pace,39087987,6,Rock In Heaven,LOSER,339.18,LOSER,55.39,20.95,360,180,290,263.29,8.65,720,29,720,140.55,12.02,37.48,,,,,,180,280,1.03,0.97
15/07/2021,1:52:00 PM,1:52:32 PM,Redcliffe,QLD,3,185287622,R3 2040m Pace M,185287623,Harness,2040,Pace,39978461,7,Borsellino,LOSER,6.13,LOSER,2.22,1287.17,7.8,4.2,6.4,6.03,2997.38,870,1.09,870,5.79,2937.34,811.46,2.28,1.86,2.2,2.18,100.9,6.6,6.8,1.03,0.97
15/07/2021,1:52:00 PM,1:52:32 PM,Redcliffe,QLD,3,185287622,R3 2040m Pace M,185287623,Harness,2040,Pace,26993952,8,Fleeting Feelgood,LOSER,7.85,WINNER,2.19,685.4,8.4,5.8,7.8,7.11,1061.03,38,1.27,14.5,2.42,1120.31,797.99,2.82,2.08,2.1,2.21,150.79,6.4,6.8,1.03,0.97
15/07/2021,1:52:00 PM,1:52:32 PM,Redcliffe,QLD,3,185287622,R3 2040m Pace M,185287623,Harness,2040,Pace,36709315,9,Rock Supreme,LOSER,9.62,WINNER,2.84,857.72,10.5,5.7,9.6,8.79,783.72,720,3.4,490,12.12,268.13,516.2,2.96,1.82,2.84,2.75,136.36,9.6,10.5,1.03,0.97
15/07/2021,2:37:00 PM,2:38:00 PM,Redcliffe,QLD,4,185287624,R4 2040m Pace M,185287625,Harness,2040,Pace,11151616,1,Aurora Rose,LOSER,15.58,LOSER,2.66,360.52,13,7.8,12.5,11.07,472,880,5.1,550,15.25,473.41,640.16,3,2.52,2.82,2.85,597.61,11,12,1.03,0.98
15/07/2021,2:37:00 PM,2:38:00 PM,Redcliffe,QLD,4,185287624,R4 2040m Pace M,185287625,Harness,2040,Pace,24810506,2,Littledee,LOSER,6.76,LOSER,2.65,1855.02,8.6,5.4,7,7.19,2033.83,1000,6,1000,96.61,71.51,618.08,2.5,1.74,2.4,2.35,256.86,7.6,7.8,1.03,0.98
15/07/2021,2:37:00 PM,2:38:00 PM,Redcliffe,QLD,4,185287624,R4 2040m Pace M,185287625,Harness,2040,Pace,15313677,3,Just One Good One,LOSER,17.87,LOSER,6.03,354.73,27,16,16.5,19.24,347.01,420,15.5,420,29.4,60.14,214.03,,,,,,19,21,1.03,0.98
15/07/2021,2:37:00 PM,2:38:00 PM,Redcliffe,QLD,4,185287624,R4 2040m Pace M,185287625,Harness,2040,Pace,2578712,4,Guts,LOSER,6.74,WINNER,2.44,1946.24,7.6,5.5,6.8,6.48,3100.35,24,1.03,1.03,1.95,3433.72,711.7,2.72,2.18,2.36,2.34,232.55,6.8,7.4,1.03,0.98
15/07/2021,2:37:00 PM,2:38:00 PM,Redcliffe,QLD,4,185287624,R4 2040m Pace M,185287625,Harness,2040,Pace,4635654,5,Duke,LOSER,9,LOSER,2.77,1261.86,9,5.7,8.8,8.16,1534.3,870,9,870,23.04,64.01,652.04,2.66,2.26,2.66,2.38,136.94,8.2,8.6,1.03,0.98
15/07/2021,2:37:00 PM,2:38:00 PM,Redcliffe,QLD,4,185287624,R4 2040m Pace M,185287625,Harness,2040,Pace,23156807,6,Cannan,LOSER,4.48,LOSER,1.88,1953.55,13.5,4.5,4.7,6.14,3025.42,44,1.5,44,3.63,1505.81,864.77,3.85,1.88,2.04,2.09,936.63,4.9,5.1,1.03,0.98
15/07/2021,2:37:00 PM,2:38:00 PM,Redcliffe,QLD,4,185287624,R4 2040m Pace M,185287625,Harness,2040,Pace,810882,7,Aroona,LOSER,114.59,LOSER,14.7,73.43,150,65,120,97.85,64.89,720,100,700,146.48,12.7,94.84,16.5,10.5,13.5,11.8,104.24,75,90,1.03,0.98
15/07/2021,2:37:00 PM,2:38:00 PM,Redcliffe,QLD,4,185287624,R4 2040m Pace M,185287625,Harness,2040,Pace,9336134,8,Risky Buziness,LOSER,7.17,WINNER,2.31,968.56,7.2,4.7,7,6.46,880.12,290,2.52,290,8.55,258.13,788.58,2.54,1.94,2.3,2.18,199.08,6.4,6.6,1.03,0.98
15/07/2021,2:37:00 PM,2:38:00 PM,Redcliffe,QLD,4,185287624,R4 2040m Pace M,185287625,Harness,2040,Pace,12570496,9,Rowdys Ace,WINNER,11.21,WINNER,2.88,646.62,11,7.8,10.5,9.44,568.85,420,1.28,420,8.06,342.17,707.26,3.15,2.66,2.98,2.8,51.35,9.2,9.4,1.03,0.98
15/07/2021,3:15:00 PM,3:15:58 PM,Redcliffe,QLD,5,185287626,R5 1780m Pace M,185287627,Harness,1780,Pace,19351704,1,High On Montana,LOSER,7.66,LOSER,9.01,865.38,18,2.1,9.8,3.33,10429.66,920,8.8,490,43.43,680.06,145.43,27,1.31,27,1.76,888.75,2.46,2.56,1.07,0.97
15/07/2021,3:15:00 PM,3:15:58 PM,Redcliffe,QLD,5,185287626,R5 1780m Pace M,185287627,Harness,1780,Pace,28578982,2,Looks Just Right,LOSER,6.4,LOSER,1.8,564.12,10.5,5.8,5.8,8.03,1243.1,890,2.58,880,11.93,401.01,1167.14,2.28,1.75,1.94,1.97,777.33,8.6,9,1.07,0.97
15/07/2021,3:15:00 PM,3:15:58 PM,Redcliffe,QLD,5,185287626,R5 1780m Pace M,185287627,Harness,1780,Pace,21335726,3,Nevaevabend,LOSER,20.08,LOSER,4.39,214.57,29,11,19.5,20.79,286.63,720,10,720,29.4,41.9,428.53,5.6,3.55,3.55,4.63,85.45,27,29,1.07,0.97
15/07/2021,3:15:00 PM,3:15:58 PM,Redcliffe,QLD,5,185287626,R5 1780m Pace M,185287627,Harness,1780,Pace,35833902,4,Torque In Control,LOSER,3.1,WINNER,3.05,1401.42,6.2,3.2,3.3,4.17,2801.56,140,2,140,2.87,1204.5,54.09,3.6,1.6,3,2.73,751.24,4,4.5,1.07,0.97
15/07/2021,3:15:00 PM,3:15:58 PM,Redcliffe,QLD,5,185287626,R5 1780m Pace M,185287627,Harness,1780,Pace,24128972,5,Be Good Benny,WINNER,7.6,WINNER,2.42,788.19,17,5.8,7.4,10.07,1611.63,11,1.01,1.01,1.46,3685.15,339.09,3.85,2.22,2.24,2.41,90.95,10,13.5,1.07,0.97
15/07/2021,3:15:00 PM,3:15:58 PM,Redcliffe,QLD,5,185287626,R5 1780m Pace M,185287627,Harness,1780,Pace,39000154,6,Favreau,LOSER,48.6,WINNER,19.93,170.93,90,24,25,41.5,147.7,720,21,720,49.92,97.17,73.29,27,3.2,18.5,4.5,30.69,48,65,1.07,0.97
15/07/2021,3:15:00 PM,3:15:58 PM,Redcliffe,QLD,5,185287626,R5 1780m Pace M,185287627,Harness,1780,Pace,22747300,7,Hesluvable,LOSER,10.61,LOSER,2.44,292.68,15.5,7.6,11,10.74,972.89,880,4.5,880,13.01,219.63,1076.48,2.82,2.06,2.44,2.5,526.09,11,12.5,1.07,0.97
15/07/2021,3:15:00 PM,3:15:58 PM,Redcliffe,QLD,5,185287626,R5 1780m Pace M,185287627,Harness,1780,Pace,16294712,8,Watts Up Letsplay,LOSER,15.3,LOSER,5.8,228.59,34,12.5,12.5,20.66,309.47,900,9,900,54.36,77.19,221.25,4.5,3.35,3.4,3.74,36.46,23,25,1.07,0.97
15/07/2021,3:50:00 PM,3:50:44 PM,Redcliffe,QLD,6,185287628,R6 1780m Pace M,185287629,Harness,1780,Pace,28447738,1,Sweet Lombo,LOSER,2.5,LOSER,1.36,1931.01,2.54,1.86,2.22,2.2,4479.9,720,1.81,260,2.27,3495.6,574.35,1.54,1.23,1.36,1.34,755.92,2.08,2.1,1.03,0.98
15/07/2021,3:50:00 PM,3:50:44 PM,Redcliffe,QLD,6,185287628,R6 1780m Pace M,185287629,Harness,1780,Pace,17669343,2,Go Jo Jolt,LOSER,41.76,LOSER,6.32,92.76,48,17,40,30.29,94.2,720,23,300,61.74,15.07,315.97,4.5,4.2,4.5,4.49,2.62,26,29,1.03,0.98
15/07/2021,3:50:00 PM,3:50:44 PM,Redcliffe,QLD,6,185287628,R6 1780m Pace M,185287629,Harness,1780,Pace,4302374,3,Miss Victoria,LOSER,11,WINNER,2.65,363.87,17,8.6,10.5,10.14,514.47,160,1.23,100,3.68,427.79,330.78,2.96,2.34,2.4,2.4,131.52,9.4,10,1.03,0.98
15/07/2021,3:50:00 PM,3:50:44 PM,Redcliffe,QLD,6,185287628,R6 1780m Pace M,185287629,Harness,1780,Pace,10984646,4,Our Pepperjack,LOSER,79.41,LOSER,18,56.18,130,55,85,69.84,54.37,720,90,710,152.8,7.13,1.08,18,11,18,12.26,6.1,50,60,1.03,0.98
15/07/2021,3:50:00 PM,3:50:44 PM,Redcliffe,QLD,6,185287628,R6 1780m Pace M,185287629,Harness,1780,Pace,28416938,5,La Pistola,LOSER,33.68,LOSER,6.55,95.77,60,32,44,39.41,69.37,720,44,300,82.62,8.97,107.36,5.1,5.1,5.1,5.1,5,40,42,1.03,0.98
15/07/2021,3:50:00 PM,3:50:44 PM,Redcliffe,QLD,6,185287628,R6 1780m Pace M,185287629,Harness,1780,Pace,40173394,6,My Ultimate Clippa,LOSER,85.45,LOSER,12,50.35,120,18.5,90,58.22,86.15,950,110,280,308.61,4.33,,,,,,,65,80,1.03,0.98
15/07/2021,3:50:00 PM,3:50:44 PM,Redcliffe,QLD,6,185287628,R6 1780m Pace M,185287629,Harness,1780,Pace,17886202,7,Our Stella Rose,WINNER,3.26,WINNER,1.53,6112.79,7,4.2,4.8,4.94,2809.24,12.5,1.01,1.03,2.38,7920.15,792.43,1.73,1.42,1.42,1.62,1701.29,5.5,6,1.03,0.98
15/07/2021,3:50:00 PM,3:50:44 PM,Redcliffe,QLD,6,185287628,R6 1780m Pace M,185287629,Harness,1780,Pace,20591717,8,Rocknroll Da Gama,LOSER,12,LOSER,2.97,484.3,18,10,13,13.19,434.51,270,11.5,110,21.6,43.54,394.15,3.2,2.76,2.76,3.16,1.7,14,15.5,1.03,0.98
15/07/2021,3:50:00 PM,3:50:44 PM,Redcliffe,QLD,6,185287628,R6 1780m Pace M,185287629,Harness,1780,Pace,28313934,9,Flo Ryda,LOSER,11.53,WINNER,2.87,237.15,13.5,6.6,10,10.28,319.81,170,1.28,100,6.92,280.89,224.71,2.5,2.44,2.5,2.48,1.53,10.5,12,1.03,0.98
15/07/2021,4:27:00 PM,4:27:44 PM,Redcliffe,QLD,7,185287630,R7 2040m Pace M,185287631,Harness,2040,Pace,9355737,1,Fire And Ice,LOSER,8.37,LOSER,1.83,582.15,10,8,8.2,8.8,1500.21,890,3.2,700,11.04,678.81,891.54,2.36,1.83,1.83,2.09,1917.95,8.4,8.8,1.02,0.99
15/07/2021,4:27:00 PM,4:27:44 PM,Redcliffe,QLD,7,185287630,R7 2040m Pace M,185287631,Harness,2040,Pace,27131684,2,Tinge Of Fear,LOSER,42.77,LOSER,5.64,257.68,42,7,32,19.03,373.76,720,6,720,33.69,80.55,351.22,5.9,3.55,5.4,5.45,90.07,28,30,1.02,0.99
15/07/2021,4:27:00 PM,4:27:44 PM,Redcliffe,QLD,7,185287630,R7 2040m Pace M,185287631,Harness,2040,Pace,16919572,3,Charm Offensive,WINNER,18.69,WINNER,3.55,427.65,20,15,18.5,17.53,448.99,19,1.01,1.01,1.31,4360.01,319.33,3.9,3.25,3.55,3.55,67.12,18.5,20,1.02,0.99
15/07/2021,4:27:00 PM,4:27:44 PM,Redcliffe,QLD,7,185287630,R7 2040m Pace M,185287631,Harness,2040,Pace,26205023,4,Carlos Bromac,LOSER,1.8,LOSER,1.27,5555.13,2.3,1.76,1.82,1.93,18610.89,720,1.79,280,4.32,2254.53,961.9,1.48,1.25,1.26,1.3,687.39,1.8,1.81,1.02,0.99
15/07/2021,4:27:00 PM,4:27:44 PM,Redcliffe,QLD,7,185287630,R7 2040m Pace M,185287631,Harness,2040,Pace,37582397,5,Sport Mental,LOSER,17.62,WINNER,3.82,329.86,23,11.5,18,18.18,341.65,150,1.61,140,5.35,375.39,213.71,4.5,3.65,3.65,3.71,131.1,19.5,21,1.02,0.99
15/07/2021,4:27:00 PM,4:27:44 PM,Redcliffe,QLD,7,185287630,R7 2040m Pace M,185287631,Harness,2040,Pace,12177055,6,Westar Sam,LOSER,35.61,WINNER,6.2,222.17,55,30,36,37.24,273.89,720,6,720,14.6,91.9,217.99,6.2,5.6,6.2,5.91,8.59,34,38,1.02,0.99
15/07/2021,4:27:00 PM,4:27:44 PM,Redcliffe,QLD,7,185287630,R7 2040m Pace M,185287631,Harness,2040,Pace,8332643,7,Cashwrangs Smoker,LOSER,41.84,LOSER,8.52,238.42,85,40,46,48.4,146.16,720,4.2,720,28.31,111.41,164.34,8,6.4,7.8,7.15,103.72,46,50,1.02,0.99
15/07/2021,4:27:00 PM,4:27:44 PM,Redcliffe,QLD,7,185287630,R7 2040m Pace M,185287631,Harness,2040,Pace,11170074,8,Barkway Arnold,LOSER,17.89,LOSER,2.96,546.72,19,9.8,18,17.11,561.76,720,6.2,720,20.35,72.17,520.55,3.65,2.94,3,3.12,375.76,17,17.5,1.02,0.99
15/07/2021,4:27:00 PM,4:27:44 PM,Redcliffe,QLD,7,185287630,R7 2040m Pace M,185287631,Harness,2040,Pace,11274851,9,Recipe For Dreaming,LOSER,10.65,LOSER,2.73,412.64,18,10,10.5,11.12,1255.62,720,4.2,720,12.16,148.96,722.12,2.98,2.62,2.72,2.72,59.01,10.5,11,1.02,0.99
15/07/2021,5:04:00 PM,5:04:53 PM,Redcliffe,QLD,8,185287632,R8 1780m Pace M,185287633,Harness,1780,Pace,12624667,1,Colombian Gold,LOSER,26.54,LOSER,5.79,344.79,28,9.8,28,17.98,785.27,720,14,490,43.29,22.97,120.65,4.2,3.7,4.2,4.02,85.58,19,20,1.04,0.98
15/07/2021,5:04:00 PM,5:04:53 PM,Redcliffe,QLD,8,185287632,R8 1780m Pace M,185287633,Harness,1780,Pace,17399069,2,Theresachance,LOSER,6.21,WINNER,2.27,1922.2,8.8,5.9,6.2,7.16,2578.99,780,3,720,5.53,1384.52,555.55,2.54,2.22,2.28,2.31,415.16,7,7.4,1.04,0.98
15/07/2021,5:04:00 PM,5:04:53 PM,Redcliffe,QLD,8,185287632,R8 1780m Pace M,185287633,Harness,1780,Pace,9891632,3,Kotare York,LOSER,120.03,WINNER,21.33,93.48,190,95,120,136.6,73.7,720,55,720,86.73,18.51,86.75,14,14,14,14,5,100,110,1.04,0.98
15/07/2021,5:04:00 PM,5:04:53 PM,Redcliffe,QLD,8,185287632,R8 1780m Pace M,185287633,Harness,1780,Pace,27005800,4,Ajay Breezy Rose,WINNER,12.1,WINNER,3.55,716.04,20,10,11,11.28,745.13,21,1.01,1.01,1.33,3636.74,443.43,3.8,3,3.4,3.36,126.2,10,11,1.04,0.98
15/07/2021,5:04:00 PM,5:04:53 PM,Redcliffe,QLD,8,185287632,R8 1780m Pace M,185287633,Harness,1780,Pace,17508583,5,Joannies Girl,LOSER,12.77,LOSER,3.05,587.4,16.5,10,13,11.98,1089.62,780,8.8,780,30.95,52.23,852.9,3.75,3.05,3.15,3.26,181.52,10.5,11,1.04,0.98
15/07/2021,5:04:00 PM,5:04:53 PM,Redcliffe,QLD,8,185287632,R8 1780m Pace M,185287633,Harness,1780,Pace,23185267,6,Slick Blaster,LOSER,7.11,LOSER,2.23,794.99,8.2,5,7,6.03,2669.51,780,6.2,780,21.9,59.21,1053.72,2.28,1.9,2.24,2.05,1437.58,5.9,6.6,1.04,0.98
15/07/2021,5:04:00 PM,5:04:53 PM,Redcliffe,QLD,8,185287632,R8 1780m Pace M,185287633,Harness,1780,Pace,26598368,7,Imfeelingit,LOSER,10.5,LOSER,3.2,1580.03,18.5,4.8,10.5,11.58,1839.24,780,6.8,770,59.32,15.3,169.38,4.2,2.1,3.4,2.99,526.54,15.5,16.5,1.04,0.98
15/07/2021,5:04:00 PM,5:04:53 PM,Redcliffe,QLD,8,185287632,R8 1780m Pace M,185287633,Harness,1780,Pace,28178770,8,Its Super Easy,LOSER,5.8,LOSER,1.86,1014.81,6.4,4.2,5.3,5.03,3521.68,780,2.3,780,11.14,255.89,463.28,2.3,1.85,1.89,1.96,875.05,4.9,5.2,1.04,0.98
15/07/2021,5:04:00 PM,5:04:53 PM,Redcliffe,QLD,8,185287632,R8 1780m Pace M,185287633,Harness,1780,Pace,581023,9,Royal Obsession,LOSER,4.5,LOSER,2.24,2775.83,5.9,4.1,4.7,4.94,3163.67,780,2.56,770,8.76,162.36,1278.97,2.28,1.8,2.22,2.13,280.95,4.9,5.1,1.04,0.98
15/07/2021,5:42:00 PM,5:43:30 PM,Redcliffe,QLD,9,185287634,R9 1780m Pace M,185287635,Harness,1780,Pace,19728357,1,Goddess Jujon,LOSER,3.68,LOSER,1.8,3970.52,5,3.25,4.1,4.28,6627.57,710,3,440,3.7,1783.04,580.99,1.95,1.63,1.75,1.81,311.56,4.1,4.2,1.03,0.98
15/07/2021,5:42:00 PM,5:43:30 PM,Redcliffe,QLD,9,185287634,R9 1780m Pace M,185287635,Harness,1780,Pace,11094423,2,Colonel Joy,LOSER,12.02,LOSER,3.56,442.15,14,8.4,10.5,11.54,998.74,490,6.2,440,18.75,195.22,516.98,3.3,2.98,3.3,3.09,18.57,12,13,1.03,0.98
15/07/2021,5:42:00 PM,5:43:30 PM,Redcliffe,QLD,9,185287634,R9 1780m Pace M,185287635,Harness,1780,Pace,8386895,3,Slingshot,LOSER,9.78,LOSER,2.63,488.48,9.6,7.2,9.6,8.34,524.09,880,3.55,780,16.68,278.2,1200.33,2.72,2.44,2.72,2.59,150.46,8,8.6,1.03,0.98
15/07/2021,5:42:00 PM,5:43:30 PM,Redcliffe,QLD,9,185287634,R9 1780m Pace M,185287635,Harness,1780,Pace,12462711,4,Ohoka Jimmy,LOSER,6.45,WINNER,2.59,625.45,18.5,6,6.6,7.6,2635.09,280,3.3,170,8.57,443.06,291.84,2.64,2.24,2.64,2.42,168.54,6.6,6.8,1.03,0.98
15/07/2021,5:42:00 PM,5:43:30 PM,Redcliffe,QLD,9,185287634,R9 1780m Pace M,185287635,Harness,1780,Pace,27379062,5,Moreau Drive,WINNER,9.97,WINNER,3.05,493.34,9.8,7.2,9.4,8.71,676.75,20,1.01,1.01,1.38,3182.34,345.77,3.3,2.2,3.05,2.26,109.61,9,9.8,1.03,0.98
15/07/2021,5:42:00 PM,5:43:30 PM,Redcliffe,QLD,9,185287634,R9 1780m Pace M,185287635,Harness,1780,Pace,19543770,6,Just Joshin,LOSER,6.85,LOSER,1.85,1211.2,9.6,6.8,7.6,7.47,803.6,720,6.6,480,11.63,272.24,2942.65,3.1,1.74,2.5,2.14,1960.96,7.8,8.2,1.03,0.98
15/07/2021,5:42:00 PM,5:43:30 PM,Redcliffe,QLD,9,185287634,R9 1780m Pace M,185287635,Harness,1780,Pace,26123475,7,Lorimer Lady,LOSER,26.54,LOSER,5.58,196.6,27,14,25,20.78,592.84,910,5.5,910,32.12,148.69,300.54,5.5,2.12,5.4,4.77,65.8,21,24,1.03,0.98
15/07/2021,5:42:00 PM,5:43:30 PM,Redcliffe,QLD,9,185287634,R9 1780m Pace M,185287635,Harness,1780,Pace,11338435,8,Our Little Digger,LOSER,7.4,WINNER,2.16,707.87,8,5.6,7.6,7.28,2892.23,370,7.2,280,15.91,129.21,1274.94,2.32,1.93,2.16,2.19,400.19,7.2,7.6,1.03,0.98
15/07/2021,6:19:00 PM,6:19:42 PM,Redcliffe,QLD,10,185287636,R10 1780m Pace M,185287637,Harness,1780,Pace,24630836,1,Maffioso Girl,LOSER,8.4,WINNER,3.1,657.6,16,8,8.2,10.63,746.46,120,1.97,120,5.7,1478.59,475.24,3.95,2.7,2.92,2.93,93.82,10.5,11,1.02,0.98
15/07/2021,6:19:00 PM,6:19:42 PM,Redcliffe,QLD,10,185287636,R10 1780m Pace M,185287637,Harness,1780,Pace,17453125,2,Groovy Miss Annie,LOSER,11.42,LOSER,2.64,504.3,13.5,3.9,12.5,6.84,919.71,780,6.8,780,27.73,65.72,366.58,2.28,2.28,2.28,2.28,1.12,8.2,8.6,1.02,0.98
15/07/2021,6:19:00 PM,6:19:42 PM,Redcliffe,QLD,10,185287636,R10 1780m Pace M,185287637,Harness,1780,Pace,13283218,3,Mach Torque,LOSER,14,LOSER,3.14,474.17,18,10.5,13,12.33,589.17,780,12,780,32.95,84.46,624.74,3.35,2.5,2.98,2.77,75.1,11.5,12,1.02,0.98
15/07/2021,6:19:00 PM,6:19:42 PM,Redcliffe,QLD,10,185287636,R10 1780m Pace M,185287637,Harness,1780,Pace,40173395,4,Aunty Frances,LOSER,182.73,LOSER,27.54,23.67,210,85,180,125.81,39.09,840,210,840,465.32,1.1,43.67,16.5,16.5,16.5,16.5,10,130,150,1.02,0.98
15/07/2021,6:19:00 PM,6:19:42 PM,Redcliffe,QLD,10,185287636,R10 1780m Pace M,185287637,Harness,1780,Pace,9119851,5,Donny Jones,LOSER,18.5,LOSER,4.35,265.48,42,15.5,17.5,20.48,212.22,780,5.5,490,11.17,227.18,354.69,,,,,,16,16.5,1.02,0.98
15/07/2021,6:19:00 PM,6:19:42 PM,Redcliffe,QLD,10,185287636,R10 1780m Pace M,185287637,Harness,1780,Pace,40173396,6,Street Writer,LOSER,25.96,LOSER,5.42,186.31,27,15,26,21.68,419.43,720,27,720,99.6,13.46,320.52,4.6,4.3,4.6,4.51,70,24,27,1.02,0.98
15/07/2021,6:19:00 PM,6:19:42 PM,Redcliffe,QLD,10,185287636,R10 1780m Pace M,185287637,Harness,1780,Pace,12122164,7,Get Ready To Rock,WINNER,2.9,WINNER,1.44,1795.72,3.65,2.68,2.9,3.03,8675.38,4.1,1.01,1.01,1.29,4369.32,1242.65,1.5,1.41,1.49,1.46,388.04,2.98,3,1.02,0.98
15/07/2021,6:19:00 PM,6:19:42 PM,Redcliffe,QLD,10,185287636,R10 1780m Pace M,185287637,Harness,1780,Pace,39867334,8,My Ultimate Heston,LOSER,17,WINNER,4.37,297.88,22,9.6,17,16.33,414.33,780,4.4,700,34.69,55.37,306.21,4.6,3.3,3.6,3.42,5.64,19.5,21,1.02,0.98
15/07/2021,6:19:00 PM,6:19:42 PM,Redcliffe,QLD,10,185287636,R10 1780m Pace M,185287637,Harness,1780,Pace,9336060,9,Monterey Jack,LOSER,5.35,LOSER,2.14,837.45,7.8,4.5,4.6,4.9,952.11,780,3.4,780,14.01,126.2,240.77,2.14,1.75,2.14,2.04,271.2,4.7,4.8,1.02,0.98
15/07/2021,1:35:00 PM,1:35:31 PM,Tamworth,NSW,1,185287560,R1 1609m Pace M,185287561,Harness,1609,Pace,26825445,1,Mollidor,WINNER,2.5,WINNER,,3557.72,3.25,2.26,2.38,2.63,7323.84,7.2,1.01,1.01,1.72,2926.34,,1.4,1.28,1.33,1.35,1123.18,2.36,2.44,1.05,0.98
15/07/2021,1:35:00 PM,1:35:31 PM,Tamworth,NSW,1,185287560,R1 1609m Pace M,185287561,Harness,1609,Pace,10394401,2,Laser Major,LOSER,29.5,WINNER,,370.99,80,19,30,32.38,321.75,780,20,780,54.34,21.47,,5.7,3.4,3.9,3.78,629.1,40,48,1.05,0.98
15/07/2021,1:35:00 PM,1:35:31 PM,Tamworth,NSW,1,185287560,R1 1609m Pace M,185287561,Harness,1609,Pace,38936720,3,Jilliby Gypsy,LOSER,95,LOSER,,54.17,140,23,90,65.92,56.78,940,30,940,206.2,3.37,,8.2,8,8.2,8.17,5,70,110,1.05,0.98
15/07/2021,1:35:00 PM,1:35:31 PM,Tamworth,NSW,1,185287560,R1 1609m Pace M,185287561,Harness,1609,Pace,1352055,4,Savannahs Boy,LOSER,94.63,LOSER,,68.83,100,48,95,73.8,77.95,720,60,720,128.69,7.16,,9.6,9.6,9.6,9.6,5,75,90,1.05,0.98
15/07/2021,1:35:00 PM,1:35:31 PM,Tamworth,NSW,1,185287560,R1 1609m Pace M,185287561,Harness,1609,Pace,19132980,5,Monsieur Darcy,LOSER,42.7,LOSER,,47.62,110,18,38,53.42,78.4,780,30,780,80.94,16.67,,7.4,6.2,6.2,7.2,271.88,48,65,1.05,0.98
15/07/2021,1:35:00 PM,1:35:31 PM,Tamworth,NSW,1,185287560,R1 1609m Pace M,185287561,Harness,1609,Pace,6792296,6,Pebble Rock,LOSER,42.96,LOSER,,50.29,100,32,32,44.83,42.46,920,48,720,169.63,13.25,,6.6,6.4,6.4,6.5,10,44,48,1.05,0.98
15/07/2021,1:35:00 PM,1:35:31 PM,Tamworth,NSW,1,185287560,R1 1609m Pace M,185287561,Harness,1609,Pace,40173438,7,Sweet Rippin,LOSER,5.88,WINNER,,727.62,6.6,4.3,5.2,4.94,1021.87,100,1.24,30,6.77,619.26,,2.04,1.59,1.67,1.68,400.11,4.9,5.2,1.05,0.98
15/07/2021,1:35:00 PM,1:35:31 PM,Tamworth,NSW,1,185287560,R1 1609m Pace M,185287561,Harness,1609,Pace,23795317,8,Write About Her,LOSER,5.38,LOSER,,1002.07,6.2,3.55,5.5,4.47,2359.81,720,3.95,290,8.65,160.87,,2,1.55,2,1.97,401.6,4.8,5.1,1.05,0.98
15/07/2021,1:35:00 PM,1:35:31 PM,Tamworth,NSW,1,185287560,R1 1609m Pace M,185287561,Harness,1609,Pace,11897680,9,Apollon,LOSER,12.01,LOSER,,299.47,15,6.4,11,10.54,771.98,780,12,770,37.39,49.61,,3.2,2.32,2.62,2.63,57.98,11,12.5,1.05,0.98
15/07/2021,1:35:00 PM,1:35:31 PM,Tamworth,NSW,1,185287560,R1 1609m Pace M,185287561,Harness,1609,Pace,8403869,10,Rory Mclory,LOSER,54.96,LOSER,,58.29,60,16,46,39.38,156.27,740,50,740,194.72,3.88,,5.6,5.6,5.6,5.6,5,38,44,1.05,0.98
15/07/2021,2:13:00 PM,2:13:33 PM,Tamworth,NSW,2,185287562,R2 1980m Pace M,185287563,Harness,1980,Pace,40173439,1,Limousine Life,LOSER,10.39,LOSER,,516.4,10,6.8,8.4,7.69,753.36,870,7.6,870,73.7,140.09,,2.78,2.2,2.38,2.27,741.62,7,7.4,1.03,0.97
15/07/2021,2:13:00 PM,2:13:33 PM,Tamworth,NSW,2,185287562,R2 1980m Pace M,185287563,Harness,1980,Pace,28776871,2,Caymangone,LOSER,104.4,LOSER,,54.65,170,70,140,91.72,42.02,780,25,700,163.06,23.44,,12,11.5,12,11.95,25.17,80,100,1.03,0.97
15/07/2021,2:13:00 PM,2:13:33 PM,Tamworth,NSW,2,185287562,R2 1980m Pace M,185287563,Harness,1980,Pace,27973255,3,Sundowner Shannon,WINNER,3.85,WINNER,,1314.24,5.1,3.5,3.65,4.03,2347.02,4,1.01,1.01,1.96,3520.49,,1.82,1.68,1.76,1.73,177.1,4.1,4.4,1.03,0.97
15/07/2021,2:13:00 PM,2:13:33 PM,Tamworth,NSW,2,185287562,R2 1980m Pace M,185287563,Harness,1980,Pace,1068521,4,Cronin,LOSER,14.27,LOSER,,346.42,22,10,15.5,13.25,1004.31,720,8,380,18.5,63.62,,3.35,3,3.15,3.1,297.85,13,14.5,1.03,0.97
15/07/2021,2:13:00 PM,2:13:33 PM,Tamworth,NSW,2,185287562,R2 1980m Pace M,185287563,Harness,1980,Pace,27777634,5,Uncle Gregory,LOSER,50,LOSER,,89.24,110,34,48,49.76,89.26,750,28,720,85.3,12.61,,7.6,7.2,7.2,7.49,13.85,40,44,1.03,0.97
15/07/2021,2:13:00 PM,2:13:33 PM,Tamworth,NSW,2,185287562,R2 1980m Pace M,185287563,Harness,1980,Pace,11251469,6,Itzexceptional,LOSER,13.83,LOSER,,335.34,21,7,12.5,12.94,373.47,880,10.5,880,29.32,34.12,,4.6,4.6,4.6,4.6,20.08,11.5,12.5,1.03,0.97
15/07/2021,2:13:00 PM,2:13:33 PM,Tamworth,NSW,2,185287562,R2 1980m Pace M,185287563,Harness,1980,Pace,18221510,7,Navua Girl,LOSER,5.83,WINNER,,793.21,6.2,4.4,6.2,5.56,2262,870,5.8,870,13.23,195.75,,2.12,1.84,1.95,1.91,269.49,5.7,5.8,1.03,0.97
15/07/2021,2:13:00 PM,2:13:33 PM,Tamworth,NSW,2,185287562,R2 1980m Pace M,185287563,Harness,1980,Pace,1087172,8,Grandview,LOSER,18.12,WINNER,,166.42,23,14,17.5,16.53,307.56,710,8.6,710,29.46,35.75,,4,3.15,3.75,3.66,115,18,19,1.03,0.97
15/07/2021,2:13:00 PM,2:13:33 PM,Tamworth,NSW,2,185287562,R2 1980m Pace M,185287563,Harness,1980,Pace,12502204,9,Cloudin Up,LOSER,4.49,LOSER,,1265.52,7.2,4.5,4.7,4.86,4854.9,880,3.1,280,7.88,410.29,,2.1,1.81,1.87,1.86,169.8,5,5.3,1.03,0.97
15/07/2021,2:13:00 PM,2:13:33 PM,Tamworth,NSW,2,185287562,R2 1980m Pace M,185287563,Harness,1980,Pace,26753960,10,Maywyns Honey,LOSER,80.79,LOSER,,111.74,180,38,80,64.94,192.59,720,40,720,93.81,18.54,,14,8.8,10,10.34,140.68,70,85,1.03,0.97
15/07/2021,2:54:00 PM,2:54:31 PM,Tamworth,NSW,3,185287564,R3 1609m Pace M,185287565,Harness,1609,Pace,25522422,1,Write Time,LOSER,4.71,WINNER,,986.99,6,4,5.3,5.24,748.65,100,1.11,100,3.06,718.7,,2.08,1.64,1.78,1.93,92.94,5.4,5.9,1.03,0.96
15/07/2021,2:54:00 PM,2:54:31 PM,Tamworth,NSW,3,185287564,R3 1609m Pace M,185287565,Harness,1609,Pace,24226843,2,Stilton,LOSER,6.47,LOSER,,374.68,18,5.9,6,6.78,1621.33,720,4.4,70,9.74,241.82,,2.4,1.87,1.87,1.9,375.53,6.4,7,1.03,0.96
15/07/2021,2:54:00 PM,2:54:31 PM,Tamworth,NSW,3,185287564,R3 1609m Pace M,185287565,Harness,1609,Pace,10948818,3,Redbank Olivia,LOSER,90.75,LOSER,,60.53,150,60,75,80.93,48.6,720,30,720,87.49,30.17,,9,9,9,9,5,75,80,1.03,0.96
15/07/2021,2:54:00 PM,2:54:31 PM,Tamworth,NSW,3,185287564,R3 1609m Pace M,185287565,Harness,1609,Pace,36087592,4,Theagenes,LOSER,14.5,LOSER,,221.51,17,6.6,13,12.47,463.88,1000,10.5,1000,111.55,39.49,,,,,,,14,17,1.03,0.96
15/07/2021,2:54:00 PM,2:54:31 PM,Tamworth,NSW,3,185287564,R3 1609m Pace M,185287565,Harness,1609,Pace,27346093,5,Attahua Ace,LOSER,3.67,LOSER,,1953.72,3.5,2.68,3.35,2.98,5890.3,1000,3.15,1000,7.69,423.18,,1.5,1.34,1.43,1.38,233.36,2.82,2.96,1.03,0.96
15/07/2021,2:54:00 PM,2:54:31 PM,Tamworth,NSW,3,185287564,R3 1609m Pace M,185287565,Harness,1609,Pace,19088338,6,Prince Of Payne,LOSER,465.68,LOSER,,40.2,620,210,430,346.43,10.15,720,310,720,406.89,19.74,,,,,,,330,390,1.03,0.96
15/07/2021,2:54:00 PM,2:54:31 PM,Tamworth,NSW,3,185287564,R3 1609m Pace M,185287565,Harness,1609,Pace,23519747,7,Our Roys Dream,WINNER,4.72,WINNER,,848.33,5.5,4.1,5,4.81,1416.75,12.5,1.01,1.05,2.23,1573.59,,2.14,1.72,1.86,1.86,101.87,4.7,4.8,1.03,0.96
15/07/2021,2:54:00 PM,2:54:31 PM,Tamworth,NSW,3,185287564,R3 1609m Pace M,185287565,Harness,1609,Pace,40173440,8,Im Plain Jane,LOSER,100,LOSER,,51.54,230,80,110,101.69,21.26,720,100,300,163.52,5.57,,,,,,,110,120,1.03,0.96
15/07/2021,2:54:00 PM,2:54:31 PM,Tamworth,NSW,3,185287564,R3 1609m Pace M,185287565,Harness,1609,Pace,11044655,9,Corporal Jujon,LOSER,81.14,WINNER,,51.59,130,46,85,85.35,61.33,720,75,590,122.96,12.99,,8,8,8,8,5,85,110,1.03,0.96
15/07/2021,2:54:00 PM,2:54:31 PM,Tamworth,NSW,3,185287564,R3 1609m Pace M,185287565,Harness,1609,Pace,39088103,10,Blissfull Identity,LOSER,120,LOSER,,46.24,140,60,110,96.45,35.96,950,65,80,151.51,10.82,,11,11,11,11,5,95,110,1.03,0.96
15/07/2021,3:32:00 PM,3:33:49 PM,Tamworth,NSW,4,185287566,R4 1980m Pace M,185287567,Harness,1980,Pace,11036945,1,Commanche,LOSER,4,LOSER,,1159.59,6.8,3.75,3.95,4.17,6118.08,880,2.04,530,6.17,488.9,,2,1.7,1.74,1.88,2668.14,4,4.3,1.04,0.98
15/07/2021,3:32:00 PM,3:33:49 PM,Tamworth,NSW,4,185287566,R4 1980m Pace M,185287567,Harness,1980,Pace,12576414,2,Seelsters Song,LOSER,85,LOSER,,91.9,110,55,75,79.76,140.37,780,70,720,207.46,2.69,,11.5,8,10,9.7,112.28,70,80,1.04,0.98
15/07/2021,3:32:00 PM,3:33:49 PM,Tamworth,NSW,4,185287566,R4 1980m Pace M,185287567,Harness,1980,Pace,18129879,3,Freddies Delight,LOSER,13.72,LOSER,,456.82,32,11.5,12,15.47,1540.59,1000,1.2,720,21.04,538.38,,5,2.96,2.96,3.11,289.43,14.5,15.5,1.04,0.98
15/07/2021,3:32:00 PM,3:33:49 PM,Tamworth,NSW,4,185287566,R4 1980m Pace M,185287567,Harness,1980,Pace,11229469,4,Farrahfowler,LOSER,48.14,LOSER,,210.57,90,48,50,58.2,119.14,770,24,770,52.98,31.71,,,,,,,60,70,1.04,0.98
15/07/2021,3:32:00 PM,3:33:49 PM,Tamworth,NSW,4,185287566,R4 1980m Pace M,185287567,Harness,1980,Pace,35261174,5,Killara Insanity,LOSER,84.3,LOSER,,80.74,100,55,70,69.94,161.07,720,25,720,99.33,13.83,,9.6,9.6,9.6,9.6,5,65,85,1.04,0.98
15/07/2021,3:32:00 PM,3:33:49 PM,Tamworth,NSW,4,185287566,R4 1980m Pace M,185287567,Harness,1980,Pace,8644197,6,Ark,LOSER,3.69,LOSER,,1564.9,5.6,3.85,3.85,4.31,2643.2,720,3.6,720,8.28,372.24,,2.04,1.82,1.89,1.96,511.42,4.3,4.4,1.04,0.98
15/07/2021,3:32:00 PM,3:33:49 PM,Tamworth,NSW,4,185287566,R4 1980m Pace M,185287567,Harness,1980,Pace,11134388,7,Enemy Lines,LOSER,6.32,WINNER,,938.92,6.2,3.55,5.9,4.61,1605.91,100,1.03,1.03,2.38,1763.57,,1.8,1.65,1.74,1.75,683.55,4.7,4.9,1.04,0.98
15/07/2021,3:32:00 PM,3:33:49 PM,Tamworth,NSW,4,185287566,R4 1980m Pace M,185287567,Harness,1980,Pace,24632297,8,Bella Bronski,LOSER,8.48,WINNER,,584.81,8.4,3.4,8,6.64,1500.15,720,1.91,490,3.87,407.91,,2.5,2,2.16,2.21,6.49,6.6,7.4,1.04,0.98
15/07/2021,3:32:00 PM,3:33:49 PM,Tamworth,NSW,4,185287566,R4 1980m Pace M,185287567,Harness,1980,Pace,21099671,9,Groovy Shannon,WINNER,18.89,WINNER,,173.32,28,12.5,16,17.35,644.9,190,1.09,24,4.08,338.3,,4.8,3.8,4.8,4.26,75.85,17.5,19,1.04,0.98
15/07/2021,3:32:00 PM,3:33:49 PM,Tamworth,NSW,4,185287566,R4 1980m Pace M,185287567,Harness,1980,Pace,15604235,10,Illawong Lord,LOSER,46.99,LOSER,,148.88,60,36,42,45.32,134.51,920,25,720,131.41,22.42,,,,,,,42,48,1.04,0.98
15/07/2021,4:14:00 PM,4:14:33 PM,Tamworth,NSW,5,185287568,R5 1980m Pace M,185287569,Harness,1980,Pace,37199498,1,Under Other,LOSER,15,LOSER,,409.7,18.5,9.4,15.5,12.63,518.82,890,12.5,890,28.27,70.56,,3.3,2.26,2.28,2.73,455.56,13.5,16.5,1.07,0.95
15/07/2021,4:14:00 PM,4:14:33 PM,Tamworth,NSW,5,185287568,R5 1980m Pace M,185287569,Harness,1980,Pace,22106541,2,Big Beat,LOSER,28.45,WINNER,,225.38,44,29,34,35.32,135.11,720,13.5,720,36.18,58.63,,6.2,4.5,4.5,4.81,7,34,38,1.07,0.95
15/07/2021,4:14:00 PM,4:14:33 PM,Tamworth,NSW,5,185287568,R5 1980m Pace M,185287569,Harness,1980,Pace,28230722,3,Gojoe,LOSER,2.36,WINNER,,2929.86,4,2.28,2.38,2.57,4790.04,720,1.64,720,2.13,2598.59,,1.77,1.34,1.37,1.41,382.4,2.34,2.5,1.07,0.95
15/07/2021,4:14:00 PM,4:14:33 PM,Tamworth,NSW,5,185287568,R5 1980m Pace M,185287569,Harness,1980,Pace,8541018,4,Dark Side,LOSER,59.52,LOSER,,177.01,75,32,55,48.14,146.36,720,46,720,90.3,24.29,,8.2,6.8,8.2,7.58,30.93,50,75,1.07,0.95
15/07/2021,4:14:00 PM,4:14:33 PM,Tamworth,NSW,5,185287568,R5 1980m Pace M,185287569,Harness,1980,Pace,8672299,5,Sahara Jewel,LOSER,26,LOSER,,206.64,27,11.5,26,20.79,234.71,720,26,720,51.67,31.53,,4.7,3.9,4.7,4.68,5.12,18,21,1.07,0.95
15/07/2021,4:14:00 PM,4:14:33 PM,Tamworth,NSW,5,185287568,R5 1980m Pace M,185287569,Harness,1980,Pace,20962994,6,Power To Bolt,LOSER,37.15,LOSER,,185.34,46,20,36,34.9,128.64,720,40,720,59.8,37.26,,,,,,,29,38,1.07,0.95
15/07/2021,4:14:00 PM,4:14:33 PM,Tamworth,NSW,5,185287568,R5 1980m Pace M,185287569,Harness,1980,Pace,40173441,7,Thunderboltshannon,LOSER,105.22,LOSER,,82.04,140,20,110,76.22,91.64,720,85,720,251.33,4.6,,11,8.6,11,9.38,95.63,85,120,1.07,0.95
15/07/2021,4:14:00 PM,4:14:33 PM,Tamworth,NSW,5,185287568,R5 1980m Pace M,185287569,Harness,1980,Pace,24539946,8,My Kinda Justus,WINNER,8.69,WINNER,,625.71,9.4,6.6,9,7.84,932.56,14.5,1.01,1.01,2.13,1542.92,,3.05,2.18,2.2,2.2,20.62,7.8,9.2,1.07,0.95
15/07/2021,4:14:00 PM,4:14:33 PM,Tamworth,NSW,5,185287568,R5 1980m Pace M,185287569,Harness,1980,Pace,19006530,9,Buckledown Buddy,LOSER,5.4,LOSER,,949.25,5.8,4.2,5.4,5.19,1001.43,800,4,790,11.66,136.17,,1.92,1.76,1.82,1.84,136.69,5.3,5.6,1.07,0.95
15/07/2021,4:14:00 PM,4:14:33 PM,Tamworth,NSW,5,185287568,R5 1980m Pace M,185287569,Harness,1980,Pace,35695576,10,Magic Shoos,LOSER,8.63,LOSER,,1115.17,14,7.2,9,10.49,1823.68,880,5,880,15.13,94.08,,2.9,2.4,2.68,2.7,214.23,10,12,1.07,0.95
15/07/2021,4:47:00 PM,4:47:33 PM,Tamworth,NSW,6,185287570,R6 1609m Pace M,185287571,Harness,1609,Pace,26207242,1,A Gift From Heaven,WINNER,2.08,WINNER,,3175.49,2.82,1.87,2.12,2.4,10761.76,100,1.01,1.01,2.53,3722.64,,1.38,1.25,1.31,1.34,442.85,2.36,2.44,1.03,0.98
15/07/2021,4:47:00 PM,4:47:33 PM,Tamworth,NSW,6,185287570,R6 1609m Pace M,185287571,Harness,1609,Pace,26585916,2,Diesel Don,LOSER,6.33,LOSER,,1040.84,11,4.7,5.9,5.56,2481.72,720,3.15,290,9.07,494.32,,2,1.7,1.82,1.79,104.52,4.9,5.3,1.03,0.98
15/07/2021,4:47:00 PM,4:47:33 PM,Tamworth,NSW,6,185287570,R6 1609m Pace M,185287571,Harness,1609,Pace,19931217,4,Peggy Sue Shannon,LOSER,30.74,WINNER,,218.51,85,27,32,37.15,241.91,310,2,65,20.33,202.16,,5.5,5.1,5.4,5.4,65.47,36,40,1.03,0.98
15/07/2021,4:47:00 PM,4:47:33 PM,Tamworth,NSW,6,185287570,R6 1609m Pace M,185287571,Harness,1609,Pace,24888306,5,Billboard Bonnie,LOSER,60.48,LOSER,,178.89,110,44,60,52.83,111.38,720,10.5,590,76.39,18.52,,,,,,,48,55,1.03,0.98
15/07/2021,4:47:00 PM,4:47:33 PM,Tamworth,NSW,6,185287570,R6 1609m Pace M,185287571,Harness,1609,Pace,23085198,6,Mac Stubborn,LOSER,38.31,LOSER,,210.02,55,23,44,42.42,126.22,720,10,410,39.43,31.9,,6.4,5.5,6.4,5.67,27.29,40,50,1.03,0.98
15/07/2021,4:47:00 PM,4:47:33 PM,Tamworth,NSW,6,185287570,R6 1609m Pace M,185287571,Harness,1609,Pace,17793813,7,Overthemoon,LOSER,5.03,LOSER,,1414.06,6.2,3.35,5,3.93,3165.34,290,2.58,24,4.46,921.98,,1.67,1.44,1.49,1.49,515.09,4.3,4.5,1.03,0.98
15/07/2021,4:47:00 PM,4:47:33 PM,Tamworth,NSW,6,185287570,R6 1609m Pace M,185287571,Harness,1609,Pace,23632935,8,Point Oh Five,LOSER,64.32,LOSER,,155.15,90,27,80,62.94,238.04,930,32,930,93.23,24.11,,7.4,5.6,7.4,6.16,41.16,60,70,1.03,0.98
15/07/2021,4:47:00 PM,4:47:33 PM,Tamworth,NSW,6,185287570,R6 1609m Pace M,185287571,Harness,1609,Pace,24929901,9,Wotnow Swanee,LOSER,18.26,WINNER,,503.26,23,9.8,15.5,13.42,3000.29,720,1.82,110,8.14,452.35,,3.3,2.82,2.88,2.95,994.07,14.5,15.5,1.03,0.98
15/07/2021,4:47:00 PM,4:47:33 PM,Tamworth,NSW,6,185287570,R6 1609m Pace M,185287571,Harness,1609,Pace,40173442,10,Mako Jewel,LOSER,84.47,LOSER,,161.58,100,13.5,95,46.38,309.38,720,30,300,64.91,23.93,,8.4,6.6,8.4,6.81,16.55,70,75,1.03,0.98
15/07/2021,5:20:00 PM,5:20:34 PM,Tamworth,NSW,7,185287572,R7 1609m Pace M,185287573,Harness,1609,Pace,27759665,2,La La Bron,LOSER,4.51,WINNER,,3857.8,8.6,3.8,4.8,4.36,3428.16,8,1.04,1.06,3.5,741.17,,1.89,1.62,1.71,1.64,90.03,4.1,4.4,1.05,0.98
15/07/2021,5:20:00 PM,5:20:34 PM,Tamworth,NSW,7,185287572,R7 1609m Pace M,185287573,Harness,1609,Pace,710294,3,Bite The Bullet,LOSER,4.4,LOSER,,2012.73,5,2.12,3.75,3.69,6357.65,490,4,490,7.36,458.79,,1.74,1.27,1.46,1.54,998.93,4,4.3,1.05,0.98
15/07/2021,5:20:00 PM,5:20:34 PM,Tamworth,NSW,7,185287572,R7 1609m Pace M,185287573,Harness,1609,Pace,11669831,4,Everything Happens,WINNER,3.98,WINNER,,4383.31,9.6,4.1,4.2,4.75,4253.83,23,2,20,2.88,1259.73,,2.54,1.77,1.8,1.86,408.49,4.5,4.6,1.05,0.98
15/07/2021,5:20:00 PM,5:20:34 PM,Tamworth,NSW,7,185287572,R7 1609m Pace M,185287573,Harness,1609,Pace,22834107,5,Montana Nights,LOSER,50.23,LOSER,,225.96,70,30,46,37.94,323.58,720,15.5,300,50.63,54.88,,6.6,5.7,6,6.2,147.29,29,42,1.05,0.98
15/07/2021,5:20:00 PM,5:20:34 PM,Tamworth,NSW,7,185287572,R7 1609m Pace M,185287573,Harness,1609,Pace,24415775,6,Brydon Earl,LOSER,4.26,WINNER,,4572.16,8,4.5,5.6,6.07,1718.6,720,2.1,340,6.57,1491.33,,2.4,1.85,2.2,2.17,683.9,5.6,6,1.05,0.98
15/07/2021,5:20:00 PM,5:20:34 PM,Tamworth,NSW,7,185287572,R7 1609m Pace M,185287573,Harness,1609,Pace,24608619,7,Shanks For Coming,LOSER,40,LOSER,,218.74,42,20,36,26.32,241.73,300,38,300,50.79,22.77,,4.9,3.2,4.2,4.14,356.46,26,27,1.05,0.98
15/07/2021,5:20:00 PM,5:20:34 PM,Tamworth,NSW,7,185287572,R7 1609m Pace M,185287573,Harness,1609,Pace,28535657,8,Brie,LOSER,17.71,LOSER,,646.51,23,9.2,19.5,17.11,729.34,200,9.2,200,22.93,137.36,,4.1,2.84,3.55,3.5,363.49,20,18.5,1.05,0.98
15/07/2021,5:20:00 PM,5:20:34 PM,Tamworth,NSW,7,185287572,R7 1609m Pace M,185287573,Harness,1609,Pace,9286935,9,Presidentialattack,LOSER,60,LOSER,,203.17,65,30,60,40.15,212.61,720,40,720,59.3,29.91,,7.2,6.2,7,6.95,31.72,44,48,1.05,0.98
15/07/2021,5:20:00 PM,5:20:34 PM,Tamworth,NSW,7,185287572,R7 1609m Pace M,185287573,Harness,1609,Pace,28424662,10,Akuma,LOSER,182.72,LOSER,,88.43,400,55,210,217.58,101.11,840,290,500,480.35,1.43,,50,12,14,17.4,524.61,160,240,1.05,0.98
15/07/2021,5:52:00 PM,5:52:32 PM,Tamworth,NSW,8,185287574,R8 1980m Pace M,185287575,Harness,1980,Pace,40173443,2,Hand Writer,LOSER,5.33,LOSER,,838.19,9,4.1,5,4.76,2117.87,870,2.56,490,6.62,564.07,,1.65,1.43,1.65,1.58,17.68,4.8,5.3,1.04,0.97
15/07/2021,5:52:00 PM,5:52:32 PM,Tamworth,NSW,8,185287574,R8 1980m Pace M,185287575,Harness,1980,Pace,11229456,3,Zoemagic,LOSER,3.9,WINNER,,2187.18,4.4,2.36,3.95,3.56,3322.78,720,1.9,720,3.21,2077.6,,1.6,1.49,1.5,1.51,308.79,3.75,3.8,1.04,0.97
15/07/2021,5:52:00 PM,5:52:32 PM,Tamworth,NSW,8,185287574,R8 1980m Pace M,185287575,Harness,1980,Pace,905342,4,Gotta Rush,LOSER,7.37,LOSER,,811.26,18.5,7.6,8,9.48,1447.05,900,4.2,720,11.1,280.19,,2.5,2.14,2.14,2.17,94.8,8.6,9.4,1.04,0.97
15/07/2021,5:52:00 PM,5:52:32 PM,Tamworth,NSW,8,185287574,R8 1980m Pace M,185287575,Harness,1980,Pace,40173444,5,Sammi Dance,LOSER,27.6,LOSER,,361.05,34,17,30,26.2,229.68,910,21,730,63.46,61.27,,7,4,4.6,4.8,199.15,22,28,1.04,0.97
15/07/2021,5:52:00 PM,5:52:32 PM,Tamworth,NSW,8,185287574,R8 1980m Pace M,185287575,Harness,1980,Pace,12263702,6,Bassey,LOSER,53.91,LOSER,,162.53,190,60,90,83.11,103.39,950,28,480,75.09,61.68,,8.4,8.2,8.2,8.26,25,75,90,1.04,0.97
15/07/2021,5:52:00 PM,5:52:32 PM,Tamworth,NSW,8,185287574,R8 1980m Pace M,185287575,Harness,1980,Pace,24795458,7,Watchful Lady,WINNER,3.79,WINNER,,2268.96,5.4,3.05,3.6,3.88,4243.25,11.5,1.01,1.01,1.97,4277.41,,2.16,1.5,1.67,1.66,682.14,3.6,3.7,1.04,0.97
15/07/2021,5:52:00 PM,5:52:32 PM,Tamworth,NSW,8,185287574,R8 1980m Pace M,185287575,Harness,1980,Pace,25102112,9,Broken Ark,LOSER,60.66,LOSER,,149.73,160,48,85,75.83,163.98,960,55,960,89.5,48.05,,9.6,7.8,9.4,9.38,102.63,70,90,1.04,0.97
15/07/2021,5:52:00 PM,5:52:32 PM,Tamworth,NSW,8,185287574,R8 1980m Pace M,185287575,Harness,1980,Pace,1168202,10,Amused,LOSER,9.25,WINNER,,656.77,11.5,7.4,9.8,9.79,661.02,720,6.6,720,15.71,177.29,,2.9,2.38,2.38,2.45,58.42,10.5,11.5,1.04,0.97
16/07/2021,5:16:00 PM,5:16:43 PM,Albion Park,QLD,1,185314732,R1 1660m Pace M,185314733,Harness,1660,Pace,39170174,1,Charming Charlotte,LOSER,8.24,WINNER,2.25,417.26,14,5.7,7,8.31,2312.99,720,6,290,11.75,190.34,481.72,3.2,1.94,2.24,2.27,456.67,12,14,1.03,0.98
16/07/2021,5:16:00 PM,5:16:43 PM,Albion Park,QLD,1,185314732,R1 1660m Pace M,185314733,Harness,1660,Pace,40186700,2,Hot N Gold,WINNER,3.8,WINNER,1.56,956.24,5.7,3.7,3.75,4.3,3216.66,4.4,1.01,1.01,1.64,6814.33,1337,1.87,1.55,1.61,1.61,181.42,4,4.2,1.03,0.98
16/07/2021,5:16:00 PM,5:16:43 PM,Albion Park,QLD,1,185314732,R1 1660m Pace M,185314733,Harness,1660,Pace,40186701,3,Whata Terror,LOSER,40.03,LOSER,7.05,169.26,40,24,38,30.15,107.48,720,40,720,75.35,17.16,207.8,,,,,,27,29,1.03,0.98
16/07/2021,5:16:00 PM,5:16:43 PM,Albion Park,QLD,1,185314732,R1 1660m Pace M,185314733,Harness,1660,Pace,34337366,4,Our Action Man,LOSER,3.6,WINNER,1.5,1166.12,4.2,3,3.5,3.3,7298.06,100,1.93,65,3.34,1280.08,842.43,1.67,1.44,1.54,1.49,628.07,3.05,3.15,1.03,0.98
16/07/2021,5:16:00 PM,5:16:43 PM,Albion Park,QLD,1,185314732,R1 1660m Pace M,185314733,Harness,1660,Pace,39098614,5,Uncle Lukey,LOSER,55,LOSER,8.35,83.38,60,30,55,40.48,222.21,720,30,720,75.53,22.12,141.74,6.2,5.8,6.2,5.93,31,36,42,1.03,0.98
16/07/2021,5:16:00 PM,5:16:43 PM,Albion Park,QLD,1,185314732,R1 1660m Pace M,185314733,Harness,1660,Pace,505916,6,King Of Cool,LOSER,40,LOSER,5.45,135.85,48,15,48,29.25,185.67,720,50,720,82.47,16.8,298.24,5.8,4.9,5.8,5.43,26.6,32,34,1.03,0.98
16/07/2021,5:16:00 PM,5:16:43 PM,Albion Park,QLD,1,185314732,R1 1660m Pace M,185314733,Harness,1660,Pace,40091710,7,Leftmeatthebar,LOSER,435.08,LOSER,77.13,39.95,400,55,400,278.21,78.66,720,400,720,450.15,13.77,62.46,990,28,46,63.69,17.9,270,370,1.03,0.98
16/07/2021,5:16:00 PM,5:16:43 PM,Albion Park,QLD,1,185314732,R1 1660m Pace M,185314733,Harness,1660,Pace,26505626,8,Skippys Delight,LOSER,4.01,LOSER,1.61,1250.25,4.5,3.6,4.3,3.91,4973.63,720,3.2,710,9.68,235.16,730.91,1.62,1.6,1.61,1.61,387.81,3.9,4,1.03,0.98
16/07/2021,5:16:00 PM,5:16:43 PM,Albion Park,QLD,1,185314732,R1 1660m Pace M,185314733,Harness,1660,Pace,35460705,9,Press Statement,LOSER,47.58,LOSER,9.8,127.64,70,25,65,49.91,170.72,720,44,720,91.18,18.18,80.08,8.2,6.6,6.8,6.98,38.44,60,70,1.03,0.98
16/07/2021,5:50:00 PM,5:50:44 PM,Albion Park,QLD,2,185314734,R2 1660m Pace M,185314735,Harness,1660,Pace,39150282,1,Fairy Tinkabell,WINNER,6.4,WINNER,1.99,1082.49,6.6,4,6.4,5.04,2330.81,6,1.01,1.01,1.31,4539.33,735.24,1.92,1.75,1.91,1.85,353.45,5.8,6.2,1.03,0.98
16/07/2021,5:50:00 PM,5:50:44 PM,Albion Park,QLD,2,185314734,R2 1660m Pace M,185314735,Harness,1660,Pace,24608602,2,A Rainbow Delight,LOSER,10.5,LOSER,3.21,1099.35,16,10,12,12.19,576,780,6,490,19.7,75.73,449.01,3.2,2.98,3.05,3.13,39,12.5,13,1.03,0.98
16/07/2021,5:50:00 PM,5:50:44 PM,Albion Park,QLD,2,185314734,R2 1660m Pace M,185314735,Harness,1660,Pace,24415807,3,Miss Ruby Sunshine,LOSER,9.8,WINNER,3.55,671.9,22,9.4,10,13.23,973.27,490,3.9,480,12.93,151.05,374.02,6,3.55,3.65,3.83,66.59,13,13.5,1.03,0.98
16/07/2021,5:50:00 PM,5:50:44 PM,Albion Park,QLD,2,185314734,R2 1660m Pace M,185314735,Harness,1660,Pace,4628559,4,La Bella Vita,LOSER,3.7,WINNER,1.83,1370.69,5.2,3.4,3.65,3.84,4956.58,170,2.5,170,3.93,943.82,546.69,2.16,1.68,1.96,1.72,61.77,3.7,3.8,1.03,0.98
16/07/2021,5:50:00 PM,5:50:44 PM,Albion Park,QLD,2,185314734,R2 1660m Pace M,185314735,Harness,1660,Pace,13262341,5,Arma Naughty,LOSER,11.33,LOSER,2.81,449.99,15.5,9.4,11.5,11.07,452.91,770,16,770,47.08,21.74,978.53,3.8,2.72,2.86,2.82,44.37,10,10.5,1.03,0.98
16/07/2021,5:50:00 PM,5:50:44 PM,Albion Park,QLD,2,185314734,R2 1660m Pace M,185314735,Harness,1660,Pace,27540176,6,Chevrons Reward,LOSER,9.37,LOSER,3.25,1118.62,11,7.6,10.5,10.11,443.05,720,6.8,720,14.21,193.5,504.64,3.25,2.74,2.92,2.77,32.17,9.8,11,1.03,0.98
16/07/2021,5:50:00 PM,5:50:44 PM,Albion Park,QLD,2,185314734,R2 1660m Pace M,185314735,Harness,1660,Pace,2281037,7,No Win No Feed,LOSER,8.41,LOSER,2.65,1167.38,10,6.4,9.6,8.1,1256.59,720,5,710,10.72,220.43,878.89,2.98,2.5,2.66,2.61,42.02,8.8,9.4,1.03,0.98
16/07/2021,5:50:00 PM,5:50:44 PM,Albion Park,QLD,2,185314734,R2 1660m Pace M,185314735,Harness,1660,Pace,16549685,8,Saucy Dreams,LOSER,8.6,LOSER,2.89,820.3,9.8,7.2,9.4,8.68,771.36,720,6,710,13.6,137.41,384.49,2.92,2.42,2.92,2.42,37.23,8.6,9,1.03,0.98
16/07/2021,6:20:00 PM,6:25:46 PM,Albion Park,QLD,3,185314736,R3 1660m Pace M,185314737,Harness,1660,Pace,36430776,1,Soho Tsunami,LOSER,6.4,LOSER,2.09,1111.74,9.4,6.2,7.8,7.84,1580.83,720,6.4,480,22.18,67.45,1863.22,3.15,1.93,2.16,2.14,706.82,8.2,8.6,1.04,0.98
16/07/2021,6:20:00 PM,6:25:46 PM,Albion Park,QLD,3,185314736,R3 1660m Pace M,185314737,Harness,1660,Pace,37503467,2,Keayang Kreuzer,WINNER,2.4,WINNER,1.39,3631.08,2.9,2.1,2.54,2.46,9100.67,5,1.01,1.02,1.61,6753.21,1097.8,1.43,1.38,1.4,1.4,241.05,2.52,2.56,1.04,0.98
16/07/2021,6:20:00 PM,6:25:46 PM,Albion Park,QLD,3,185314736,R3 1660m Pace M,185314737,Harness,1660,Pace,10944907,3,Eh Ef El,LOSER,15.17,LOSER,4.01,345.41,120,9.4,19,17.53,1979.94,780,14.5,490,59.79,26.76,278.23,4.5,3.2,3.75,3.82,112.22,13.5,15,1.04,0.98
16/07/2021,6:20:00 PM,6:25:46 PM,Albion Park,QLD,3,185314736,R3 1660m Pace M,185314737,Harness,1660,Pace,36526820,4,It Aint The Money,LOSER,11.56,WINNER,2.84,498.99,22,9.6,12.5,12.01,1219.41,190,1.27,22,3.4,574.76,506.07,3.85,2.82,2.84,2.97,279.78,10.5,11.5,1.04,0.98
16/07/2021,6:20:00 PM,6:25:46 PM,Albion Park,QLD,3,185314736,R3 1660m Pace M,185314737,Harness,1660,Pace,13829861,5,The Hervey Bay,LOSER,5.84,WINNER,2.48,856.88,14.5,6.2,6.4,8.18,3439.84,720,5.5,290,9.81,250.19,449.88,3,2.44,2.56,2.67,603.27,7.6,7.8,1.04,0.98
16/07/2021,6:20:00 PM,6:25:46 PM,Albion Park,QLD,3,185314736,R3 1660m Pace M,185314737,Harness,1660,Pace,28306596,6,Street Appeal,LOSER,17.5,LOSER,4.42,348.24,18.5,13,18.5,14.72,740.01,780,6,420,13.2,202.29,247.97,4.5,3.5,4.4,3.8,172.89,14.5,15.5,1.04,0.98
16/07/2021,6:20:00 PM,6:25:46 PM,Albion Park,QLD,3,185314736,R3 1660m Pace M,185314737,Harness,1660,Pace,30105438,7,Kensington Bill,LOSER,14.74,LOSER,3.84,573.03,24,14,17,18.06,758.71,280,11,80,24.98,83.16,471.6,,,,,,16.5,19,1.04,0.98
16/07/2021,6:20:00 PM,6:25:46 PM,Albion Park,QLD,3,185314736,R3 1660m Pace M,185314737,Harness,1660,Pace,11480212,8,At West Point,LOSER,136.81,LOSER,13.94,75.86,200,50,190,130.07,117.17,930,120,930,236.19,5.09,122.32,12.5,10.5,12.5,11.45,47.93,120,170,1.04,0.98
16/07/2021,6:20:00 PM,6:25:46 PM,Albion Park,QLD,3,185314736,R3 1660m Pace M,185314737,Harness,1660,Pace,27850877,9,Majordoit,LOSER,161.37,LOSER,400.85,59.5,310,48,290,118.09,90.03,720,12.5,700,121.19,31.99,0.06,260,17.5,260,32.89,20.28,110,120,1.04,0.98
16/07/2021,6:20:00 PM,6:25:46 PM,Albion Park,QLD,3,185314736,R3 1660m Pace M,185314737,Harness,1660,Pace,12119008,10,Handsome Hero,LOSER,18,LOSER,3.78,452.06,19.5,8.4,19,14,741.53,780,6.4,780,57.94,20.82,446.49,3.8,3.75,3.8,3.78,22.02,14,17,1.04,0.98
16/07/2021,6:45:00 PM,6:45:40 PM,Albion Park,QLD,4,185314738,R4 2138m Pace M,185314739,Harness,2138,Pace,24810503,1,Call Me Trish,LOSER,75.62,LOSER,11.49,136.23,120,46,100,88.17,46.38,940,10.5,940,74.78,65.67,89.52,10,6,9.6,9.3,60.04,80,100,1.03,0.98
16/07/2021,6:45:00 PM,6:45:40 PM,Albion Park,QLD,4,185314738,R4 2138m Pace M,185314739,Harness,2138,Pace,24339247,2,My Ultimate Bondi,LOSER,3.09,LOSER,1.53,1520.61,4.9,2.88,3.1,3.24,6075.81,720,1.58,720,2.84,3086.93,704.04,1.69,1.44,1.54,1.48,551.98,3.2,3.3,1.03,0.98
16/07/2021,6:45:00 PM,6:45:40 PM,Albion Park,QLD,4,185314738,R4 2138m Pace M,185314739,Harness,2138,Pace,40186702,3,Leithen Burn,LOSER,6.06,LOSER,2.33,1288.69,7.8,4.2,6.4,6.15,1725.4,780,3.3,780,12.06,254.55,519.37,2.36,2.16,2.16,2.27,28.27,6.8,7,1.03,0.98
16/07/2021,6:45:00 PM,6:45:40 PM,Albion Park,QLD,4,185314738,R4 2138m Pace M,185314739,Harness,2138,Pace,22941415,4,Metaki Majic,LOSER,15.16,LOSER,3.09,415.73,15.5,8,15.5,11.09,994.35,880,2.28,880,11.56,197.49,487.7,3.15,2.52,3.1,2.93,19.32,12.5,13.5,1.03,0.98
16/07/2021,6:45:00 PM,6:45:40 PM,Albion Park,QLD,4,185314738,R4 2138m Pace M,185314739,Harness,2138,Pace,23977129,5,Bonnies Cam,LOSER,154.92,LOSER,40.35,68.89,400,95,400,127.06,39.9,960,140,960,247.31,7.37,48.69,15,12.5,15,14.19,15.37,110,120,1.03,0.98
16/07/2021,6:45:00 PM,6:45:40 PM,Albion Park,QLD,4,185314738,R4 2138m Pace M,185314739,Harness,2138,Pace,19187462,6,Torque Is My Girl,LOSER,146.04,LOSER,30.13,70.33,170,100,160,126.84,28.87,960,180,960,436.78,1.93,72.06,14,14,14,14,5,110,140,1.03,0.98
16/07/2021,6:45:00 PM,6:45:40 PM,Albion Park,QLD,4,185314738,R4 2138m Pace M,185314739,Harness,2138,Pace,11541637,7,Blissfulday,LOSER,96.34,LOSER,300.24,69.12,180,70,170,135.33,38.34,770,50,770,124.43,22.46,0.09,750,12.5,55,15.11,10.09,140,150,1.03,0.98
16/07/2021,6:45:00 PM,6:45:40 PM,Albion Park,QLD,4,185314738,R4 2138m Pace M,185314739,Harness,2138,Pace,27453982,8,Nesters Hill,LOSER,99.52,LOSER,244,105.79,150,55,130,95.27,43.48,720,95,710,138.82,10.83,0.11,150,12.5,75,14.35,5.09,85,110,1.03,0.98
16/07/2021,6:45:00 PM,6:45:40 PM,Albion Park,QLD,4,185314738,R4 2138m Pace M,185314739,Harness,2138,Pace,20944050,9,Artistic Saint,LOSER,216.81,LOSER,44,69.32,390,160,330,211.61,89.42,720,70,720,158.98,6.08,7.58,17.5,17,17.5,17.48,5,160,180,1.03,0.98
16/07/2021,6:45:00 PM,6:45:40 PM,Albion Park,QLD,4,185314738,R4 2138m Pace M,185314739,Harness,2138,Pace,39610898,10,Nicks Pick,WINNER,5.95,WINNER,2.02,2139.41,7.4,5.1,6.6,6.35,1497.82,17,1.01,1.01,1.65,4799.08,693.63,2.46,1.92,2.02,1.98,45.52,6.2,6.6,1.03,0.98
16/07/2021,6:45:00 PM,6:45:40 PM,Albion Park,QLD,4,185314738,R4 2138m Pace M,185314739,Harness,2138,Pace,36864811,11,In Chevron We Trust,LOSER,4.1,WINNER,1.8,1648.37,6,4.1,4.4,4.53,4580.32,720,1.66,720,6.21,300.85,819.6,2,1.7,1.82,1.93,339.8,4.2,4.4,1.03,0.98
16/07/2021,6:45:00 PM,6:45:40 PM,Albion Park,QLD,4,185314738,R4 2138m Pace M,185314739,Harness,2138,Pace,12662012,12,No Doubt,LOSER,36,WINNER,5.95,205.51,34,26,32,29.16,278.71,730,14,730,68.01,28.99,250.19,6,6,6,6,10,27,30,1.03,0.98
16/07/2021,7:12:00 PM,7:12:46 PM,Albion Park,QLD,5,185314740,R5 2138m Pace M,185314741,Harness,2138,Pace,28081706,1,Vienna Boy,LOSER,21.49,LOSER,6.33,269.46,29,16.5,28,20.61,325.84,720,5.9,720,21.02,83.17,317.26,4.2,4,4.1,4.1,74.59,17,19,1.04,0.97
16/07/2021,7:12:00 PM,7:12:46 PM,Albion Park,QLD,5,185314740,R5 2138m Pace M,185314741,Harness,2138,Pace,39317157,2,Voodoo Lou,LOSER,6.43,LOSER,2.22,717.46,8,5.5,6.6,6.41,1318.81,280,1.84,280,5.49,490.94,821.56,2.3,2.18,2.3,2.24,14.71,6,6.2,1.04,0.97
16/07/2021,7:12:00 PM,7:12:46 PM,Albion Park,QLD,5,185314740,R5 2138m Pace M,185314741,Harness,2138,Pace,36023663,3,Major Fernco,LOSER,3.2,WINNER,1.71,2631.57,7.4,3.35,3.5,4.31,3952.61,720,2.74,720,4.02,1836.49,1374.26,2.74,1.71,1.72,1.77,398,3.85,4.1,1.04,0.97
16/07/2021,7:12:00 PM,7:12:46 PM,Albion Park,QLD,5,185314740,R5 2138m Pace M,185314741,Harness,2138,Pace,16614228,4,Vigoroso,LOSER,90.1,LOSER,13.17,123.24,100,55,90,72.33,80.28,790,10,790,34.38,56.05,133.61,10.5,10.5,10.5,10.5,5,80,85,1.04,0.97
16/07/2021,7:12:00 PM,7:12:46 PM,Albion Park,QLD,5,185314740,R5 2138m Pace M,185314741,Harness,2138,Pace,14163069,5,Beachboy Butch,LOSER,95.25,LOSER,12,146.58,150,60,110,128.5,116.67,950,90,670,182.53,14.56,189.98,12.5,12,12.5,12.21,7.36,100,120,1.04,0.97
16/07/2021,7:12:00 PM,7:12:46 PM,Albion Park,QLD,5,185314740,R5 2138m Pace M,185314741,Harness,2138,Pace,13483309,6,Life Lavros,LOSER,20.98,LOSER,5.5,444.32,40,16,27,22.89,316.25,900,14,730,38.09,66.06,122.82,7.2,5,5.2,5.05,466.6,25,26,1.04,0.97
16/07/2021,7:12:00 PM,7:12:46 PM,Albion Park,QLD,5,185314740,R5 2138m Pace M,185314741,Harness,2138,Pace,25201449,7,Chasing The Wind,LOSER,28.98,LOSER,5.75,355.21,46,28,36,33.1,86.7,720,5.2,480,34.09,77.61,225.46,6.2,5.5,5.7,5.64,110.09,34,36,1.04,0.97
16/07/2021,7:12:00 PM,7:12:46 PM,Albion Park,QLD,5,185314740,R5 2138m Pace M,185314741,Harness,2138,Pace,28091520,8,Islas Joy,LOSER,21.54,LOSER,6.56,554.27,32,16.5,27,24.78,237.27,720,2.3,720,18.18,128.96,233.94,3.9,3.9,3.9,3.9,5,25,27,1.04,0.97
16/07/2021,7:12:00 PM,7:12:46 PM,Albion Park,QLD,5,185314740,R5 2138m Pace M,185314741,Harness,2138,Pace,40112141,9,Oaxacan Dream,WINNER,4.98,WINNER,1.87,909.16,5.1,3.4,4.9,4.49,1955.05,13,1.01,1.01,1.46,4206.83,1871.9,1.92,1.77,1.85,1.86,359.67,4.7,5,1.04,0.97
16/07/2021,7:12:00 PM,7:12:46 PM,Albion Park,QLD,5,185314740,R5 2138m Pace M,185314741,Harness,2138,Pace,40186703,10,Juddy Douglas,LOSER,35.36,LOSER,6.8,202.21,40,15.5,32,26.36,224.68,720,11,720,82.62,20.73,198.14,4.1,4.1,4.1,4.1,5,19,19.5,1.04,0.97
16/07/2021,7:12:00 PM,7:12:46 PM,Albion Park,QLD,5,185314740,R5 2138m Pace M,185314741,Harness,2138,Pace,27944217,11,Shady Azz,LOSER,7,WINNER,2.67,797.6,8.6,3.7,7,6.81,1255.76,720,3.25,720,6.36,454.87,491.64,2.86,1.64,2.86,2.62,13.84,7.4,8,1.04,0.97
16/07/2021,7:12:00 PM,7:12:46 PM,Albion Park,QLD,5,185314740,R5 2138m Pace M,185314741,Harness,2138,Pace,40186704,12,Classie American,LOSER,41.25,LOSER,10.95,171.03,90,30,40,46.62,90.84,750,40,750,86.13,17.43,104.3,8.8,6,7.8,7.58,72.16,55,60,1.04,0.97
16/07/2021,7:42:00 PM,7:42:27 PM,Albion Park,QLD,6,185314742,R6 1660m Pace M,185314743,Harness,1660,Pace,10521871,1,Heez Perfect,LOSER,329.89,LOSER,6.53,72.51,330,180,330,228.14,96.26,720,48,700,234.77,25.31,156.09,9.4,5.5,8.6,7.08,222.73,250,330,1.06,0.96
16/07/2021,7:42:00 PM,7:42:27 PM,Albion Park,QLD,6,185314742,R6 1660m Pace M,185314743,Harness,1660,Pace,40186705,2,Lamandier,WINNER,1.45,WINNER,1.11,4696.38,1.99,1.33,1.42,1.41,30552.14,1.53,1.01,1.01,1.19,15459.17,1815.6,1.14,1.08,1.14,1.11,1013.3,1.44,1.52,1.06,0.96
16/07/2021,7:42:00 PM,7:42:27 PM,Albion Park,QLD,6,185314742,R6 1660m Pace M,185314743,Harness,1660,Pace,20864114,3,Runfortheroses,LOSER,167.61,LOSER,8.6,54.96,180,95,150,148.98,64.64,900,75,890,263.4,5.27,113.31,14,8.4,10.5,10.51,29.86,120,150,1.06,0.96
16/07/2021,7:42:00 PM,7:42:27 PM,Albion Park,QLD,6,185314742,R6 1660m Pace M,185314743,Harness,1660,Pace,24553846,4,Which Hunt,LOSER,61.93,LOSER,4.41,146.51,90,32,48,47.67,130.3,840,30,840,134.98,9.43,217.07,3.35,3.35,3.35,3.35,0.47,32,40,1.06,0.96
16/07/2021,7:42:00 PM,7:42:27 PM,Albion Park,QLD,6,185314742,R6 1660m Pace M,185314743,Harness,1660,Pace,23476064,5,Major Lester,LOSER,100,LOSER,14.21,89.4,100,55,100,73.89,118.04,940,21,940,133.07,11.36,134,28,5.1,13.5,5.66,32.42,50,80,1.06,0.96
16/07/2021,7:42:00 PM,7:42:27 PM,Albion Park,QLD,6,185314742,R6 1660m Pace M,185314743,Harness,1660,Pace,24553855,6,Rocks Or Diamonds,LOSER,23,WINNER,4.14,452.22,38,11,22,21.24,524.81,720,12,720,42.46,68.93,635.63,6,2.86,4.1,3.2,88.5,24,27,1.06,0.96
16/07/2021,7:42:00 PM,7:42:27 PM,Albion Park,QLD,6,185314742,R6 1660m Pace M,185314743,Harness,1660,Pace,9345780,7,Four Starzzz Forsa,LOSER,68.75,WINNER,5.09,112.48,130,36,65,57.88,148.56,380,5,5,22.94,256.03,242.92,3.75,3.2,3.75,3.71,7,40,70,1.06,0.96
16/07/2021,7:42:00 PM,7:42:27 PM,Albion Park,QLD,6,185314742,R6 1660m Pace M,185314743,Harness,1660,Pace,8527332,8,Targaryen,LOSER,48.75,LOSER,3.58,210.43,100,17,42,46.06,209.5,760,22,760,74.2,25.76,474.87,4.8,2.76,4,3.58,304.56,32,36,1.06,0.96
16/07/2021,7:42:00 PM,7:42:27 PM,Albion Park,QLD,6,185314742,R6 1660m Pace M,185314743,Harness,1660,Pace,1106829,9,King Of Trumps,LOSER,4.92,LOSER,1.58,4376.32,9.4,5.7,6.6,6.33,5757.06,720,3.4,370,5.87,1664.8,1134.39,1.72,1.44,1.6,1.51,3360.59,5.9,6.6,1.06,0.96
16/07/2021,7:42:00 PM,7:42:27 PM,Albion Park,QLD,6,185314742,R6 1660m Pace M,185314743,Harness,1660,Pace,24465484,10,Mega Star,LOSER,46.24,LOSER,5.33,179.53,85,27,38,43.93,262.18,920,38,920,72.79,32.85,48.88,5.4,3.75,5.2,4.7,47.03,27,36,1.06,0.96
16/07/2021,8:12:00 PM,8:03:32 PM,Albion Park,QLD,7,185314744,R7 1660m Pace M,185314745,Harness,1660,Pace,24153717,1,Il Maximus,LOSER,25.57,LOSER,3.15,1.5,,,,,,,,,,,,,,,,,1.14,720,8.77,0.01
16/07/2021,8:12:00 PM,,Albion Park,QLD,7,185314744,R7 1660m Pace M,185314745,Harness,1660,Pace,12571388,2,Betterthanspraying,LOSER,39.89,LOSER,4.89,,,,,,,,,,,,,,,,,,,,,
16/07/2021,8:12:00 PM,8:03:32 PM,Albion Park,QLD,7,185314744,R7 1660m Pace M,185314745,Harness,1660,Pace,550425,3,Quick Step,WINNER,2.55,WINNER,1.39,7,3,2.8,3,2.94,51.54,,,,,,,,,,,,1.14,720,8.77,0.01
16/07/2021,8:12:00 PM,,Albion Park,QLD,7,185314744,R7 1660m Pace M,185314745,Harness,1660,Pace,24444047,4,Our Ultimate Hanna,LOSER,14.56,LOSER,2.64,,,,,,,,,,,,,,,,,,,,,
16/07/2021,8:12:00 PM,8:03:32 PM,Albion Park,QLD,7,185314744,R7 1660m Pace M,185314745,Harness,1660,Pace,10569186,5,Springfield Spirit,LOSER,135.84,LOSER,9.33,11.38,,,,,,,,,,,,,,,,,1.14,720,8.77,0.01
16/07/2021,8:12:00 PM,8:03:32 PM,Albion Park,QLD,7,185314744,R7 1660m Pace M,185314745,Harness,1660,Pace,13488564,6,Roll With Rocky,LOSER,6.57,LOSER,2.44,418.5,,,,,,,,,,,,,,,,,1.14,720,8.77,0.01
16/07/2021,8:12:00 PM,,Albion Park,QLD,7,185314744,R7 1660m Pace M,185314745,Harness,1660,Pace,18543798,7,Notorious,LOSER,52.74,LOSER,5.94,,,,,,,,,,,,,,,,,,,,,
16/07/2021,8:12:00 PM,8:03:32 PM,Albion Park,QLD,7,185314744,R7 1660m Pace M,185314745,Harness,1660,Pace,23331650,8,Speed Dial,LOSER,65.35,WINNER,6.24,3,,,,,,,,,,,,,,,,,1.14,720,8.77,0.01
16/07/2021,8:12:00 PM,8:03:32 PM,Albion Park,QLD,7,185314744,R7 1660m Pace M,185314745,Harness,1660,Pace,24266543,9,El Aguila,LOSER,4.26,WINNER,5.05,25,,,,,,,,,,,,,,,,,1.14,720,8.77,0.01
16/07/2021,8:12:00 PM,8:03:32 PM,Albion Park,QLD,7,185314744,R7 1660m Pace M,185314745,Harness,1660,Pace,18739467,10,Ifoundthebeach,LOSER,21.84,LOSER,2.99,2,,,,,,,,,,,,,,,,,1.14,720,8.77,0.01
16/07/2021,8:42:00 PM,8:42:43 PM,Albion Park,QLD,8,185314746,R8 1660m Pace M,185314747,Harness,1660,Pace,12573498,1,Major Grandeur,WINNER,8.75,WINNER,2.24,621.43,11,5.9,8.2,9.05,633.62,70,1.07,1.08,2.07,1818.6,858.1,2.38,2.04,2.36,2.25,257.42,9.8,10.5,1.03,0.98
16/07/2021,8:42:00 PM,8:42:43 PM,Albion Park,QLD,8,185314746,R8 1660m Pace M,185314747,Harness,1660,Pace,22547585,2,Jay Dee Be Rollin,LOSER,3.8,WINNER,1.7,1483.38,7.4,3.5,3.5,4.1,3889.45,17.5,1.06,17.5,2.05,5216.14,1453.17,2.1,1.58,1.74,1.75,211,4,4.1,1.03,0.98
16/07/2021,8:42:00 PM,8:42:43 PM,Albion Park,QLD,8,185314746,R8 1660m Pace M,185314747,Harness,1660,Pace,14716810,3,Kettering Girl,LOSER,140,LOSER,13.78,41.92,140,75,140,92.91,38.71,1000,80,1000,586.42,1.19,123.82,12.5,10.5,12.5,11.26,49.79,80,95,1.03,0.98
16/07/2021,8:42:00 PM,8:42:43 PM,Albion Park,QLD,8,185314746,R8 1660m Pace M,185314747,Harness,1660,Pace,40186706,4,Crown Mojo,LOSER,6.4,LOSER,2.26,594.91,7,5.2,6.4,6.05,1481.47,1000,2.54,1000,8.27,230.26,697.01,2.06,2.06,2.06,2.06,4.76,6.2,6.4,1.03,0.98
16/07/2021,8:42:00 PM,8:42:43 PM,Albion Park,QLD,8,185314746,R8 1660m Pace M,185314747,Harness,1660,Pace,40186707,5,Bee A Blessing,LOSER,560,LOSER,95.7,14,570,220,560,420.15,40.77,1000,300,1000,326.24,5.33,21.87,32,25,26,27.07,19.3,410,460,1.03,0.98
16/07/2021,8:42:00 PM,8:42:43 PM,Albion Park,QLD,8,185314746,R8 1660m Pace M,185314747,Harness,1660,Pace,21526875,6,Devouged,LOSER,7.2,WINNER,2.59,559.73,9.8,7,7,7.48,1024.61,1000,1.53,1000,12.92,98.54,644.5,2.96,2.14,2.34,2.26,237.34,7.6,8.4,1.03,0.98
16/07/2021,8:42:00 PM,8:42:43 PM,Albion Park,QLD,8,185314746,R8 1660m Pace M,185314747,Harness,1660,Pace,19150509,7,Montana Express,LOSER,55,LOSER,17.91,73.92,90,34,65,46.34,114.91,1000,34,1000,84.1,14.21,78.56,24,17,24,18.75,0.08,36,38,1.03,0.98
16/07/2021,8:42:00 PM,8:42:43 PM,Albion Park,QLD,8,185314746,R8 1660m Pace M,185314747,Harness,1660,Pace,28237912,8,The Casual Goose,LOSER,45.65,LOSER,7.01,109.65,70,32,48,37.13,190.59,1000,44,1000,114.95,12.3,224.47,6.2,5.5,6,5.9,65,34,38,1.03,0.98
16/07/2021,8:42:00 PM,8:42:43 PM,Albion Park,QLD,8,185314746,R8 1660m Pace M,185314747,Harness,1660,Pace,17089354,9,Itsmegs,LOSER,34,LOSER,5.36,130.62,46,28,34,32.39,179.66,1000,3.4,710,22.34,139.64,311.52,5.8,5.3,5.5,5.6,41.09,30,32,1.03,0.98
16/07/2021,8:42:00 PM,8:42:43 PM,Albion Park,QLD,8,185314746,R8 1660m Pace M,185314747,Harness,1660,Pace,40186708,10,Mongolian Conqueror,LOSER,3.72,LOSER,1.8,1520.7,4.1,3.05,3.7,3.52,3790.8,1000,2,1000,4.97,566.9,674.65,1.8,1.49,1.8,1.67,226.21,3.6,3.7,1.03,0.98
16/07/2021,9:12:00 PM,9:12:18 PM,Albion Park,QLD,9,185314748,R9 1660m Pace M,185314749,Harness,1660,Pace,36201178,1,Fremarksindi,LOSER,168.16,LOSER,31.17,26.21,200,55,170,115.9,40.16,720,160,700,388.17,2.07,34.1,29,10.5,29,10.65,5.04,160,190,1.05,0.97
16/07/2021,9:12:00 PM,9:12:18 PM,Albion Park,QLD,9,185314748,R9 1660m Pace M,185314749,Harness,1660,Pace,19951051,2,Schooby,LOSER,70.91,LOSER,16.29,84.43,90,50,70,62.51,62.61,720,28,720,71.06,17.33,108.75,8.4,8.4,8.4,8.4,10,65,90,1.05,0.97
16/07/2021,9:12:00 PM,9:12:18 PM,Albion Park,QLD,9,185314748,R9 1660m Pace M,185314749,Harness,1660,Pace,26298202,3,Game Keeper,LOSER,21.13,LOSER,3.8,257.84,29,11.5,21,20.9,220.57,720,5.2,720,14.55,169.18,668.8,4.8,3.05,4.8,4.28,57.39,17.5,20,1.05,0.97
16/07/2021,9:12:00 PM,9:12:18 PM,Albion Park,QLD,9,185314748,R9 1660m Pace M,185314749,Harness,1660,Pace,24718316,4,Midnight Queen,LOSER,5.93,LOSER,2.28,1018.6,7.6,5.7,6,6.45,1969.89,870,3.3,580,13.04,540.5,703.61,2.24,1.99,2.24,2.11,192.59,6.4,6.8,1.05,0.97
16/07/2021,9:12:00 PM,9:12:18 PM,Albion Park,QLD,9,185314748,R9 1660m Pace M,185314749,Harness,1660,Pace,27290352,5,Fastnflashy,LOSER,11.01,LOSER,3.01,485.62,14,9.4,11,10.9,661.04,720,5,720,29.32,123.27,377.86,3.8,2.32,2.36,2.47,95.1,9.8,10,1.05,0.97
16/07/2021,9:12:00 PM,9:12:18 PM,Albion Park,QLD,9,185314748,R9 1660m Pace M,185314749,Harness,1660,Pace,40186709,6,Archilles,LOSER,46.23,LOSER,7.7,132.02,80,30,42,37.96,267.77,720,21,300,68.7,24.91,220.31,5.7,5.7,5.7,5.7,0.17,36,40,1.05,0.97
16/07/2021,9:12:00 PM,9:12:18 PM,Albion Park,QLD,9,185314748,R9 1660m Pace M,185314749,Harness,1660,Pace,15708643,7,Forgive Me,WINNER,7.56,WINNER,2.47,654.1,8,4.6,7.2,6.73,754.66,14.5,1.01,1.01,1.64,3615.82,625.76,2.6,2.04,2.6,2.32,103.04,7.4,8.2,1.05,0.97
16/07/2021,9:12:00 PM,9:12:18 PM,Albion Park,QLD,9,185314748,R9 1660m Pace M,185314749,Harness,1660,Pace,19769593,8,The Ragnbone Man,LOSER,7.64,WINNER,2.52,754.01,11,7.6,8,8.87,918.86,220,2.02,220,8.07,236.83,389.49,2.74,2.32,2.74,2.55,3.27,7.6,8.6,1.05,0.97
16/07/2021,9:12:00 PM,9:12:18 PM,Albion Park,QLD,9,185314748,R9 1660m Pace M,185314749,Harness,1660,Pace,23390454,9,Woodlands Wonder,LOSER,2.87,WINNER,1.36,2630.34,3.45,2.28,2.64,2.52,10943.87,140,1.88,90,2.98,2070.93,1407.88,1.44,1.33,1.33,1.36,456.77,2.5,2.62,1.05,0.97
16/07/2021,9:12:00 PM,9:12:18 PM,Albion Park,QLD,9,185314748,R9 1660m Pace M,185314749,Harness,1660,Pace,4955459,10,Chang,LOSER,95.82,LOSER,14.45,65.94,95,48,85,67.15,43.81,720,18.5,480,56.61,21.7,121.48,7.8,7.8,7.8,7.8,7,55,80,1.05,0.97
16/07/2021,9:42:00 PM,9:42:37 PM,Albion Park,QLD,10,185314750,R10 2138m Trot S,185314751,Harness,2138,Trot,29251972,1,Aldebaran Selena,LOSER,1.55,LOSER,1.19,5919.43,2.22,1.6,1.63,1.72,14500.97,720,1.23,710,1.6,4114.55,1717.67,1.28,1.19,1.22,1.22,766.15,1.62,1.65,1.03,0.98
16/07/2021,9:42:00 PM,9:42:37 PM,Albion Park,QLD,10,185314750,R10 2138m Trot S,185314751,Harness,2138,Trot,40186710,2,Doubletap,LOSER,39.7,LOSER,6.9,137.91,46,32,40,39.81,77.65,740,38,720,119.06,12.12,219.19,5.7,5.7,5.7,5.7,5,40,42,1.03,0.98
16/07/2021,9:42:00 PM,9:42:37 PM,Albion Park,QLD,10,185314750,R10 2138m Trot S,185314751,Harness,2138,Trot,10569210,3,High Cloud Lass,LOSER,220.74,LOSER,18.95,42.37,380,140,150,221.51,70.04,720,120,720,223.93,18.47,101.35,13,13,13,13,5,140,150,1.03,0.98
16/07/2021,9:42:00 PM,9:42:37 PM,Albion Park,QLD,10,185314750,R10 2138m Trot S,185314751,Harness,2138,Trot,38262848,4,Touche De Fling,LOSER,12.5,WINNER,2.81,376.94,44,12,12.5,14.36,207.32,720,3.75,430,24.03,67.49,654.56,4,4,4,4,1.32,12.5,14,1.03,0.98
16/07/2021,9:42:00 PM,9:42:37 PM,Albion Park,QLD,10,185314750,R10 2138m Trot S,185314751,Harness,2138,Trot,16297571,5,Norahs Fling,LOSER,16.74,LOSER,3.55,475.25,19.5,8.2,19,14.37,107.87,720,16,720,31.99,60.25,352.51,3.4,3.4,3.4,3.4,10,17,19,1.03,0.98
16/07/2021,9:42:00 PM,9:42:37 PM,Albion Park,QLD,10,185314750,R10 2138m Trot S,185314751,Harness,2138,Trot,9104904,6,Mister Chisholm,LOSER,48,LOSER,7.3,122.81,48,19.5,46,39.28,81.51,720,48,720,109.91,9.15,197.42,,,,,,38,48,1.03,0.98
16/07/2021,9:42:00 PM,9:42:37 PM,Albion Park,QLD,10,185314750,R10 2138m Trot S,185314751,Harness,2138,Trot,1189735,7,Hattie,LOSER,49.18,LOSER,7.2,116.26,50,18.5,50,45.34,97.16,720,55,720,127.77,6.62,216.2,7.6,7.6,7.6,7.6,14.99,48,50,1.03,0.98
16/07/2021,9:42:00 PM,9:42:37 PM,Albion Park,QLD,10,185314750,R10 2138m Trot S,185314751,Harness,2138,Trot,38607587,8,The Night King,WINNER,18.32,WINNER,3.67,272.51,21,7.2,19.5,14.89,190.58,350,1.02,1.06,1.88,2346.66,396.08,3.25,3.2,3.2,3.21,60,18,20,1.03,0.98
16/07/2021,9:42:00 PM,9:42:37 PM,Albion Park,QLD,10,185314750,R10 2138m Trot S,185314751,Harness,2138,Trot,17427977,9,Just Call Me Molly,LOSER,11.7,LOSER,3.41,556.74,14,7.6,12.5,10.76,1068.91,720,4.3,720,15.81,148.63,322.5,3.1,2.38,2.64,2.42,16.82,12,13.5,1.03,0.98
16/07/2021,9:42:00 PM,9:42:37 PM,Albion Park,QLD,10,185314750,R10 2138m Trot S,185314751,Harness,2138,Trot,25371519,10,Ima Calvert Rose,LOSER,16.31,WINNER,3.34,279.81,17.5,9.6,17.5,15.71,136.55,34,1.03,10,2.16,2099.97,352.52,3.05,3.05,3.05,3.05,45,16.5,17.5,1.03,0.98
16/07/2021,10:15:00 PM,10:15:41 PM,Albion Park,QLD,11,185314752,R11 2138m Trot S,185314753,Harness,2138,Trot,23955020,1,Shegotsass,LOSER,18.09,LOSER,3.45,437.57,22,14,18.5,18.26,160,720,18,720,48.41,33.05,364.7,,,,,,19,21,0.94,0.98
16/07/2021,10:15:00 PM,10:15:41 PM,Albion Park,QLD,11,185314752,R11 2138m Trot S,185314753,Harness,2138,Trot,15843196,2,Rosehill Magic,LOSER,6.04,LOSER,1.91,698.36,6.2,4.4,5.5,5.48,1904.29,720,2.52,720,6.85,708.52,835.83,1.92,1.61,1.91,1.75,75.79,5.9,6.2,0.94,0.98
16/07/2021,10:15:00 PM,10:15:41 PM,Albion Park,QLD,11,185314752,R11 2138m Trot S,185314753,Harness,2138,Trot,11029638,3,One Night Out,LOSER,1.83,WINNER,1.19,2888,2.58,1.68,1.81,1.91,21586.19,140,1.44,100,1.84,2295.5,2268.69,1.27,1.17,1.22,1.24,1032.9,1.97,1.73,0.94,0.98
16/07/2021,10:15:00 PM,10:15:41 PM,Albion Park,QLD,11,185314752,R11 2138m Trot S,185314753,Harness,2138,Trot,10921178,4,Down Under Rors,LOSER,22.95,LOSER,4.02,410.38,26,13,26,20.33,277.84,700,22,700,72.27,21.26,484.8,4.7,4.7,4.7,4.7,0.26,24,25,0.94,0.98
16/07/2021,10:15:00 PM,10:15:41 PM,Albion Park,QLD,11,185314752,R11 2138m Trot S,185314753,Harness,2138,Trot,28605526,5,Aurora,LOSER,74.74,LOSER,8.7,76.98,250,55,65,63.28,87.97,620,9.6,540,46.25,60.36,164.09,6.8,6.8,6.8,6.8,5,60,70,0.94,0.98
16/07/2021,10:15:00 PM,10:15:41 PM,Albion Park,QLD,11,185314752,R11 2138m Trot S,185314753,Harness,2138,Trot,17326134,6,Melpark Magic,LOSER,14.14,LOSER,3.16,387.55,24,14.5,15,18.9,251.35,720,5.9,720,16.78,162.89,364.11,5,3.55,3.55,3.62,5.26,18.5,21,0.94,0.98
16/07/2021,10:15:00 PM,10:15:41 PM,Albion Park,QLD,11,185314752,R11 2138m Trot S,185314753,Harness,2138,Trot,14510017,7,Matatoki,LOSER,14.26,WINNER,3.06,403.45,17.5,8.6,13.5,12.95,634.48,630,16.5,630,37.62,52.11,380.32,2.84,2.24,2.84,2.25,5.07,15,17.5,0.94,0.98
16/07/2021,10:15:00 PM,10:15:41 PM,Albion Park,QLD,11,185314752,R11 2138m Trot S,185314753,Harness,2138,Trot,7402783,8,Majestic Ess Jay,WINNER,26.07,WINNER,4.63,361.6,34,20,28,28.35,236.4,170,1.01,1.01,1.73,3078.78,353.41,6.4,4.2,4.3,5.35,19.99,32,34,0.94,0.98
16/07/2021,3:36:00 PM,3:36:57 PM,Alexandra Park,NZ,1,185316705,R1 2200m Trot S,185316706,Harness,2200,Trot,22436881,1,Minnie Bow Tique,LOSER,,WINNER,,,15.5,10.5,11,12.45,184.35,490,3.8,490,5.05,139.02,,,,,,,12.5,13,1.06,0.93
16/07/2021,3:36:00 PM,3:36:57 PM,Alexandra Park,NZ,1,185316705,R1 2200m Trot S,185316706,Harness,2200,Trot,32825110,2,Scrappylittlenobody,LOSER,,LOSER,,,10.5,9,9.6,9.69,237.05,550,5.5,550,7.56,138,,2.86,2.86,2.86,2.86,6,9,9.4,1.06,0.93
16/07/2021,3:36:00 PM,3:36:57 PM,Alexandra Park,NZ,1,185316705,R1 2200m Trot S,185316706,Harness,2200,Trot,39669857,3,Chicago H,LOSER,,LOSER,,,18.5,14,18.5,15.44,14.06,560,40,560,102.26,3.75,,3.65,3.65,3.65,3.65,26.04,18.5,19,1.06,0.93
16/07/2021,3:36:00 PM,3:36:57 PM,Alexandra Park,NZ,1,185316705,R1 2200m Trot S,185316706,Harness,2200,Trot,12525331,4,The Last Gamble,LOSER,,LOSER,,,38,29,29,32.75,10.17,520,140,520,289.04,0.31,,12.5,12.5,12.5,12.5,0.04,29,55,1.06,0.93
16/07/2021,3:36:00 PM,3:36:57 PM,Alexandra Park,NZ,1,185316705,R1 2200m Trot S,185316706,Harness,2200,Trot,23156787,5,Superfast Ninja,LOSER,,LOSER,,,4,2.96,2.98,3.27,1068.49,140,2.32,140,8.15,97.46,,1.8,1.63,1.65,1.68,247.92,3.45,3.5,1.06,0.93
16/07/2021,3:36:00 PM,3:36:57 PM,Alexandra Park,NZ,1,185316705,R1 2200m Trot S,185316706,Harness,2200,Trot,40183446,6,Miss Slippers,LOSER,,LOSER,,,7.2,5.6,7.2,6.18,101.63,24,1.46,1.46,2.66,85.31,,,,,,,6.8,7,1.06,0.93
16/07/2021,3:36:00 PM,3:36:57 PM,Alexandra Park,NZ,1,185316705,R1 2200m Trot S,185316706,Harness,2200,Trot,35683006,7,I Got Music,LOSER,,WINNER,,,,,,,,930,140,140,426.15,0.12,,12.5,5.8,12.5,6.21,26.08,23,44,1.06,0.93
16/07/2021,3:36:00 PM,3:36:57 PM,Alexandra Park,NZ,1,185316705,R1 2200m Trot S,185316706,Harness,2200,Trot,40183447,8,Drum N Bass,LOSER,,LOSER,,,11,9.2,10,10.37,20.06,550,6.4,550,24.9,5.63,,,,,,,10.5,13.5,1.06,0.93
16/07/2021,3:36:00 PM,3:36:57 PM,Alexandra Park,NZ,1,185316705,R1 2200m Trot S,185316706,Harness,2200,Trot,40183448,9,Sky High Flyer,LOSER,,LOSER,,,110,42,110,67.35,2.53,960,560,960,864.76,0.09,,,,,,,80,100,1.06,0.93
16/07/2021,3:36:00 PM,3:36:57 PM,Alexandra Park,NZ,1,185316705,R1 2200m Trot S,185316706,Harness,2200,Trot,35683007,10,My Royal Roxy,LOSER,,LOSER,,,19.5,18.5,19,18.84,16.53,570,140,570,272.07,0.38,,4.8,4.8,4.8,4.8,10,19.5,25,1.06,0.93
16/07/2021,3:36:00 PM,3:36:57 PM,Alexandra Park,NZ,1,185316705,R1 2200m Trot S,185316706,Harness,2200,Trot,40183449,11,Lexi T,WINNER,,WINNER,,,18.5,12,18,13.71,16.27,6.2,1.03,1.03,2.4,59.76,,,,,,,13,17.5,1.06,0.93
16/07/2021,3:36:00 PM,3:36:57 PM,Alexandra Park,NZ,1,185316705,R1 2200m Trot S,185316706,Harness,2200,Trot,40183450,12,Safrakova,LOSER,,LOSER,,,19,15,18.5,17.81,29.72,90,3.4,90,9.78,78.54,,5,3.95,5,4.29,30,19,24,1.06,0.93
16/07/2021,3:36:00 PM,3:36:57 PM,Alexandra Park,NZ,1,185316705,R1 2200m Trot S,185316706,Harness,2200,Trot,9092789,13,Shay Scott,LOSER,,LOSER,,,85,65,65,72.59,5.37,590,590,590,590,0.02,,80,70,70,73.13,3.73,65,280,1.06,0.93
16/07/2021,4:01:00 PM,4:01:30 PM,Alexandra Park,NZ,2,185316707,R2 1609m Pace M,185316708,Harness,1609,Pace,37954318,1,Miss Hathaway,LOSER,,LOSER,,,16,11.5,14.5,13.48,13.54,140,5.7,36,8.08,27.24,,,,,,,11.5,18,1.04,0.91
16/07/2021,4:01:00 PM,4:01:30 PM,Alexandra Park,NZ,2,185316707,R2 1609m Pace M,185316708,Harness,1609,Pace,21427538,2,The Blue Beat,LOSER,,LOSER,,,19,18.5,19,18.85,8.13,140,34,140,68.66,12.07,,,,,,,19,24,1.04,0.91
16/07/2021,4:01:00 PM,4:01:30 PM,Alexandra Park,NZ,2,185316707,R2 1609m Pace M,185316708,Harness,1609,Pace,447072,3,Manhattan,LOSER,,WINNER,,,2.52,2,2.04,2.16,1304.05,140,1.67,120,4.9,4.16,,1.5,1.5,1.5,1.5,5.38,2.22,2.38,1.04,0.91
16/07/2021,4:01:00 PM,4:01:30 PM,Alexandra Park,NZ,2,185316707,R2 1609m Pace M,185316708,Harness,1609,Pace,3907028,4,Settle Petal,WINNER,,WINNER,,,8.4,5.7,6,6.31,299.21,11,1.01,1.01,1.46,114.92,,,,,,,6,6.4,1.04,0.91
16/07/2021,4:01:00 PM,4:01:30 PM,Alexandra Park,NZ,2,185316707,R2 1609m Pace M,185316708,Harness,1609,Pace,910189,5,Spice It Up,LOSER,,LOSER,,,15,10,15,10.57,10.4,140,140,140,140,0.02,,,,,,,10.5,15,1.04,0.91
16/07/2021,4:01:00 PM,4:01:30 PM,Alexandra Park,NZ,2,185316707,R2 1609m Pace M,185316708,Harness,1609,Pace,28776866,6,Emmber,LOSER,,LOSER,,,40,38,38,38.65,0.52,930,140,930,535,0.04,,,,,,,40,55,1.04,0.91
16/07/2021,4:01:00 PM,4:01:30 PM,Alexandra Park,NZ,2,185316707,R2 1609m Pace M,185316708,Harness,1609,Pace,26963910,7,Swell Time,LOSER,,LOSER,,,42,23,29,29.13,10.73,55,55,55,55,1.17,,,,,,,28,36,1.04,0.91
16/07/2021,4:01:00 PM,4:01:30 PM,Alexandra Park,NZ,2,185316707,R2 1609m Pace M,185316708,Harness,1609,Pace,23681685,8,Little Miss Perfect,LOSER,,WINNER,,,8.4,6.8,8,7.52,138.12,140,6.6,140,7.43,30.33,,1.79,1.78,1.78,1.79,9.29,8,8.4,1.04,0.91
16/07/2021,4:26:00 PM,4:26:37 PM,Alexandra Park,NZ,3,185316709,R3 2200m Pace M,185316710,Harness,2200,Pace,22213131,1,Governors Bay,LOSER,,LOSER,,,8.8,5.5,7,6.69,74.44,480,6.6,480,25.59,3.07,,2.88,2.88,2.88,2.88,4.96,6,6.6,1.11,0.95
16/07/2021,4:26:00 PM,4:26:37 PM,Alexandra Park,NZ,3,185316709,R3 2200m Pace M,185316710,Harness,2200,Pace,11782533,2,John Wayne,LOSER,,WINNER,,,4,2.96,3.2,3.29,369.95,8,1.5,7.8,2.55,558.61,,1.48,1.42,1.42,1.45,115,3.15,4,1.11,0.95
16/07/2021,4:26:00 PM,4:26:37 PM,Alexandra Park,NZ,3,185316709,R3 2200m Pace M,185316710,Harness,2200,Pace,18884953,3,Drum Withers,LOSER,,WINNER,,,29,18.5,29,22.91,5.13,140,13,140,26.71,4.22,,8,8,8,8,1.73,19.5,29,1.11,0.95
16/07/2021,4:26:00 PM,4:26:37 PM,Alexandra Park,NZ,3,185316709,R3 2200m Pace M,185316710,Harness,2200,Pace,40183451,4,Stac,LOSER,,LOSER,,,19.5,15,16,16.54,57.25,910,32,710,105.05,12.46,,8,8,8,8,1.79,17.5,19,1.11,0.95
16/07/2021,4:26:00 PM,4:26:37 PM,Alexandra Park,NZ,3,185316709,R3 2200m Pace M,185316710,Harness,2200,Pace,39669854,5,Hesashorething,WINNER,,WINNER,,,7,4.9,5.1,5.31,342.03,22,1.04,1.19,2.85,247.35,,2.24,2.24,2.24,2.24,6.36,5,5.2,1.11,0.95
16/07/2021,4:26:00 PM,4:26:37 PM,Alexandra Park,NZ,3,185316709,R3 2200m Pace M,185316710,Harness,2200,Pace,40183452,6,Tintoretto,LOSER,,LOSER,,,250,55,60,66.2,15.4,140,100,140,122.86,0.03,,18.5,18,18.5,18.07,5.75,95,230,1.11,0.95
16/07/2021,4:26:00 PM,4:26:37 PM,Alexandra Park,NZ,3,185316709,R3 2200m Pace M,185316710,Harness,2200,Pace,11814919,7,Rory Mcilroy,LOSER,,LOSER,,,270,46,140,72.74,4.23,180,180,180,180,0.02,,34,21,34,22.28,4.13,95,130,1.11,0.95
16/07/2021,4:26:00 PM,4:26:37 PM,Alexandra Park,NZ,3,185316709,R3 2200m Pace M,185316710,Harness,2200,Pace,38404936,8,Claudia Schiffer,LOSER,,LOSER,,,6.2,5.2,6.2,5.65,216.42,810,6.2,80,10.18,16.01,,2.7,2.7,2.7,2.7,5.25,5.6,5.9,1.11,0.95
16/07/2021,4:26:00 PM,4:26:37 PM,Alexandra Park,NZ,3,185316709,R3 2200m Pace M,185316710,Harness,2200,Pace,40183453,9,Murphys Reward,LOSER,,LOSER,,,13,7.6,9.6,9.97,118.12,630,14,630,18.97,10.95,,3.45,3.45,3.45,3.45,4.12,8.2,12,1.11,0.95
16/07/2021,4:55:00 PM,4:55:43 PM,Alexandra Park,NZ,4,185316711,R4 2200m Pace M,185316712,Harness,2200,Pace,39876771,1,Arden Velocity,WINNER,,WINNER,,,2.72,2.22,2.72,2.48,3891.25,2.72,1.63,1.63,2.03,610.85,,1.46,1.35,1.35,1.39,12.85,2.5,2.52,1.07,0.99
16/07/2021,4:55:00 PM,4:55:43 PM,Alexandra Park,NZ,4,185316711,R4 2200m Pace M,185316712,Harness,2200,Pace,40183454,2,Eyecon,LOSER,,LOSER,,,55,42,50,42.87,14.59,55,55,55,55,0.01,,,,,,,42,50,1.07,0.99
16/07/2021,4:55:00 PM,4:55:43 PM,Alexandra Park,NZ,4,185316711,R4 2200m Pace M,185316712,Harness,2200,Pace,38262326,3,Doctor Steve,LOSER,,WINNER,,,8,6,7.6,6.96,139.55,6.6,5.1,5.1,5.11,10,,2.52,1.97,2.52,2.23,119.78,7,7.4,1.07,0.99
16/07/2021,4:55:00 PM,4:55:43 PM,Alexandra Park,NZ,4,185316711,R4 2200m Pace M,185316712,Harness,2200,Pace,40183455,4,Magic Four,LOSER,,LOSER,,,7.8,5.8,6.2,6.21,752.65,11,4,4.6,5.48,33.19,,2.44,2.02,2.02,2.26,132.59,5.8,6.2,1.07,0.99
16/07/2021,4:55:00 PM,4:55:43 PM,Alexandra Park,NZ,4,185316711,R4 2200m Pace M,185316712,Harness,2200,Pace,40183456,5,Father Quinn,LOSER,,LOSER,,,80,38,80,48.74,20.26,930,55,770,166.42,10.62,,,,,,,48,60,1.07,0.99
16/07/2021,4:55:00 PM,4:55:43 PM,Alexandra Park,NZ,4,185316711,R4 2200m Pace M,185316712,Harness,2200,Pace,40183457,7,Private Eye,LOSER,,LOSER,,,19,11,11.5,13.06,82.21,140,7.8,140,15.17,16.35,,,,,,,11.5,14,1.07,0.99
16/07/2021,4:55:00 PM,4:55:43 PM,Alexandra Park,NZ,4,185316711,R4 2200m Pace M,185316712,Harness,2200,Pace,40183459,9,Betyahavtime,LOSER,,WINNER,,,46,28,32,34.11,71.32,100,19.5,19.5,38.73,13.59,,5.2,5.2,5.2,5.2,20,36,38,1.07,0.99
16/07/2021,4:55:00 PM,4:55:43 PM,Alexandra Park,NZ,4,185316711,R4 2200m Pace M,185316712,Harness,2200,Pace,40183460,10,Midfrew Lucre,LOSER,,LOSER,,,17.5,11.5,17.5,13.84,67.47,18,9.6,18,17.86,2.04,,,,,,,14,17.5,1.07,0.99
16/07/2021,4:55:00 PM,4:55:43 PM,Alexandra Park,NZ,4,185316711,R4 2200m Pace M,185316712,Harness,2200,Pace,26880015,11,Joshua Richard,LOSER,,LOSER,,,9.8,8.2,8.4,8.7,179.01,140,8.2,140,19.41,13.43,,2.76,2.76,2.76,2.76,0.04,8.4,9.6,1.07,0.99
16/07/2021,5:21:00 PM,5:21:44 PM,Alexandra Park,NZ,5,185316713,R5 2200m Pace M,185316714,Harness,2200,Pace,475429,1,Marathon Man,WINNER,,WINNER,,,2.32,1.77,1.77,1.85,1262.8,9.6,1.75,9.6,1.89,350.97,,1.34,1.08,1.16,1.16,223.8,1.93,2.18,1.1,0.91
16/07/2021,5:21:00 PM,5:21:44 PM,Alexandra Park,NZ,5,185316713,R5 2200m Pace M,185316714,Harness,2200,Pace,7547755,2,Optical Illusion,LOSER,,LOSER,,,90,34,42,45.21,11.27,270,140,270,240.69,0.12,,4.8,4.8,4.8,4.8,5,32,55,1.1,0.91
16/07/2021,5:21:00 PM,5:21:44 PM,Alexandra Park,NZ,5,185316713,R5 2200m Pace M,185316714,Harness,2200,Pace,12315487,3,Lynton Creek,LOSER,,LOSER,,,100,75,80,84.97,2.83,140,80,140,82.14,0.44,,,,,,,50,75,1.1,0.91
16/07/2021,5:21:00 PM,5:21:44 PM,Alexandra Park,NZ,5,185316713,R5 2200m Pace M,185316714,Harness,2200,Pace,40183461,5,Run Mason Run,LOSER,,LOSER,,,46,17,24,21.77,57.02,190,6,140,12.42,40.74,,,,,,,17.5,42,1.1,0.91
16/07/2021,5:21:00 PM,5:21:44 PM,Alexandra Park,NZ,5,185316713,R5 2200m Pace M,185316714,Harness,2200,Pace,130597,6,Jack Tar,LOSER,,WINNER,,,38,18.5,36,22.52,13.12,210,15.5,210,19.58,6.61,,,,,,,22,36,1.1,0.91
16/07/2021,5:21:00 PM,5:21:44 PM,Alexandra Park,NZ,5,185316713,R5 2200m Pace M,185316714,Harness,2200,Pace,27200750,7,Major Jellis,LOSER,,LOSER,,,9.4,6,6.8,7,1132.43,4.7,2.32,2.32,3.54,35.42,,2.12,2.1,2.1,2.1,27.5,7,7.6,1.1,0.91
16/07/2021,5:21:00 PM,5:21:44 PM,Alexandra Park,NZ,5,185316713,R5 2200m Pace M,185316714,Harness,2200,Pace,3046898,8,Melanion,LOSER,,WINNER,,,7.6,5.7,7,6.64,93.5,5.1,1.9,1.9,4.42,239.05,,1.95,1.92,1.95,1.94,49.35,6.6,7.2,1.1,0.91
16/07/2021,5:21:00 PM,5:21:44 PM,Alexandra Park,NZ,5,185316713,R5 2200m Pace M,185316714,Harness,2200,Pace,38404929,9,Hooray Henry,LOSER,,LOSER,,,12,7.6,10.5,9.03,132.06,200,55,200,89.23,0.32,,2.22,2.14,2.14,2.2,40,8.4,11,1.1,0.91
16/07/2021,5:21:00 PM,5:21:44 PM,Alexandra Park,NZ,5,185316713,R5 2200m Pace M,185316714,Harness,2200,Pace,22638131,10,Ohoka Achilles,LOSER,,LOSER,,,290,100,200,235.1,0.95,250,19.5,250,28.54,13.32,,16.5,16.5,16.5,16.5,3.72,100,280,1.1,0.91
16/07/2021,5:51:00 PM,5:51:22 PM,Alexandra Park,NZ,6,185316715,R6 2200m Trot S,185316716,Harness,2200,Trot,40183462,1,In Sequence,WINNER,,WINNER,,,4.8,3,3.05,3.59,539.5,,,,,,,1.52,1.52,1.52,1.52,8,3.1,3.2,1.15,0.95
16/07/2021,5:51:00 PM,5:51:22 PM,Alexandra Park,NZ,6,185316715,R6 2200m Trot S,185316716,Harness,2200,Trot,24416896,2,Emma Frost,LOSER,,WINNER,,,7,5,6,5.59,223.62,,,,,,,,,,,,5.2,6,1.15,0.95
16/07/2021,5:51:00 PM,5:51:22 PM,Alexandra Park,NZ,6,185316715,R6 2200m Trot S,185316716,Harness,2200,Trot,12166741,4,Still Eyre,LOSER,,LOSER,,,420,420,420,420,0.02,,,,,,,17.5,17,17,17.28,13.08,65,420,1.15,0.95
16/07/2021,5:51:00 PM,5:51:22 PM,Alexandra Park,NZ,6,185316715,R6 2200m Trot S,185316716,Harness,2200,Trot,32353804,5,Peakz Luck,LOSER,,LOSER,,,30.52,14,14,24.26,16.92,,,,,,,,,,,,14.5,20,1.15,0.95
16/07/2021,5:51:00 PM,5:51:22 PM,Alexandra Park,NZ,6,185316715,R6 2200m Trot S,185316716,Harness,2200,Trot,26493477,6,As Free As Air,LOSER,,LOSER,,,70,65,65,69.1,0.34,,,,,,,,,,,,40,65,1.15,0.95
16/07/2021,5:51:00 PM,5:51:22 PM,Alexandra Park,NZ,6,185316715,R6 2200m Trot S,185316716,Harness,2200,Trot,3760197,7,Silver Power,LOSER,,LOSER,,,6,4.6,5,4.81,88.21,,,,,,,,,,,,4.6,4.9,1.15,0.95
16/07/2021,5:51:00 PM,5:51:22 PM,Alexandra Park,NZ,6,185316715,R6 2200m Trot S,185316716,Harness,2200,Trot,7159916,8,Sertorius,LOSER,,LOSER,,,14.5,9.8,14,12.31,37.76,,,,,,,,,,,,9.8,13.5,1.15,0.95
16/07/2021,5:51:00 PM,5:51:22 PM,Alexandra Park,NZ,6,185316715,R6 2200m Trot S,185316716,Harness,2200,Trot,9138259,9,Invictus,LOSER,,WINNER,,,36,10.5,11,15.55,6.38,,,,,,,,,,,,16.5,26,1.15,0.95
16/07/2021,5:51:00 PM,5:51:22 PM,Alexandra Park,NZ,6,185316715,R6 2200m Trot S,185316716,Harness,2200,Trot,17311026,10,Phoebe Imperial,LOSER,,LOSER,,,22,13.5,13.5,13.64,20.52,,,,,,,,,,,,13.5,22,1.15,0.95
16/07/2021,5:51:00 PM,5:51:22 PM,Alexandra Park,NZ,6,185316715,R6 2200m Trot S,185316716,Harness,2200,Trot,25207153,11,Kings Landing,LOSER,,LOSER,,,25,13.5,25,14.72,17.3,,,,,,,,,,,,13.5,25,1.15,0.95
16/07/2021,6:21:00 PM,6:21:49 PM,Alexandra Park,NZ,7,185316717,R7 2200m Pace M,185316718,Harness,2200,Pace,40183463,2,Meetmeinsorrento,LOSER,,WINNER,,,22,9.8,21,13.67,111.14,21,5.4,8.2,8.33,32.08,,2.74,2.14,2.62,2.34,152.53,16,25,1.03,0.96
16/07/2021,6:21:00 PM,6:21:49 PM,Alexandra Park,NZ,7,185316717,R7 2200m Pace M,185316718,Harness,2200,Pace,8242436,3,Stag Party,LOSER,,LOSER,,,4.6,3.25,4.6,3.72,305.04,27,1.43,27,3.26,71.5,,1.5,1.35,1.37,1.36,88.44,3.5,3.75,1.03,0.96
16/07/2021,6:21:00 PM,6:21:49 PM,Alexandra Park,NZ,7,185316717,R7 2200m Pace M,185316718,Harness,2200,Pace,38946490,4,Chris Kyle,LOSER,,WINNER,,,4.1,2.64,2.74,3,817.78,27,1.93,27,2.24,159.15,,1.29,1.29,1.29,1.29,9.48,3.25,3.3,1.03,0.96
16/07/2021,6:21:00 PM,6:21:49 PM,Alexandra Park,NZ,7,185316717,R7 2200m Pace M,185316718,Harness,2200,Pace,666645,5,Platinum,WINNER,,WINNER,,,3.9,3.15,3.15,3.39,357.7,140,1.2,1.2,1.37,101.56,,1.29,1.29,1.29,1.29,9,3.35,3.5,1.03,0.96
16/07/2021,6:21:00 PM,6:21:49 PM,Alexandra Park,NZ,7,185316717,R7 2200m Pace M,185316718,Harness,2200,Pace,39375827,7,I Expect Bettor,LOSER,,LOSER,,,27,18,20,22.36,39.31,120,13,120,15.67,5.11,,3.3,3.2,3.2,3.26,8.63,18,20,1.03,0.96
16/07/2021,6:21:00 PM,6:21:49 PM,Alexandra Park,NZ,7,185316717,R7 2200m Pace M,185316718,Harness,2200,Pace,27270962,9,Armed Reactor,LOSER,,LOSER,,,250,29,250,50.82,65.16,750,260,750,414.59,0.91,,40,8.4,20,14.7,198.15,48,85,1.03,0.96
16/07/2021,6:51:00 PM,6:52:43 PM,Alexandra Park,NZ,8,185316719,R8 2200m Pace S,185316720,Harness,2200,Pace,12668178,1,Imallaboutthebase,LOSER,,LOSER,,,17.5,13.5,16,15.6,64.88,27,27,27,27,3.72,,5.2,3.9,3.9,4.76,7.52,14.5,16.5,1.09,0.97
16/07/2021,6:51:00 PM,6:52:43 PM,Alexandra Park,NZ,8,185316719,R8 2200m Pace S,185316720,Harness,2200,Pace,35896552,2,Rough And Ready,WINNER,,WINNER,,,25,15.5,19,18.38,44.45,13.5,11,13.5,11.72,5,,3.85,3.55,3.55,3.76,65.03,16,18.5,1.09,0.97
16/07/2021,6:51:00 PM,6:52:43 PM,Alexandra Park,NZ,8,185316719,R8 2200m Pace S,185316720,Harness,2200,Pace,40183464,3,Callies Delight,WINNER,,WINNER,,,9,5.7,8.4,7.9,138.79,9,5,5,5.17,16.5,,,,,,,7.6,8.4,1.09,0.97
16/07/2021,6:51:00 PM,6:52:43 PM,Alexandra Park,NZ,8,185316719,R8 2200m Pace S,185316720,Harness,2200,Pace,21316703,4,Machs Back,LOSER,,LOSER,,,4.8,2.94,3.2,3.24,975.01,4.5,3.05,3.5,3.74,52.96,,1.67,1.62,1.63,1.66,91.56,3.05,3.3,1.09,0.97
16/07/2021,6:51:00 PM,6:52:43 PM,Alexandra Park,NZ,8,185316719,R8 2200m Pace S,185316720,Harness,2200,Pace,40183465,5,Double Rocket,LOSER,,LOSER,,,9,7.8,8.6,8.17,79.3,34,16.5,32,19.54,20.2,,2.72,2.66,2.72,2.69,19.15,7.8,9,1.09,0.97
16/07/2021,6:51:00 PM,6:52:43 PM,Alexandra Park,NZ,8,185316719,R8 2200m Pace S,185316720,Harness,2200,Pace,23055442,6,Havtime,LOSER,,LOSER,,,7.8,5.8,6.6,7.07,170.8,8,5.1,8,7.95,9.39,,,,,,,6.6,7.4,1.09,0.97
16/07/2021,6:51:00 PM,6:52:43 PM,Alexandra Park,NZ,8,185316719,R8 2200m Pace S,185316720,Harness,2200,Pace,20587321,7,Warloch,LOSER,,LOSER,,,11,8.8,10,9.51,240.83,,,,,,,2.94,2.36,2.74,2.6,42.55,8.8,9.6,1.09,0.97
16/07/2021,6:51:00 PM,6:52:43 PM,Alexandra Park,NZ,8,185316719,R8 2200m Pace S,185316720,Harness,2200,Pace,12576568,8,Dracarys,LOSER,,LOSER,,,210,65,190,78.73,13.46,,,,,,,8.8,8.8,8.8,8.8,5,100,190,1.09,0.97
16/07/2021,6:51:00 PM,6:52:43 PM,Alexandra Park,NZ,8,185316719,R8 2200m Pace S,185316720,Harness,2200,Pace,40183466,9,Fabrizio,LOSER,,WINNER,,,12.5,10.5,10.5,11.12,129.95,8.8,7,7,7.18,15,,3.15,3.05,3.05,3.12,70,11,12.5,1.09,0.97
16/07/2021,7:21:00 PM,7:21:33 PM,Alexandra Park,NZ,9,185316721,R9 2200m Trot S,185316722,Harness,2200,Trot,18673152,1,Cyber Attack,LOSER,,LOSER,,,5.9,4.5,4.9,4.79,134.35,880,3.15,540,43.86,31.82,,,,,,,4.5,5.1,1.14,0.81
16/07/2021,7:21:00 PM,7:21:33 PM,Alexandra Park,NZ,9,185316721,R9 2200m Trot S,185316722,Harness,2200,Trot,40183467,2,Debbie Lee Galleon,LOSER,,LOSER,,,60,32,38,37.18,50.73,210,19.5,210,24.09,2.6,,6.4,6.4,6.4,6.4,10,36,60,1.14,0.81
16/07/2021,7:21:00 PM,7:21:33 PM,Alexandra Park,NZ,9,185316721,R9 2200m Trot S,185316722,Harness,2200,Trot,40183468,3,Dellario,LOSER,,LOSER,,,23,23,23,23,0.5,2.28,2.28,2.28,2.28,5,,,,,,,26,44,1.14,0.81
16/07/2021,7:21:00 PM,7:21:33 PM,Alexandra Park,NZ,9,185316721,R9 2200m Trot S,185316722,Harness,2200,Trot,39375805,4,Cyclone Lebron,LOSER,,WINNER,,,14,10,14,11.7,49.43,200,7.2,200,28.11,9.26,,,,,,,10,13.5,1.14,0.81
16/07/2021,7:21:00 PM,7:21:33 PM,Alexandra Park,NZ,9,185316721,R9 2200m Trot S,185316722,Harness,2200,Trot,39876778,5,Eight Miles High,LOSER,,LOSER,,,,,,,,570,570,570,570,0.02,,,,,,,100,330,1.14,0.81
16/07/2021,7:21:00 PM,7:21:33 PM,Alexandra Park,NZ,9,185316721,R9 2200m Trot S,185316722,Harness,2200,Trot,4813269,6,The Governator,LOSER,,WINNER,,,4.1,3.4,3.75,3.7,189.54,4.7,2.5,4,2.7,85.86,,,,,,,3.7,4.5,1.14,0.81
16/07/2021,7:21:00 PM,7:21:33 PM,Alexandra Park,NZ,9,185316721,R9 2200m Trot S,185316722,Harness,2200,Trot,40183469,8,Aardiebythehill,LOSER,,LOSER,,,12.5,9.6,9.6,11.49,47.54,70,70,70,70,0.16,,,,,,,9.6,16.5,1.14,0.81
16/07/2021,7:21:00 PM,7:21:33 PM,Alexandra Park,NZ,9,185316721,R9 2200m Trot S,185316722,Harness,2200,Trot,28024082,9,Dolly P,LOSER,,LOSER,,,,,,,,540,540,540,540,0.02,,,,,,,75,320,1.14,0.81
16/07/2021,7:21:00 PM,7:21:33 PM,Alexandra Park,NZ,9,185316721,R9 2200m Trot S,185316722,Harness,2200,Trot,35710005,10,Random Jude,LOSER,,LOSER,,,60,36,60,37.04,11.49,230,19.5,230,20.27,24.27,,5.2,5.2,5.2,5.2,10,32,60,1.14,0.81
16/07/2021,7:21:00 PM,7:21:33 PM,Alexandra Park,NZ,9,185316721,R9 2200m Trot S,185316722,Harness,2200,Trot,40183470,11,Jasinova,LOSER,,LOSER,,,13,7.8,12,9.12,42.35,48,48,48,48,0.24,,,,,,,7.8,12,1.14,0.81
16/07/2021,7:21:00 PM,7:21:33 PM,Alexandra Park,NZ,9,185316721,R9 2200m Trot S,185316722,Harness,2200,Trot,40183471,12,Aldebaran Flame,WINNER,,WINNER,,,5.7,4.8,5.6,5.24,90.67,4,3.45,4,3.57,12.86,,,,,,,5.4,9.4,1.14,0.81
16/07/2021,7:21:00 PM,7:21:33 PM,Alexandra Park,NZ,9,185316721,R9 2200m Trot S,185316722,Harness,2200,Trot,35791165,13,Cepheus,LOSER,,LOSER,,,,,,,,570,570,570,570,0.02,,,,,,,100,330,1.14,0.81
16/07/2021,7:51:00 PM,7:51:02 PM,Alexandra Park,NZ,10,185316723,R10 2200m Pace M,185316724,Harness,2200,Pace,40183472,1,Je Taime,LOSER,,WINNER,,,12,8.2,12,9.81,23.65,9.4,9.4,9.4,9.4,0.02,,,,,,,9.4,14.5,1.06,0.91
16/07/2021,7:51:00 PM,7:51:02 PM,Alexandra Park,NZ,10,185316723,R10 2200m Pace M,185316724,Harness,2200,Pace,40183473,3,Malaka Miss,LOSER,,LOSER,,,11,5.6,6.2,8.06,40.07,,,,,,,,,,,,6.2,9.4,1.06,0.91
16/07/2021,7:51:00 PM,7:51:02 PM,Alexandra Park,NZ,10,185316723,R10 2200m Pace M,185316724,Harness,2200,Pace,40183474,4,The Missing Sock,WINNER,,WINNER,,,2.32,1.67,1.9,1.86,698.27,,,,,,,1.31,1.31,1.31,1.31,2.59,1.9,1.99,1.06,0.91
16/07/2021,7:51:00 PM,7:51:02 PM,Alexandra Park,NZ,10,185316723,R10 2200m Pace M,185316724,Harness,2200,Pace,12490699,6,Margot,LOSER,,LOSER,,,5.1,3.6,4.6,4.48,81.48,,,,,,,2.02,2.02,2.02,2.02,9.57,4.6,5.1,1.06,0.91
16/07/2021,7:51:00 PM,7:51:02 PM,Alexandra Park,NZ,10,185316723,R10 2200m Pace M,185316724,Harness,2200,Pace,40183476,7,Willsherocknroll,LOSER,,LOSER,,,50,19.5,20,22.96,49.52,,,,,,,,,,,,19.5,25,1.06,0.91
16/07/2021,7:24:00 PM,7:24:39 PM,Gloucester Park,WA,1,185314766,R1 2130m Pace M,185314767,Harness,2130,Pace,35803325,1,Captains Beachbabe,LOSER,3.38,LOSER,1.4,1300.04,3.95,2.2,3.6,3.26,3328.69,720,3.2,720,6.35,440.25,2199.76,1.5,1.35,1.44,1.44,592.09,3.2,3.3,1.02,0.99
16/07/2021,7:24:00 PM,7:24:39 PM,Gloucester Park,WA,1,185314766,R1 2130m Pace M,185314767,Harness,2130,Pace,28719630,3,Star For Me,LOSER,60,LOSER,20.68,83.62,240,50,75,65.9,71.18,720,44,720,125.04,8.52,44.68,8,8,8,8,5,55,60,1.02,0.99
16/07/2021,7:24:00 PM,7:24:39 PM,Gloucester Park,WA,1,185314766,R1 2130m Pace M,185314767,Harness,2130,Pace,40186696,4,Our Star Billing,LOSER,28.28,WINNER,6.4,161.05,80,19,28,23.5,237.83,720,16.5,290,35.22,67.25,285.59,,,,,,20,23,1.02,0.99
16/07/2021,7:24:00 PM,7:24:39 PM,Gloucester Park,WA,1,185314766,R1 2130m Pace M,185314767,Harness,2130,Pace,39378784,5,Joelene,LOSER,18,LOSER,4.96,244.3,48,15,20,18.23,544.68,910,18,910,67.95,58.19,385.5,5.4,4.4,4.9,4.79,47,17,18,1.02,0.99
16/07/2021,7:24:00 PM,7:24:39 PM,Gloucester Park,WA,1,185314766,R1 2130m Pace M,185314767,Harness,2130,Pace,28290700,6,Shakira Blue,LOSER,77.41,LOSER,9.67,85.63,330,60,120,83.29,198.2,950,27,950,78.53,35.43,179.06,15,9.4,11.5,11.31,49.46,60,65,1.02,0.99
16/07/2021,7:24:00 PM,7:24:39 PM,Gloucester Park,WA,1,185314766,R1 2130m Pace M,185314767,Harness,2130,Pace,27777603,7,Black Jack Baby,WINNER,1.61,WINNER,1.26,3659,2.16,1.59,1.65,1.74,11341.05,1.69,1.01,1.01,1.18,6403.21,885.29,1.31,1.19,1.22,1.26,251.42,1.76,1.79,1.02,0.99
16/07/2021,7:54:00 PM,7:54:46 PM,Gloucester Park,WA,2,185314768,R2 2130m Pace M,185314769,Harness,2130,Pace,10494764,1,Extreme Prince,LOSER,3.2,WINNER,1.51,1222.12,3.4,2.48,3.2,2.83,2840.7,32,1.01,1.01,1.94,3175.08,1289.83,1.45,1.27,1.39,1.39,607.31,2.8,2.86,1.03,0.98
16/07/2021,7:54:00 PM,7:54:46 PM,Gloucester Park,WA,2,185314768,R2 2130m Pace M,185314769,Harness,2130,Pace,13757707,2,Black Jack Zac,LOSER,5.87,LOSER,1.64,854.43,7,4.8,5.3,5.1,1484.54,1000,3.25,1000,25.06,122.34,132.8,2.14,1.63,1.83,1.65,138.35,5.2,5.4,1.03,0.98
16/07/2021,7:54:00 PM,7:54:46 PM,Gloucester Park,WA,2,185314768,R2 2130m Pace M,185314769,Harness,2130,Pace,9420670,3,Qtown Rip Roaring,WINNER,19.43,WINNER,4.9,248.53,50,21,22,27.24,233.4,75,1.07,1.64,4.46,368.08,151.46,4.3,4.3,4.3,4.3,5,21,23,1.03,0.98
16/07/2021,7:54:00 PM,7:54:46 PM,Gloucester Park,WA,2,185314768,R2 2130m Pace M,185314769,Harness,2130,Pace,18258472,4,Carrera Mach,LOSER,3.62,LOSER,1.63,1576.5,4.7,3.6,3.8,4.05,3316.41,720,3.55,720,8.45,325.46,551.66,1.83,1.6,1.61,1.63,136.98,4.5,4.6,1.03,0.98
16/07/2021,7:54:00 PM,7:54:46 PM,Gloucester Park,WA,2,185314768,R2 2130m Pace M,185314769,Harness,2130,Pace,10811573,5,The Black Cardinal,LOSER,12.15,WINNER,3.18,369.88,14.5,9.2,12.5,11.58,709.96,720,6.2,350,43.62,11.64,467.04,4.4,3.35,4.4,4.36,20.31,11.5,13,1.03,0.98
16/07/2021,7:54:00 PM,7:54:46 PM,Gloucester Park,WA,2,185314768,R2 2130m Pace M,185314769,Harness,2130,Pace,20633630,6,Allwoods Rocknroll,LOSER,210,LOSER,625.48,40.08,360,130,360,176.43,8.73,720,110,720,388,0.39,0.1,980,70,70,483.33,0.09,130,180,1.03,0.98
16/07/2021,7:54:00 PM,7:54:46 PM,Gloucester Park,WA,2,185314768,R2 2130m Pace M,185314769,Harness,2130,Pace,9349149,8,Twoandahalf Tigers,LOSER,68.34,LOSER,12.95,89.53,200,55,70,70.04,50.66,720,24,720,106.7,3.12,,,,,,,65,75,1.03,0.98
16/07/2021,7:54:00 PM,7:54:46 PM,Gloucester Park,WA,2,185314768,R2 2130m Pace M,185314769,Harness,2130,Pace,8777170,9,Free To Air,LOSER,220,LOSER,11.71,59.4,320,140,290,239.49,83.12,720,30,720,79.5,5.72,90.56,12,8.4,9.6,9.74,16.81,160,290,1.03,0.98
16/07/2021,7:54:00 PM,7:54:46 PM,Gloucester Park,WA,2,185314768,R2 2130m Pace M,185314769,Harness,2130,Pace,10561631,10,C C Chevron,LOSER,19.04,LOSER,2.78,205.38,100,18.5,23,21.76,146.63,1000,7.6,1000,17.81,123.55,499.08,3.25,2.68,3.25,2.8,211.37,19.5,21,1.03,0.98
16/07/2021,7:54:00 PM,7:54:46 PM,Gloucester Park,WA,2,185314768,R2 2130m Pace M,185314769,Harness,2130,Pace,11309569,11,Bad Round,LOSER,20.57,LOSER,4,210.48,30,20,22,22.77,297.2,720,9,720,18.03,113.42,477.24,3.7,3.7,3.7,3.7,20,22,24,1.03,0.98
16/07/2021,8:24:00 PM,8:27:18 PM,Gloucester Park,WA,3,185314770,R3 2130m Pace M,185314771,Harness,2130,Pace,28587452,1,Powerplay,WINNER,1.34,WINNER,1.19,16600.82,2,1.29,1.34,1.41,24287.12,1.35,1.01,1.01,1.16,7660.76,1637.82,1.22,1.1,1.21,1.16,4088.14,1.44,1.48,1.02,0.97
16/07/2021,8:24:00 PM,8:27:18 PM,Gloucester Park,WA,3,185314770,R3 2130m Pace M,185314771,Harness,2130,Pace,20192299,2,Machs Gold,LOSER,77.75,LOSER,7.71,72.43,120,26,100,61.11,64.03,930,140,930,568.48,2.18,156.66,8.8,7.4,7.4,7.76,13.8,75,80,1.02,0.97
16/07/2021,8:24:00 PM,8:27:18 PM,Gloucester Park,WA,3,185314770,R3 2130m Pace M,185314771,Harness,2130,Pace,12456419,3,Batavia On Fire,LOSER,75.3,LOSER,7.04,112.43,80,19,70,51.58,78.85,730,75,730,326.14,3.29,119.01,8,3.9,8,5.55,73.99,55,75,1.02,0.97
16/07/2021,8:24:00 PM,8:27:18 PM,Gloucester Park,WA,3,185314770,R3 2130m Pace M,185314771,Harness,2130,Pace,19647653,4,Bettor Be Oscar,LOSER,24,WINNER,3.5,205.73,29,15.5,23,20.64,243.15,720,34,720,135.65,8.14,294.07,3.4,2.88,3.4,3.26,14.38,18,20,1.02,0.97
16/07/2021,8:24:00 PM,8:27:18 PM,Gloucester Park,WA,3,185314770,R3 2130m Pace M,185314771,Harness,2130,Pace,12991982,5,Crocodile Kid,LOSER,262.34,LOSER,13.9,29.2,280,75,270,161.79,32.48,720,340,720,527.91,0.93,41.2,19,9,9.8,9.58,198.18,150,180,1.02,0.97
16/07/2021,8:24:00 PM,8:27:18 PM,Gloucester Park,WA,3,185314770,R3 2130m Pace M,185314771,Harness,2130,Pace,27334903,6,Deeorse,LOSER,65.02,LOSER,8.1,105.17,130,65,75,82.49,59.41,960,140,960,523.39,1.93,36.77,11.5,6.6,6.8,7.06,21.39,70,80,1.02,0.97
16/07/2021,8:24:00 PM,8:27:18 PM,Gloucester Park,WA,3,185314770,R3 2130m Pace M,185314771,Harness,2130,Pace,22989535,7,Henwood Bay,LOSER,25,LOSER,3.9,222.55,55,22,25,28.82,270,750,25,750,60.47,24.62,199.42,4.7,3.75,3.75,3.99,23.72,26,27,1.02,0.97
16/07/2021,8:24:00 PM,8:27:18 PM,Gloucester Park,WA,3,185314770,R3 2130m Pace M,185314771,Harness,2130,Pace,35534056,8,Caveman,LOSER,20.84,LOSER,3.33,257.85,46,11.5,20,18.58,343.48,720,30,720,120.26,11.2,319.52,3.7,2.5,3.5,3.17,213.63,19,20,1.02,0.97
16/07/2021,8:24:00 PM,8:27:18 PM,Gloucester Park,WA,3,185314770,R3 2130m Pace M,185314771,Harness,2130,Pace,24288583,9,Blockjorg,LOSER,371.01,LOSER,26.4,29.83,360,110,350,220.92,11.79,720,350,710,387.68,14.74,87.53,34,12.5,16,16.59,35.47,160,270,1.02,0.97
16/07/2021,8:24:00 PM,8:27:18 PM,Gloucester Park,WA,3,185314770,R3 2130m Pace M,185314771,Harness,2130,Pace,13052418,10,Regal Cheval,LOSER,15,LOSER,1.8,337.69,38,10,17.5,14.47,465.25,720,11,720,45.31,29.79,586.35,2.28,1.71,1.82,1.83,3029.34,13,14,1.02,0.97
16/07/2021,8:24:00 PM,8:27:18 PM,Gloucester Park,WA,3,185314770,R3 2130m Pace M,185314771,Harness,2130,Pace,39601516,11,Whatabro,LOSER,22.93,WINNER,2.76,181.85,44,21,23,25.26,219.45,780,22,780,136.91,7.74,347.9,7,2.74,3.1,3.61,636.24,25,30,1.02,0.97
16/07/2021,8:54:00 PM,8:54:34 PM,Gloucester Park,WA,4,185314772,R4 2130m Pace M,185314773,Harness,2130,Pace,11861589,1,Tyler Brett,LOSER,1.6,WINNER,1.15,3100.29,2.06,1.52,1.59,1.6,36012.69,720,1.24,720,2.36,4549.22,1687.31,1.18,1.11,1.15,1.14,9009.77,1.52,1.55,1.05,0.98
16/07/2021,8:54:00 PM,8:54:34 PM,Gloucester Park,WA,4,185314772,R4 2130m Pace M,185314773,Harness,2130,Pace,10546183,2,Rocknroll Whitby,LOSER,250,LOSER,17.7,17.66,400,90,250,139.57,35.4,720,250,720,309.86,4.3,,7.6,6.6,7.6,7.1,10,90,380,1.05,0.98
16/07/2021,8:54:00 PM,8:54:34 PM,Gloucester Park,WA,4,185314772,R4 2130m Pace M,185314773,Harness,2130,Pace,17310997,3,Son Of A Tiger,WINNER,25.52,WINNER,3.93,195.4,30,13.5,24,23,324.23,95,1.01,1.01,1.22,6571.77,317.49,4.3,3.35,3.35,3.45,9.58,20,22,1.05,0.98
16/07/2021,8:54:00 PM,8:54:34 PM,Gloucester Park,WA,4,185314772,R4 2130m Pace M,185314773,Harness,2130,Pace,9970410,4,Lightning Jolt,LOSER,139.85,LOSER,26.33,36.78,190,85,180,140.06,22.7,720,130,720,210.93,6.05,71.06,46,7.8,18.5,12.33,6.62,110,140,1.05,0.98
16/07/2021,8:54:00 PM,8:54:34 PM,Gloucester Park,WA,4,185314772,R4 2130m Pace M,185314773,Harness,2130,Pace,10120402,5,Thereugo,LOSER,13.6,LOSER,2.34,287.74,15,7.2,11.5,9.64,804.24,890,5.3,890,29.8,183.36,576.04,2.5,1.98,2.12,2.16,159.08,12,13,1.05,0.98
16/07/2021,8:54:00 PM,8:54:34 PM,Gloucester Park,WA,4,185314772,R4 2130m Pace M,185314773,Harness,2130,Pace,23793293,6,Bracken Sky,LOSER,10.85,WINNER,2.16,611.26,17,11,11.5,13.39,613.25,1000,3.95,1000,14.49,268.59,371.76,3.55,2.08,2.1,2.17,118.44,14,16,1.05,0.98
16/07/2021,8:54:00 PM,8:54:34 PM,Gloucester Park,WA,4,185314772,R4 2130m Pace M,185314773,Harness,2130,Pace,21430954,7,Jesse Allwood,LOSER,304.58,LOSER,29.54,20.11,710,160,180,261.01,25.38,720,42,620,290.17,12.48,59.52,12.5,12,12,12.18,12.65,240,710,1.05,0.98
16/07/2021,8:54:00 PM,8:54:34 PM,Gloucester Park,WA,4,185314772,R4 2130m Pace M,185314773,Harness,2130,Pace,19576513,8,Quick Stride,LOSER,227.66,LOSER,27.13,29.8,710,95,230,191.97,15.29,720,19,720,78.82,25.45,70.32,46,19,19,29.29,0.14,180,700,1.05,0.98
16/07/2021,8:54:00 PM,8:54:34 PM,Gloucester Park,WA,4,185314772,R4 2130m Pace M,185314773,Harness,2130,Pace,17181150,9,Will I Rocknroll,LOSER,165.39,LOSER,7.05,24.58,300,75,140,145.69,112.84,720,3.5,720,77.74,41.52,271.13,9,6,9,7.33,34.9,100,140,1.05,0.98
16/07/2021,8:54:00 PM,8:54:34 PM,Gloucester Park,WA,4,185314772,R4 2130m Pace M,185314773,Harness,2130,Pace,23600497,10,Ultimate Offer,LOSER,7.35,LOSER,1.69,485.4,9.8,7,7,7.39,1128.82,880,4.2,880,22.18,218.99,1230.06,1.8,1.66,1.71,1.74,523.6,7,7.4,1.05,0.98
16/07/2021,9:24:00 PM,9:24:50 PM,Gloucester Park,WA,5,185314774,R5 2130m Pace M,185314775,Harness,2130,Pace,21530449,1,Queen Shenandoah,LOSER,2.56,WINNER,1.24,2230.62,2.72,2.08,2.52,2.32,11476.44,100,1.15,70,3.04,2521.57,1878.37,1.34,1.17,1.26,1.26,955.37,2.52,2.56,1.03,0.99
16/07/2021,9:24:00 PM,9:24:50 PM,Gloucester Park,WA,5,185314774,R5 2130m Pace M,185314775,Harness,2130,Pace,3125099,2,Radiant Amber,LOSER,30.44,LOSER,3.6,180.8,44,18,26,24.16,340.56,910,8,780,31.66,168.52,264.32,5,3.2,3.4,3.28,428.8,20,21,1.03,0.99
16/07/2021,9:24:00 PM,9:24:50 PM,Gloucester Park,WA,5,185314774,R5 2130m Pace M,185314775,Harness,2130,Pace,24190798,3,Soho Party Girl,LOSER,410.67,LOSER,318.19,29.7,720,240,460,393.79,33.56,700,120,690,482.84,2.14,1.09,320,120,320,317.25,1.08,380,460,1.03,0.99
16/07/2021,9:24:00 PM,9:24:50 PM,Gloucester Park,WA,5,185314774,R5 2130m Pace M,185314775,Harness,2130,Pace,12940367,4,Just Makemine Diamonds,LOSER,127.21,LOSER,12.74,55.81,150,50,120,63.35,42.42,980,50,980,317.15,6.02,94.9,8.8,8.8,8.8,8.8,16.8,90,120,1.03,0.99
16/07/2021,9:24:00 PM,9:24:50 PM,Gloucester Park,WA,5,185314774,R5 2130m Pace M,185314775,Harness,2130,Pace,20298586,5,Miss Camouflage,LOSER,542.16,LOSER,70,12.86,370,140,320,215.63,28.6,850,160,840,573.71,4.72,35.82,70,70,70,70,1.24,280,290,1.03,0.99
16/07/2021,9:24:00 PM,9:24:50 PM,Gloucester Park,WA,5,185314774,R5 2130m Pace M,185314775,Harness,2130,Pace,23721830,6,Fifty Five Reborn,WINNER,3.97,WINNER,1.66,2844.31,6.8,4.1,4.1,4.98,2796.49,6.8,1.01,1.01,1.99,4591.4,845.31,1.69,1.59,1.69,1.65,40.31,4.4,4.5,1.03,0.99
16/07/2021,9:24:00 PM,9:24:50 PM,Gloucester Park,WA,5,185314774,R5 2130m Pace M,185314775,Harness,2130,Pace,18294678,7,Delightfulreaction,LOSER,88.91,LOSER,10.84,102.84,250,48,95,73.75,89.79,940,17.5,900,140.28,36.22,173.59,10.5,5.9,10.5,8.19,11.04,85,100,1.03,0.99
16/07/2021,9:24:00 PM,9:24:50 PM,Gloucester Park,WA,5,185314774,R5 2130m Pace M,185314775,Harness,2130,Pace,12396782,8,Southern Belle,LOSER,333.14,LOSER,33.17,14.38,290,110,290,150.47,81.16,840,100,840,387.59,6.27,52.74,12,12,12,12,55,240,290,1.03,0.99
16/07/2021,9:24:00 PM,9:24:50 PM,Gloucester Park,WA,5,185314774,R5 2130m Pace M,185314775,Harness,2130,Pace,24986830,9,Mini Mine Yet,LOSER,60,LOSER,8.08,130.42,150,40,48,62.15,194.12,960,40,100,108.49,27.35,252.53,8.8,6,6,6.4,77.62,42,46,1.03,0.99
16/07/2021,9:24:00 PM,9:24:50 PM,Gloucester Park,WA,5,185314774,R5 2130m Pace M,185314775,Harness,2130,Pace,10663170,10,Talkerup,LOSER,14.47,LOSER,3.2,397.75,19,12.5,15,15.06,973.28,900,5.3,720,35.51,86.38,373.23,2.86,2.24,2.78,2.71,285.02,15,16.5,1.03,0.99
16/07/2021,9:24:00 PM,9:24:50 PM,Gloucester Park,WA,5,185314774,R5 2130m Pace M,185314775,Harness,2130,Pace,27550786,11,Alice Kay,LOSER,4.5,WINNER,1.68,1297.54,5.1,3.45,4.4,4.43,9838.4,720,1.5,710,3.64,1331.05,1005.48,1.8,1.47,1.7,1.65,446.93,4.3,4.5,1.03,0.99
16/07/2021,9:54:00 PM,9:54:43 PM,Gloucester Park,WA,6,185314776,R6 2130m Pace M,185314777,Harness,2130,Pace,21723980,1,Our Sequel,LOSER,41.69,WINNER,3.25,298.15,48,18.5,44,32.45,319.42,780,17,780,75.25,19.3,368.19,4.1,2.9,3.35,3.78,1004.34,36,38,0.97,0.99
16/07/2021,9:54:00 PM,9:54:43 PM,Gloucester Park,WA,6,185314776,R6 2130m Pace M,185314777,Harness,2130,Pace,17650350,2,Euphoric Moment,LOSER,33.78,LOSER,3.3,307.78,30,21,29,26.44,276.18,780,12.5,720,42.34,68.21,553.7,3.7,3.3,3.35,3.4,62.53,25,28,0.97,0.99
16/07/2021,9:54:00 PM,9:54:43 PM,Gloucester Park,WA,6,185314776,R6 2130m Pace M,185314777,Harness,2130,Pace,23104854,3,Walsh,LOSER,106.32,LOSER,6.48,113.41,150,75,150,106.45,55.62,950,85,950,153.39,13.74,747.35,8.6,6,7,7.53,350.74,100,120,0.97,0.99
16/07/2021,9:54:00 PM,9:54:43 PM,Gloucester Park,WA,6,185314776,R6 2130m Pace M,185314777,Harness,2130,Pace,23922963,4,Jaspervellabeach,LOSER,16.98,LOSER,2.93,463.37,22,16,17.5,18.01,412.81,910,12.5,910,33.43,51.54,711.95,3.2,3.2,3.2,3.2,0.33,17,18.5,0.97,0.99
16/07/2021,9:54:00 PM,9:54:43 PM,Gloucester Park,WA,6,185314776,R6 2130m Pace M,185314777,Harness,2130,Pace,10855924,5,Gambit,WINNER,1.42,WINNER,1.11,10546.3,2,1.42,1.43,1.58,26283.25,1.84,1.01,1.01,1.22,11195.41,273.27,1.21,1.1,1.11,1.13,959.88,1.71,1.55,0.97,0.99
16/07/2021,9:54:00 PM,9:54:43 PM,Gloucester Park,WA,6,185314776,R6 2130m Pace M,185314777,Harness,2130,Pace,26323640,6,Pierre Whitby,LOSER,82.76,LOSER,7.21,99.78,120,28,70,62.53,176.15,770,55,770,160.11,8.46,190.5,8.6,6.6,7.2,7.18,37.87,65,75,0.97,0.99
16/07/2021,9:54:00 PM,9:54:43 PM,Gloucester Park,WA,6,185314776,R6 2130m Pace M,185314777,Harness,2130,Pace,27152345,7,Al Guerrero,LOSER,24,LOSER,3.63,380.41,27,10.5,25,16.85,604.78,900,19.5,900,94.58,45.44,457.41,3.4,2.64,3.25,3.01,25.77,20,21,0.97,0.99
16/07/2021,9:54:00 PM,9:54:43 PM,Gloucester Park,WA,6,185314776,R6 2130m Pace M,185314777,Harness,2130,Pace,1407301,8,The Kraken,LOSER,344.44,LOSER,20.24,48.17,540,85,540,182.37,118.87,720,100,700,677.46,0.61,89.68,13,11.5,13,12.6,21,180,230,0.97,0.99
16/07/2021,9:54:00 PM,9:54:43 PM,Gloucester Park,WA,6,185314776,R6 2130m Pace M,185314777,Harness,2130,Pace,21151182,9,Vespa,LOSER,216.73,WINNER,15.22,42.48,250,110,250,157.67,53.94,850,100,720,244.97,9.63,72.91,13,12.5,13,12.78,5,150,170,0.97,0.99
16/07/2021,9:54:00 PM,9:54:43 PM,Gloucester Park,WA,6,185314776,R6 2130m Pace M,185314777,Harness,2130,Pace,26897140,10,Howard Hughes,LOSER,8,LOSER,1.86,784.44,7.8,4.6,7.4,5.86,2753.96,540,5.4,150,25.09,63.19,1323.35,1.86,1.68,1.85,1.74,89.33,6,6.8,0.97,0.99
16/07/2021,10:30:00 PM,10:30:57 PM,Gloucester Park,WA,7,185314778,R7 2503m Pace S,185314779,Harness,2503,Pace,9448777,1,Hotfoot It,LOSER,61.29,LOSER,8.93,150.91,90,42,70,65.37,220.12,770,26,770,205.8,9.95,178.22,10,8.2,9.8,8.54,25,70,75,1.03,0.98
16/07/2021,10:30:00 PM,10:30:57 PM,Gloucester Park,WA,7,185314778,R7 2503m Pace S,185314779,Harness,2503,Pace,12080014,2,Nearis Green,LOSER,8.37,LOSER,2.18,1027.78,8.6,5.3,7.4,6.23,3744.91,540,6.8,540,19.38,163.65,948.44,2.26,1.64,2.26,1.97,1235.41,5.6,5.9,1.03,0.98
16/07/2021,10:30:00 PM,10:30:57 PM,Gloucester Park,WA,7,185314778,R7 2503m Pace S,185314779,Harness,2503,Pace,40186697,3,Awaitinginstructions,LOSER,3.76,WINNER,1.57,1546.96,4.3,3.3,3.6,3.54,11280.72,720,1.8,720,2.38,2975.99,1218.62,1.57,1.42,1.53,1.54,120.89,3.75,4,1.03,0.98
16/07/2021,10:30:00 PM,10:30:57 PM,Gloucester Park,WA,7,185314778,R7 2503m Pace S,185314779,Harness,2503,Pace,16311213,4,Hit The Sky,LOSER,160,WINNER,13.5,59.57,180,95,180,129.1,81.97,960,85,960,767.15,1.06,141.17,14,9.4,13.5,11.93,87.07,160,170,1.03,0.98
16/07/2021,10:30:00 PM,10:30:57 PM,Gloucester Park,WA,7,185314778,R7 2503m Pace S,185314779,Harness,2503,Pace,21570816,5,Perlee Gates,LOSER,89.18,LOSER,12.25,115.22,200,46,65,82.94,185,950,38,920,206.68,11.84,134.9,13,10.5,11.5,11.22,36.89,90,100,1.03,0.98
16/07/2021,10:30:00 PM,10:30:57 PM,Gloucester Park,WA,7,185314778,R7 2503m Pace S,185314779,Harness,2503,Pace,20076825,6,Bettor Pack It,LOSER,14.36,LOSER,3.5,651.83,75,11.5,13.5,19.53,1491.86,750,12,750,42.85,67.89,433.34,5.5,3.35,3.5,3.55,162.3,14.5,15,1.03,0.98
16/07/2021,10:30:00 PM,10:30:57 PM,Gloucester Park,WA,7,185314778,R7 2503m Pace S,185314779,Harness,2503,Pace,9288833,7,Disco Under Fire,LOSER,220,LOSER,21.75,63.1,290,85,290,167.25,50.83,960,210,960,413.27,3.38,73.35,15,8.6,15,14.73,5.3,190,210,1.03,0.98
16/07/2021,10:30:00 PM,10:30:57 PM,Gloucester Park,WA,7,185314778,R7 2503m Pace S,185314779,Harness,2503,Pace,16921951,8,Bettor Copagoodone,LOSER,6.46,LOSER,1.98,1118.25,24,6.4,7,9.77,4461.27,900,6,900,40.29,49.53,1520.99,3.5,1.96,2.04,2.43,549.91,7.4,8,1.03,0.98
16/07/2021,10:30:00 PM,10:30:57 PM,Gloucester Park,WA,7,185314778,R7 2503m Pace S,185314779,Harness,2503,Pace,12785332,9,Triroyale Brigade,LOSER,44,LOSER,5.72,247.07,95,32,46,45.82,288.92,780,22,780,101.92,17.16,343.63,8,5.6,5.6,6.64,210,32,36,1.03,0.98
16/07/2021,10:30:00 PM,10:30:57 PM,Gloucester Park,WA,7,185314778,R7 2503m Pace S,185314779,Harness,2503,Pace,2831682,10,Minstrel,WINNER,3.2,WINNER,1.55,3274.5,3.7,1.78,3.25,2.81,30242.91,4.4,1.01,1.01,1.57,3338.54,1264.52,1.61,1.23,1.58,1.45,1007.91,3.15,3.25,1.03,0.98
16/07/2021,11:05:00 PM,11:05:41 PM,Gloucester Park,WA,8,185314780,R8 2536m Pace M,185314781,Harness,2536,Pace,6505994,1,Chiaroscuro,WINNER,13.35,WINNER,2.41,681.09,29,10,12.5,11.86,1835.15,140,3.1,5,15.64,181.89,571.72,3.25,2.18,2.56,2.52,5079.26,11,11.5,1.02,0.99
16/07/2021,11:05:00 PM,11:05:41 PM,Gloucester Park,WA,8,185314780,R8 2536m Pace M,185314781,Harness,2536,Pace,16311260,2,Vampiro,LOSER,1.76,WINNER,1.26,4587.88,2,1.41,1.71,1.7,23419.7,1.79,1.02,1.44,1.38,5496.62,2220.9,1.35,1.18,1.3,1.31,6817.83,1.68,1.72,1.02,0.99
16/07/2021,11:05:00 PM,11:05:41 PM,Gloucester Park,WA,8,185314780,R8 2536m Pace M,185314781,Harness,2536,Pace,8539218,3,Boom Time,LOSER,33.21,LOSER,10.5,423.93,55,21,34,26.93,610.45,700,22,700,79.81,21.21,126.22,12,6.8,12,8.32,55.71,30,32,1.02,0.99
16/07/2021,11:05:00 PM,11:05:41 PM,Gloucester Park,WA,8,185314780,R8 2536m Pace M,185314781,Harness,2536,Pace,9387132,4,Im Full Of Excuses,LOSER,93.81,LOSER,34,126.34,180,40,130,94.28,188.07,1000,60,600,113.25,13.32,55.86,34,15,34,21.19,17.88,80,85,1.02,0.99
16/07/2021,11:05:00 PM,11:05:41 PM,Gloucester Park,WA,8,185314780,R8 2536m Pace M,185314781,Harness,2536,Pace,27212799,5,To Fast To Serious,LOSER,3.75,LOSER,1.88,1661.25,5.8,3.05,3.65,3.72,6367.72,300,3.4,300,5.03,599.92,1761.4,2.28,1.83,1.87,1.91,2475.35,3.95,4.1,1.02,0.99
16/07/2021,11:05:00 PM,11:05:41 PM,Gloucester Park,WA,8,185314780,R8 2536m Pace M,185314781,Harness,2536,Pace,15936143,6,Blue Blazer,LOSER,26.01,LOSER,7.4,568.42,75,21,32,25.68,748.2,720,26,720,62.5,31.85,240.02,7.4,5.8,6.6,6.21,218.94,29,32,1.02,0.99
16/07/2021,11:35:00 PM,11:35:38 PM,Gloucester Park,WA,9,185314782,R9 2130m Pace M,185314783,Harness,2130,Pace,25633593,1,Alta Engen,LOSER,1.2,WINNER,1.06,6054.93,2,1.21,1.21,1.25,17638.14,34,1.01,34,1.31,3441.17,110.29,1.11,1.06,1.09,1.08,3163.78,1.23,1.25,1.02,0.99
16/07/2021,11:35:00 PM,11:35:38 PM,Gloucester Park,WA,9,185314782,R9 2130m Pace M,185314783,Harness,2130,Pace,6126302,2,Plutonium,WINNER,7.8,WINNER,1.29,624.05,9.4,5,8.2,7.48,1293.65,70,1.02,1.02,2.32,972.03,1699.56,1.77,1.32,1.32,1.52,2579.88,8.4,9,1.02,0.99
16/07/2021,11:35:00 PM,11:35:38 PM,Gloucester Park,WA,9,185314782,R9 2130m Pace M,185314783,Harness,2130,Pace,12502157,3,Truleylucky,LOSER,378.77,LOSER,150,59.51,590,160,590,379.68,9.34,720,180,720,496.67,0.48,10.1,220,19,150,63.17,8.22,320,520,1.02,0.99
16/07/2021,11:35:00 PM,11:35:38 PM,Gloucester Park,WA,9,185314782,R9 2130m Pace M,185314783,Harness,2130,Pace,25764928,4,La Suleiman,LOSER,327.8,LOSER,70,63.18,500,170,500,298.55,12.27,720,310,310,592,0.67,25.22,75,23,70,51.22,13.51,260,480,1.02,0.99
16/07/2021,11:35:00 PM,11:35:38 PM,Gloucester Park,WA,9,185314782,R9 2130m Pace M,185314783,Harness,2130,Pace,11229868,5,Whoswhointhezoo,LOSER,62.24,LOSER,14.69,94.37,100,46,100,70.07,47.11,920,55,920,89.18,12.03,107.01,14,7.6,14,11.34,62.06,70,80,1.02,0.99
16/07/2021,11:35:00 PM,11:35:38 PM,Gloucester Park,WA,9,185314782,R9 2130m Pace M,185314783,Harness,2130,Pace,10585390,6,Alta Intrigue,LOSER,21,LOSER,5.04,221.06,38,15,26,18.47,702.57,720,29,720,56.92,15.46,108.24,5.2,3.55,5,4.39,112.94,17.5,18.5,1.02,0.99
16/07/2021,11:35:00 PM,11:35:38 PM,Gloucester Park,WA,9,185314782,R9 2130m Pace M,185314783,Harness,2130,Pace,23402461,7,The Watch Maker,LOSER,77.84,LOSER,15.63,114.71,160,50,150,104.14,36.04,930,75,930,96.3,19.89,136.53,27,11.5,16.5,18.23,32.82,85,130,1.02,0.99
16/07/2021,5:33:00 PM,5:33:31 PM,Launceston,TAS,1,185320097,R1 2200m Pace S,185320098,Harness,2200,Pace,10767307,1,Stylish Trend,LOSER,4.5,WINNER,,1197.65,5.2,3,4.4,3.75,2009.71,110,1.18,100,3.21,828.1,,1.92,1.92,1.92,1.92,85.11,4.1,4.5,1.04,0.97
16/07/2021,5:33:00 PM,5:33:31 PM,Launceston,TAS,1,185320097,R1 2200m Pace S,185320098,Harness,2200,Pace,11937661,2,Weerrook Harry,LOSER,9.68,LOSER,,720.35,19,10,10,12.22,95.62,720,5.6,720,13.31,132.14,,3.2,3.05,3.05,3.09,17.56,10,11,1.04,0.97
16/07/2021,5:33:00 PM,5:33:31 PM,Launceston,TAS,1,185320097,R1 2200m Pace S,185320098,Harness,2200,Pace,13943503,3,Keep Playing,WINNER,3.7,WINNER,,1144.21,5,3.65,3.7,3.81,1053.35,3.75,1.01,1.01,1.51,1662.25,,1.72,1.72,1.72,1.72,14.01,3.65,3.9,1.04,0.97
16/07/2021,5:33:00 PM,5:33:31 PM,Launceston,TAS,1,185320097,R1 2200m Pace S,185320098,Harness,2200,Pace,11826913,4,Triple Aitch Fella,LOSER,11.81,LOSER,,458.89,15.5,10,11,11.7,598.33,720,10.5,720,33.89,131.29,,2.78,2.78,2.78,2.78,20,10.5,11,1.04,0.97
16/07/2021,5:33:00 PM,5:33:31 PM,Launceston,TAS,1,185320097,R1 2200m Pace S,185320098,Harness,2200,Pace,16219366,5,Liberal Arden,LOSER,78.85,LOSER,,52.25,80,34,70,61.65,69.36,920,70,750,203.54,7.75,,8.8,8.6,8.8,8.68,12.44,60,65,1.04,0.97
16/07/2021,5:33:00 PM,5:33:31 PM,Launceston,TAS,1,185320097,R1 2200m Pace S,185320098,Harness,2200,Pace,15844906,6,Ozzie Major,LOSER,14.21,WINNER,,537.87,23,9.8,16.5,15.15,96.76,720,11,720,18.68,83.45,,4.1,3.25,3.95,3.67,17.35,17,17.5,1.04,0.97
16/07/2021,5:33:00 PM,5:33:31 PM,Launceston,TAS,1,185320097,R1 2200m Pace S,185320098,Harness,2200,Pace,22941421,8,Jo Dina,LOSER,82.55,LOSER,,60.39,110,42,95,70.94,43.82,720,75,720,152.8,2.81,,9,8.2,9,8.43,17.44,85,90,1.04,0.97
16/07/2021,5:33:00 PM,5:33:31 PM,Launceston,TAS,1,185320097,R1 2200m Pace S,185320098,Harness,2200,Pace,20258390,9,My Ultimate Romeo,LOSER,9.83,LOSER,,675.48,12,9.8,10,10.92,126.61,720,9.4,720,16.65,76.04,,4.2,3.9,3.9,4.15,6.71,10,10.5,1.04,0.97
16/07/2021,5:33:00 PM,5:33:31 PM,Launceston,TAS,1,185320097,R1 2200m Pace S,185320098,Harness,2200,Pace,22118847,10,Ideal Karalta,LOSER,16.57,LOSER,,403.59,20,16.5,17,17.94,140.34,720,16.5,720,27.98,51.96,,4.3,4.2,4.2,4.25,10,16.5,17.5,1.04,0.97
16/07/2021,5:33:00 PM,5:33:31 PM,Launceston,TAS,1,185320097,R1 2200m Pace S,185320098,Harness,2200,Pace,39810637,11,My Flying Spur,LOSER,12.15,LOSER,,515.62,14.5,8.4,12.5,12.34,80.16,890,6.6,720,34.68,109.66,,,,,,,13,13.5,1.04,0.97
16/07/2021,5:33:00 PM,5:33:31 PM,Launceston,TAS,1,185320097,R1 2200m Pace S,185320098,Harness,2200,Pace,38397637,12,Signorina Jujon,LOSER,230,LOSER,,27.78,270,95,230,137.99,22.08,910,230,910,326.36,3.91,,34,15,15,23.11,8.72,200,270,1.04,0.97
16/07/2021,6:06:00 PM,6:06:49 PM,Launceston,TAS,2,185320099,R2 2200m Pace M,185320100,Harness,2200,Pace,13757762,1,Got The Goods,LOSER,25,LOSER,,171.8,24,16.5,24,19.38,31.35,900,10.5,900,96.05,49.28,,,,,,,21,24,1.05,0.96
16/07/2021,6:06:00 PM,6:06:49 PM,Launceston,TAS,2,185320099,R2 2200m Pace M,185320100,Harness,2200,Pace,23912708,2,Major Seascape,WINNER,5.17,WINNER,,686.54,7,3.5,5.3,5.02,840.6,8.8,1.01,1.01,1.24,1124.14,,2.3,2.08,2.08,2.18,20,6.4,6.6,1.05,0.96
16/07/2021,6:06:00 PM,6:06:49 PM,Launceston,TAS,2,185320099,R2 2200m Pace M,185320100,Harness,2200,Pace,28260759,3,Squatter Shannon,LOSER,9.04,LOSER,,326.77,9,5.1,9,7.31,172.67,780,5,190,36.34,53.74,,,,,,,7.6,8,1.05,0.96
16/07/2021,6:06:00 PM,6:06:49 PM,Launceston,TAS,2,185320099,R2 2200m Pace M,185320100,Harness,2200,Pace,25890971,4,Island Rocknroll,LOSER,29.34,LOSER,,83.91,34,26,27,30.39,60.02,720,28,720,61.86,19.3,,,,,,,30,34,1.05,0.96
16/07/2021,6:06:00 PM,6:06:49 PM,Launceston,TAS,2,185320099,R2 2200m Pace M,185320100,Harness,2200,Pace,12256597,5,Crowbar Johnson,LOSER,46,LOSER,,62.11,48,25,44,41.95,13.1,720,40,720,95.68,9.84,,,,,,,38,48,1.05,0.96
16/07/2021,6:06:00 PM,6:06:49 PM,Launceston,TAS,2,185320099,R2 2200m Pace M,185320100,Harness,2200,Pace,28024066,6,Booker Bay,LOSER,8.6,LOSER,,461.26,19.5,8.6,8.6,10.95,235,280,1.85,170,22.71,32.28,,,,,,,8.8,9.8,1.05,0.96
16/07/2021,6:06:00 PM,6:06:49 PM,Launceston,TAS,2,185320099,R2 2200m Pace M,185320100,Harness,2200,Pace,20137247,7,Major Davvin,LOSER,7.04,LOSER,,595.96,13.5,6.4,7,8.03,894.93,890,5.5,470,39.27,79.89,,,,,,,6.6,7,1.05,0.96
16/07/2021,6:06:00 PM,6:06:49 PM,Launceston,TAS,2,185320099,R2 2200m Pace M,185320100,Harness,2200,Pace,3548099,8,Rockaria,LOSER,40,LOSER,,52.59,48,26,40,39.52,38.31,910,14.5,910,61.17,20.68,,6.6,6.6,6.6,6.6,15.93,38,48,1.05,0.96
16/07/2021,6:06:00 PM,6:06:49 PM,Launceston,TAS,2,185320099,R2 2200m Pace M,185320100,Harness,2200,Pace,22822389,9,Oneofthelads,LOSER,4.9,WINNER,,740.95,7.6,4,4.6,4.45,1429.99,140,1.5,70,3.47,502.36,,,,,,,4,4.5,1.05,0.96
16/07/2021,6:06:00 PM,6:06:49 PM,Launceston,TAS,2,185320099,R2 2200m Pace M,185320100,Harness,2200,Pace,35523923,10,Boulder City,LOSER,31.5,WINNER,,197.52,29,20,25,24.1,362.98,720,5,490,32.05,36.62,,6,5,6,5.05,47.5,21,23,1.05,0.96
16/07/2021,6:06:00 PM,6:06:49 PM,Launceston,TAS,2,185320099,R2 2200m Pace M,185320100,Harness,2200,Pace,27281769,11,Border Cross,LOSER,37.06,LOSER,,149.71,48,29,30,31.53,101.54,920,30,920,83.23,46.96,,,,,,,29,32,1.05,0.96
16/07/2021,6:06:00 PM,6:06:49 PM,Launceston,TAS,2,185320099,R2 2200m Pace M,185320100,Harness,2200,Pace,20358381,13,Jakes A Joy,LOSER,28.46,LOSER,,153.11,55,30,34,36.92,77.11,720,10,720,40.51,64.03,,7.8,7.6,7.8,7.71,13.65,30,34,1.05,0.96
16/07/2021,6:37:00 PM,6:37:37 PM,Launceston,TAS,3,185320101,R3 2200m Pace M,185320102,Harness,2200,Pace,13126810,1,Smile Lyle,LOSER,25.29,LOSER,,187.6,32,19.5,26,23.93,228.06,910,27,720,77.41,35.1,,,,,,,25,29,1.1,0.94
16/07/2021,6:37:00 PM,6:37:37 PM,Launceston,TAS,3,185320101,R3 2200m Pace M,185320102,Harness,2200,Pace,11036932,2,Christian Major,LOSER,5.46,LOSER,,1077.34,5.8,5,5.7,5.41,286.44,880,3.7,880,28.47,153.85,,,,,,,5.4,5.9,1.1,0.94
16/07/2021,6:37:00 PM,6:37:37 PM,Launceston,TAS,3,185320101,R3 2200m Pace M,185320102,Harness,2200,Pace,9116488,3,Pink Ponder,LOSER,71.02,LOSER,,75.82,80,42,80,63.43,81.47,930,22,770,120.17,17.94,,9.2,9.2,9.2,9.2,5,60,75,1.1,0.94
16/07/2021,6:37:00 PM,6:37:37 PM,Launceston,TAS,3,185320101,R3 2200m Pace M,185320102,Harness,2200,Pace,17982797,4,Rowley,LOSER,16.57,LOSER,,84.29,21,11,15,14.6,120.97,710,5.7,560,23.87,93.85,,3.65,3.65,3.65,3.65,10,15.5,21,1.1,0.94
16/07/2021,6:37:00 PM,6:37:37 PM,Launceston,TAS,3,185320101,R3 2200m Pace M,185320102,Harness,2200,Pace,40189827,5,Jobells Image,LOSER,25.82,LOSER,,115.73,29,18.5,29,23.51,97.78,910,7.6,910,45.93,78.09,,,,,,,18.5,26,1.1,0.94
16/07/2021,6:37:00 PM,6:37:37 PM,Launceston,TAS,3,185320101,R3 2200m Pace M,185320102,Harness,2200,Pace,16385113,6,Loyola Trios,LOSER,14,WINNER,,238.58,19.5,11.5,12,13.1,126.55,720,14,710,80.27,19.22,,,,,,,14.5,19.5,1.1,0.94
16/07/2021,6:37:00 PM,6:37:37 PM,Launceston,TAS,3,185320101,R3 2200m Pace M,185320102,Harness,2200,Pace,9351890,7,Pockets Of Courage,LOSER,26,LOSER,,111.37,26,17,24,20.31,24.58,910,8.4,720,26.52,65.71,,,,,,,20,24,1.1,0.94
16/07/2021,6:37:00 PM,6:37:37 PM,Launceston,TAS,3,185320101,R3 2200m Pace M,185320102,Harness,2200,Pace,15906144,8,Machs Mareta,LOSER,36.6,WINNER,,115.08,34,20,34,30.21,62.15,910,10.5,910,66.08,28.22,,,,,,,30,32,1.1,0.94
16/07/2021,6:37:00 PM,6:37:37 PM,Launceston,TAS,3,185320101,R3 2200m Pace M,185320102,Harness,2200,Pace,24630907,9,Sports Candy,WINNER,2.82,WINNER,,2344.54,4.2,2.72,2.78,2.91,3870.87,4,1.01,1.01,1.25,3544.98,,1.71,1.44,1.44,1.63,698.65,2.72,2.92,1.1,0.94
16/07/2021,6:37:00 PM,6:37:37 PM,Launceston,TAS,3,185320101,R3 2200m Pace M,185320102,Harness,2200,Pace,10927101,10,Proficient,LOSER,37.76,LOSER,,107.54,36,27,36,30.29,90.41,920,28,740,76.72,24.8,,,,,,,27,29,1.1,0.94
16/07/2021,6:37:00 PM,6:37:37 PM,Launceston,TAS,3,185320101,R3 2200m Pace M,185320102,Harness,2200,Pace,22553153,11,Glenrae Hanover,LOSER,75.28,LOSER,,67.15,85,40,85,50.17,7.97,750,65,750,168.24,8.73,,7.6,6.6,7.4,7.33,19.21,38,65,1.1,0.94
16/07/2021,6:37:00 PM,6:37:37 PM,Launceston,TAS,3,185320101,R3 2200m Pace M,185320102,Harness,2200,Pace,17740761,12,Tarleton Riley,LOSER,6.63,LOSER,,696.75,7.4,5.9,6.6,6.44,339.96,690,5,490,14.79,131.82,,2.4,2.26,2.26,2.38,5.65,6.6,8,1.1,0.94
16/07/2021,7:16:00 PM,7:19:48 PM,Launceston,TAS,4,185320103,R4 2200m Pace M,185320104,Harness,2200,Pace,10172755,1,Southern Gnp,LOSER,36.98,LOSER,,257.75,710,15,110,34.64,499,1000,85,300,691.08,7.6,,60,3.05,60,27.04,93.66,16.5,17,1.03,0.98
16/07/2021,7:16:00 PM,7:19:48 PM,Launceston,TAS,4,185320103,R4 2200m Pace M,185320104,Harness,2200,Pace,12235258,2,A Good Knight,LOSER,10.83,LOSER,,565.6,16,10,11,12.73,295.05,210,10.5,110,48.45,7.31,,4.2,2.86,3.85,3.03,59.01,15,15.5,1.03,0.98
16/07/2021,7:16:00 PM,7:19:48 PM,Launceston,TAS,4,185320103,R4 2200m Pace M,185320104,Harness,2200,Pace,13321637,3,Guys Bettor Bet,LOSER,21.35,WINNER,,423.6,30,20,22,23.38,142.1,910,21,910,115.66,20.09,,,,,,,23,27,1.03,0.98
16/07/2021,7:16:00 PM,7:19:48 PM,Launceston,TAS,4,185320103,R4 2200m Pace M,185320104,Harness,2200,Pace,24706383,4,Hesa Bit Different,LOSER,38.33,LOSER,,139.66,48,30,38,42.81,18.57,710,55,710,123.41,2.79,,5.5,5.5,5.5,5.5,10,36,55,1.03,0.98
16/07/2021,7:16:00 PM,7:19:48 PM,Launceston,TAS,4,185320103,R4 2200m Pace M,185320104,Harness,2200,Pace,35372486,5,Iden Gorgeous,WINNER,1.68,WINNER,,2806.68,2,1.65,1.66,1.8,13420.47,2.32,1.01,1.01,1.27,3298.63,,1.3,1.19,1.29,1.27,549.3,1.82,1.83,1.03,0.98
16/07/2021,7:16:00 PM,7:19:48 PM,Launceston,TAS,4,185320103,R4 2200m Pace M,185320104,Harness,2200,Pace,19976471,6,Coveffe Hustler,LOSER,46.87,LOSER,,86,60,34,42,48.03,47.24,720,60,720,99.71,5.12,,6,6,6,6,0.5,34,40,1.03,0.98
16/07/2021,7:16:00 PM,7:19:48 PM,Launceston,TAS,4,185320103,R4 2200m Pace M,185320104,Harness,2200,Pace,16556103,7,Denstown,LOSER,249.85,LOSER,,71.82,250,85,250,188.91,31.4,720,270,720,382.85,1.89,,11,9.4,9.4,10.67,3.81,130,210,1.03,0.98
16/07/2021,7:16:00 PM,7:19:48 PM,Launceston,TAS,4,185320103,R4 2200m Pace M,185320104,Harness,2200,Pace,18739755,8,Velocity Stride,LOSER,22.81,LOSER,,316.84,26,20,23,24.63,169.9,900,20,720,89.92,14.33,,,,,,,21,22,1.03,0.98
16/07/2021,7:16:00 PM,7:19:48 PM,Launceston,TAS,4,185320103,R4 2200m Pace M,185320104,Harness,2200,Pace,25091759,9,Emjays Black Chip,LOSER,15.69,WINNER,,391.04,18,13.5,15.5,15.98,330.96,490,15.5,140,66.93,5.38,,4.3,3.45,3.5,3.51,21.32,16.5,18,1.03,0.98
16/07/2021,7:16:00 PM,7:19:48 PM,Launceston,TAS,4,185320103,R4 2200m Pace M,185320104,Harness,2200,Pace,17550243,11,Brads Luck,LOSER,16.97,LOSER,,324.37,30,16,16.5,20,287.5,920,16.5,920,130.31,17.39,,,,,,,22,23,1.03,0.98
16/07/2021,7:16:00 PM,7:19:48 PM,Launceston,TAS,4,185320103,R4 2200m Pace M,185320104,Harness,2200,Pace,11480396,12,Only In Rome,LOSER,50.54,LOSER,,131.67,75,36,50,48.03,65.89,730,80,730,157.56,7.24,,7,7,7,7,5,44,55,1.03,0.98
16/07/2021,7:16:00 PM,7:19:48 PM,Launceston,TAS,4,185320103,R4 2200m Pace M,185320104,Harness,2200,Pace,39528410,13,Raining On Ringo,LOSER,15.86,LOSER,,346.35,17,13.5,15,15.89,172.7,720,18,720,93.14,26.51,,3.85,2.7,3.85,2.9,24.86,15,15.5,1.03,0.98
16/07/2021,7:46:00 PM,7:50:14 PM,Launceston,TAS,5,185320105,R5 2200m Pace S,185320106,Harness,2200,Pace,40189830,1,Guido Da Siena,WINNER,4.53,WINNER,,3207.02,8.2,4.7,4.7,5.59,3473.04,700,1.02,1.02,4.07,1313.29,,2.36,2.06,2.12,2.3,122.22,6.4,6.8,1.03,0.97
16/07/2021,7:46:00 PM,7:50:14 PM,Launceston,TAS,5,185320105,R5 2200m Pace S,185320106,Harness,2200,Pace,17567462,2,Stone Cracker,LOSER,8.77,LOSER,,646.39,9.8,6.2,8.2,8.06,878.46,720,8.6,720,21.3,103.91,,,,,,,7.6,7.8,1.03,0.97
16/07/2021,7:46:00 PM,7:50:14 PM,Launceston,TAS,5,185320105,R5 2200m Pace S,185320106,Harness,2200,Pace,8341961,3,Lake Eyre,LOSER,99.73,LOSER,,54.87,140,65,100,98.09,16.3,780,32,780,102.89,12.84,,13,7.6,13,9.66,12.5,70,80,1.03,0.97
16/07/2021,7:46:00 PM,7:50:14 PM,Launceston,TAS,5,185320105,R5 2200m Pace S,185320106,Harness,2200,Pace,7392253,4,Good Feelings,LOSER,23,LOSER,,164.78,23,17.5,22,19.75,129.89,720,23,300,61.18,28.15,,5.2,5.1,5.2,5.17,15,18.5,19.5,1.03,0.97
16/07/2021,7:46:00 PM,7:50:14 PM,Launceston,TAS,5,185320105,R5 2200m Pace S,185320106,Harness,2200,Pace,24229220,5,Juniper,LOSER,8.47,WINNER,,638.97,9.4,5.6,8.6,7.62,325.93,85,1.1,48,3.1,460.01,,3.45,2.72,2.98,2.95,46.84,7.8,8.6,1.03,0.97
16/07/2021,7:46:00 PM,7:50:14 PM,Launceston,TAS,5,185320105,R5 2200m Pace S,185320106,Harness,2200,Pace,27696103,7,Artyboy Glenwood,LOSER,70,LOSER,,74.77,150,34,55,48.12,94.66,720,110,720,145.46,4.74,,9,7.8,9,8.27,15,42,44,1.03,0.97
16/07/2021,7:46:00 PM,7:50:14 PM,Launceston,TAS,5,185320105,R5 2200m Pace S,185320106,Harness,2200,Pace,13388300,8,Heza Rummage,LOSER,12.52,LOSER,,558.59,15,11,13.5,12.91,68.11,420,12,280,33.9,59.24,,3.8,3.8,3.8,3.8,23.72,13,13.5,1.03,0.97
16/07/2021,7:46:00 PM,7:50:14 PM,Launceston,TAS,5,185320105,R5 2200m Pace S,185320106,Harness,2200,Pace,11669384,9,Artiflash,LOSER,61.09,LOSER,,118.1,200,46,70,62.59,43.46,720,60,300,66.74,38.62,,17.5,17.5,17.5,17.5,3.94,65,70,1.03,0.97
16/07/2021,7:46:00 PM,7:50:14 PM,Launceston,TAS,5,185320105,R5 2200m Pace S,185320106,Harness,2200,Pace,38014132,10,Postal Run,LOSER,80.09,LOSER,,72.97,100,42,100,79.29,18.06,750,80,750,119.9,9.75,,10.5,10.5,10.5,10.5,5,70,95,1.03,0.97
16/07/2021,7:46:00 PM,7:50:14 PM,Launceston,TAS,5,185320105,R5 2200m Pace S,185320106,Harness,2200,Pace,9068696,11,Christian Jaz,LOSER,4.34,WINNER,,4054.38,5.2,4,4.5,4.5,2515.75,110,2.44,85,4.44,666.18,,2,1.89,2,1.94,80.88,4.5,4.7,1.03,0.97
16/07/2021,7:46:00 PM,7:50:14 PM,Launceston,TAS,5,185320105,R5 2200m Pace S,185320106,Harness,2200,Pace,30287549,12,Live For Peace,LOSER,95,LOSER,,61.42,200,55,90,66.73,47.74,720,110,300,231.64,1.22,,11.5,11.5,11.5,11.5,5,70,75,1.03,0.97
16/07/2021,7:46:00 PM,7:50:14 PM,Launceston,TAS,5,185320105,R5 2200m Pace S,185320106,Harness,2200,Pace,11538228,13,Perfect Mach,LOSER,20.45,LOSER,,409.9,28,18.5,22,23.04,192,900,20,110,34.39,20.04,,6,5,5.3,5.11,97.07,21,24,1.03,0.97
16/07/2021,7:46:00 PM,7:50:14 PM,Launceston,TAS,5,185320105,R5 2200m Pace S,185320106,Harness,2200,Pace,40189831,14,Wattabout Spangher,LOSER,23,LOSER,,152.6,23,18,19.5,19.82,88.67,500,22,490,50.97,9.72,,,,,,,19,19.5,1.03,0.97
16/07/2021,7:46:00 PM,7:50:14 PM,Launceston,TAS,5,185320105,R5 2200m Pace S,185320106,Harness,2200,Pace,40189832,15,Karalta Kruise,LOSER,15,LOSER,,326.83,15,10,13.5,13.15,336.88,690,15,140,68.14,5.36,,5,4,4,4.03,10.35,12,13,1.03,0.97
16/07/2021,8:16:00 PM,8:02:31 PM,Launceston,TAS,6,185320107,R6 1680m Pace M,185320108,Harness,1680,Pace,7145722,1,Hear The Call,LOSER,6.3,WINNER,,7,,,,,,,,,,,,,,,,,1.14,720,9.65,0.02
16/07/2021,8:16:00 PM,8:02:31 PM,Launceston,TAS,6,185320107,R6 1680m Pace M,185320108,Harness,1680,Pace,22361334,2,Heidi Go Seek,LOSER,12.24,LOSER,,5,,,,,,,,,,,,,,,,,1.14,720,9.65,0.02
16/07/2021,8:16:00 PM,8:02:31 PM,Launceston,TAS,6,185320107,R6 1680m Pace M,185320108,Harness,1680,Pace,23721661,3,Shes Worth It,LOSER,43.21,LOSER,,5,,,,,,,,,,,,,,,,,1.14,720,9.65,0.02
16/07/2021,8:16:00 PM,8:02:31 PM,Launceston,TAS,6,185320107,R6 1680m Pace M,185320108,Harness,1680,Pace,23476040,4,Topzavski,LOSER,48.18,LOSER,,1,,,,,,,,,,,,,,,,,1.14,720,9.65,0.02
16/07/2021,8:16:00 PM,8:02:31 PM,Launceston,TAS,6,185320107,R6 1680m Pace M,185320108,Harness,1680,Pace,13218721,5,Mach Charm,WINNER,3.15,WINNER,,230.28,,,,,,,,,,,,,,,,,1.14,720,9.65,0.02
16/07/2021,8:16:00 PM,8:02:31 PM,Launceston,TAS,6,185320107,R6 1680m Pace M,185320108,Harness,1680,Pace,12226883,6,Yellow Taxi,LOSER,12.97,LOSER,,11.5,,,,,,,,,,,,,,,,,1.14,720,9.65,0.02
16/07/2021,8:16:00 PM,8:02:31 PM,Launceston,TAS,6,185320107,R6 1680m Pace M,185320108,Harness,1680,Pace,21677749,8,Machavelli,LOSER,6.24,LOSER,,8.5,,,,,,,,,,,,,,,,,1.14,720,9.65,0.02
16/07/2021,8:16:00 PM,8:02:31 PM,Launceston,TAS,6,185320107,R6 1680m Pace M,185320108,Harness,1680,Pace,17773875,9,My Ultimate Major,LOSER,34.3,WINNER,,6,,,,,,,,,,,,,,,,,1.14,720,9.65,0.02
16/07/2021,8:16:00 PM,,Launceston,TAS,6,185320107,R6 1680m Pace M,185320108,Harness,1680,Pace,12273094,10,The Lemondrop Kid,LOSER,30.85,LOSER,,,,,,,,,,,,,,,,,,,,,,
16/07/2021,8:16:00 PM,8:02:31 PM,Launceston,TAS,6,185320107,R6 1680m Pace M,185320108,Harness,1680,Pace,13179377,12,Punchinello,LOSER,28.43,LOSER,,2.5,,,,,,,,,,,,,,,,,1.14,720,9.65,0.02
16/07/2021,8:16:00 PM,8:02:31 PM,Launceston,TAS,6,185320107,R6 1680m Pace M,185320108,Harness,1680,Pace,6622011,13,Baccarat,LOSER,15.52,LOSER,,15,,,,,,,,,,,,,,,,,1.14,720,9.65,0.02
16/07/2021,8:45:00 PM,8:45:37 PM,Launceston,TAS,7,185320109,R7 2200m Pace M,185320110,Harness,2200,Pace,7181334,1,Bounty Eyre,LOSER,8.75,LOSER,,352.86,9.8,7.4,8.8,8.77,651.71,780,4,780,42.54,34.4,,2.78,2.78,2.78,2.78,0.37,9.2,9.6,1.03,0.96
16/07/2021,8:45:00 PM,8:45:37 PM,Launceston,TAS,7,185320109,R7 2200m Pace M,185320110,Harness,2200,Pace,2417208,2,War Chest,LOSER,17.14,WINNER,,170.1,24,16,23,19.35,81.61,720,10,720,59.18,18.18,,4.7,4.7,4.7,4.7,0.24,20,26,1.03,0.96
16/07/2021,8:45:00 PM,8:45:37 PM,Launceston,TAS,7,185320109,R7 2200m Pace M,185320110,Harness,2200,Pace,12319718,3,Distinctive Del,LOSER,39.65,LOSER,,95.23,50,36,42,43.01,48.37,920,75,480,273.51,6.27,,10,4.6,4.6,4.74,195,40,44,1.03,0.96
16/07/2021,8:45:00 PM,8:45:37 PM,Launceston,TAS,7,185320109,R7 2200m Pace M,185320110,Harness,2200,Pace,19823681,4,Gone And Forgotten,LOSER,8.8,LOSER,,367.13,8.8,6.4,8.8,7.49,224.72,890,5,890,49.6,30.88,,2.14,1.94,1.94,1.95,25,7,7.4,1.03,0.96
16/07/2021,8:45:00 PM,8:45:37 PM,Launceston,TAS,7,185320109,R7 2200m Pace M,185320110,Harness,2200,Pace,11704350,5,Tally Operator,LOSER,45.31,LOSER,,60.59,65,36,46,44.47,27.07,720,14,720,89.83,10.47,,,,,,,40,55,1.03,0.96
16/07/2021,8:45:00 PM,8:45:37 PM,Launceston,TAS,7,185320109,R7 2200m Pace M,185320110,Harness,2200,Pace,5547628,6,Monarkmac,LOSER,95.7,LOSER,,72.02,200,95,130,131.79,94.31,720,95,720,163.28,8.11,,,,,,,85,140,1.03,0.96
16/07/2021,8:45:00 PM,8:45:37 PM,Launceston,TAS,7,185320109,R7 2200m Pace M,185320110,Harness,2200,Pace,600721,7,Full Speed Ahead,WINNER,2.43,WINNER,,2150.77,2.62,2.06,2.26,2.21,7804.16,2.86,1.01,1.01,1.33,5043.48,,1.43,1.39,1.39,1.4,23.09,2.18,2.24,1.03,0.96
16/07/2021,8:45:00 PM,8:45:37 PM,Launceston,TAS,7,185320109,R7 2200m Pace M,185320110,Harness,2200,Pace,10120709,8,Heza Bromac,LOSER,5.95,WINNER,,433.77,7.4,5.3,5.7,6.13,616.27,140,1.55,140,9,193.83,,1.64,1.64,1.64,1.64,25,6.4,7,1.03,0.96
16/07/2021,8:45:00 PM,8:45:37 PM,Launceston,TAS,7,185320109,R7 2200m Pace M,185320110,Harness,2200,Pace,9188722,9,Karalta Dazzler,LOSER,17.27,LOSER,,168.93,27,16,19.5,20.84,168.91,910,7,720,25.21,111.34,,,,,,,21,22,1.03,0.96
16/07/2021,5:27:00 PM,5:27:44 PM,Melton,VIC,1,185314804,R1 1720m Trot M,185314805,Harness,1720,Trot,36201157,2,Bacardi Chic,LOSER,6.6,WINNER,1.85,806.38,11.5,6.6,6.8,7.41,1842.15,75,1.12,50,3.05,810.54,394.36,2.84,1.85,2,2.16,581.02,7.6,7.8,1.02,1
16/07/2021,5:27:00 PM,5:27:44 PM,Melton,VIC,1,185314804,R1 1720m Trot M,185314805,Harness,1720,Trot,37748266,3,Ikara,WINNER,3.04,WINNER,1.61,1668.32,4.2,2.74,3,3.09,8543.83,24,1.01,1.02,1.6,2362.81,1066.11,1.66,1.6,1.61,1.62,167.03,3.2,3.35,1.02,1
16/07/2021,5:27:00 PM,5:27:44 PM,Melton,VIC,1,185314804,R1 1720m Trot M,185314805,Harness,1720,Trot,40186675,4,The Red Warrior,LOSER,5.77,LOSER,2.23,1041.98,6.4,3.95,5.8,5.35,2375.11,1000,5.5,160,27.75,199.38,485.94,2.3,1.68,2.14,2.03,469.91,5.9,5.4,1.02,1
16/07/2021,5:27:00 PM,5:27:44 PM,Melton,VIC,1,185314804,R1 1720m Trot M,185314805,Harness,1720,Trot,40186676,5,Will Patrick,LOSER,320.87,LOSER,102.1,68.73,370,110,360,274.41,52.69,1000,200,1000,485.16,22.11,20.16,50,44,50,49.4,37.2,220,280,1.02,1
16/07/2021,5:27:00 PM,5:27:44 PM,Melton,VIC,1,185314804,R1 1720m Trot M,185314805,Harness,1720,Trot,27391389,6,Lotta Fuss,LOSER,10.04,LOSER,3.07,640.12,17,8.8,11,12.26,440.06,720,2.08,420,19.16,257.62,719.27,3.2,3,3.15,3.13,41.67,12,12.5,1.02,1
16/07/2021,5:27:00 PM,5:27:44 PM,Melton,VIC,1,185314804,R1 1720m Trot M,185314805,Harness,1720,Trot,26872203,7,Hallofasudden,LOSER,52.81,LOSER,26.75,291.21,120,11,120,28.16,1558.16,1000,42,1000,390.76,32.09,43.44,38,3.9,38,8.75,205.23,11.5,12,1.02,1
16/07/2021,5:27:00 PM,5:27:44 PM,Melton,VIC,1,185314804,R1 1720m Trot M,185314805,Harness,1720,Trot,37258750,8,My Lindy Angels,LOSER,14,LOSER,4.03,310.88,16.5,13.5,14.5,14.32,228.86,1000,4.1,1000,21.37,445.03,204.83,4.5,3.95,4,4.11,14.22,13.5,14,1.02,1
16/07/2021,5:27:00 PM,5:27:44 PM,Melton,VIC,1,185314804,R1 1720m Trot M,185314805,Harness,1720,Trot,40186677,9,Roshambo,LOSER,20.9,WINNER,5.3,297.35,55,22,25,31.21,379.12,340,2.82,180,19.23,86.08,186.89,,,,,,24,26,1.02,1
16/07/2021,5:27:00 PM,5:27:44 PM,Melton,VIC,1,185314804,R1 1720m Trot M,185314805,Harness,1720,Trot,38979756,10,Buslin Brody,LOSER,9.68,LOSER,3.13,685.07,17,9.8,9.8,11.67,1080.8,820,5.1,420,19.78,112.77,489.41,3.5,3.05,3.05,3.11,18.67,11.5,12,1.02,1
16/07/2021,5:27:00 PM,5:27:44 PM,Melton,VIC,1,185314804,R1 1720m Trot M,185314805,Harness,1720,Trot,38382017,11,Mynamesgraham,LOSER,31.05,LOSER,7.75,227.4,46,23,30,35.97,105.16,1000,29,1000,64.97,41.1,118.1,,,,,,36,40,1.02,1
16/07/2021,6:02:00 PM,6:04:45 PM,Melton,VIC,2,185314806,R2 2240m Trot M,185314807,Harness,2240,Trot,5845353,1,Montelena,LOSER,29.17,LOSER,5.36,414.66,34,17,25,25.2,742.18,910,28,900,88.54,40.6,275.81,5.1,5,5.1,5.07,5,24,28,1.03,0.96
16/07/2021,6:02:00 PM,6:04:45 PM,Melton,VIC,2,185314806,R2 2240m Trot M,185314807,Harness,2240,Trot,35510488,2,Tictok,LOSER,7.86,LOSER,2.59,659.66,12.5,7.4,8.2,8.78,1339.13,720,5.2,280,17.47,156.85,627.37,2.74,2.54,2.54,2.61,55.91,8.2,8.8,1.03,0.96
16/07/2021,6:02:00 PM,6:04:45 PM,Melton,VIC,2,185314806,R2 2240m Trot M,185314807,Harness,2240,Trot,28672112,3,Euryphaessa,LOSER,4.19,WINNER,1.68,1309.09,7.8,4.3,4.3,4.93,2871.02,110,1.02,50,1.58,4467.85,749.92,2.26,1.63,1.75,1.84,740.28,5,5.3,1.03,0.96
16/07/2021,6:02:00 PM,6:04:45 PM,Melton,VIC,2,185314806,R2 2240m Trot M,185314807,Harness,2240,Trot,38694334,4,Riley Moment,LOSER,7.71,LOSER,2.43,808.94,9.6,6.6,6.8,7.72,1028.88,1000,7.4,1000,36.22,128.16,796.2,,,,,,7.2,7.8,1.03,0.96
16/07/2021,6:02:00 PM,6:04:45 PM,Melton,VIC,2,185314806,R2 2240m Trot M,185314807,Harness,2240,Trot,40186679,5,Queen Invasion,LOSER,9.4,LOSER,2.51,669.81,9,4.9,8.8,6.43,1316.81,720,9,720,42.6,147.72,602.24,2.5,2.2,2.5,2.32,72.47,7,7.4,1.03,0.96
16/07/2021,6:02:00 PM,6:04:45 PM,Melton,VIC,2,185314806,R2 2240m Trot M,185314807,Harness,2240,Trot,40186680,6,Paramount Princess,WINNER,5.26,WINNER,1.76,1179.73,7.2,4.6,5.1,5.16,4180.36,90,1.01,1.01,1.97,1786.12,734.28,1.9,1.64,1.73,1.72,525.75,4.6,5,1.03,0.96
16/07/2021,6:02:00 PM,6:04:45 PM,Melton,VIC,2,185314806,R2 2240m Trot M,185314807,Harness,2240,Trot,28273760,7,Keayang Xena,LOSER,6.53,WINNER,2.71,1038.42,7.8,3.8,7,5.52,2851.35,720,4.9,720,12.38,380.85,412.07,2.7,2.2,2.66,2.41,87.07,6.8,7,1.03,0.96
16/07/2021,6:02:00 PM,6:04:45 PM,Melton,VIC,2,185314806,R2 2240m Trot M,185314807,Harness,2240,Trot,37618543,8,Paris Faith,LOSER,359.39,LOSER,74.55,47.31,570,220,350,313.07,117.88,720,38,710,198.81,35.86,44.03,75,50,65,60.24,32.38,340,460,1.03,0.96
16/07/2021,6:02:00 PM,6:04:45 PM,Melton,VIC,2,185314806,R2 2240m Trot M,185314807,Harness,2240,Trot,40186681,9,Abundance,LOSER,72.72,LOSER,13.24,120.98,110,50,85,74.88,83.35,940,70,940,350.48,32.24,74.64,8.8,8.2,8.6,8.57,17.4,60,70,1.03,0.96
16/07/2021,6:28:00 PM,6:29:03 PM,Melton,VIC,3,185314808,R3 2240m Trot M,185314809,Harness,2240,Trot,16653657,1,Lucky Pats Son,LOSER,519.06,LOSER,84.59,45.21,600,110,380,361.05,32.55,720,55,600,91.27,34.19,23.24,26,26,26,26,5,400,480,1.04,0.98
16/07/2021,6:28:00 PM,6:29:03 PM,Melton,VIC,3,185314808,R3 2240m Trot M,185314809,Harness,2240,Trot,11309617,2,Bootleg Bert,LOSER,66.95,LOSER,18.24,84.13,100,42,75,70.35,52.72,940,22,720,80.18,85.75,70.44,,,,,,80,85,1.04,0.98
16/07/2021,6:28:00 PM,6:29:03 PM,Melton,VIC,3,185314808,R3 2240m Trot M,185314809,Harness,2240,Trot,27559868,3,Tequila Bree,LOSER,40.71,LOSER,7.84,128.76,50,30,42,44.4,115.91,920,13.5,300,55.41,77.46,262.79,8,7.8,8,7.9,20.94,40,42,1.04,0.98
16/07/2021,6:28:00 PM,6:29:03 PM,Melton,VIC,3,185314808,R3 2240m Trot M,185314809,Harness,2240,Trot,10866300,4,Count Bacardi,WINNER,24,WINNER,5.83,191.21,28,18.5,25,23.05,83.69,40,1.01,1.01,1.81,1588.16,239.16,,,,,,22,25,1.04,0.98
16/07/2021,6:28:00 PM,6:29:03 PM,Melton,VIC,3,185314808,R3 2240m Trot M,185314809,Harness,2240,Trot,28587436,5,Namoscar,LOSER,3.28,LOSER,1.5,1453.78,4.3,3,3.2,3.43,5267.98,720,2.5,720,4.8,779.69,1072.73,1.59,1.47,1.54,1.56,570,3.45,3.55,1.04,0.98
16/07/2021,6:28:00 PM,6:29:03 PM,Melton,VIC,3,185314808,R3 2240m Trot M,185314809,Harness,2240,Trot,22661843,6,Scruffy Doolan,LOSER,5.2,WINNER,2.19,763.67,8,4.5,5.2,5.49,1611.06,220,1.18,220,7.72,724.36,219.93,2.36,1.93,1.99,2.35,245.69,4.7,5,1.04,0.98
16/07/2021,6:28:00 PM,6:29:03 PM,Melton,VIC,3,185314808,R3 2240m Trot M,185314809,Harness,2240,Trot,22290576,7,Full Noise,LOSER,8.9,LOSER,2.44,400.13,10,6.8,9,7.56,550.71,880,5,880,13.96,254.5,793.91,2.86,2.3,2.86,2.32,10.42,7.2,8,1.04,0.98
16/07/2021,6:28:00 PM,6:29:03 PM,Melton,VIC,3,185314808,R3 2240m Trot M,185314809,Harness,2240,Trot,23173009,8,Zarem,LOSER,5.51,WINNER,2.32,717.26,6.4,4.8,5.8,5.81,1416.41,720,3.8,710,9.56,266.61,304.14,1.99,1.99,1.99,1.99,0.17,5.7,5.9,1.04,0.98
16/07/2021,6:28:00 PM,6:29:03 PM,Melton,VIC,3,185314808,R3 2240m Trot M,185314809,Harness,2240,Trot,28051081,9,Beefour Bacardi,LOSER,10.26,LOSER,3.11,470.72,14,9.8,11,10.81,453.61,720,3.95,720,10.57,194.85,372.04,3.75,3.25,3.25,3.37,5.42,11.5,12.5,1.04,0.98
16/07/2021,6:28:00 PM,6:29:03 PM,Melton,VIC,3,185314808,R3 2240m Trot M,185314809,Harness,2240,Trot,12127823,10,Garshaway,LOSER,28.5,LOSER,6.88,204.67,44,27,32,34.02,126.45,720,9.6,720,32.04,56.13,217.36,,,,,,32,34,1.04,0.98
16/07/2021,6:28:00 PM,6:29:03 PM,Melton,VIC,3,185314808,R3 2240m Trot M,185314809,Harness,2240,Trot,27703128,11,Rigondeaux,LOSER,49.36,LOSER,9.27,92.17,75,40,55,55.02,65.81,720,6,720,43.73,45.91,141.13,,,,,,48,55,1.04,0.98
16/07/2021,7:00:00 PM,7:01:26 PM,Melton,VIC,4,185314810,R4 1720m Pace M,185314811,Harness,1720,Pace,40061834,1,Mir,LOSER,346.42,LOSER,57.29,42.66,400,240,360,336.9,36.64,1000,55,1000,314.04,16.38,37.91,70,50,50,55.52,22.94,310,340,1.01,0.99
16/07/2021,7:00:00 PM,7:01:26 PM,Melton,VIC,4,185314810,R4 1720m Pace M,185314811,Harness,1720,Pace,28286672,2,Covered Kylie,LOSER,100.04,LOSER,29.86,85.4,200,65,110,114.97,55.66,950,44,100,138.76,17.24,65.75,,,,,,110,130,1.01,0.99
16/07/2021,7:00:00 PM,7:01:26 PM,Melton,VIC,4,185314810,R4 1720m Pace M,185314811,Harness,1720,Pace,28286334,3,Classy Countess,LOSER,157.96,LOSER,22.78,61.97,220,65,190,140.32,40.99,740,7,600,53.31,116.28,122.05,23,16,22,18.74,69.02,180,200,1.01,0.99
16/07/2021,7:00:00 PM,7:01:26 PM,Melton,VIC,4,185314810,R4 1720m Pace M,185314811,Harness,1720,Pace,27870415,4,Outa The Blue,WINNER,1.51,WINNER,1.13,4232.25,2.5,1.49,1.52,1.63,22424.36,6.8,1.01,1.03,1.78,4848.38,1514.62,1.2,1.1,1.11,1.14,8413.45,1.54,1.55,1.01,0.99
16/07/2021,7:00:00 PM,7:01:26 PM,Melton,VIC,4,185314810,R4 1720m Pace M,185314811,Harness,1720,Pace,35621020,5,Our Kinky Boots,LOSER,46.85,WINNER,6.01,299.09,46,13.5,44,35.91,289.5,220,2.28,95,27.46,98.22,431.97,7.8,5.5,6.8,6.06,93.02,42,46,1.01,0.99
16/07/2021,7:00:00 PM,7:01:26 PM,Melton,VIC,4,185314810,R4 1720m Pace M,185314811,Harness,1720,Pace,40186682,6,Colerne,LOSER,32.2,LOSER,6.07,403.9,55,16,40,34.43,344.24,1000,20,1000,61.05,60.17,159.41,6,5.3,5.9,5.78,129.36,32,40,1.01,0.99
16/07/2021,7:00:00 PM,7:01:26 PM,Melton,VIC,4,185314810,R4 1720m Pace M,185314811,Harness,1720,Pace,40186683,7,Mia Ragazza,LOSER,3.85,LOSER,1.54,1779.66,3.7,2.26,3.55,3.23,6983.22,1000,1.32,1000,2.02,4636.47,1046.11,1.57,1.37,1.54,1.46,420.2,3.5,3.55,1.01,0.99
16/07/2021,7:30:00 PM,7:31:39 PM,Melton,VIC,5,185314812,R5 2240m Trot M,185314813,Harness,2240,Trot,38533773,1,Amour Fraternelle,LOSER,13.5,LOSER,2.91,461.63,16,7.2,12,10.91,856.44,720,9,280,35.36,57.84,108.44,2.98,2.76,2.78,2.92,181.68,14,15.5,1.03,0.99
16/07/2021,7:30:00 PM,7:31:39 PM,Melton,VIC,5,185314812,R5 2240m Trot M,185314813,Harness,2240,Trot,2128887,2,Carnera,LOSER,108.47,LOSER,17.47,71.14,120,70,85,83.79,108.83,210,28,210,69.9,50.31,37.84,,,,,,80,85,1.03,0.99
16/07/2021,7:30:00 PM,7:31:39 PM,Melton,VIC,5,185314812,R5 2240m Trot M,185314813,Harness,2240,Trot,20864101,3,Flash Kyvalley,LOSER,44.1,WINNER,9.3,102.68,55,27,44,36.17,139.46,720,5,650,37.39,42.76,182.06,,,,,,28,29,1.03,0.99
16/07/2021,7:30:00 PM,7:31:39 PM,Melton,VIC,5,185314812,R5 2240m Trot M,185314813,Harness,2240,Trot,2890754,4,Patched,LOSER,12,LOSER,3.24,508.44,13,7.8,12,10.86,725.34,720,3.15,720,9.72,236.23,215.84,3.8,2.8,2.82,2.85,7.56,9.4,9.8,1.03,0.99
16/07/2021,7:30:00 PM,7:31:39 PM,Melton,VIC,5,185314812,R5 2240m Trot M,185314813,Harness,2240,Trot,18258431,5,Georgias Pride,LOSER,25.23,LOSER,6.53,213.41,50,27,27,31.43,228.31,720,16,720,44.29,49.07,234.61,6.2,6.2,6.2,6.2,6,30,32,1.03,0.99
16/07/2021,7:30:00 PM,7:31:39 PM,Melton,VIC,5,185314812,R5 2240m Trot M,185314813,Harness,2240,Trot,23052106,6,Celtic Cash,WINNER,3.51,WINNER,1.65,1947.98,4.8,3.65,3.8,4.06,2883.33,6.6,1.04,1.05,2.08,3225.24,2447.47,1.95,1.62,1.7,1.67,447.98,4.2,4.3,1.03,0.99
16/07/2021,7:30:00 PM,7:31:39 PM,Melton,VIC,5,185314812,R5 2240m Trot M,185314813,Harness,2240,Trot,19823651,8,Emerald Stride,LOSER,3.43,LOSER,1.54,1281.91,4.9,3.35,3.6,3.74,5133.76,720,3,710,9.01,1050.92,902.82,1.67,1.56,1.57,1.61,207.83,3.6,3.75,1.03,0.99
16/07/2021,7:30:00 PM,7:31:39 PM,Melton,VIC,5,185314812,R5 2240m Trot M,185314813,Harness,2240,Trot,19710340,9,Xebec,LOSER,5,WINNER,1.75,982.46,5,3.35,4.9,4.37,2019.59,100,1.25,2.54,3.75,437.7,844.47,1.87,1.59,1.77,1.75,162.09,4.5,4.6,1.03,0.99
16/07/2021,7:30:00 PM,7:31:39 PM,Melton,VIC,5,185314812,R5 2240m Trot M,185314813,Harness,2240,Trot,11947413,10,Imperial Whiz,LOSER,34.38,LOSER,6.35,109.45,75,29,30,33.08,263.88,110,3.1,90,12.43,84.64,136.72,6,6,6,6,10,34,36,1.03,0.99
16/07/2021,8:00:00 PM,8:01:13 PM,Melton,VIC,6,185314814,R6 1720m Pace M,185314815,Harness,1720,Pace,23294161,1,Village Voice,LOSER,80,WINNER,12.4,11.49,70,50,50,56.52,12.38,80,80,80,80,1.52,,7.8,7.8,7.8,7.8,2.52,60,80,1.04,0.93
16/07/2021,8:00:00 PM,8:01:13 PM,Melton,VIC,6,185314814,R6 1720m Pace M,185314815,Harness,1720,Pace,8358337,2,Return Soldier,LOSER,90,LOSER,7,5.75,65,65,65,65,0.22,90,90,90,90,5.79,,,,,,,55,90,1.04,0.93
16/07/2021,8:00:00 PM,8:01:13 PM,Melton,VIC,6,185314814,R6 1720m Pace M,185314815,Harness,1720,Pace,16490323,3,Belle Of Brooklyn,LOSER,143.95,LOSER,13.25,11.72,110,100,110,106.95,7.63,150,110,150,143.95,11.76,,,,,,,85,110,1.04,0.93
16/07/2021,8:00:00 PM,8:01:13 PM,Melton,VIC,6,185314814,R6 1720m Pace M,185314815,Harness,1720,Pace,26910939,4,American Alli,LOSER,6.08,LOSER,2.35,60.29,8.6,5.2,5.9,5.96,903.72,6.2,5.9,5.9,6.08,60.28,,2.2,2.2,2.2,2.2,5,5.5,5.9,1.04,0.93
16/07/2021,8:00:00 PM,8:01:13 PM,Melton,VIC,6,185314814,R6 1720m Pace M,185314815,Harness,1720,Pace,24128263,5,The Sportz Star,LOSER,17.37,WINNER,2.97,36.97,25,17.5,24,20.31,0.67,19,16.5,17.5,17.35,1.03,36.79,3,2.96,3,2.97,36.81,19,27,1.04,0.93
16/07/2021,8:00:00 PM,8:01:13 PM,Melton,VIC,6,185314814,R6 1720m Pace M,185314815,Harness,1720,Pace,639754,6,Night Spirit,WINNER,3.66,WINNER,1.83,297.6,4.1,2.9,3.9,3.49,559.5,3.75,3.65,3.7,3.66,112.53,,1.69,1.69,1.69,1.69,25,3.75,3.9,1.04,0.93
16/07/2021,8:00:00 PM,8:01:13 PM,Melton,VIC,6,185314814,R6 1720m Pace M,185314815,Harness,1720,Pace,13262289,7,Manthadee,LOSER,42.98,LOSER,6.23,12.14,34,34,34,34,0.41,44,32,42,42.92,2.17,,,,,,,24,32,1.04,0.93
16/07/2021,8:00:00 PM,8:01:13 PM,Melton,VIC,6,185314814,R6 1720m Pace M,185314815,Harness,1720,Pace,27447169,8,Yannarie,LOSER,10.76,LOSER,2.86,38.94,12,7,9,8.29,47.77,11,10,10.5,10.76,18.94,,2.26,2.26,2.26,2.26,2.64,9,10,1.04,0.93
16/07/2021,8:00:00 PM,8:01:13 PM,Melton,VIC,6,185314814,R6 1720m Pace M,185314815,Harness,1720,Pace,13419456,9,Toby Ogara,LOSER,18.41,LOSER,6.1,42.09,26,10.5,26,18.63,124.85,19,18,18,18.41,7.9,,,,,,,19,26,1.04,0.93
16/07/2021,8:00:00 PM,8:01:13 PM,Melton,VIC,6,185314814,R6 1720m Pace M,185314815,Harness,1720,Pace,19726064,10,Hugo Rocks,LOSER,3.32,LOSER,1.94,331.33,4.3,3.05,3.45,3.62,597.07,3.5,3.2,3.2,3.32,108.82,,,,,,,3.5,3.8,1.04,0.93
16/07/2021,8:30:00 PM,8:31:11 PM,Melton,VIC,7,185314816,R7 2240m Pace M,185314817,Harness,2240,Pace,39056798,1,Cheddar Valley,LOSER,20.2,LOSER,6.35,442.79,34,13,22,23.47,143.18,1000,20,720,35.64,41.8,231.84,6,5.5,5.6,5.93,27.63,24,30,1.02,0.95
16/07/2021,8:30:00 PM,8:31:11 PM,Melton,VIC,7,185314816,R7 2240m Pace M,185314817,Harness,2240,Pace,40186684,2,Rock On Shadow,LOSER,22.9,LOSER,5.85,280.2,25,10,25,16.05,446.49,1000,16,1000,35.51,51.48,113.01,,,,,,17,19,1.02,0.95
16/07/2021,8:30:00 PM,8:31:11 PM,Melton,VIC,7,185314816,R7 2240m Pace M,185314817,Harness,2240,Pace,24465457,3,Mea Culpa,LOSER,23.73,LOSER,8.1,476.61,34,18,30,25.85,311.83,1000,22,1000,50.14,21.09,154.18,5.7,5.7,5.7,5.7,0.17,26,32,1.02,0.95
16/07/2021,8:30:00 PM,8:31:11 PM,Melton,VIC,7,185314816,R7 2240m Pace M,185314817,Harness,2240,Pace,38155425,4,Chase The Hat Trick,WINNER,3.9,WINNER,1.81,905.45,30,3.6,3.8,4.18,7258.47,5.4,1.01,1.01,1.99,3282.14,688.12,2.14,1.78,1.81,1.86,388.96,4.4,4.5,1.02,0.95
16/07/2021,8:30:00 PM,8:31:11 PM,Melton,VIC,7,185314816,R7 2240m Pace M,185314817,Harness,2240,Pace,11246896,5,Albarock,LOSER,327.58,LOSER,94.74,24.77,450,100,330,212.13,79.91,1000,330,720,713.96,1.01,22.26,,,,,,190,220,1.02,0.95
16/07/2021,8:30:00 PM,8:31:11 PM,Melton,VIC,7,185314816,R7 2240m Pace M,185314817,Harness,2240,Pace,20259715,6,Dealmaker,LOSER,11.67,LOSER,4.08,627.13,13,9,12,10.37,743.15,1000,6.4,1000,24.05,146.16,404.1,3.8,3.05,3.05,3.09,35.1,9.2,9.8,1.02,0.95
16/07/2021,8:30:00 PM,8:31:11 PM,Melton,VIC,7,185314816,R7 2240m Pace M,185314817,Harness,2240,Pace,12531852,7,Revitalise,LOSER,10.91,WINNER,3.39,716.66,18,9.4,9.8,12.34,863.41,1000,10.5,1000,20.79,88.72,547.78,3.9,3.9,3.9,3.9,0.26,9.6,10.5,1.02,0.95
16/07/2021,8:30:00 PM,8:31:11 PM,Melton,VIC,7,185314816,R7 2240m Pace M,185314817,Harness,2240,Pace,18129803,8,Blazin Cracker,LOSER,111.58,LOSER,26.5,65.16,130,75,130,94.98,34.57,1000,2.12,1000,22.96,113.07,,,,,,,80,90,1.02,0.95
16/07/2021,8:30:00 PM,8:31:11 PM,Melton,VIC,7,185314816,R7 2240m Pace M,185314817,Harness,2240,Pace,40186685,10,Gotta Smudge,LOSER,4.9,WINNER,2.17,895.84,6,4.3,4.9,5.25,3285.01,1000,2.94,1000,35.68,149.78,726.56,,,,,,5.5,5.6,1.02,0.95
16/07/2021,8:30:00 PM,8:31:11 PM,Melton,VIC,7,185314816,R7 2240m Pace M,185314817,Harness,2240,Pace,40186686,11,Vintage Blu,LOSER,5.8,LOSER,2.22,823.15,6,4.8,5.5,5.46,805.9,1000,3.25,780,15.48,185.85,595.79,2.44,1.91,2.18,2.06,30.81,5.4,6,1.02,0.95
16/07/2021,8:30:00 PM,8:31:11 PM,Melton,VIC,7,185314816,R7 2240m Pace M,185314817,Harness,2240,Pace,40186687,12,Jemstone Glory,LOSER,18.74,LOSER,4.65,473.39,24,17.5,22,20.67,180.01,1000,7.8,1000,26.39,89.51,283.31,5,4.9,5,5,13.42,22,23,1.02,0.95
16/07/2021,8:30:00 PM,8:31:11 PM,Melton,VIC,7,185314816,R7 2240m Pace M,185314817,Harness,2240,Pace,20945884,13,Our Master George,LOSER,90.17,LOSER,26.52,80.23,130,60,110,89,41.73,1000,4.8,1000,117.6,12.6,59.46,,,,,,100,110,1.02,0.95
16/07/2021,9:00:00 PM,9:01:01 PM,Melton,VIC,8,185314818,R8 1720m Pace M,185314819,Harness,1720,Pace,28596461,1,Delightful Nikky,WINNER,7.27,WINNER,1.96,641.2,15.5,6.6,7,8.38,1958.12,36,1.01,1.02,2.14,1990.77,1080.12,3.1,1.94,2.02,2.16,711.01,7,7.4,1.03,0.98
16/07/2021,9:00:00 PM,9:01:01 PM,Melton,VIC,8,185314818,R8 1720m Pace M,185314819,Harness,1720,Pace,3224073,2,Seaside Sister,LOSER,17.5,LOSER,3.81,283.99,40,17,17,19.82,630.95,280,10,280,24.05,106.37,469.06,4.5,3.7,3.7,3.83,630.83,17.5,18.5,1.03,0.98
16/07/2021,9:00:00 PM,9:01:01 PM,Melton,VIC,8,185314818,R8 1720m Pace M,185314819,Harness,1720,Pace,28638256,3,Call Me Diva,LOSER,4.73,LOSER,1.87,842.71,11,4.4,4.5,4.85,5472.1,720,2,720,6.1,536.32,624.07,1.99,1.83,1.9,1.87,259.72,4.8,4.9,1.03,0.98
16/07/2021,9:00:00 PM,9:01:01 PM,Melton,VIC,8,185314818,R8 1720m Pace M,185314819,Harness,1720,Pace,38911808,4,Isabella Princess,LOSER,146.21,LOSER,17.49,36.79,150,60,95,107.44,63.69,720,100,720,226.54,3.74,97.83,12.5,12,12.5,12.28,5,85,130,1.03,0.98
16/07/2021,9:00:00 PM,9:01:01 PM,Melton,VIC,8,185314818,R8 1720m Pace M,185314819,Harness,1720,Pace,36255373,5,Okinawa Beach,LOSER,11.9,WINNER,3.26,454.79,19,8.6,11.5,12.17,419.55,280,3.65,220,8.85,256.71,298.79,,,,,,11,11.5,1.03,0.98
16/07/2021,9:00:00 PM,9:01:01 PM,Melton,VIC,8,185314818,R8 1720m Pace M,185314819,Harness,1720,Pace,28535651,6,Cashflow Cassie,LOSER,9.68,WINNER,2.78,519.23,18.5,8.8,9,11.81,1550.67,490,3.4,170,8.2,184.27,633.36,3.55,2.72,2.78,2.87,197.95,8.8,9.6,1.03,0.98
16/07/2021,9:00:00 PM,9:01:01 PM,Melton,VIC,8,185314818,R8 1720m Pace M,185314819,Harness,1720,Pace,5930722,7,Silver Mystique,LOSER,4.1,LOSER,1.95,1803.56,4.4,3.25,4.2,3.72,3877.94,720,3.55,490,9.63,582.78,1094.98,1.97,1.73,1.96,1.88,267.98,3.8,3.9,1.03,0.98
16/07/2021,9:00:00 PM,9:01:01 PM,Melton,VIC,8,185314818,R8 1720m Pace M,185314819,Harness,1720,Pace,40186688,8,Atreacherous,LOSER,12.59,LOSER,2.13,1066.44,7.8,2.84,7.2,5.13,3881.27,270,2.3,120,9.22,935.18,449.54,2.08,1.39,2.08,1.84,548.05,7,7.4,1.03,0.98
16/07/2021,9:30:00 PM,9:30:47 PM,Melton,VIC,9,185314820,R9 2240m Pace M,185314821,Harness,2240,Pace,25781127,1,Junior Feelgood,WINNER,7.2,WINNER,1.88,1090.45,9.6,5.3,7.4,7.1,2755.59,7.2,1.01,1.04,2.08,2913.01,553.21,2.8,1.88,1.88,1.98,506.22,7.8,8.2,1.02,0.96
16/07/2021,9:30:00 PM,9:30:47 PM,Melton,VIC,9,185314820,R9 2240m Pace M,185314821,Harness,2240,Pace,19858655,2,Lotakevi,LOSER,260,LOSER,50.15,34.9,490,85,140,266.03,93.23,720,50,720,132.3,8.4,40.28,,,,,,320,380,1.02,0.96
16/07/2021,9:30:00 PM,9:30:47 PM,Melton,VIC,9,185314820,R9 2240m Pace M,185314821,Harness,2240,Pace,425592,3,On My Oath,LOSER,1.71,LOSER,1.22,12492.63,2.46,1.85,1.91,2,25781.38,1000,1.67,1000,2.75,4732.24,1003.56,1.29,1.2,1.24,1.25,686.28,2.06,2.12,1.02,0.96
16/07/2021,9:30:00 PM,9:30:47 PM,Melton,VIC,9,185314820,R9 2240m Pace M,185314821,Harness,2240,Pace,8915329,4,Mighty Regal,LOSER,25.56,LOSER,3.83,232,29,15.5,27,21.02,280.68,720,3.45,490,18.67,56.63,298.18,,,,,,17,19,1.02,0.96
16/07/2021,9:30:00 PM,9:30:47 PM,Melton,VIC,9,185314820,R9 2240m Pace M,185314821,Harness,2240,Pace,24465474,5,Best Back Bruce,LOSER,48.72,WINNER,6.2,199.61,55,24,44,34.6,210.44,200,2.2,75,17.22,106.29,223.82,6.2,6,6.2,6.1,20.76,36,40,1.02,0.96
16/07/2021,9:30:00 PM,9:30:47 PM,Melton,VIC,9,185314820,R9 2240m Pace M,185314821,Harness,2240,Pace,22661823,6,Bronski Royal,LOSER,32,LOSER,5.05,203.45,32,8.6,27,23.31,129.81,720,7.6,300,37.29,23.84,333.88,5.5,5.4,5.5,5.48,20,23,27,1.02,0.96
16/07/2021,9:30:00 PM,9:30:47 PM,Melton,VIC,9,185314820,R9 2240m Pace M,185314821,Harness,2240,Pace,40186689,8,Keayang Alex,LOSER,9.6,LOSER,2.32,455.9,10.5,6.6,8.6,8.26,3149.34,1000,6.2,1000,122.51,110.22,506.34,3,2.2,2.2,2.33,2113.08,7.6,8.4,1.02,0.96
16/07/2021,9:30:00 PM,9:30:47 PM,Melton,VIC,9,185314820,R9 2240m Pace M,185314821,Harness,2240,Pace,24465463,9,Rocks Arnt Pets,LOSER,19.02,LOSER,3.43,346.29,30,13.5,17.5,16.09,427.02,720,5,350,23.06,65.13,446.44,3.55,3.55,3.55,3.55,20,13.5,15.5,1.02,0.96
16/07/2021,9:30:00 PM,9:30:47 PM,Melton,VIC,9,185314820,R9 2240m Pace M,185314821,Harness,2240,Pace,35523862,10,Bronski Moment,LOSER,19.94,WINNER,3.37,309.37,20,7.4,17.5,15.08,393.14,420,3.25,80,14.35,105.56,281.14,3.4,2.9,3.1,3.1,51.16,15.5,16,1.02,0.96
16/07/2021,10:00:00 PM,10:01:37 PM,Melton,VIC,10,185314822,R10 2240m Pace M,185314823,Harness,2240,Pace,10569304,1,Ears Ponder,LOSER,91.55,LOSER,15.5,54.03,130,34,80,85.77,50.05,920,75,290,196.75,9.31,87.63,8.2,8.2,8.2,8.2,5,75,110,1.02,0.97
16/07/2021,10:00:00 PM,10:01:37 PM,Melton,VIC,10,185314822,R10 2240m Pace M,185314823,Harness,2240,Pace,11036937,2,Runsafarirun,LOSER,18.48,LOSER,4.2,243.27,20,12,17,16.43,787.97,720,9.8,270,18.81,75.97,230.25,7.8,4,4.2,4.23,58.97,16.5,19,1.02,0.97
16/07/2021,10:00:00 PM,10:01:37 PM,Melton,VIC,10,185314822,R10 2240m Pace M,185314823,Harness,2240,Pace,39905481,3,Aussiepride,LOSER,4.91,WINNER,1.94,1191.05,7,4,4.6,4.55,6103.32,170,1.76,170,3.15,1536.2,662.85,2.22,1.67,2,1.77,36.49,5.5,5,1.02,0.97
16/07/2021,10:00:00 PM,10:01:37 PM,Melton,VIC,10,185314822,R10 2240m Pace M,185314823,Harness,2240,Pace,39368564,4,Jak Magic,LOSER,34,LOSER,7.01,234.42,85,34,34,46.12,176.14,720,8.2,250,17.67,210.76,170.95,7.2,7.2,7.2,7.2,5,50,55,1.02,0.97
16/07/2021,10:00:00 PM,10:01:37 PM,Melton,VIC,10,185314822,R10 2240m Pace M,185314823,Harness,2240,Pace,25649956,5,Ultimate Me,WINNER,5.28,WINNER,2.1,1585.14,6.2,4.3,5.3,5.19,2085.56,90,1.01,1.01,1.79,2936.74,593.28,2.12,1.59,2.12,1.99,259.31,5,5.3,1.02,0.97
16/07/2021,10:00:00 PM,10:01:37 PM,Melton,VIC,10,185314822,R10 2240m Pace M,185314823,Harness,2240,Pace,36201154,6,Triple Zed,LOSER,6,LOSER,2.07,964.07,7.2,3.8,5.8,5.49,882.24,780,4.4,780,22.89,68.08,873.96,2.4,1.89,1.96,2.02,18.44,5,5.4,1.02,0.97
16/07/2021,10:00:00 PM,10:01:37 PM,Melton,VIC,10,185314822,R10 2240m Pace M,185314823,Harness,2240,Pace,28249591,7,Really Campbell,LOSER,6.07,WINNER,2.51,1191.88,7,5.6,6.2,6.09,1577.8,170,1.44,170,4.25,286.59,842.48,5.2,2.16,5.2,2.33,94.89,6.2,6.8,1.02,0.97
16/07/2021,10:00:00 PM,10:01:37 PM,Melton,VIC,10,185314822,R10 2240m Pace M,185314823,Harness,2240,Pace,36621026,8,Alpha Crucis,LOSER,44.75,LOSER,7.6,205.61,60,34,44,38.68,208.11,720,14,720,114.19,30.09,226.93,6.6,6.6,6.6,6.6,14.48,34,36,1.02,0.97
16/07/2021,10:00:00 PM,10:01:37 PM,Melton,VIC,10,185314822,R10 2240m Pace M,185314823,Harness,2240,Pace,19629826,9,Sheiswatching,LOSER,50,LOSER,13.29,136.53,220,50,55,103.55,208.04,960,40,140,249.31,3.21,47.12,19.5,10.5,11,13.8,23.73,55,65,1.02,0.97
16/07/2021,10:00:00 PM,10:01:37 PM,Melton,VIC,10,185314822,R10 2240m Pace M,185314823,Harness,2240,Pace,35980946,10,A Vapar Storm,LOSER,7.2,LOSER,2.34,1007.63,9.8,7,7,7.8,1443.44,780,7.2,480,24.88,99.66,940.31,2.72,2.26,2.72,2.67,113.66,7.4,8,1.02,0.97
16/07/2021,11:05:00 AM,11:05:39 AM,Mildura,VIC,1,185314824,R1 1790m Pace M,185314825,Harness,1790,Pace,39395825,1,Flexi Bet,LOSER,10.19,WINNER,3.89,420.25,9.4,3.85,8.8,7.18,338.36,1000,7.6,720,37.53,48.23,163.18,3.65,2.66,3.2,3.18,10.7,7.8,8.2,1.02,0.98
16/07/2021,11:05:00 AM,11:05:39 AM,Mildura,VIC,1,185314824,R1 1790m Pace M,185314825,Harness,1790,Pace,40186668,2,Regal Star,LOSER,48.06,LOSER,18.98,121.85,44,26,42,35.59,69.13,1000,25,1000,137.74,7.5,24.19,10.5,10.5,10.5,10.5,10,38,40,1.02,0.98
16/07/2021,11:05:00 AM,11:05:39 AM,Mildura,VIC,1,185314824,R1 1790m Pace M,185314825,Harness,1790,Pace,35441611,3,Pennies Following,LOSER,16.5,LOSER,5.65,250.84,30,14,16.5,17.77,292.25,1000,13.5,490,91.02,24.3,266.82,,,,,,14.5,16,1.02,0.98
16/07/2021,11:05:00 AM,11:05:39 AM,Mildura,VIC,1,185314824,R1 1790m Pace M,185314825,Harness,1790,Pace,40186669,4,Weman Macha,LOSER,2.59,LOSER,1.77,1966.95,4.9,2.76,2.76,3.23,1042.08,720,2,720,5.65,534.94,751.99,2.14,1.78,1.81,1.83,127.48,2.9,3,1.02,0.98
16/07/2021,11:05:00 AM,11:05:39 AM,Mildura,VIC,1,185314824,R1 1790m Pace M,185314825,Harness,1790,Pace,40129406,6,Lady Pebbles,LOSER,29.96,LOSER,8.91,329.05,44,19,32,29.53,515.31,1000,14,1000,61.9,54.52,242.46,,,,,,24,26,1.02,0.98
16/07/2021,11:05:00 AM,11:05:39 AM,Mildura,VIC,1,185314824,R1 1790m Pace M,185314825,Harness,1790,Pace,37705463,7,Beartastic Writer,LOSER,8.52,LOSER,3.75,416.04,9.2,6.4,8.2,7.72,732.63,1000,8.4,1000,61.09,54.59,235.12,4.4,2.96,3.45,3.19,190.32,7.8,8.4,1.02,0.98
16/07/2021,11:05:00 AM,11:05:39 AM,Mildura,VIC,1,185314824,R1 1790m Pace M,185314825,Harness,1790,Pace,40186670,8,Offload,WINNER,3.52,WINNER,2.01,1506.32,3.9,2.54,3.5,3.18,1678.87,5.5,1.01,1.01,1.35,908.11,757.03,2.12,1.65,1.86,1.76,31.94,3.5,3.6,1.02,0.98
16/07/2021,11:36:00 AM,11:36:56 AM,Mildura,VIC,2,185314826,R2 2190m Pace M,185314827,Harness,2190,Pace,25506887,1,Ohoka Diesel,LOSER,140,LOSER,11.23,63.54,300,36,200,157.88,95.19,950,44,700,183.33,11.48,144.2,12.5,9,9.2,9.95,55.36,120,130,1.02,0.97
16/07/2021,11:36:00 AM,11:36:56 AM,Mildura,VIC,2,185314826,R2 2190m Pace M,185314827,Harness,2190,Pace,30101172,2,Mach Hu,LOSER,29.95,LOSER,7.05,215.95,80,28,34,35.61,89.85,720,16,300,30.71,74.12,135.18,5.5,5.5,5.5,5.5,20,28,36,1.02,0.97
16/07/2021,11:36:00 AM,11:36:56 AM,Mildura,VIC,2,185314826,R2 2190m Pace M,185314827,Harness,2190,Pace,28170267,3,Abstract Art,WINNER,4.33,WINNER,1.63,913.84,9.2,4.3,4.3,5.04,2085.48,15.5,1.05,1.14,2.63,834.51,1265.57,1.83,1.56,1.63,1.6,82.41,4.6,4.8,1.02,0.97
16/07/2021,11:36:00 AM,11:36:56 AM,Mildura,VIC,2,185314826,R2 2190m Pace M,185314827,Harness,2190,Pace,16746643,4,Another Sparky,LOSER,6.16,LOSER,1.8,612.04,13,5.3,5.6,6.28,1574.21,870,4.4,870,23.24,119.08,899.17,2.62,1.75,1.76,1.96,61.04,5.8,6,1.02,0.97
16/07/2021,11:36:00 AM,11:36:56 AM,Mildura,VIC,2,185314826,R2 2190m Pace M,185314827,Harness,2190,Pace,23632628,5,Good Guy Mack,LOSER,3.31,WINNER,1.45,1466.63,3.4,2.04,3.25,3.02,7860.14,770,3.25,770,19,445.91,1279.86,2.16,1.24,1.45,1.41,374.75,3.1,3.15,1.02,0.97
16/07/2021,11:36:00 AM,11:36:56 AM,Mildura,VIC,2,185314826,R2 2190m Pace M,185314827,Harness,2190,Pace,9621926,6,Fortitudo,LOSER,188.55,LOSER,12.78,64.87,310,48,140,137.9,94.87,1000,95,1000,236.98,8.67,142.92,12,12,12,12,5,120,130,1.02,0.97
16/07/2021,11:36:00 AM,11:36:56 AM,Mildura,VIC,2,185314826,R2 2190m Pace M,185314827,Harness,2190,Pace,16219380,7,Double O Heaven,LOSER,4.5,WINNER,1.53,820.79,4.6,2.68,4.4,4.09,1882.33,12,1.51,10.5,2.96,365.76,1082.74,1.63,1.48,1.59,1.5,56.01,4.3,4.5,1.02,0.97
16/07/2021,11:36:00 AM,11:36:56 AM,Mildura,VIC,2,185314826,R2 2190m Pace M,185314827,Harness,2190,Pace,26993990,8,Calgary Bay,LOSER,57.48,LOSER,11.05,115.91,300,48,60,58.89,106.51,720,18,710,79.7,16.87,131.34,,,,,,55,60,1.02,0.97
16/07/2021,12:07:00 PM,12:08:05 PM,Mildura,VIC,3,185314828,R3 1790m Pace M,185314829,Harness,1790,Pace,33751150,1,Star Shine,LOSER,60,LOSER,4.85,82.73,85,19.5,85,41.31,52.48,930,16,930,105.94,19.16,95.54,4.3,3.3,4.1,3.76,161.08,65,75,1.01,0.99
16/07/2021,12:07:00 PM,12:08:05 PM,Mildura,VIC,3,185314828,R3 1790m Pace M,185314829,Harness,1790,Pace,40186671,2,Ozzie Daybreak,LOSER,24.21,WINNER,2.32,168.3,28,14,21,21.29,182.07,720,10,720,32.92,32.66,189.79,2.48,2.1,2.12,2.16,446.71,19,20,1.01,0.99
16/07/2021,12:07:00 PM,12:08:05 PM,Mildura,VIC,3,185314828,R3 1790m Pace M,185314829,Harness,1790,Pace,29251977,3,Lillies,LOSER,49.32,LOSER,5.85,114.78,65,18,60,41.33,91.56,730,36,730,125.71,14.85,175.13,4.4,3.05,4,3.86,18.48,44,46,1.01,0.99
16/07/2021,12:07:00 PM,12:08:05 PM,Mildura,VIC,3,185314828,R3 1790m Pace M,185314829,Harness,1790,Pace,4252376,4,Soar,LOSER,290.57,LOSER,25.18,30.69,410,44,360,237.51,4.29,720,250,720,479.96,1.27,80.97,19,18.5,19,18.5,16.18,260,360,1.01,0.99
16/07/2021,12:07:00 PM,12:08:05 PM,Mildura,VIC,3,185314828,R3 1790m Pace M,185314829,Harness,1790,Pace,40186672,5,Clifton Babe,LOSER,32,LOSER,2.69,90.3,75,16.5,34,32.16,78.68,720,19.5,720,58.37,12.63,444.14,3.65,2.6,2.68,3.11,407.54,46,55,1.01,0.99
16/07/2021,12:07:00 PM,12:08:05 PM,Mildura,VIC,3,185314828,R3 1790m Pace M,185314829,Harness,1790,Pace,37258128,6,Animado,WINNER,1.31,WINNER,1.06,2478.62,1.95,1.25,1.34,1.35,9491.87,1.47,1.01,1.01,1.12,1922.32,687.25,1.11,1.05,1.06,1.09,1480.53,1.27,1.28,1.01,0.99
16/07/2021,12:07:00 PM,12:08:05 PM,Mildura,VIC,3,185314828,R3 1790m Pace M,185314829,Harness,1790,Pace,35909381,7,Cherokee Joe,LOSER,8.4,WINNER,1.5,358.06,11,5.6,7.8,8.66,863.29,870,5.2,720,16.62,94.04,1264.74,1.56,1.4,1.5,1.47,536.65,10,11,1.01,0.99
16/07/2021,12:07:00 PM,12:08:05 PM,Mildura,VIC,3,185314828,R3 1790m Pace M,185314829,Harness,1790,Pace,39967734,8,Surf Ace,LOSER,120.67,LOSER,7.43,40.84,180,30,180,103.34,13.18,910,100,910,240.14,2.07,116.57,11,5.8,7,6.83,32.87,120,130,1.01,0.99
16/07/2021,12:43:00 PM,12:43:51 PM,Mildura,VIC,4,185314830,R4 2190m Pace M,185314831,Harness,2190,Pace,16125182,1,Fire House Rock,WINNER,4.78,WINNER,1.85,1011.21,7,4.6,4.8,5.19,554.21,24,1.01,1.01,2.22,1358.7,801.87,2.8,1.8,1.83,1.92,85.51,4.7,5.3,1.03,0.96
16/07/2021,12:43:00 PM,12:43:51 PM,Mildura,VIC,4,185314830,R4 2190m Pace M,185314831,Harness,2190,Pace,38484242,2,Indianas Wish,LOSER,120.04,LOSER,42.93,29.53,140,85,140,119.67,3.52,960,36,960,124.04,18.74,24.19,80,36,36,42.71,1.43,85,120,1.03,0.96
16/07/2021,12:43:00 PM,12:43:51 PM,Mildura,VIC,4,185314830,R4 2190m Pace M,185314831,Harness,2190,Pace,19452817,3,Three Strikes Mach,LOSER,17.85,LOSER,5,559.11,55,19,22,23.27,95.78,910,7.8,910,29.84,215.66,275.4,5.9,4.4,4.4,4.66,75.76,19.5,23,1.03,0.96
16/07/2021,12:43:00 PM,12:43:51 PM,Mildura,VIC,4,185314830,R4 2190m Pace M,185314831,Harness,2190,Pace,12494572,4,Alfs Odyssey,LOSER,2.92,LOSER,1.62,1994.57,3.6,2.88,2.98,3.03,4781.64,210,1.39,140,2.32,1831.71,2013.43,2.66,1.42,1.54,1.58,286.6,3.15,3.2,1.03,0.96
16/07/2021,12:43:00 PM,12:43:51 PM,Mildura,VIC,4,185314830,R4 2190m Pace M,185314831,Harness,2190,Pace,17312671,5,Hidden Figure,LOSER,7.34,WINNER,2.5,542.37,7.8,5.1,7.6,6.59,464.24,540,2,29,12.43,220.75,402.27,2.96,2.22,2.22,2.24,20.57,6.6,7,1.03,0.96
16/07/2021,12:43:00 PM,12:43:51 PM,Mildura,VIC,4,185314830,R4 2190m Pace M,185314831,Harness,2190,Pace,35523840,6,Harry Mckinnis,LOSER,12.8,LOSER,3.4,498.37,15,6,14.5,11.28,312.17,470,8,470,18.44,57.37,423.76,2.34,2.34,2.34,2.34,40,13.5,15,1.03,0.96
16/07/2021,12:43:00 PM,12:43:51 PM,Mildura,VIC,4,185314830,R4 2190m Pace M,185314831,Harness,2190,Pace,15475144,7,Bezzaboma,LOSER,7.2,LOSER,2.27,571.01,8.8,5.4,7,7.31,521.11,880,5,880,16.26,222.15,779.18,2.54,2.12,2.18,2.13,11.35,6.8,7,1.03,0.96
16/07/2021,12:43:00 PM,12:43:51 PM,Mildura,VIC,4,185314830,R4 2190m Pace M,185314831,Harness,2190,Pace,13320229,8,Ironbark Fella,LOSER,75.97,WINNER,11.29,85.27,95,75,95,91.82,32.79,300,2.42,100,56.78,37.52,133.27,,,,,,90,95,1.03,0.96
16/07/2021,12:43:00 PM,12:43:51 PM,Mildura,VIC,4,185314830,R4 2190m Pace M,185314831,Harness,2190,Pace,22747613,9,Shadow Terror,LOSER,21.36,LOSER,5.06,184.67,29,20,21,22.31,223.47,720,25,720,57.05,26.33,318.47,5,4.8,4.8,4.86,33,19.5,24,1.03,0.96
16/07/2021,12:43:00 PM,12:43:51 PM,Mildura,VIC,4,185314830,R4 2190m Pace M,185314831,Harness,2190,Pace,37503482,10,Wheresmilzee,LOSER,171.26,LOSER,99.92,29.5,360,190,250,264.33,1.98,780,100,650,297.43,3.54,0.91,200,75,90,99.78,0.92,170,300,1.03,0.96
16/07/2021,1:16:00 PM,1:16:43 PM,Mildura,VIC,5,185314832,R5 1790m Pace M,185314833,Harness,1790,Pace,27483241,1,Coco Beach,LOSER,29.46,LOSER,3,204.63,38,13.5,32,27.26,291.26,720,19.5,720,28.7,132.92,611.98,3.2,3,3.05,3.11,200.43,34,38,1.02,0.98
16/07/2021,1:16:00 PM,1:16:43 PM,Mildura,VIC,5,185314832,R5 1790m Pace M,185314833,Harness,1790,Pace,28310939,3,Without Hesitation,LOSER,54.13,LOSER,6.2,75.93,90,25,60,61.13,115.19,720,36,720,187.09,17.91,252.07,7,4.4,7,4.58,215,60,80,1.02,0.98
16/07/2021,1:16:00 PM,1:16:43 PM,Mildura,VIC,5,185314832,R5 1790m Pace M,185314833,Harness,1790,Pace,24406707,4,Magic In Her Moves,LOSER,10.5,LOSER,1.76,482.85,11,5.5,11,9.59,829.95,720,6.2,720,33.25,73.68,1120.52,2.34,1.67,1.72,1.7,168.61,9.8,11,1.02,0.98
16/07/2021,1:16:00 PM,1:16:43 PM,Mildura,VIC,5,185314832,R5 1790m Pace M,185314833,Harness,1790,Pace,35909507,5,Wilshire Boulevard,LOSER,44,WINNER,4.76,169.96,50,24,50,46.76,41.09,720,18,720,55.16,28.06,298.67,,,,,,44,48,1.02,0.98
16/07/2021,1:16:00 PM,1:16:43 PM,Mildura,VIC,5,185314832,R5 1790m Pace M,185314833,Harness,1790,Pace,18406371,6,Sea Hawke,LOSER,27.41,WINNER,3.54,306.5,46,24,32,29.79,147.12,740,26,720,43.1,93.47,217.81,3.4,3.05,3.05,3.26,179.7,29,30,1.02,0.98
16/07/2021,1:16:00 PM,1:16:43 PM,Mildura,VIC,5,185314832,R5 1790m Pace M,185314833,Harness,1790,Pace,4080320,7,King Solomon,LOSER,27.58,LOSER,2.96,267.04,50,19,32,35.29,91.39,720,10.5,550,29.99,113.68,184.29,4.1,2.96,2.96,3.01,480.87,30,36,1.02,0.98
16/07/2021,1:16:00 PM,1:16:43 PM,Mildura,VIC,5,185314832,R5 1790m Pace M,185314833,Harness,1790,Pace,14884482,8,Guptas Cullen,LOSER,103.78,LOSER,8.79,73.88,150,44,150,87.41,43.35,920,32,920,163.55,15.45,174.95,6.6,6.6,6.6,6.6,23.79,90,95,1.02,0.98
16/07/2021,1:16:00 PM,1:16:43 PM,Mildura,VIC,5,185314832,R5 1790m Pace M,185314833,Harness,1790,Pace,28647122,9,Khaki Nui,WINNER,1.33,WINNER,1.05,2132.04,1.59,1.28,1.32,1.34,25208.77,1.57,1.01,1.01,1.1,5662.39,113.45,1.12,1.04,1.06,1.07,1324.78,1.3,1.32,1.02,0.98
16/07/2021,1:51:00 PM,1:52:29 PM,Mildura,VIC,6,185346779,R6 1790m Pace M,185314835,Harness,1790,Pace,15449418,1,Streitkid,LOSER,4.93,,,1355.83,5.8,3.9,5.2,4.95,1389.34,1000,4.5,490,9.27,728.2,,,,,,,5,5.5,1.05,0.97
16/07/2021,1:51:00 PM,1:52:29 PM,Mildura,VIC,6,185346779,R6 1790m Pace M,185346780,Harness,1790,Pace,15449418,1,Streitkid,LOSER,4.93,LOSER,2.37,1355.83,5.8,3.9,5.2,4.95,1389.34,1000,4.5,490,9.27,728.2,774.28,2.78,2.3,2.3,2.33,566.99,5,5.5,1.05,0.97
16/07/2021,1:51:00 PM,1:52:29 PM,Mildura,VIC,6,185346779,R6 1790m Pace M,185314835,Harness,1790,Pace,21640323,2,Heart Of Cooper,LOSER,47.4,,,192.14,70,44,46,49.86,57.78,1000,46,1000,270.64,19.14,,,,,,,46,55,1.05,0.97
16/07/2021,1:51:00 PM,1:52:29 PM,Mildura,VIC,6,185346779,R6 1790m Pace M,185346780,Harness,1790,Pace,21640323,2,Heart Of Cooper,LOSER,47.4,LOSER,16.34,192.14,70,44,46,49.86,57.78,1000,46,1000,270.64,19.14,92.48,14,11.5,14,12.54,12,46,55,1.05,0.97
16/07/2021,1:51:00 PM,1:52:29 PM,Mildura,VIC,6,185346779,R6 1790m Pace M,185314835,Harness,1790,Pace,36241384,3,Major Assassin,LOSER,3,,,1440.49,3.85,2.78,3,3,7538,1000,2.6,500,19.23,398.94,,,,,,,2.9,3,1.05,0.97
16/07/2021,1:51:00 PM,1:52:29 PM,Mildura,VIC,6,185346779,R6 1790m Pace M,185346780,Harness,1790,Pace,36241384,3,Major Assassin,LOSER,3,LOSER,1.75,1440.49,3.85,2.78,3,3,7538,1000,2.6,500,19.23,398.94,1258.54,1.84,1.64,1.77,1.76,299.95,2.9,3,1.05,0.97
16/07/2021,1:51:00 PM,1:52:29 PM,Mildura,VIC,6,185346779,R6 1790m Pace M,185346780,Harness,1790,Pace,10199199,4,Dikerry,LOSER,15,LOSER,8.7,340.29,22,12.5,16.5,16.89,232.57,1000,8,490,40.61,87.42,163.86,,,,,,16,18,1.05,0.97
16/07/2021,1:51:00 PM,1:52:29 PM,Mildura,VIC,6,185346779,R6 1790m Pace M,185314835,Harness,1790,Pace,10199199,4,Dikerry,LOSER,15,,,340.29,22,12.5,16.5,16.89,232.57,1000,8,490,40.61,87.42,,,,,,,16,18,1.05,0.97
16/07/2021,1:51:00 PM,1:52:29 PM,Mildura,VIC,6,185346779,R6 1790m Pace M,185346780,Harness,1790,Pace,27121790,5,Ozzie Battler,LOSER,6.76,LOSER,3.07,896.52,6.4,4.3,6.4,5.61,866.11,880,2.22,260,8.88,884.78,604.42,3.1,3,3.1,3.1,1.07,5.3,5.8,1.05,0.97
16/07/2021,1:51:00 PM,1:52:29 PM,Mildura,VIC,6,185346779,R6 1790m Pace M,185314835,Harness,1790,Pace,27121790,5,Ozzie Battler,LOSER,6.76,,,896.52,6.4,4.3,6.4,5.61,866.11,880,2.22,260,8.88,884.78,,,,,,,5.3,5.8,1.05,0.97
16/07/2021,1:51:00 PM,1:52:29 PM,Mildura,VIC,6,185346779,R6 1790m Pace M,185346780,Harness,1790,Pace,21964834,6,Caulonia Terror,LOSER,20.45,WINNER,6.83,234.6,34,17,19,22.84,205.66,1000,3.45,1000,52.96,88.36,128.36,13.5,6.4,6.6,7.83,93.03,22,24,1.05,0.97
16/07/2021,1:51:00 PM,1:52:29 PM,Mildura,VIC,6,185346779,R6 1790m Pace M,185314835,Harness,1790,Pace,21964834,6,Caulonia Terror,LOSER,20.45,,,234.6,34,17,19,22.84,205.66,1000,3.45,1000,52.96,88.36,,,,,,,22,24,1.05,0.97
16/07/2021,1:51:00 PM,1:52:29 PM,Mildura,VIC,6,185346779,R6 1790m Pace M,185314835,Harness,1790,Pace,16784117,7,Velox Equus,WINNER,5.86,,,680.72,7.2,5.1,5.4,5.66,2149.12,16.5,1.01,1.01,1.47,2669.05,,,,,,,5.5,5.9,1.05,0.97
16/07/2021,1:51:00 PM,1:52:29 PM,Mildura,VIC,6,185346779,R6 1790m Pace M,185346780,Harness,1790,Pace,16784117,7,Velox Equus,WINNER,5.86,WINNER,2.64,680.72,7.2,5.1,5.4,5.66,2149.12,16.5,1.01,1.01,1.47,2669.05,609.93,3.2,2.78,2.8,2.8,73.46,5.5,5.9,1.05,0.97
16/07/2021,2:33:00 PM,2:36:25 PM,Mildura,VIC,7,185314836,R7 1790m Pace M,185314837,Harness,1790,Pace,23633086,1,Bettor Star,WINNER,3.93,WINNER,1.55,846.7,5.2,3,3.75,3.6,6401.02,14,1.01,1.06,2,2711.69,719.97,1.72,1.46,1.52,1.53,160.13,3.65,3.9,1.06,0.97
16/07/2021,2:33:00 PM,2:36:25 PM,Mildura,VIC,7,185314836,R7 1790m Pace M,185314837,Harness,1790,Pace,39967735,2,Goodtime Maddie,LOSER,15.34,WINNER,3.69,479.53,24,12.5,15.5,16.28,514.98,1000,2.12,100,14.26,172.73,261.59,4.2,3.15,3.55,3.85,169.7,17,23,1.06,0.97
16/07/2021,2:33:00 PM,2:36:25 PM,Mildura,VIC,7,185314836,R7 1790m Pace M,185314837,Harness,1790,Pace,27703162,3,Promise Me Heaven,LOSER,4.3,LOSER,1.72,2193.45,7.2,4.2,4.4,4.96,2545.75,1000,4.4,210,13.41,156.04,878.42,2.18,1.63,1.75,1.92,558.67,4.8,5.1,1.06,0.97
16/07/2021,2:33:00 PM,2:36:25 PM,Mildura,VIC,7,185314836,R7 1790m Pace M,185314837,Harness,1790,Pace,28210616,4,Illawong Parris,LOSER,8.5,LOSER,2.5,929.55,9.4,6.4,7.4,8.28,1611.88,1000,4.2,1000,21.1,180.59,633.42,3,2.06,2.94,2.52,746.76,8.2,9,1.06,0.97
16/07/2021,2:33:00 PM,2:36:25 PM,Mildura,VIC,7,185314836,R7 1790m Pace M,185314837,Harness,1790,Pace,16784121,5,Sirbenjaminbutton,LOSER,14.99,LOSER,3.77,724.62,30,13.5,17,18.43,532.92,1000,9.4,490,23.84,124.13,439.84,3.8,3.2,3.3,3.36,114.85,19,21,1.06,0.97
16/07/2021,2:33:00 PM,2:36:25 PM,Mildura,VIC,7,185314836,R7 1790m Pace M,185314837,Harness,1790,Pace,20274590,6,Lenard Ess,LOSER,3.91,WINNER,1.63,1967.92,4.9,2.3,4.1,3.51,6650.81,140,2,120,3.84,475.37,716.82,1.69,1.43,1.56,1.53,503.78,3.15,3.4,1.06,0.97
16/07/2021,2:33:00 PM,2:36:25 PM,Mildura,VIC,7,185314836,R7 1790m Pace M,185314837,Harness,1790,Pace,12377725,7,Geronimo Dan,LOSER,74.3,LOSER,9.4,93.6,130,60,80,81.52,135.15,1000,70,1000,117.13,10.37,108.97,13,8.2,9.4,9.52,100.06,65,70,1.06,0.97
16/07/2021,2:33:00 PM,2:36:25 PM,Mildura,VIC,7,185314836,R7 1790m Pace M,185314837,Harness,1790,Pace,11619065,9,Friends,LOSER,60,LOSER,10.8,144.48,120,55,70,78.81,81.93,1000,29,1000,104.13,23.56,63.36,18.5,9.4,9.4,10.16,12.23,65,100,1.06,0.97
16/07/2021,3:23:00 PM,3:23:46 PM,Mildura,VIC,8,185314838,R8 2190m Pace M,185314839,Harness,2190,Pace,27692649,1,Major Mal,WINNER,26.93,WINNER,4.95,702.28,36,11.5,26,27.01,341.15,210,1.01,1.01,1.85,1495.87,461.13,8.4,3.55,5.1,4.49,343.96,26,29,1.02,0.98
16/07/2021,3:23:00 PM,3:23:46 PM,Mildura,VIC,8,185314838,R8 2190m Pace M,185314839,Harness,2190,Pace,32827672,2,Duty Bound,LOSER,10.73,WINNER,2.69,598.81,10.5,7,10,8.64,898.86,1000,1.94,1000,6.62,425.74,441.02,2.66,2.42,2.62,2.49,106.43,9.2,10,1.02,0.98
16/07/2021,3:23:00 PM,3:23:46 PM,Mildura,VIC,8,185314838,R8 2190m Pace M,185314839,Harness,2190,Pace,18258590,4,Minimum Wage,LOSER,255,LOSER,38.19,51,340,95,300,222.98,28.84,900,170,900,265.21,3.56,45.5,38,25,26,25.22,5.03,300,320,1.02,0.98
16/07/2021,3:23:00 PM,3:23:46 PM,Mildura,VIC,8,185314838,R8 2190m Pace M,185314839,Harness,2190,Pace,11277511,5,Timely Sovereign,LOSER,102.74,LOSER,17,78.65,250,65,90,95.81,69.81,720,55,720,95.91,5.79,44.82,22,22,22,22,0.04,80,110,1.02,0.98
16/07/2021,3:23:00 PM,3:23:46 PM,Mildura,VIC,8,185314838,R8 2190m Pace M,185314839,Harness,2190,Pace,39232223,7,Hayden Bromac,LOSER,7.31,LOSER,2.21,398.56,7.4,3.45,7,6.07,1411.03,720,7.2,490,13.73,120.83,404.52,2.24,1.94,2.12,2.06,171,6.6,6.8,1.02,0.98
16/07/2021,3:23:00 PM,3:23:46 PM,Mildura,VIC,8,185314838,R8 2190m Pace M,185314839,Harness,2190,Pace,22281496,8,Nationaldraft,LOSER,10.58,LOSER,2.91,841.99,12.5,7.6,11.5,10.27,420.16,720,2.64,720,14.56,76.45,363.78,3.3,2.58,2.88,2.67,84.53,11,12,1.02,0.98
16/07/2021,3:23:00 PM,3:23:46 PM,Mildura,VIC,8,185314838,R8 2190m Pace M,185314839,Harness,2190,Pace,20137255,9,Pocket Thedeal,LOSER,7.4,LOSER,2.5,737.76,14,7.4,8.4,8.73,1111.2,890,6.8,890,41.34,89.11,154.5,2.7,2.36,2.5,2.58,336.25,7.8,8,1.02,0.98
16/07/2021,3:23:00 PM,3:23:46 PM,Mildura,VIC,8,185314838,R8 2190m Pace M,185314839,Harness,2190,Pace,13258723,10,Gilty Hanover,LOSER,5.57,WINNER,2.1,1546.04,12.5,5.5,5.8,6.64,1824.51,110,1.51,100,3.81,910.73,837.52,2.78,2.02,2.14,2.07,74.72,5.8,5.9,1.02,0.98
16/07/2021,3:23:00 PM,3:23:46 PM,Mildura,VIC,8,185314838,R8 2190m Pace M,185314839,Harness,2190,Pace,28506965,11,Imnopumpkin,LOSER,3.14,LOSER,1.56,670.58,3.6,2.72,3.05,3.09,9692.06,780,1.67,780,5.75,867.57,475.28,1.63,1.51,1.57,1.61,425.04,3.15,3.25,1.02,0.98
16/07/2021,3:45:00 PM,3:46:20 PM,Mildura,VIC,9,185314840,R9 2190m Pace M,185314841,Harness,2190,Pace,28719439,1,Loyola Rocknrolla,LOSER,70.07,WINNER,6.87,119.08,130,60,130,95.69,47.55,720,12.5,720,43.3,58.21,169.21,13,8,8.4,8.82,93.02,90,120,1.04,0.97
16/07/2021,3:45:00 PM,3:46:20 PM,Mildura,VIC,9,185314840,R9 2190m Pace M,185314841,Harness,2190,Pace,17759219,2,Whereyagoinbabe,LOSER,2.88,WINNER,1.37,2138.15,5.3,2.7,2.88,3.16,9536.25,720,2.14,490,2.7,2760.7,940.58,1.62,1.34,1.36,1.47,785.89,3.15,3.25,1.04,0.97
16/07/2021,3:45:00 PM,3:46:20 PM,Mildura,VIC,9,185314840,R9 2190m Pace M,185314841,Harness,2190,Pace,36513866,3,Ollies Molly,LOSER,31.39,LOSER,13.24,281.59,110,38,40,45.32,59.65,720,30,720,56.5,28.61,142.59,24,4.7,12,5.55,22.03,46,55,1.04,0.97
16/07/2021,3:45:00 PM,3:46:20 PM,Mildura,VIC,9,185314840,R9 2190m Pace M,185314841,Harness,2190,Pace,16784116,4,Loyola Golf,LOSER,121.72,LOSER,255.28,80,360,110,360,216.8,3.83,770,75,770,168.16,12.28,0.09,150,24,75,90.04,0.11,110,170,1.04,0.97
16/07/2021,3:45:00 PM,3:46:20 PM,Mildura,VIC,9,185314840,R9 2190m Pace M,185314841,Harness,2190,Pace,25768352,5,Robert Crocka,LOSER,18.32,LOSER,3.75,352.55,40,18,19,22.06,237.57,720,18,720,33.9,82.44,399.76,4.9,3.8,3.85,3.93,18.83,22,26,1.04,0.97
16/07/2021,3:45:00 PM,3:46:20 PM,Mildura,VIC,9,185314840,R9 2190m Pace M,185314841,Harness,2190,Pace,22553618,6,Little Miss Daisy,LOSER,79.81,LOSER,13.3,101.58,150,80,150,109,18.54,720,60,720,96.35,31.06,66.51,19,19,19,19,0.02,90,120,1.04,0.97
16/07/2021,3:45:00 PM,3:46:20 PM,Mildura,VIC,9,185314840,R9 2190m Pace M,185314841,Harness,2190,Pace,27692653,7,Two Jacs,LOSER,58.04,LOSER,7.4,144.39,220,34,220,96.62,35.73,720,42,720,68.03,41.64,11.95,14.5,7.4,9.8,9.8,22.24,85,110,1.04,0.97
16/07/2021,3:45:00 PM,3:46:20 PM,Mildura,VIC,9,185314840,R9 2190m Pace M,185314841,Harness,2190,Pace,26839657,8,Lizzadro,WINNER,3.09,WINNER,1.33,1305.76,3.1,1.95,3,2.85,4367.08,4,1.01,1.01,1.42,3600.56,1114.9,1.49,1.31,1.33,1.35,834.55,2.68,2.84,1.04,0.97
16/07/2021,3:45:00 PM,3:46:20 PM,Mildura,VIC,9,185314840,R9 2190m Pace M,185314841,Harness,2190,Pace,36331536,9,Aphrodisiac,LOSER,5.91,LOSER,1.82,1025.53,6.2,3.65,5.5,4.84,1510.7,990,3.95,480,8.23,335.08,301.15,1.71,1.55,1.65,1.63,410.84,4.5,4.8,1.04,0.97
16/07/2021,3:45:00 PM,3:46:20 PM,Mildura,VIC,9,185314840,R9 2190m Pace M,185314841,Harness,2190,Pace,14582839,10,Dontshowyouraces,LOSER,35.81,LOSER,5.6,219.54,65,29,36,37.77,140.35,720,34,220,57.87,12.75,177.88,5.2,4.2,4.8,4.7,20.17,46,55,1.04,0.97
16/07/2021,4:23:00 PM,4:24:19 PM,Mildura,VIC,10,185314842,R10 1790m Pace M,185314843,Harness,1790,Pace,37199421,1,Chalkncheddar,LOSER,12,WINNER,2.74,418.9,24,12,14,14.49,557.61,80,1.33,80,4.87,326.71,489.92,2.96,2.72,2.74,2.87,545.29,15.5,19,1.09,0.95
16/07/2021,4:23:00 PM,4:24:19 PM,Mildura,VIC,10,185314842,R10 1790m Pace M,185314843,Harness,1790,Pace,36620953,2,Gilded,LOSER,17.93,LOSER,3.83,279.84,21,12,19,14.4,375.95,190,17,190,31.86,40.32,498.86,3.85,3.3,3.35,3.4,389.92,14,15.5,1.09,0.95
16/07/2021,4:23:00 PM,4:24:19 PM,Mildura,VIC,10,185314842,R10 1790m Pace M,185314843,Harness,1790,Pace,35441616,3,Puopolo,LOSER,19.23,LOSER,4.7,379.34,25,18,21,20.65,163.2,720,6.6,720,29.45,170.64,346.35,,,,,,19.5,22,1.09,0.95
16/07/2021,4:23:00 PM,4:24:19 PM,Mildura,VIC,10,185314842,R10 1790m Pace M,185314843,Harness,1790,Pace,16837367,4,Fiery Mac,LOSER,160,LOSER,55.94,30.41,210,140,210,155.92,35.98,840,230,840,567.93,1.19,35.12,28,28,28,28,3.72,140,150,1.09,0.95
16/07/2021,4:23:00 PM,4:24:19 PM,Mildura,VIC,10,185314842,R10 1790m Pace M,185314843,Harness,1790,Pace,24539956,6,Old Tanner Burn,LOSER,4.4,WINNER,1.91,442.59,6.6,3.6,4,4.54,2005.38,110,1.92,110,3.08,851.82,433.51,2.04,1.27,1.91,1.8,422.14,5,5.3,1.09,0.95
16/07/2021,4:23:00 PM,4:24:19 PM,Mildura,VIC,10,185314842,R10 1790m Pace M,185314843,Harness,1790,Pace,27121806,7,Bailieborough,LOSER,116.64,LOSER,46.14,25.1,190,75,190,139.17,21.76,720,75,720,186.46,7.27,38.89,,,,,,70,120,1.09,0.95
16/07/2021,4:23:00 PM,4:24:19 PM,Mildura,VIC,10,185314842,R10 1790m Pace M,185314843,Harness,1790,Pace,25156602,8,Tracer Bullet,WINNER,2.87,WINNER,1.41,1392.81,4.3,2.32,2.62,2.66,5266.02,4.5,1.05,1.05,2.12,1835.91,1295.02,1.61,1.36,1.4,1.4,41.71,2.28,2.54,1.09,0.95
16/07/2021,4:23:00 PM,4:24:19 PM,Mildura,VIC,10,185314842,R10 1790m Pace M,185314843,Harness,1790,Pace,7092577,9,Stuart,LOSER,8.68,LOSER,2.79,549.6,11,5.4,8.8,8.94,470.88,290,6.6,290,16.83,170.16,557.38,3.1,2.18,3.05,2.88,28.12,8,11,1.09,0.95
16/07/2021,4:23:00 PM,4:24:19 PM,Mildura,VIC,10,185314842,R10 1790m Pace M,185314843,Harness,1790,Pace,6416611,10,Graffiti Lombo,LOSER,11.05,LOSER,3.12,624.07,13,9.6,12.5,11.74,459.18,190,6.8,190,14.16,158.78,420.54,3,2.9,2.98,2.96,15.47,11.5,13.5,1.09,0.95
16/07/2021,4:23:00 PM,4:24:19 PM,Mildura,VIC,10,185314842,R10 1790m Pace M,185314843,Harness,1790,Pace,40186673,11,Feelin The Beat,LOSER,46,LOSER,9.15,114.24,70,22,48,36.1,178.51,1000,46,1000,91.06,16.15,148.33,,,,,,34,44,1.09,0.95
16/07/2021,5:03:00 PM,5:03:50 PM,Mildura,VIC,11,185314844,R11 1790m Pace M,185314845,Harness,1790,Pace,18576286,1,Arma Veyron,LOSER,3.05,LOSER,1.68,1643.61,3.15,2.54,3.05,2.83,5551.35,710,1.7,490,3.56,2134.08,449.22,1.65,1.4,1.65,1.58,512.3,2.92,2.98,1.02,0.98
16/07/2021,5:03:00 PM,5:03:50 PM,Mildura,VIC,11,185314844,R11 1790m Pace M,185314845,Harness,1790,Pace,25284745,2,Ashleys Blue Chip,WINNER,3.77,WINNER,1.61,1179.61,4.8,3.4,3.65,4.18,2495.02,7.6,1.02,1.03,1.71,2310.15,841.85,1.62,1.57,1.62,1.62,99.07,4.3,4.4,1.02,0.98
16/07/2021,5:03:00 PM,5:03:50 PM,Mildura,VIC,11,185314844,R11 1790m Pace M,185314845,Harness,1790,Pace,23708968,4,Deekays Major,LOSER,11.92,WINNER,2.49,814.47,19,9.2,11.5,10.99,829.89,1000,2.22,90,34.02,229.06,238.23,3.05,2.48,2.48,2.76,634.53,11,12,1.02,0.98
16/07/2021,5:03:00 PM,5:03:50 PM,Mildura,VIC,11,185314844,R11 1790m Pace M,185314845,Harness,1790,Pace,10093923,5,Good Onya,LOSER,11.09,WINNER,2.94,537.7,65,11.5,12,15.62,606.94,1000,9,100,56.72,153.36,452.44,3.4,2.9,3.05,3.15,80.19,13.5,14.5,1.02,0.98
16/07/2021,5:03:00 PM,5:03:50 PM,Mildura,VIC,11,185314844,R11 1790m Pace M,185314845,Harness,1790,Pace,24826032,7,Apache Wind,LOSER,11.67,LOSER,2.54,461.77,17.5,5.2,13.5,10.45,1462.29,1000,4.6,190,46.17,100.05,596.93,4,2.24,2.58,2.55,423.07,8.4,9,1.02,0.98
16/07/2021,5:03:00 PM,5:03:50 PM,Mildura,VIC,11,185314844,R11 1790m Pace M,185314845,Harness,1790,Pace,18144989,8,Trooper Mossman,LOSER,120,LOSER,12.02,74.57,140,48,140,87.85,59.59,720,36,720,197.81,9.77,127.33,9.2,9.2,9.2,9.2,5,85,110,1.02,0.98
16/07/2021,5:03:00 PM,5:03:50 PM,Mildura,VIC,11,185314844,R11 1790m Pace M,185314845,Harness,1790,Pace,555284,9,Headmaster,LOSER,50.1,LOSER,8.25,148.79,75,40,55,54.31,80.61,720,60,720,154.82,11.45,131.01,,,,,,55,60,1.02,0.98
16/07/2021,5:03:00 PM,5:03:50 PM,Mildura,VIC,11,185314844,R11 1790m Pace M,185314845,Harness,1790,Pace,10569235,10,Pinnacle Hope,LOSER,7.33,LOSER,2.37,699.28,9.6,7,7.6,7.75,740.03,880,5,700,19.61,245.26,248.4,2.5,2.04,2.2,2.12,258.61,7.4,8,1.02,0.98
16/07/2021,5:37:00 PM,5:38:34 PM,Mildura,VIC,12,185314846,R12 1790m Pace M,185314847,Harness,1790,Pace,36513870,1,Wild Man,LOSER,2.59,LOSER,1.52,2781.41,2.78,2.04,2.7,2.56,7340.13,720,2.02,710,3.3,1521.42,1374.41,1.62,1.39,1.59,1.53,1588.71,2.62,2.72,1.04,0.98
16/07/2021,5:37:00 PM,5:38:34 PM,Mildura,VIC,12,185314846,R12 1790m Pace M,185314847,Harness,1790,Pace,24252400,2,Last Artist,LOSER,6.2,WINNER,1.96,906.41,7.8,5.2,6.4,5.95,2458.32,110,2.02,100,6.52,189.48,704.46,2,1.74,1.9,1.89,192.94,5.6,6,1.04,0.98
16/07/2021,5:37:00 PM,5:38:34 PM,Mildura,VIC,12,185314846,R12 1790m Pace M,185314847,Harness,1790,Pace,21335725,4,Come On Elvis,WINNER,41.09,WINNER,7.63,148.04,250,29,36,36.46,174.48,110,1.01,1.01,1.47,2163.1,172.9,,,,,,28,30,1.04,0.98
16/07/2021,5:37:00 PM,5:38:34 PM,Mildura,VIC,12,185314846,R12 1790m Pace M,185314847,Harness,1790,Pace,22153910,5,Neds Beach,LOSER,30,LOSER,5.65,340.59,100,23,30,29.59,326.45,720,22,720,42.48,33,321.72,4.7,4.7,4.7,4.7,10,24,26,1.04,0.98
16/07/2021,5:37:00 PM,5:38:34 PM,Mildura,VIC,12,185314846,R12 1790m Pace M,185314847,Harness,1790,Pace,20357252,6,Lochster,LOSER,16,LOSER,3.68,440.95,36,13,16.5,18.14,585.76,720,8.4,490,24.49,81.41,373.19,4.2,3.5,3.8,3.77,38.13,15.5,16,1.04,0.98
16/07/2021,5:37:00 PM,5:38:34 PM,Mildura,VIC,12,185314846,R12 1790m Pace M,185314847,Harness,1790,Pace,40186674,7,Tact Tory,LOSER,9.2,LOSER,2.6,471.22,12,3.8,9.4,9.43,1343.59,780,9,420,31.63,48.02,934.14,2.88,1.55,2.62,2.54,260.28,11,12,1.04,0.98
16/07/2021,5:37:00 PM,5:38:34 PM,Mildura,VIC,12,185314846,R12 1790m Pace M,185314847,Harness,1790,Pace,22268855,8,Have A Crack,LOSER,5,LOSER,1.77,991.91,10.5,4.8,5,6.06,2611.04,780,3.8,490,12.89,137.58,634.72,2.46,1.72,1.77,1.82,307.74,5.7,5.9,1.04,0.98
16/07/2021,5:37:00 PM,5:38:34 PM,Mildura,VIC,12,185314846,R12 1790m Pace M,185314847,Harness,1790,Pace,28459675,9,Highchair,LOSER,210,LOSER,32.13,32.09,430,110,260,168.52,108.33,720,210,700,284.08,7.5,58.9,,,,,,150,190,1.04,0.98
16/07/2021,5:37:00 PM,5:38:34 PM,Mildura,VIC,12,185314846,R12 1790m Pace M,185314847,Harness,1790,Pace,17887554,10,Rainbow Rain,LOSER,19.89,WINNER,4.15,346.48,25,15.5,19,19.71,428.29,490,3.1,190,13.72,125.36,377.02,,,,,,15.5,18,1.04,0.98
16/07/2021,5:10:00 PM,5:10:41 PM,Newcastle,NSW,1,185317281,R1 1609m Pace M,185317283,Harness,1609,Pace,27592402,1,Blazing Shannon,LOSER,11.62,WINNER,,605.59,15,7,11.5,10.1,1253.95,44,1.12,3.15,2.87,660.44,,2.62,2.16,2.38,2.31,934.53,13,14,1.04,0.98
16/07/2021,5:10:00 PM,5:10:41 PM,Newcastle,NSW,1,185317281,R1 1609m Pace M,185317283,Harness,1609,Pace,20097878,2,Mammals Riddle,LOSER,8.63,LOSER,,683.17,11,6.6,9.4,8.21,1264.58,280,6,280,12.31,191.93,,2.48,2.26,2.48,2.42,17.65,8,8.8,1.04,0.98
16/07/2021,5:10:00 PM,5:10:41 PM,Newcastle,NSW,1,185317281,R1 1609m Pace M,185317283,Harness,1609,Pace,27956439,3,Bettor B Nice,LOSER,216.28,LOSER,,80.72,400,160,400,237.29,50.26,720,80,710,234.99,19.88,,,,,,,280,300,1.04,0.98
16/07/2021,5:10:00 PM,5:10:41 PM,Newcastle,NSW,1,185317281,R1 1609m Pace M,185317283,Harness,1609,Pace,36331486,4,Soho Brandenburg,LOSER,4.7,LOSER,,2468.98,6.2,3.1,4.9,5.11,1445.51,290,3.1,290,7.44,601.75,,2.02,1.75,1.89,1.92,199.67,5,5.4,1.04,0.98
16/07/2021,5:10:00 PM,5:10:41 PM,Newcastle,NSW,1,185317281,R1 1609m Pace M,185317283,Harness,1609,Pace,8820810,5,With Authority,LOSER,10.47,LOSER,,445.48,29,8.4,8.8,11.33,1639.7,910,4.5,780,49.32,236.93,,4.4,2.74,2.74,2.88,42.55,8.6,8.8,1.04,0.98
16/07/2021,5:10:00 PM,5:10:41 PM,Newcastle,NSW,1,185317281,R1 1609m Pace M,185317283,Harness,1609,Pace,16124583,6,Grosestar,LOSER,3.38,LOSER,,1790.27,3.7,2.66,2.92,3,13318.81,1000,2.64,1000,9.65,1225.74,,1.63,1.52,1.6,1.58,567.9,2.84,2.86,1.04,0.98
16/07/2021,5:10:00 PM,5:10:41 PM,Newcastle,NSW,1,185317281,R1 1609m Pace M,185317283,Harness,1609,Pace,35430232,7,Pops Boy,WINNER,9.9,WINNER,,404,12.5,6.8,9.2,9.34,1038.11,15,1.04,1.48,2.38,586.44,,3.2,2.6,2.6,2.76,51.56,8.6,9.6,1.04,0.98
16/07/2021,5:10:00 PM,5:10:41 PM,Newcastle,NSW,1,185317281,R1 1609m Pace M,185317283,Harness,1609,Pace,263286,8,Regal Rock,LOSER,90,LOSER,,108.69,250,48,150,82.56,100.88,1000,55,1000,363.56,22.86,,19,18.5,19,18.99,3.72,110,130,1.04,0.98
16/07/2021,5:10:00 PM,5:10:41 PM,Newcastle,NSW,1,185317281,R1 1609m Pace M,185317283,Harness,1609,Pace,13977181,9,Villareal,LOSER,52,LOSER,,132.55,110,26,55,46.68,163.67,230,24,200,64.91,19.19,,8,7.4,7.4,7.7,52.59,55,65,1.04,0.98
16/07/2021,5:10:00 PM,5:10:41 PM,Newcastle,NSW,1,185317281,R1 1609m Pace M,185317283,Harness,1609,Pace,11741004,10,Lightning Bob,LOSER,39.3,WINNER,,146.46,65,13,44,41.15,253.73,300,4.5,24,13.59,77.07,,9.8,7,9.6,7.43,43.72,55,60,1.04,0.98
16/07/2021,5:44:00 PM,5:44:30 PM,Newcastle,NSW,2,185317284,R2 1609m Pace M,185317285,Harness,1609,Pace,16124577,2,Styx Vixen,LOSER,86.84,LOSER,,152.15,100,65,80,87.36,215.24,720,34,720,86.29,18.91,,13,6.4,7.2,7.56,135.41,70,75,1.03,0.99
16/07/2021,5:44:00 PM,5:44:30 PM,Newcastle,NSW,2,185317284,R2 1609m Pace M,185317285,Harness,1609,Pace,10659319,3,Our Chance Todream,LOSER,49.91,LOSER,,154.39,100,36,44,50.08,158.77,780,40,780,58.56,38.71,,13,4.8,4.9,5.23,445.71,36,38,1.03,0.99
16/07/2021,5:44:00 PM,5:44:30 PM,Newcastle,NSW,2,185317284,R2 1609m Pace M,185317285,Harness,1609,Pace,40186638,4,Miss Verstappen,LOSER,1.62,WINNER,,3360.54,2.38,1.6,1.64,1.75,20629.65,1000,1.6,360,6.74,2599.86,,1.21,1.12,1.15,1.15,2411.65,1.69,1.72,1.03,0.99
16/07/2021,5:44:00 PM,5:44:30 PM,Newcastle,NSW,2,185317284,R2 1609m Pace M,185317285,Harness,1609,Pace,21733411,5,Touche,LOSER,9.25,LOSER,,615.93,9.8,5.7,9.2,7.98,420.03,720,2.5,420,5.97,685.62,,2.22,2.06,2.14,2.09,97.85,8.4,8.6,1.03,0.99
16/07/2021,5:44:00 PM,5:44:30 PM,Newcastle,NSW,2,185317284,R2 1609m Pace M,185317285,Harness,1609,Pace,19463923,6,Yesnomaybeso,LOSER,17.38,LOSER,,354.51,46,17.5,19,20.17,315.8,900,5.9,900,59.6,82.54,,3.15,3.15,3.15,3.15,19,18.5,19,1.03,0.99
16/07/2021,5:44:00 PM,5:44:30 PM,Newcastle,NSW,2,185317284,R2 1609m Pace M,185317285,Harness,1609,Pace,22057237,7,A Paradigm Shift,LOSER,34,LOSER,,258.8,40,21,32,28.02,135.65,780,9.2,780,39.72,54.61,,4.6,4.2,4.2,4.33,72,25,27,1.03,0.99
16/07/2021,5:44:00 PM,5:44:30 PM,Newcastle,NSW,2,185317284,R2 1609m Pace M,185317285,Harness,1609,Pace,20041284,8,Ultimate Force,LOSER,18.95,WINNER,,338.98,40,15,19,18.46,309.02,780,2.1,140,22.68,96.74,,3.4,3.4,3.4,3.4,10,15,17,1.03,0.99
16/07/2021,5:44:00 PM,5:44:30 PM,Newcastle,NSW,2,185317284,R2 1609m Pace M,185317285,Harness,1609,Pace,12714678,9,Miss Ciriello,LOSER,23,LOSER,,326.24,28,14,26,24.55,344.87,780,10,120,34.38,100.88,,4.2,2.26,3.6,3.56,261.85,25,26,1.03,0.99
16/07/2021,5:44:00 PM,5:44:30 PM,Newcastle,NSW,2,185317284,R2 1609m Pace M,185317285,Harness,1609,Pace,21270757,10,Rolling With Stell,WINNER,13.51,WINNER,,554.99,15,7.8,15,10.98,504.94,14,1.01,1.01,2.45,2426.5,,2.54,2.52,2.54,2.54,20.47,13.5,14.5,1.03,0.99
16/07/2021,6:10:00 PM,6:10:37 PM,Newcastle,NSW,3,185317286,R3 2030m Pace M,185317287,Harness,2030,Pace,19073461,1,The Big Cheese,LOSER,84.3,LOSER,,90.25,250,44,90,96.84,62.07,950,80,80,232.52,7.86,,6.8,6.6,6.8,6.73,5,100,110,1.03,0.98
16/07/2021,6:10:00 PM,6:10:37 PM,Newcastle,NSW,3,185317286,R3 2030m Pace M,185317287,Harness,2030,Pace,24503957,2,Hazelnuts,LOSER,32,LOSER,,198.69,44,15,36,34.27,220.53,920,10.5,910,48.34,94.82,,5,3.8,4.2,3.87,109.47,30,36,1.03,0.98
16/07/2021,6:10:00 PM,6:10:37 PM,Newcastle,NSW,3,185317286,R3 2030m Pace M,185317287,Harness,2030,Pace,5453318,3,The Bachelor,LOSER,135.11,LOSER,,34.39,360,85,160,192.98,28.15,780,70,70,175.71,5.91,,,,,,,160,230,1.03,0.98
16/07/2021,6:10:00 PM,6:10:37 PM,Newcastle,NSW,3,185317286,R3 2030m Pace M,185317287,Harness,2030,Pace,12792228,5,Master Catch,LOSER,6.79,WINNER,,791.5,10,5.5,7.4,7.45,1524.83,180,1.56,90,9.24,319.33,,2.1,1.44,1.73,1.65,10.55,7.2,7.4,1.03,0.98
16/07/2021,6:10:00 PM,6:10:37 PM,Newcastle,NSW,3,185317286,R3 2030m Pace M,185317287,Harness,2030,Pace,8495433,6,Rich Virgin,LOSER,99.86,LOSER,,63.51,250,44,110,96.56,42.82,990,42,990,131.57,29.86,,,,,,,85,95,1.03,0.98
16/07/2021,6:10:00 PM,6:10:37 PM,Newcastle,NSW,3,185317286,R3 2030m Pace M,185317287,Harness,2030,Pace,8315015,7,Exterminate,LOSER,75,LOSER,,85.65,250,46,100,96.43,45.85,720,5,100,172.73,11.39,,,,,,,100,110,1.03,0.98
16/07/2021,6:10:00 PM,6:10:37 PM,Newcastle,NSW,3,185317286,R3 2030m Pace M,185317287,Harness,2030,Pace,16806948,8,Shannonstheman,LOSER,14.5,WINNER,,235.47,23,12,14.5,15.11,638.03,720,9.4,720,26.67,90.61,,3.2,2.54,2.68,3.1,99.17,13,14.5,1.03,0.98
16/07/2021,6:10:00 PM,6:10:37 PM,Newcastle,NSW,3,185317286,R3 2030m Pace M,185317287,Harness,2030,Pace,8626910,9,Robbiewillmakeit,LOSER,4.93,LOSER,,1089.72,29,4.9,5.2,6.01,2404.19,870,4.8,870,10.18,265.65,,1.97,1.97,1.97,1.97,1.17,5.2,5.7,1.03,0.98
16/07/2021,6:10:00 PM,6:10:37 PM,Newcastle,NSW,3,185317286,R3 2030m Pace M,185317287,Harness,2030,Pace,8495542,10,Mister Brazil,WINNER,1.87,WINNER,,1787.06,2,1.33,1.85,1.76,13078.35,3.5,1.01,1.01,1.27,8123.95,,1.19,1.05,1.18,1.13,231.84,1.81,1.85,1.03,0.98
16/07/2021,6:35:00 PM,6:35:46 PM,Newcastle,NSW,4,185317288,R4 2030m Pace M,185317289,Harness,2030,Pace,13434383,1,Que Sera,LOSER,18.44,LOSER,,206.34,34,16,21,20.67,353.45,280,2.38,110,12.85,179.98,,4.6,3.35,3.8,4.05,17.15,16.5,19,1.05,1.03
16/07/2021,6:35:00 PM,6:35:46 PM,Newcastle,NSW,4,185317288,R4 2030m Pace M,185317289,Harness,2030,Pace,8403896,2,Days End,LOSER,22.69,LOSER,,153.52,60,14.5,26,19.44,482.09,910,10,910,83.16,32.72,,4.6,3.1,3.1,3.56,65.17,16,19,1.05,1.03
16/07/2021,6:35:00 PM,6:35:46 PM,Newcastle,NSW,4,185317288,R4 2030m Pace M,185317289,Harness,2030,Pace,12976249,3,Its Allabout Alice,LOSER,3.15,WINNER,,1264.99,4.8,3.05,3.1,3.39,5275.98,140,1.42,120,3.27,1581.41,,1.93,1.62,1.66,1.66,313.98,3.5,3.55,1.05,1.03
16/07/2021,6:35:00 PM,6:35:46 PM,Newcastle,NSW,4,185317288,R4 2030m Pace M,185317289,Harness,2030,Pace,20587317,4,Huey Lewis,LOSER,40.27,LOSER,,104.57,55,21,55,30.75,242.93,720,38,720,88.92,19.74,,5.1,5,5,5.01,44.8,28,32,1.05,1.03
16/07/2021,6:35:00 PM,6:35:46 PM,Newcastle,NSW,4,185317288,R4 2030m Pace M,185317289,Harness,2030,Pace,13258650,5,Western Heir,LOSER,36,LOSER,,132.15,44,8.6,42,30.29,185.6,730,14,730,109.84,47.87,,,,,,,27,28,1.05,1.03
16/07/2021,6:35:00 PM,6:35:46 PM,Newcastle,NSW,4,185317288,R4 2030m Pace M,185317289,Harness,2030,Pace,25877008,6,Wet My Whistle,LOSER,74.55,LOSER,,85.52,95,30,90,56.05,78.72,720,10,720,40.86,49.15,,,,,,,50,55,1.05,1.03
16/07/2021,6:35:00 PM,6:35:46 PM,Newcastle,NSW,4,185317288,R4 2030m Pace M,185317289,Harness,2030,Pace,24074958,8,Major Bob,WINNER,4.62,WINNER,,1839.68,5.5,2.82,4.9,4.69,1947.35,170,1.01,1.01,2.67,1965.25,,1.92,1.54,1.79,1.56,319.48,4.5,4,1.05,1.03
16/07/2021,6:35:00 PM,6:35:46 PM,Newcastle,NSW,4,185317288,R4 2030m Pace M,185317289,Harness,2030,Pace,25979886,9,Azur Express,LOSER,5.3,WINNER,,1030.33,8.8,5.3,5.6,6.15,2827.91,720,2.82,710,7.99,541.52,,2.3,2.02,2.04,2.05,62.38,6,6.6,1.05,1.03
16/07/2021,6:35:00 PM,6:35:46 PM,Newcastle,NSW,4,185317288,R4 2030m Pace M,185317289,Harness,2030,Pace,21677969,10,The Choreographer,LOSER,5.99,LOSER,,756.22,7.4,4.4,6.4,5.99,2021.87,870,4,870,15.94,196.85,,2.26,1.86,1.96,1.96,60.04,6.4,6.6,1.05,1.03
16/07/2021,7:07:00 PM,7:07:53 PM,Newcastle,NSW,5,185317290,R5 1609m Pace M,185317291,Harness,1609,Pace,24339254,1,Illgiveuadaisyaday,LOSER,5.1,WINNER,,1450.14,4.9,3.2,4.7,4.17,2268.41,6.8,1.35,2.04,3.75,851.42,,1.55,1.45,1.47,1.48,926.19,4.2,4.3,1.02,0.97
16/07/2021,7:07:00 PM,7:07:53 PM,Newcastle,NSW,5,185317290,R5 1609m Pace M,185317291,Harness,1609,Pace,28368738,2,Heavenly Holly,WINNER,1.97,WINNER,,2285.59,2.5,1.83,1.98,2.04,12362.36,4,1.14,1.25,1.66,2423.97,,1.29,1.2,1.23,1.23,1023.01,2.04,2.08,1.02,0.97
16/07/2021,7:07:00 PM,7:07:53 PM,Newcastle,NSW,5,185317290,R5 1609m Pace M,185317291,Harness,1609,Pace,24140920,3,Marika Springfield,LOSER,9.2,LOSER,,514.6,18,6.8,8.8,8.18,1820.9,1000,4.6,1000,14,179.59,,2.54,2.22,2.28,2.34,56.22,7.8,8.6,1.02,0.97
16/07/2021,7:07:00 PM,7:07:53 PM,Newcastle,NSW,5,185317290,R5 1609m Pace M,185317291,Harness,1609,Pace,20258220,4,Eagle Uno,LOSER,67.01,LOSER,,103.42,100,38,70,67.11,59.23,1000,55,1000,100.91,11,,,,,,,60,75,1.02,0.97
16/07/2021,7:07:00 PM,7:07:53 PM,Newcastle,NSW,5,185317290,R5 1609m Pace M,185317291,Harness,1609,Pace,39669830,5,Waiting For Love,LOSER,30.41,LOSER,,418.97,85,32,34,37.26,233.36,1000,28,1000,49.36,116.83,,6.6,6.6,6.6,6.6,7.07,38,44,1.02,0.97
16/07/2021,7:07:00 PM,7:07:53 PM,Newcastle,NSW,5,185317290,R5 1609m Pace M,185317291,Harness,1609,Pace,4100162,6,Eagle Falls,LOSER,28,WINNER,,287.98,60,19,28,36,155.42,1000,10.5,1000,79.26,17.48,,5.6,4.4,4.4,5.29,82.22,42,46,1.02,0.97
16/07/2021,7:07:00 PM,7:07:53 PM,Newcastle,NSW,5,185317290,R5 1609m Pace M,185317291,Harness,1609,Pace,35818958,7,Baby Ginnie,LOSER,56.83,LOSER,,191.63,70,46,60,60.44,76.91,1000,44,1000,92.64,14.05,,6.8,6.8,6.8,6.8,5,55,65,1.02,0.97
16/07/2021,7:07:00 PM,7:07:53 PM,Newcastle,NSW,5,185317290,R5 1609m Pace M,185317291,Harness,1609,Pace,27462412,8,Jodie Podie,LOSER,132.23,LOSER,,55.6,220,44,220,107.87,56.63,1000,65,1000,163.87,24.23,,,,,,,120,180,1.02,0.97
16/07/2021,7:07:00 PM,7:07:53 PM,Newcastle,NSW,5,185317290,R5 1609m Pace M,185317291,Harness,1609,Pace,7380144,9,Scotlynn Jiggs,LOSER,19.4,LOSER,,594.97,38,18,19,19.79,537.77,1000,12.5,1000,33.39,119.13,,3.55,2.92,2.96,3.09,804.54,19,22,1.02,0.97
16/07/2021,7:07:00 PM,7:07:53 PM,Newcastle,NSW,5,185317290,R5 1609m Pace M,185317291,Harness,1609,Pace,13488526,10,Roll With Annie,LOSER,83.68,LOSER,,123.08,110,44,65,67.62,96.51,1000,38,1000,140.23,14.91,,7.4,6.2,6.4,6.63,94.13,60,70,1.02,0.97
16/07/2021,7:37:00 PM,7:38:00 PM,Newcastle,NSW,6,185317292,R6 1609m Pace M,185317293,Harness,1609,Pace,35608407,1,Lincs Poor Boy,LOSER,32.75,WINNER,,370.29,55,27,40,37.31,113.45,780,18.5,720,34.09,64.51,,6.4,4.5,4.7,5.51,179.83,34,40,1.06,0.97
16/07/2021,7:37:00 PM,7:38:00 PM,Newcastle,NSW,6,185317292,R6 1609m Pace M,185317293,Harness,1609,Pace,19051947,2,Nifty Studleigh,LOSER,26.38,LOSER,,475.19,40,26,28,32.1,132.83,910,26,720,68.92,39.54,,5.6,4,5.4,5.06,93.72,32,40,1.06,0.97
16/07/2021,7:37:00 PM,7:38:00 PM,Newcastle,NSW,6,185317292,R6 1609m Pace M,185317293,Harness,1609,Pace,40112104,3,Roclea Ruler,WINNER,2.08,WINNER,,2913.22,3.05,2.2,2.22,2.39,5224.1,2.2,1.01,1.02,1.39,5221.89,,1.45,1.33,1.34,1.36,750.43,2.32,2.36,1.06,0.97
16/07/2021,7:37:00 PM,7:38:00 PM,Newcastle,NSW,6,185317292,R6 1609m Pace M,185317293,Harness,1609,Pace,14535204,4,Trouble Looming,LOSER,36,LOSER,,207.68,48,29,38,35.09,103.99,780,28,720,55.23,20.28,,5.8,5.8,5.8,5.8,8.72,30,34,1.06,0.97
16/07/2021,7:37:00 PM,7:38:00 PM,Newcastle,NSW,6,185317292,R6 1609m Pace M,185317293,Harness,1609,Pace,25156601,5,Classic Arc,LOSER,9.34,LOSER,,631.72,22,6.8,8.6,9.85,947.05,720,7.8,720,21.15,143.27,,4,2.16,2.3,2.53,295,7.2,8.4,1.06,0.97
16/07/2021,7:37:00 PM,7:38:00 PM,Newcastle,NSW,6,185317292,R6 1609m Pace M,185317293,Harness,1609,Pace,9104450,6,Sultan Fella,LOSER,24,LOSER,,264.56,48,19.5,24,27.06,95.93,780,24,780,93.32,20.48,,9.2,5.1,5.1,6.98,16.57,19.5,21,1.06,0.97
16/07/2021,7:37:00 PM,7:38:00 PM,Newcastle,NSW,6,185317292,R6 1609m Pace M,185317293,Harness,1609,Pace,22057222,7,Misterfire,LOSER,9.4,LOSER,,496.64,10.5,7.2,9.4,9.04,705.96,720,5.3,720,17.49,63.27,,3.25,2.7,3.15,3.02,86.15,8.8,9.8,1.06,0.97
16/07/2021,7:37:00 PM,7:38:00 PM,Newcastle,NSW,6,185317292,R6 1609m Pace M,185317293,Harness,1609,Pace,21755526,8,Fantasy Money,LOSER,27.12,LOSER,,444.31,36,16,34,24.98,131.75,780,24,780,35.45,64.47,,,,,,,30,34,1.06,0.97
16/07/2021,7:37:00 PM,7:38:00 PM,Newcastle,NSW,6,185317292,R6 1609m Pace M,185317293,Harness,1609,Pace,21289843,9,Manly Boy,LOSER,16.77,WINNER,,388.94,23,13,18.5,19.08,206.24,210,4.3,12,16.66,145.42,,3.75,3.15,3.55,3.45,63.19,17.5,21,1.06,0.97
16/07/2021,7:37:00 PM,7:38:00 PM,Newcastle,NSW,6,185317292,R6 1609m Pace M,185317293,Harness,1609,Pace,16468272,10,Cc Jones,LOSER,8.66,LOSER,,535.85,9,3.9,8.6,6.99,675.64,870,5.2,870,22.71,118.02,,2.72,1.71,2.26,2.11,452.16,7.2,8,1.06,0.97
16/07/2021,8:07:00 PM,8:02:57 PM,Newcastle,NSW,7,185317294,R7 1609m Pace M,185317295,Harness,1609,Pace,40186639,1,Iambecauseofyou,LOSER,3.76,WINNER,,10,,,,,,,,,,,,,,,,,3.05,5.6,1.27,0.75
16/07/2021,8:07:00 PM,,Newcastle,NSW,7,185317294,R7 1609m Pace M,185317295,Harness,1609,Pace,40186640,2,Saint Crusader,WINNER,2.57,WINNER,,,,,,,,,,,,,,,,,,,,,,
16/07/2021,8:07:00 PM,8:02:57 PM,Newcastle,NSW,7,185317294,R7 1609m Pace M,185317295,Harness,1609,Pace,39890262,3,Miss Social Media,LOSER,35.75,LOSER,,1.5,,,,,,36,29,29,35.76,0.58,,,,,,,36,200,1.27,0.75
16/07/2021,8:07:00 PM,8:02:57 PM,Newcastle,NSW,7,185317294,R7 1609m Pace M,185317295,Harness,1609,Pace,13738602,4,Icspots,LOSER,8.36,LOSER,,,6.6,6.2,6.2,6.22,63.35,15,6,15,8.37,6.19,,,,,,,5.7,6,1.27,0.75
16/07/2021,8:07:00 PM,,Newcastle,NSW,7,185317294,R7 1609m Pace M,185317295,Harness,1609,Pace,4243646,5,Smiling,LOSER,32.35,LOSER,,,,,,,,,,,,,,,,,,,,,,
16/07/2021,8:07:00 PM,8:02:57 PM,Newcastle,NSW,7,185317294,R7 1609m Pace M,185317295,Harness,1609,Pace,27462424,6,Sunny Town,LOSER,35.33,WINNER,,1.5,,,,,,,,,,,,,,,,,22,95,1.27,0.75
16/07/2021,8:07:00 PM,8:02:57 PM,Newcastle,NSW,7,185317294,R7 1609m Pace M,185317295,Harness,1609,Pace,13757755,7,Dothedealdylan,LOSER,18.03,LOSER,,15,,,,,,19.5,15,15,18.01,1.52,,,,,,,19.5,90,1.27,0.75
16/07/2021,8:07:00 PM,,Newcastle,NSW,7,185317294,R7 1609m Pace M,185317295,Harness,1609,Pace,16468332,8,Wallaroy Boy,LOSER,86.96,LOSER,,,,,,,,,,,,,,,,,,,,,,
16/07/2021,8:07:00 PM,8:02:57 PM,Newcastle,NSW,7,185317294,R7 1609m Pace M,185317295,Harness,1609,Pace,8483357,9,A Good Ideal,LOSER,20.77,LOSER,,15,24,22,22,23.08,6.04,,,,,,,,,,,,13.5,24,1.27,0.75
16/07/2021,8:07:00 PM,,Newcastle,NSW,7,185317294,R7 1609m Pace M,185317295,Harness,1609,Pace,896499,10,Harbour Town,LOSER,44.53,LOSER,,,,,,,,,,,,,,,,,,,,,,
16/07/2021,8:37:00 PM,8:37:55 PM,Newcastle,NSW,8,185317296,R8 1609m Pace M,185317297,Harness,1609,Pace,38761767,1,Chrissyscreek,LOSER,20.77,LOSER,,206.78,26,17,22,18.61,208.89,720,25,720,53.59,22.92,,3.55,2.96,3.2,3.07,124.71,17,18.5,1.02,0.97
16/07/2021,8:37:00 PM,8:37:55 PM,Newcastle,NSW,8,185317296,R8 1609m Pace M,185317297,Harness,1609,Pace,38828835,2,Artful Babe,LOSER,11.44,LOSER,,440.13,17,10,12,11.8,376.59,490,7.2,140,14.9,85.33,,2.74,2.58,2.58,2.61,249.86,11.5,12,1.02,0.97
16/07/2021,8:37:00 PM,8:37:55 PM,Newcastle,NSW,8,185317296,R8 1609m Pace M,185317297,Harness,1609,Pace,40186641,3,Spirit Inside,LOSER,15,WINNER,,319.63,19,12.5,15.5,15.84,312.37,350,7.8,350,21.32,105.54,,3.2,2.3,2.44,2.51,285.54,16,18.5,1.02,0.97
16/07/2021,8:37:00 PM,8:37:55 PM,Newcastle,NSW,8,185317296,R8 1609m Pace M,185317297,Harness,1609,Pace,40186642,4,Sweetly Spoken,LOSER,50,LOSER,,76.96,48,32,44,39.77,37.64,720,11,500,41.7,24.06,,,,,,,40,48,1.02,0.97
16/07/2021,8:37:00 PM,8:37:55 PM,Newcastle,NSW,8,185317296,R8 1609m Pace M,185317297,Harness,1609,Pace,40186643,5,Shes Lush,LOSER,30.17,LOSER,,242.35,24,18,24,20.4,109.06,1000,24,910,86.98,92.32,,,,,,,19.5,20,1.02,0.97
16/07/2021,8:37:00 PM,8:37:55 PM,Newcastle,NSW,8,185317296,R8 1609m Pace M,185317297,Harness,1609,Pace,40186644,6,Carrara Babe,LOSER,133.73,LOSER,,40.98,150,55,110,81.2,10.4,880,36,720,216.56,3.49,,,,,,,75,110,1.02,0.97
16/07/2021,8:37:00 PM,8:37:55 PM,Newcastle,NSW,8,185317296,R8 1609m Pace M,185317297,Harness,1609,Pace,40186645,7,Roclea Image,LOSER,11,LOSER,,393.06,12.5,8,12,10.68,513.35,1000,5.3,900,127.25,47.99,,3.55,2.36,3.4,2.8,6.12,11,12,1.02,0.97
16/07/2021,8:37:00 PM,8:37:55 PM,Newcastle,NSW,8,185317296,R8 1609m Pace M,185317297,Harness,1609,Pace,40186646,8,Chatherup,LOSER,43.27,WINNER,,107.95,38,28,38,33.81,32.51,720,16,720,48.86,20.83,,,,,,,34,36,1.02,0.97
16/07/2021,8:37:00 PM,8:37:55 PM,Newcastle,NSW,8,185317296,R8 1609m Pace M,185317297,Harness,1609,Pace,40186647,9,Ideal Mondo,WINNER,1.71,WINNER,,3170.88,2,1.63,1.7,1.79,13032.68,2.5,1.01,1.01,1.42,5182.7,,1.26,1.12,1.22,1.19,300.02,1.79,1.8,1.02,0.97
16/07/2021,8:37:00 PM,8:37:55 PM,Newcastle,NSW,8,185317296,R8 1609m Pace M,185317297,Harness,1609,Pace,40186648,10,Glenfrankie,LOSER,26,LOSER,,141.87,40,23,26,26.11,103.49,720,10,720,27.78,46.65,,4.2,4.2,4.2,4.2,5.29,25,29,1.02,0.97
16/07/2021,9:07:00 PM,9:07:39 PM,Newcastle,NSW,9,185317298,R9 2030m Pace M,185317299,Harness,2030,Pace,30463808,1,Takeme Tothe Beach,LOSER,54.74,LOSER,,72.43,80,13,65,37.13,116.85,1000,65,1000,178.21,6.85,,4.8,4.8,4.8,4.8,23.72,70,75,1.03,1.03
16/07/2021,9:07:00 PM,9:07:39 PM,Newcastle,NSW,9,185317298,R9 2030m Pace M,185317299,Harness,2030,Pace,40186649,2,Cruisen On Bye,LOSER,26.38,LOSER,,181.31,28,15.5,25,22.14,216.12,1000,6.4,560,123.74,51.98,,4.9,3.9,3.9,3.92,60.04,24,28,1.03,1.03
16/07/2021,9:07:00 PM,9:07:39 PM,Newcastle,NSW,9,185317298,R9 2030m Pace M,185317299,Harness,2030,Pace,40186650,3,Peaksart,LOSER,24.33,WINNER,,247.9,44,11,28,29,201.29,900,9.4,900,71.22,25.05,,,,,,,29,38,1.03,1.03
16/07/2021,9:07:00 PM,9:07:39 PM,Newcastle,NSW,9,185317298,R9 2030m Pace M,185317299,Harness,2030,Pace,36770996,4,Skyfall Andy,LOSER,1.69,WINNER,,3226.87,2.18,1.66,1.76,1.79,16508.56,720,1.11,710,2.09,3730.47,,1.3,1.2,1.2,1.23,272.47,1.7,1.72,1.03,1.03
16/07/2021,9:07:00 PM,9:07:39 PM,Newcastle,NSW,9,185317298,R9 2030m Pace M,185317299,Harness,2030,Pace,39797254,5,Jelignite Jack,LOSER,55,LOSER,,97.91,90,27,60,50.68,64.09,920,11.5,740,284.08,15.92,,5.4,5.3,5.4,5.3,156.65,46,60,1.03,1.03
16/07/2021,9:07:00 PM,9:07:39 PM,Newcastle,NSW,9,185317298,R9 2030m Pace M,185317299,Harness,2030,Pace,40186651,6,Codeblue,LOSER,46,LOSER,,110.58,100,32,40,43.57,57.04,1000,40,1000,163.39,25.37,,,,,,,40,46,1.03,1.03
16/07/2021,9:07:00 PM,9:07:39 PM,Newcastle,NSW,9,185317298,R9 2030m Pace M,185317299,Harness,2030,Pace,40186652,7,Samuel John,LOSER,36.91,LOSER,,129.38,50,28,34,36.9,82.14,920,34,920,62.18,40.68,,4.7,4.7,4.7,4.7,0.29,34,36,1.03,1.03
16/07/2021,9:07:00 PM,9:07:39 PM,Newcastle,NSW,9,185317298,R9 2030m Pace M,185317299,Harness,2030,Pace,39508112,8,Wicklow Warrior,LOSER,13.53,LOSER,,468.01,15.5,4.6,15.5,10.93,360.92,880,13.5,880,63.94,69.21,,2.88,2.3,2.48,2.38,8.52,13.5,8.4,1.03,1.03
16/07/2021,9:07:00 PM,9:07:39 PM,Newcastle,NSW,9,185317298,R9 2030m Pace M,185317299,Harness,2030,Pace,39967769,9,Mystic Eagle,LOSER,46,LOSER,,119.39,55,30,50,44.9,127.92,930,19,930,86.26,18.28,,6.2,5.2,5.3,5.68,23.33,38,44,1.03,1.03
16/07/2021,9:07:00 PM,9:07:39 PM,Newcastle,NSW,9,185317298,R9 2030m Pace M,185317299,Harness,2030,Pace,39594453,10,Elles Choice,WINNER,5.14,WINNER,,1317.66,12,5.6,5.7,7.7,1844.62,26,1.01,1.01,1.91,2835.77,,2.56,1.72,1.72,2.16,91.45,5.7,6,1.03,1.03
16/07/2021,6:52:00 PM,6:52:37 PM,Parkes,NSW,1,185317305,R1 2040m Pace M,185317306,Harness,2040,Pace,29060452,1,Regretable,LOSER,5.65,WINNER,,961.71,6.2,2.6,5.4,4.56,2508.96,100,2.52,85,3.93,1374.26,,2.14,1.79,2.04,1.87,713.83,5.7,6.4,1.04,0.97
16/07/2021,6:52:00 PM,6:52:37 PM,Parkes,NSW,1,185317305,R1 2040m Pace M,185317306,Harness,2040,Pace,27078534,2,Maudies Delight,LOSER,7.77,LOSER,,649.6,10.5,6.4,7.2,7.56,390.81,890,5.2,290,24.55,103.96,,3.2,3.2,3.2,3.2,1.38,6.8,7,1.04,0.97
16/07/2021,6:52:00 PM,6:52:37 PM,Parkes,NSW,1,185317305,R1 2040m Pace M,185317306,Harness,2040,Pace,9268842,3,Our Big Slow,LOSER,9.9,LOSER,,491.54,18,9.6,10.5,11.81,372.76,720,9.6,720,47.29,41.12,,,,,,,11.5,12,1.04,0.97
16/07/2021,6:52:00 PM,6:52:37 PM,Parkes,NSW,1,185317305,R1 2040m Pace M,185317306,Harness,2040,Pace,29059565,4,Jaytees Hat,LOSER,77.62,LOSER,,84.94,190,95,180,155.67,28.74,950,50,590,109.09,41.72,,,,,,,130,180,1.04,0.97
16/07/2021,6:52:00 PM,6:52:37 PM,Parkes,NSW,1,185317305,R1 2040m Pace M,185317306,Harness,2040,Pace,35621042,5,Remember Bubbles,LOSER,9.94,LOSER,,641.2,11.5,9,10.5,10.25,232.6,890,9.6,710,25.64,163.2,,2.88,2.88,2.88,2.88,5,9.2,10,1.04,0.97
16/07/2021,6:52:00 PM,6:52:37 PM,Parkes,NSW,1,185317305,R1 2040m Pace M,185317306,Harness,2040,Pace,23519746,6,Tessfeelsgood,LOSER,59.89,LOSER,,127.82,100,30,65,64.66,74.8,720,40,300,77.23,26.75,,10.5,10.5,10.5,10.5,5,70,75,1.04,0.97
16/07/2021,6:52:00 PM,6:52:37 PM,Parkes,NSW,1,185317305,R1 2040m Pace M,185317306,Harness,2040,Pace,15947516,7,Royal Feeling,WINNER,7,WINNER,,730.72,9,6,6.8,7.02,744.52,7.2,1.02,1.03,2.03,1190.69,,2.52,2.04,2.04,2.2,435.8,7,7.8,1.04,0.97
16/07/2021,6:52:00 PM,6:52:37 PM,Parkes,NSW,1,185317305,R1 2040m Pace M,185317306,Harness,2040,Pace,36610523,8,Moreartsthanclass,LOSER,57.49,LOSER,,104.21,100,40,85,71.17,56.84,850,2.1,850,57.54,56.77,,,,,,,65,70,1.04,0.97
16/07/2021,6:52:00 PM,6:52:37 PM,Parkes,NSW,1,185317305,R1 2040m Pace M,185317306,Harness,2040,Pace,25267894,9,Baby Bee Mine,LOSER,8.7,WINNER,,597.79,9.4,7.2,9.4,8.61,163.27,48,1.8,48,7.71,137.64,,2.4,2.02,2.4,2.05,1060.53,8.4,9.2,1.04,0.97
16/07/2021,6:52:00 PM,6:52:37 PM,Parkes,NSW,1,185317305,R1 2040m Pace M,185317306,Harness,2040,Pace,22649671,10,Im A Shy Guy,LOSER,5.51,LOSER,,763.78,6.4,4.4,5.3,4.89,938.76,720,2.88,720,6.74,820.53,,2.28,1.85,1.92,1.99,205.8,4.5,4.6,1.04,0.97
16/07/2021,7:19:00 PM,7:19:46 PM,Parkes,NSW,2,185317307,R2 2040m Pace M,185317308,Harness,2040,Pace,38979720,1,Cullens Maori,LOSER,8.4,LOSER,,337.5,18.5,7.4,8,9.15,892.77,720,2.4,290,9.58,121.18,,2.58,2.02,2.26,2.28,836.76,8.4,9.4,1.04,0.98
16/07/2021,7:19:00 PM,7:19:46 PM,Parkes,NSW,2,185317307,R2 2040m Pace M,185317308,Harness,2040,Pace,2174010,2,Sharp Shooter,WINNER,10.5,WINNER,,361.59,21,8,10.5,10.91,662.62,16,1.01,1.01,1.66,2935.5,,2.96,2.96,2.96,2.96,0.4,10,12,1.04,0.98
16/07/2021,7:19:00 PM,7:19:46 PM,Parkes,NSW,2,185317307,R2 2040m Pace M,185317308,Harness,2040,Pace,8435198,3,Digger Shed,LOSER,16.72,LOSER,,222.9,25,15,18,20.33,76.39,720,10.5,420,32.77,60.95,,3.2,3.2,3.2,3.2,50,21,22,1.04,0.98
16/07/2021,7:19:00 PM,7:19:46 PM,Parkes,NSW,2,185317307,R2 2040m Pace M,185317308,Harness,2040,Pace,27806784,4,Why Not Surf,LOSER,9.42,WINNER,,387.98,9.2,4.4,8.2,6.14,366.11,720,5.4,420,14.08,85.17,,3.4,1.87,2.2,2.49,391.58,7.8,8,1.04,0.98
16/07/2021,7:19:00 PM,7:19:46 PM,Parkes,NSW,2,185317307,R2 2040m Pace M,185317308,Harness,2040,Pace,40113684,5,Cassius Deck,LOSER,1.93,WINNER,,1931.92,2.2,1.75,2,1.86,6861.61,490,1.5,120,2.32,1804.41,,1.28,1.16,1.25,1.21,165.74,1.81,1.86,1.04,0.98
16/07/2021,7:19:00 PM,7:19:46 PM,Parkes,NSW,2,185317307,R2 2040m Pace M,185317308,Harness,2040,Pace,39528423,6,Caribbean Pat,LOSER,201.45,LOSER,,63.67,260,110,140,147.56,48.25,890,160,890,255.78,17.59,,14.5,13,14.5,14.07,7,150,160,1.04,0.98
16/07/2021,7:19:00 PM,7:19:46 PM,Parkes,NSW,2,185317307,R2 2040m Pace M,185317308,Harness,2040,Pace,23331631,7,Sporty Mickilla,LOSER,17.35,LOSER,,349.74,26,8.6,20,20.03,120.33,720,10.5,720,32.48,64.07,,4.4,3.4,3.4,3.5,133.12,21,24,1.04,0.98
16/07/2021,7:19:00 PM,7:19:46 PM,Parkes,NSW,2,185317307,R2 2040m Pace M,185317308,Harness,2040,Pace,37454778,8,Jogalong Blue,LOSER,130,LOSER,,32.83,340,85,85,112.11,31.43,760,700,760,739.54,1.52,,11,10,10.5,10.73,25,110,150,1.04,0.98
16/07/2021,7:19:00 PM,7:19:46 PM,Parkes,NSW,2,185317307,R2 2040m Pace M,185317308,Harness,2040,Pace,12823011,9,Kamendable Joe,LOSER,40.25,LOSER,,98.56,65,26,46,45.27,63.05,910,36,300,118.49,19.22,,8,6,6.2,7.01,23.42,46,48,1.04,0.98
16/07/2021,7:19:00 PM,7:19:46 PM,Parkes,NSW,2,185317307,R2 2040m Pace M,185317308,Harness,2040,Pace,12047078,10,Kempley Princess,LOSER,329.58,LOSER,,33.56,720,110,150,268.24,56.52,700,250,700,301.29,18.87,,50,15,16,45.56,43.49,190,310,1.04,0.98
16/07/2021,7:49:00 PM,7:49:52 PM,Parkes,NSW,3,185317309,R3 1660m Pace M,185317310,Harness,1660,Pace,39207349,1,Reason To Party,LOSER,6.6,WINNER,,398.32,7,4.3,6.4,5.47,415.88,720,5,720,17.45,79.94,,2.32,1.75,1.79,1.77,180.41,4.8,6,1.11,0.87
16/07/2021,7:49:00 PM,7:49:52 PM,Parkes,NSW,3,185317309,R3 1660m Pace M,185317310,Harness,1660,Pace,29059567,2,Holy Camp Paxton,LOSER,15.06,LOSER,,254.01,16.5,13.5,15,14.21,160.89,1000,15,1000,114.7,44.05,,4.6,4.6,4.6,4.6,1.21,14.5,15.5,1.11,0.87
16/07/2021,7:49:00 PM,7:49:52 PM,Parkes,NSW,3,185317309,R3 1660m Pace M,185317310,Harness,1660,Pace,28459686,3,Drive To The Beach,WINNER,3.7,WINNER,,696.48,4,2.76,3.5,3.16,1131.72,3.7,1.01,1.01,1.64,3965.81,,1.82,1.51,1.52,1.52,390.13,3.3,4.9,1.11,0.87
16/07/2021,7:49:00 PM,7:49:52 PM,Parkes,NSW,3,185317309,R3 1660m Pace M,185317310,Harness,1660,Pace,24008098,4,Itsallaboutned,LOSER,8.88,LOSER,,356.57,8.4,5.3,7.4,6.89,273.72,720,6.4,720,20.96,118.5,,2.56,1.69,2.56,2.39,155.27,6.2,7.4,1.11,0.87
16/07/2021,7:49:00 PM,7:49:52 PM,Parkes,NSW,3,185317309,R3 1660m Pace M,185317310,Harness,1660,Pace,27540149,5,Old Farm Way,LOSER,29.37,LOSER,,121.8,38,23,32,28.06,126.23,720,3,710,19.77,71.72,,3.75,3.75,3.75,3.75,10,25,30,1.11,0.87
16/07/2021,7:49:00 PM,7:49:52 PM,Parkes,NSW,3,185317309,R3 1660m Pace M,185317310,Harness,1660,Pace,27152289,6,Gabbys Ideal,LOSER,21,LOSER,,164.46,25,19,25,21.47,8.62,720,21,300,68.66,29.29,,,,,,,24,29,1.11,0.87
16/07/2021,7:49:00 PM,7:49:52 PM,Parkes,NSW,3,185317309,R3 1660m Pace M,185317310,Harness,1660,Pace,40113687,7,Speak With Sam,LOSER,3.79,WINNER,,859.76,5.7,3.7,3.85,4.11,1128.98,720,2.64,720,4.92,502.15,,1.62,1.58,1.58,1.59,186.28,3.85,4.7,1.11,0.87
16/07/2021,7:49:00 PM,7:49:52 PM,Parkes,NSW,3,185317309,R3 1660m Pace M,185317310,Harness,1660,Pace,9369024,9,Double Standards,LOSER,30.94,LOSER,,120.06,48,36,38,38.96,6.95,720,18.5,720,75.44,27.54,,9,4.6,5.6,4.78,120.18,38,50,1.11,0.87
16/07/2021,8:19:00 PM,8:20:37 PM,Parkes,NSW,4,185317311,R4 1660m Pace M,185317312,Harness,1660,Pace,25328507,1,Mammals Prince,LOSER,34,LOSER,,44.31,38,15,28,23.07,186.86,910,8.2,910,92.06,60.83,,5.6,3.75,5.4,5.28,24.37,18.5,32,1.18,0.96
16/07/2021,8:19:00 PM,8:20:37 PM,Parkes,NSW,4,185317311,R4 1660m Pace M,185317312,Harness,1660,Pace,4051505,2,Lucky Lyla,LOSER,39.15,LOSER,,45.2,60,21,26,28.61,83.83,300,60,300,163.02,1.92,,,,,,,26,38,1.18,0.96
16/07/2021,8:19:00 PM,8:20:37 PM,Parkes,NSW,4,185317311,R4 1660m Pace M,185317312,Harness,1660,Pace,26207070,3,Miss Pau,LOSER,271.83,LOSER,,26.04,530,110,450,140.5,110.39,700,200,700,232.18,7.5,,13.5,8,13.5,11.32,56.56,210,510,1.18,0.96
16/07/2021,8:19:00 PM,8:20:37 PM,Parkes,NSW,4,185317311,R4 1660m Pace M,185317312,Harness,1660,Pace,16490764,4,Topsie Grinner,LOSER,15.12,LOSER,,104.69,22,13,13,15.65,106.17,490,10.5,490,40.98,66.66,,3.7,3.2,3.7,3.45,33.44,14,16.5,1.18,0.96
16/07/2021,8:19:00 PM,8:20:37 PM,Parkes,NSW,4,185317311,R4 1660m Pace M,185317312,Harness,1660,Pace,38979723,5,Terryrama,LOSER,6.3,LOSER,,262.53,9.8,5.7,5.7,6.38,587.39,110,6,110,8.67,459.91,,2.66,2.02,2.02,2.14,794.38,5.8,7,1.18,0.96
16/07/2021,8:19:00 PM,8:20:37 PM,Parkes,NSW,4,185317311,R4 1660m Pace M,185317312,Harness,1660,Pace,23246995,6,Beast Mode,LOSER,5.4,LOSER,,297.09,5.7,4,5.3,4.81,1135.71,110,3.25,100,8.74,100.79,,2.38,1.94,1.99,2.3,186.16,4.3,5,1.18,0.96
16/07/2021,8:19:00 PM,8:20:37 PM,Parkes,NSW,4,185317311,R4 1660m Pace M,185317312,Harness,1660,Pace,28170421,7,Myra Dawn,LOSER,5.75,WINNER,,188.41,5.3,3.55,4.9,4.01,1196.57,110,2,24,5.85,826.05,,1.92,1.65,1.65,1.69,156.81,3.75,4.3,1.18,0.96
16/07/2021,8:19:00 PM,8:20:37 PM,Parkes,NSW,4,185317311,R4 1660m Pace M,185317312,Harness,1660,Pace,21335743,8,Sputnik,LOSER,10.34,WINNER,,147.04,9.8,5.5,9.8,7.39,311.4,14.5,1.1,1.42,2.61,332.38,,2.48,2.14,2.48,2.14,17,6.2,9,1.18,0.96
16/07/2021,8:19:00 PM,8:20:37 PM,Parkes,NSW,4,185317311,R4 1660m Pace M,185317312,Harness,1660,Pace,24718314,9,Gabbys Sportstar,WINNER,21.13,WINNER,,86.35,21,15.5,18,18.12,125.37,110,1.5,1.5,8.25,233.08,,,,,,,18,19.5,1.18,0.96
16/07/2021,8:19:00 PM,8:20:37 PM,Parkes,NSW,4,185317311,R4 1660m Pace M,185317312,Harness,1660,Pace,18820065,10,Bettor Jiggle,LOSER,7.84,LOSER,,191.13,11.5,6.8,7.2,8.53,290.5,110,2.86,110,6.65,151.97,,3.2,2.94,3.2,2.97,29.74,8,9.8,1.18,0.96
16/07/2021,8:49:00 PM,8:50:00 PM,Parkes,NSW,5,185317313,R5 2040m Pace M,185317314,Harness,2040,Pace,40188229,1,Tintin On Theriver,LOSER,8.1,LOSER,,673.17,10.5,6,8.6,6.98,838.54,1000,8.2,1000,116.84,65.89,,3.5,2.24,2.76,2.52,62.55,7.6,10,1.1,0.96
16/07/2021,8:49:00 PM,8:50:00 PM,Parkes,NSW,5,185317313,R5 2040m Pace M,185317314,Harness,2040,Pace,40188230,2,Eyes For Dollars,LOSER,94.66,LOSER,,73.17,95,26,90,45.01,93.27,300,90,300,112.97,13.04,,6.4,4.9,6.4,5.94,40,48,65,1.1,0.96
16/07/2021,8:49:00 PM,8:50:00 PM,Parkes,NSW,5,185317313,R5 2040m Pace M,185317314,Harness,2040,Pace,28204775,3,Lou Cee,LOSER,7.93,LOSER,,443.67,8.4,5.7,7.8,7.22,797.3,110,4.1,110,15.58,63.64,,2.78,2.26,2.78,2.29,40.37,6,6.4,1.1,0.96
16/07/2021,8:49:00 PM,8:50:00 PM,Parkes,NSW,5,185317313,R5 2040m Pace M,185317314,Harness,2040,Pace,39068046,4,Wheres Our Money,LOSER,25,LOSER,,252.21,75,24,25,39.86,208.32,580,16.5,300,53.63,38.28,,6.6,4.8,4.8,5.89,57.11,34,36,1.1,0.96
16/07/2021,8:49:00 PM,8:50:00 PM,Parkes,NSW,5,185317313,R5 2040m Pace M,185317314,Harness,2040,Pace,35523822,5,Tackas Princess,LOSER,15.1,WINNER,,287.61,19.5,11.5,13.5,14.25,299.94,100,1.21,100,5.23,318.69,,,,,,,16.5,19,1.1,0.96
16/07/2021,8:49:00 PM,8:50:00 PM,Parkes,NSW,5,185317313,R5 2040m Pace M,185317314,Harness,2040,Pace,37376281,6,Debra Jean,LOSER,5.76,LOSER,,764.05,9.2,5,5.9,6.34,1015.08,870,5.2,720,35.54,87.66,,2.68,2.1,2.1,2.32,266.41,5.6,6.6,1.1,0.96
16/07/2021,8:49:00 PM,8:50:00 PM,Parkes,NSW,5,185317313,R5 2040m Pace M,185317314,Harness,2040,Pace,40188231,7,Rowdy Rhonda,LOSER,8.03,WINNER,,478.7,12,7,7.4,8.22,736.06,280,2,85,7.92,375.3,,2.64,2.52,2.64,2.56,15,8,9.8,1.1,0.96
16/07/2021,8:49:00 PM,8:50:00 PM,Parkes,NSW,5,185317313,R5 2040m Pace M,185317314,Harness,2040,Pace,40188232,8,Girl Just Fly,LOSER,34.59,LOSER,,189.1,40,22,34,27.7,193.75,300,28,300,69.74,20.14,,5.7,5.5,5.6,5.61,33.32,34,38,1.1,0.96
16/07/2021,8:49:00 PM,8:50:00 PM,Parkes,NSW,5,185317313,R5 2040m Pace M,185317314,Harness,2040,Pace,40188233,9,Reason To Be,WINNER,5.21,WINNER,,565.5,5.1,3.9,5,4.45,2853.51,8.4,1.03,1.1,1.93,2440.59,,1.96,1.71,1.75,1.76,218.75,4.1,4.2,1.1,0.96
16/07/2021,8:49:00 PM,8:50:00 PM,Parkes,NSW,5,185317313,R5 2040m Pace M,185317314,Harness,2040,Pace,40188234,10,Rick,LOSER,10.8,LOSER,,275.7,17.5,8.4,9.2,10.2,492.39,110,9.6,80,24.22,41.84,,2.92,2.92,2.92,2.92,0.36,9,11,1.1,0.96
16/07/2021,9:19:00 PM,9:22:30 PM,Parkes,NSW,6,185317315,R6 1660m Pace M,185317316,Harness,1660,Pace,35621034,1,Caribbean Delight,LOSER,14.03,LOSER,,380.42,21,13,15.5,14.87,874.77,720,23,720,98.63,42.38,,3.55,3.2,3.2,3.26,343.33,13.5,14,1.07,0.97
16/07/2021,9:19:00 PM,9:22:30 PM,Parkes,NSW,6,185317315,R6 1660m Pace M,185317316,Harness,1660,Pace,40188235,2,Global Goddess,LOSER,120,LOSER,,43.76,170,44,150,72.03,127.07,930,120,760,445.51,3.83,,15.5,5.9,15.5,10.73,15,70,140,1.07,0.97
16/07/2021,9:19:00 PM,9:22:30 PM,Parkes,NSW,6,185317315,R6 1660m Pace M,185317316,Harness,1660,Pace,40188236,3,The Alfie,LOSER,7.24,WINNER,,651.89,16,5.9,7.8,6.75,2183.62,490,2.8,490,5.08,496.74,,2.9,2.26,2.26,2.38,68.92,6,6.4,1.07,0.97
16/07/2021,9:19:00 PM,9:22:30 PM,Parkes,NSW,6,185317315,R6 1660m Pace M,185317316,Harness,1660,Pace,19576525,4,Saint Breeny,LOSER,3.2,WINNER,,1471.49,4.2,2.98,3.1,3.46,8124.56,490,1.95,490,2.83,716.5,,1.93,1.48,1.61,1.63,906.79,3.4,3.7,1.07,0.97
16/07/2021,9:19:00 PM,9:22:30 PM,Parkes,NSW,6,185317315,R6 1660m Pace M,185317316,Harness,1660,Pace,40091620,5,Elpine Sally,LOSER,7.66,LOSER,,682.29,9,6.6,7.8,8.25,874.1,570,12,570,33.18,25.48,,2.54,2.4,2.42,2.44,27.37,7.8,9,1.07,0.97
16/07/2021,9:19:00 PM,9:22:30 PM,Parkes,NSW,6,185317315,R6 1660m Pace M,185317316,Harness,1660,Pace,40188237,6,Jayjaybenny,LOSER,5.81,LOSER,,2181.86,7,4.3,6.4,5.98,1501.22,140,3.15,110,6.1,596.62,,2.52,2.28,2.5,2.49,63.3,6,6.6,1.07,0.97
16/07/2021,9:19:00 PM,9:22:30 PM,Parkes,NSW,6,185317315,R6 1660m Pace M,185317316,Harness,1660,Pace,28572202,7,Nosey Josey,LOSER,51.16,LOSER,,123.28,90,38,70,58.51,83.67,720,50,720,105.68,4.88,,8.2,5.7,8.2,7.35,41.53,50,65,1.07,0.97
16/07/2021,9:19:00 PM,9:22:30 PM,Parkes,NSW,6,185317315,R6 1660m Pace M,185317316,Harness,1660,Pace,38286907,8,Jessejames Shannon,LOSER,11.42,LOSER,,555.77,15,6.8,12.5,10.3,1836.64,490,7.6,60,15.32,72.86,,2.76,2.04,2.5,2.39,470.39,12,12.5,1.07,0.97
16/07/2021,9:19:00 PM,9:22:30 PM,Parkes,NSW,6,185317315,R6 1660m Pace M,185317316,Harness,1660,Pace,40188238,9,Juz Butter,LOSER,166.68,LOSER,,40.26,280,60,260,155.8,47.08,720,140,720,350.62,1.61,,22,9,22,15.5,10,100,140,1.07,0.97
16/07/2021,9:19:00 PM,9:22:30 PM,Parkes,NSW,6,185317315,R6 1660m Pace M,185317316,Harness,1660,Pace,36514021,10,Miss Nea Star,WINNER,12.91,WINNER,,398.23,13.5,6.6,13.5,8.68,1107.94,34,1.01,1.02,2.87,1100.62,,3.4,2.54,3.4,3.32,169.88,8.8,10,1.07,0.97
16/07/2021,9:49:00 PM,9:49:44 PM,Parkes,NSW,7,185317317,R7 1660m Pace M,185317318,Harness,1660,Pace,20743198,1,Rocco Variety,WINNER,1.59,WINNER,,9031.11,2.72,1.62,1.67,1.9,10952.12,3.35,1.01,1.01,1.53,5878.76,,1.31,1.21,1.22,1.26,1519.09,1.84,1.85,1.06,0.99
16/07/2021,9:49:00 PM,9:49:44 PM,Parkes,NSW,7,185317317,R7 1660m Pace M,185317318,Harness,1660,Pace,13672287,2,Roll The Seven,LOSER,14.01,LOSER,,529.01,19,11.5,16.5,14.85,344.04,720,13.5,710,63.76,66.4,,3.9,3.9,3.9,3.9,1.06,14.5,16.5,1.06,0.99
16/07/2021,9:49:00 PM,9:49:44 PM,Parkes,NSW,7,185317317,R7 1660m Pace M,185317318,Harness,1660,Pace,22153203,3,Lovin Everyday,LOSER,19.32,WINNER,,454.45,26,7.4,22,15.98,271,720,8.4,490,22.16,107.64,,3.9,2.42,3.05,2.93,36.37,16,18,1.06,0.99
16/07/2021,9:49:00 PM,9:49:44 PM,Parkes,NSW,7,185317317,R7 1660m Pace M,185317318,Harness,1660,Pace,36852569,4,Watch And Weep,LOSER,13.56,LOSER,,338.05,36,11.5,13.5,14.2,578.86,720,6.2,720,19.23,84.13,,3.45,2.9,2.92,2.98,140.02,12.5,15,1.06,0.99
16/07/2021,9:49:00 PM,9:49:44 PM,Parkes,NSW,7,185317317,R7 1660m Pace M,185317318,Harness,1660,Pace,25064680,5,Shesa Pocketrocket,LOSER,29,LOSER,,170.75,40,15.5,38,26.93,166.56,720,44,300,105.85,7.22,,,,,,,21,25,1.06,0.99
16/07/2021,9:49:00 PM,9:49:44 PM,Parkes,NSW,7,185317317,R7 1660m Pace M,185317318,Harness,1660,Pace,20097874,6,Carramar Times Up,LOSER,11.31,WINNER,,548.42,13,4.4,13,8.53,1083.27,110,1.56,100,7.46,230.17,,2.42,1.94,2.14,2.06,6,9.2,10,1.06,0.99
16/07/2021,9:49:00 PM,9:49:44 PM,Parkes,NSW,7,185317317,R7 1660m Pace M,185317318,Harness,1660,Pace,22553619,7,My Mels Place,LOSER,8.32,LOSER,,571.07,9.8,5.4,8.6,8.07,1257.29,720,8,720,24.94,52.37,,2.64,1.89,2.1,1.92,170.18,7.6,8.6,1.06,0.99
16/07/2021,9:49:00 PM,9:49:44 PM,Parkes,NSW,7,185317317,R7 1660m Pace M,185317318,Harness,1660,Pace,36421998,8,Jilliby Lollie,LOSER,110,LOSER,,102.39,140,27,140,70.8,87.55,920,240,700,550.82,4.18,,,,,,,70,80,1.06,0.99
16/07/2021,12:18:00 PM,12:18:28 PM,Wagga,NSW,1,185315519,R1 2270m Trot M,185315518,Harness,2270,Trot,28430499,1,Papela,LOSER,120,LOSER,,37.08,190,30,130,124,16.79,720,36,110,137.05,38.02,,,,,,,130,190,1.05,0.93
16/07/2021,12:18:00 PM,12:18:28 PM,Wagga,NSW,1,185315519,R1 2270m Trot M,185315518,Harness,2270,Trot,39465391,2,Count Your Eyes,LOSER,10.63,LOSER,,259.65,13.5,7.4,10.5,9.32,154.09,720,8,720,22.01,76.58,,4,3.2,3.35,3.45,117.55,9,11,1.05,0.93
16/07/2021,12:18:00 PM,12:18:28 PM,Wagga,NSW,1,185315519,R1 2270m Trot M,185315518,Harness,2270,Trot,28507065,3,Sally Em,LOSER,10.29,LOSER,,317.9,22,10,10.5,12.35,170.6,720,2.96,720,15.5,231.21,,4.4,4,4.1,4.11,110,12,14.5,1.05,0.93
16/07/2021,12:18:00 PM,12:18:28 PM,Wagga,NSW,1,185315519,R1 2270m Trot M,185315518,Harness,2270,Trot,25114063,4,Orlando Storm,WINNER,4.2,WINNER,,705.26,4.3,2.66,4.1,3.49,398.44,4.3,1.01,1.01,1.77,3739.53,,2.54,1.83,2.2,1.95,4.52,3.55,3.75,1.05,0.93
16/07/2021,12:18:00 PM,12:18:28 PM,Wagga,NSW,1,185315519,R1 2270m Trot M,185315518,Harness,2270,Trot,650202,5,Lucky Eyes,LOSER,4.46,WINNER,,1233.76,9.8,4.6,4.7,6.54,1269.55,880,3.7,720,6.11,646.71,,2.82,2.7,2.7,2.81,135.85,5.3,5.9,1.05,0.93
16/07/2021,12:18:00 PM,12:18:28 PM,Wagga,NSW,1,185315519,R1 2270m Trot M,185315518,Harness,2270,Trot,21049459,6,Galleons Glory,LOSER,2.94,LOSER,,791.91,3.15,1.86,2.84,2.73,1903.65,720,1.99,390,6.33,541.81,,1.49,1.49,1.49,1.49,0.35,2.76,3.2,1.05,0.93
16/07/2021,12:18:00 PM,12:18:28 PM,Wagga,NSW,1,185315519,R1 2270m Trot M,185315518,Harness,2270,Trot,22565942,8,Worthy Hall,LOSER,71.84,LOSER,,58.57,90,30,75,60.33,20.66,920,34,920,102.18,28.12,,,,,,,65,75,1.05,0.93
16/07/2021,12:53:00 PM,12:53:59 PM,Wagga,NSW,2,185315521,R2 1740m Pace M,185315520,Harness,1740,Pace,36227904,2,Menames Needy,LOSER,25.33,LOSER,,186.61,30,14,30,19.72,60.96,720,17.5,300,44.08,46.93,,5,4.6,4.8,4.77,80,23,26,1.03,0.98
16/07/2021,12:53:00 PM,12:53:59 PM,Wagga,NSW,2,185315521,R2 1740m Pace M,185315520,Harness,1740,Pace,40186654,3,Treacheroustimes,LOSER,38,LOSER,,88.93,55,21,50,33.09,16.44,720,25,25,61.06,28.93,,4.5,4.5,4.5,4.5,15,25,30,1.03,0.98
16/07/2021,12:53:00 PM,12:53:59 PM,Wagga,NSW,2,185315521,R2 1740m Pace M,185315520,Harness,1740,Pace,5876049,5,Full Of Wisdom,LOSER,70,LOSER,,76.68,140,44,140,87.7,6.91,1000,30,1000,83.03,28.63,,26,15.5,19,25.62,5.21,65,75,1.03,0.98
16/07/2021,12:53:00 PM,12:53:59 PM,Wagga,NSW,2,185315521,R2 1740m Pace M,185315520,Harness,1740,Pace,1252356,6,Texas Red,LOSER,81.54,LOSER,,71.53,140,70,140,100.65,6.56,720,17.5,110,94.56,26.46,,12,11,11,11.67,15,85,110,1.03,0.98
16/07/2021,12:53:00 PM,12:53:59 PM,Wagga,NSW,2,185315521,R2 1740m Pace M,185315520,Harness,1740,Pace,28638290,7,Gordons Bay,WINNER,2.45,WINNER,,1960.83,4.2,2.52,2.54,2.76,1298.39,100,1.01,1.01,1.77,2445.94,,1.43,1.43,1.43,1.43,14.98,2.7,2.86,1.03,0.98
16/07/2021,12:53:00 PM,12:53:59 PM,Wagga,NSW,2,185315521,R2 1740m Pace M,185315520,Harness,1740,Pace,40186655,8,Road Runner,LOSER,2.18,WINNER,,1154.31,2.28,1.53,1.88,1.81,2945.89,110,1.01,110,1.94,2014.89,,1.32,1.13,1.23,1.17,271.45,1.83,1.87,1.03,0.98
16/07/2021,1:33:00 PM,1:33:33 PM,Wagga,NSW,3,185315523,R3 1740m Pace M,185315522,Harness,1740,Pace,27223779,1,Tubbee Tee,LOSER,2.51,WINNER,,2877.21,7.2,2.54,2.56,2.96,7196.76,110,1.58,110,2.35,3258.65,,1.56,1.44,1.46,1.52,404.17,2.92,2.98,1.03,0.96
16/07/2021,1:33:00 PM,1:33:33 PM,Wagga,NSW,3,185315523,R3 1740m Pace M,185315522,Harness,1740,Pace,40186656,2,Complicated,LOSER,34.17,WINNER,,137.15,50,30,42,38.93,92.27,720,1.74,2.3,10.89,185.24,,,,,,,34,40,1.03,0.96
16/07/2021,1:33:00 PM,1:33:33 PM,Wagga,NSW,3,185315523,R3 1740m Pace M,185315522,Harness,1740,Pace,12699390,3,Hayaku Harry,LOSER,28,LOSER,,175.41,30,19,29,24.07,107.02,910,21,730,92.2,28.57,,4.7,4.7,4.7,4.7,20,25,26,1.03,0.96
16/07/2021,1:33:00 PM,1:33:33 PM,Wagga,NSW,3,185315523,R3 1740m Pace M,185315522,Harness,1740,Pace,22153134,4,Sedso,LOSER,11.67,LOSER,,375.48,14,11,12,12.21,371.83,280,2.2,24,18.08,100.54,,3.6,3.6,3.6,3.6,0.43,11.5,13,1.03,0.96
16/07/2021,1:33:00 PM,1:33:33 PM,Wagga,NSW,3,185315523,R3 1740m Pace M,185315522,Harness,1740,Pace,12268976,5,Winsome Moolah,LOSER,60,LOSER,,119.59,55,26,55,40.5,57.47,720,60,110,105.54,12.54,,,,,,,40,42,1.03,0.96
16/07/2021,1:33:00 PM,1:33:33 PM,Wagga,NSW,3,185315523,R3 1740m Pace M,185315522,Harness,1740,Pace,23068625,6,Glamors Symbol,LOSER,7.2,LOSER,,652.84,9.2,4.4,7.2,6.31,751.19,720,4.6,490,14.02,95.63,,2.92,2.02,2.24,2.52,15.78,6.8,7.2,1.03,0.96
16/07/2021,1:33:00 PM,1:33:33 PM,Wagga,NSW,3,185315523,R3 1740m Pace M,185315522,Harness,1740,Pace,25522408,7,Run Viv Run,LOSER,15.9,LOSER,,261,18.5,11.5,15,14.4,185.23,420,14,420,44.1,36.35,,3.8,2.68,3.55,3.29,61.76,14.5,16,1.03,0.96
16/07/2021,1:33:00 PM,1:33:33 PM,Wagga,NSW,3,185315523,R3 1740m Pace M,185315522,Harness,1740,Pace,25311194,8,Walkamileinmyshoes,LOSER,18.5,LOSER,,267.68,25,9.6,16,13.85,419.88,420,30,420,72.52,13.48,,4,3.25,4,3.42,525.39,15,16,1.03,0.96
16/07/2021,1:33:00 PM,1:33:33 PM,Wagga,NSW,3,185315523,R3 1740m Pace M,185315522,Harness,1740,Pace,5573885,9,River Of Ice,WINNER,28.48,WINNER,,134.63,48,19,32,32.25,210.24,46,1.04,1.05,4.56,819.48,,6.2,6,6,6.09,25,34,44,1.03,0.96
16/07/2021,1:33:00 PM,1:33:33 PM,Wagga,NSW,3,185315523,R3 1740m Pace M,185315522,Harness,1740,Pace,17430129,10,My Mate Bazza,LOSER,6.43,LOSER,,756.77,6.4,4.1,6.4,5.3,718.38,290,2.08,29,7.36,222.21,,2.06,1.8,1.94,1.97,287,5.2,5.7,1.03,0.96
16/07/2021,2:12:00 PM,2:12:33 PM,Wagga,NSW,4,185315525,R4 1740m Pace M,185315524,Harness,1740,Pace,40186657,1,Napoli Nights,LOSER,12.5,LOSER,,665.28,25,12.5,12.5,14.15,620.06,780,12.5,720,40.84,87.33,,3.45,2.3,2.3,2.52,478.31,13,14,1.04,0.99
16/07/2021,2:12:00 PM,2:12:33 PM,Wagga,NSW,4,185315525,R4 1740m Pace M,185315524,Harness,1740,Pace,37798516,2,Andreamer,LOSER,19.42,LOSER,,652.72,34,10,21,19.65,297.38,900,30,790,171.22,29.18,,4.8,2.7,4.5,3.81,20.46,22,26,1.04,0.99
16/07/2021,2:12:00 PM,2:12:33 PM,Wagga,NSW,4,185315525,R4 1740m Pace M,185315524,Harness,1740,Pace,36036841,3,I Am Speed,WINNER,1.79,WINNER,,4877.8,2.32,1.67,1.86,1.97,12189.17,2.02,1.01,1.01,1.32,5718.18,,1.34,1.18,1.25,1.29,334.13,1.92,1.99,1.04,0.99
16/07/2021,2:12:00 PM,2:12:33 PM,Wagga,NSW,4,185315525,R4 1740m Pace M,185315524,Harness,1740,Pace,7426621,4,Fly Like An Angel,LOSER,130,LOSER,,78.18,160,65,150,104.68,48.23,720,23,710,54.34,70.22,,23,10.5,23,10.66,5.06,120,150,1.04,0.99
16/07/2021,2:12:00 PM,2:12:33 PM,Wagga,NSW,4,185315525,R4 1740m Pace M,185315524,Harness,1740,Pace,9982648,5,Imperious,LOSER,32.48,LOSER,,337.97,70,32,34,39.42,128.42,720,30,720,53.64,53.01,,5.7,5.1,5.1,5.43,12.36,32,36,1.04,0.99
16/07/2021,2:12:00 PM,2:12:33 PM,Wagga,NSW,4,185315525,R4 1740m Pace M,185315524,Harness,1740,Pace,39446928,6,Glenfield Grey,LOSER,30.57,LOSER,,232.08,48,22,28,28.94,214.97,720,21,720,41.18,44.08,,7,7,7,7,5.26,25,27,1.04,0.99
16/07/2021,2:12:00 PM,2:12:33 PM,Wagga,NSW,4,185315525,R4 1740m Pace M,185315524,Harness,1740,Pace,24056109,7,Nifty Rocket Man,LOSER,20,WINNER,,555.98,21,11,21,16.21,473.04,720,7.6,490,28.02,70.07,,3.75,3.2,3.75,3.29,5.97,19,20,1.04,0.99
16/07/2021,2:12:00 PM,2:12:33 PM,Wagga,NSW,4,185315525,R4 1740m Pace M,185315524,Harness,1740,Pace,40186658,8,Charlotte Caslick,LOSER,179.4,LOSER,,62.95,240,60,240,165.68,82.53,720,75,700,206.05,21.85,,50,15,50,15.82,10.02,200,230,1.04,0.99
16/07/2021,2:12:00 PM,2:12:33 PM,Wagga,NSW,4,185315525,R4 1740m Pace M,185315524,Harness,1740,Pace,40186659,9,Grinforawin,LOSER,28.51,WINNER,,423.58,75,29,36,41.41,129.02,720,12.5,710,44.26,62.83,,6,5.9,6,5.95,10,32,34,1.04,0.99
16/07/2021,2:12:00 PM,2:12:33 PM,Wagga,NSW,4,185315525,R4 1740m Pace M,185315524,Harness,1740,Pace,28866599,10,Forged In Fire,LOSER,5.55,LOSER,,1131.62,6.6,3.8,5.2,4.39,2779.16,720,4.7,680,10.64,175.36,,1.92,1.59,1.63,1.74,479.34,4.4,4.6,1.04,0.99
16/07/2021,2:47:00 PM,2:47:44 PM,Wagga,NSW,5,185315527,R5 1740m Pace M,185315526,Harness,1740,Pace,22834454,1,Light Up Billy,LOSER,11.06,WINNER,,894.96,12,9,12,10.61,641.17,350,1.85,140,6.65,711.94,,3.15,2.34,3.15,2.46,400.22,11,11.5,1.04,0.96
16/07/2021,2:47:00 PM,2:47:44 PM,Wagga,NSW,5,185315527,R5 1740m Pace M,185315526,Harness,1740,Pace,11192333,2,Nifty Jolt,LOSER,5.53,LOSER,,829.33,7,5,5.2,5.32,1449.44,720,4,720,6.58,318.56,,2.46,2.02,2.08,2.41,372.93,5.1,5.4,1.04,0.96
16/07/2021,2:47:00 PM,2:47:44 PM,Wagga,NSW,5,185315527,R5 1740m Pace M,185315526,Harness,1740,Pace,12953380,3,Mister Rebel,LOSER,4.46,LOSER,,1099.03,5.3,2.66,4.5,4.51,4475.52,720,2,490,4,1155.79,,2.04,1.57,2,1.97,93.32,4.3,4.4,1.04,0.96
16/07/2021,2:47:00 PM,2:47:44 PM,Wagga,NSW,5,185315527,R5 1740m Pace M,185315526,Harness,1740,Pace,12586053,4,Family Tree,LOSER,22.23,LOSER,,490.82,26,17,20,22.2,470.78,720,16.5,720,61.36,20.5,,4.4,4.2,4.2,4.31,45.3,21,23,1.04,0.96
16/07/2021,2:47:00 PM,2:47:44 PM,Wagga,NSW,5,185315527,R5 1740m Pace M,185315526,Harness,1740,Pace,6989244,5,Conrod Kenze,LOSER,180,LOSER,,53.23,230,60,230,127.6,34.24,720,46,720,171.91,18.29,,,,,,,130,190,1.04,0.96
16/07/2021,2:47:00 PM,2:47:44 PM,Wagga,NSW,5,185315527,R5 1740m Pace M,185315526,Harness,1740,Pace,30106286,6,Impertinent Writer,LOSER,8.21,LOSER,,698.74,8.4,5.9,8.2,7.44,596.59,720,6.8,490,32.6,23.4,,2.94,2.46,2.46,2.48,8.34,7.2,7.8,1.04,0.96
16/07/2021,2:47:00 PM,2:47:44 PM,Wagga,NSW,5,185315527,R5 1740m Pace M,185315526,Harness,1740,Pace,19500653,7,Eastbro Tex,LOSER,35.21,LOSER,,286.54,60,27,30,37.21,253.16,720,23,300,53.62,31.24,,12.5,5.6,6.8,6.32,96.32,48,50,1.04,0.96
16/07/2021,2:47:00 PM,2:47:44 PM,Wagga,NSW,5,185315527,R5 1740m Pace M,185315526,Harness,1740,Pace,16721744,8,Mastablasta,LOSER,58.48,WINNER,,118.77,65,30,50,41.79,203.94,920,50,920,121.81,17.3,,8,5.3,6.8,6.41,76.45,48,55,1.04,0.96
16/07/2021,2:47:00 PM,2:47:44 PM,Wagga,NSW,5,185315527,R5 1740m Pace M,185315526,Harness,1740,Pace,10809356,9,Dawn Ofa New Brew,LOSER,4.9,LOSER,,948.29,11.5,4.3,4.7,5.17,3255.66,720,4.2,140,10.83,200.48,,2.2,1.79,1.9,1.9,74.44,4.8,5.4,1.04,0.96
16/07/2021,2:47:00 PM,2:47:44 PM,Wagga,NSW,5,185315527,R5 1740m Pace M,185315526,Harness,1740,Pace,7854883,10,Smokin Tally,WINNER,12.3,WINNER,,622.07,20,10.5,14,12.77,662.13,22,1.01,1.01,2.03,1787.25,,3.4,2.92,3.4,3.23,14.36,14,15.5,1.04,0.96
16/07/2021,3:22:00 PM,3:22:44 PM,Wagga,NSW,6,185315529,R6 1740m Pace M,185315528,Harness,1740,Pace,2979834,1,Sinister,LOSER,1.53,LOSER,,3405.49,2,1.34,1.36,1.39,19483.58,720,1.24,90,1.72,2367.59,,1.17,1.09,1.14,1.13,1001.65,1.37,1.4,1.04,0.99
16/07/2021,3:22:00 PM,3:22:44 PM,Wagga,NSW,6,185315529,R6 1740m Pace M,185315528,Harness,1740,Pace,12576406,2,Our Sams Home,LOSER,33.14,LOSER,,143.55,38,27,34,31.5,197.89,710,7.8,710,19.17,51.61,,3.65,3,3.65,3.42,101.86,28,32,1.04,0.99
16/07/2021,3:22:00 PM,3:22:44 PM,Wagga,NSW,6,185315529,R6 1740m Pace M,185315528,Harness,1740,Pace,7012229,3,Flaneur,LOSER,26.74,WINNER,,230.97,36,20,29,28.84,137.37,720,21,720,45.21,39.2,,3.7,3.25,3.25,3.27,124.88,27,30,1.04,0.99
16/07/2021,3:22:00 PM,3:22:44 PM,Wagga,NSW,6,185315529,R6 1740m Pace M,185315528,Harness,1740,Pace,24056134,4,Heza Conman,LOSER,136.78,LOSER,,84.85,210,85,95,106.21,56.02,710,25,710,97.54,24.35,,7,7,7,7,0.29,100,140,1.04,0.99
16/07/2021,3:22:00 PM,3:22:44 PM,Wagga,NSW,6,185315529,R6 1740m Pace M,185315528,Harness,1740,Pace,38686751,5,Shark Dancer,LOSER,16.88,LOSER,,126.97,32,11.5,13.5,19.51,269.06,140,8,120,38.23,19.89,,4.7,2.42,2.42,3.03,0.98,18,20,1.04,0.99
16/07/2021,3:22:00 PM,3:22:44 PM,Wagga,NSW,6,185315529,R6 1740m Pace M,185315528,Harness,1740,Pace,23390626,6,Reibey Beach,LOSER,65,WINNER,,71.8,100,60,70,69.64,69.11,720,50,720,93.15,12.07,,5.2,5.2,5.2,5.2,0.29,60,70,1.04,0.99
16/07/2021,3:22:00 PM,3:22:44 PM,Wagga,NSW,6,185315529,R6 1740m Pace M,185315528,Harness,1740,Pace,37623173,7,Rockin In Chelsea,LOSER,120,LOSER,,68.63,160,55,160,90.71,50.18,720,55,720,210.22,5.43,,12.5,7.2,7.4,7.36,5.04,100,140,1.04,0.99
16/07/2021,3:22:00 PM,3:22:44 PM,Wagga,NSW,6,185315529,R6 1740m Pace M,185315528,Harness,1740,Pace,6845946,8,Crime Time,LOSER,122.33,LOSER,,166.49,100,21,75,64.34,106.96,720,50,720,132.52,33.49,,12,4,5.2,4.64,116.36,65,75,1.04,0.99
16/07/2021,3:22:00 PM,3:22:44 PM,Wagga,NSW,6,185315529,R6 1740m Pace M,185315528,Harness,1740,Pace,28286362,9,Most Certain Micky,LOSER,442.01,LOSER,,41.23,350,110,220,215.47,31.11,1000,100,1000,451.89,11.35,,12.5,12,12.5,12.47,15,210,320,1.04,0.99
16/07/2021,3:22:00 PM,3:22:44 PM,Wagga,NSW,6,185315529,R6 1740m Pace M,185315528,Harness,1740,Pace,39978394,10,Bently Bullet,WINNER,9.6,WINNER,,497.1,10.5,5.6,10.5,8.69,772.42,24,1.01,1.02,1.88,1399.44,,1.85,1.69,1.75,1.75,333.94,8.2,8.4,1.04,0.99
16/07/2021,4:03:00 PM,4:04:05 PM,Wagga,NSW,7,185315531,R7 1740m Pace M,185315530,Harness,1740,Pace,40186660,1,Bettorz Beach,LOSER,20,WINNER,,114.81,24,9.6,24,14.97,332.54,140,1.54,140,6.9,361.32,,4.4,2.6,3.15,2.86,969.85,16,18,1.04,0.99
16/07/2021,4:03:00 PM,4:04:05 PM,Wagga,NSW,7,185315531,R7 1740m Pace M,185315530,Harness,1740,Pace,681235,2,Cassius,LOSER,62.99,LOSER,,71.12,90,15.5,70,51.3,77.46,720,5.2,640,69.52,32.47,,5.2,4.8,4.9,5.04,43.51,50,55,1.04,0.99
16/07/2021,4:03:00 PM,4:04:05 PM,Wagga,NSW,7,185315531,R7 1740m Pace M,185315530,Harness,1740,Pace,23718506,3,Jimmyjoe,LOSER,2.76,LOSER,,2041.51,3.5,2.34,2.78,3.09,6294.46,990,2.76,720,13.64,742.82,,1.51,1.41,1.51,1.48,78.45,3.2,3.25,1.04,0.99
16/07/2021,4:03:00 PM,4:04:05 PM,Wagga,NSW,7,185315531,R7 1740m Pace M,185315530,Harness,1740,Pace,21444426,4,Illtellyounothing,LOSER,20,LOSER,,193.95,22,8.4,19.5,16.09,165.11,720,10,270,33.27,22.84,,4.6,3.25,3.3,4.38,24.38,17.5,19,1.04,0.99
16/07/2021,4:03:00 PM,4:04:05 PM,Wagga,NSW,7,185315531,R7 1740m Pace M,185315530,Harness,1740,Pace,26422124,5,Sarah Anne,LOSER,5.06,WINNER,,510.27,7.4,4.1,4.7,4.88,1703.02,720,2.38,490,4.76,460.35,,1.98,1.7,1.7,1.75,9.54,4.5,4.7,1.04,0.99
16/07/2021,4:03:00 PM,4:04:05 PM,Wagga,NSW,7,185315531,R7 1740m Pace M,185315530,Harness,1740,Pace,26422125,6,Shoobees Charm,LOSER,100,LOSER,,60.54,170,44,170,69.1,66.9,930,26,930,123.56,3.5,,7.4,7,7,7.34,53.87,60,70,1.04,0.99
16/07/2021,4:03:00 PM,4:04:05 PM,Wagga,NSW,7,185315531,R7 1740m Pace M,185315530,Harness,1740,Pace,28013804,7,Cloudlet,WINNER,3.25,WINNER,,1226.78,4.9,3,3.25,3.45,3469.29,3.9,1.01,1.01,1.89,3666.42,,1.67,1.39,1.39,1.39,6.02,3.2,3.3,1.04,0.99
16/07/2021,4:03:00 PM,4:04:05 PM,Wagga,NSW,7,185315531,R7 1740m Pace M,185315530,Harness,1740,Pace,21925712,8,Hanover Sunshine,LOSER,340,LOSER,,22.62,420,210,390,264.92,56.57,720,120,720,423.92,1.28,,,,,,,280,330,1.04,0.99
16/07/2021,4:03:00 PM,4:04:05 PM,Wagga,NSW,7,185315531,R7 1740m Pace M,185315530,Harness,1740,Pace,24339284,9,Shadow Sign,LOSER,111.4,LOSER,,32.22,190,44,180,101.99,45.67,930,13.5,930,53.08,31.35,,8.2,8,8,8.06,20,100,110,1.04,0.99
16/07/2021,4:03:00 PM,4:04:05 PM,Wagga,NSW,7,185315531,R7 1740m Pace M,185315530,Harness,1740,Pace,20948250,10,Penny Writer,LOSER,75.9,LOSER,,73.71,130,50,110,76.86,40.61,930,38,930,151.77,2.86,,,,,,,55,80,1.04,0.99
16/07/2021,4:42:00 PM,4:42:38 PM,Wagga,NSW,8,185315533,R8 1740m Pace M,185315532,Harness,1740,Pace,24796689,1,Major Monty,LOSER,99.7,LOSER,,106.73,330,110,280,195.72,82.99,720,65,710,119.65,29.96,,23,11.5,12,13.36,92.22,210,260,1.03,0.99
16/07/2021,4:42:00 PM,4:42:38 PM,Wagga,NSW,8,185315533,R8 1740m Pace M,185315532,Harness,1740,Pace,8421341,2,Streamliner,LOSER,55,LOSER,,224.66,110,18,55,50.97,286.31,950,42,720,128.39,12.3,,6,4.1,4.5,4.56,259.04,50,55,1.03,0.99
16/07/2021,4:42:00 PM,4:42:38 PM,Wagga,NSW,8,185315533,R8 1740m Pace M,185315532,Harness,1740,Pace,12451871,3,God Sake,LOSER,40.88,LOSER,,315.14,50,28,34,33.87,377.31,740,27,36,51.14,50.26,,4.6,4.1,4.1,4.32,257.16,30,34,1.03,0.99
16/07/2021,4:42:00 PM,4:42:38 PM,Wagga,NSW,8,185315533,R8 1740m Pace M,185315532,Harness,1740,Pace,39161001,4,My Ultimate Andy,WINNER,1.85,WINNER,,2858.58,2.5,1.88,1.91,2.05,11852.43,1.94,1.01,1.01,1.33,5870.37,,1.3,1.16,1.25,1.22,1283.3,1.92,1.96,1.03,0.99
16/07/2021,4:42:00 PM,4:42:38 PM,Wagga,NSW,8,185315533,R8 1740m Pace M,185315532,Harness,1740,Pace,40186661,5,Bosch,LOSER,3.58,WINNER,,1415.35,3.6,2.38,3.45,3.11,5866.93,220,2.6,220,5.93,528.15,,1.4,1.2,1.34,1.36,728.57,3.4,3.55,1.03,0.99
16/07/2021,4:42:00 PM,4:42:38 PM,Wagga,NSW,8,185315533,R8 1740m Pace M,185315532,Harness,1740,Pace,19858528,6,Major Huss,LOSER,113.82,LOSER,,124.94,230,50,140,114.59,140.34,720,55,720,110.46,31.29,,9,5.6,8.8,7.59,40,110,120,1.03,0.99
16/07/2021,4:42:00 PM,4:42:38 PM,Wagga,NSW,8,185315533,R8 1740m Pace M,185315532,Harness,1740,Pace,28392375,7,Just Ralph,LOSER,11,WINNER,,598.46,15,8.8,10.5,10.51,2506.77,780,6.6,780,22.31,97.85,,2.28,2.06,2.1,2.23,201.61,9.2,9.6,1.03,0.99
16/07/2021,4:42:00 PM,4:42:38 PM,Wagga,NSW,8,185315533,R8 1740m Pace M,185315532,Harness,1740,Pace,22290790,8,Better Than Grange,LOSER,110,LOSER,,118.48,180,16,180,123.74,104.95,960,40,960,109.27,26.86,,38,6.6,17,15.91,17.02,120,140,1.03,0.99
16/07/2021,4:42:00 PM,4:42:38 PM,Wagga,NSW,8,185315533,R8 1740m Pace M,185315532,Harness,1740,Pace,22213133,9,Rise Above This,LOSER,54.26,LOSER,,206.27,80,40,50,50,218.93,770,22,770,78.85,27.53,,4.5,4,4.1,4.35,222.06,44,50,1.03,0.99
16/07/2021,4:42:00 PM,4:42:38 PM,Wagga,NSW,8,185315533,R8 1740m Pace M,185315532,Harness,1740,Pace,40186662,11,The Clock Winder,LOSER,111.44,LOSER,,125.88,250,90,150,133.99,95.22,720,110,720,192.99,4.77,,6.4,6.2,6.4,6.32,5,140,160,1.03,0.99
16/07/2021,5:20:00 PM,5:21:45 PM,Wagga,NSW,9,185315535,R9 1740m Pace M,185315534,Harness,1740,Pace,10981943,1,Cocofollownoone,LOSER,45.43,LOSER,,208.85,95,42,42,61.31,164.37,720,50,720,139.25,6.2,,4.8,3.5,3.85,3.95,1036.83,65,70,1.03,0.99
16/07/2021,5:20:00 PM,5:21:45 PM,Wagga,NSW,9,185315535,R9 1740m Pace M,185315534,Harness,1740,Pace,38868590,3,The Mountain,WINNER,1.22,WINNER,,4702.44,2.14,1.18,1.22,1.27,25932.15,1.38,1.01,1.01,1.09,6076.28,,1.14,1.06,1.08,1.08,2647.81,1.23,1.25,1.03,0.99
16/07/2021,5:20:00 PM,5:21:45 PM,Wagga,NSW,9,185315535,R9 1740m Pace M,185315534,Harness,1740,Pace,40186663,4,A Perfect Dance,LOSER,23.76,WINNER,,394.71,25,12,24,17.37,345.55,720,10,490,37.3,27.87,,2.72,2.14,2.24,2.21,518.51,16.5,19,1.03,0.99
16/07/2021,5:20:00 PM,5:21:45 PM,Wagga,NSW,9,185315535,R9 1740m Pace M,185315534,Harness,1740,Pace,22733737,5,Isntthatright,LOSER,57.14,WINNER,,122.52,90,32,50,58.45,59.91,720,90,720,158.46,3.86,,4.9,4.6,4.9,4.62,88.18,55,60,1.03,0.99
16/07/2021,5:20:00 PM,5:21:45 PM,Wagga,NSW,9,185315535,R9 1740m Pace M,185315534,Harness,1740,Pace,36700017,6,Heza Blaster,LOSER,21.52,LOSER,,282.08,30,9.8,20,19.2,220.76,720,19,690,60.23,22.53,,2.96,2.06,2.96,2.2,1103.81,16.5,18,1.03,0.99
16/07/2021,5:20:00 PM,5:21:45 PM,Wagga,NSW,9,185315535,R9 1740m Pace M,185315534,Harness,1740,Pace,7155465,7,Norms Courage,LOSER,60,LOSER,,149.11,80,25,60,63.83,77.12,720,100,720,243.86,2.47,,5,3.95,4.9,4.79,183.89,60,80,1.03,0.99
16/07/2021,5:20:00 PM,5:21:45 PM,Wagga,NSW,9,185315535,R9 1740m Pace M,185315534,Harness,1740,Pace,12283427,8,Turbo Bromac,LOSER,150,LOSER,,65.01,250,55,55,155.71,63.95,930,200,930,447.08,2,,17,11,17,13.91,10.01,190,210,1.03,0.99
16/07/2021,5:20:00 PM,5:21:45 PM,Wagga,NSW,9,185315535,R9 1740m Pace M,185315534,Harness,1740,Pace,15424563,9,Dust To Diamonds,LOSER,48.65,LOSER,,164.07,55,13,48,44.61,156.57,720,36,720,57.63,15.52,,4.1,2.5,3,3.25,952.98,50,55,1.03,0.99
16/07/2021,5:20:00 PM,5:21:45 PM,Wagga,NSW,9,185315535,R9 1740m Pace M,185315534,Harness,1740,Pace,27777700,10,Tygerphinn,LOSER,55.89,LOSER,,179.17,90,24,55,57.02,138.25,720,23,570,58.38,33.78,,6,4.4,4.4,4.72,75.73,60,70,1.03,0.99
16/07/2021,5:54:00 PM,5:54:42 PM,Wagga,NSW,10,185315537,R10 1740m Pace M,185315536,Harness,1740,Pace,23390617,2,Metal Rock,LOSER,5.76,WINNER,,938.96,6.4,2.82,5.3,4.93,1992.48,710,3.95,710,6.71,216.74,,2.22,1.65,1.79,1.73,73.56,5.2,5.6,1.05,0.99
16/07/2021,5:54:00 PM,5:54:42 PM,Wagga,NSW,10,185315537,R10 1740m Pace M,185315536,Harness,1740,Pace,28101798,3,Harry Ovens,WINNER,4.38,WINNER,,729.46,4.4,2.28,4.1,3.62,4466.48,4.9,1.01,1.01,1.66,3049.57,,1.85,1.42,1.57,1.47,476.68,3.75,3.95,1.05,0.99
16/07/2021,5:54:00 PM,5:54:42 PM,Wagga,NSW,10,185315537,R10 1740m Pace M,185315536,Harness,1740,Pace,19258642,5,Roll Out,LOSER,300,LOSER,,22.66,550,110,300,246.6,102.79,720,300,700,326.31,12.96,,19.5,19.5,19.5,19.5,5,210,270,1.05,0.99
16/07/2021,5:54:00 PM,5:54:42 PM,Wagga,NSW,10,185315537,R10 1740m Pace M,185315536,Harness,1740,Pace,33950726,6,Rhianna Reigns,LOSER,14.77,LOSER,,534.73,29,13,15.5,14.62,284.43,770,6.2,770,19.61,134.91,,3.4,2.78,3.15,3.2,414.82,13,15,1.05,0.99
16/07/2021,5:54:00 PM,5:54:42 PM,Wagga,NSW,10,185315537,R10 1740m Pace M,185315536,Harness,1740,Pace,24153761,7,So Much Bettor,LOSER,8.97,LOSER,,573.01,20,8.6,9.8,10.22,1218.72,720,5.5,720,15.75,85.4,,2.18,2.12,2.18,2.16,31.57,9.2,9.6,1.05,0.99
16/07/2021,5:54:00 PM,5:54:42 PM,Wagga,NSW,10,185315537,R10 1740m Pace M,185315536,Harness,1740,Pace,21861669,8,Rocky Creed,LOSER,2.92,WINNER,,1494.04,8.4,2.7,3.05,3.04,4362.62,110,2.82,85,3.5,839.68,,1.55,1.35,1.35,1.38,355.2,3,3.1,1.05,0.99
16/07/2021,5:54:00 PM,5:54:42 PM,Wagga,NSW,10,185315537,R10 1740m Pace M,185315536,Harness,1740,Pace,40186664,9,Dashofluck,LOSER,150,LOSER,,51.43,260,75,150,140.8,86.47,820,70,700,472.76,2.12,,14.5,10.5,11.5,13.22,32.48,190,260,1.05,0.99
16/07/2021,5:54:00 PM,5:54:42 PM,Wagga,NSW,10,185315537,R10 1740m Pace M,185315536,Harness,1740,Pace,20075813,10,Im Feeling Firey,LOSER,20,LOSER,,195.58,19.5,9.8,19,14.85,522.4,720,3.15,410,13,215.59,,3.85,2.66,2.84,2.73,316.34,16,17.5,1.05,0.99
16/07/2021,8:04:00 PM,8:02:17 PM,Wagin,WA,1,185316688,R1 2180m Pace M,185316689,Harness,2180,Pace,36036910,1,Sweet Suzi,LOSER,35.09,LOSER,4.14,,27,20,25,21.58,53.33,,,,,,,,,,,,29,42,1.08,0.83
16/07/2021,8:04:00 PM,8:02:17 PM,Wagin,WA,1,185316688,R1 2180m Pace M,185316689,Harness,2180,Pace,8823222,2,Vergara,LOSER,15.23,LOSER,2.91,,27,13,18.5,16.95,50.38,,,,,,,,,,,,17.5,34,1.08,0.83
16/07/2021,8:04:00 PM,8:02:17 PM,Wagin,WA,1,185316688,R1 2180m Pace M,185316689,Harness,2180,Pace,39810901,3,Navajo Trailblazer,LOSER,23.97,LOSER,4.14,,40,24,29,30.79,34.96,,,,,,,,,,,,26,30,1.08,0.83
16/07/2021,8:04:00 PM,8:02:17 PM,Wagin,WA,1,185316688,R1 2180m Pace M,185316689,Harness,2180,Pace,40186690,4,Our Glowing Star,LOSER,3.24,LOSER,1.93,,4.4,4.1,4.4,4.32,20.76,,,,,,,,,,,,4.2,5.6,1.08,0.83
16/07/2021,8:04:00 PM,8:02:17 PM,Wagin,WA,1,185316688,R1 2180m Pace M,185316689,Harness,2180,Pace,38407235,5,Fleur Du Maquis,LOSER,18.87,WINNER,3.75,,17,15.5,17,16.51,1.87,,,,,,,,,,,,16.5,27,1.08,0.83
16/07/2021,8:04:00 PM,8:02:17 PM,Wagin,WA,1,185316688,R1 2180m Pace M,185316689,Harness,2180,Pace,35727173,6,Petrafied,LOSER,25.88,WINNER,3.77,,40,22,22,26.73,62.78,,,,,,,,,,,,22,23,1.08,0.83
16/07/2021,8:04:00 PM,8:02:17 PM,Wagin,WA,1,185316688,R1 2180m Pace M,185316689,Harness,2180,Pace,8865604,7,Humdinger,WINNER,2.69,WINNER,1.75,,2.16,2.16,2.16,2.16,18.6,,,,,,,,,,,,2,2.38,1.08,0.83
16/07/2021,8:04:00 PM,8:02:17 PM,Wagin,WA,1,185316688,R1 2180m Pace M,185316689,Harness,2180,Pace,36255325,8,Classnsmart,LOSER,12.33,LOSER,2.3,5,13,10.5,11,11.58,7.85,,,,,,,,,,,,11,16,1.08,0.83
16/07/2021,8:04:00 PM,8:02:17 PM,Wagin,WA,1,185316688,R1 2180m Pace M,185316689,Harness,2180,Pace,38553676,10,Lil Delight,LOSER,86.67,LOSER,8.43,,75,70,75,71.97,0.45,,,,,,,,,,,,100,210,1.08,0.83
16/07/2021,8:34:00 PM,8:34:49 PM,Wagin,WA,2,185316690,R2 2180m Pace M,185316691,Harness,2180,Pace,38533570,1,Layla Bells,LOSER,103.94,LOSER,15,48.07,110,70,95,90.01,15.78,720,110,720,311.52,2.3,110.44,9.2,9.2,9.2,9.2,2.52,95,110,1.03,0.97
16/07/2021,8:34:00 PM,8:34:49 PM,Wagin,WA,2,185316690,R2 2180m Pace M,185316691,Harness,2180,Pace,27627309,2,Whitney Whitby,LOSER,180,LOSER,15.5,17.8,170,100,130,119.95,16.38,780,170,780,449.92,1.79,85.86,,,,,,120,170,1.03,0.97
16/07/2021,8:34:00 PM,8:34:49 PM,Wagin,WA,2,185316690,R2 2180m Pace M,185316691,Harness,2180,Pace,38761693,3,Batavia Jane,LOSER,10.43,WINNER,3.01,261.07,11.5,7.6,10,9.2,725.56,720,2.42,720,7.88,226.3,519.05,3.3,3.3,3.3,3.3,0.04,10.5,11.5,1.03,0.97
16/07/2021,8:34:00 PM,8:34:49 PM,Wagin,WA,2,185316690,R2 2180m Pace M,185316691,Harness,2180,Pace,28425149,4,I Am Pink,WINNER,5.65,WINNER,1.93,424.13,7.4,4.9,5.6,5.62,1483.9,6,1.01,1.03,1.9,1147.11,849.36,2.58,1.91,2,2.02,29.61,5.7,6,1.03,0.97
16/07/2021,8:34:00 PM,8:34:49 PM,Wagin,WA,2,185316690,R2 2180m Pace M,185316691,Harness,2180,Pace,39820775,5,Told You Twice,LOSER,4.16,WINNER,1.8,1375.17,5.4,2.96,3.85,3.96,2641.38,44,1.07,17.5,3.52,570.5,486.49,1.98,1.58,1.64,1.93,253.08,3.45,3.55,1.03,0.97
16/07/2021,8:34:00 PM,8:34:49 PM,Wagin,WA,2,185316690,R2 2180m Pace M,185316691,Harness,2180,Pace,37290424,6,Just A Saint,LOSER,15,LOSER,3.82,215.63,22,7,14.5,12.71,111.03,720,2.36,720,65.11,183.86,415.96,4.7,4.7,4.7,4.7,0.22,15,16,1.03,0.97
16/07/2021,8:34:00 PM,8:34:49 PM,Wagin,WA,2,185316690,R2 2180m Pace M,185316691,Harness,2180,Pace,22844576,7,Sanford Loretta,LOSER,10.61,LOSER,2.67,357.03,15,8,10,9.3,442.09,720,7.4,490,16.9,99.35,496.91,3.8,2.78,2.78,2.79,38.22,9.4,10,1.03,0.97
16/07/2021,8:34:00 PM,8:34:49 PM,Wagin,WA,2,185316690,R2 2180m Pace M,185316691,Harness,2180,Pace,8567702,8,Second Amendment,LOSER,4.6,LOSER,1.71,727.78,5.9,4.1,4.3,4.5,1328.38,870,3.25,870,7.19,252.34,1096.74,,,,,,4.3,4.5,1.03,0.97
16/07/2021,8:34:00 PM,8:34:49 PM,Wagin,WA,2,185316690,R2 2180m Pace M,185316691,Harness,2180,Pace,39528276,9,Shes A Lucky Evie,LOSER,22.96,LOSER,5.45,126.49,36,16,23,23.41,67.38,720,22,720,78.25,17.25,328.66,,,,,,24,27,1.03,0.97
16/07/2021,9:03:00 PM,9:03:43 PM,Wagin,WA,3,185316692,R3 1776m Pace M,185316693,Harness,1776,Pace,39170129,1,Robo Reactor,LOSER,11.59,LOSER,3.2,336.34,12,5.3,11.5,8.49,189.29,880,4.2,880,52.24,78.03,548.29,,,,,,9,10,1.08,0.97
16/07/2021,9:03:00 PM,9:03:43 PM,Wagin,WA,3,185316692,R3 1776m Pace M,185316693,Harness,1776,Pace,28286721,2,Party Boy Freddy,LOSER,26.57,LOSER,7.95,124.48,32,13.5,30,18.52,68.07,1000,32,710,283.11,25.64,180.22,,,,,,17.5,21,1.08,0.97
16/07/2021,9:03:00 PM,9:03:43 PM,Wagin,WA,3,185316692,R3 1776m Pace M,185316693,Harness,1776,Pace,40186691,3,Straylya,LOSER,6.3,LOSER,2.27,758.63,10.5,4.9,6.4,6.12,1725.34,490,5.3,490,15.86,56.34,862.88,2.12,2.08,2.12,2.11,4.29,5.1,5.5,1.08,0.97
16/07/2021,9:03:00 PM,9:03:43 PM,Wagin,WA,3,185316692,R3 1776m Pace M,185316693,Harness,1776,Pace,6668843,4,Captain Casual,WINNER,10.53,WINNER,3.15,349.27,13,8.4,10,9.75,362.95,32,1.01,1.01,1.66,1577.29,431.33,2.56,2.56,2.56,2.56,10,8.4,8.8,1.08,0.97
16/07/2021,9:03:00 PM,9:03:43 PM,Wagin,WA,3,185316692,R3 1776m Pace M,185316693,Harness,1776,Pace,39967771,5,Bettor Move Along,LOSER,5.74,LOSER,2,868.26,7.6,4.5,5.8,5.34,1451.13,720,4,720,19.87,45.25,604.03,2.3,1.9,1.9,1.9,34.75,4.6,5.3,1.08,0.97
16/07/2021,9:03:00 PM,9:03:43 PM,Wagin,WA,3,185316692,R3 1776m Pace M,185316693,Harness,1776,Pace,589710,6,Royal Order,LOSER,8.68,WINNER,2.77,295.64,10,6.4,8.6,8.47,403.84,140,2,140,3.47,478.64,426.62,2.98,2.98,2.98,2.98,1.26,7.6,8.8,1.08,0.97
16/07/2021,9:03:00 PM,9:03:43 PM,Wagin,WA,3,185316692,R3 1776m Pace M,185316693,Harness,1776,Pace,39989771,7,Silent Reaction,LOSER,19.61,LOSER,4.47,100.87,26,14,19,19.33,278.78,720,19.5,490,57.58,25.69,330.04,4.3,3.45,3.65,3.55,100,24,25,1.08,0.97
16/07/2021,9:03:00 PM,9:03:43 PM,Wagin,WA,3,185316692,R3 1776m Pace M,185316693,Harness,1776,Pace,36620931,8,Mega Mach,LOSER,5.7,WINNER,2.21,608.62,7,4.8,5.5,5.27,1067.97,490,2.16,490,5.12,210.11,760.78,,,,,,5.8,6.4,1.08,0.97
16/07/2021,9:03:00 PM,9:03:43 PM,Wagin,WA,3,185316692,R3 1776m Pace M,185316693,Harness,1776,Pace,38858872,9,Just A Smile,LOSER,60.55,LOSER,29.71,84.52,110,55,80,59.68,96.85,720,100,720,198,2.25,64.2,48,19.5,29,27.76,0.11,50,55,1.08,0.97
16/07/2021,9:03:00 PM,9:03:43 PM,Wagin,WA,3,185316692,R3 1776m Pace M,185316693,Harness,1776,Pace,40186692,10,Thats So Fetch,LOSER,140,LOSER,11.98,23.86,190,75,190,114.5,37.22,720,190,720,511.74,0.93,20.21,15.5,11.5,15.5,14.49,6.11,65,110,1.08,0.97
16/07/2021,9:37:00 PM,9:42:46 PM,Wagin,WA,4,185316694,R4 1776m Pace M,185316695,Harness,1776,Pace,39456241,1,El Jessie,LOSER,6.4,WINNER,1.73,930.26,9.6,4.6,6.4,6.58,3405.8,1000,3.25,1000,14.55,392.9,1003.55,2.2,1.56,1.58,1.75,629.42,6.6,6.8,1.01,0.98
16/07/2021,9:37:00 PM,9:42:46 PM,Wagin,WA,4,185316694,R4 1776m Pace M,185316695,Harness,1776,Pace,39877289,2,Navajo Outawagga,LOSER,46,LOSER,6.47,176.7,55,32,55,43.71,184.27,720,12,570,37.56,25.5,98.82,,,,,,42,44,1.01,0.98
16/07/2021,9:37:00 PM,9:42:46 PM,Wagin,WA,4,185316694,R4 1776m Pace M,185316695,Harness,1776,Pace,40186693,3,No Pips Given,LOSER,72.07,LOSER,12.7,127.72,90,44,85,58.11,156.92,720,25,720,112.49,4.45,42.66,14,14,14,14,3.72,48,55,1.01,0.98
16/07/2021,9:37:00 PM,9:42:46 PM,Wagin,WA,4,185316694,R4 1776m Pace M,185316695,Harness,1776,Pace,31544633,4,Alta Camino,WINNER,2.73,WINNER,1.31,4960.78,3.1,1.96,2.88,2.6,12509.76,5.6,1.01,1.01,2.35,2267.75,1453.34,1.4,1.26,1.33,1.3,348.25,2.6,2.62,1.01,0.98
16/07/2021,9:37:00 PM,9:42:46 PM,Wagin,WA,4,185316694,R4 1776m Pace M,185316695,Harness,1776,Pace,40186694,5,Alfa Prince,LOSER,2.68,WINNER,1.31,3279.87,4.4,2.54,2.56,2.91,7581.25,990,2.66,990,10.54,192.15,665.57,1.51,1.29,1.33,1.33,133.29,3.05,3.15,1.01,0.98
16/07/2021,9:37:00 PM,9:42:46 PM,Wagin,WA,4,185316694,R4 1776m Pace M,185316695,Harness,1776,Pace,24930182,6,Bailey Major,LOSER,300,LOSER,27.08,50.71,400,110,390,208.22,35.86,930,40,720,438.07,1.19,48.05,,,,,,140,320,1.01,0.98
16/07/2021,9:37:00 PM,9:42:46 PM,Wagin,WA,4,185316694,R4 1776m Pace M,185316695,Harness,1776,Pace,26981131,7,Sanford Harry,LOSER,64.67,LOSER,6.65,108.72,140,34,60,63.91,147.61,910,13.5,910,135.63,4.6,60.39,10,5.5,5.5,6.95,95.12,70,90,1.01,0.98
16/07/2021,9:37:00 PM,9:42:46 PM,Wagin,WA,4,185316694,R4 1776m Pace M,185316695,Harness,1776,Pace,9510485,8,Beware Of Darkness,LOSER,308.25,LOSER,48,60.69,430,190,250,271.53,46.1,720,65,720,462.94,5.23,35.73,48,48,48,48,3.55,310,350,1.01,0.98
16/07/2021,9:37:00 PM,9:42:46 PM,Wagin,WA,4,185316694,R4 1776m Pace M,185316695,Harness,1776,Pace,28255520,9,Star In Art,LOSER,18.8,LOSER,3.34,395.74,32,17,22,19.84,635.73,140,2.5,100,7.72,266.53,166.13,5.9,2.82,3.35,3.2,90.13,17.5,18.5,1.01,0.98
16/07/2021,9:37:00 PM,9:42:46 PM,Wagin,WA,4,185316694,R4 1776m Pace M,185316695,Harness,1776,Pace,39890225,10,Fireball Friday,LOSER,42.49,LOSER,6.45,155.86,65,30,46,42.73,141.13,720,30,720,103.01,14.11,151.34,5.5,4.8,5.4,5.2,16.02,42,44,1.01,0.98
16/07/2021,10:07:00 PM,10:08:07 PM,Wagin,WA,5,185316696,R5 2180m Pace M,185316697,Harness,2180,Pace,9110318,1,Just A Legend,LOSER,60,LOSER,14,72.07,60,32,60,40.02,79.59,720,19,230,32.4,60.28,124.52,10,8,8.2,8.78,35.63,40,48,1.1,0.97
16/07/2021,10:07:00 PM,10:08:07 PM,Wagin,WA,5,185316696,R5 2180m Pace M,185316697,Harness,2180,Pace,25011264,2,Allwood Glow,WINNER,5.2,WINNER,1.7,933.44,5.3,3.4,4.9,4.32,2035.28,6,1.01,1.01,1.56,3637.36,1500.98,1.89,1.66,1.77,1.7,192.93,3.65,4.1,1.1,0.97
16/07/2021,10:07:00 PM,10:08:07 PM,Wagin,WA,5,185316696,R5 2180m Pace M,185316697,Harness,2180,Pace,28290632,3,Ollie Oliver,LOSER,7.2,LOSER,2.26,534.76,7.2,4.8,7.2,6.28,824.39,270,6.8,270,14.33,139.35,484.3,2.42,2.12,2.12,2.16,6.39,6.4,7.2,1.1,0.97
16/07/2021,10:07:00 PM,10:08:07 PM,Wagin,WA,5,185316696,R5 2180m Pace M,185316697,Harness,2180,Pace,40186695,4,Cyclone Jim,LOSER,8.08,LOSER,2.38,369.02,9.4,6.2,7.8,7.2,727.01,490,6.8,280,14.54,114.81,625.9,3.05,3.05,3.05,3.05,0.36,6.6,7.6,1.1,0.97
16/07/2021,10:07:00 PM,10:08:07 PM,Wagin,WA,5,185316696,R5 2180m Pace M,185316697,Harness,2180,Pace,27767790,5,Star Of The Class,LOSER,5.14,WINNER,2.04,884.07,7,5.2,5.3,5.62,835.1,870,5,490,12.43,94.87,877.94,2.28,1.88,1.89,1.89,5.03,5.8,6.6,1.1,0.97
16/07/2021,10:07:00 PM,10:08:07 PM,Wagin,WA,5,185316696,R5 2180m Pace M,185316697,Harness,2180,Pace,19006469,6,Impressive Signs,LOSER,55,LOSER,16.52,58,75,40,50,50.07,116.95,940,30,940,152.25,14.03,53.39,16.5,16.5,16.5,16.5,5.51,55,65,1.1,0.97
16/07/2021,10:07:00 PM,10:08:07 PM,Wagin,WA,5,185316696,R5 2180m Pace M,185316697,Harness,2180,Pace,14757326,7,Nuclear Poker,LOSER,41.54,WINNER,6.08,81.15,60,26,36,39.02,73.16,520,7.2,520,61.35,32.49,334.09,6.2,5.9,6.2,6.08,10.73,42,50,1.1,0.97
16/07/2021,10:07:00 PM,10:08:07 PM,Wagin,WA,5,185316696,R5 2180m Pace M,185316697,Harness,2180,Pace,12525431,8,Call Me Ernie,LOSER,505.55,LOSER,95,19.88,320,230,280,256.86,28.45,1000,320,1000,514.07,8.55,28.53,95,95,95,95,0.28,230,320,1.1,0.97
16/07/2021,10:07:00 PM,10:08:07 PM,Wagin,WA,5,185316696,R5 2180m Pace M,185316697,Harness,2180,Pace,6070128,9,Disco Spirit,LOSER,138.62,LOSER,17.5,41.13,150,75,130,99.06,57.4,720,140,720,194.33,3.85,88.92,,,,,,80,130,1.1,0.97
16/07/2021,10:07:00 PM,10:08:07 PM,Wagin,WA,5,185316696,R5 2180m Pace M,185316697,Harness,2180,Pace,8517976,10,Just Barney,LOSER,3.51,LOSER,1.48,1894.42,7.4,3.6,3.65,3.99,5818.87,680,3,680,5.78,378.13,822.36,3.2,1.46,1.61,1.75,519.91,3.8,4.3,1.1,0.97
16/07/2021,10:40:00 PM,10:40:49 PM,Wagin,WA,6,185316698,R6 2180m Pace M,185316699,Harness,2180,Pace,10125269,1,Dontch Remember,LOSER,90,LOSER,10.65,93.77,150,65,150,85.25,39.23,720,150,720,252.05,2.66,139.23,10,7.8,7.8,8.68,20.92,65,100,1.07,0.97
16/07/2021,10:40:00 PM,10:40:49 PM,Wagin,WA,6,185316698,R6 2180m Pace M,185316699,Harness,2180,Pace,36709700,2,Isaidboo,LOSER,77.78,LOSER,12.74,74.87,160,48,160,101.44,44.52,770,55,770,110.93,23.44,169.12,17,11.5,12,15.22,14.99,90,130,1.07,0.97
16/07/2021,10:40:00 PM,10:40:49 PM,Wagin,WA,6,185316698,R6 2180m Pace M,185316699,Harness,2180,Pace,13179460,3,Seven Demerits,LOSER,8.76,LOSER,2.65,569.29,17.5,8.8,8.8,11.35,1101.47,720,8.8,720,21.99,53.07,350.22,3.55,2.38,2.38,2.7,98.11,10,12,1.07,0.97
16/07/2021,10:40:00 PM,10:40:49 PM,Wagin,WA,6,185316698,R6 2180m Pace M,185316699,Harness,2180,Pace,11686573,4,Eyes On The Money,WINNER,6.4,WINNER,1.99,681.07,7.2,5.4,6.2,6.25,1361.26,6.4,1.01,1.01,1.69,2523.3,564.38,2.3,1.94,1.94,1.94,252.11,6.2,6.4,1.07,0.97
16/07/2021,10:40:00 PM,10:40:49 PM,Wagin,WA,6,185316698,R6 2180m Pace M,185316699,Harness,2180,Pace,27078471,5,Fifo,LOSER,70.77,LOSER,10.05,120.59,110,50,90,70.41,71.92,720,70,720,110.15,11.86,154.88,8.2,7.2,7.2,7.67,7.88,50,70,1.07,0.97
16/07/2021,10:40:00 PM,10:40:49 PM,Wagin,WA,6,185316698,R6 2180m Pace M,185316699,Harness,2180,Pace,27355825,6,Riverina Flash,LOSER,2.74,WINNER,1.54,2058.09,5.8,2.8,2.82,3.47,6875.11,720,2.72,710,4.62,606.27,1361.06,1.86,1.39,1.48,1.46,211.81,2.98,3.15,1.07,0.97
16/07/2021,10:40:00 PM,10:40:49 PM,Wagin,WA,6,185316698,R6 2180m Pace M,185316699,Harness,2180,Pace,23314787,7,Stride Like A Star,LOSER,9.39,LOSER,2.62,486.51,10.5,7.8,10,9.47,603.06,720,9.2,710,23.22,55.35,538.73,2.8,2.58,2.58,2.58,13.58,9.2,10.5,1.07,0.97
16/07/2021,10:40:00 PM,10:40:49 PM,Wagin,WA,6,185316698,R6 2180m Pace M,185316699,Harness,2180,Pace,26695778,8,Illawong Mustang,LOSER,4.58,WINNER,1.63,819.37,4.3,2.5,4.3,3.39,3982.05,110,3.25,80,7.05,208.21,574.66,1.48,1.4,1.48,1.41,178.72,3.5,3.85,1.07,0.97
16/07/2021,10:40:00 PM,10:40:49 PM,Wagin,WA,6,185316698,R6 2180m Pace M,185316699,Harness,2180,Pace,27550724,9,Clear Image,LOSER,39.44,LOSER,7.2,257.6,48,23,46,33.25,153.41,720,13.5,110,48.69,25.62,164.32,5.9,4.4,5.8,5.41,31.36,34,40,1.07,0.97
16/07/2021,11:20:00 PM,11:20:37 PM,Wagin,WA,7,185316700,R7 2180m Pace M,185316701,Harness,2180,Pace,30285759,1,Ark Of Rock,LOSER,42.23,LOSER,11.31,80.4,80,34,75,41.51,33.73,1000,10,1000,23.74,77.01,42.5,5.5,4.9,5.4,5.22,146.74,40,50,1.09,0.94
16/07/2021,11:20:00 PM,11:20:37 PM,Wagin,WA,7,185316700,R7 2180m Pace M,185316701,Harness,2180,Pace,25649852,2,Sweetdream Trunkey,LOSER,4.8,LOSER,1.93,718.17,4.9,3.45,4.6,4.11,901.26,110,2.24,100,5.46,152.15,838.7,2.08,1.88,2.08,1.89,48.06,3.8,4.4,1.09,0.94
16/07/2021,11:20:00 PM,11:20:37 PM,Wagin,WA,7,185316700,R7 2180m Pace M,185316701,Harness,2180,Pace,36136203,3,Galactic Lioness,LOSER,6.08,LOSER,2.1,636.15,6,3.8,5.5,4.82,600.57,140,5.5,110,8.87,169.06,513.08,1.93,1.9,1.92,1.92,108.37,5.4,5.8,1.09,0.94
16/07/2021,11:20:00 PM,11:20:37 PM,Wagin,WA,7,185316700,R7 2180m Pace M,185316701,Harness,2180,Pace,38343917,4,Kay Jay Ar,LOSER,49.38,LOSER,21.73,83.89,90,40,85,57.06,27.23,730,48,730,165.3,19.1,78.34,40,7.6,18,8.83,16.25,46,65,1.09,0.94
16/07/2021,11:20:00 PM,11:20:37 PM,Wagin,WA,7,185316700,R7 2180m Pace M,185316701,Harness,2180,Pace,22745236,5,Yanaha Navajo,LOSER,45.1,LOSER,25.3,72.06,90,46,80,56.54,26.05,300,40,300,70.04,12.75,74.1,46,7.8,19,8.83,26.49,50,75,1.09,0.94
16/07/2021,11:20:00 PM,11:20:37 PM,Wagin,WA,7,185316700,R7 2180m Pace M,185316701,Harness,2180,Pace,39679019,6,Cluster Star,LOSER,3.71,WINNER,1.74,1319.44,7.2,3.95,4,4.64,2019.13,5.4,1.09,1.09,2.81,873.37,1908.5,2.4,1.74,2.1,1.87,897.48,4.4,5.2,1.09,0.94
16/07/2021,11:20:00 PM,11:20:37 PM,Wagin,WA,7,185316700,R7 2180m Pace M,185316701,Harness,2180,Pace,3316224,7,Miss Pocket Rocket,WINNER,12.48,WINNER,3.54,364.84,22,11,14,12.96,194.51,100,2,2.1,8.36,204.07,330.99,3.35,2.82,3.35,3.16,75.56,12.5,13,1.09,0.94
16/07/2021,11:20:00 PM,11:20:37 PM,Wagin,WA,7,185316700,R7 2180m Pace M,185316701,Harness,2180,Pace,38484032,8,Jukebox Girl,LOSER,7.83,LOSER,2.54,487.18,8,5.9,8,7.18,408.14,140,4.3,110,13.09,61.45,746.56,2.72,2.72,2.72,2.72,0.45,6.8,7.8,1.09,0.94
16/07/2021,11:20:00 PM,11:20:37 PM,Wagin,WA,7,185316700,R7 2180m Pace M,185316701,Harness,2180,Pace,8097955,9,Courage To Dance,LOSER,26.97,LOSER,13.95,120.35,40,22,30,24.88,228.15,110,9,44,17.4,47.19,106.54,4.7,3.95,4.7,4.32,6.83,26,42,1.09,0.94
16/07/2021,11:20:00 PM,11:20:37 PM,Wagin,WA,7,185316700,R7 2180m Pace M,185316701,Harness,2180,Pace,35620787,10,Flash Mob,LOSER,12.87,WINNER,3.48,284.09,16,11.5,13.5,12.57,143.14,190,12,190,17.54,68.4,553.66,4.4,3.15,3.2,3.28,21.21,12.5,13.5,1.09,0.94
16/07/2021,11:45:00 PM,11:45:45 PM,Wagin,WA,8,185316702,R8 2540m Pace S,185316703,Harness,2540,Pace,13191908,1,Cordoring Road,LOSER,5.29,LOSER,2.7,1048.64,12,5.4,5.4,6.49,643.99,720,3.55,140,7.74,150.48,657.12,3.6,2.64,2.66,2.73,87.2,5.4,5.9,1.08,0.98
16/07/2021,11:45:00 PM,11:45:45 PM,Wagin,WA,8,185316702,R8 2540m Pace S,185316703,Harness,2540,Pace,18543834,2,How Gouda She,LOSER,15.26,LOSER,5.1,206.05,14.5,6,14.5,9.58,313.77,720,10.5,720,23.85,43.66,252.83,4.8,4.4,4.5,4.59,73,12,12.5,1.08,0.98
16/07/2021,11:45:00 PM,11:45:45 PM,Wagin,WA,8,185316702,R8 2540m Pace S,185316703,Harness,2540,Pace,23494609,3,Celebrity Chef,LOSER,3.32,WINNER,1.79,1540.47,3.3,2.54,2.84,2.73,3833.96,10,1.03,7,2.22,1435.58,1179.29,1.85,1.69,1.79,1.74,167.47,2.72,2.88,1.08,0.98
16/07/2021,11:45:00 PM,11:45:45 PM,Wagin,WA,8,185316702,R8 2540m Pace S,185316703,Harness,2540,Pace,21753816,4,Miracle Max,LOSER,12.9,LOSER,5.82,331.41,23,9,12.5,12.82,219.74,720,9,720,69.39,32.35,303.11,,,,,,12.5,15,1.08,0.98
16/07/2021,11:45:00 PM,11:45:45 PM,Wagin,WA,8,185316702,R8 2540m Pace S,185316703,Harness,2540,Pace,25250244,5,Ocean Beach,LOSER,5.96,LOSER,3.24,688.72,8.4,5.4,5.8,5.84,849.89,720,4.3,720,11.06,97.28,611.52,,,,,,5.7,6.2,1.08,0.98
16/07/2021,11:45:00 PM,11:45:45 PM,Wagin,WA,8,185316702,R8 2540m Pace S,185316703,Harness,2540,Pace,6149674,6,Changingoftheguard,LOSER,9.25,LOSER,3.5,394.87,10,6.4,8.8,8.04,648.05,880,4.9,560,62.58,129.13,682.41,4.6,2.84,3.6,3.21,102.18,7.6,8.6,1.08,0.98
16/07/2021,11:45:00 PM,11:45:45 PM,Wagin,WA,8,185316702,R8 2540m Pace S,185316703,Harness,2540,Pace,11101157,7,Thejewelinhereye,WINNER,28.57,WINNER,6.45,176.13,34,15,28,20.52,212.49,100,1.11,1.21,2.73,573.54,298.72,6.6,6.2,6.6,6.45,32.04,18.5,24,1.08,0.98
17/07/2021,5:10:00 PM,5:10:51 PM,Albion Park,QLD,1,185342187,R1 1660m Pace M,185342188,Harness,1660,Pace,12525397,1,Sam Is Perfection,LOSER,12.11,LOSER,3.31,801.87,15.5,8.4,12,11.85,1117.69,780,10,780,31.5,86.44,391.16,3.8,2.66,3,3.27,470.68,14,15,1.03,0.98
17/07/2021,5:10:00 PM,5:10:51 PM,Albion Park,QLD,1,185342187,R1 1660m Pace M,185342188,Harness,1660,Pace,25091724,2,Feelingforarainbow,LOSER,61.38,WINNER,8.2,219.24,120,46,65,71.98,410.95,580,12,100,34.49,106.81,128.81,11.5,6.8,9,8.69,224.44,44,48,1.03,0.98
17/07/2021,5:10:00 PM,5:10:51 PM,Albion Park,QLD,1,185342187,R1 1660m Pace M,185342188,Harness,1660,Pace,10740271,3,Smooth Sailor,LOSER,9.39,LOSER,2.62,685.05,10,7.8,8.6,8.77,1288.13,720,8.6,580,37.99,134.89,812.96,2.98,2.28,2.62,2.64,320.98,8.4,8.8,1.03,0.98
17/07/2021,5:10:00 PM,5:10:51 PM,Albion Park,QLD,1,185342187,R1 1660m Pace M,185342188,Harness,1660,Pace,9767055,4,Escalera,LOSER,4.62,LOSER,2.14,2767.19,9,4.7,4.9,5.33,3665.04,570,4.4,480,15.85,571.41,553.67,2.44,2.06,2.1,2.18,382.5,5.2,5.4,1.03,0.98
17/07/2021,5:10:00 PM,5:10:51 PM,Albion Park,QLD,1,185342187,R1 1660m Pace M,185342188,Harness,1660,Pace,7067616,5,Maywyns Best,WINNER,3.54,WINNER,1.82,2344.18,4.4,2.7,3.55,3.71,13499.56,3.55,1.01,1.02,1.75,8770.64,1069.46,1.83,1.72,1.79,1.8,510.09,3.65,3.7,1.03,0.98
17/07/2021,5:10:00 PM,5:10:51 PM,Albion Park,QLD,1,185342187,R1 1660m Pace M,185342188,Harness,1660,Pace,24796342,6,Crime Writer,LOSER,9.4,LOSER,2.82,668.9,10.5,5.8,9.2,8.21,2303.65,580,4.1,480,14.77,288.19,617.05,3,2.28,2.92,2.55,769.55,7.8,8,1.03,0.98
17/07/2021,5:10:00 PM,5:10:51 PM,Albion Park,QLD,1,185342187,R1 1660m Pace M,185342188,Harness,1660,Pace,24632265,7,Cardlesfromheaven,LOSER,21,LOSER,4.8,435.23,21,15.5,19.5,18.46,416.77,660,2.42,660,43.76,64.76,358.27,5,4,4.8,4.49,146.43,19,21,1.03,0.98
17/07/2021,5:10:00 PM,5:10:51 PM,Albion Park,QLD,1,185342187,R1 1660m Pace M,185342188,Harness,1660,Pace,11669369,8,Rocknroll Icon,LOSER,36,LOSER,7.39,390.16,80,32,46,44.29,597.57,720,34,300,47.64,52.01,151.44,10,7,7.4,8.36,401.52,38,48,1.03,0.98
17/07/2021,5:10:00 PM,5:10:51 PM,Albion Park,QLD,1,185342187,R1 1660m Pace M,185342188,Harness,1660,Pace,19858525,9,Kash Us Back,LOSER,15.17,LOSER,4.15,497.44,18.5,9.6,15.5,13.11,812.66,780,4,410,13.12,227.03,424.47,4.3,3.25,4.2,3.52,534.62,16,16.5,1.03,0.98
17/07/2021,5:10:00 PM,5:10:51 PM,Albion Park,QLD,1,185342187,R1 1660m Pace M,185342188,Harness,1660,Pace,12416366,10,Our Uncle Sam,LOSER,15.57,WINNER,3.7,584.89,16.5,12,15.5,13.35,1263.41,720,6.4,480,13.19,294.98,578.72,4,3.5,3.7,3.7,744.69,13,13.5,1.03,0.98
17/07/2021,5:44:00 PM,5:45:00 PM,Albion Park,QLD,2,185342189,R2 2138m Pace M,185342190,Harness,2138,Pace,35608334,1,Delightful Dude,LOSER,26.58,LOSER,3.51,402.21,48,20,29,36.83,550.47,220,5,120,27.28,90.17,372.88,5.7,2.94,3.9,4.8,828.38,38,42,1.03,0.99
17/07/2021,5:44:00 PM,5:45:00 PM,Albion Park,QLD,2,185342189,R2 2138m Pace M,185342190,Harness,2138,Pace,28253058,2,Bar Room Banta,LOSER,3.42,LOSER,1.61,2274.25,4,2.54,3.5,3.41,14459.65,720,2,720,3.55,2828.47,868.88,1.81,1.49,1.64,1.69,760.89,3.8,3.85,1.03,0.99
17/07/2021,5:44:00 PM,5:45:00 PM,Albion Park,QLD,2,185342189,R2 2138m Pace M,185342190,Harness,2138,Pace,7310262,3,Big Wheels,LOSER,72.6,LOSER,8.4,181.21,70,36,70,48.58,387.9,930,19,930,109.1,32.39,208.43,9.2,7,8,7.79,77.05,46,50,1.03,0.99
17/07/2021,5:44:00 PM,5:45:00 PM,Albion Park,QLD,2,185342189,R2 2138m Pace M,185342190,Harness,2138,Pace,38686801,4,Bettor Call Me,LOSER,8.55,WINNER,2.52,652.42,16,7,8.4,9.51,4801.88,480,7.4,140,12.09,296.84,724.51,3.55,2.46,2.6,2.78,242.89,8.2,8.6,1.03,0.99
17/07/2021,5:44:00 PM,5:45:00 PM,Albion Park,QLD,2,185342189,R2 2138m Pace M,185342190,Harness,2138,Pace,38138894,5,Bondi Lockdown,LOSER,9.85,LOSER,2.86,560.89,10.5,5.3,9.2,8.01,2068.46,870,5,780,16.15,296.28,420.94,2.86,2.3,2.76,2.59,276.31,8.4,8.8,1.03,0.99
17/07/2021,5:44:00 PM,5:45:00 PM,Albion Park,QLD,2,185342189,R2 2138m Pace M,185342190,Harness,2138,Pace,36318101,7,American Dealer,WINNER,3.72,WINNER,1.67,1991.67,7,3.45,3.8,3.86,14722.63,15,1.01,1.01,1.61,3713.14,1067.05,1.95,1.55,1.79,1.71,426.95,3.6,3.65,1.03,0.99
17/07/2021,5:44:00 PM,5:45:00 PM,Albion Park,QLD,2,185342189,R2 2138m Pace M,185342190,Harness,2138,Pace,28178960,8,Watts Up Sunshine,LOSER,110,LOSER,10.06,149.25,130,50,120,92.2,164.03,720,110,720,202.56,5.71,93.81,12.5,8.4,9.2,9.38,272.87,75,90,1.03,0.99
17/07/2021,5:44:00 PM,5:45:00 PM,Albion Park,QLD,2,185342189,R2 2138m Pace M,185342190,Harness,2138,Pace,40198170,9,Uncle Shank,LOSER,30.99,LOSER,6.82,570.71,40,21,36,31.82,713.66,720,9.2,720,34.94,123.69,256.69,8.4,6.6,8.4,6.92,42.17,34,40,1.03,0.99
17/07/2021,5:44:00 PM,5:45:00 PM,Albion Park,QLD,2,185342189,R2 2138m Pace M,185342190,Harness,2138,Pace,1161821,10,Chamonix,LOSER,94.35,LOSER,14.45,218.36,150,23,140,81.16,201.73,770,50,770,130.94,23.27,185.86,20,7.2,20,10.23,70.08,100,130,1.03,0.99
17/07/2021,5:44:00 PM,5:45:00 PM,Albion Park,QLD,2,185342189,R2 2138m Pace M,185342190,Harness,2138,Pace,38937835,11,Captain Crusader,LOSER,6.9,WINNER,2.42,1391.01,20,7.4,7.8,9.26,4097.19,280,2.06,270,6.76,520.14,1268.65,3.25,2.42,2.54,2.61,309.74,8.2,8.4,1.03,0.99
17/07/2021,5:44:00 PM,5:45:00 PM,Albion Park,QLD,2,185342189,R2 2138m Pace M,185342190,Harness,2138,Pace,40198171,12,Hemsworth,LOSER,149.55,LOSER,18.31,109.85,190,42,170,92.15,163.3,720,42,720,141.25,15.41,99.92,19.5,9.6,19.5,12.06,47.58,100,120,1.03,0.99
17/07/2021,5:44:00 PM,5:45:00 PM,Albion Park,QLD,2,185342189,R2 2138m Pace M,185342190,Harness,2138,Pace,40198172,13,He Aint Fakin,LOSER,97.85,LOSER,19.44,162.26,150,42,120,99.56,144.78,960,95,960,156.08,7.75,81.61,23,6,20,16.17,21.97,95,110,1.03,0.99
17/07/2021,6:15:00 PM,6:16:19 PM,Albion Park,QLD,3,185342191,R3 2138m Pace M,185342192,Harness,2138,Pace,39669978,1,Mullum Flo,LOSER,27.01,LOSER,4.19,296.22,48,26,26,32.67,296.02,920,17.5,910,46.59,102.13,473.73,7,4.1,4.5,4.64,354.13,30,48,1.04,0.98
17/07/2021,6:15:00 PM,6:16:19 PM,Albion Park,QLD,3,185342191,R3 2138m Pace M,185342192,Harness,2138,Pace,28093454,3,Nina Simone,LOSER,343.57,LOSER,76.71,72.29,410,150,280,276.25,46.69,720,20,720,71.76,44.47,14.47,30,25,29,27.44,26.07,280,410,1.04,0.98
17/07/2021,6:15:00 PM,6:16:19 PM,Albion Park,QLD,3,185342191,R3 2138m Pace M,185342192,Harness,2138,Pace,35909386,4,Sporty Dancer,WINNER,2.66,WINNER,1.38,2094.71,2.76,2.16,2.58,2.49,15105.81,2.88,1.01,1.03,1.42,6415.76,1100.92,1.44,1.3,1.41,1.39,1398.43,2.4,2.44,1.04,0.98
17/07/2021,6:15:00 PM,6:16:19 PM,Albion Park,QLD,3,185342191,R3 2138m Pace M,185342192,Harness,2138,Pace,40198173,5,Talent To Spare,LOSER,5.22,WINNER,2.02,978.09,5.6,2.84,4.7,4.95,1871.24,1000,2.34,620,4.55,865.73,952.62,2.24,1.84,1.86,1.87,111.74,5,5.2,1.04,0.98
17/07/2021,6:15:00 PM,6:16:19 PM,Albion Park,QLD,3,185342191,R3 2138m Pace M,185342192,Harness,2138,Pace,39133100,6,Iamajoyride,LOSER,248.31,LOSER,39.64,70.12,520,250,290,277.78,30.21,720,220,720,290.59,16.6,93.46,140,25,140,26.24,5.59,270,310,1.04,0.98
17/07/2021,6:15:00 PM,6:16:19 PM,Albion Park,QLD,3,185342191,R3 2138m Pace M,185342192,Harness,2138,Pace,31078425,7,Eva Mateo,LOSER,22.92,LOSER,4.8,581.98,28,18.5,20,21.12,514.94,1000,11.5,780,81.08,96.8,264.55,5,4.2,4.3,4.28,75.57,20,22,1.04,0.98
17/07/2021,6:15:00 PM,6:16:19 PM,Albion Park,QLD,3,185342191,R3 2138m Pace M,185342192,Harness,2138,Pace,28304100,8,Momentslikethese,LOSER,5.82,LOSER,1.91,1168.84,12.5,4.8,5.3,5.73,3496.96,780,3.4,380,14.16,450.66,848.52,2.1,1.67,1.91,1.92,297.54,5.5,5.8,1.04,0.98
17/07/2021,6:15:00 PM,6:16:19 PM,Albion Park,QLD,3,185342191,R3 2138m Pace M,185342192,Harness,2138,Pace,29251981,9,Aunty Bella,LOSER,108.83,LOSER,14.57,48.96,210,70,170,113.61,50.91,960,25,960,101.51,26.49,127.23,,,,,,110,120,1.04,0.98
17/07/2021,6:15:00 PM,6:16:19 PM,Albion Park,QLD,3,185342191,R3 2138m Pace M,185342192,Harness,2138,Pace,40198174,10,Jasper,LOSER,19.32,LOSER,3.55,600.46,25,17.5,20,21.24,436.71,720,2.84,380,12.12,365.26,611,4.3,3.25,3.6,3.7,295.13,21,22,1.04,0.98
17/07/2021,6:15:00 PM,6:16:19 PM,Albion Park,QLD,3,185342191,R3 2138m Pace M,185342192,Harness,2138,Pace,9071993,11,Shes Miss Devine,LOSER,17.31,LOSER,4.52,739.99,29,19,19,23.29,254.99,1000,15.5,1000,46.65,111.91,280.87,5,4.2,4.2,4.43,34.02,22,24,1.04,0.98
17/07/2021,6:15:00 PM,6:16:19 PM,Albion Park,QLD,3,185342191,R3 2138m Pace M,185342192,Harness,2138,Pace,40198175,12,Dancintothebeat,LOSER,95,LOSER,17.89,68.29,100,60,90,92.42,57.39,950,95,790,232.53,8.42,87.24,12,12,12,12,5,85,95,1.04,0.98
17/07/2021,6:15:00 PM,6:16:19 PM,Albion Park,QLD,3,185342191,R3 2138m Pace M,185342192,Harness,2138,Pace,36864586,13,Soho Broadway,LOSER,28.71,WINNER,6,457.92,36,13.5,34,25.96,299.54,910,15,44,50.29,101.34,243.54,4.6,3.85,4.6,4.26,50,30,34,1.04,0.98
17/07/2021,6:45:00 PM,6:46:06 PM,Albion Park,QLD,4,185342193,R4 2647m Trot S,185342194,Harness,2647,Trot,13088620,1,Godofthunder,LOSER,19.5,LOSER,4.39,348.17,30,19,19.5,22.19,611.24,720,8,720,14.82,173.02,351.66,4.6,3.8,4.3,4.32,54.6,20,22,1.03,0.97
17/07/2021,6:45:00 PM,6:46:06 PM,Albion Park,QLD,4,185342193,R4 2647m Trot S,185342194,Harness,2647,Trot,9007846,2,Il Pirata,LOSER,101.94,LOSER,12.66,58.13,200,85,120,119.68,53.25,720,50,500,169.74,8.53,307.85,14,11.5,14,13.33,47.06,95,100,1.03,0.97
17/07/2021,6:45:00 PM,6:46:06 PM,Albion Park,QLD,4,185342193,R4 2647m Trot S,185342194,Harness,2647,Trot,9186225,4,Father Christmas,LOSER,300,LOSER,19.46,54.63,320,170,260,221.79,90.48,720,210,720,618.84,1.03,188.35,21,19,19.5,19.85,20.91,210,230,1.03,0.97
17/07/2021,6:45:00 PM,6:46:06 PM,Albion Park,QLD,4,185342193,R4 2647m Trot S,185342194,Harness,2647,Trot,138287,6,Kingdom Come,LOSER,147.96,LOSER,13.38,38.21,430,110,160,142.81,51.17,720,65,720,575.15,1.24,131.88,15,9.4,13.5,11.52,206.46,120,140,1.03,0.97
17/07/2021,6:45:00 PM,6:46:06 PM,Albion Park,QLD,4,185342193,R4 2647m Trot S,185342194,Harness,2647,Trot,36154689,7,Sir Fahrenheit,LOSER,38,LOSER,6.4,123.26,50,20,38,28.47,402.2,720,13.5,720,52.78,19.66,179.68,5.6,5.6,5.6,5.6,10,25,28,1.03,0.97
17/07/2021,6:45:00 PM,6:46:06 PM,Albion Park,QLD,4,185342193,R4 2647m Trot S,185342194,Harness,2647,Trot,14384268,8,More Shades Of Gold,LOSER,57.79,LOSER,8.93,93,50,40,48,48.4,100.93,720,20,720,80.44,26.81,188.25,7,7,7,7,7,48,50,1.03,0.97
17/07/2021,6:45:00 PM,6:46:06 PM,Albion Park,QLD,4,185342193,R4 2647m Trot S,185342194,Harness,2647,Trot,27356270,9,Red Castleton,LOSER,26.94,LOSER,4.7,254.06,27,9.4,27,16.96,930.3,720,9,720,21.06,51.74,457.51,4.7,4,4.7,4.15,259.21,22,24,1.03,0.97
17/07/2021,6:45:00 PM,6:46:06 PM,Albion Park,QLD,4,185342193,R4 2647m Trot S,185342194,Harness,2647,Trot,16233272,10,Northern Muscle,LOSER,46,LOSER,7.12,120.35,75,32,44,41.56,121.48,720,23,720,277.47,9.9,380.32,7.2,6.8,7,7.12,57.1,34,36,1.03,0.97
17/07/2021,6:45:00 PM,6:46:06 PM,Albion Park,QLD,4,185342193,R4 2647m Trot S,185342194,Harness,2647,Trot,28719505,11,Gold Chain,LOSER,7,LOSER,2.52,643.66,10.5,6.8,6.8,7.59,1886.7,1000,4,1000,34.91,804.88,752.78,3.45,2.44,2.44,2.61,109.45,7.4,7.6,1.03,0.97
17/07/2021,6:45:00 PM,6:46:06 PM,Albion Park,QLD,4,185342193,R4 2647m Trot S,185342194,Harness,2647,Trot,24608947,12,Humble Ladd,LOSER,3.52,WINNER,1.7,2986.47,4.9,2.82,3.7,3.95,5426.3,720,1.9,570,3.45,1667.63,715.42,2.12,1.57,1.65,1.7,351.33,4.1,4.3,1.03,0.97
17/07/2021,6:45:00 PM,6:46:06 PM,Albion Park,QLD,4,185342193,R4 2647m Trot S,185342194,Harness,2647,Trot,40050270,13,Pink Galahs,WINNER,3.03,WINNER,1.45,1563.73,3.2,2.4,2.96,2.72,9371.33,4,1.01,1.01,1.27,13829.42,1031.36,1.61,1.4,1.49,1.49,443.68,2.68,2.78,1.03,0.97
17/07/2021,6:45:00 PM,6:46:06 PM,Albion Park,QLD,4,185342193,R4 2647m Trot S,185342194,Harness,2647,Trot,8934117,14,Our Overanova,LOSER,40.21,WINNER,7.55,169.05,60,36,40,43.57,170.35,720,20,720,68.94,20.25,183.68,7,5.4,7,6.38,15,42,46,1.03,0.97
17/07/2021,6:45:00 PM,6:46:06 PM,Albion Park,QLD,4,185342193,R4 2647m Trot S,185342194,Harness,2647,Trot,28092138,15,Majestic Simon,LOSER,30,LOSER,5.37,150.09,36,20,26,27.51,327.81,720,6,720,15.63,137.87,278.21,4.9,3.7,4.9,4.58,43.65,24,28,1.03,0.97
17/07/2021,7:15:00 PM,7:16:14 PM,Albion Park,QLD,5,185342195,R5 2138m Pace M,185342196,Harness,2138,Pace,32448084,1,Adam Crocker,LOSER,70,LOSER,9.96,174.55,160,70,75,106.41,280.89,950,38,950,59.61,64.32,381.62,14.5,10,11,12.13,51.54,100,120,1.03,0.98
17/07/2021,7:15:00 PM,7:16:14 PM,Albion Park,QLD,5,185342195,R5 2138m Pace M,185342196,Harness,2138,Pace,28342860,2,Blacksadance,LOSER,6.2,WINNER,1.99,1026.39,9,5.5,6.4,6.37,5983.66,1000,2.92,670,6.67,940.36,1495.92,2.3,1.95,2.2,2.05,908.88,7.2,7.6,1.03,0.98
17/07/2021,7:15:00 PM,7:16:14 PM,Albion Park,QLD,5,185342195,R5 2138m Pace M,185342196,Harness,2138,Pace,22862352,3,Will The Wizard,LOSER,70,LOSER,7.6,111.46,75,18.5,70,48.35,151.83,720,22,720,97.47,11.25,309.46,8.6,7.2,8.6,7.38,48.21,42,50,1.03,0.98
17/07/2021,7:15:00 PM,7:16:14 PM,Albion Park,QLD,5,185342195,R5 2138m Pace M,185342196,Harness,2138,Pace,23157242,4,Mach Da Vinci,LOSER,13.24,LOSER,2.91,453.34,15.5,10.5,12.5,12,1138.59,720,12,480,27.37,80.05,468.14,2.74,2.72,2.74,2.74,103.73,11,11.5,1.03,0.98
17/07/2021,7:15:00 PM,7:16:14 PM,Albion Park,QLD,5,185342195,R5 2138m Pace M,185342196,Harness,2138,Pace,3180693,5,Spirit Of St Louis,WINNER,2.33,WINNER,1.33,4439.17,3,2.24,2.34,2.5,13612.57,5.6,1.01,1.01,1.66,6665.11,1331.94,1.52,1.29,1.48,1.37,1898.96,2.48,2.5,1.03,0.98
17/07/2021,7:15:00 PM,7:16:14 PM,Albion Park,QLD,5,185342195,R5 2138m Pace M,185342196,Harness,2138,Pace,24798353,6,Black Hawk Joe,LOSER,456.64,LOSER,314.95,26.73,430,200,370,299.53,12.51,750,310,700,466.64,10.17,34.84,990,50,100,199.28,11.49,320,420,1.03,0.98
17/07/2021,7:15:00 PM,7:16:14 PM,Albion Park,QLD,5,185342195,R5 2138m Pace M,185342196,Harness,2138,Pace,37535679,7,Italian Lad,LOSER,76.45,LOSER,9.12,164.54,65,22,65,43.78,261.35,720,20,720,75.05,47.4,72.69,7,6,7,6.43,189.24,38,44,1.03,0.98
17/07/2021,7:15:00 PM,7:16:14 PM,Albion Park,QLD,5,185342195,R5 2138m Pace M,185342196,Harness,2138,Pace,28024145,8,Bundoran,LOSER,5.96,WINNER,1.78,1033.49,8,5.6,6,6.12,3838,290,2,280,5.42,733.88,782.1,2.08,1.77,1.8,1.87,872.93,5.7,6.2,1.03,0.98
17/07/2021,7:15:00 PM,7:16:14 PM,Albion Park,QLD,5,185342195,R5 2138m Pace M,185342196,Harness,2138,Pace,28699481,9,Crazy Shippo,LOSER,327.84,LOSER,28,39.75,430,95,420,228.55,51,720,700,720,704.17,0.72,43.14,21,18.5,20,19.92,25,240,270,1.03,0.98
17/07/2021,7:15:00 PM,7:16:14 PM,Albion Park,QLD,5,185342195,R5 2138m Pace M,185342196,Harness,2138,Pace,36864681,11,Bombadier Jujon,LOSER,96.7,LOSER,12.45,85.18,110,65,100,81.28,104.64,720,55,720,247.76,3.98,124.87,11,9.6,9.6,9.83,41,80,90,1.03,0.98
17/07/2021,7:15:00 PM,7:16:14 PM,Albion Park,QLD,5,185342195,R5 2138m Pace M,185342196,Harness,2138,Pace,24608599,12,Send It,LOSER,8.25,LOSER,2.5,853.47,9.8,5.7,8.6,7.66,1936.91,780,6,780,19.05,185.6,457.02,2.38,2.12,2.22,2.26,87.93,7.6,7.8,1.03,0.98
17/07/2021,7:15:00 PM,7:16:14 PM,Albion Park,QLD,5,185342195,R5 2138m Pace M,185342196,Harness,2138,Pace,37048681,13,Fond Memories,LOSER,241.66,LOSER,36,43.81,240,110,200,164.27,36.06,760,100,700,259.57,4.48,59.29,17.5,17,17.5,17.47,18,160,190,1.03,0.98
17/07/2021,7:43:00 PM,7:44:12 PM,Albion Park,QLD,6,185342197,R6 1660m Pace M,185342198,Harness,1660,Pace,24415806,1,Spellbound,LOSER,4.04,WINNER,1.34,1761.09,4.9,2.96,4.1,4.12,5340.42,38,1.28,32,3.11,3179.22,997.96,1.45,1.3,1.31,1.37,1445.24,4,4.2,1.04,0.99
17/07/2021,7:43:00 PM,7:44:12 PM,Albion Park,QLD,6,185342197,R6 1660m Pace M,185342198,Harness,1660,Pace,16397349,2,Fame Assured,LOSER,39.89,LOSER,4,157.09,36,15,36,24.46,394.13,560,3.6,300,7.49,919.2,281.02,4.2,3.25,4.2,3.74,107.56,24,25,1.04,0.99
17/07/2021,7:43:00 PM,7:44:12 PM,Albion Park,QLD,6,185342197,R6 1660m Pace M,185342198,Harness,1660,Pace,3478910,3,Pelosi,LOSER,112.49,LOSER,9.39,87,150,50,110,79.4,110.82,960,110,960,339.32,5.21,139.72,6.4,6.4,6.4,6.4,1,60,70,1.04,0.99
17/07/2021,7:43:00 PM,7:44:12 PM,Albion Park,QLD,6,185342197,R6 1660m Pace M,185342198,Harness,1660,Pace,8009992,4,Amazing Dream,LOSER,1.68,WINNER,1.14,3315.31,1.97,1.62,1.69,1.8,24386.37,27,1.53,2.58,2.13,1747.39,1794.31,1.16,1.12,1.14,1.14,668.3,1.76,1.77,1.04,0.99
17/07/2021,7:43:00 PM,7:44:12 PM,Albion Park,QLD,6,185342197,R6 1660m Pace M,185342198,Harness,1660,Pace,35727147,5,Iolanta,LOSER,66.13,LOSER,7,133.26,110,50,65,64.64,230.89,200,25,25,76.49,26,178.21,11,6.4,7,7.08,184.82,50,60,1.04,0.99
17/07/2021,7:43:00 PM,7:44:12 PM,Albion Park,QLD,6,185342197,R6 1660m Pace M,185342198,Harness,1660,Pace,22136833,6,Scarlet Babe,LOSER,50.65,LOSER,7.5,165.14,80,42,60,57.01,93.68,930,50,930,175.78,10.35,138.82,7,6.6,7,6.74,23.23,46,60,1.04,0.99
17/07/2021,7:43:00 PM,7:44:12 PM,Albion Park,QLD,6,185342197,R6 1660m Pace M,185342198,Harness,1660,Pace,19976614,7,Our Princess Tiffany,LOSER,55.38,LOSER,12.18,242.58,65,34,60,47.73,129.4,930,70,770,182.13,13.83,139.79,16.5,11.5,11.5,12.37,0.12,42,44,1.04,0.99
17/07/2021,7:43:00 PM,7:44:12 PM,Albion Park,QLD,6,185342197,R6 1660m Pace M,185342198,Harness,1660,Pace,24127691,8,The Stunning Nun,LOSER,15,LOSER,2.04,271.99,19.5,7.4,13.5,14.49,1256.05,470,15,470,33.84,88.96,509.96,2.9,2,2.04,2.31,4433.25,15.5,18,1.04,0.99
17/07/2021,7:43:00 PM,7:44:12 PM,Albion Park,QLD,6,185342197,R6 1660m Pace M,185342198,Harness,1660,Pace,10862077,9,Bettor Enforce,LOSER,52.91,LOSER,6.02,224.75,70,14,70,41.63,317.96,720,46,720,88.31,32.44,159.94,6.4,4,6.4,4.51,96.51,38,48,1.04,0.99
17/07/2021,7:43:00 PM,7:44:12 PM,Albion Park,QLD,6,185342197,R6 1660m Pace M,185342198,Harness,1660,Pace,20241118,11,Jeradas Delight,WINNER,363.29,WINNER,45.01,51.04,560,310,400,459.65,61.09,720,1.21,1.23,5.25,754.9,41.78,320,18.5,40,35.68,20.21,370,450,1.04,0.99
17/07/2021,8:15:00 PM,8:15:51 PM,Albion Park,QLD,7,185342199,R7 1660m Pace M,185342200,Harness,1660,Pace,21640229,1,Bright Energy,LOSER,50.66,LOSER,4.57,234.95,48,15.5,42,24.5,1135.08,720,30,720,59.02,76.73,362.54,4.6,3.05,4.6,3.81,194.42,38,40,1.01,0.98
17/07/2021,8:15:00 PM,8:15:51 PM,Albion Park,QLD,7,185342199,R7 1660m Pace M,185342200,Harness,1660,Pace,5139100,2,Crunch Time,LOSER,28.58,LOSER,4.25,266.28,95,18.5,23,25.05,828.33,720,5.3,350,21.43,105.97,245.4,4.9,3.9,4.2,4.18,77.3,23,25,1.01,0.98
17/07/2021,8:15:00 PM,8:15:51 PM,Albion Park,QLD,7,185342199,R7 1660m Pace M,185342200,Harness,1660,Pace,25000231,3,Alta Orlando,LOSER,69.5,LOSER,5.7,139.75,70,38,60,53.04,142.02,680,18,480,68.96,43.59,289.2,6.2,5.6,5.6,5.77,212.46,60,65,1.01,0.98
17/07/2021,8:15:00 PM,8:15:51 PM,Albion Park,QLD,7,185342199,R7 1660m Pace M,185342200,Harness,1660,Pace,22373186,4,Rockin Marty,LOSER,103.75,WINNER,9.5,109.76,140,75,75,98.09,101.36,720,70,720,118.08,22.82,156.62,11.5,8.2,10,10.44,29.61,100,110,1.01,0.98
17/07/2021,8:15:00 PM,8:15:51 PM,Albion Park,QLD,7,185342199,R7 1660m Pace M,185342200,Harness,1660,Pace,2306782,5,Copy That,WINNER,2.26,WINNER,1.27,3412.93,2.82,2.06,2.22,2.27,19419.31,3.05,1.05,2.06,1.83,3902.27,1005.51,1.33,1.25,1.26,1.28,3273.42,2.08,2.12,1.01,0.98
17/07/2021,8:15:00 PM,8:15:51 PM,Albion Park,QLD,7,185342199,R7 1660m Pace M,185342200,Harness,1660,Pace,26839675,6,Uncle Jord,LOSER,350.58,LOSER,24.48,43.16,450,170,250,262.48,79.82,730,3.6,19.5,70.48,103.67,44.34,25,17,18,19.46,37.01,260,280,1.01,0.98
17/07/2021,8:15:00 PM,8:15:51 PM,Albion Park,QLD,7,185342199,R7 1660m Pace M,185342200,Harness,1660,Pace,3963598,7,Turn It Up,LOSER,25,LOSER,3.22,389.53,30,11,20,19.41,2489.42,720,5.5,660,13.44,306.23,430.99,3.95,2.9,3.15,3.27,1697.45,28,30,1.01,0.98
17/07/2021,8:15:00 PM,8:15:51 PM,Albion Park,QLD,7,185342199,R7 1660m Pace M,185342200,Harness,1660,Pace,11947483,8,Ellmers Image,LOSER,133.88,LOSER,12.46,105.11,180,90,110,126.5,137.98,780,36,780,153.13,22.3,121.89,14,10,12.5,12.09,104.32,110,120,1.01,0.98
17/07/2021,8:15:00 PM,8:15:51 PM,Albion Park,QLD,7,185342199,R7 1660m Pace M,185342200,Harness,1660,Pace,13369793,10,Colt Thirty One,LOSER,17.03,LOSER,2.52,582.5,26,13,16,15.91,934.63,790,13.5,490,40.58,86.7,798.08,2.84,2.34,2.64,2.54,814.22,17,18,1.01,0.98
17/07/2021,8:15:00 PM,8:15:51 PM,Albion Park,QLD,7,185342199,R7 1660m Pace M,185342200,Harness,1660,Pace,15693101,11,King Of Swing,LOSER,3.04,WINNER,1.41,2818.34,3.35,2.3,3.05,3.01,24727.55,200,1.55,1.84,3.42,1334.47,1153.68,1.66,1.27,1.46,1.46,2183.78,3.05,3.1,1.01,0.98
17/07/2021,8:46:00 PM,8:46:38 PM,Albion Park,QLD,8,185342201,R8 1660m Pace M,185342202,Harness,1660,Pace,15072249,1,Nowhere Creek,WINNER,9.23,WINNER,2.81,1399.26,12.5,8.2,9,9.99,911.62,9.6,1.01,1.01,1.48,4500.26,598.7,2.9,2.58,2.78,2.81,486.01,11,12.5,1.05,0.97
17/07/2021,8:46:00 PM,8:46:38 PM,Albion Park,QLD,8,185342201,R8 1660m Pace M,185342202,Harness,1660,Pace,27973258,2,Rock Fisherman,LOSER,5.62,LOSER,2.1,1191.67,6.6,5.3,5.7,5.83,4629.34,1000,1.45,1000,2.77,2410.24,933.08,2.3,2.08,2.16,2.16,964.69,5.6,5.8,1.05,0.97
17/07/2021,8:46:00 PM,8:46:38 PM,Albion Park,QLD,8,185342201,R8 1660m Pace M,185342202,Harness,1660,Pace,159034,3,Blue Moon Rising,LOSER,14,WINNER,3.83,396.79,18.5,11,14,13.5,1021.84,770,7.6,280,32.95,52.64,432.81,3.8,3.55,3.55,3.64,65.46,10.5,14.5,1.05,0.97
17/07/2021,8:46:00 PM,8:46:38 PM,Albion Park,QLD,8,185342201,R8 1660m Pace M,185342202,Harness,1660,Pace,27673840,4,Helgart,LOSER,5.05,LOSER,2.13,1384.21,5.6,4.8,5,5.1,2605.97,720,5,680,13.22,184.89,537.49,2.18,1.98,2.16,2.14,156.23,5,5.1,1.05,0.97
17/07/2021,8:46:00 PM,8:46:38 PM,Albion Park,QLD,8,185342201,R8 1660m Pace M,185342202,Harness,1660,Pace,23681480,5,Sporty Azz,LOSER,23.41,LOSER,6,351.19,29,20,25,23.69,344.37,720,26,720,78.28,24.9,199.59,6,5,6,5.06,20.69,22,24,1.05,0.97
17/07/2021,8:46:00 PM,8:46:38 PM,Albion Park,QLD,8,185342201,R8 1660m Pace M,185342202,Harness,1660,Pace,17857399,6,Ohoka Chopper,LOSER,6.57,WINNER,2.64,1261.63,8.2,5.1,6.8,6.52,1631.57,720,5.8,290,20.35,72.77,683.87,2.64,2,2.64,2.25,481.61,6.8,7.2,1.05,0.97
17/07/2021,8:46:00 PM,8:46:38 PM,Albion Park,QLD,8,185342201,R8 1660m Pace M,185342202,Harness,1660,Pace,24265617,7,Our Lady Lara,LOSER,32,LOSER,7,229.16,180,18.5,30,32.99,326.57,720,30,710,70.88,38.84,212.84,7.6,6.4,7.6,7.06,26.09,27,32,1.05,0.97
17/07/2021,8:46:00 PM,8:46:38 PM,Albion Park,QLD,8,185342201,R8 1660m Pace M,185342202,Harness,1660,Pace,24128721,9,Good As It Gets,LOSER,13.92,LOSER,3.6,776.5,26,13.5,14.5,17.26,1570.09,1000,10,720,24.25,416.31,536.44,5.5,3.5,4,3.99,224.46,14.5,16,1.05,0.97
17/07/2021,8:46:00 PM,8:46:38 PM,Albion Park,QLD,8,185342201,R8 1660m Pace M,185342202,Harness,1660,Pace,26207509,10,Double Or Nothing,LOSER,6.2,LOSER,2.16,1027.84,6.2,4.5,6.2,5.1,3038.75,720,2.6,100,7.57,285.4,839.57,2.98,1.92,2.16,1.95,322.44,5.3,5.5,1.05,0.97
17/07/2021,9:16:00 PM,9:16:38 PM,Albion Park,QLD,9,185342203,R9 2138m Pace M,185342204,Harness,2138,Pace,18356837,1,Rocknroll Classic,LOSER,3.36,LOSER,1.6,2181.71,3.7,2.94,3.45,3.32,9803.2,720,2.6,170,3.25,4519.76,1303.2,1.66,1.45,1.63,1.54,1578.25,3.3,3.45,1.04,0.99
17/07/2021,9:16:00 PM,9:16:38 PM,Albion Park,QLD,9,185342203,R9 2138m Pace M,185342204,Harness,2138,Pace,40198177,2,My Ultimate Star,WINNER,8.72,WINNER,2.56,467.43,9.8,5.6,8.4,8.03,1045.48,14.5,1.01,1.01,1.44,4641.14,738.24,2.56,2.08,2.44,2.39,150.04,9.2,9.6,1.04,0.99
17/07/2021,9:16:00 PM,9:16:38 PM,Albion Park,QLD,9,185342203,R9 2138m Pace M,185342204,Harness,2138,Pace,40198178,3,The Croupier,LOSER,42,WINNER,7.09,162.7,42,10.5,42,20,533.2,720,6.8,650,25.83,83.55,169.27,6.4,3.8,6.4,4.53,436.64,28,30,1.04,0.99
17/07/2021,9:16:00 PM,9:16:38 PM,Albion Park,QLD,9,185342203,R9 2138m Pace M,185342204,Harness,2138,Pace,22758716,4,The Announcer,LOSER,24.83,LOSER,5,243.29,80,16,20,24.63,576.38,720,21,710,38.79,59.63,241.78,8.2,3.9,5.6,5.48,234.93,17,18.5,1.04,0.99
17/07/2021,9:16:00 PM,9:16:38 PM,Albion Park,QLD,9,185342203,R9 2138m Pace M,185342204,Harness,2138,Pace,12990651,5,Make Mine Heaven,LOSER,5.34,WINNER,3.07,3029.37,17.5,7.6,8.4,9.43,1597.97,780,4.1,44,6.2,1465.88,502.12,3.15,2.94,3.05,3.03,170.31,7.8,8.2,1.04,0.99
17/07/2021,9:16:00 PM,9:16:38 PM,Albion Park,QLD,9,185342203,R9 2138m Pace M,185342204,Harness,2138,Pace,19475691,6,Itzamajor Surprise,LOSER,13,LOSER,3.4,532.44,23,9.8,13,13.56,1330.7,620,4.2,110,27.48,145.91,585.97,3.7,3.25,3.7,3.25,100.56,11,12,1.04,0.99
17/07/2021,9:16:00 PM,9:16:38 PM,Albion Park,QLD,9,185342203,R9 2138m Pace M,185342204,Harness,2138,Pace,35634439,7,Ranger Bomb,LOSER,4.24,LOSER,1.77,1018.57,4.6,3.8,4.1,4.23,4394.65,720,3.7,490,5.75,711.63,545.8,1.88,1.76,1.81,1.81,238.04,4.2,4.3,1.04,0.99
17/07/2021,9:16:00 PM,9:16:38 PM,Albion Park,QLD,9,185342203,R9 2138m Pace M,185342204,Harness,2138,Pace,17006250,8,Aqua Miss,LOSER,28,LOSER,5.06,230.51,44,27,28,32,513.48,720,9.6,280,24.96,120.4,286.24,6.6,5.5,5.6,5.91,258,38,40,1.04,0.99
17/07/2021,9:16:00 PM,9:16:38 PM,Albion Park,QLD,9,185342203,R9 2138m Pace M,185342204,Harness,2138,Pace,22153325,9,Nurburgring,LOSER,23.9,LOSER,4.29,270.64,29,20,23,22.09,473.07,1000,11,320,27.76,76.02,399.88,4.9,4.2,4.2,4.37,154.3,21,23,1.04,0.99
17/07/2021,9:49:00 PM,9:49:51 PM,Albion Park,QLD,10,185342205,R10 1660m Pace M,185342206,Harness,1660,Pace,39098021,1,Cat King Cole,LOSER,2.74,WINNER,1.63,3096.01,2.88,2,2.66,2.59,25509.75,8,1.91,1.91,2.72,2850.47,1289.73,1.71,1.5,1.7,1.56,410.51,2.82,2.9,0.98,0.98
17/07/2021,9:49:00 PM,9:49:51 PM,Albion Park,QLD,10,185342205,R10 1660m Pace M,185342206,Harness,1660,Pace,40198179,2,Gotta Go Milking,LOSER,55,LOSER,13.94,223.18,200,42,55,80.54,338.41,480,55,480,77.99,53.06,175.33,29,11,11,15.18,291.36,110,130,0.98,0.98
17/07/2021,9:49:00 PM,9:49:51 PM,Albion Park,QLD,10,185342205,R10 1660m Pace M,185342206,Harness,1660,Pace,39539670,3,Awaywego,LOSER,36.05,LOSER,7.43,310.96,110,19,30,24.41,1149.62,180,18,180,40.38,73.76,285.59,8.6,5.9,6.8,7.31,39.61,21,25,0.98,0.98
17/07/2021,9:49:00 PM,9:49:51 PM,Albion Park,QLD,10,185342205,R10 1660m Pace M,185342206,Harness,1660,Pace,40198180,4,Future Assured,LOSER,9.08,LOSER,3.74,873.75,8.8,3.15,8.6,6.62,3411.45,24,1.85,24,3.07,1539.88,469.59,4.1,2.98,3.6,3.47,6.24,7.6,8,0.98,0.98
17/07/2021,9:49:00 PM,9:49:51 PM,Albion Park,QLD,10,185342205,R10 1660m Pace M,185342206,Harness,1660,Pace,40198181,5,My Ultimate Baxter,WINNER,5.12,WINNER,2.41,1492.09,16.5,4.9,4.9,5.81,5937.83,28,1.44,1.79,4.95,673.56,732.37,2.96,2.32,2.32,2.42,117.59,6.2,5.1,0.98,0.98
17/07/2021,9:49:00 PM,9:49:51 PM,Albion Park,QLD,10,185342205,R10 1660m Pace M,185342206,Harness,1660,Pace,39722660,6,Misty Creek,LOSER,147.66,LOSER,23.82,88.2,360,80,140,195.78,152.84,900,80,900,256.47,26.6,77.92,36,19.5,24,21.34,236.44,230,250,0.98,0.98
17/07/2021,9:49:00 PM,9:49:51 PM,Albion Park,QLD,10,185342205,R10 1660m Pace M,185342206,Harness,1660,Pace,6128926,7,Dangerzone,LOSER,3.65,LOSER,2.11,3708.66,7.4,3.7,3.9,4.1,9268.1,55,2.02,55,4.33,925.51,800.5,2.2,2,2.12,2.08,139.17,3.65,3.75,0.98,0.98
17/07/2021,8:20:00 PM,8:20:25 PM,Bunbury,WA,1,185340938,R1 1609m Pace M,185340939,Harness,1609,Pace,39387677,1,Captains Cote,LOSER,4.5,WINNER,2.38,1195.95,5.7,4,4.5,4.51,748.68,110,2.98,110,4.86,211.42,580.25,2.44,2.02,2.04,2.05,303.41,4.4,4.9,1.04,0.98
17/07/2021,8:20:00 PM,8:20:25 PM,Bunbury,WA,1,185340938,R1 1609m Pace M,185340939,Harness,1609,Pace,39160959,2,Bushbelle,LOSER,44.21,LOSER,22.41,85.03,50,20,50,31.58,86.58,1000,48,1000,233.78,34.96,85.52,29,19.5,29,22.03,0.07,38,48,1.04,0.98
17/07/2021,8:20:00 PM,8:20:25 PM,Bunbury,WA,1,185340938,R1 1609m Pace M,185340939,Harness,1609,Pace,40198182,3,Beyond The Sea,WINNER,2.54,WINNER,1.59,1619.28,3.6,2.4,2.62,2.55,2758.49,2.62,1.07,1.07,1.75,1864.73,1205.32,1.68,1.54,1.57,1.6,185.83,2.4,2.46,1.04,0.98
17/07/2021,8:20:00 PM,8:20:25 PM,Bunbury,WA,1,185340938,R1 1609m Pace M,185340939,Harness,1609,Pace,40112191,4,Cheese And Biccys,LOSER,14.02,LOSER,5.3,192.97,15,7.4,14,12.28,261.36,280,12,280,25.53,61.92,240.44,4.8,2.98,4.2,3.67,100.26,12.5,14,1.04,0.98
17/07/2021,8:20:00 PM,8:20:25 PM,Bunbury,WA,1,185340938,R1 1609m Pace M,185340939,Harness,1609,Pace,26068748,5,Harrier Jet,LOSER,36.46,LOSER,11.94,144.61,44,25,38,32.14,109.22,110,21,50,49.84,38.36,165.12,10.5,9.2,9.2,9.81,2.15,25,29,1.04,0.98
17/07/2021,8:20:00 PM,8:20:25 PM,Bunbury,WA,1,185340938,R1 1609m Pace M,185340939,Harness,1609,Pace,40198183,6,Verdansk Queen,LOSER,4.95,LOSER,2.23,752.76,5.5,2.48,4.9,4.35,1752.54,70,2.8,42,10.3,92.93,702.44,2.88,2.02,2.06,2.39,108.5,4.9,5,1.04,0.98
17/07/2021,8:20:00 PM,8:20:25 PM,Bunbury,WA,1,185340938,R1 1609m Pace M,185340939,Harness,1609,Pace,40198184,7,Radiant Bay,LOSER,25,LOSER,15.39,147.8,29,20,25,23.93,129.48,110,18,110,51.3,11.98,98.94,6.8,6.6,6.8,6.71,13.54,21,23,1.04,0.98
17/07/2021,8:53:00 PM,8:53:27 PM,Bunbury,WA,2,185340940,R2 2100m Pace M,185340941,Harness,2100,Pace,6887758,1,Seger,LOSER,8.07,LOSER,3.51,563.93,9.6,5.4,8.2,8.12,879.19,220,6,15,11.72,129.64,457.37,3.7,3.15,3.2,3.2,215.08,8.8,9.6,1.02,0.98
17/07/2021,8:53:00 PM,8:53:27 PM,Bunbury,WA,2,185340940,R2 2100m Pace M,185340941,Harness,2100,Pace,38407233,2,Advance Strike,WINNER,3.62,WINNER,1.97,1513.33,3.9,2.96,3.65,3.38,2737.18,3.85,1.02,1.09,1.76,1950.59,666.54,2.1,1.76,1.84,1.82,315.01,3.4,3.5,1.02,0.98
17/07/2021,8:53:00 PM,8:53:27 PM,Bunbury,WA,2,185340940,R2 2100m Pace M,185340941,Harness,2100,Pace,20148520,3,Madam Of Mischief,LOSER,14.39,LOSER,4.7,324.07,15.5,8.4,13,10.59,443.18,720,8,490,21.18,92.04,254.16,4.5,3.05,4.4,4.21,65.06,13.5,14.5,1.02,0.98
17/07/2021,8:53:00 PM,8:53:27 PM,Bunbury,WA,2,185340940,R2 2100m Pace M,185340941,Harness,2100,Pace,7117042,4,Nellie Babe,LOSER,122.22,WINNER,38.11,66.02,200,65,90,84.03,65.82,620,2.18,620,34.48,90.51,70.68,42,20,38,23.58,6.23,80,95,1.02,0.98
17/07/2021,8:53:00 PM,8:53:27 PM,Bunbury,WA,2,185340940,R2 2100m Pace M,185340941,Harness,2100,Pace,23793334,5,Allthewaytoroyalty,LOSER,70,LOSER,15.27,78.89,200,40,50,55.39,150.6,720,34,710,84.41,18.64,106.41,17.5,16,16.5,16.9,15,42,46,1.02,0.98
17/07/2021,8:53:00 PM,8:53:27 PM,Bunbury,WA,2,185340940,R2 2100m Pace M,185340941,Harness,2100,Pace,27152404,6,Good Day Sunshine,LOSER,2.43,LOSER,1.51,3668.23,4.3,2.26,2.44,2.54,10160,140,2.26,140,3.9,1158.55,1340.23,1.78,1.48,1.51,1.67,1186.31,2.28,2.3,1.02,0.98
17/07/2021,8:53:00 PM,8:53:27 PM,Bunbury,WA,2,185340940,R2 2100m Pace M,185340941,Harness,2100,Pace,27223760,7,Flaming Cullen,LOSER,13.66,LOSER,4.9,312.41,18,6.4,13,12.97,428.92,420,10,280,18.67,100.42,355.36,4.9,3.65,4.4,4.45,25.58,15.5,17,1.02,0.98
17/07/2021,9:24:00 PM,9:24:32 PM,Bunbury,WA,3,185340942,R3 2100m Pace M,185340943,Harness,2100,Pace,28170335,1,Tahi,LOSER,1.58,WINNER,1.23,3359.15,1.9,1.31,1.6,1.67,23363.77,110,1.46,29,1.91,2904.81,1380.19,1.26,1.18,1.21,1.23,2191.63,1.6,1.67,1.03,0.98
17/07/2021,9:24:00 PM,9:24:32 PM,Bunbury,WA,3,185340942,R3 2100m Pace M,185340943,Harness,2100,Pace,28161183,2,Soho Gigolo,WINNER,5.4,WINNER,1.79,588.96,6.2,3.3,5.3,5.17,8285.9,5.3,1.01,1.02,1.65,1903.63,742.65,2.06,1.57,1.75,1.87,2310.18,5.1,5.5,1.03,0.98
17/07/2021,9:24:00 PM,9:24:32 PM,Bunbury,WA,3,185340942,R3 2100m Pace M,185340943,Harness,2100,Pace,24798295,3,Classy Colby,LOSER,45.4,LOSER,11.1,118.12,70,29,40,38.22,536.91,720,7.6,90,48.1,21.67,114.67,9,8,8.2,8.46,15,32,34,1.03,0.98
17/07/2021,9:24:00 PM,9:24:32 PM,Bunbury,WA,3,185340942,R3 2100m Pace M,185340943,Harness,2100,Pace,39087918,4,Sweet Sassymolassy,LOSER,9.81,LOSER,3.37,517.03,13,4.8,9,8.39,2057.18,720,6.2,720,14.97,134.67,270.29,3.55,2.72,3.4,3.07,231.27,9.4,10,1.03,0.98
17/07/2021,9:24:00 PM,9:24:32 PM,Bunbury,WA,3,185340942,R3 2100m Pace M,185340943,Harness,2100,Pace,21937086,5,Raging Romeo,LOSER,110,LOSER,42,101.88,330,85,95,141.14,88.12,720,50,700,116.28,64.69,48.7,42,21,42,30.44,9.08,190,220,1.03,0.98
17/07/2021,9:24:00 PM,9:24:32 PM,Bunbury,WA,3,185340942,R3 2100m Pace M,185340943,Harness,2100,Pace,19258227,6,Jessie Joan,LOSER,212.43,LOSER,138.97,44.59,430,80,400,172.13,153.56,920,19.5,700,131.8,9.76,27.87,140,24,140,72.16,18.01,300,390,1.03,0.98
17/07/2021,9:24:00 PM,9:24:32 PM,Bunbury,WA,3,185340942,R3 2100m Pace M,185340943,Harness,2100,Pace,13628852,7,Sagatious,LOSER,19.77,LOSER,5.8,298.58,24,12,19.5,14.79,1280.12,720,2.64,720,14.45,122.64,231.23,6,4.1,6,4.52,111.63,16,17,1.03,0.98
17/07/2021,9:57:00 PM,9:57:48 PM,Bunbury,WA,4,185340944,R4 2100m Pace M,185340945,Harness,2100,Pace,25390601,1,Magic Matteo,LOSER,30.42,LOSER,5.2,208.35,29,17.5,29,20.64,201.33,720,12.5,480,34.8,62.24,49.92,5.5,3.9,5.5,4.36,209.05,24,26,1.02,0.98
17/07/2021,9:57:00 PM,9:57:48 PM,Bunbury,WA,4,185340944,R4 2100m Pace M,185340945,Harness,2100,Pace,23314782,2,Ainsworth,LOSER,47.55,WINNER,8.88,98.52,75,46,60,50.38,120.37,710,7.4,480,38.56,32.6,160.64,8,7,7,7.5,363.65,48,55,1.02,0.98
17/07/2021,9:57:00 PM,9:57:48 PM,Bunbury,WA,4,185340944,R4 2100m Pace M,185340945,Harness,2100,Pace,24730178,3,Miss Eerie,LOSER,21,LOSER,5.85,119.63,30,11.5,19,22.02,147.62,720,18.5,480,64.73,9.01,308.32,4.6,3.95,3.95,4.25,40,21,24,1.02,0.98
17/07/2021,9:57:00 PM,9:57:48 PM,Bunbury,WA,4,185340944,R4 2100m Pace M,185340945,Harness,2100,Pace,36036912,4,Lamour Dottie,WINNER,6.06,WINNER,2.29,956.7,11,5.1,5.1,6.57,2781.91,23,1.01,1.01,1.73,3356.36,579.98,3.05,2.04,2.2,2.48,195.32,5.6,5.9,1.02,0.98
17/07/2021,9:57:00 PM,9:57:48 PM,Bunbury,WA,4,185340944,R4 2100m Pace M,185340945,Harness,2100,Pace,38139029,5,Rockin Jetstar,LOSER,33.64,LOSER,16.12,165.13,50,29,34,34.37,78.97,910,2.06,720,20.29,70.23,112.34,19.5,14.5,14.5,16.32,0.11,32,34,1.02,0.98
17/07/2021,9:57:00 PM,9:57:48 PM,Bunbury,WA,4,185340944,R4 2100m Pace M,185340945,Harness,2100,Pace,38213995,6,Kirsten,LOSER,335.84,LOSER,284.11,39.56,260,110,230,181.04,38.61,720,270,720,401.05,3.88,0.26,310,15.5,280,28.82,5.26,230,250,1.02,0.98
17/07/2021,9:57:00 PM,9:57:48 PM,Bunbury,WA,4,185340944,R4 2100m Pace M,185340945,Harness,2100,Pace,23278476,7,Cassius Bromac,LOSER,4.6,LOSER,2.08,707.16,6,4.4,4.5,5.03,1869.16,870,4.6,870,18.39,185.83,672.84,2.22,1.91,2.2,2.17,314.61,5.5,5.9,1.02,0.98
17/07/2021,9:57:00 PM,9:57:48 PM,Bunbury,WA,4,185340944,R4 2100m Pace M,185340945,Harness,2100,Pace,40198185,8,Ima Rockabilly Rebel,LOSER,4.9,WINNER,1.69,886.02,4.7,3.35,4.7,3.83,1628.67,140,2.3,110,5.55,357.81,1099.06,1.79,1.55,1.79,1.72,266.6,3.8,3.85,1.02,0.98
17/07/2021,9:57:00 PM,9:57:48 PM,Bunbury,WA,4,185340944,R4 2100m Pace M,185340945,Harness,2100,Pace,27627473,9,Stormyskyes,LOSER,40,LOSER,10.6,93.69,95,44,48,56.61,118.62,710,26,710,59.61,22.34,172.74,7.6,7.6,7.6,7.6,10,48,60,1.02,0.98
17/07/2021,9:57:00 PM,9:57:48 PM,Bunbury,WA,4,185340944,R4 2100m Pace M,185340945,Harness,2100,Pace,37974972,10,Goodonya Mate,LOSER,120,LOSER,417.86,44.01,360,90,120,135.55,37.67,720,60,720,150.8,17.28,0.06,280,10.5,90,13.1,5.05,90,95,1.02,0.98
17/07/2021,9:57:00 PM,9:57:48 PM,Bunbury,WA,4,185340944,R4 2100m Pace M,185340945,Harness,2100,Pace,36120663,11,Broadbeach,LOSER,4.79,LOSER,1.78,829.52,5.4,4.2,4.8,4.63,2696.46,780,3,780,8.44,257.9,850.12,1.97,1.7,1.97,1.85,238.07,4.5,4.6,1.02,0.98
17/07/2021,10:22:00 PM,10:22:30 PM,Bunbury,WA,5,185340946,R5 2100m Pace M,185340947,Harness,2100,Pace,3276238,2,Sir Nicholas,LOSER,47.26,WINNER,1.85,114.36,80,29,42,36.53,316.91,110,29,85,52.89,11.52,1123.99,2.22,1.85,1.86,2,1167.59,30,32,1.01,0.99
17/07/2021,10:22:00 PM,10:22:30 PM,Bunbury,WA,5,185340946,R5 2100m Pace M,185340947,Harness,2100,Pace,22378510,3,Batavia Silverline,LOSER,110,LOSER,3.17,23.5,160,16.5,160,71.97,153.49,940,110,300,201.55,5.8,573.86,3.15,2.72,3.15,3.03,156.1,110,140,1.01,0.99
17/07/2021,10:22:00 PM,10:22:30 PM,Bunbury,WA,5,185340946,R5 2100m Pace M,185340947,Harness,2100,Pace,21165593,4,Gingers Jet,LOSER,35.47,WINNER,1.67,86.26,46,9.2,36,26.5,386.48,100,18,44,40.26,17.59,1017.71,1.8,1.59,1.67,1.65,810.06,23,26,1.01,0.99
17/07/2021,10:22:00 PM,10:22:30 PM,Bunbury,WA,5,185340946,R5 2100m Pace M,185340947,Harness,2100,Pace,40198186,5,Typhoon Banner,WINNER,1.11,WINNER,1.03,4273.36,1.29,1.09,1.1,1.13,35039.41,1.27,1.04,1.05,1.09,9369.64,,1.09,1.02,1.03,1.03,6730.91,1.14,1.16,1.01,0.99
17/07/2021,10:22:00 PM,10:22:30 PM,Bunbury,WA,5,185340946,R5 2100m Pace M,185340947,Harness,2100,Pace,2866973,7,Diamond Dove,LOSER,24,LOSER,1.71,106.06,40,7.6,25,22.01,645.63,65,11.5,14,26.6,34.05,1282.39,1.85,1.65,1.73,1.72,1195.26,19.5,21,1.01,0.99
17/07/2021,10:50:00 PM,10:50:32 PM,Bunbury,WA,6,185340948,R6 2100m Pace M,185340949,Harness,2100,Pace,36036930,1,Hes Thunder,LOSER,29,WINNER,8.75,324.76,38,14.5,34,27.94,612.99,720,21,720,37.95,36.52,150.15,7.8,7,7.6,7.27,215.43,28,30,1.02,0.98
17/07/2021,10:50:00 PM,10:50:32 PM,Bunbury,WA,6,185340948,R6 2100m Pace M,185340949,Harness,2100,Pace,27213007,2,Gov Starzzz,LOSER,5.51,LOSER,2.38,886.5,6.6,3.9,5.7,4.73,2689.41,720,2.06,720,3.76,439.68,723.34,2.42,1.95,2.4,2.02,281.31,5.2,5.5,1.02,0.98
17/07/2021,10:50:00 PM,10:50:32 PM,Bunbury,WA,6,185340948,R6 2100m Pace M,185340949,Harness,2100,Pace,36513164,3,Justlike Turbo,LOSER,3.9,LOSER,1.65,1044.64,5.5,3.8,4,4.25,1733.99,720,3.05,720,6.61,251.12,1142.73,1.98,1.65,1.72,1.78,569.42,3.95,4.1,1.02,0.98
17/07/2021,10:50:00 PM,10:50:32 PM,Bunbury,WA,6,185340948,R6 2100m Pace M,185340949,Harness,2100,Pace,26122964,4,Theycall Me Stooge,WINNER,12.72,WINNER,5.78,366.7,27,12.5,13.5,15.23,760.17,38,1.01,1.01,1.86,1091.62,295.64,5.2,4.3,4.4,4.42,308.16,13.5,15,1.02,0.98
17/07/2021,10:50:00 PM,10:50:32 PM,Bunbury,WA,6,185340948,R6 2100m Pace M,185340949,Harness,2100,Pace,3386899,7,Mufasa,LOSER,2.14,LOSER,1.44,1987.67,2.34,1.9,2.14,2.11,12416.68,670,1.73,670,2.74,1547.41,1191.66,1.45,1.29,1.45,1.37,343.68,2.14,2.2,1.02,0.98
17/07/2021,11:15:00 PM,11:15:20 PM,Bunbury,WA,7,185340950,R7 2100m Pace M,185340951,Harness,2100,Pace,40198187,1,Mango Tango,LOSER,105.89,LOSER,16.97,67.24,300,75,130,125.98,61.3,1000,75,1000,110.5,11.01,91.12,15.5,11,15,13.5,17.8,100,120,1.03,0.99
17/07/2021,11:15:00 PM,11:15:20 PM,Bunbury,WA,7,185340950,R7 2100m Pace M,185340951,Harness,2100,Pace,40198188,2,Miss Serenade,WINNER,1.21,WINNER,1.06,4163.86,1.35,1.19,1.21,1.24,12944.99,1.38,1.01,1.01,1.08,2915.91,568.92,1.13,1.06,1.06,1.07,2718.13,1.23,1.25,1.03,0.99
17/07/2021,11:15:00 PM,11:15:20 PM,Bunbury,WA,7,185340950,R7 2100m Pace M,185340951,Harness,2100,Pace,32828539,3,Batavia Fusion,LOSER,61.02,LOSER,11.25,74.5,110,65,110,84.58,25.31,720,46,720,111.59,7.91,159.19,9,7.8,9,8.76,8.51,70,95,1.03,0.99
17/07/2021,11:15:00 PM,11:15:20 PM,Bunbury,WA,7,185340950,R7 2100m Pace M,185340951,Harness,2100,Pace,40198189,4,Mach Freeway,LOSER,10.41,WINNER,2.14,358.46,13,5.7,10.5,9.39,513.66,710,5.8,710,20.72,50.36,914.86,2.22,1.67,2.04,2.03,721.05,8.8,9.6,1.03,0.99
17/07/2021,11:15:00 PM,11:15:20 PM,Bunbury,WA,7,185340950,R7 2100m Pace M,185340951,Harness,2100,Pace,37425528,5,Goodealehmaddie,LOSER,16.74,LOSER,2.48,164.92,28,14,17.5,16.38,315.99,480,10.5,480,24.69,33.8,837.76,3.2,2.3,2.62,2.45,1024.37,14.5,17,1.03,0.99
17/07/2021,11:15:00 PM,11:15:20 PM,Bunbury,WA,7,185340950,R7 2100m Pace M,185340951,Harness,2100,Pace,10611342,6,Galactic Ruler,LOSER,120,LOSER,24.39,44.93,300,95,200,122.43,52.2,720,95,720,142.26,14.03,77.63,32,11.5,32,13.64,17.95,110,140,1.03,0.99
17/07/2021,4:55:00 PM,4:56:04 PM,Geelong,VIC,1,185342136,R1 2100m Pace M,185342137,Harness,2100,Pace,28393550,1,Sir Roman,LOSER,9.4,WINNER,3.6,598.02,15,7.8,9.6,11.72,900.26,780,4.5,420,13.85,202.88,269.91,3.6,2.78,3.55,3.22,212.82,13.5,15,1.02,0.97
17/07/2021,4:55:00 PM,4:56:04 PM,Geelong,VIC,1,185342136,R1 2100m Pace M,185342137,Harness,2100,Pace,25475495,2,Maxactor,LOSER,21.96,LOSER,5.21,216.43,30,14.5,23,18.78,846.25,1000,17.5,1000,117.99,293.38,247.71,4.9,3.7,4.9,4.13,426.21,19,21,1.02,0.97
17/07/2021,4:55:00 PM,4:56:04 PM,Geelong,VIC,1,185342136,R1 2100m Pace M,185342137,Harness,2100,Pace,28578952,3,La Puddie,LOSER,3.11,WINNER,1.53,2299.62,3.6,2.52,3.2,3.17,10269.44,32,1.19,2.16,2.42,6161.91,1030.02,1.6,1.38,1.51,1.5,445.24,3,3.05,1.02,0.97
17/07/2021,4:55:00 PM,4:56:04 PM,Geelong,VIC,1,185342136,R1 2100m Pace M,185342137,Harness,2100,Pace,27385375,4,The Big End Oftown,LOSER,29.14,LOSER,12.2,154.58,36,17.5,36,22.15,305.06,720,5.2,720,20.69,101.17,94.58,5.4,5.4,5.4,5.4,10.03,18.5,20,1.02,0.97
17/07/2021,4:55:00 PM,4:56:04 PM,Geelong,VIC,1,185342136,R1 2100m Pace M,185342137,Harness,2100,Pace,36499973,5,Cool Rocking Daddy,WINNER,4.28,WINNER,2.09,1074.91,8,4,4.1,4.57,5349.9,11.5,1.02,1.87,3.41,1511.43,923.57,2.32,1.64,2.06,1.91,155.78,4.3,4.5,1.02,0.97
17/07/2021,4:55:00 PM,4:56:04 PM,Geelong,VIC,1,185342136,R1 2100m Pace M,185342137,Harness,2100,Pace,24730069,6,Whats Stanley Got,LOSER,54.72,LOSER,8.08,126.09,70,40,60,49.39,158.97,720,27,75,59.06,41.9,201.36,8.2,7.6,7.8,7.68,35.67,44,50,1.02,0.97
17/07/2021,4:55:00 PM,4:56:04 PM,Geelong,VIC,1,185342136,R1 2100m Pace M,185342137,Harness,2100,Pace,28277007,7,Iamawingate,LOSER,65,LOSER,9,123.67,90,30,85,55.73,70.66,910,12.5,910,111.06,47.74,5,9,9,9,9,5.02,65,70,1.02,0.97
17/07/2021,4:55:00 PM,4:56:04 PM,Geelong,VIC,1,185342136,R1 2100m Pace M,185342137,Harness,2100,Pace,25102763,8,Daylight At Dawn,LOSER,6.22,LOSER,2.12,693.06,7.8,5.3,5.9,6.08,2208.49,720,5.7,720,30.53,242.54,846.1,2.3,2.08,2.1,2.11,92.61,6.6,6.8,1.02,0.97
17/07/2021,4:55:00 PM,4:56:04 PM,Geelong,VIC,1,185342136,R1 2100m Pace M,185342137,Harness,2100,Pace,20864104,9,Idle Times,LOSER,130,LOSER,48,43.96,150,65,150,112.57,54.21,720,40,700,111.23,74.63,29.46,,,,,,80,140,1.02,0.97
17/07/2021,4:55:00 PM,4:56:04 PM,Geelong,VIC,1,185342136,R1 2100m Pace M,185342137,Harness,2100,Pace,31079432,10,Vanity Bay,LOSER,44,LOSER,9.25,90.84,55,20,42,35.83,226.33,910,17.5,910,66.87,51.1,104.54,,,,,,55,60,1.02,0.97
17/07/2021,4:55:00 PM,4:56:04 PM,Geelong,VIC,1,185342136,R1 2100m Pace M,185342137,Harness,2100,Pace,38014131,11,Dot The Eye,LOSER,17.5,LOSER,4.55,263.99,20,15,16.5,16.6,399.37,720,5.7,710,22.28,178.91,186.85,4.8,3.85,4.8,4.63,83.98,18.5,20,1.02,0.97
17/07/2021,5:28:00 PM,5:29:31 PM,Geelong,VIC,2,185342138,R2 2100m Pace M,185342139,Harness,2100,Pace,36331508,1,Denis William,LOSER,6.79,WINNER,1.93,641.52,8.4,4.9,6.8,6.38,5993.72,720,6,720,15.11,165.53,608.23,2.48,1.58,2,2.05,1251,7.6,8,0.9,0.99
17/07/2021,5:28:00 PM,5:29:31 PM,Geelong,VIC,2,185342138,R2 2100m Pace M,185342139,Harness,2100,Pace,35772552,2,Soho Bollinger,WINNER,3.39,WINNER,1.51,2626.5,4.9,3.5,3.75,4.01,8520.72,3.7,1.9,2.84,3.13,2938.06,939.7,1.62,1.51,1.55,1.57,157.15,4.2,4.3,0.9,0.99
17/07/2021,5:28:00 PM,5:29:31 PM,Geelong,VIC,2,185342138,R2 2100m Pace M,185342139,Harness,2100,Pace,22822528,3,Stingray Tara,LOSER,19,LOSER,4.3,300.93,32,16,18.5,21.77,891.97,900,9,720,17.89,254.74,224.96,4.6,3.85,4.1,4.17,207.52,26,28,0.9,0.99
17/07/2021,5:28:00 PM,5:29:31 PM,Geelong,VIC,2,185342138,R2 2100m Pace M,185342139,Harness,2100,Pace,7953925,4,Concealment,LOSER,71.13,LOSER,99.9,110.76,120,55,110,86.63,73.1,720,65,720,119.97,18.06,0.28,810,19.5,29,93.31,0.28,80,100,0.9,0.99
17/07/2021,5:28:00 PM,5:29:31 PM,Geelong,VIC,2,185342138,R2 2100m Pace M,185342139,Harness,2100,Pace,39242069,5,She Will Rock,LOSER,92.74,LOSER,15.13,99.46,170,85,170,125.91,67.06,720,65,720,120.8,29.3,98.3,19,11.5,11.5,16.61,179.6,90,110,0.9,0.99
17/07/2021,5:28:00 PM,5:29:31 PM,Geelong,VIC,2,185342138,R2 2100m Pace M,185342139,Harness,2100,Pace,24742196,6,Arocknatthepark,LOSER,53.53,LOSER,8.8,165.76,90,36,65,47.34,150.3,720,6.6,720,27.11,135.79,117.37,7.6,7.2,7.6,7.27,36.01,42,46,0.9,0.99
17/07/2021,5:28:00 PM,5:29:31 PM,Geelong,VIC,2,185342138,R2 2100m Pace M,185342139,Harness,2100,Pace,17886286,7,Young Rooster,LOSER,58.79,LOSER,7.18,286.88,80,36,70,50.28,317.65,720,55,210,101.29,16.87,160.64,10.5,6,6.6,6.34,218.85,38,48,0.9,0.99
17/07/2021,5:28:00 PM,5:29:31 PM,Geelong,VIC,2,185342138,R2 2100m Pace M,185342139,Harness,2100,Pace,21413044,8,Tango Tara,LOSER,2.93,WINNER,1.47,1547.34,3.9,2.36,2.82,2.71,20045.07,3.1,1.41,2,2.52,1878.83,1429.32,1.58,1.31,1.42,1.39,572.17,3.5,2.44,0.9,0.99
17/07/2021,5:28:00 PM,5:29:31 PM,Geelong,VIC,2,185342138,R2 2100m Pace M,185342139,Harness,2100,Pace,35833994,9,Soextra,LOSER,41.92,LOSER,6.6,192.92,100,36,46,43.12,145.84,720,10,720,34.67,94.44,196.39,7,6.2,7,6.75,16.99,38,40,0.9,0.99
17/07/2021,5:28:00 PM,5:29:31 PM,Geelong,VIC,2,185342138,R2 2100m Pace M,185342139,Harness,2100,Pace,26397888,10,Major Meister,LOSER,7.85,LOSER,2.53,707.24,10.5,5.3,8.8,8.36,1970.45,720,5.4,720,10.28,284.15,421.64,2.62,2.2,2.46,2.37,150.62,9.8,10.5,0.9,0.99
17/07/2021,6:03:00 PM,6:06:23 PM,Geelong,VIC,3,185342140,R3 2100m Trot M,185342141,Harness,2100,Trot,23380192,1,Morgan Mylee,LOSER,7.21,WINNER,2.3,696.21,8.6,4.9,7.4,7.03,1441.37,9,1.15,4.1,4.69,593.59,952.57,2.68,1.79,2.4,2.39,710.64,8,8.8,1.04,0.97
17/07/2021,6:03:00 PM,6:06:23 PM,Geelong,VIC,3,185342140,R3 2100m Trot M,185342141,Harness,2100,Trot,40119259,2,Majestical Belle,LOSER,9.04,LOSER,2.81,439.57,18,7.4,9.4,9.73,1549.24,1000,4.5,420,13.47,165.37,496.99,4.9,2.4,2.54,2.99,457.69,8,8.6,1.04,0.97
17/07/2021,6:03:00 PM,6:06:23 PM,Geelong,VIC,3,185342140,R3 2100m Trot M,185342141,Harness,2100,Trot,27212847,3,A Jewel In The Crown,LOSER,22.98,LOSER,4.83,182.46,25,17,19,19.28,552.82,1000,3,300,13.83,211.71,103.67,4.9,4.3,4.9,4.51,19.03,18,19,1.04,0.97
17/07/2021,6:03:00 PM,6:06:23 PM,Geelong,VIC,3,185342140,R3 2100m Trot M,185342141,Harness,2100,Trot,22462004,4,Maorishadow,LOSER,85,LOSER,167.3,79.2,130,60,85,71.65,133.75,1000,85,1000,168,15.67,0.17,980,11,95,15.39,11.53,60,65,1.04,0.97
17/07/2021,6:03:00 PM,6:06:23 PM,Geelong,VIC,3,185342140,R3 2100m Trot M,185342141,Harness,2100,Trot,36201159,5,Leanne Leeann,LOSER,10.01,LOSER,3.95,240.24,17.5,8.8,9.8,10.55,1676.76,1000,4.1,550,10.83,219.37,173.42,4.5,2.96,3.95,3.45,169.44,14.5,17,1.04,0.97
17/07/2021,6:03:00 PM,6:06:23 PM,Geelong,VIC,3,185342140,R3 2100m Trot M,185342141,Harness,2100,Trot,9550444,6,Fear Not,LOSER,130,LOSER,17.87,43.88,180,95,150,131.96,85.69,1000,240,700,444.56,2.39,77.66,18,16.5,17,17.49,34.99,150,170,1.04,0.97
17/07/2021,6:03:00 PM,6:06:23 PM,Geelong,VIC,3,185342140,R3 2100m Trot M,185342141,Harness,2100,Trot,26963776,7,Cyclone S Adams,LOSER,5.87,WINNER,2.32,396.12,5.9,3.75,5.4,5.11,1728.8,1000,2.22,1000,4.06,725.02,813.74,2.56,2.08,2.18,2.23,321.65,5.2,5.5,1.04,0.97
17/07/2021,6:03:00 PM,6:06:23 PM,Geelong,VIC,3,185342140,R3 2100m Trot M,185342141,Harness,2100,Trot,19167844,10,Norquay,LOSER,7.56,LOSER,2.53,844.82,8.4,5.5,7.6,6.68,1823.18,1000,6.6,1000,29.08,50.93,468.42,2.38,2.16,2.16,2.31,123.68,5.5,5.9,1.04,0.97
17/07/2021,6:03:00 PM,6:06:23 PM,Geelong,VIC,3,185342140,R3 2100m Trot M,185342141,Harness,2100,Trot,29907454,11,Kyvalley Chief,WINNER,4.14,WINNER,1.78,1570.69,5.9,4.1,4.2,4.53,3550.14,11,1.24,1.37,3.48,898.82,600.43,1.99,1.75,1.89,1.86,278.14,4.6,4.8,1.04,0.97
17/07/2021,6:03:00 PM,6:06:23 PM,Geelong,VIC,3,185342140,R3 2100m Trot M,185342141,Harness,2100,Trot,39065705,12,Moonshine Linda,LOSER,18.98,LOSER,5.1,111.25,25,16.5,17,20.59,401.36,1000,15.5,1000,65.09,18.32,85.11,4.5,4.1,4.5,4.42,65.16,21,22,1.04,0.97
17/07/2021,6:33:00 PM,6:33:58 PM,Geelong,VIC,4,185342142,R4 2100m Pace M,185342143,Harness,2100,Pace,36120616,1,Kurun Express,LOSER,153.12,WINNER,21,31.58,300,50,150,151.8,53.52,720,32,250,82.11,67.91,29.18,36,7.4,36,9.26,64.57,210,220,1.03,0.98
17/07/2021,6:33:00 PM,6:33:58 PM,Geelong,VIC,4,185342142,R4 2100m Pace M,185342143,Harness,2100,Pace,28281691,2,Dancing Finn,LOSER,8.6,LOSER,2.34,490.56,9.2,5.9,8.6,8.1,631.82,880,4.2,720,19.88,146.14,660.93,2.42,2.22,2.22,2.22,115.77,8.4,9,1.03,0.98
17/07/2021,6:33:00 PM,6:33:58 PM,Geelong,VIC,4,185342142,R4 2100m Pace M,185342143,Harness,2100,Pace,2458884,3,Starvin Marvin,LOSER,65.46,LOSER,9,61.36,140,26,55,49.82,205.7,720,2.54,90,45.7,48.38,122.98,7.8,5.7,7.8,6.08,48.51,50,55,1.03,0.98
17/07/2021,6:33:00 PM,6:33:58 PM,Geelong,VIC,4,185342142,R4 2100m Pace M,185342143,Harness,2100,Pace,25863774,4,Drain The Swamp,LOSER,7.91,LOSER,2.2,320.64,8.6,5.4,7.4,7.2,1455.64,870,5.2,280,16.22,168.93,806.08,2.2,1.57,2.2,2.06,81.82,7.8,8.6,1.03,0.98
17/07/2021,6:33:00 PM,6:33:58 PM,Geelong,VIC,4,185342142,R4 2100m Pace M,185342143,Harness,2100,Pace,28286336,5,Captain Bellasario,WINNER,2.12,WINNER,1.27,3100.75,2.9,2.08,2.14,2.33,7494.68,3.5,1.01,1.01,1.88,3595.62,1574.29,1.5,1.25,1.25,1.38,3135.15,2.22,2.28,1.03,0.98
17/07/2021,6:33:00 PM,6:33:58 PM,Geelong,VIC,4,185342142,R4 2100m Pace M,185342143,Harness,2100,Pace,2448491,6,Spring In His Step,LOSER,6,LOSER,1.78,765.25,8.2,5.1,5.9,5.78,1813.38,870,5.4,780,14.84,179.74,978.42,1.92,1.76,1.76,1.9,299.17,5.3,5.5,1.03,0.98
17/07/2021,6:33:00 PM,6:33:58 PM,Geelong,VIC,4,185342142,R4 2100m Pace M,185342143,Harness,2100,Pace,36471911,7,Dessie Gee,LOSER,27.41,WINNER,4.5,155.82,44,18,23,21.81,327.45,110,3.25,110,12.2,391.34,244.09,4.4,3.95,4.2,4.14,76.46,22,23,1.03,0.98
17/07/2021,6:33:00 PM,6:33:58 PM,Geelong,VIC,4,185342142,R4 2100m Pace M,185342143,Harness,2100,Pace,36386742,8,Dougs Babe,LOSER,14,LOSER,3.17,269.95,16,8.8,13.5,12.45,962.71,1000,8,1000,29.14,40.14,456.88,3.2,3,3.2,3.08,13.02,14.5,15.5,1.03,0.98
17/07/2021,7:03:00 PM,7:03:43 PM,Geelong,VIC,5,185342144,R5 1609m Pace M,185342145,Harness,1609,Pace,2360838,1,Check In,WINNER,13.5,WINNER,1.83,461.81,25,10,13.5,12.92,977.83,14.5,1.01,1.02,2.36,2231.49,1476.46,2.78,1.62,2,1.96,1683.36,14,13,1.01,0.99
17/07/2021,7:03:00 PM,7:03:43 PM,Geelong,VIC,5,185342144,R5 1609m Pace M,185342145,Harness,1609,Pace,36682299,2,Jimmy The Irishman,LOSER,1.73,LOSER,1.16,4119.56,2.22,1.71,1.74,1.79,11045.42,1000,1.5,1000,2.7,3235.74,1954.25,1.2,1.14,1.19,1.18,4197.43,1.75,1.77,1.01,0.99
17/07/2021,7:03:00 PM,7:03:43 PM,Geelong,VIC,5,185342144,R5 1609m Pace M,185342145,Harness,1609,Pace,17410818,3,Bullys Delight,LOSER,80.37,LOSER,6.91,81.33,80,46,75,59.17,74.81,930,17.5,660,150.29,31.07,282.66,6.8,6.2,6.8,6.46,46.98,55,60,1.01,0.99
17/07/2021,7:03:00 PM,7:03:43 PM,Geelong,VIC,5,185342144,R5 1609m Pace M,185342145,Harness,1609,Pace,19583049,4,Im No Outlaw,LOSER,66.46,LOSER,7.1,70.17,70,48,55,55.86,144.24,760,16.5,720,64.67,37.28,230.23,6.4,6,6.4,6.15,22,50,55,1.01,0.99
17/07/2021,7:03:00 PM,7:03:43 PM,Geelong,VIC,5,185342144,R5 1609m Pace M,185342145,Harness,1609,Pace,14425830,5,Smart Little Shard,LOSER,378.42,LOSER,29.99,20.08,260,110,230,181.64,32.74,990,19.5,920,231.13,39.3,73.33,,,,,,190,220,1.01,0.99
17/07/2021,7:03:00 PM,7:03:43 PM,Geelong,VIC,5,185342144,R5 1609m Pace M,185342145,Harness,1609,Pace,24796607,6,Krafty Bart,LOSER,11,LOSER,2.46,575.46,10.5,4.7,10.5,6.58,1191.71,890,10,890,46.24,136.08,483.11,2.3,1.66,2.2,2.08,379.8,8.6,9.2,1.01,0.99
17/07/2021,7:03:00 PM,7:03:43 PM,Geelong,VIC,5,185342144,R5 1609m Pace M,185342145,Harness,1609,Pace,24023331,7,Struve,LOSER,14.42,WINNER,3.52,797.45,22,9.6,15.5,15.61,891.75,480,3.05,480,15.83,267.05,582.69,5,3,3.3,3.33,268.24,15,15.5,1.01,0.99
17/07/2021,7:03:00 PM,7:03:43 PM,Geelong,VIC,5,185342144,R5 1609m Pace M,185342145,Harness,1609,Pace,37425485,8,Sahara Sirocco,LOSER,6.67,WINNER,1.65,533.73,9,6,6.2,6.81,2617.06,48,2.62,48,5.75,595.63,1863.88,2.08,1.61,1.7,1.74,404.06,7.4,7.8,1.01,0.99
17/07/2021,7:03:00 PM,7:03:43 PM,Geelong,VIC,5,185342144,R5 1609m Pace M,185342145,Harness,1609,Pace,11260627,9,Smithstars Lexus,LOSER,714.54,LOSER,53.71,13.54,480,220,360,267.28,31.94,1000,110,1000,643.9,16,39.15,,,,,,250,350,1.01,0.99
17/07/2021,7:34:00 PM,7:35:11 PM,Geelong,VIC,6,185342146,R6 2100m Pace M,185342147,Harness,2100,Pace,740030,1,Always Fast,WINNER,3.89,WINNER,1.6,1912.04,6.2,3.35,3.85,3.7,6576.36,3.9,1.01,1.01,1.58,5379.01,948.37,1.61,1.53,1.6,1.59,85.32,3.6,3.7,1.02,0.98
17/07/2021,7:34:00 PM,7:35:11 PM,Geelong,VIC,6,185342146,R6 2100m Pace M,185342147,Harness,2100,Pace,28485684,2,Santa Casa Beach,LOSER,7.74,LOSER,2.51,763.14,9.6,7,7.8,7.83,1924.7,780,6.6,780,25.96,114.21,307.82,2.58,2.08,2.52,2.27,82.69,8,8.4,1.02,0.98
17/07/2021,7:34:00 PM,7:35:11 PM,Geelong,VIC,6,185342146,R6 2100m Pace M,185342147,Harness,2100,Pace,23586473,3,Torrid Saint,LOSER,6.41,LOSER,2.12,603.56,7.6,5.4,6.4,6.02,2688.26,780,4.1,770,9.93,419.89,587.78,2.14,1.97,1.97,1.99,32.63,6.4,6.8,1.02,0.98
17/07/2021,7:34:00 PM,7:35:11 PM,Geelong,VIC,6,185342146,R6 2100m Pace M,185342147,Harness,2100,Pace,15673194,4,Boy From Bondi,LOSER,30.37,LOSER,6.02,181.62,55,27,30,33.96,438.41,720,20,380,51.81,43.87,218.57,6.4,4.3,6,5.56,86.5,38,40,1.02,0.98
17/07/2021,7:34:00 PM,7:35:11 PM,Geelong,VIC,6,185342146,R6 2100m Pace M,185342147,Harness,2100,Pace,16721787,5,Jamieson Steele,LOSER,34,LOSER,4.94,152.04,48,18,38,25.42,844.99,720,16.5,660,61.09,34.36,360.77,5.1,4.7,4.7,4.87,23.35,23,26,1.02,0.98
17/07/2021,7:34:00 PM,7:35:11 PM,Geelong,VIC,6,185342146,R6 2100m Pace M,185342147,Harness,2100,Pace,14162139,6,Rackemup Tigerpie,LOSER,64.88,LOSER,10,138.86,85,28,60,61.53,217.61,750,42,750,154.95,19.8,136.07,10,6.8,10,8.39,14.92,50,60,1.02,0.98
17/07/2021,7:34:00 PM,7:35:11 PM,Geelong,VIC,6,185342146,R6 2100m Pace M,185342147,Harness,2100,Pace,24553975,8,Malcolms Rhythm,LOSER,3.86,WINNER,1.6,3399.24,4.6,2.7,3.8,3.86,7962.13,780,1.9,770,3.78,1124.96,684.63,1.84,1.55,1.58,1.61,1049.49,3.7,3.75,1.02,0.98
17/07/2021,7:34:00 PM,7:35:11 PM,Geelong,VIC,6,185342146,R6 2100m Pace M,185342147,Harness,2100,Pace,18720596,9,Triple Eight,LOSER,8.5,WINNER,2.73,489.72,11,7.4,8.8,9.1,1817.18,1000,6,1000,15.58,206.57,527.92,2.78,2.48,2.76,2.68,313.76,9.6,10,1.02,0.98
17/07/2021,8:05:00 PM,8:05:56 PM,Geelong,VIC,7,185342148,R7 2100m Trot M,185342149,Harness,2100,Trot,16837253,1,Robbie Royale,LOSER,115.9,LOSER,16.5,52.53,150,75,95,91.29,128.47,720,32,700,108.46,15.84,99.03,13,11,13,11.86,20,85,130,1.03,0.98
17/07/2021,8:05:00 PM,8:05:56 PM,Geelong,VIC,7,185342148,R7 2100m Trot M,185342149,Harness,2100,Trot,36241403,2,Peregrine Phoenix,LOSER,29.9,LOSER,5.8,223.22,85,30,30,34.54,249.23,920,10,920,48.11,82.47,208.48,6.2,5.8,5.8,5.85,76.98,32,36,1.03,0.98
17/07/2021,8:05:00 PM,8:05:56 PM,Geelong,VIC,7,185342148,R7 2100m Trot M,185342149,Harness,2100,Trot,28459743,3,Brandlo Prince,LOSER,12,LOSER,3.04,247.94,34,11,12,13.21,470.77,720,12,720,29.81,71.8,449.23,7,3.2,3.55,3.42,209.73,13.5,14.5,1.03,0.98
17/07/2021,8:05:00 PM,8:05:56 PM,Geelong,VIC,7,185342148,R7 2100m Trot M,185342149,Harness,2100,Trot,21808438,5,Travel Bug,LOSER,26.95,LOSER,4.38,240.65,80,18,21,25.24,483.45,720,10,360,23.74,133.71,234.53,4,3.7,4,3.73,164.75,18.5,19.5,1.03,0.98
17/07/2021,8:05:00 PM,8:05:56 PM,Geelong,VIC,7,185342148,R7 2100m Trot M,185342149,Harness,2100,Trot,36593169,6,Sleepee,LOSER,2.97,WINNER,1.52,2319.38,3.95,2.8,3.1,3.03,8454.98,120,1.35,120,4.04,1973.83,1093.65,1.64,1.48,1.54,1.55,201.3,2.9,2.94,1.03,0.98
17/07/2021,8:05:00 PM,8:05:56 PM,Geelong,VIC,7,185342148,R7 2100m Trot M,185342149,Harness,2100,Trot,20503010,7,Aldebaran Crescent,LOSER,44,LOSER,15.1,80.97,65,28,38,38.18,169.75,720,16,300,55.52,31.12,114.52,6.2,6.2,6.2,6.2,20,32,36,1.03,0.98
17/07/2021,8:05:00 PM,8:05:56 PM,Geelong,VIC,7,185342148,R7 2100m Trot M,185342149,Harness,2100,Trot,19486663,8,Majestic Courtney,LOSER,105.97,LOSER,145.54,44.96,230,70,80,94.94,71.91,720,95,700,337.71,6.36,0.19,160,11.5,100,16.2,5.18,75,80,1.03,0.98
17/07/2021,8:05:00 PM,8:05:56 PM,Geelong,VIC,7,185342148,R7 2100m Trot M,185342149,Harness,2100,Trot,26801369,9,Pantzup,LOSER,75,LOSER,8.31,53.13,75,44,60,55.47,114.21,720,23,720,77.53,14,134.43,9,7,8.8,7.6,61.72,55,90,1.03,0.98
17/07/2021,8:05:00 PM,8:05:56 PM,Geelong,VIC,7,185342148,R7 2100m Trot M,185342149,Harness,2100,Trot,35709522,10,Keayang Livana,LOSER,7.2,WINNER,2.61,519.53,8.2,6,7.2,7.2,722.76,720,3.95,710,7.36,328.27,705.52,2.62,2.16,2.54,2.49,1.62,7.4,7.8,1.03,0.98
17/07/2021,8:05:00 PM,8:05:56 PM,Geelong,VIC,7,185342148,R7 2100m Trot M,185342149,Harness,2100,Trot,26204849,11,Maori Law,LOSER,85,LOSER,10.6,49.06,120,55,65,76.13,103.14,940,29,940,93.29,17.78,105.3,10,8.4,9,8.86,25,55,75,1.03,0.98
17/07/2021,8:05:00 PM,8:05:56 PM,Geelong,VIC,7,185342148,R7 2100m Trot M,185342149,Harness,2100,Trot,28024195,12,Majestuoso,WINNER,3.26,WINNER,1.72,1772.53,4,2.3,3.4,3.33,8387.89,8.8,1.01,1.01,2.2,2203.81,1181.26,2.2,1.49,1.76,1.71,283.93,3.7,3.75,1.03,0.98
17/07/2021,8:05:00 PM,8:05:56 PM,Geelong,VIC,7,185342148,R7 2100m Trot M,185342149,Harness,2100,Trot,25168637,13,Magicool,LOSER,30.14,LOSER,6,170.05,46,20,34,37.74,253.53,790,11,790,38.3,63.57,191.33,7.2,5.5,6.4,6.72,72.74,40,48,1.03,0.98
17/07/2021,8:40:00 PM,8:40:41 PM,Geelong,VIC,8,185342150,R8 2100m Pace M,185342151,Harness,2100,Pace,20129319,1,Rupert Of Lincoln,LOSER,5.3,WINNER,1.69,890.61,12.5,5.2,5.3,5.89,2324.11,1000,4.8,490,15.22,264.79,933.07,1.9,1.68,1.74,1.75,697.86,5.4,5.5,1.02,0.99
17/07/2021,8:40:00 PM,8:40:41 PM,Geelong,VIC,8,185342150,R8 2100m Pace M,185342151,Harness,2100,Pace,18967654,2,Vandanta,WINNER,3.94,WINNER,1.57,1695.86,4.5,2.22,4,3.72,6166.19,4.5,1.01,1.01,2.36,5012.67,929.56,1.72,1.36,1.58,1.59,419.48,4.1,4.2,1.02,0.99
17/07/2021,8:40:00 PM,8:40:41 PM,Geelong,VIC,8,185342150,R8 2100m Pace M,185342151,Harness,2100,Pace,10469898,3,Love Ina Chevy,LOSER,69.26,LOSER,11.29,111.78,250,44,70,56,253.98,1000,7,1000,31.82,190.36,21.13,,,,,,55,60,1.02,0.99
17/07/2021,8:40:00 PM,8:40:41 PM,Geelong,VIC,8,185342150,R8 2100m Pace M,185342151,Harness,2100,Pace,18673929,4,Sahara Tiger,LOSER,16,WINNER,3.37,387.13,55,13.5,13.5,17.92,1301.32,1000,8.6,350,19.68,198.1,445.47,4,3.2,3.2,3.24,37.09,13.5,14,1.02,0.99
17/07/2021,8:40:00 PM,8:40:41 PM,Geelong,VIC,8,185342150,R8 2100m Pace M,185342151,Harness,2100,Pace,22970748,5,Idealsomemagic,LOSER,28.92,LOSER,4.38,170.07,90,18,25,24.14,535.01,720,12,450,15.85,355.06,364.19,3.9,3.85,3.85,3.9,40,18,18.5,1.02,0.99
17/07/2021,8:40:00 PM,8:40:41 PM,Geelong,VIC,8,185342150,R8 2100m Pace M,185342151,Harness,2100,Pace,13477066,6,Somebeachshadow,LOSER,63.62,LOSER,7.6,98.56,80,29,48,44.69,385.89,1000,60,1000,121.7,18.92,145.91,9,6.4,7,7.3,74.93,48,55,1.02,0.99
17/07/2021,8:40:00 PM,8:40:41 PM,Geelong,VIC,8,185342150,R8 2100m Pace M,185342151,Harness,2100,Pace,13283254,7,Boncel Benjamin,LOSER,9.86,LOSER,2.65,727.37,25,9.4,10,11.73,939.74,1000,8,490,19.52,237.63,503.17,3.15,2.6,2.6,2.62,41.69,10,10.5,1.02,0.99
17/07/2021,8:40:00 PM,8:40:41 PM,Geelong,VIC,8,185342150,R8 2100m Pace M,185342151,Harness,2100,Pace,39670830,8,Sirletic,LOSER,2.88,LOSER,1.42,3153.42,3.25,2.1,2.98,2.88,6782.12,720,1.78,380,2.61,3300.34,1113.73,1.47,1.27,1.41,1.4,174.29,3.1,3.15,1.02,0.99
17/07/2021,9:07:00 PM,9:07:55 PM,Geelong,VIC,9,185342152,R9 2100m Pace M,185342153,Harness,2100,Pace,2607696,1,Regulus,LOSER,6.19,LOSER,1.75,477.07,7.4,5,5.9,5.96,940.74,720,6,490,14.18,270.19,812.96,2.04,1.73,1.78,1.77,191.25,5.5,6,1.05,0.97
17/07/2021,9:07:00 PM,9:07:55 PM,Geelong,VIC,9,185342152,R9 2100m Pace M,185342153,Harness,2100,Pace,10231088,2,Carload,LOSER,24.46,LOSER,3.6,156.57,23,9.6,21,15.81,579.99,900,23,900,49.9,70.4,107.27,3.7,3.25,3.55,3.46,278.73,16,17.5,1.05,0.97
17/07/2021,9:07:00 PM,9:07:55 PM,Geelong,VIC,9,185342152,R9 2100m Pace M,185342153,Harness,2100,Pace,20483659,3,Morvah,LOSER,110,LOSER,13.49,121.45,85,36,75,71.54,116.41,720,46,700,140.58,18,120.13,10.5,7.2,10.5,9.34,0.98,70,85,1.05,0.97
17/07/2021,9:07:00 PM,9:07:55 PM,Geelong,VIC,9,185342152,R9 2100m Pace M,185342153,Harness,2100,Pace,24730204,4,Batman Barry,LOSER,5.9,WINNER,1.82,605.15,5.8,4.5,5.5,5.21,783.34,720,1.74,70,3.4,1011.33,314.82,2.08,1.68,1.68,1.69,47.34,4.7,5.2,1.05,0.97
17/07/2021,9:07:00 PM,9:07:55 PM,Geelong,VIC,9,185342152,R9 2100m Pace M,185342153,Harness,2100,Pace,23414425,5,Wotdidusaaay,LOSER,17.1,WINNER,3.6,287.21,34,15,17.5,22.57,517.93,410,7.6,190,20.33,121.62,90.75,3.95,3.2,3.3,3.46,56.75,15.5,18,1.05,0.97
17/07/2021,9:07:00 PM,9:07:55 PM,Geelong,VIC,9,185342152,R9 2100m Pace M,185342153,Harness,2100,Pace,18097957,6,Mach Le More,WINNER,3.01,WINNER,1.49,1490.71,4.2,2.98,3.1,3.3,8803.42,4.1,1.01,1.01,2.02,2755.06,1060.84,1.64,1.54,1.54,1.6,492.5,3.35,3.5,1.05,0.97
17/07/2021,9:07:00 PM,9:07:55 PM,Geelong,VIC,9,185342152,R9 2100m Pace M,185342153,Harness,2100,Pace,24632270,7,Yianni,LOSER,4.44,LOSER,1.75,791.68,5,3.35,4.6,4.5,1598.91,720,4.4,110,8.52,332.06,1072.45,1.92,1.81,1.82,1.83,121.39,4.7,5,1.05,0.97
17/07/2021,9:40:00 PM,9:40:33 PM,Geelong,VIC,10,185342154,R10 1609m Pace M,185342155,Harness,1609,Pace,17889497,1,Mornings,WINNER,12.07,WINNER,3.15,675.55,15.5,9,12.5,11.97,1051,220,1.16,1.16,4.59,430.89,434.06,3.45,2.98,2.98,3.02,0.56,12.5,12,1.03,0.97
17/07/2021,9:40:00 PM,9:40:33 PM,Geelong,VIC,10,185342154,R10 1609m Pace M,185342155,Harness,1609,Pace,39539540,2,Dancing With Flo,LOSER,6.23,WINNER,1.96,614.86,7.8,4.2,5.5,6.28,4247.18,7.4,1.03,3.5,2.73,2025.88,635.13,2.12,1.84,1.99,2,52.54,6.2,7,1.03,0.97
17/07/2021,9:40:00 PM,9:40:33 PM,Geelong,VIC,10,185342154,R10 1609m Pace M,185342155,Harness,1609,Pace,23278774,3,Letherhairdown,LOSER,5.28,LOSER,1.82,853.62,7.4,4.5,5.2,5.1,1594.12,720,4.7,720,10.3,219.98,964.54,1.8,1.75,1.75,1.78,20,5.1,5.4,1.03,0.97
17/07/2021,9:40:00 PM,9:40:33 PM,Geelong,VIC,10,185342154,R10 1609m Pace M,185342155,Harness,1609,Pace,24783807,4,Orbie,LOSER,6.65,LOSER,2.18,564.52,9.4,6.2,6.6,7.11,989.17,720,4.8,710,10.63,268.65,768.26,2.4,2.1,2.1,2.12,29.03,7.6,8.4,1.03,0.97
17/07/2021,9:40:00 PM,9:40:33 PM,Geelong,VIC,10,185342154,R10 1609m Pace M,185342155,Harness,1609,Pace,19156071,5,Larajay Macray,LOSER,12,LOSER,2.96,516.96,22,9,10.5,12.1,2079.43,780,6,720,11.44,360.15,521.98,2.92,2.66,2.92,2.7,20.63,9.4,9.8,1.03,0.97
17/07/2021,9:40:00 PM,9:40:33 PM,Geelong,VIC,10,185342154,R10 1609m Pace M,185342155,Harness,1609,Pace,10941678,6,Pick Up Line,LOSER,26,LOSER,5.81,160.8,48,26,34,33.75,359.94,780,24,780,38.37,141.31,305.07,6,5.2,6,5.41,178.58,34,38,1.03,0.97
17/07/2021,9:40:00 PM,9:40:33 PM,Geelong,VIC,10,185342154,R10 1609m Pace M,185342155,Harness,1609,Pace,20241104,8,Enchanted Stride,LOSER,3.6,WINNER,1.48,2668.59,3.8,2.52,3.8,2.94,6920.43,650,2,95,3.12,2206.1,1218.23,1.5,1.39,1.5,1.47,285.54,3.1,3.2,1.03,0.97
17/07/2021,6:55:00 PM,6:56:30 PM,Globe Derby,SA,1,185342561,R1 1800m Pace M,185342562,Harness,1800,Pace,16653572,2,Masonjon,WINNER,6.45,WINNER,3.02,539.94,7.6,3.3,6.2,6.32,948.25,17,1.01,1.01,1.32,2765.31,398.94,3,2.62,2.8,2.73,124.42,6.8,7,1.01,0.98
17/07/2021,6:55:00 PM,6:56:30 PM,Globe Derby,SA,1,185342561,R1 1800m Pace M,185342562,Harness,1800,Pace,8545793,3,Arrokeefe,LOSER,8.58,LOSER,3.95,252.73,11,7.6,8.4,8.64,542.4,490,6.8,490,19.27,103.38,322.38,,,,,,9.6,10,1.01,0.98
17/07/2021,6:55:00 PM,6:56:30 PM,Globe Derby,SA,1,185342561,R1 1800m Pace M,185342562,Harness,1800,Pace,22213371,4,Crowded Reactor,LOSER,2.87,WINNER,1.75,1035.7,3.2,2.46,2.84,2.64,4080.1,140,1.81,140,2.95,917.99,697.53,1.74,1.53,1.7,1.64,59.75,2.5,2.52,1.01,0.98
17/07/2021,6:55:00 PM,6:56:30 PM,Globe Derby,SA,1,185342561,R1 1800m Pace M,185342562,Harness,1800,Pace,18133869,5,Steinman,LOSER,8.39,LOSER,3.6,428.14,9.8,5.9,7.2,6.99,1245.92,200,6.6,200,10.39,192.23,188.18,,,,,,7,7.2,1.01,0.98
17/07/2021,6:55:00 PM,6:56:30 PM,Globe Derby,SA,1,185342561,R1 1800m Pace M,185342562,Harness,1800,Pace,23414663,6,Wolf Of West Bay,LOSER,5.97,LOSER,2.53,684.98,6.8,4.8,5.2,5.24,1049.01,480,2.4,480,7.84,304.51,769.21,3.25,3.25,3.25,3.25,2.03,6,6.2,1.01,0.98
17/07/2021,6:55:00 PM,6:56:30 PM,Globe Derby,SA,1,185342561,R1 1800m Pace M,185342562,Harness,1800,Pace,24265660,7,Make Haste,LOSER,29.29,LOSER,9.7,156.48,27,17.5,23,21.22,247.08,900,12,900,48.08,42.03,92.15,5.3,5.3,5.3,5.3,5,20,23,1.01,0.98
17/07/2021,7:27:00 PM,7:27:50 PM,Globe Derby,SA,2,185342563,R2 1800m Pace M,185342564,Harness,1800,Pace,21640232,1,Alimonie,LOSER,13.66,LOSER,3.9,382.81,16.5,10.5,16,13.86,332.26,900,4.5,720,27.74,151.99,388.19,3.25,2.74,3.15,3.02,207.18,14,16,0.98,0.97
17/07/2021,7:27:00 PM,7:27:50 PM,Globe Derby,SA,2,185342563,R2 1800m Pace M,185342564,Harness,1800,Pace,10498681,2,Rocking With Charm,LOSER,120.92,LOSER,12.28,130.71,340,120,200,168.25,153.41,880,100,440,185.65,11.51,356.4,16,11.5,13,13.42,74.24,150,220,0.98,0.97
17/07/2021,7:27:00 PM,7:27:50 PM,Globe Derby,SA,2,185342563,R2 1800m Pace M,185342564,Harness,1800,Pace,37047776,3,Springfield Affair,WINNER,3.04,WINNER,1.66,1240.68,4.4,2.96,2.98,3.27,3664.45,4,1.01,1.01,1.67,5823.45,492.37,1.77,1.54,1.7,1.58,519.59,3.95,3.25,0.98,0.97
17/07/2021,7:27:00 PM,7:27:50 PM,Globe Derby,SA,2,185342563,R2 1800m Pace M,185342564,Harness,1800,Pace,27068552,4,Carijoy,LOSER,48,LOSER,7.85,83.91,46,30,44,35.46,173.25,740,48,740,120.84,12.92,145.51,4.8,4.8,4.8,4.8,10,32,38,0.98,0.97
17/07/2021,7:27:00 PM,7:27:50 PM,Globe Derby,SA,2,185342563,R2 1800m Pace M,185342564,Harness,1800,Pace,27601989,6,Lets Get Shorty,LOSER,16.15,LOSER,4.06,186.45,21,6.2,16.5,14.41,340.89,900,16,710,45.45,36.14,205.69,5.3,2.52,5.3,2.85,7.81,12.5,14.5,0.98,0.97
17/07/2021,7:27:00 PM,7:27:50 PM,Globe Derby,SA,2,185342563,R2 1800m Pace M,185342564,Harness,1800,Pace,40198340,7,Justanextragrand,LOSER,13.47,WINNER,3.14,287.45,12.5,6.4,12,9.92,498.56,880,5.8,870,30.73,57.71,171.09,2.64,2.62,2.62,2.63,20,10,11,0.98,0.97
17/07/2021,7:27:00 PM,7:27:50 PM,Globe Derby,SA,2,185342563,R2 1800m Pace M,185342564,Harness,1800,Pace,19282713,8,Tidal Surge,LOSER,19.56,LOSER,6.4,301.34,46,13.5,25,19.12,204.53,720,7.8,480,25.2,115.59,144.59,4.4,4.4,4.4,4.4,0.34,20,23,0.98,0.97
17/07/2021,7:27:00 PM,7:27:50 PM,Globe Derby,SA,2,185342563,R2 1800m Pace M,185342564,Harness,1800,Pace,23401738,9,On The Case,LOSER,10.33,LOSER,2.85,418.13,11.5,8.4,10.5,10.57,1052.74,890,4.7,700,48.16,70.78,352.68,3.15,2.78,2.82,2.81,134.96,10.5,11,0.98,0.97
17/07/2021,7:27:00 PM,7:27:50 PM,Globe Derby,SA,2,185342563,R2 1800m Pace M,185342564,Harness,1800,Pace,11988743,10,Celestial Daybreak,LOSER,159.43,LOSER,26.6,45.97,240,85,110,109.59,53.05,720,50,720,158.02,12.4,71.1,14.5,12,13,13.62,15,120,130,0.98,0.97
17/07/2021,7:27:00 PM,7:27:50 PM,Globe Derby,SA,2,185342563,R2 1800m Pace M,185342564,Harness,1800,Pace,37425486,11,Premonition,LOSER,3.55,WINNER,1.7,1157.42,4.1,3,3.35,3.47,3299.68,140,1.93,140,7.2,937.66,346.63,1.72,1.52,1.69,1.64,546.96,3.55,3.75,0.98,0.97
17/07/2021,7:58:00 PM,7:59:02 PM,Globe Derby,SA,3,185342565,R3 1800m Pace M,185342566,Harness,1800,Pace,36526732,1,Jaydes Terror,LOSER,6.22,LOSER,1.84,641.23,7.8,5.1,5.6,6.12,1699.2,880,4.4,700,14.82,192.44,1003.03,2.24,1.81,1.81,1.94,292.23,6.2,6.6,1.03,0.97
17/07/2021,7:58:00 PM,7:59:02 PM,Globe Derby,SA,3,185342565,R3 1800m Pace M,185342566,Harness,1800,Pace,39465445,2,Whitestarchristian,LOSER,35.75,LOSER,5.25,125.61,75,23,40,45.47,121.83,920,5.8,390,27.23,170.26,100.45,8.4,4.5,5,5.34,240.31,50,55,1.03,0.97
17/07/2021,7:58:00 PM,7:59:02 PM,Globe Derby,SA,3,185342565,R3 1800m Pace M,185342566,Harness,1800,Pace,26898824,3,Heza Western,LOSER,20.39,WINNER,3.8,224.84,17.5,13,16,15.43,144.42,900,18,890,64.22,39.98,207.78,3.35,3.25,3.35,3.33,26.45,15,16,1.03,0.97
17/07/2021,7:58:00 PM,7:59:02 PM,Globe Derby,SA,3,185342565,R3 1800m Pace M,185342566,Harness,1800,Pace,22565928,4,Lillyshelaine,LOSER,9.39,LOSER,2.76,567.49,10.5,6.6,10.5,8.51,431.48,880,5.1,700,26.89,145.93,557.3,2.66,2.66,2.66,2.66,0.03,8.6,9,1.03,0.97
17/07/2021,7:58:00 PM,7:59:02 PM,Globe Derby,SA,3,185342565,R3 1800m Pace M,185342566,Harness,1800,Pace,15695110,5,Althegirlsinmylife,LOSER,338.27,LOSER,44,53.54,540,190,300,266.4,49.74,1000,100,1000,580.77,24.07,39.4,44,44,44,44,0.24,200,280,1.03,0.97
17/07/2021,7:58:00 PM,7:59:02 PM,Globe Derby,SA,3,185342565,R3 1800m Pace M,185342566,Harness,1800,Pace,4639601,6,Easy Rolling,WINNER,2.03,WINNER,1.32,3693.47,2.9,1.98,2.12,2.24,11506.93,3,1.01,1.01,1.59,6388.58,1106.25,1.38,1.27,1.29,1.34,296.17,2.26,2.32,1.03,0.97
17/07/2021,7:58:00 PM,7:59:02 PM,Globe Derby,SA,3,185342565,R3 1800m Pace M,185342566,Harness,1800,Pace,1415779,7,Tuscan Star,LOSER,22,LOSER,7.42,204.54,24,13,21,17.63,237.54,910,7.6,910,63.21,39.63,109.69,3.65,3.65,3.65,3.65,17,15.5,17.5,1.03,0.97
17/07/2021,7:58:00 PM,7:59:02 PM,Globe Derby,SA,3,185342565,R3 1800m Pace M,185342566,Harness,1800,Pace,28382568,8,Miss Heston,LOSER,14.46,WINNER,2.9,350.13,15,7.2,14,12.29,313.05,890,8.6,880,93.15,22.59,639.12,3.35,2.8,2.9,2.81,105.41,12.5,15,1.03,0.97
17/07/2021,7:58:00 PM,7:59:02 PM,Globe Derby,SA,3,185342565,R3 1800m Pace M,185342566,Harness,1800,Pace,39242068,9,Whistle On By,LOSER,16.5,LOSER,3.79,387.87,18.5,12.5,16.5,14.67,578.01,900,3.75,710,14.93,226.69,416.68,4.1,4,4,4.08,26.44,13.5,14,1.03,0.97
17/07/2021,8:33:00 PM,8:34:04 PM,Globe Derby,SA,4,185342567,R4 1800m Pace M,185342568,Harness,1800,Pace,21090058,1,Springfield Desire,LOSER,99.97,LOSER,17.99,80.34,220,60,100,102.05,96.35,780,110,780,122.96,153.72,38.48,11,8.4,9,9.33,0.35,65,95,1.01,0.98
17/07/2021,8:33:00 PM,8:34:04 PM,Globe Derby,SA,4,185342567,R4 1800m Pace M,185342568,Harness,1800,Pace,25190299,3,Dungeon Dragon,WINNER,11.82,WINNER,2.32,386.17,12.5,5.2,12,9.84,854.8,11.5,1.01,1.01,1.85,3282.26,295.47,2.6,1.94,2.32,2.26,112.83,9.4,9.8,1.01,0.98
17/07/2021,8:33:00 PM,8:34:04 PM,Globe Derby,SA,4,185342567,R4 1800m Pace M,185342568,Harness,1800,Pace,11044615,4,Brohart,LOSER,19.53,LOSER,3.05,283.6,32,13,15.5,19.45,617.03,1000,8.8,1000,73.87,44.97,295.05,3.8,2.98,2.98,3.16,231.89,15,15.5,1.01,0.98
17/07/2021,8:33:00 PM,8:34:04 PM,Globe Derby,SA,4,185342567,R4 1800m Pace M,185342568,Harness,1800,Pace,8150937,5,Midnight Prowler,LOSER,24.01,LOSER,4.08,193.55,44,19,23,24.93,206.49,720,18.5,720,39.32,51.93,352.44,,,,,,24,26,1.01,0.98
17/07/2021,8:33:00 PM,8:34:04 PM,Globe Derby,SA,4,185342567,R4 1800m Pace M,185342568,Harness,1800,Pace,12743084,6,Clarenden Hustler,LOSER,5.19,WINNER,1.8,674.11,7.2,4.5,5.3,5.28,1080.89,470,2.54,360,6.92,399.81,854.83,2.12,1.65,1.69,1.8,47.68,5.2,5.4,1.01,0.98
17/07/2021,8:33:00 PM,8:34:04 PM,Globe Derby,SA,4,185342567,R4 1800m Pace M,185342568,Harness,1800,Pace,12586636,7,Crookwell Jake,LOSER,2.97,LOSER,1.43,980.58,3.35,2.18,2.96,2.91,4982.25,720,2.3,720,3.71,1950.69,880.17,1.51,1.29,1.44,1.49,292.58,3.05,3.1,1.01,0.98
17/07/2021,8:33:00 PM,8:34:04 PM,Globe Derby,SA,4,185342567,R4 1800m Pace M,185342568,Harness,1800,Pace,12152912,8,Pay Me Interest,LOSER,3.72,WINNER,1.54,2165.4,5.8,3.6,3.75,3.81,2071.14,100,1.16,100,2.8,1069.49,1011.93,1.83,1.42,1.58,1.55,179.32,3.8,3.85,1.01,0.98
17/07/2021,9:00:00 PM,9:01:56 PM,Globe Derby,SA,5,185342569,R5 2230m Trot S,185342570,Harness,2230,Trot,25114067,1,Gatesys Alley,WINNER,3.67,WINNER,1.78,826.68,5.7,3.65,3.7,4.18,3530.35,22,1.01,1.01,2.07,2278.2,851.49,1.94,1.65,1.83,1.8,317.37,4.1,4.2,1.02,0.98
17/07/2021,9:00:00 PM,9:01:56 PM,Globe Derby,SA,5,185342569,R5 2230m Trot S,185342570,Harness,2230,Trot,15172791,2,Farbio,LOSER,3.95,LOSER,1.76,1397.17,4,2.82,3.75,3.43,5625.4,720,2,720,3.1,830.19,611.37,1.89,1.64,1.71,1.75,455.88,3.35,3.45,1.02,0.98
17/07/2021,9:00:00 PM,9:01:56 PM,Globe Derby,SA,5,185342569,R5 2230m Trot S,185342570,Harness,2230,Trot,8480764,3,Springbank Eden,LOSER,176.85,LOSER,17.03,86.3,400,95,120,128.82,158.53,720,75,720,312.92,14.51,150.82,17,13.5,14,14.34,115.61,150,170,1.02,0.98
17/07/2021,9:00:00 PM,9:01:56 PM,Globe Derby,SA,5,185342569,R5 2230m Trot S,185342570,Harness,2230,Trot,21285652,4,Miracle Rising,LOSER,24.31,LOSER,4.83,125.79,60,22,23,29.47,457.17,720,1.67,720,11.45,312.57,258.5,7.2,4.8,4.8,5.7,157.44,26,29,1.02,0.98
17/07/2021,9:00:00 PM,9:01:56 PM,Globe Derby,SA,5,185342569,R5 2230m Trot S,185342570,Harness,2230,Trot,12940763,5,Reils,LOSER,19.41,WINNER,3.49,217.94,30,15.5,18.5,18.59,578.28,920,3.25,410,16.37,109.34,333.1,4.6,3.3,3.5,3.61,167.57,18.5,19,1.02,0.98
17/07/2021,9:00:00 PM,9:01:56 PM,Globe Derby,SA,5,185342569,R5 2230m Trot S,185342570,Harness,2230,Trot,9535601,6,Enrolled,LOSER,16,LOSER,4.12,139.46,18,10.5,14.5,14.51,514.05,1000,14.5,1000,174.56,53.7,218.49,4.1,3.75,4,3.85,29.5,16,16.5,1.02,0.98
17/07/2021,9:00:00 PM,9:01:56 PM,Globe Derby,SA,5,185342569,R5 2230m Trot S,185342570,Harness,2230,Trot,11704214,7,Foursharesmorebeers,LOSER,5.72,LOSER,2.01,672.22,6.8,4.8,5.8,5.72,1708.89,1000,5.6,1000,25.56,361.72,716.62,1.87,1.76,1.87,1.83,164.28,6,6.2,1.02,0.98
17/07/2021,9:00:00 PM,9:01:56 PM,Globe Derby,SA,5,185342569,R5 2230m Trot S,185342570,Harness,2230,Trot,1238195,8,Spud,LOSER,36.09,LOSER,5.46,96.28,40,23,36,29.68,142.28,920,19,920,79.94,45.75,280.11,6.2,5.2,5.8,5.86,105.54,29,32,1.02,0.98
17/07/2021,9:00:00 PM,9:01:56 PM,Globe Derby,SA,5,185342569,R5 2230m Trot S,185342570,Harness,2230,Trot,19085558,9,Southern Alps,LOSER,9.48,WINNER,2.59,263.79,10.5,4.8,8.8,8.39,1173.05,890,3.5,700,19.16,71.64,712.74,3.5,1.63,2.42,2.22,134.38,8.8,9.4,1.02,0.98
17/07/2021,9:32:00 PM,9:33:36 PM,Globe Derby,SA,6,185342571,R6 2230m Pace S,185342572,Harness,2230,Pace,11471127,1,Jakes Sportwriter,WINNER,3.58,WINNER,2.05,2400.98,4.7,2.86,3.8,3.38,4773.84,3.7,1.01,1.04,1.44,8198.43,372.62,2.1,1.72,2.1,1.89,854.24,3.2,3.45,1.04,0.98
17/07/2021,9:32:00 PM,9:33:36 PM,Globe Derby,SA,6,185342571,R6 2230m Pace S,185342572,Harness,2230,Pace,13313355,2,Canada Bay,LOSER,67.24,LOSER,10.5,69.65,210,28,60,49.59,603.69,1000,65,1000,177.34,33.58,65.08,25,8.2,10.5,11.2,89.8,44,48,1.04,0.98
17/07/2021,9:32:00 PM,9:33:36 PM,Globe Derby,SA,6,185342571,R6 2230m Pace S,185342572,Harness,2230,Pace,27290156,3,Jaccka Ted,LOSER,3.57,LOSER,1.99,1195.91,4.8,3.2,3.8,3.87,4106.86,1000,4,1000,28.65,155.93,345.95,2.42,1.86,1.96,2.14,847.52,3.55,3.7,1.04,0.98
17/07/2021,9:32:00 PM,9:33:36 PM,Globe Derby,SA,6,185342571,R6 2230m Pace S,185342572,Harness,2230,Pace,16385095,5,Ellmers Hoofing It,LOSER,7.6,LOSER,2.87,526.4,10.5,6.4,7.6,8.14,1399.94,880,5.4,870,15.1,340.41,656.25,3.9,2.68,2.82,2.96,77.89,8.4,9,1.04,0.98
17/07/2021,9:32:00 PM,9:33:36 PM,Globe Derby,SA,6,185342571,R6 2230m Pace S,185342572,Harness,2230,Pace,10862102,6,Emain Macha,LOSER,3.11,WINNER,1.98,2615.66,3.65,2.52,3.25,3.26,4355.45,130,1.57,110,3.42,1901.63,702.28,2.08,1.63,1.85,1.98,305.68,3.3,3.45,1.04,0.98
17/07/2021,10:05:00 PM,10:05:28 PM,Globe Derby,SA,7,185342573,R7 1800m Trot M,185342574,Harness,1800,Trot,28170405,1,Winsome Ruby,LOSER,98.21,LOSER,223.53,352.88,310,140,170,181.93,72.13,900,10,900,108.19,96.53,0.56,450,30,450,50.84,5.59,140,160,1.03,0.99
17/07/2021,10:05:00 PM,10:05:28 PM,Globe Derby,SA,7,185342573,R7 1800m Trot M,185342574,Harness,1800,Trot,28485681,2,Romances,WINNER,3.8,WINNER,2.14,1067.82,7.6,3.4,3.7,4.18,2415.34,24,1.01,1.03,2.03,1620.58,653.6,2.62,2,2.3,2.27,164.78,3.45,3.6,1.03,0.99
17/07/2021,10:05:00 PM,10:05:28 PM,Globe Derby,SA,7,185342573,R7 1800m Trot M,185342574,Harness,1800,Trot,39989673,3,Super Angus,LOSER,9.71,LOSER,5.4,753.83,17,4.2,10,10.29,559.59,65,1.03,24,3.02,876.62,331.22,,,,,,15,17,1.03,0.99
17/07/2021,10:05:00 PM,10:05:28 PM,Globe Derby,SA,7,185342573,R7 1800m Trot M,185342574,Harness,1800,Trot,8224928,4,The Majestic,LOSER,24.71,LOSER,9.7,199.12,26,14,20,17.28,143.29,900,8,900,28.34,61.99,197.82,5.6,5.6,5.6,5.6,33.73,16,17.5,1.03,0.99
17/07/2021,10:05:00 PM,10:05:28 PM,Globe Derby,SA,7,185342573,R7 1800m Trot M,185342574,Harness,1800,Trot,17344428,5,Meziah,LOSER,3.54,LOSER,2.08,1791.11,3.7,1.93,3.6,2.88,4436.97,720,3.15,720,5.03,391.87,822.77,2.04,1.58,1.9,1.83,166.41,3.5,3.65,1.03,0.99
17/07/2021,10:05:00 PM,10:05:28 PM,Globe Derby,SA,7,185342573,R7 1800m Trot M,185342574,Harness,1800,Trot,8630939,6,Ghent,LOSER,12,LOSER,6.4,194.68,19,11.5,11.5,13.67,534.51,720,11,490,17.34,109.19,131.07,5,4.7,4.9,4.91,25,16,17,1.03,0.99
17/07/2021,10:05:00 PM,10:05:28 PM,Globe Derby,SA,7,185342573,R7 1800m Trot M,185342574,Harness,1800,Trot,12863595,7,Muscletonian,LOSER,4.64,WINNER,2.68,833.84,5.7,3.8,4.4,4.1,1774.5,720,2.16,490,7.33,152.38,699.8,2.82,2.22,2.22,2.26,5.55,3.85,3.95,1.03,0.99
17/07/2021,10:30:00 PM,10:30:35 PM,Globe Derby,SA,8,185342575,R8 1800m Pace M,185342576,Harness,1800,Pace,12585993,1,I Wanna Rocknroll,LOSER,17.04,LOSER,4.7,258.42,17.5,6.8,16.5,12.77,740.37,720,11.5,720,24.53,107.46,223.22,4.3,2.4,4.1,3.64,106.74,14.5,16,1.02,0.98
17/07/2021,10:30:00 PM,10:30:35 PM,Globe Derby,SA,8,185342575,R8 1800m Pace M,185342576,Harness,1800,Pace,16721799,2,Emelia On Fire,LOSER,21.91,LOSER,7.56,277.28,48,18.5,25,28.96,194.35,720,20,720,48.27,50.35,145.54,10,7,7,9.31,237.67,25,26,1.02,0.98
17/07/2021,10:30:00 PM,10:30:35 PM,Globe Derby,SA,8,185342575,R8 1800m Pace M,185342576,Harness,1800,Pace,25695668,3,Nevada Esmeralda,LOSER,160,LOSER,32,28.52,250,75,130,125.58,156.07,960,350,960,557.32,2.54,4.63,34,14,34,18.45,110.73,80,100,1.02,0.98
17/07/2021,10:30:00 PM,10:30:35 PM,Globe Derby,SA,8,185342575,R8 1800m Pace M,185342576,Harness,1800,Pace,27628340,4,Delightful Gnp,WINNER,2.18,WINNER,1.38,2616.99,2.44,1.99,2.18,2.23,9940.32,2.3,1.01,1.01,1.62,4001.52,1306.63,1.42,1.36,1.42,1.4,256.45,2.32,2.4,1.02,0.98
17/07/2021,10:30:00 PM,10:30:35 PM,Globe Derby,SA,8,185342575,R8 1800m Pace M,185342576,Harness,1800,Pace,22119896,5,Ammicchi,LOSER,2.48,WINNER,1.26,1893.87,3.95,2.3,2.44,2.49,6005.66,24,2.06,16,3.02,796.21,1439.39,1.41,1.25,1.26,1.32,6746.78,2.3,2.34,1.02,0.98
17/07/2021,10:30:00 PM,10:30:35 PM,Globe Derby,SA,8,185342575,R8 1800m Pace M,185342576,Harness,1800,Pace,25506832,6,Bronski Macarena,LOSER,39.36,LOSER,8.4,171.9,48,21,32,34.24,111.75,720,28,720,64.12,34.31,159.31,8,7,7.2,7.53,344.46,30,36,1.02,0.98
17/07/2021,5:18:00 PM,5:18:44 PM,Menangle,NSW,1,185342122,R1 1609m Pace M,185342123,Harness,1609,Pace,12708270,1,Has The Courage,LOSER,80,LOSER,,72.82,100,42,90,64.49,35.33,720,50,480,78.12,26.82,,11.5,9.2,11,9.89,59.15,70,75,1.04,0.97
17/07/2021,5:18:00 PM,5:18:44 PM,Menangle,NSW,1,185342122,R1 1609m Pace M,185342123,Harness,1609,Pace,23172952,2,Eye Can Run,LOSER,7.42,LOSER,,590.96,10.5,6.4,8,7.97,1010.02,870,5.7,720,10.04,494.51,,2.8,2.26,2.5,2.36,48.05,9.2,10,1.04,0.97
17/07/2021,5:18:00 PM,5:18:44 PM,Menangle,NSW,1,185342122,R1 1609m Pace M,185342123,Harness,1609,Pace,10902834,3,Rockabella Starz,LOSER,28.22,LOSER,,105.33,44,22,25,28.68,216.9,780,16.5,780,38.04,86.14,,6,4.2,5.9,5.12,315.55,32,36,1.04,0.97
17/07/2021,5:18:00 PM,5:18:44 PM,Menangle,NSW,1,185342122,R1 1609m Pace M,185342123,Harness,1609,Pace,23485017,4,He Bettor Step Aside,LOSER,11.5,WINNER,,346.34,13,9.4,10.5,10.97,400.65,780,10.5,720,35.25,69.02,,3.4,2.68,2.76,2.72,100.58,10.5,11.5,1.04,0.97
17/07/2021,5:18:00 PM,5:18:44 PM,Menangle,NSW,1,185342122,R1 1609m Pace M,185342123,Harness,1609,Pace,40198464,5,Smooth Baht,LOSER,4.3,LOSER,,1534.96,4.6,3.75,4.3,3.97,3051.62,720,4,490,6.49,422.52,,,,,,,3.9,4.1,1.04,0.97
17/07/2021,5:18:00 PM,5:18:44 PM,Menangle,NSW,1,185342122,R1 1609m Pace M,185342123,Harness,1609,Pace,7414879,6,Jedi Mind,LOSER,62.7,LOSER,,108.32,100,48,60,55.92,91.21,770,23,770,63.77,34.56,,,,,,,50,60,1.04,0.97
17/07/2021,5:18:00 PM,5:18:44 PM,Menangle,NSW,1,185342122,R1 1609m Pace M,185342123,Harness,1609,Pace,28003743,8,Vincenzina,LOSER,7.63,WINNER,,669.7,11.5,7.8,8.2,8.48,687.65,1000,7.2,140,12.2,218.46,,2.78,2.24,2.3,2.33,123.98,7.8,8.2,1.04,0.97
17/07/2021,5:18:00 PM,5:18:44 PM,Menangle,NSW,1,185342122,R1 1609m Pace M,185342123,Harness,1609,Pace,27399218,9,Wahs Fire Bug,LOSER,24.53,LOSER,,228.86,34,19,22,23.91,94.73,780,20,780,37.74,39.63,,4.1,2.92,4,3.93,329.22,23,27,1.04,0.97
17/07/2021,5:18:00 PM,5:18:44 PM,Menangle,NSW,1,185342122,R1 1609m Pace M,185342123,Harness,1609,Pace,38328092,10,Nota Replica,WINNER,3.12,WINNER,,1911.21,3.6,2.64,3.25,3.11,4751.03,3.4,1.01,1.01,1.74,5621.34,,1.71,1.5,1.71,1.55,175.01,3.05,3.2,1.04,0.97
17/07/2021,5:18:00 PM,5:18:44 PM,Menangle,NSW,1,185342122,R1 1609m Pace M,185342123,Harness,1609,Pace,40198465,11,Big Black Diamond,LOSER,140,LOSER,,35.66,160,75,150,109.35,52.9,720,100,290,157.69,21.82,,12,11.5,12,11.62,20,85,90,1.04,0.97
17/07/2021,5:53:00 PM,5:53:33 PM,Menangle,NSW,2,185342124,R2 2300m Pace M,185342125,Harness,2300,Pace,11106321,1,Makoa,LOSER,17.13,LOSER,,323,23,12.5,18,15.96,620.03,900,9.8,900,43,87.9,,3.4,2.38,2.38,2.53,999,16.5,17,1.04,0.99
17/07/2021,5:53:00 PM,5:53:33 PM,Menangle,NSW,2,185342124,R2 2300m Pace M,185342125,Harness,2300,Pace,8298333,2,Outrageous El,LOSER,16.99,LOSER,,692.55,26,13,17.5,19.3,484.42,1000,7.4,720,39.32,88.65,,3.3,2.96,3,2.96,337.26,20,24,1.04,0.99
17/07/2021,5:53:00 PM,5:53:33 PM,Menangle,NSW,2,185342124,R2 2300m Pace M,185342125,Harness,2300,Pace,35523920,4,Arden Messi,LOSER,1.88,WINNER,,3331.15,2.46,1.88,1.94,2.01,11111.38,100,1.2,100,2.07,3964.99,,1.26,1.16,1.16,1.22,1094.23,1.95,1.99,1.04,0.99
17/07/2021,5:53:00 PM,5:53:33 PM,Menangle,NSW,2,185342124,R2 2300m Pace M,185342125,Harness,2300,Pace,8600567,5,Pitch Perfect,LOSER,23.02,LOSER,,224.8,36,16.5,27,22.09,1258.24,720,6.6,710,22.66,366.81,,3.95,3,3.5,3.28,208.72,22,27,1.04,0.99
17/07/2021,5:53:00 PM,5:53:33 PM,Menangle,NSW,2,185342124,R2 2300m Pace M,185342125,Harness,2300,Pace,13192063,6,Benalong Valley,LOSER,40.44,LOSER,,171.94,65,18,60,37.95,145.33,910,2.98,910,82.14,190.26,,4.8,3.65,4.7,4.45,131.73,32,44,1.04,0.99
17/07/2021,5:53:00 PM,5:53:33 PM,Menangle,NSW,2,185342124,R2 2300m Pace M,185342125,Harness,2300,Pace,36513840,7,Tasty Delight,WINNER,3.25,WINNER,,2151.28,4.2,2.8,3.4,3.46,3789.16,9,1.01,1.01,2.33,3537.3,,1.5,1.36,1.37,1.43,854.62,3.35,3.4,1.04,0.99
17/07/2021,5:53:00 PM,5:53:33 PM,Menangle,NSW,2,185342124,R2 2300m Pace M,185342125,Harness,2300,Pace,16723084,8,Never Been Said,LOSER,58.37,LOSER,,118.27,120,25,100,50.78,205.99,760,9.2,760,41.72,116.54,,7.2,4.5,7,5.21,438.32,60,80,1.04,0.99
17/07/2021,5:53:00 PM,5:53:33 PM,Menangle,NSW,2,185342124,R2 2300m Pace M,185342125,Harness,2300,Pace,22282229,9,Ziggy Rocks,LOSER,71.76,WINNER,,97.74,150,38,90,51.75,134.11,760,18.5,300,56.96,51.92,,8.2,5.6,6.2,5.94,103.73,50,65,1.04,0.99
17/07/2021,5:53:00 PM,5:53:33 PM,Menangle,NSW,2,185342124,R2 2300m Pace M,185342125,Harness,2300,Pace,24127675,10,Ball Of Art,LOSER,319.01,LOSER,,63.97,360,110,240,196.22,44.78,720,240,720,330.12,25.64,,50,13.5,50,27.22,77.26,190,220,1.04,0.99
17/07/2021,6:23:00 PM,6:23:44 PM,Menangle,NSW,3,185342126,R3 2300m Pace M,185342127,Harness,2300,Pace,10689617,1,Power Of Red,LOSER,5,WINNER,,764.13,6,3.75,4.9,4.95,3358.61,110,2.4,110,6.9,966.82,,1.95,1.61,1.75,1.73,102.82,4.8,5.2,1.05,0.98
17/07/2021,6:23:00 PM,6:23:44 PM,Menangle,NSW,3,185342126,R3 2300m Pace M,185342127,Harness,2300,Pace,5513028,2,Hickstead,LOSER,24.2,WINNER,,220.39,24,13,19.5,17.51,1326.5,720,4.6,720,13.99,194.66,,4,2.72,3,2.93,1240.99,14,19,1.05,0.98
17/07/2021,6:23:00 PM,6:23:44 PM,Menangle,NSW,3,185342126,R3 2300m Pace M,185342127,Harness,2300,Pace,359549,3,Dance For Glory,LOSER,89.46,LOSER,,68.94,150,90,150,119.42,38.57,720,25,720,73.65,26.55,,12,8.8,12,9.85,80,100,130,1.05,0.98
17/07/2021,6:23:00 PM,6:23:44 PM,Menangle,NSW,3,185342126,R3 2300m Pace M,185342127,Harness,2300,Pace,36408772,4,Taroona Bromac,LOSER,50.7,LOSER,,106.95,65,34,50,44.04,72.11,720,10.5,720,35.9,86.79,,6.6,6.6,6.6,6.6,5,40,48,1.05,0.98
17/07/2021,6:23:00 PM,6:23:44 PM,Menangle,NSW,3,185342126,R3 2300m Pace M,185342127,Harness,2300,Pace,1412638,5,Battle Born,LOSER,42,LOSER,,126,42,19,36,30.75,56.43,720,3,720,11.56,210.74,,4.8,4.6,4.7,4.7,120,30,32,1.05,0.98
17/07/2021,6:23:00 PM,6:23:44 PM,Menangle,NSW,3,185342126,R3 2300m Pace M,185342127,Harness,2300,Pace,13829862,6,Maximus Red,LOSER,28,LOSER,,175.69,32,17,25,22.93,131.58,900,14,900,35.53,52.99,,3.75,3.75,3.75,3.75,23.73,21,22,1.05,0.98
17/07/2021,6:23:00 PM,6:23:44 PM,Menangle,NSW,3,185342126,R3 2300m Pace M,185342127,Harness,2300,Pace,15708004,7,Majestic Cruiser,WINNER,1.93,WINNER,,1854.84,2.22,1.9,1.91,2.01,9039.63,2.72,1.01,1.01,1.51,4113.25,,1.3,1.13,1.22,1.24,859.18,2.02,2.06,1.05,0.98
17/07/2021,6:23:00 PM,6:23:44 PM,Menangle,NSW,3,185342126,R3 2300m Pace M,185342127,Harness,2300,Pace,1371563,8,Little Rascal,LOSER,10,LOSER,,448.85,10,7.4,9.6,8.72,383.27,720,7.2,720,18.55,161.65,,2.46,2.18,2.46,2.32,87.47,8.4,9.2,1.05,0.98
17/07/2021,6:23:00 PM,6:23:44 PM,Menangle,NSW,3,185342126,R3 2300m Pace M,185342127,Harness,2300,Pace,10712822,9,Brocks Territory,LOSER,39.1,LOSER,,185.7,55,29,46,43.86,95.05,720,22,400,63.72,32.37,,,,,,,42,48,1.05,0.98
17/07/2021,6:23:00 PM,6:23:44 PM,Menangle,NSW,3,185342126,R3 2300m Pace M,185342127,Harness,2300,Pace,12632886,10,Warfare,LOSER,100,LOSER,,109.42,100,50,85,74.83,104.16,720,28,720,92.69,41,,8.8,7.6,7.8,8.03,98.33,60,75,1.05,0.98
17/07/2021,6:52:00 PM,6:52:52 PM,Menangle,NSW,4,185342128,R4 2300m Pace M,185342129,Harness,2300,Pace,11465142,2,Gottashopearly,WINNER,8.12,WINNER,,461.33,9.8,6.4,7.8,7.52,839.03,8.2,1.01,1.01,2.44,1463.58,,3.15,2.4,2.4,2.47,185.38,8,8.6,1.04,0.97
17/07/2021,6:52:00 PM,6:52:52 PM,Menangle,NSW,4,185342128,R4 2300m Pace M,185342129,Harness,2300,Pace,17080584,3,Major Generaljujon,LOSER,9.17,LOSER,,539.58,11,8,8.6,8.66,427.57,720,2.94,420,7.14,558.46,,2.98,2.44,2.56,2.47,100.36,8.4,9.2,1.04,0.97
17/07/2021,6:52:00 PM,6:52:52 PM,Menangle,NSW,4,185342128,R4 2300m Pace M,185342129,Harness,2300,Pace,13550018,4,Bolta,LOSER,140,LOSER,,39.5,190,75,130,104.11,55.03,720,90,720,146.86,26.38,,,,,,,120,130,1.04,0.97
17/07/2021,6:52:00 PM,6:52:52 PM,Menangle,NSW,4,185342128,R4 2300m Pace M,185342129,Harness,2300,Pace,17972037,5,Lets Go To Brazil,LOSER,4.5,LOSER,,969.18,4.9,3.6,4.6,4.42,1283.85,710,3.25,710,5.09,735.24,,1.91,1.65,1.81,1.74,243.69,4.3,4.7,1.04,0.97
17/07/2021,6:52:00 PM,6:52:52 PM,Menangle,NSW,4,185342128,R4 2300m Pace M,185342129,Harness,2300,Pace,40198466,6,Old Luke,LOSER,27.43,LOSER,,212.92,27,15.5,26,19.72,275.39,720,12,720,21.49,186.08,,4.4,4.4,4.4,4.4,5,20,22,1.04,0.97
17/07/2021,6:52:00 PM,6:52:52 PM,Menangle,NSW,4,185342128,R4 2300m Pace M,185342129,Harness,2300,Pace,16723083,7,Ideal Fantasy,LOSER,48,LOSER,,104.21,44,32,44,38.99,55.27,720,27,300,55.38,22.34,,,,,,,34,38,1.04,0.97
17/07/2021,6:52:00 PM,6:52:52 PM,Menangle,NSW,4,185342128,R4 2300m Pace M,185342129,Harness,2300,Pace,28342883,8,Katchar Shoobee,LOSER,10.66,LOSER,,493.92,18.5,10.5,11.5,12.99,1129.06,140,3.35,140,13.87,121.24,,3.6,2.86,3,2.98,1440.39,12,13.5,1.04,0.97
17/07/2021,6:52:00 PM,6:52:52 PM,Menangle,NSW,4,185342128,R4 2300m Pace M,185342129,Harness,2300,Pace,17344344,9,Madazalways,LOSER,28.54,LOSER,,160.42,34,23,25,26.48,90.37,720,28,720,55.91,26.96,,6,5.1,5.2,5.54,20.02,23,24,1.04,0.97
17/07/2021,6:52:00 PM,6:52:52 PM,Menangle,NSW,4,185342128,R4 2300m Pace M,185342129,Harness,2300,Pace,10199223,10,Swaggie Shannon,LOSER,3.13,WINNER,,2469.54,3.55,2.2,3.25,3.06,5874.11,720,2.08,120,5.75,1351.28,,1.7,1.39,1.6,1.61,32,3.2,3.3,1.04,0.97
17/07/2021,6:52:00 PM,6:52:52 PM,Menangle,NSW,4,185342128,R4 2300m Pace M,185342129,Harness,2300,Pace,14700272,11,Pay Me Overs,LOSER,34.66,WINNER,,231.01,40,23,32,29.74,205.57,720,7.6,560,37.01,64.09,,5.6,4.2,5.6,4.87,236,29,30,1.04,0.97
17/07/2021,7:22:00 PM,7:22:59 PM,Menangle,NSW,5,185342130,R5 1609m Pace M,185342131,Harness,1609,Pace,17669762,1,Max Delight,LOSER,3.22,WINNER,,2824.14,4.7,2.2,3.3,3.45,7007.18,110,1.2,100,4.05,1942.95,,1.86,1.49,1.51,1.58,657.8,3.75,3.9,1.03,0.97
17/07/2021,7:22:00 PM,7:22:59 PM,Menangle,NSW,5,185342130,R5 1609m Pace M,185342131,Harness,1609,Pace,36484241,2,Burnham Boy,LOSER,6.91,LOSER,,731.35,7,4.5,6.4,5.85,1729.78,110,1.21,60,4.2,1256.31,,2.36,1.84,1.87,1.92,1363.16,5.7,6,1.03,0.97
17/07/2021,7:22:00 PM,7:22:59 PM,Menangle,NSW,5,185342130,R5 1609m Pace M,185342131,Harness,1609,Pace,9481606,3,Cash N Flow,WINNER,16.43,WINNER,,266.07,26,13.5,16.5,18.67,555.07,280,1.02,1.5,2.76,1507.76,,4.5,4.1,4.5,4.23,38.87,21,22,1.03,0.97
17/07/2021,7:22:00 PM,7:22:59 PM,Menangle,NSW,5,185342130,R5 1609m Pace M,185342131,Harness,1609,Pace,28014980,4,Chubby Checker,LOSER,23,LOSER,,220.77,38,18.5,23,26.05,430.77,780,11,780,34.46,75.41,,5.6,4.6,5.6,4.98,15.43,24,26,1.03,0.97
17/07/2021,7:22:00 PM,7:22:59 PM,Menangle,NSW,5,185342130,R5 1609m Pace M,185342131,Harness,1609,Pace,8547452,6,Ignatius,LOSER,3.35,LOSER,,1694.61,5.1,3.3,3.4,3.71,3922.37,720,2.62,720,5.04,878.89,,1.66,1.55,1.55,1.61,224.77,3.75,3.95,1.03,0.97
17/07/2021,7:22:00 PM,7:22:59 PM,Menangle,NSW,5,185342130,R5 1609m Pace M,185342131,Harness,1609,Pace,13184295,7,The Black Prince,LOSER,18.14,LOSER,,213.62,21,7.4,21,13.05,617.22,480,5,420,14.27,160.7,,4.2,2.78,3.6,3.45,69.12,11.5,12.5,1.03,0.97
17/07/2021,7:22:00 PM,7:22:59 PM,Menangle,NSW,5,185342130,R5 1609m Pace M,185342131,Harness,1609,Pace,22457844,8,Lets Katchmeifucan,LOSER,217.4,LOSER,,54.05,300,65,300,108.37,76.37,720,110,720,240.35,23.47,,20,11,20,12.37,5.9,90,100,1.03,0.97
17/07/2021,7:22:00 PM,7:22:59 PM,Menangle,NSW,5,185342130,R5 1609m Pace M,185342131,Harness,1609,Pace,22747498,9,Major Roll,LOSER,75,LOSER,,78.59,80,38,75,54.9,96.31,720,24,480,69.55,19.63,,7.6,7.6,7.6,7.6,6,48,65,1.03,0.97
17/07/2021,7:22:00 PM,7:22:59 PM,Menangle,NSW,5,185342130,R5 1609m Pace M,185342131,Harness,1609,Pace,26721469,10,Loorrim Lake,LOSER,12.5,WINNER,,529.91,14,7,13,9.96,1350.68,480,4.4,110,6.85,1267.34,,3.6,2.76,2.8,2.95,199.92,10,11,1.03,0.97
17/07/2021,7:22:00 PM,7:22:59 PM,Menangle,NSW,5,185342130,R5 1609m Pace M,185342131,Harness,1609,Pace,12586653,11,Double Encounter,LOSER,100,LOSER,,73.78,120,32,110,71.16,95.44,720,20,680,36.16,59.41,,11.5,9.2,10.5,9.89,55.19,60,70,1.03,0.97
17/07/2021,7:53:00 PM,7:54:04 PM,Menangle,NSW,6,185342132,R6 1609m Pace M,185342133,Harness,1609,Pace,39601626,1,Captain Braveheart,LOSER,132.26,LOSER,,62.36,580,130,190,184.48,141.64,850,42,850,168.05,21.08,,13.5,6,12.5,11.14,36.87,200,210,1.04,0.98
17/07/2021,7:53:00 PM,7:54:04 PM,Menangle,NSW,6,185342132,R6 1609m Pace M,185342133,Harness,1609,Pace,38923634,2,Ardens Ace,LOSER,9.4,LOSER,,326.84,12,3.35,8.2,8.18,1241.26,720,4.1,280,12.98,222.02,,2,1.73,1.77,1.75,242.22,10,11.5,1.04,0.98
17/07/2021,7:53:00 PM,7:54:04 PM,Menangle,NSW,6,185342132,R6 1609m Pace M,185342133,Harness,1609,Pace,28587471,3,Machs Legacy,WINNER,25,WINNER,,155.17,28,17.5,23,22.35,186.24,75,1.01,1.02,2.03,1473.83,,4.7,3.2,3.35,3.32,134.4,22,25,1.04,0.98
17/07/2021,7:53:00 PM,7:54:04 PM,Menangle,NSW,6,185342132,R6 1609m Pace M,185342133,Harness,1609,Pace,40198467,5,Chrissy Chic,LOSER,2.52,WINNER,,1928.56,3.35,2.16,2.54,2.49,9319.28,160,1.55,130,1.93,2793.41,,1.32,1.19,1.26,1.28,67.27,2.3,2.4,1.04,0.98
17/07/2021,7:53:00 PM,7:54:04 PM,Menangle,NSW,6,185342132,R6 1609m Pace M,185342133,Harness,1609,Pace,27788524,6,Titian Raider,LOSER,3.39,WINNER,,1156.35,4.7,3.05,3.2,3.38,3801.34,1000,2.84,1000,32.57,250.42,,1.55,1.29,1.29,1.34,665.13,3.1,3.25,1.04,0.98
17/07/2021,7:53:00 PM,7:54:04 PM,Menangle,NSW,6,185342132,R6 1609m Pace M,185342133,Harness,1609,Pace,40198468,7,Surfers Delight,LOSER,6.18,LOSER,,618.3,10,5.7,6.6,7.31,1676.68,720,4.9,110,9.64,326.66,,2.2,1.75,1.75,1.78,240.98,7.4,8.2,1.04,0.98
17/07/2021,8:26:00 PM,8:26:55 PM,Menangle,NSW,7,185342134,R7 1609m Trot M,185342135,Harness,1609,Trot,26013776,1,In The Valley,LOSER,78.59,LOSER,,51.95,95,55,70,62.33,37.27,1000,10,1000,296.48,18.19,,24,5.2,13.5,6.78,117.69,60,85,1.04,0.98
17/07/2021,8:26:00 PM,8:26:55 PM,Menangle,NSW,7,185342134,R7 1609m Trot M,185342135,Harness,1609,Trot,17439611,2,Ymbro Wasted,LOSER,80.4,LOSER,,51.12,85,34,65,50.64,70.73,1000,75,1000,437.41,11.42,,14.5,13.5,14.5,14.21,33,44,50,1.04,0.98
17/07/2021,8:26:00 PM,8:26:55 PM,Menangle,NSW,7,185342134,R7 1609m Trot M,185342135,Harness,1609,Trot,17132031,3,Monaro Mia,LOSER,5.84,WINNER,,587.28,6.4,5,5.6,5.29,493.64,660,3.1,360,8.44,263.79,,2.98,2.3,2.3,2.33,71.18,5.2,5.7,1.04,0.98
17/07/2021,8:26:00 PM,8:26:55 PM,Menangle,NSW,7,185342134,R7 1609m Trot M,185342135,Harness,1609,Trot,9506376,4,Big Jack Hammer,LOSER,3.11,LOSER,,2176.75,3.35,1.92,3.2,2.87,8232.07,1000,2.28,1000,3.62,1017.39,,1.77,1.67,1.77,1.74,118.8,2.78,2.88,1.04,0.98
17/07/2021,8:26:00 PM,8:26:55 PM,Menangle,NSW,7,185342134,R7 1609m Trot M,185342135,Harness,1609,Trot,13326154,5,Drop The Hammer,WINNER,4.2,WINNER,,801.09,4.4,3.6,4.2,3.95,371.81,4.2,1.01,1.01,1.68,3424.79,,2.4,2,2.4,2,5.02,3.9,4.2,1.04,0.98
17/07/2021,8:26:00 PM,8:26:55 PM,Menangle,NSW,7,185342134,R7 1609m Trot M,185342135,Harness,1609,Trot,18575770,6,Caligula,LOSER,4.2,LOSER,,919.22,6,3.95,4.1,4.74,873.25,110,3,110,3.86,1251.07,,2.72,2.2,2.2,2.21,15.35,5.1,5.3,1.04,0.98
18/07/2021,10:55:00 AM,10:55:35 AM,Addington,NZ,1,185372498,R1 1980m Pace M,185372499,Harness,1980,Pace,40194396,2,Evangalist,LOSER,,LOSER,,,2.36,1.78,2.32,2.04,4620.11,,,,,,,1.51,1.44,1.51,1.47,98.66,2.26,2.32,1.03,0.99
18/07/2021,10:55:00 AM,10:55:35 AM,Addington,NZ,1,185372498,R1 1980m Pace M,185372499,Harness,1980,Pace,40194397,3,Shards In Manhattan,WINNER,,WINNER,,,60,20,21,23.84,43.08,,,,,,,7.4,5.4,6.4,6.2,7.06,20,21,1.03,0.99
18/07/2021,10:55:00 AM,10:55:35 AM,Addington,NZ,1,185372498,R1 1980m Pace M,185372499,Harness,1980,Pace,33949042,4,Sophia Bromac,LOSER,,LOSER,,,10,6.2,7.8,7.54,130.07,,,,,,,3.35,2.68,3,3.02,1.09,7.2,8,1.03,0.99
18/07/2021,10:55:00 AM,10:55:35 AM,Addington,NZ,1,185372498,R1 1980m Pace M,185372499,Harness,1980,Pace,35994436,6,Aimees First Meddle,LOSER,,LOSER,,,9.8,4.6,5.9,5.92,693.93,,,,,,,2.74,2.42,2.42,2.66,17.27,5.7,5.9,1.03,0.99
18/07/2021,10:55:00 AM,10:55:35 AM,Addington,NZ,1,185372498,R1 1980m Pace M,185372499,Harness,1980,Pace,35710048,7,Keisha,LOSER,,WINNER,,,5.2,4.3,4.3,4.75,384.65,,,,,,,2.76,1.72,2.2,1.87,176.53,4.4,4.6,1.03,0.99
18/07/2021,11:20:00 AM,11:21:09 AM,Addington,NZ,2,185372500,R2 2600m Trot S,185372501,Harness,2600,Trot,4489955,1,Shes So Right,LOSER,,LOSER,,,120,60,120,73.51,8.8,,,,,,,,,,,,60,120,1.08,0.94
18/07/2021,11:20:00 AM,11:21:09 AM,Addington,NZ,2,185372500,R2 2600m Trot S,185372501,Harness,2600,Trot,27386193,2,Zsahara,LOSER,,LOSER,,,70,36,40,40.88,14.38,,,,,,,,,,,,38,40,1.08,0.94
18/07/2021,11:20:00 AM,11:21:09 AM,Addington,NZ,2,185372500,R2 2600m Trot S,185372501,Harness,2600,Trot,29059520,3,Cody Banner,LOSER,,LOSER,,,27,14,16,17.19,33.79,,,,,,,4.4,4.4,4.4,4.4,10,15.5,28,1.08,0.94
18/07/2021,11:20:00 AM,11:21:09 AM,Addington,NZ,2,185372500,R2 2600m Trot S,185372501,Harness,2600,Trot,40194398,4,Tyene,LOSER,,LOSER,,,15,9.2,13.5,12.37,11.57,,,,,,,,,,,,12,13.5,1.08,0.94
18/07/2021,11:20:00 AM,11:21:09 AM,Addington,NZ,2,185372500,R2 2600m Trot S,185372501,Harness,2600,Trot,36864672,5,Franco Josiah,LOSER,,LOSER,,,8.8,6.2,7.4,7.18,108.46,,,,,,,3,2.34,2.62,2.43,15.04,6.4,7,1.08,0.94
18/07/2021,11:20:00 AM,11:21:09 AM,Addington,NZ,2,185372500,R2 2600m Trot S,185372501,Harness,2600,Trot,27500260,6,Dreamsinthe Mist,LOSER,,LOSER,,,19.5,8.8,8.8,12.1,107.08,,,,,,,3,2.98,3,2.99,60,9.6,10.5,1.08,0.94
18/07/2021,11:20:00 AM,11:21:09 AM,Addington,NZ,2,185372500,R2 2600m Trot S,185372501,Harness,2600,Trot,19166710,7,Tequila Sunset,WINNER,,WINNER,,,7.2,5.5,6,6.1,503.82,,,,,,,2.4,1.91,2.24,2.17,98.27,5.6,6.2,1.08,0.94
18/07/2021,11:20:00 AM,11:21:09 AM,Addington,NZ,2,185372500,R2 2600m Trot S,185372501,Harness,2600,Trot,36834308,8,Tres Magnifique,LOSER,,LOSER,,,19,17,18,18.1,158.34,,,,,,,,,,,,18.5,19,1.08,0.94
18/07/2021,11:20:00 AM,11:21:09 AM,Addington,NZ,2,185372500,R2 2600m Trot S,185372501,Harness,2600,Trot,24417050,9,Dds Super Stuart,LOSER,,WINNER,,,12,5.4,5.7,6.34,668.39,,,,,,,2.3,2.3,2.3,2.3,5,5.7,6,1.08,0.94
18/07/2021,11:20:00 AM,11:21:09 AM,Addington,NZ,2,185372500,R2 2600m Trot S,185372501,Harness,2600,Trot,38461205,10,Regal Appointment,LOSER,,LOSER,,,14.5,5.7,11,8.28,393.95,,,,,,,2.56,2.56,2.56,2.56,15,9.6,14,1.08,0.94
18/07/2021,11:20:00 AM,11:21:09 AM,Addington,NZ,2,185372500,R2 2600m Trot S,185372501,Harness,2600,Trot,6457352,11,Beyond The Horizon,LOSER,,WINNER,,,10.5,8.2,10.5,9.51,578.49,,,,,,,3.35,3.1,3.1,3.11,0.74,10,10.5,1.08,0.94
18/07/2021,11:20:00 AM,11:21:09 AM,Addington,NZ,2,185372500,R2 2600m Trot S,185372501,Harness,2600,Trot,25000236,12,Listen Easy,LOSER,,LOSER,,,100,48,100,60.78,11,,,,,,,,,,,,60,100,1.08,0.94
18/07/2021,11:45:00 AM,11:45:47 AM,Addington,NZ,3,185372502,R3 1980m Pace M,185372503,Harness,1980,Pace,27932984,1,Myrcella,LOSER,,LOSER,,,55,36,38,39.25,8.1,,,,,,,11,6,6.2,6.11,10.02,38,55,1.14,0.94
18/07/2021,11:45:00 AM,11:45:47 AM,Addington,NZ,3,185372502,R3 1980m Pace M,185372503,Harness,1980,Pace,40194399,2,Pink Flamingo Run,LOSER,,LOSER,,,180,60,60,79.07,9.37,,,,,,,60,7,40,50.14,11.33,95,220,1.14,0.94
18/07/2021,11:45:00 AM,11:45:47 AM,Addington,NZ,3,185372502,R3 1980m Pace M,185372503,Harness,1980,Pace,19561952,3,Motoring Major,LOSER,,WINNER,,,29,28,28,28.3,16.87,,,,,,,4.1,4.1,4.1,4.1,0.17,29,50,1.14,0.94
18/07/2021,11:45:00 AM,11:45:47 AM,Addington,NZ,3,185372502,R3 1980m Pace M,185372503,Harness,1980,Pace,26790783,4,Markham Eyre,WINNER,,WINNER,,,4.7,3.7,3.85,4.12,608.77,,,,,,,1.49,1.46,1.49,1.48,0.65,3.7,3.9,1.14,0.94
18/07/2021,11:45:00 AM,11:45:47 AM,Addington,NZ,3,185372502,R3 1980m Pace M,185372503,Harness,1980,Pace,35430380,5,Ride In A Concorde,LOSER,,LOSER,,,34,28,34,30.72,11.58,,,,,,,,,,,,34,42,1.14,0.94
18/07/2021,11:45:00 AM,11:45:47 AM,Addington,NZ,3,185372502,R3 1980m Pace M,185372503,Harness,1980,Pace,1021217,6,Refine,LOSER,,LOSER,,,85,55,70,70.36,6.7,,,,,,,,,,,,85,250,1.14,0.94
18/07/2021,11:45:00 AM,11:45:47 AM,Addington,NZ,3,185372502,R3 1980m Pace M,185372503,Harness,1980,Pace,17020657,7,Scelta Uno,LOSER,,LOSER,,,32,23,23,27.92,194.58,,,,,,,3.95,3.95,3.95,3.95,31.65,32,38,1.14,0.94
18/07/2021,11:45:00 AM,11:45:47 AM,Addington,NZ,3,185372502,R3 1980m Pace M,185372503,Harness,1980,Pace,40194400,8,Tasman Tempest,LOSER,,WINNER,,,5,3.05,3.65,3.99,528.64,,,,,,,2,1.69,2,1.71,18.05,3.35,3.7,1.14,0.94
18/07/2021,11:45:00 AM,11:45:47 AM,Addington,NZ,3,185372502,R3 1980m Pace M,185372503,Harness,1980,Pace,40194401,9,Melodys Mischief,LOSER,,LOSER,,,15.5,9,9.4,10.83,67.56,,,,,,,,,,,,9,9.4,1.14,0.94
18/07/2021,11:45:00 AM,11:45:47 AM,Addington,NZ,3,185372502,R3 1980m Pace M,185372503,Harness,1980,Pace,24265603,10,My Mate Ben,LOSER,,LOSER,,,60,36,38,38.02,9.14,,,,,,,,,,,,38,60,1.14,0.94
18/07/2021,11:45:00 AM,11:45:47 AM,Addington,NZ,3,185372502,R3 1980m Pace M,185372503,Harness,1980,Pace,38063452,11,Classey Robin,LOSER,,LOSER,,,7,5.2,5.2,5.73,125.93,,,,,,,2.06,2.04,2.04,2.04,77.76,5.1,7.4,1.14,0.94
18/07/2021,11:45:00 AM,11:45:47 AM,Addington,NZ,3,185372502,R3 1980m Pace M,185372503,Harness,1980,Pace,3173788,12,Sneak A Peek,LOSER,,LOSER,,,12,9.8,9.8,10.45,46.71,,,,,,,,,,,,10.5,17,1.14,0.94
18/07/2021,12:11:00 PM,12:11:30 PM,Addington,NZ,4,185372504,R4 2600m Trot S,185372505,Harness,2600,Trot,38196994,1,Jesper Fast,LOSER,,WINNER,,,8.2,7,7,7.48,12.54,,,,,,,,,,,,7,14.5,1.08,0.72
18/07/2021,12:11:00 PM,,Addington,NZ,4,185372504,R4 2600m Trot S,185372505,Harness,2600,Trot,40194402,2,Rush,LOSER,,LOSER,,,,,,,,,,,,,,,,,,,,,,
18/07/2021,12:11:00 PM,12:11:30 PM,Addington,NZ,4,185372504,R4 2600m Trot S,185372505,Harness,2600,Trot,38407456,4,Bacardi Pride,LOSER,,LOSER,,,16,13,13.5,14.73,41.48,,,,,,,,,,,,13.5,14,1.08,0.72
18/07/2021,12:11:00 PM,12:11:30 PM,Addington,NZ,4,185372504,R4 2600m Trot S,185372505,Harness,2600,Trot,40194403,5,Ginas Majesty,LOSER,,WINNER,,,29,17,20,19.03,20.72,,,,,,,3.8,3.8,3.8,3.8,13.03,21,46,1.08,0.72
18/07/2021,12:11:00 PM,12:11:30 PM,Addington,NZ,4,185372504,R4 2600m Trot S,185372505,Harness,2600,Trot,40194404,6,Aldebaran Heather,WINNER,,WINNER,,,10,7.8,8,8.8,64.18,,,,,,,,,,,,8,8.6,1.08,0.72
18/07/2021,12:11:00 PM,12:11:30 PM,Addington,NZ,4,185372504,R4 2600m Trot S,185372505,Harness,2600,Trot,5239958,7,Instant Delight,LOSER,,LOSER,,,3.35,2.62,2.62,2.93,204.58,,,,,,,1.75,1.33,1.75,1.74,28.3,2.78,4.1,1.08,0.72
18/07/2021,12:11:00 PM,,Addington,NZ,4,185372504,R4 2600m Trot S,185372505,Harness,2600,Trot,40194405,8,Missy Nova,LOSER,,LOSER,,,,,,,,,,,,,,,,,,,,,,
18/07/2021,12:11:00 PM,12:11:30 PM,Addington,NZ,4,185372504,R4 2600m Trot S,185372505,Harness,2600,Trot,40194406,9,Superfast Whizz,LOSER,,LOSER,,,26,26,26,26,0.54,,,,,,,,,,,,14.5,26,1.08,0.72
18/07/2021,12:11:00 PM,12:11:30 PM,Addington,NZ,4,185372504,R4 2600m Trot S,185372505,Harness,2600,Trot,24442166,10,See It Thru,LOSER,,LOSER,,,16,16,16,16,5,,,,,,,,,,,,17,36,1.08,0.72
18/07/2021,12:11:00 PM,12:11:30 PM,Addington,NZ,4,185372504,R4 2600m Trot S,185372505,Harness,2600,Trot,38104693,11,Shiffty,LOSER,,LOSER,,,11.5,9.8,11,11.08,34.04,,,,,,,,,,,,11,12,1.08,0.72
18/07/2021,12:11:00 PM,12:11:30 PM,Addington,NZ,4,185372504,R4 2600m Trot S,185372505,Harness,2600,Trot,40194407,12,Top Hat And Tails,LOSER,,LOSER,,,48,19,48,20.24,13.78,,,,,,,4,4,4,4,31.65,24,46,1.08,0.72
18/07/2021,12:36:00 PM,12:36:51 PM,Addington,NZ,5,185372506,R5 1980m Pace M,185372507,Harness,1980,Pace,8341765,2,Skidaddle,LOSER,,LOSER,,,15.5,8,8,15.23,0.56,,,,,,,,,,,,8,15,1.08,0.85
18/07/2021,12:36:00 PM,12:36:51 PM,Addington,NZ,5,185372506,R5 1980m Pace M,185372507,Harness,1980,Pace,38981696,3,Ashes Of Desire,LOSER,,LOSER,,,9.2,9,9,9.15,5,,,,,,,,,,,,9.2,12,1.08,0.85
18/07/2021,12:36:00 PM,12:36:51 PM,Addington,NZ,5,185372506,R5 1980m Pace M,185372507,Harness,1980,Pace,38063454,4,Cha Cha B,LOSER,,LOSER,,,14.5,13,13,14.23,8.48,,,,,,,,,,,,13,15,1.08,0.85
18/07/2021,12:36:00 PM,,Addington,NZ,5,185372506,R5 1980m Pace M,185372507,Harness,1980,Pace,36841198,5,Beta Than Love,LOSER,,WINNER,,,,,,,,,,,,,,,,,,,,,,
18/07/2021,12:36:00 PM,12:36:51 PM,Addington,NZ,5,185372506,R5 1980m Pace M,185372507,Harness,1980,Pace,38218078,6,Blazing Impact,LOSER,,LOSER,,,15.5,9.6,10.5,11.66,37.42,,,,,,,,,,,,10,10.5,1.08,0.85
18/07/2021,12:36:00 PM,,Addington,NZ,5,185372506,R5 1980m Pace M,185372507,Harness,1980,Pace,17020738,7,Dreaminsover,LOSER,,LOSER,,,,,,,,,,,,,,,,,,,,,,
18/07/2021,12:36:00 PM,12:36:51 PM,Addington,NZ,5,185372506,R5 1980m Pace M,185372507,Harness,1980,Pace,9914727,8,Deja Blue,LOSER,,LOSER,,,20,19.5,20,19.95,1.16,,,,,,,,,,,,20,32,1.08,0.85
18/07/2021,12:36:00 PM,12:36:51 PM,Addington,NZ,5,185372506,R5 1980m Pace M,185372507,Harness,1980,Pace,40194408,9,Im Tough,WINNER,,WINNER,,,11,9.6,10,10.55,34.14,,,,,,,,,,,,9.6,10,1.08,0.85
18/07/2021,12:36:00 PM,12:36:51 PM,Addington,NZ,5,185372506,R5 1980m Pace M,185372507,Harness,1980,Pace,36407582,10,Midfrew Luisianabeau,LOSER,,LOSER,,,9,9,9,9,0.02,,,,,,,8.2,2.78,8.2,5.81,215.61,9,11.5,1.08,0.85
18/07/2021,12:36:00 PM,12:36:51 PM,Addington,NZ,5,185372506,R5 1980m Pace M,185372507,Harness,1980,Pace,27500282,11,Franco Hoffman,LOSER,,WINNER,,,18.5,15,15,17.19,30,,,,,,,,,,,,18,19.5,1.08,0.85
18/07/2021,12:36:00 PM,12:36:51 PM,Addington,NZ,5,185372506,R5 1980m Pace M,185372507,Harness,1980,Pace,38335718,12,Rocknroll Mama,LOSER,,LOSER,,,5.2,3.2,4.4,3.93,62.58,,,,,,,1.67,1.63,1.67,1.65,1.23,4.4,4.8,1.08,0.85
18/07/2021,12:36:00 PM,12:36:51 PM,Addington,NZ,5,185372506,R5 1980m Pace M,185372507,Harness,1980,Pace,21429969,13,Overarm,LOSER,,LOSER,,,29,23,23,23.36,49.45,,,,,,,,,,,,27,42,1.08,0.85
18/07/2021,1:01:00 PM,,Addington,NZ,6,185372508,R6 1980m Pace M,185372509,Harness,1980,Pace,40194409,1,Justin Fun,LOSER,,LOSER,,,,,,,,,,,,,,,,,,,,,,
18/07/2021,1:01:00 PM,1:01:44 PM,Addington,NZ,6,185372508,R6 1980m Pace M,185372509,Harness,1980,Pace,9185895,2,Moody River,LOSER,,WINNER,,,7.4,6,7,6.21,124.06,,,,,,,1.61,1.5,1.61,1.61,90.05,6.8,7.2,1.11,0.95
18/07/2021,1:01:00 PM,,Addington,NZ,6,185372508,R6 1980m Pace M,185372509,Harness,1980,Pace,897534,3,Fourth Amendment,LOSER,,LOSER,,,,,,,,,,,,,,,,,,,,,,
18/07/2021,1:01:00 PM,,Addington,NZ,6,185372508,R6 1980m Pace M,185372509,Harness,1980,Pace,40040750,4,Nordy Star,LOSER,,LOSER,,,,,,,,,,,,,,,,,,,,,,
18/07/2021,1:01:00 PM,1:01:44 PM,Addington,NZ,6,185372508,R6 1980m Pace M,185372509,Harness,1980,Pace,40194410,5,Beez Neez,LOSER,,LOSER,,,21,20,21,20.68,1.4,,,,,,,3.9,3.9,3.9,3.9,0.04,22,46,1.11,0.95
18/07/2021,1:01:00 PM,1:01:44 PM,Addington,NZ,6,185372508,R6 1980m Pace M,185372509,Harness,1980,Pace,768730,6,Cyrus,WINNER,,WINNER,,,1.5,1.31,1.42,1.4,301.81,,,,,,,1.57,1.16,1.16,1.33,53.82,1.39,1.45,1.11,0.95
18/07/2021,1:01:00 PM,,Addington,NZ,6,185372508,R6 1980m Pace M,185372509,Harness,1980,Pace,40194411,8,Quinto Uno,LOSER,,LOSER,,,,,,,,,,,,,,,,,,,,,,
18/07/2021,1:01:00 PM,1:01:44 PM,Addington,NZ,6,185372508,R6 1980m Pace M,185372509,Harness,1980,Pace,40194412,9,Kikorangi Blue,LOSER,,WINNER,,,26,12,14,12.76,62.02,,,,,,,,,,,,14,24,1.11,0.95
18/07/2021,1:33:00 PM,1:33:39 PM,Addington,NZ,7,185372510,R7 1980m Pace M,185372511,Harness,1980,Pace,34142245,1,Mrs Washington,LOSER,,LOSER,,,140,90,90,95.51,0.61,,,,,,,,,,,,85,90,1.12,0.96
18/07/2021,1:33:00 PM,1:33:39 PM,Addington,NZ,7,185372510,R7 1980m Pace M,185372511,Harness,1980,Pace,40194413,2,Machs Eliminator,LOSER,,LOSER,,,6.8,5.4,5.4,5.62,152.12,,,,,,,,,,,,5.7,7,1.12,0.96
18/07/2021,1:33:00 PM,1:33:39 PM,Addington,NZ,7,185372510,R7 1980m Pace M,185372511,Harness,1980,Pace,28727699,4,Rollyarrrz,LOSER,,WINNER,,,28,15.5,28,18.25,7.76,,,,,,,,,,,,17.5,27,1.12,0.96
18/07/2021,1:33:00 PM,1:33:39 PM,Addington,NZ,7,185372510,R7 1980m Pace M,185372511,Harness,1980,Pace,35790788,5,Justace,LOSER,,WINNER,,,5.2,3.95,4,4.48,218.17,,,,,,,,,,,,4.7,5.2,1.12,0.96
18/07/2021,1:33:00 PM,1:33:39 PM,Addington,NZ,7,185372510,R7 1980m Pace M,185372511,Harness,1980,Pace,40194414,6,Ali X,LOSER,,LOSER,,,120,55,100,69.05,16.82,,,,,,,,,,,,65,100,1.12,0.96
18/07/2021,1:33:00 PM,1:33:39 PM,Addington,NZ,7,185372510,R7 1980m Pace M,185372511,Harness,1980,Pace,39797207,7,Cristiano Buccini,LOSER,,LOSER,,,12.5,8,12.5,8.8,41.97,,,,,,,,,,,,8.4,9.6,1.12,0.96
18/07/2021,1:33:00 PM,1:33:39 PM,Addington,NZ,7,185372510,R7 1980m Pace M,185372511,Harness,1980,Pace,10394983,8,Leconte,LOSER,,LOSER,,,38,24,38,26.19,12.86,,,,,,,,,,,,24,36,1.12,0.96
18/07/2021,1:33:00 PM,1:33:39 PM,Addington,NZ,7,185372510,R7 1980m Pace M,185372511,Harness,1980,Pace,40194415,9,Rockin Va Va,LOSER,,LOSER,,,6.4,5.8,6,6.37,42.94,,,,,,,2.06,2.02,2.06,2.02,11.58,5.9,6.4,1.12,0.96
18/07/2021,1:33:00 PM,1:33:39 PM,Addington,NZ,7,185372510,R7 1980m Pace M,185372511,Harness,1980,Pace,39242187,10,Unchanged Memory,LOSER,,LOSER,,,60,38,60,39.52,8.48,,,,,,,,,,,,38,65,1.12,0.96
18/07/2021,1:33:00 PM,1:33:39 PM,Addington,NZ,7,185372510,R7 1980m Pace M,185372511,Harness,1980,Pace,40194416,11,Slip The Hundy,WINNER,,WINNER,,,5.9,4.2,5,5.08,80.35,,,,,,,,,,,,5.6,5.9,1.12,0.96
18/07/2021,1:33:00 PM,1:33:39 PM,Addington,NZ,7,185372510,R7 1980m Pace M,185372511,Harness,1980,Pace,39317123,12,Lizzie Richter,LOSER,,LOSER,,,16.5,10.5,16.5,11.62,6.81,,,,,,,,,,,,8.8,11,1.12,0.96
18/07/2021,5:07:00 PM,5:07:44 PM,Cranbourne,VIC,1,185368779,R1 2080m Pace M,185368780,Harness,2080,Pace,23584952,1,Nikitaras,LOSER,99.89,LOSER,384,129.88,230,46,230,157.31,60.69,1000,85,1000,187.7,32.78,,30,7.2,30,9.93,75.06,100,150,1.02,0.99
18/07/2021,5:07:00 PM,5:07:44 PM,Cranbourne,VIC,1,185368779,R1 2080m Pace M,185368780,Harness,2080,Pace,8610967,2,Mystic Castle,LOSER,41.15,LOSER,3.88,406.12,34,13,34,25.01,625.62,910,20,910,73.06,42.06,460.03,3.95,2.92,3.95,3.54,86.87,28,30,1.02,0.99
18/07/2021,5:07:00 PM,5:07:44 PM,Cranbourne,VIC,1,185368779,R1 2080m Pace M,185368780,Harness,2080,Pace,10816280,3,Little Safari,LOSER,17.68,WINNER,2.91,421.23,27,8.6,21,19.04,878.48,490,2.54,120,49.22,56.17,658.22,3.3,2.48,3,2.9,35.73,19,22,1.02,0.99
18/07/2021,5:07:00 PM,5:07:44 PM,Cranbourne,VIC,1,185368779,R1 2080m Pace M,185368780,Harness,2080,Pace,27550788,4,Rockingwithsierra,LOSER,1.49,LOSER,1.07,4446.49,2.04,1.47,1.53,1.57,9505.65,1000,1.13,1000,2.92,2452.47,27.59,1.19,1.07,1.13,1.11,561.72,1.5,1.52,1.02,0.99
18/07/2021,5:07:00 PM,5:07:44 PM,Cranbourne,VIC,1,185368779,R1 2080m Pace M,185368780,Harness,2080,Pace,27200830,5,Tupelo Beach,LOSER,92.07,WINNER,6,53.65,100,27,95,66.14,113.49,120,60,110,95.58,8.72,160.78,7,7,7,7,8.17,65,90,1.02,0.99
18/07/2021,5:07:00 PM,5:07:44 PM,Cranbourne,VIC,1,185368779,R1 2080m Pace M,185368780,Harness,2080,Pace,11435926,6,Elteearr,LOSER,140,LOSER,358.8,38.09,220,80,130,112.58,36.58,700,140,330,249.39,2.68,,7.8,7.6,7.6,7.6,9.03,90,110,1.02,0.99
18/07/2021,5:07:00 PM,5:07:44 PM,Cranbourne,VIC,1,185368779,R1 2080m Pace M,185368780,Harness,2080,Pace,27849041,7,Diamond Party,WINNER,5.67,WINNER,1.7,1137.57,6.4,3,5.2,5.35,1859.33,13,1.01,1.01,1.69,1923.22,736.72,1.64,1.47,1.61,1.59,394.37,5.7,5.9,1.02,0.99
18/07/2021,5:07:00 PM,5:07:44 PM,Cranbourne,VIC,1,185368779,R1 2080m Pace M,185368780,Harness,2080,Pace,10668542,8,Blissfull Mind,LOSER,36,LOSER,4.05,109.54,70,38,38,52.69,192.34,700,24,700,37.55,130.27,487.93,6.6,4.9,4.9,4.98,12.35,48,50,1.02,0.99
18/07/2021,5:07:00 PM,5:07:44 PM,Cranbourne,VIC,1,185368779,R1 2080m Pace M,185368780,Harness,2080,Pace,10475191,9,Jacks Command,LOSER,727.35,LOSER,51.88,29.7,620,130,460,268.75,42.42,890,300,300,694.3,2.44,37.05,,,,,,340,380,1.02,0.99
18/07/2021,5:07:00 PM,5:07:44 PM,Cranbourne,VIC,1,185368779,R1 2080m Pace M,185368780,Harness,2080,Pace,1026286,10,Malibu Jack,LOSER,32.42,LOSER,4.52,277.67,40,18.5,40,29.75,123.59,700,21,700,45.37,61.19,212.53,,,,,,30,34,1.02,0.99
18/07/2021,5:37:00 PM,5:38:00 PM,Cranbourne,VIC,2,185368781,R2 1609m Pace M,185368782,Harness,1609,Pace,17845561,1,Trent From Punchy,LOSER,8.4,LOSER,2.67,572.5,15,7.4,8.4,8.76,1017.44,700,5,210,12.57,77.11,397.44,3.25,2.38,2.7,2.74,65.79,9,9.6,1.02,0.98
18/07/2021,5:37:00 PM,5:38:00 PM,Cranbourne,VIC,2,185368781,R2 1609m Pace M,185368782,Harness,1609,Pace,19651128,2,Crime Boss,LOSER,7.46,LOSER,2.49,452.56,8.8,3.75,7.6,6.65,2159.55,700,4.7,490,21.31,66.16,543.25,2.72,1.33,2.46,2.4,971.68,6.4,6.6,1.02,0.98
18/07/2021,5:37:00 PM,5:38:00 PM,Cranbourne,VIC,2,185368781,R2 1609m Pace M,185368782,Harness,1609,Pace,36386792,3,Oceanique,LOSER,26.15,LOSER,5.03,200.53,36,21,26,24.73,194.31,700,24,700,62.42,17.12,358.55,5.1,4.7,5.1,4.9,58.59,26,27,1.02,0.98
18/07/2021,5:37:00 PM,5:38:00 PM,Cranbourne,VIC,2,185368781,R2 1609m Pace M,185368782,Harness,1609,Pace,40050398,4,Cuzin Lyndal,LOSER,2.84,WINNER,1.54,2614.2,4.9,2.8,2.94,3.07,8262,50,1.02,26,1.88,3566.44,859.34,1.88,1.53,1.53,1.59,372.76,3.1,3.15,1.02,0.98
18/07/2021,5:37:00 PM,5:38:00 PM,Cranbourne,VIC,2,185368781,R2 1609m Pace M,185368782,Harness,1609,Pace,38904167,5,Stormtide,LOSER,15.31,LOSER,3.62,276.42,14.5,11,13.5,12.92,593.68,910,10,910,62.38,96.54,207.65,3.4,3.2,3.25,3.24,25.72,12.5,13.5,1.02,0.98
18/07/2021,5:37:00 PM,5:38:00 PM,Cranbourne,VIC,2,185368781,R2 1609m Pace M,185368782,Harness,1609,Pace,6581383,7,Freedom Writer,LOSER,52.02,LOSER,7.75,123.81,60,36,42,44.35,82.03,700,34,700,60.19,19.79,208.63,6.6,6.6,6.6,6.6,10,36,42,1.02,0.98
18/07/2021,5:37:00 PM,5:38:00 PM,Cranbourne,VIC,2,185368781,R2 1609m Pace M,185368782,Harness,1609,Pace,23793337,8,Glens Of Tekoa,WINNER,7.99,WINNER,2.62,738.17,11.5,8.4,8.6,9.58,825.68,110,1.01,1.02,2.37,1540.34,757.13,3,2.08,2.62,2.63,87.33,9,9.8,1.02,0.98
18/07/2021,5:37:00 PM,5:38:00 PM,Cranbourne,VIC,2,185368781,R2 1609m Pace M,185368782,Harness,1609,Pace,10699299,9,Feel The Buzz,LOSER,68.94,LOSER,11.05,88.72,90,55,55,63.95,124.14,700,60,320,79.76,33.64,101.44,13.5,8.8,9.8,10.34,56.12,65,70,1.02,0.98
18/07/2021,5:37:00 PM,5:38:00 PM,Cranbourne,VIC,2,185368781,R2 1609m Pace M,185368782,Harness,1609,Pace,39009170,10,Gozo Sunshine,LOSER,60,WINNER,8.4,92.13,65,42,60,48.99,69.84,700,55,700,86.83,16.98,140.38,8,7.6,7.8,7.76,20.37,42,44,1.02,0.98
18/07/2021,5:37:00 PM,5:38:00 PM,Cranbourne,VIC,2,185368781,R2 1609m Pace M,185368782,Harness,1609,Pace,18863937,11,Rocks Roy,LOSER,8.77,LOSER,2.64,357.64,11,5.9,8,7.25,1589.63,870,2.7,490,11.61,112.15,601.27,2.8,2.8,2.8,2.8,0.03,7.4,7.8,1.02,0.98
18/07/2021,6:07:00 PM,6:07:45 PM,Cranbourne,VIC,3,185368783,R3 2080m Trot M,185368784,Harness,2080,Trot,36781780,1,Whose Me Mum,LOSER,52.69,LOSER,7.3,76.01,80,30,55,55.25,114.24,750,65,700,154.3,6.97,274.49,5.7,5.4,5.4,5.44,45,65,75,1.02,0.98
18/07/2021,6:07:00 PM,6:07:45 PM,Cranbourne,VIC,3,185368783,R3 2080m Trot M,185368784,Harness,2080,Trot,28490977,2,Maori Mayhem,LOSER,475.51,LOSER,46.19,68.64,880,160,390,298.71,42.84,,,,,,58.93,,,,,,260,300,1.02,0.98
18/07/2021,6:07:00 PM,6:07:45 PM,Cranbourne,VIC,3,185368783,R3 2080m Trot M,185368784,Harness,2080,Trot,25191722,3,Highway Huntsman,LOSER,125.17,LOSER,17.99,37.56,260,100,180,166.57,49.85,1000,34,1000,100.66,40.11,83.48,,,,,,150,200,1.02,0.98
18/07/2021,6:07:00 PM,6:07:45 PM,Cranbourne,VIC,3,185368783,R3 2080m Trot M,185368784,Harness,2080,Trot,10181661,4,Chrisken Kiosk,LOSER,71.89,LOSER,7.03,67.27,110,50,75,71.6,42.75,780,95,780,218.79,2.96,95.84,,,,,,75,85,1.02,0.98
18/07/2021,6:07:00 PM,6:07:45 PM,Cranbourne,VIC,3,185368783,R3 2080m Trot M,185368784,Harness,2080,Trot,40198525,5,Sugar High,LOSER,236.8,LOSER,11.45,26.69,350,95,240,161.64,42.69,700,48,320,91.77,20.73,123.94,10,8.4,8.6,8.99,25.9,160,170,1.02,0.98
18/07/2021,6:07:00 PM,6:07:45 PM,Cranbourne,VIC,3,185368783,R3 2080m Trot M,185368784,Harness,2080,Trot,28392610,6,Tip Top Grandpa,LOSER,68.29,LOSER,6.74,79.29,260,48,75,64.32,98.01,700,80,700,177.23,3.4,230.99,,,,,,48,65,1.02,0.98
18/07/2021,6:07:00 PM,6:07:45 PM,Cranbourne,VIC,3,185368783,R3 2080m Trot M,185368784,Harness,2080,Trot,39610807,7,La Serena,LOSER,3.25,WINNER,1.41,1620.99,4.5,2.7,3.25,3.63,3613.24,700,1.07,50,2.44,765.95,1952.44,2.62,1.28,1.39,1.36,1318.56,3.7,3.85,1.02,0.98
18/07/2021,6:07:00 PM,6:07:45 PM,Cranbourne,VIC,3,185368783,R3 2080m Trot M,185368784,Harness,2080,Trot,36341748,8,Bullion Harry,WINNER,1.93,WINNER,1.12,3590.8,1.96,1.6,1.95,1.76,12890.78,5,1.01,1.01,1.3,3218.1,1663.84,1.16,1.09,1.12,1.13,475.75,1.74,1.77,1.02,0.98
18/07/2021,6:07:00 PM,6:07:45 PM,Cranbourne,VIC,3,185368783,R3 2080m Trot M,185368784,Harness,2080,Trot,36036899,9,Here Comes Kyvalley,LOSER,8.71,WINNER,1.86,615.56,16.5,8.2,9,12.01,1155.8,700,4.5,36,20.49,61.92,819.87,2.14,1.86,1.9,1.99,244.75,12,13,1.02,0.98
18/07/2021,6:07:00 PM,6:07:45 PM,Cranbourne,VIC,3,185368783,R3 2080m Trot M,185368784,Harness,2080,Trot,13488576,10,Our Safari Sun,LOSER,36,LOSER,4.75,133.11,60,21,36,36.61,269.95,740,30,700,82.36,10.45,285.06,6.2,4.5,4.5,4.65,4.1,36,38,1.02,0.98
18/07/2021,6:37:00 PM,6:37:37 PM,Cranbourne,VIC,4,185368785,R4 1609m Pace M,185368786,Harness,1609,Pace,29058654,1,Illawong Phoenix,LOSER,4.14,WINNER,1.57,2728.16,5,3.95,4.2,4.35,3415.29,700,2.26,490,4.53,408.77,1129.24,1.71,1.41,1.56,1.53,370.68,4.3,4.4,1.02,0.98
18/07/2021,6:37:00 PM,6:37:37 PM,Cranbourne,VIC,4,185368785,R4 1609m Pace M,185368786,Harness,1609,Pace,11100422,2,Gotta Go Gladys,LOSER,70,LOSER,8.3,81.06,85,38,75,52.62,95.29,930,70,930,391.53,11.75,160.65,8,3.65,7,7.44,80.7,75,85,1.02,0.98
18/07/2021,6:37:00 PM,6:37:37 PM,Cranbourne,VIC,4,185368785,R4 1609m Pace M,185368786,Harness,1609,Pace,20261016,3,Elleker Hanover,WINNER,2.9,WINNER,1.4,2308.69,4.8,2.86,2.96,3.19,4927.06,5.1,1.01,1.01,1.48,4363.58,1192.13,1.59,1.28,1.41,1.4,66.85,2.92,3,1.02,0.98
18/07/2021,6:37:00 PM,6:37:37 PM,Cranbourne,VIC,4,185368785,R4 1609m Pace M,185368786,Harness,1609,Pace,18130498,4,Zaras All Good,LOSER,6.6,WINNER,1.87,860.78,7.2,4.3,6.4,5.8,553.71,700,4.7,700,17.6,140.15,760.66,2.18,1.77,1.87,1.84,47.5,5.9,6.2,1.02,0.98
18/07/2021,6:37:00 PM,6:37:37 PM,Cranbourne,VIC,4,185368785,R4 1609m Pace M,185368786,Harness,1609,Pace,36864627,5,Steele,LOSER,6.61,LOSER,1.88,834.01,6.4,3.3,6,5.32,359.36,700,2.5,700,5.89,502.01,970.89,1.97,1.55,1.83,1.75,22.94,6.2,6.4,1.02,0.98
18/07/2021,6:37:00 PM,6:37:37 PM,Cranbourne,VIC,4,185368785,R4 1609m Pace M,185368786,Harness,1609,Pace,27139649,6,Charisma King,LOSER,242.28,LOSER,29.16,87.3,260,150,170,200.89,29.78,700,190,200,215.96,8.29,56.32,12.5,12.5,12.5,12.5,5,140,230,1.02,0.98
18/07/2021,6:37:00 PM,6:37:37 PM,Cranbourne,VIC,4,185368785,R4 1609m Pace M,185368786,Harness,1609,Pace,2822816,7,Pershing,LOSER,12.09,LOSER,2.85,651.34,21,11,12.5,12.9,323.91,780,7.2,540,25.8,69.58,573.44,3.9,2.6,2.82,2.7,50.04,12,13,1.02,0.98
18/07/2021,6:37:00 PM,6:37:37 PM,Cranbourne,VIC,4,185368785,R4 1609m Pace M,185368786,Harness,1609,Pace,38989367,8,Nuart,LOSER,75,LOSER,9.25,76.43,110,55,85,63.1,164.91,960,60,400,181.64,11.96,174.09,11,7,7.2,7.64,316.37,70,95,1.02,0.98
18/07/2021,7:07:00 PM,7:07:44 PM,Cranbourne,VIC,5,185368787,R5 1609m Pace M,185368788,Harness,1609,Pace,30099468,1,Jay Bee,WINNER,5.29,WINNER,1.61,822.74,7.4,3.25,7,4.33,3736.48,8,1.01,1.01,1.54,1467.53,1177.91,1.83,1.49,1.65,1.62,475.48,4.2,4.3,1.02,0.97
18/07/2021,7:07:00 PM,7:07:44 PM,Cranbourne,VIC,5,185368787,R5 1609m Pace M,185368788,Harness,1609,Pace,28207099,2,Vallani Magic,LOSER,5.02,WINNER,1.82,2859.35,7.6,4,5.6,5.7,1717.98,700,3.25,700,8.27,80.23,738.51,2.08,1.85,1.9,1.89,13.75,6.4,6.6,1.02,0.97
18/07/2021,7:07:00 PM,7:07:44 PM,Cranbourne,VIC,5,185368787,R5 1609m Pace M,185368788,Harness,1609,Pace,26779132,3,Bit Of A Dream,LOSER,9.44,LOSER,2.44,779.54,11,6.2,9.8,9.76,445.46,700,8.6,490,22.02,60.81,769.65,2.7,2.14,2.38,2.27,110.83,9.8,10.5,1.02,0.97
18/07/2021,7:07:00 PM,7:07:44 PM,Cranbourne,VIC,5,185368787,R5 1609m Pace M,185368788,Harness,1609,Pace,39890285,4,Magic Craft,LOSER,77.66,LOSER,11.35,86.85,100,40,80,72.77,62.31,700,19,700,89.78,15.46,137.22,,,,,,70,80,1.02,0.97
18/07/2021,7:07:00 PM,7:07:44 PM,Cranbourne,VIC,5,185368787,R5 1609m Pace M,185368788,Harness,1609,Pace,10043497,5,Crafty Old Fox,LOSER,103.33,LOSER,14.75,67.77,180,70,170,109.93,29.57,960,85,950,174.26,16.88,126.48,,,,,,120,180,1.02,0.97
18/07/2021,7:07:00 PM,7:07:44 PM,Cranbourne,VIC,5,185368787,R5 1609m Pace M,185368788,Harness,1609,Pace,22185734,6,Cheeky Major,LOSER,62.3,LOSER,21.2,92.78,90,44,75,58.14,106.45,930,60,690,392.26,4.46,20.87,24,7.2,17,20.33,10.23,70,85,1.02,0.97
18/07/2021,7:07:00 PM,7:07:44 PM,Cranbourne,VIC,5,185368787,R5 1609m Pace M,185368788,Harness,1609,Pace,39395841,7,Sonnys Amazing,LOSER,8.33,WINNER,2.49,750.94,16,7.4,8.8,9.02,518.07,220,4.5,22,9.32,81.99,565.85,2.24,2.18,2.18,2.23,18.97,8.2,9,1.02,0.97
18/07/2021,7:07:00 PM,7:07:44 PM,Cranbourne,VIC,5,185368787,R5 1609m Pace M,185368788,Harness,1609,Pace,22747406,8,Im Loki,LOSER,2.63,LOSER,1.34,1746.04,4.2,2.58,2.62,2.91,6631.93,700,1.93,170,4,1256.54,1270.93,1.44,1.3,1.31,1.34,173.21,2.72,2.88,1.02,0.97
18/07/2021,7:37:00 PM,7:37:42 PM,Cranbourne,VIC,6,185368789,R6 2080m Trot M,185368790,Harness,2080,Trot,40198526,1,Ollivici,LOSER,1.72,WINNER,1.27,6018.83,1.93,1.62,1.73,1.75,9538.36,65,1.52,65,2.24,1911.11,1362.71,1.47,1.15,1.26,1.32,2085.21,1.77,1.64,1.03,1.03
18/07/2021,7:37:00 PM,7:37:42 PM,Cranbourne,VIC,6,185368789,R6 2080m Trot M,185368790,Harness,2080,Trot,38989522,2,Could Dowitharain,LOSER,31.91,LOSER,3.85,219.72,55,21,26,26.84,146.05,700,29,570,50.03,30.31,112.44,3.85,3.3,3.85,3.44,34.84,27,29,1.03,1.03
18/07/2021,7:37:00 PM,7:37:42 PM,Cranbourne,VIC,6,185368789,R6 2080m Trot M,185368790,Harness,2080,Trot,40198527,3,Captain Graywood,LOSER,87.66,LOSER,8.8,66.86,110,44,100,75.1,33.27,700,85,700,282.42,11.24,90.84,7.8,7.4,7.6,7.62,29.49,85,120,1.03,1.03
18/07/2021,7:37:00 PM,7:37:42 PM,Cranbourne,VIC,6,185368789,R6 2080m Trot M,185368790,Harness,2080,Trot,40198528,4,Supplanter,LOSER,146.43,LOSER,221,39.88,150,34,150,67.98,176.7,930,95,930,231.63,18.14,,23,5.8,22,11.81,8.16,48,55,1.03,1.03
18/07/2021,7:37:00 PM,7:37:42 PM,Cranbourne,VIC,6,185368789,R6 2080m Trot M,185368790,Harness,2080,Trot,40198529,5,Unspoken Love,LOSER,16.89,LOSER,2.83,260.97,21,14.5,16.5,16.95,220.2,900,8.2,900,62.4,75.98,280.34,3.4,2.76,2.78,2.96,144.9,17,18.5,1.03,1.03
18/07/2021,7:37:00 PM,7:37:42 PM,Cranbourne,VIC,6,185368789,R6 2080m Trot M,185368790,Harness,2080,Trot,40198530,6,Sovereign Tiger,LOSER,12.14,WINNER,2.4,557.15,22,12.5,12.5,15.82,215.65,420,11.5,280,17.62,130.62,350.3,3,2.38,2.38,2.45,57.6,16.5,18,1.03,1.03
18/07/2021,7:37:00 PM,7:37:42 PM,Cranbourne,VIC,6,185368789,R6 2080m Trot M,185368790,Harness,2080,Trot,36894878,7,Kyvalley Hacienda,WINNER,5.03,WINNER,1.49,1426.08,5.9,4,4.9,4.63,2028.95,6.2,1.01,1.01,1.7,2591.93,999.54,1.68,1.4,1.44,1.54,209.45,4.2,4.5,1.03,1.03
18/07/2021,7:37:00 PM,7:37:42 PM,Cranbourne,VIC,6,185368789,R6 2080m Trot M,185368790,Harness,2080,Trot,40198531,8,Aldebaran Lovisa,LOSER,37.85,LOSER,4.4,133.44,36,18.5,34,28,80.96,700,17,700,58.75,18.47,166.78,5,3.6,4,3.98,142.46,30,32,1.03,1.03
18/07/2021,8:09:00 PM,8:10:00 PM,Cranbourne,VIC,7,185368791,R7 2080m Pace M,185368792,Harness,2080,Pace,10906543,1,Captain Dan,WINNER,2.3,WINNER,1.45,1515.87,2.5,1.4,2.28,1.89,15495.83,6.2,1.01,1.01,1.61,2599.08,1028.19,1.53,1.17,1.47,1.4,232,2.36,2.42,1.02,0.99
18/07/2021,8:09:00 PM,8:10:00 PM,Cranbourne,VIC,7,185368791,R7 2080m Pace M,185368792,Harness,2080,Pace,35372320,2,Master Remi,LOSER,6.67,LOSER,3.08,1862.37,22,7.4,8.4,10.37,2741.16,1000,5,1000,9.06,415.95,528.48,4.5,2.82,2.96,3.24,163.48,8.2,8.6,1.02,0.99
18/07/2021,8:09:00 PM,8:10:00 PM,Cranbourne,VIC,7,185368791,R7 2080m Pace M,185368792,Harness,2080,Pace,40198532,3,Giveitatry,LOSER,3.23,LOSER,1.62,1495.27,5.7,2.8,3.1,3.3,6464.68,1000,2.74,1000,5.56,660.15,1147.97,1.66,1.54,1.64,1.64,90.3,2.88,2.94,1.02,0.99
18/07/2021,8:09:00 PM,8:10:00 PM,Cranbourne,VIC,7,185368791,R7 2080m Pace M,185368792,Harness,2080,Pace,28286335,4,Captain Maastricht,LOSER,10.5,WINNER,3.95,463.54,27,9.6,10.5,14.22,1818.85,100,1.3,2,4.11,593.71,183.12,5.8,3.45,4,4.25,157.15,14,14.5,1.02,0.99
18/07/2021,8:09:00 PM,8:10:00 PM,Cranbourne,VIC,7,185368791,R7 2080m Pace M,185368792,Harness,2080,Pace,38352115,5,All The Fours,LOSER,90.98,LOSER,21,80.34,95,50,80,68.54,128.33,910,24,300,89.05,22.51,78.06,15,9.8,15,11.75,26,65,70,1.02,0.99
18/07/2021,8:09:00 PM,8:10:00 PM,Cranbourne,VIC,7,185368791,R7 2080m Pace M,185368792,Harness,2080,Pace,38898573,7,Our Bella Lucia,LOSER,32.02,LOSER,9.1,203.46,270,25,32,49.82,339.28,1000,30,1000,94.57,28.58,134.23,12.5,7.8,12.5,9.48,52.98,26,28,1.02,0.99
18/07/2021,8:38:00 PM,8:38:51 PM,Cranbourne,VIC,8,185368793,R8 2080m Pace M,185368794,Harness,2080,Pace,28389202,1,Tellmesumthingrl,LOSER,70,LOSER,20,66.67,65,36,65,51.87,64.6,700,18,670,74.17,22.36,43.97,12.5,12.5,12.5,12.5,19,50,55,1.03,0.98
18/07/2021,8:38:00 PM,8:38:51 PM,Cranbourne,VIC,8,185368793,R8 2080m Pace M,185368794,Harness,2080,Pace,22917120,2,Tsolakis,LOSER,9.77,LOSER,4,739.61,16,10.5,11,11.83,524.42,700,6.2,700,13.31,183.36,415.52,3.8,3.8,3.8,3.8,10,10.5,11.5,1.03,0.98
18/07/2021,8:38:00 PM,8:38:51 PM,Cranbourne,VIC,8,185368793,R8 2080m Pace M,185368794,Harness,2080,Pace,9131043,3,Cmonbabylitemyfire,LOSER,4.56,LOSER,2.19,775.77,4.6,1.66,4.4,3.48,3206.76,700,2.1,140,7.49,571.02,506.71,2.36,1.5,2.36,2.09,390.34,4.1,4.2,1.03,0.98
18/07/2021,8:38:00 PM,8:38:51 PM,Cranbourne,VIC,8,185368793,R8 2080m Pace M,185368794,Harness,2080,Pace,4989020,4,Caught Out,LOSER,3.05,LOSER,1.93,2580.77,5.4,3.05,3.15,3.46,3766.84,700,2.32,700,4.19,852.24,550.83,2.02,1.76,1.76,1.78,44.31,3.2,3.35,1.03,0.98
18/07/2021,8:38:00 PM,8:38:51 PM,Cranbourne,VIC,8,185368793,R8 2080m Pace M,185368794,Harness,2080,Pace,24051147,5,Falling Shards,LOSER,3.28,WINNER,2.02,1134.2,6.4,3.15,3.25,3.68,3594.3,100,1.05,50,2.9,766.84,1482.94,2.46,1.82,2.46,2.01,72.4,3.2,3.4,1.03,0.98
18/07/2021,8:38:00 PM,8:38:51 PM,Cranbourne,VIC,8,185368793,R8 2080m Pace M,185368794,Harness,2080,Pace,36472024,6,Dads My Hero,WINNER,25.66,WINNER,7.74,188.37,46,19,22,22.78,241.47,75,1.01,1.02,2.3,1336.17,240.19,,,,,,21,24,1.03,0.98
18/07/2021,5:18:00 PM,5:18:33 PM,Hobart,TAS,1,185372482,R1 1609m Pace M,185372483,Harness,1609,Pace,40042375,1,Whey Better,LOSER,20.53,LOSER,6.38,143.21,30,18,18.5,20.03,578.35,780,10,780,39.22,20.77,148.54,8,6,6.6,6.31,92.18,19,21,1.02,0.98
18/07/2021,5:18:00 PM,5:18:33 PM,Hobart,TAS,1,185372482,R1 1609m Pace M,185372483,Harness,1609,Pace,40198230,2,Forgot The Wallet,LOSER,4.8,WINNER,2.48,878.3,5.3,2.94,4.9,4.54,2248.78,700,1.8,280,4.18,425.83,642.09,2.52,1.65,2.38,2.25,984.3,4.6,4.8,1.02,0.98
18/07/2021,5:18:00 PM,5:18:33 PM,Hobart,TAS,1,185372482,R1 1609m Pace M,185372483,Harness,1609,Pace,40050677,3,Nova Baxter,WINNER,2.96,WINNER,1.72,1096.55,3,2.22,2.78,2.6,5185.41,8,1.01,1.01,1.94,4643.65,1020.37,1.78,1.61,1.66,1.68,34.48,2.68,2.74,1.02,0.98
18/07/2021,5:18:00 PM,5:18:33 PM,Hobart,TAS,1,185372482,R1 1609m Pace M,185372483,Harness,1609,Pace,21189565,4,Navua Pixie,LOSER,52.99,LOSER,19.04,84.54,95,50,50,57.99,94.96,700,5.6,140,21.75,264.2,91.94,,,,,,55,65,1.02,0.98
18/07/2021,5:18:00 PM,5:18:33 PM,Hobart,TAS,1,185372482,R1 1609m Pace M,185372483,Harness,1609,Pace,39009424,6,Emrites,LOSER,3.95,LOSER,2.06,855.26,6.8,3.65,3.65,4,3799.91,1000,3.95,120,9.17,356.05,925.49,2.32,1.95,2,1.99,26.07,3.9,4,1.02,0.98
18/07/2021,5:18:00 PM,5:18:33 PM,Hobart,TAS,1,185372482,R1 1609m Pace M,185372483,Harness,1609,Pace,40198231,7,Kikkimi,LOSER,12.5,LOSER,6.11,332.52,24,12,13,15.71,1366.35,780,12.5,780,21.84,63.38,274.74,,,,,,14,15.5,1.02,0.98
18/07/2021,5:18:00 PM,5:18:33 PM,Hobart,TAS,1,185372482,R1 1609m Pace M,185372483,Harness,1609,Pace,28091398,8,Popnpennies,LOSER,24,LOSER,13.34,118.87,40,20,20,27.03,328.85,780,12.5,780,93.8,24.81,100.96,,,,,,30,36,1.02,0.98
18/07/2021,5:52:00 PM,5:52:46 PM,Hobart,TAS,2,185372484,R2 2090m Pace M,185372485,Harness,2090,Pace,10979057,1,Kermadec,LOSER,79.31,LOSER,8.8,97.55,120,55,120,79.66,51.24,940,18.5,940,152.87,70.05,196.57,9.8,7.4,8.8,9.1,45.29,65,85,1.02,0.98
18/07/2021,5:52:00 PM,5:52:46 PM,Hobart,TAS,2,185372484,R2 2090m Pace M,185372485,Harness,2090,Pace,40198232,2,Regal Kenzie,LOSER,71.27,LOSER,11.5,132.07,75,46,65,60.73,58.75,930,70,700,159.52,16.64,71.44,11.5,8,10,8.72,262.14,60,65,1.02,0.98
18/07/2021,5:52:00 PM,5:52:46 PM,Hobart,TAS,2,185372484,R2 2090m Pace M,185372485,Harness,2090,Pace,40198233,3,My Ultimate Beauty,LOSER,4.7,LOSER,1.89,765.66,13.5,4.5,4.6,5.19,2406.64,1000,2.64,270,19.87,261.54,707.19,1.95,1.73,1.73,1.8,741.06,5,5.1,1.02,0.98
18/07/2021,5:52:00 PM,5:52:46 PM,Hobart,TAS,2,185372484,R2 2090m Pace M,185372485,Harness,2090,Pace,27777649,4,Who Said You Said,LOSER,11.82,LOSER,3.48,361.18,24,12,12,15.4,633.75,910,7.2,170,25.42,181.9,517.1,3.55,3.4,3.55,3.4,15.32,14,15,1.02,0.98
18/07/2021,5:52:00 PM,5:52:46 PM,Hobart,TAS,2,185372484,R2 2090m Pace M,185372485,Harness,2090,Pace,27850865,5,Nobeer Nomore,WINNER,18,WINNER,4.3,278.43,28,18,18.5,21.46,217.62,34,1.01,1.01,1.58,3940.94,264.9,4.9,3.35,4.4,4.39,163.82,19.5,19,1.02,0.98
18/07/2021,5:52:00 PM,5:52:46 PM,Hobart,TAS,2,185372484,R2 2090m Pace M,185372485,Harness,2090,Pace,40198234,6,Ninefortwentythree,LOSER,15.55,LOSER,3.61,272.06,16.5,5.5,14.5,11.72,362.85,890,11,550,67.04,37.6,498.31,3.9,3.35,3.35,3.4,0.38,15,16.5,1.02,0.98
18/07/2021,5:52:00 PM,5:52:46 PM,Hobart,TAS,2,185372484,R2 2090m Pace M,185372485,Harness,2090,Pace,40198235,7,Nick A Grin,LOSER,50,LOSER,10.31,126.71,190,50,55,99.78,182.98,780,50,700,154.9,16.37,154.94,15.5,8.2,9,11.05,20.74,50,55,1.02,0.98
18/07/2021,5:52:00 PM,5:52:46 PM,Hobart,TAS,2,185372484,R2 2090m Pace M,185372485,Harness,2090,Pace,40198236,8,Hughie Playboy,LOSER,19,LOSER,4.22,219,24,13.5,19.5,19.29,182.59,700,9.6,700,48.72,36.08,369.99,5.1,3.95,3.95,4.06,60.65,24,25,1.02,0.98
18/07/2021,5:52:00 PM,5:52:46 PM,Hobart,TAS,2,185372484,R2 2090m Pace M,185372485,Harness,2090,Pace,40198237,9,Northern Stride,LOSER,4.9,WINNER,2.35,1507.34,6.4,3.95,5.3,5.38,1590.37,880,3.55,880,9.44,301.64,1077.09,2.4,1.87,2.34,2.03,229.08,5.3,5.5,1.02,0.98
18/07/2021,5:52:00 PM,5:52:46 PM,Hobart,TAS,2,185372484,R2 2090m Pace M,185372485,Harness,2090,Pace,40198238,10,Tommy Hillfigure,LOSER,3.2,WINNER,1.68,1349.42,3.55,2.66,3.25,2.99,5911.53,1000,1.12,490,2.85,946.24,623.81,1.77,1.43,1.75,1.6,434.91,2.84,2.94,1.02,0.98
18/07/2021,6:22:00 PM,6:22:43 PM,Hobart,TAS,3,185372486,R3 2090m Pace M,185372487,Harness,2090,Pace,27934603,1,Iden Black Prince,LOSER,18,LOSER,3.9,282.65,19,11.5,16.5,14.72,360.02,700,4,490,15.64,94.54,498.58,3.6,3.55,3.6,3.56,208,16,18.5,1.04,0.97
18/07/2021,6:22:00 PM,6:22:43 PM,Hobart,TAS,3,185372486,R3 2090m Pace M,185372487,Harness,2090,Pace,40198239,2,Just For Dave,LOSER,5.34,LOSER,1.86,1158.36,6.2,4.4,5.1,5.05,3406.21,700,2.9,700,4.98,624.39,963.65,2.24,1.74,1.92,1.92,235.69,4.6,4.9,1.04,0.97
18/07/2021,6:22:00 PM,6:22:43 PM,Hobart,TAS,3,185372486,R3 2090m Pace M,185372487,Harness,2090,Pace,24717762,4,Jimi Sanz,LOSER,23,LOSER,5.6,655.7,24,10,24,21.1,291.86,710,15.5,710,30.13,150.45,318.1,,,,,,19.5,23,1.04,0.97
18/07/2021,6:22:00 PM,6:22:43 PM,Hobart,TAS,3,185372486,R3 2090m Pace M,185372487,Harness,2090,Pace,28578975,5,Gauci,LOSER,282.31,LOSER,78.51,53.84,310,160,310,269.6,27.72,700,160,700,296.04,20.17,31.16,,,,,,300,310,1.04,0.97
18/07/2021,6:22:00 PM,6:22:43 PM,Hobart,TAS,3,185372486,R3 2090m Pace M,185372487,Harness,2090,Pace,28024218,6,Vonns Angel,LOSER,13.19,LOSER,3.47,443.08,13,9.4,12,11.85,474.98,700,6.2,700,18.86,188.15,431.1,3.45,3.3,3.3,3.38,132.44,12,13,1.04,0.97
18/07/2021,6:22:00 PM,6:22:43 PM,Hobart,TAS,3,185372486,R3 2090m Pace M,185372487,Harness,2090,Pace,36255385,7,Dollarsign,LOSER,54.71,LOSER,11.4,136.64,65,46,50,50.03,95.94,780,75,780,126.24,11.12,148.87,,,,,,48,55,1.04,0.97
18/07/2021,6:22:00 PM,6:22:43 PM,Hobart,TAS,3,185372486,R3 2090m Pace M,185372487,Harness,2090,Pace,36430688,8,Ifitstobeitsuptome,LOSER,4.04,WINNER,1.8,1891.83,6.2,3.8,3.85,4.22,3177,140,1.16,100,2.95,1064.35,833.69,1.98,1.74,1.75,1.84,66.38,3.8,4,1.04,0.97
18/07/2021,6:22:00 PM,6:22:43 PM,Hobart,TAS,3,185372486,R3 2090m Pace M,185372487,Harness,2090,Pace,40198240,9,Fury Dan,LOSER,7.79,LOSER,3.4,958.2,8.6,5.7,8,8.16,442.16,700,4.1,700,13.03,139.67,635,3.45,2.26,3.4,3.03,87.66,7.8,8.6,1.04,0.97
18/07/2021,6:22:00 PM,6:22:43 PM,Hobart,TAS,3,185372486,R3 2090m Pace M,185372487,Harness,2090,Pace,23331638,10,Taumalolo,LOSER,366.09,LOSER,325.27,50.75,480,220,480,386.66,19.66,730,120,700,335.68,18.23,6.23,250,200,200,248.2,6.25,460,480,1.04,0.97
18/07/2021,6:22:00 PM,6:22:43 PM,Hobart,TAS,3,185372486,R3 2090m Pace M,185372487,Harness,2090,Pace,40198241,11,Gordievsky Leis,LOSER,27,WINNER,8.3,215.69,28,20,26,25.17,57.45,140,1.32,44,6.69,292.54,159.56,6.8,5.8,5.8,5.89,4.09,25,27,1.04,0.97
18/07/2021,6:22:00 PM,6:22:43 PM,Hobart,TAS,3,185372486,R3 2090m Pace M,185372487,Harness,2090,Pace,40198242,12,Jack James,WINNER,5.9,WINNER,2.23,707.96,7.4,5.3,5.8,5.93,837.17,210,1.01,1.01,1.44,1930.45,752.26,2.5,2.48,2.48,2.48,7.46,6.2,6.4,1.04,0.97
18/07/2021,6:22:00 PM,6:22:43 PM,Hobart,TAS,3,185372486,R3 2090m Pace M,185372487,Harness,2090,Pace,38936677,13,Lord Bazalup,LOSER,100,LOSER,22,89.55,110,70,100,89.3,14.21,700,100,700,110.56,17.46,101.44,,,,,,90,100,1.04,0.97
18/07/2021,6:52:00 PM,6:52:42 PM,Hobart,TAS,4,185372488,R4 1609m Pace M,185372489,Harness,1609,Pace,35595153,1,Starofremembrance,LOSER,18,LOSER,3.95,380.32,25,17,17.5,19.24,328.57,1000,11,1000,64.27,35.2,350.29,3.7,3.35,3.55,3.58,118.05,21,23,1.04,0.97
18/07/2021,6:52:00 PM,6:52:42 PM,Hobart,TAS,4,185372488,R4 1609m Pace M,185372489,Harness,1609,Pace,30142122,2,Stepping Stones,LOSER,2.68,LOSER,1.37,2016.25,2.8,2.26,2.54,2.64,4325.09,700,2.24,490,6.12,752.09,1157.82,1.41,1.19,1.35,1.35,289.27,2.6,2.66,1.04,0.97
18/07/2021,6:52:00 PM,6:52:42 PM,Hobart,TAS,4,185372488,R4 1609m Pace M,185372489,Harness,1609,Pace,40198243,3,Helikaon,WINNER,3.59,WINNER,1.59,1249.23,3.8,2.62,3.5,3.13,7910.82,3.7,1.01,1.01,1.39,4420.01,632.81,1.57,1.39,1.48,1.48,394.06,3.1,3.35,1.04,0.97
18/07/2021,6:52:00 PM,6:52:42 PM,Hobart,TAS,4,185372488,R4 1609m Pace M,185372489,Harness,1609,Pace,17118910,4,Albayzin,LOSER,65,LOSER,10.95,83.23,70,28,65,56.88,94.91,930,65,780,127.89,20.5,126.09,16.5,9.6,9.6,13.63,36.2,55,60,1.04,0.97
18/07/2021,6:52:00 PM,6:52:42 PM,Hobart,TAS,4,185372488,R4 1609m Pace M,185372489,Harness,1609,Pace,24596040,5,Somehowsomeway,LOSER,65,LOSER,7.3,77.89,80,42,60,56.11,190.98,950,75,100,155.53,21.52,183.83,8.2,6,6.8,6.86,110,65,70,1.04,0.97
18/07/2021,6:52:00 PM,6:52:42 PM,Hobart,TAS,4,185372488,R4 1609m Pace M,185372489,Harness,1609,Pace,34141386,6,My Celebrity,LOSER,20.45,WINNER,5.6,392.09,40,20,26,26.61,537.81,920,5.1,920,18.83,125.39,214.31,6.4,4.6,4.8,4.76,16.78,24,27,1.04,0.97
18/07/2021,6:52:00 PM,6:52:42 PM,Hobart,TAS,4,185372488,R4 1609m Pace M,185372489,Harness,1609,Pace,11909227,7,The Floyd,LOSER,267.57,LOSER,27.32,51.12,310,140,310,222.8,33.58,880,100,870,191.26,5.7,81.77,16,15,16,15.78,20,170,230,1.04,0.97
18/07/2021,6:52:00 PM,6:52:42 PM,Hobart,TAS,4,185372488,R4 1609m Pace M,185372489,Harness,1609,Pace,13535769,8,The Deal,LOSER,96.4,WINNER,11.74,52.65,180,38,130,88.53,43.59,960,120,960,279.44,4.93,152.23,10.5,7.6,8,9.21,53.71,95,120,1.04,0.97
18/07/2021,6:52:00 PM,6:52:42 PM,Hobart,TAS,4,185372488,R4 1609m Pace M,185372489,Harness,1609,Pace,13427547,10,Lifes A Jungle,LOSER,15,LOSER,3.46,257.27,22,10.5,14.5,17.38,683.3,780,9.8,780,50.03,40.15,515.88,4,3.45,3.55,3.59,43.82,17,19,1.04,0.97
18/07/2021,6:52:00 PM,6:52:42 PM,Hobart,TAS,4,185372488,R4 1609m Pace M,185372489,Harness,1609,Pace,16022952,11,Mondooley Mach,LOSER,27.12,LOSER,6.75,219.02,44,24,29,32.96,239.62,920,16,780,61.81,36.73,186.51,6.2,6,6.2,6.09,17.79,38,42,1.04,0.97
18/07/2021,6:52:00 PM,6:52:42 PM,Hobart,TAS,4,185372488,R4 1609m Pace M,185372489,Harness,1609,Pace,9351274,12,Hez Razor Sharp,LOSER,11,LOSER,2.73,575.35,18,10,11,11.31,1396.01,900,6,710,25.7,82.66,660.19,2.96,2.44,2.68,2.6,287.06,10,11,1.04,0.97
18/07/2021,6:52:00 PM,6:52:42 PM,Hobart,TAS,4,185372488,R4 1609m Pace M,185372489,Harness,1609,Pace,20030948,13,Good Feelings,LOSER,327.01,LOSER,281.13,40.26,400,190,350,257.29,41.23,700,340,700,372.81,5.01,5.97,270,23,270,98.74,28.54,260,270,1.04,0.97
18/07/2021,7:22:00 PM,7:22:41 PM,Hobart,TAS,5,185372490,R5 2090m Pace M,185372491,Harness,2090,Pace,38123603,1,Lorimermajor,LOSER,20,LOSER,2.06,315.95,22,9,20,16.24,921.86,700,3.35,490,14.61,125.5,843.52,2,1.63,1.96,1.93,1021.7,20,21,1.01,0.99
18/07/2021,7:22:00 PM,7:22:41 PM,Hobart,TAS,5,185372490,R5 2090m Pace M,185372491,Harness,2090,Pace,7184429,2,Montana Storm,LOSER,1.23,WINNER,1.08,8910.16,1.48,1.24,1.24,1.28,16229.59,200,1.15,110,1.65,4127.37,245.34,1.11,1.05,1.08,1.07,4007.79,1.26,1.27,1.01,0.99
18/07/2021,7:22:00 PM,7:22:41 PM,Hobart,TAS,5,185372490,R5 2090m Pace M,185372491,Harness,2090,Pace,38263061,3,Endeavour Stride,LOSER,65,LOSER,5.83,101.56,65,19.5,65,50.26,29.72,930,12,760,74.04,37.11,243.35,5.9,5.8,5.8,5.88,31.67,55,65,1.01,0.99
18/07/2021,7:22:00 PM,7:22:41 PM,Hobart,TAS,5,185372490,R5 2090m Pace M,185372491,Harness,2090,Pace,25091768,4,Kosimo,LOSER,29,WINNER,2.97,230.85,36,19,29,29.43,187.86,700,3.5,100,18.75,93.82,315.96,4.9,2.8,2.94,2.92,35.16,34,36,1.01,0.99
18/07/2021,7:22:00 PM,7:22:41 PM,Hobart,TAS,5,185372490,R5 2090m Pace M,185372491,Harness,2090,Pace,36610717,7,Kivik,WINNER,21.07,WINNER,2.6,253.51,30,18,19.5,21.07,524.27,40,1.01,1.01,3.03,1735.61,714.84,2.9,2.36,2.36,2.46,22.32,18,19.5,1.01,0.99
18/07/2021,7:22:00 PM,7:22:41 PM,Hobart,TAS,5,185372490,R5 2090m Pace M,185372491,Harness,2090,Pace,23055429,8,Guido Da Siena,LOSER,29.19,LOSER,3.05,156.3,30,22,25,24.9,297.99,700,8.6,700,30.74,33.66,260.4,3.05,2.64,3.05,2.78,50.33,23,26,1.01,0.99
18/07/2021,7:22:00 PM,7:22:41 PM,Hobart,TAS,5,185372490,R5 2090m Pace M,185372491,Harness,2090,Pace,13321330,9,Debt Till We Part,LOSER,190,LOSER,14.05,37.64,240,44,220,113.47,11.04,700,50,350,142.71,9.06,,,,,,,200,210,1.01,0.99
18/07/2021,7:22:00 PM,7:22:41 PM,Hobart,TAS,5,185372490,R5 2090m Pace M,185372491,Harness,2090,Pace,28605537,10,Left A Hurrikane,LOSER,198.47,LOSER,15.09,33.35,280,75,260,169.34,11.92,700,95,700,241.39,11.05,105.42,,,,,,200,260,1.01,0.99
18/07/2021,7:22:00 PM,7:22:41 PM,Hobart,TAS,5,185372490,R5 2090m Pace M,185372491,Harness,2090,Pace,39670153,11,Jobells Image,LOSER,290,LOSER,15.5,20.26,300,85,290,180.18,3.6,700,100,700,528.47,2.08,105.3,,,,,,220,280,1.01,0.99
18/07/2021,7:22:00 PM,7:22:41 PM,Hobart,TAS,5,185372490,R5 2090m Pace M,185372491,Harness,2090,Pace,38475192,12,Postal Run,LOSER,260,LOSER,22.32,20.57,280,95,260,183.92,4.21,700,95,640,435.43,1.61,92.02,14,12,14,12.59,6,210,260,1.01,0.99
18/07/2021,7:22:00 PM,7:22:41 PM,Hobart,TAS,5,185372490,R5 2090m Pace M,185372491,Harness,2090,Pace,40198244,13,Brighton Prince,LOSER,540.04,LOSER,34.43,33.35,470,210,290,259.73,7.44,700,95,560,526.6,6.1,50.88,48,19.5,48,34.31,0.17,250,270,1.01,0.99
18/07/2021,7:53:00 PM,7:53:44 PM,Hobart,TAS,6,185372492,R6 2090m Pace M,185372493,Harness,2090,Pace,19832862,1,Eye See Double,LOSER,180,LOSER,72.63,76.55,240,90,200,174.33,101.8,1000,85,1000,313.17,3.9,39.5,36,29,29,30.96,13.24,140,190,1.02,0.98
18/07/2021,7:53:00 PM,7:53:44 PM,Hobart,TAS,6,185372492,R6 2090m Pace M,185372493,Harness,2090,Pace,25765956,2,Yorkshire,LOSER,3.54,WINNER,1.98,1416.51,3.9,2.32,3.55,3.32,3515.68,140,1.76,140,3.37,563.93,489,1.88,1.49,1.88,1.79,250.77,3.65,3.85,1.02,0.98
18/07/2021,7:53:00 PM,7:53:44 PM,Hobart,TAS,6,185372492,R6 2090m Pace M,185372493,Harness,2090,Pace,21284771,3,Be Major Threat,LOSER,7.28,LOSER,2.87,639.55,21,6.8,8,9.62,2739.64,490,2.58,490,9,177.86,331.57,4,2.88,2.88,3.03,665.48,6.8,7.2,1.02,0.98
18/07/2021,7:53:00 PM,7:53:44 PM,Hobart,TAS,6,185372492,R6 2090m Pace M,185372493,Harness,2090,Pace,22639024,4,The Shallows,WINNER,2.54,WINNER,1.64,2182.09,3.35,2.52,2.62,2.74,4703.23,3.9,1.01,1.01,1.77,3859.43,1139.79,1.72,1.52,1.6,1.67,71.58,2.74,2.8,1.02,0.98
18/07/2021,7:53:00 PM,7:53:44 PM,Hobart,TAS,6,185372492,R6 2090m Pace M,185372493,Harness,2090,Pace,12489827,5,Illegal Immigrant,LOSER,20.9,LOSER,7.4,241.9,32,16,18.5,17.89,852.29,140,9,140,28.26,67.62,152.7,7,5.6,5.6,6.51,14.11,16,17,1.02,0.98
18/07/2021,7:53:00 PM,7:53:44 PM,Hobart,TAS,6,185372492,R6 2090m Pace M,185372493,Harness,2090,Pace,12581878,6,Harjeet,LOSER,6.26,LOSER,2.89,533.26,8.8,4.6,5.9,5.91,1357.12,490,5.2,490,10.35,120.65,516.67,3,2.16,2.92,2.7,51.16,6,6.2,1.02,0.98
18/07/2021,8:25:00 PM,8:25:43 PM,Hobart,TAS,7,185372494,R7 2090m Pace M,185372495,Harness,2090,Pace,11004021,1,Castor Troy,LOSER,46.77,LOSER,14.4,84.05,85,18.5,46,51.52,82.41,1000,40,1000,153.47,21.39,94.69,9.8,8,8,9.52,5,55,75,1.04,0.98
18/07/2021,8:25:00 PM,8:25:43 PM,Hobart,TAS,7,185372494,R7 2090m Pace M,185372495,Harness,2090,Pace,7116734,2,Jeans Mattjesty,LOSER,256.19,LOSER,30.84,35.63,290,48,290,123.31,59.5,1000,230,1000,507.72,2.94,72.25,19,15,19,18.07,20,180,280,1.04,0.98
18/07/2021,8:25:00 PM,8:25:43 PM,Hobart,TAS,7,185372494,R7 2090m Pace M,185372495,Harness,2090,Pace,4221367,3,Ranieri,LOSER,34.48,LOSER,7.86,107.42,36,21,32,29.12,66.11,1000,34,1000,63.53,18.74,164.52,7,5.1,7,5.73,15,30,34,1.04,0.98
18/07/2021,8:25:00 PM,8:25:43 PM,Hobart,TAS,7,185372494,R7 2090m Pace M,185372495,Harness,2090,Pace,14554058,4,Lockaway Kacie,LOSER,5.97,LOSER,2.44,943.48,17,6,6,7.29,2085.43,880,5.9,880,20.32,184.82,830.13,3.1,2.42,2.46,2.61,73.97,6.2,6.6,1.04,0.98
18/07/2021,8:25:00 PM,8:25:43 PM,Hobart,TAS,7,185372494,R7 2090m Pace M,185372495,Harness,2090,Pace,8724791,5,Hez The One,LOSER,16.97,LOSER,4.65,176.01,19,12.5,14,15.15,235.45,700,5.9,700,33.3,108.7,383.77,5.3,5.3,5.3,5.3,0.37,15,16.5,1.04,0.98
18/07/2021,8:25:00 PM,8:25:43 PM,Hobart,TAS,7,185372494,R7 2090m Pace M,185372495,Harness,2090,Pace,11608761,6,Kardesler,LOSER,11,LOSER,3.15,420.37,11,7.8,10.5,9.91,396.5,700,8.4,690,35.88,72.73,538.42,3.3,2.44,3.3,2.89,40.45,9.6,10.5,1.04,0.98
18/07/2021,8:25:00 PM,8:25:43 PM,Hobart,TAS,7,185372494,R7 2090m Pace M,185372495,Harness,2090,Pace,14162147,8,Deadly Assassin,WINNER,7.89,WINNER,3.15,707.12,9.8,5.5,8.6,8.66,500.34,8.4,1.01,1.01,1.69,1733.9,594.87,2.96,1.74,2.96,2.74,18.67,9.2,9.6,1.04,0.98
18/07/2021,8:25:00 PM,8:25:43 PM,Hobart,TAS,7,185372494,R7 2090m Pace M,185372495,Harness,2090,Pace,10649787,9,Earl Jujon,LOSER,7.17,WINNER,2.64,492.7,7,4.8,7,6.3,475.41,480,1.8,48,8.77,229.93,601.52,2.3,1.76,2.3,2.05,18.16,6,6.4,1.04,0.98
18/07/2021,8:25:00 PM,8:25:43 PM,Hobart,TAS,7,185372494,R7 2090m Pace M,185372495,Harness,2090,Pace,23631397,10,James Dean,LOSER,333.94,LOSER,70,23.99,340,38,340,158.78,67.74,960,270,700,389.03,6.06,0.76,70,70,70,70,0.79,220,250,1.04,0.98
18/07/2021,8:25:00 PM,8:25:43 PM,Hobart,TAS,7,185372494,R7 2090m Pace M,185372495,Harness,2090,Pace,24918855,11,Somedan,LOSER,7.8,LOSER,2.77,479.16,14,6.6,7,7.77,672.34,480,2.26,290,24.28,36.7,329.23,2.38,2.38,2.38,2.38,55.19,7,7.2,1.04,0.98
18/07/2021,8:25:00 PM,8:25:43 PM,Hobart,TAS,7,185372494,R7 2090m Pace M,185372495,Harness,2090,Pace,7385964,12,Reign Of Pain,LOSER,20.24,LOSER,5.45,136.45,21,16,18.5,18.66,132.95,700,10,210,33.56,33.84,205.91,3.9,3.9,3.9,3.9,0.48,17.5,19,1.04,0.98
18/07/2021,8:25:00 PM,8:25:43 PM,Hobart,TAS,7,185372494,R7 2090m Pace M,185372495,Harness,2090,Pace,38936679,13,Aha Reaction,LOSER,4.97,WINNER,2.3,1573.95,8.4,5,5.2,5.65,2218.26,1000,2,480,16.92,360.18,688.95,2.4,2.08,2.3,2.24,12.22,5.8,5.9,1.04,0.98
18/07/2021,9:02:00 PM,9:03:47 PM,Hobart,TAS,8,185372496,R8 2090m Pace M,185372497,Harness,2090,Pace,27399207,2,Coolhand Easton,LOSER,2.64,WINNER,1.53,2207.13,3.6,2.64,2.66,3.03,6731.85,700,1.9,690,2.36,1935.42,1101,1.8,1.28,1.51,1.61,177.92,2.9,2.98,1.02,0.97
18/07/2021,9:02:00 PM,9:03:47 PM,Hobart,TAS,8,185372496,R8 2090m Pace M,185372497,Harness,2090,Pace,12708272,3,Captain Cosmonaut,LOSER,12.55,LOSER,3.75,788.5,15.5,12.5,13.5,14.26,300.14,280,3.5,170,33.13,21.96,379.33,,,,,,15,15.5,1.02,0.97
18/07/2021,9:02:00 PM,9:03:47 PM,Hobart,TAS,8,185372496,R8 2090m Pace M,185372497,Harness,2090,Pace,24429806,4,Donny In Paris,LOSER,43.19,LOSER,8.52,133.62,44,23,44,34.48,337.1,1000,65,1000,135.59,4.02,197.69,,,,,,40,42,1.02,0.97
18/07/2021,9:02:00 PM,9:03:47 PM,Hobart,TAS,8,185372496,R8 2090m Pace M,185372497,Harness,2090,Pace,36154682,5,Turquoise Stride,LOSER,7.92,LOSER,3.29,1071.54,14.5,6.6,7.8,8.16,2649.54,890,5.8,780,51.42,54.99,271.9,2.44,2.38,2.38,2.41,6.97,7.2,7.4,1.02,0.97
18/07/2021,9:02:00 PM,9:03:47 PM,Hobart,TAS,8,185372496,R8 2090m Pace M,185372497,Harness,2090,Pace,22952944,6,Brian Who,LOSER,39.21,LOSER,8.03,113.84,100,27,40,34.41,119.57,920,42,920,163.56,4.96,200.34,6.4,6.4,6.4,6.4,10,32,38,1.02,0.97
18/07/2021,9:02:00 PM,9:03:47 PM,Hobart,TAS,8,185372496,R8 2090m Pace M,185372497,Harness,2090,Pace,24429698,7,Gipsy Treasure,LOSER,49.19,LOSER,11.25,145.04,75,19,50,45.02,152.28,920,25,910,137,19.83,115.88,9.6,5.5,9.6,8.69,15,65,75,1.02,0.97
18/07/2021,9:02:00 PM,9:03:47 PM,Hobart,TAS,8,185372496,R8 2090m Pace M,185372497,Harness,2090,Pace,13688364,8,Northview Dave,LOSER,12.05,LOSER,3.12,682.29,23,10,12,11.51,697.06,690,3.5,480,97.87,25.03,565.41,3.1,2.98,3,3.02,292.44,10.5,11,1.02,0.97
18/07/2021,9:02:00 PM,9:03:47 PM,Hobart,TAS,8,185372496,R8 2090m Pace M,185372497,Harness,2090,Pace,12370954,9,One Off,LOSER,11.14,WINNER,2.87,757.5,38,7.2,11,10.22,1063,490,7.4,490,39.59,18.48,889.57,3.45,2.6,2.96,3.02,213.16,11,12,1.02,0.97
18/07/2021,9:02:00 PM,9:03:47 PM,Hobart,TAS,8,185372496,R8 2090m Pace M,185372497,Harness,2090,Pace,11565697,10,Scotlynn Beach,LOSER,15,LOSER,3.6,370.34,16.5,10,15,14.28,338.84,700,18.5,690,107.81,5.84,633.06,4,3.5,3.95,3.68,24.95,14,15,1.02,0.97
18/07/2021,9:02:00 PM,9:03:47 PM,Hobart,TAS,8,185372496,R8 2090m Pace M,185372497,Harness,2090,Pace,12215151,12,The Black Assassin,WINNER,20.75,WINNER,5.23,199.8,23,9.8,22,19.25,207.12,38,1.01,1.01,1.41,1393.1,287.42,5.7,3.45,5.7,4.92,113.14,20,22,1.02,0.97
18/07/2021,9:02:00 PM,9:03:47 PM,Hobart,TAS,8,185372496,R8 2090m Pace M,185372497,Harness,2090,Pace,23585447,13,The Dude,LOSER,26.35,LOSER,31.91,312.57,28,5.8,28,13.01,823.88,1000,32,1000,381.53,24.84,61.58,20,2.32,20,7.99,239.07,10.5,12,1.02,0.97
19/07/2021,1:37:00 PM,1:37:56 PM,Globe Derby,SA,1,185402378,R1 1800m Pace M,185402379,Harness,1800,Pace,27806774,1,Cruising Bellew,LOSER,49.12,LOSER,25.41,352.18,85,23,65,58.82,189.17,1000,14.5,1000,63.22,81.15,70.51,15.5,12.5,15.5,13.82,83.38,60,75,1.03,0.99
19/07/2021,1:37:00 PM,1:37:56 PM,Globe Derby,SA,1,185402378,R1 1800m Pace M,185402379,Harness,1800,Pace,27850958,2,Weeroona Boy,WINNER,3.15,WINNER,1.75,2432.84,3.95,3.1,3.45,3.54,3632.33,8.4,1.01,1.01,2.02,1870.76,1204.88,2.12,1.71,1.84,1.83,738.46,3.5,3.65,1.03,0.99
19/07/2021,1:37:00 PM,1:37:56 PM,Globe Derby,SA,1,185402378,R1 1800m Pace M,185402379,Harness,1800,Pace,19556857,3,Speak Easy,LOSER,5.95,LOSER,3.4,1075.03,7.2,3.4,7.2,4.34,5760.55,1000,3.85,1000,14.65,402.12,430.16,3.65,1.92,3.4,2.5,1067.78,3.95,4,1.03,0.99
19/07/2021,1:37:00 PM,1:37:56 PM,Globe Derby,SA,1,185402378,R1 1800m Pace M,185402379,Harness,1800,Pace,21677751,4,Bayonet Soldier,LOSER,10.73,LOSER,4.15,650.84,19.5,8.4,9.4,12.23,856.62,1000,5.2,1000,21.07,263.31,272.1,6.8,3.6,4,4.02,289.5,13,15.5,1.03,0.99
19/07/2021,1:37:00 PM,1:37:56 PM,Globe Derby,SA,1,185402378,R1 1800m Pace M,185402379,Harness,1800,Pace,15723104,5,Our Mate Mick,LOSER,18.46,LOSER,6.38,393.41,28,17,22,22.09,301.01,1000,9,1000,39.48,109.04,248.34,7,5.9,6.6,6.14,192.23,24,27,1.03,0.99
19/07/2021,1:37:00 PM,1:37:56 PM,Globe Derby,SA,1,185402378,R1 1800m Pace M,185402379,Harness,1800,Pace,27601989,6,Lets Get Shorty,LOSER,3.01,WINNER,1.7,1410.12,3.55,2.74,2.9,2.89,4082.03,490,1.12,490,5.93,1180.06,1139.05,1.88,1.51,1.62,1.64,996.35,2.84,2.88,1.03,0.99
19/07/2021,2:12:00 PM,2:12:35 PM,Globe Derby,SA,2,185402380,R2 1800m Pace M,185402381,Harness,1800,Pace,17424544,1,Georgie Mae,LOSER,2.68,LOSER,1.86,2279.65,8.4,2.7,2.7,3.47,4216.33,700,2.22,700,7.15,428.32,905.25,2.5,1.86,1.88,2.08,127.12,3.15,3.25,1.01,0.97
19/07/2021,2:12:00 PM,2:12:35 PM,Globe Derby,SA,2,185402380,R2 1800m Pace M,185402381,Harness,1800,Pace,12058915,2,Grinfaron,LOSER,6.16,LOSER,2.94,1326.25,8.4,4.1,7.4,6.01,799.14,700,5.5,700,9.56,472.16,176.82,2.94,2.52,2.52,2.55,5.45,6.2,6.6,1.01,0.97
19/07/2021,2:12:00 PM,2:12:35 PM,Globe Derby,SA,2,185402380,R2 1800m Pace M,185402381,Harness,1800,Pace,28281692,3,Northern Terror,LOSER,9.69,LOSER,3.78,595.86,13.5,6.6,9.4,7.7,1441.3,870,10,490,65.97,45.45,470.74,3.85,3.3,3.55,3.38,96.34,9,9.4,1.01,0.97
19/07/2021,2:12:00 PM,2:12:35 PM,Globe Derby,SA,2,185402380,R2 1800m Pace M,185402381,Harness,1800,Pace,6239819,4,Bien Hoa,LOSER,12.5,WINNER,4.2,363.17,13,3.75,12.5,8.85,302.21,870,5,490,9.73,173.32,520.64,4.6,3.2,4.6,4.13,30.55,10.5,11.5,1.01,0.97
19/07/2021,2:12:00 PM,2:12:35 PM,Globe Derby,SA,2,185402380,R2 1800m Pace M,185402381,Harness,1800,Pace,19726059,5,Liberland,LOSER,32,LOSER,14.88,180.26,95,18,32,31.5,228.8,920,30,920,100.31,33.95,104.71,,,,,,34,36,1.01,0.97
19/07/2021,2:12:00 PM,2:12:35 PM,Globe Derby,SA,2,185402380,R2 1800m Pace M,185402381,Harness,1800,Pace,24444098,6,Aces Daughter,WINNER,3.63,WINNER,2.27,1326.21,6,3.45,3.5,3.74,4699.03,3.9,1.01,1.01,1.57,2107.74,943.24,2.52,1.95,2.24,2.25,746.74,3.55,3.65,1.01,0.97
19/07/2021,2:12:00 PM,2:12:35 PM,Globe Derby,SA,2,185402380,R2 1800m Pace M,185402381,Harness,1800,Pace,12955298,7,Jagged Shadow,LOSER,86.22,LOSER,28.39,105.14,100,18.5,80,40.65,555.33,920,75,300,183.96,13.62,69.74,8.8,8.8,8.8,8.8,13.04,70,75,1.01,0.97
19/07/2021,2:47:00 PM,2:47:52 PM,Globe Derby,SA,3,185402382,R3 2230m Trot S,185402383,Harness,2230,Trot,26825406,1,Ellies Image,LOSER,44.55,WINNER,7.16,164.6,110,38,40,58.66,133.36,700,3.05,700,7.8,225.6,234.95,8,5.2,5.4,7.52,144.13,40,48,1.03,0.98
19/07/2021,2:47:00 PM,2:47:52 PM,Globe Derby,SA,3,185402382,R3 2230m Trot S,185402383,Harness,2230,Trot,36343164,2,White Star Whizz,LOSER,13.68,LOSER,3.43,471.26,18,13.5,14.5,15.31,462,700,7.4,490,23.35,130.47,600.74,3.6,3.15,3.25,3.25,13.37,15,15.5,1.03,0.98
19/07/2021,2:47:00 PM,2:47:52 PM,Globe Derby,SA,3,185402382,R3 2230m Trot S,185402383,Harness,2230,Trot,12755756,3,Swaffham Success,LOSER,16.55,WINNER,4.38,392.75,30,22,25,25.95,173.04,220,2,220,15.58,464.26,410.99,4.6,4.4,4.4,4.47,25.4,25,27,1.03,0.98
19/07/2021,2:47:00 PM,2:47:52 PM,Globe Derby,SA,3,185402382,R3 2230m Trot S,185402383,Harness,2230,Trot,28319096,4,Abiline,LOSER,55,LOSER,11,85.72,85,50,70,72.72,126.18,860,32,290,71.68,56.13,290.3,11,6.6,11,9.47,61.87,70,90,1.03,0.98
19/07/2021,2:47:00 PM,2:47:52 PM,Globe Derby,SA,3,185402382,R3 2230m Trot S,185402383,Harness,2230,Trot,23957733,5,Bacardi Bindi,LOSER,3.68,LOSER,1.7,1320.73,3.9,2.64,3.6,3.48,1870.9,700,2.66,700,14.63,840.76,1062.55,1.71,1.3,1.71,1.57,936.35,3.4,3.55,1.03,0.98
19/07/2021,2:47:00 PM,2:47:52 PM,Globe Derby,SA,3,185402382,R3 2230m Trot S,185402383,Harness,2230,Trot,13269811,6,Gotta React,WINNER,100,WINNER,12.88,87.71,150,75,100,97.32,36.45,110,1.01,1.01,4.07,1970.57,156.33,12.5,9.6,12.5,11.82,2.12,80,100,1.03,0.98
19/07/2021,2:47:00 PM,2:47:52 PM,Globe Derby,SA,3,185402382,R3 2230m Trot S,185402383,Harness,2230,Trot,9355732,7,Elementofdoubt,LOSER,16.85,LOSER,3.78,285.01,44,18.5,19,22.71,244.46,700,3,700,12.55,282.19,472.04,4.7,3.75,3.75,4.43,228.3,22,24,1.03,0.98
19/07/2021,2:47:00 PM,2:47:52 PM,Globe Derby,SA,3,185402382,R3 2230m Trot S,185402383,Harness,2230,Trot,19436983,8,Kyvalley Kid,LOSER,5.67,LOSER,1.88,759.01,6,3.65,5.8,5.04,1180.88,1000,3.95,1000,15.28,355.28,953.86,1.88,1.7,1.88,1.77,380.82,5.7,5.9,1.03,0.98
19/07/2021,2:47:00 PM,2:47:52 PM,Globe Derby,SA,3,185402382,R3 2230m Trot S,185402383,Harness,2230,Trot,12502190,9,Muscletonian,LOSER,2.64,LOSER,1.55,3402.24,3.95,2.7,2.94,2.98,4851.84,1000,2.38,1000,8.57,684.97,1677.9,1.6,1.39,1.55,1.56,1455.58,2.82,2.88,1.03,0.98
19/07/2021,4:42:00 PM,4:42:51 PM,Globe Derby,SA,5,185402386,R5 1800m Pace M,185402387,Harness,1800,Pace,10744418,1,Thebattlesjusbegun,LOSER,7.69,LOSER,1.67,600.67,16,5.5,7,6.51,1339.17,480,4.1,480,12.35,343.59,1024.01,1.87,1.63,1.65,1.7,151.57,7.2,7.8,1.05,0.96
19/07/2021,4:42:00 PM,4:42:51 PM,Globe Derby,SA,5,185402386,R5 1800m Pace M,185402387,Harness,1800,Pace,12140876,2,Karmic Fire,LOSER,114.74,LOSER,15.38,72.17,460,40,95,168.27,131.06,960,100,100,122.88,10.26,102.51,21,8.4,21,10.62,33.61,170,280,1.05,0.96
19/07/2021,4:42:00 PM,4:42:51 PM,Globe Derby,SA,5,185402386,R5 1800m Pace M,185402387,Harness,1800,Pace,18718610,5,Masonjon,WINNER,2.14,WINNER,1.34,1971.88,2.68,1.93,2.16,2.1,10839.08,8.8,1.01,1.01,1.59,4390.65,1289.79,1.27,1.15,1.24,1.24,599.39,2.08,2.12,1.05,0.96
19/07/2021,4:42:00 PM,4:42:51 PM,Globe Derby,SA,5,185402386,R5 1800m Pace M,185402387,Harness,1800,Pace,7419612,6,Arrokeefe,LOSER,4.45,WINNER,2.13,1242.99,9.8,5,5.6,6.46,847.9,480,3.55,280,6.86,568.54,425.96,2.96,1.61,2.6,2.61,168.61,6,7,1.05,0.96
19/07/2021,4:42:00 PM,4:42:51 PM,Globe Derby,SA,5,185402386,R5 1800m Pace M,185402387,Harness,1800,Pace,22639314,7,Martys Party,LOSER,5.41,WINNER,1.49,602.96,8,4.3,5.6,5.95,944.47,480,2,280,4.76,514.2,1066.33,2.6,1.47,1.52,1.65,41.05,5.4,5.9,1.05,0.96
19/07/2021,4:42:00 PM,4:42:51 PM,Globe Derby,SA,5,185402386,R5 1800m Pace M,185402387,Harness,1800,Pace,20354084,8,Sovereigne Bay,LOSER,13.61,LOSER,2.53,206.92,24,6.4,14.5,15.51,248.74,890,13.5,890,24.56,143.42,302.89,3.75,1.94,2.24,2.5,51.67,13,21,1.05,0.96
19/07/2021,5:18:00 PM,5:18:51 PM,Globe Derby,SA,6,185402388,R6 1800m Pace M,185402389,Harness,1800,Pace,28606549,1,Quadricep,LOSER,3.5,LOSER,1.44,1428.44,4.8,3.05,3.5,3.59,2687.95,700,2,670,14.09,641.13,824.8,1.51,1.42,1.43,1.43,422.65,3.6,3.95,1.04,0.95
19/07/2021,5:18:00 PM,5:18:51 PM,Globe Derby,SA,6,185402388,R6 1800m Pace M,185402389,Harness,1800,Pace,36513120,2,Stylish Heaven,LOSER,14.78,WINNER,3.71,355.99,23,10.5,15.5,15.57,358.79,700,1.65,700,11.82,188.94,555.66,2.98,2.3,2.98,2.78,47.66,15,18,1.04,0.95
19/07/2021,5:18:00 PM,5:18:51 PM,Globe Derby,SA,6,185402388,R6 1800m Pace M,185402389,Harness,1800,Pace,24632195,3,Paige One,LOSER,2.3,LOSER,1.24,2064.58,3,2.12,2.32,2.52,5355.77,700,2.2,170,9.14,333.67,1498.13,1.33,1.28,1.28,1.29,64.21,2.52,2.7,1.04,0.95
19/07/2021,5:18:00 PM,5:18:51 PM,Globe Derby,SA,6,185402388,R6 1800m Pace M,185402389,Harness,1800,Pace,24444075,4,Major Mad,LOSER,11.98,LOSER,3.22,674.61,19,11,11.5,14.16,427.43,1000,1.13,24,98.04,267.45,457.33,3,2.42,2.82,2.93,6.71,13,15.5,1.04,0.95
19/07/2021,5:18:00 PM,5:18:51 PM,Globe Derby,SA,6,185402388,R6 1800m Pace M,185402389,Harness,1800,Pace,37425518,5,Her Heart Of Gold,WINNER,5.11,WINNER,1.83,2508.9,9,4.3,5.6,5.98,2760.17,8.6,1.01,1.01,1.37,2281.34,764.54,2.06,1.82,1.97,1.95,635.88,6,6.4,1.04,0.95
19/07/2021,5:18:00 PM,5:18:51 PM,Globe Derby,SA,6,185402388,R6 1800m Pace M,185402389,Harness,1800,Pace,26635271,6,Tuscan Star,LOSER,26.51,LOSER,5.1,280.31,65,12.5,26,33.42,165.95,920,17,250,91.48,27.03,316.29,5,2.46,4.5,4.53,50.71,34,36,1.04,0.95
19/07/2021,5:18:00 PM,5:18:51 PM,Globe Derby,SA,6,185402388,R6 1800m Pace M,185402389,Harness,1800,Pace,12034166,7,Ymbro Bump,LOSER,123.03,WINNER,19.69,34.15,260,100,100,152.28,67.71,700,110,700,152.96,7.05,110.9,20,9.2,20,14.08,23.84,110,140,1.04,0.95
19/07/2021,5:18:00 PM,5:18:51 PM,Globe Derby,SA,6,185402388,R6 1800m Pace M,185402389,Harness,1800,Pace,21319436,8,My Mate Stewy,LOSER,73.37,LOSER,10.2,68.54,90,50,85,69.79,63.16,700,40,700,62.88,23.54,150.48,9.8,7.6,7.8,7.75,24.36,60,70,1.04,0.95
19/07/2021,5:52:00 PM,5:52:49 PM,Globe Derby,SA,7,185402390,R7 1800m Pace M,185402391,Harness,1800,Pace,9429973,1,Farasthe Eyecansee,LOSER,66.75,LOSER,3.5,78.88,65,40,48,46.69,154.52,700,34,700,78.42,42.99,335.12,5.1,3.5,3.8,4.19,399.61,44,60,1.02,0.98
19/07/2021,5:52:00 PM,5:52:49 PM,Globe Derby,SA,7,185402390,R7 1800m Pace M,185402391,Harness,1800,Pace,10067688,2,Dashingthruthefire,LOSER,244.93,LOSER,980,35.75,460,140,320,191.55,10.89,850,55,390,159.04,17.31,0.13,980,980,980,980,0.15,130,300,1.02,0.98
19/07/2021,5:52:00 PM,5:52:49 PM,Globe Derby,SA,7,185402390,R7 1800m Pace M,185402391,Harness,1800,Pace,10321874,3,Snapper Rocks,LOSER,62.51,WINNER,6.85,87.39,80,48,65,65.8,8.06,700,40,700,83.17,22.59,154.13,9.4,5.1,5.1,5.4,31.36,55,75,1.02,0.98
19/07/2021,5:52:00 PM,5:52:49 PM,Globe Derby,SA,7,185402390,R7 1800m Pace M,185402391,Harness,1800,Pace,8230335,4,Prince Of Whitby,LOSER,17.14,LOSER,2.59,212.31,18,6.6,17.5,13.1,432.22,700,8,700,44.03,28.15,513.24,2.3,2.18,2.2,2.22,34.31,17,17.5,1.02,0.98
19/07/2021,5:52:00 PM,5:52:49 PM,Globe Derby,SA,7,185402390,R7 1800m Pace M,185402391,Harness,1800,Pace,10067895,5,Celestial Daybreak,WINNER,1.42,WINNER,1.13,10097.15,2.34,1.45,1.49,1.6,14076.41,2,1.01,1.01,1.37,4602.47,1590.68,1.17,1.11,1.15,1.14,1190.64,1.53,1.54,1.02,0.98
19/07/2021,5:52:00 PM,5:52:49 PM,Globe Derby,SA,7,185402390,R7 1800m Pace M,185402391,Harness,1800,Pace,7601046,6,Sutter Man,LOSER,8.4,WINNER,2.07,386.09,8.8,4.3,8.4,6.96,901.5,700,2.02,280,5.4,564.71,930.26,2.1,1.69,2.06,1.82,229.58,6.8,7,1.02,0.98
19/07/2021,5:52:00 PM,5:52:49 PM,Globe Derby,SA,7,185402390,R7 1800m Pace M,185402391,Harness,1800,Pace,17221395,7,Emelia On Fire,LOSER,16.5,LOSER,2.57,339.26,32,8.8,16,12.07,641.56,700,16.5,700,54.07,29.83,537.05,2.62,2.28,2.44,2.46,163,13.5,14,1.02,0.98
19/07/2021,5:52:00 PM,5:52:49 PM,Globe Derby,SA,7,185402390,R7 1800m Pace M,185402391,Harness,1800,Pace,15058445,8,Im The Mighty Judd,LOSER,299.44,LOSER,1001,24.6,550,130,380,262.27,21.6,700,230,250,301.56,6.02,,90,90,90,90,9.54,330,360,1.02,0.98
19/07/2021,5:52:00 PM,5:52:49 PM,Globe Derby,SA,7,185402390,R7 1800m Pace M,185402391,Harness,1800,Pace,27560169,9,Areuohkay,LOSER,26,LOSER,4.93,223.54,44,17.5,22,22.94,188.75,700,30,700,81.24,22.24,308.98,,,,,,29,44,1.02,0.98
19/07/2021,6:20:00 PM,6:21:15 PM,Globe Derby,SA,8,185402392,R8 1800m Pace M,185402393,Harness,1800,Pace,23707064,1,Whitestarchristian,WINNER,2.71,WINNER,1.47,2745.22,7,2.8,2.86,3.47,3752.14,4,1.01,1.01,1.6,5033.21,799.12,1.64,1.49,1.58,1.6,167.55,3.2,3.25,1.04,0.98
19/07/2021,6:20:00 PM,6:21:15 PM,Globe Derby,SA,8,185402392,R8 1800m Pace M,185402393,Harness,1800,Pace,39989676,2,White Star Peejay,LOSER,14.29,LOSER,3.93,345.72,17.5,10.5,16.5,14.63,277.81,700,13.5,700,38,42.89,468.86,3.4,3.2,3.4,3.39,26.41,15,17,1.04,0.98
19/07/2021,6:20:00 PM,6:21:15 PM,Globe Derby,SA,8,185402392,R8 1800m Pace M,185402393,Harness,1800,Pace,35545867,3,Cute Rock,LOSER,38,LOSER,10.94,144.17,80,22,50,42.56,164.07,740,32,740,102.14,11.99,29.9,6.6,5.4,6.6,5.94,1.32,48,55,1.04,0.98
19/07/2021,6:20:00 PM,6:21:15 PM,Globe Derby,SA,8,185402392,R8 1800m Pace M,185402393,Harness,1800,Pace,27703130,4,Boak,LOSER,9.41,LOSER,2.57,556.97,15.5,7.4,9.2,9.49,1668.73,700,8.8,480,18.5,85.98,567.56,2.78,2.46,2.5,2.54,62.99,9.6,10.5,1.04,0.98
19/07/2021,6:20:00 PM,6:21:15 PM,Globe Derby,SA,8,185402392,R8 1800m Pace M,185402393,Harness,1800,Pace,40208777,6,Summerdays,LOSER,10.17,WINNER,2.64,627.81,9.8,6.2,9.4,7.48,780.35,120,1.71,120,15.54,366.48,478.86,2.36,2.32,2.36,2.36,30.38,6.4,6.8,1.04,0.98
19/07/2021,6:20:00 PM,6:21:15 PM,Globe Derby,SA,8,185402392,R8 1800m Pace M,185402393,Harness,1800,Pace,38343919,7,Champagne Legacy,LOSER,41.83,LOSER,503.9,204.01,110,18.5,65,47.41,103.6,700,4,510,48.33,55.18,,7.8,6,7.8,6.78,1.29,46,65,1.04,0.98
19/07/2021,6:20:00 PM,6:21:15 PM,Globe Derby,SA,8,185402392,R8 1800m Pace M,185402393,Harness,1800,Pace,40208778,8,Moneymakinmonkey,LOSER,5.08,WINNER,1.72,1421.65,5.9,2.12,5,4.03,3487.66,700,2,490,5.78,282.49,326.64,1.82,1.21,1.69,1.69,433.5,4.8,5.1,1.04,0.98
19/07/2021,6:20:00 PM,6:21:15 PM,Globe Derby,SA,8,185402392,R8 1800m Pace M,185402393,Harness,1800,Pace,35920986,9,Playboy Shadow,LOSER,7.2,LOSER,2.23,725.56,10,4.5,7.2,7.16,730.89,700,4.8,700,36.92,144.4,765.58,2.66,1.92,2.64,2.21,282.56,6.8,7.2,1.04,0.98
19/07/2021,12:07:00 PM,12:07:45 PM,Maryborough,VIC,1,185402624,R1 1690m Pace M,185402625,Harness,1690,Pace,1437599,1,Outlook,LOSER,2.66,LOSER,1.44,2079.45,3.1,2.14,2.4,2.27,6928.93,690,1.3,530,4.2,1035.53,1472.03,1.48,1.36,1.48,1.46,113.76,2.36,2.44,1.02,0.98
19/07/2021,12:07:00 PM,12:07:45 PM,Maryborough,VIC,1,185402624,R1 1690m Pace M,185402625,Harness,1690,Pace,36471908,2,Niki Nah Nah,LOSER,2.82,WINNER,1.56,1676.46,2.94,2.24,2.9,2.67,2282.96,700,1.97,140,4.97,254.96,1418.02,1.63,1.55,1.63,1.56,48.12,2.7,2.8,1.02,0.98
19/07/2021,12:07:00 PM,12:07:45 PM,Maryborough,VIC,1,185402624,R1 1690m Pace M,185402625,Harness,1690,Pace,40208838,3,Racing Paula,WINNER,18.5,WINNER,7.3,475.96,32,18.5,18.5,20.56,257.61,170,1.01,1.01,2.11,1010.27,234.52,5.8,5.6,5.8,5.62,55,21,22,1.02,0.98
19/07/2021,12:07:00 PM,12:07:45 PM,Maryborough,VIC,1,185402624,R1 1690m Pace M,185402625,Harness,1690,Pace,40208839,4,See You There,LOSER,22.38,LOSER,7.4,526.74,38,19,23,23.42,570.31,920,10.5,920,74.05,52.91,177.97,,,,,,21,23,1.02,0.98
19/07/2021,12:07:00 PM,12:07:45 PM,Maryborough,VIC,1,185402624,R1 1690m Pace M,185402625,Harness,1690,Pace,38630238,5,Madam Auckland,LOSER,27.79,LOSER,8.35,416.87,50,22,28,27.6,269.04,930,13,930,47.59,52.33,197.15,7.2,7.2,7.2,7.2,10,23,24,1.02,0.98
19/07/2021,12:07:00 PM,12:07:45 PM,Maryborough,VIC,1,185402624,R1 1690m Pace M,185402625,Harness,1690,Pace,40208840,6,Kia Ora Beauty,LOSER,48.2,LOSER,21.4,237.37,50,27,50,41.38,141.45,700,60,300,107.05,17.13,44.84,,,,,,28,30,1.02,0.98
19/07/2021,12:07:00 PM,12:07:45 PM,Maryborough,VIC,1,185402624,R1 1690m Pace M,185402625,Harness,1690,Pace,40208841,7,Miss Tyler,LOSER,15.05,LOSER,6.35,451.54,34,14.5,14.5,19.68,313.47,920,13.5,910,70.23,56.78,216.08,,,,,,19,21,1.02,0.98
19/07/2021,1:17:00 PM,1:17:42 PM,Maryborough,VIC,2,185402626,R2 1690m Pace M,185402627,Harness,1690,Pace,40040614,1,Miss Hattie,LOSER,1.64,WINNER,1.26,2564.47,2,1.54,1.67,1.65,10486.52,44,1.32,29,2.04,750.57,1389.21,1.3,1.2,1.21,1.28,1219.45,1.61,1.64,1.06,0.98
19/07/2021,1:17:00 PM,1:17:42 PM,Maryborough,VIC,2,185402626,R2 1690m Pace M,185402627,Harness,1690,Pace,35727439,2,Asante Sana,LOSER,8.6,LOSER,3.13,335.09,13,6.2,8.8,9.3,1121.07,700,8.6,110,22.43,115.86,367.16,3.1,2.52,2.54,2.69,70.03,7.6,9.4,1.06,0.98
19/07/2021,1:17:00 PM,1:17:42 PM,Maryborough,VIC,2,185402626,R2 1690m Pace M,185402627,Harness,1690,Pace,40208842,3,Illawong Awesome,WINNER,5.21,WINNER,2.11,715.14,6,4.5,5.1,4.81,1917.61,5.3,1.01,1.01,1.57,1357.62,652.83,2.08,1.9,1.92,1.91,114.18,4.9,5.1,1.06,0.98
19/07/2021,1:17:00 PM,1:17:42 PM,Maryborough,VIC,2,185402626,R2 1690m Pace M,185402627,Harness,1690,Pace,6265354,4,Fomo,LOSER,196.81,LOSER,35.45,31.79,210,30,95,87.16,32.36,940,170,700,265.83,7.62,53.16,24,24,24,24,5.35,130,210,1.06,0.98
19/07/2021,1:17:00 PM,1:17:42 PM,Maryborough,VIC,2,185402626,R2 1690m Pace M,185402627,Harness,1690,Pace,39077036,5,Elli Joh,LOSER,32,LOSER,10.81,111.35,55,19,32,30.55,80.09,700,5.5,700,33.92,54.4,136.2,13.5,13.5,13.5,13.5,6.01,30,55,1.06,0.98
19/07/2021,1:17:00 PM,1:17:42 PM,Maryborough,VIC,2,185402626,R2 1690m Pace M,185402627,Harness,1690,Pace,40208843,6,My Lucky Rock,LOSER,75,LOSER,27.96,70.48,200,21,65,61.47,85.31,700,65,700,126.64,1.89,48.75,19,19,19,19,0.86,60,95,1.06,0.98
19/07/2021,1:17:00 PM,1:17:42 PM,Maryborough,VIC,2,185402626,R2 1690m Pace M,185402627,Harness,1690,Pace,40208844,7,Heavenly Brigade,LOSER,27.03,LOSER,8.13,147.22,36,15,24,23.31,230.95,910,23,910,156.39,16.33,107.36,9.4,6.8,7,8.42,24.34,24,34,1.06,0.98
19/07/2021,1:52:00 PM,1:52:50 PM,Maryborough,VIC,3,185402628,R3 2190m Pace M,185402629,Harness,2190,Pace,17845523,1,Oscar Bravo,LOSER,10.74,LOSER,3.16,286.73,20,7.6,11,12.52,294.18,700,5,140,11.91,59.72,752.37,5.4,3.15,3.5,3.33,327.15,14,20,1.03,0.96
19/07/2021,1:52:00 PM,1:52:50 PM,Maryborough,VIC,3,185402628,R3 2190m Pace M,185402629,Harness,2190,Pace,12909925,2,Forest Force,LOSER,7.4,WINNER,2.22,843.01,16.5,6.8,7.4,9.38,1711.78,700,5.1,490,13.4,220.32,776.19,2.68,2.22,2.4,2.55,104.45,8,8.6,1.03,0.96
19/07/2021,1:52:00 PM,1:52:50 PM,Maryborough,VIC,3,185402628,R3 2190m Pace M,185402629,Harness,2190,Pace,8799084,3,Our Pontiac,LOSER,21.5,LOSER,6.64,269.09,40,16.5,24,27.34,197.59,140,5,85,27.58,30.86,191.22,,,,,,28,38,1.03,0.96
19/07/2021,1:52:00 PM,1:52:50 PM,Maryborough,VIC,3,185402628,R3 2190m Pace M,185402629,Harness,2190,Pace,21163553,4,Aerodyne Guy,LOSER,36.34,LOSER,19.21,214.59,55,24,38,34.99,149.61,700,36,110,43.13,23.05,100.14,,,,,,36,44,1.03,0.96
19/07/2021,1:52:00 PM,1:52:50 PM,Maryborough,VIC,3,185402628,R3 2190m Pace M,185402629,Harness,2190,Pace,28416885,5,Ardent Bliss,LOSER,52.97,LOSER,12.62,47.57,110,29,50,46.2,40.66,760,44,760,155.31,10.06,117.48,9.4,7,9.4,8.43,12.27,60,70,1.03,0.96
19/07/2021,1:52:00 PM,1:52:50 PM,Maryborough,VIC,3,185402628,R3 2190m Pace M,185402629,Harness,2190,Pace,21412897,6,Kellys Ideal,LOSER,6.26,LOSER,2.6,994.61,15.5,6,6.2,6.82,1524.86,700,7,700,21.03,116.82,1295.99,3.45,2.12,2.64,2.41,573.72,6.2,6.6,1.03,0.96
19/07/2021,1:52:00 PM,1:52:50 PM,Maryborough,VIC,3,185402628,R3 2190m Pace M,185402629,Harness,2190,Pace,28003440,7,Rocks Can Roll,LOSER,7.1,WINNER,2.38,667.38,17,6.8,7,7.96,964.03,700,1.25,490,5.72,1131.19,653.68,2.92,2.38,2.52,2.52,808.23,7.2,7.6,1.03,0.96
19/07/2021,1:52:00 PM,1:52:50 PM,Maryborough,VIC,3,185402628,R3 2190m Pace M,185402629,Harness,2190,Pace,38686748,8,Junior Feelgood,WINNER,4.8,WINNER,1.97,1419.66,5.2,3.5,4.8,4.46,1492.73,11,1.01,1.01,1.4,1536.53,675.6,2,2,2,2,15,4.7,4.8,1.03,0.96
19/07/2021,1:52:00 PM,1:52:50 PM,Maryborough,VIC,3,185402628,R3 2190m Pace M,185402629,Harness,2190,Pace,28535645,9,Joeys Hangover,LOSER,4.09,LOSER,1.76,2382.72,6.2,3.7,4.2,4.05,3299.93,700,2.78,490,5.56,491.11,868.66,1.97,1.61,1.71,1.65,1025.54,4.1,4.2,1.03,0.96
19/07/2021,2:23:00 PM,2:23:56 PM,Maryborough,VIC,4,185402630,R4 2190m Trot S,185402631,Harness,2190,Trot,13333944,1,Dellsun,WINNER,25.1,WINNER,5.7,134.08,34,18.5,25,23.48,212.41,40,1.4,24,14.77,115.47,227.18,5.5,5.4,5.4,5.44,14.4,23,27,1.07,0.98
19/07/2021,2:23:00 PM,2:23:56 PM,Maryborough,VIC,4,185402630,R4 2190m Trot S,185402631,Harness,2190,Trot,36672743,3,Fling It Rainbow,LOSER,12,LOSER,3.57,499.24,22,9.4,11.5,13.03,831.43,700,1.12,490,5.03,196.35,445.06,3.7,3.45,3.7,3.58,11.18,10.5,12,1.07,0.98
19/07/2021,2:23:00 PM,2:23:56 PM,Maryborough,VIC,4,185402630,R4 2190m Trot S,185402631,Harness,2190,Trot,1127458,4,Tiber,LOSER,4.05,WINNER,1.75,1763.95,7.2,3.55,3.9,4.15,4142.3,65,1.05,1.06,2.86,1881.16,956.54,1.98,1.7,1.7,1.83,220.09,4.1,4.3,1.07,0.98
19/07/2021,2:23:00 PM,2:23:56 PM,Maryborough,VIC,4,185402630,R4 2190m Trot S,185402631,Harness,2190,Trot,7663854,5,Girls Go First,LOSER,22.14,LOSER,5.9,165.18,28,18,24,24.02,145.59,1000,22,1000,218.83,21.67,248.48,5.3,5.3,5.3,5.3,5,24,26,1.07,0.98
19/07/2021,2:23:00 PM,2:23:56 PM,Maryborough,VIC,4,185402630,R4 2190m Trot S,185402631,Harness,2190,Trot,18673918,6,Di Li,LOSER,33.49,LOSER,7.15,84.34,38,26,28,29.87,91.78,1000,32,1000,209,6.56,147.5,,,,,,32,38,1.07,0.98
19/07/2021,2:23:00 PM,2:23:56 PM,Maryborough,VIC,4,185402630,R4 2190m Trot S,185402631,Harness,2190,Trot,39890276,7,Miss Maia,LOSER,4.83,LOSER,2.34,1495.54,5.5,3.45,5.1,4.68,2055.92,490,3.6,490,6.38,295.52,694.94,2.18,2.18,2.18,2.18,40.93,4.5,5,1.07,0.98
19/07/2021,2:23:00 PM,2:23:56 PM,Maryborough,VIC,4,185402630,R4 2190m Trot S,185402631,Harness,2190,Trot,24406499,8,Countess Chiron,LOSER,51.36,LOSER,10,84.82,65,19,42,43.83,63.92,920,40,920,161.87,9.22,144.17,,,,,,42,55,1.07,0.98
19/07/2021,2:23:00 PM,2:23:56 PM,Maryborough,VIC,4,185402630,R4 2190m Trot S,185402631,Harness,2190,Trot,4754666,9,Tetra,LOSER,30.37,LOSER,7.49,154.15,40,19.5,40,31.65,84.32,490,30,490,41.4,15.83,216.9,6.2,5.3,6.2,5.64,36.5,30,36,1.07,0.98
19/07/2021,2:23:00 PM,2:23:56 PM,Maryborough,VIC,4,185402630,R4 2190m Trot S,185402631,Harness,2190,Trot,40208845,10,Excellent Drop,LOSER,19.41,LOSER,5.85,173.16,26,14,24,19.61,260.39,900,19,900,57.1,32.96,242.41,5.5,3.95,5.5,4.51,93.22,22,25,1.07,0.98
19/07/2021,2:23:00 PM,2:23:56 PM,Maryborough,VIC,4,185402630,R4 2190m Trot S,185402631,Harness,2190,Trot,40208846,11,Aldebaran Jaytee,LOSER,10.81,LOSER,3.31,343.17,30,10.5,10.5,12.43,460.48,490,7.2,490,17.28,27.1,517.01,3.85,3.25,3.85,3.26,5.09,11.5,12.5,1.07,0.98
19/07/2021,2:23:00 PM,2:23:56 PM,Maryborough,VIC,4,185402630,R4 2190m Trot S,185402631,Harness,2190,Trot,23795407,12,Chinski,LOSER,5.5,WINNER,2.44,772.73,6,4.7,5.5,5.3,810.11,85,1.43,85,3.53,295.71,759.94,2.48,2.04,2.46,2.29,436.05,5,5.2,1.07,0.98
19/07/2021,3:03:00 PM,3:04:23 PM,Maryborough,VIC,5,185402632,R5 1690m Pace M,185402633,Harness,1690,Pace,1152598,1,Oh So Easy,LOSER,7.94,WINNER,2.23,369.65,12,6.6,7.8,8.13,889.43,1000,4.3,490,7.99,303.07,235.71,2.9,2.24,2.24,2.27,734.29,9.6,10.5,1.05,0.9
19/07/2021,3:03:00 PM,3:04:23 PM,Maryborough,VIC,5,185402632,R5 1690m Pace M,185402633,Harness,1690,Pace,39150263,2,Lenny Tee,LOSER,6.21,LOSER,1.86,660.54,9.4,6,6.2,6.53,1654.81,1000,3.1,1000,20.59,138.5,709.06,2.4,1.86,1.88,1.95,382.07,7.6,9.6,1.05,0.9
19/07/2021,3:03:00 PM,3:04:23 PM,Maryborough,VIC,5,185402632,R5 1690m Pace M,185402633,Harness,1690,Pace,28329788,3,Calypso Mistress,LOSER,13.5,LOSER,3.5,289.82,17,12,13.5,13.75,395.83,1000,17,1000,117.7,35.7,134.93,3.25,3.15,3.15,3.2,44.45,13,16.5,1.05,0.9
19/07/2021,3:03:00 PM,3:04:23 PM,Maryborough,VIC,5,185402632,R5 1690m Pace M,185402633,Harness,1690,Pace,27870742,4,Sundancer Rainbow,LOSER,2.56,WINNER,1.36,660.52,3.55,2.4,2.56,2.65,6847.37,1000,2.48,170,4.51,929.85,753.05,1.43,1.31,1.36,1.39,1023.4,2.54,2.7,1.05,0.9
19/07/2021,3:03:00 PM,3:04:23 PM,Maryborough,VIC,5,185402632,R5 1690m Pace M,185402633,Harness,1690,Pace,28091445,5,Self Exclusion,WINNER,5.4,WINNER,2.54,443.74,5.5,3.85,5.4,4.71,1440.12,6.6,1.01,1.01,1.44,2944.18,880.76,3.65,1.65,3.15,1.92,515.45,4.1,5.1,1.05,0.9
19/07/2021,3:03:00 PM,3:04:23 PM,Maryborough,VIC,5,185402632,R5 1690m Pace M,185402633,Harness,1690,Pace,35818963,6,Courts Bliss,LOSER,66.39,LOSER,14.4,74.49,120,55,60,70.89,26.8,1000,55,1000,322.07,8.68,84.81,9,8.8,9,8.93,5,75,120,1.05,0.9
19/07/2021,3:03:00 PM,3:04:23 PM,Maryborough,VIC,5,185402632,R5 1690m Pace M,185402633,Harness,1690,Pace,39465473,7,Snazola,LOSER,27.6,LOSER,6.58,238.85,40,24,32,29.55,129.6,700,4.9,260,49.06,31.14,202.07,5.1,5.1,5.1,5.1,5,27,32,1.05,0.9
19/07/2021,3:03:00 PM,3:04:23 PM,Maryborough,VIC,5,185402632,R5 1690m Pace M,185402633,Harness,1690,Pace,35430245,9,Our Art Work,LOSER,24,LOSER,5.3,296.59,36,18.5,36,24.57,287.53,1000,12,1000,27.01,91.63,121.4,3.9,3.9,3.9,3.9,43.73,19.5,29,1.05,0.9
19/07/2021,3:42:00 PM,,Maryborough,VIC,6,185402634,R6 2190m Trot S,185402635,Harness,2190,Trot,39611321,1,Querencia,LOSER,3.39,LOSER,2.46,,,,,,,,,,,,,,,,,,,,,
19/07/2021,3:42:00 PM,,Maryborough,VIC,6,185402634,R6 2190m Trot S,185402635,Harness,2190,Trot,17971530,2,Shield Maiden,LOSER,11.6,WINNER,2.83,,,,,,,,,,,,,,,,,,,,,
19/07/2021,3:42:00 PM,,Maryborough,VIC,6,185402634,R6 2190m Trot S,185402635,Harness,2190,Trot,18373531,3,Mystic Chip,LOSER,5.77,LOSER,2.46,,,,,,,,,,,,,,,,,,,,,
19/07/2021,3:42:00 PM,,Maryborough,VIC,6,185402634,R6 2190m Trot S,185402635,Harness,2190,Trot,13388518,4,Jack Of The Green,LOSER,37.84,LOSER,4.71,,,,,,,,,,,,,,,,,,,,,
19/07/2021,3:42:00 PM,,Maryborough,VIC,6,185402634,R6 2190m Trot S,185402635,Harness,2190,Trot,24839508,5,Vincent Kai,LOSER,13.74,LOSER,3.26,,,,,,,,,,,,,,,,,,,,,
19/07/2021,3:42:00 PM,,Maryborough,VIC,6,185402634,R6 2190m Trot S,185402635,Harness,2190,Trot,11649295,6,Uncle Al,LOSER,77.23,LOSER,12.41,,,,,,,,,,,,,,,,,,,,,
19/07/2021,3:42:00 PM,,Maryborough,VIC,6,185402634,R6 2190m Trot S,185402635,Harness,2190,Trot,24553861,7,Hes Themightyspin,LOSER,19.04,LOSER,5.19,,,,,,,,,,,,25,,,,,,,,,
19/07/2021,3:42:00 PM,1:08:28 PM,Maryborough,VIC,6,185402634,R6 2190m Trot S,185402635,Harness,2190,Trot,26225465,8,Aldebaran Belle,WINNER,15.47,WINNER,4.36,9,,,,,,,,,,,,,,,,,7,700,8.29,0.17
19/07/2021,3:42:00 PM,,Maryborough,VIC,6,185402634,R6 2190m Trot S,185402635,Harness,2190,Trot,6922402,9,Jaden Gil,LOSER,18.92,WINNER,5.07,,,,,,,,,,,,,,,,,,,,,
19/07/2021,3:42:00 PM,1:08:28 PM,Maryborough,VIC,6,185402634,R6 2190m Trot S,185402635,Harness,2190,Trot,38521788,10,Sun Body,LOSER,15.83,LOSER,5.15,22,,,,,,,,,,,,,,,,,7.8,700,8.29,0.17
19/07/2021,3:42:00 PM,,Maryborough,VIC,6,185402634,R6 2190m Trot S,185402635,Harness,2190,Trot,40208847,11,Savvy Kyvalley,LOSER,20.29,LOSER,4.89,,,,,,,,,,,,,,,,,,,,,
19/07/2021,3:42:00 PM,,Maryborough,VIC,6,185402634,R6 2190m Trot S,185402635,Harness,2190,Trot,39657709,12,Itsallandover,LOSER,19.58,LOSER,4.64,,,,,,,,,,,,,,,,,,,,,
19/07/2021,4:18:00 PM,4:18:36 PM,Maryborough,VIC,7,185466228,R7 2190m Trot M,185466229,Harness,2190,Trot,40208848,1,Homonym,LOSER,29.81,LOSER,3.68,127.83,36,11.5,11.5,12.87,66.08,,,,,,463.02,3.75,3.75,3.75,3.75,5.64,12,32,1.15,0.96
19/07/2021,4:18:00 PM,4:18:36 PM,Maryborough,VIC,7,185466228,R7 2190m Trot M,185402637,Harness,2190,Trot,40208848,1,Homonym,LOSER,29.81,,,127.83,36,11.5,11.5,12.87,66.08,,,,,,,,,,,,12,32,1.15,0.96
19/07/2021,4:18:00 PM,4:18:36 PM,Maryborough,VIC,7,185466228,R7 2190m Trot M,185402637,Harness,2190,Trot,36214386,2,My Honey Dont,LOSER,56.33,,,50.35,44,28,29,29.52,43.26,,,,,,,,,,,,29,60,1.15,0.96
19/07/2021,4:18:00 PM,4:18:36 PM,Maryborough,VIC,7,185466228,R7 2190m Trot M,185466229,Harness,2190,Trot,36214386,2,My Honey Dont,LOSER,56.33,LOSER,4.84,50.35,44,28,29,29.52,43.26,,,,,,328.89,,,,,,29,60,1.15,0.96
19/07/2021,4:18:00 PM,4:18:36 PM,Maryborough,VIC,7,185466228,R7 2190m Trot M,185466229,Harness,2190,Trot,17428343,3,Queen Of Love,LOSER,29.47,LOSER,5.3,50.46,60,23,30,24.27,39.22,120,12,120,60.68,41.32,183.98,3.55,3.55,3.55,3.55,24.04,24,55,1.15,0.96
19/07/2021,4:18:00 PM,4:18:36 PM,Maryborough,VIC,7,185466228,R7 2190m Trot M,185402637,Harness,2190,Trot,17428343,3,Queen Of Love,LOSER,29.47,,,50.46,60,23,30,24.27,39.22,120,12,120,60.68,41.32,,,,,,,24,55,1.15,0.96
19/07/2021,4:18:00 PM,4:18:36 PM,Maryborough,VIC,7,185466228,R7 2190m Trot M,185466229,Harness,2190,Trot,23828006,4,Queen Of Crime,WINNER,1.2,WINNER,1.4,2636.86,1.87,1.2,1.24,1.27,3632,1.55,1.01,1.3,1.22,3971.84,1193.74,1.13,1.13,1.13,1.13,4.5,1.25,1.28,1.15,0.96
19/07/2021,4:18:00 PM,4:18:36 PM,Maryborough,VIC,7,185466228,R7 2190m Trot M,185402637,Harness,2190,Trot,23828006,4,Queen Of Crime,WINNER,1.2,,,2636.86,1.87,1.2,1.24,1.27,3632,1.55,1.01,1.3,1.22,3971.84,,,,,,,1.25,1.28,1.15,0.96
19/07/2021,4:18:00 PM,4:18:36 PM,Maryborough,VIC,7,185466228,R7 2190m Trot M,185466229,Harness,2190,Trot,16099195,5,Fields Of Kyvalley,LOSER,89.97,WINNER,2.57,34.87,40,27,40,29.19,1.38,100,80,85,89.95,1.04,571.92,11,8.4,11,9.51,3.64,38,80,1.15,0.96
19/07/2021,4:18:00 PM,4:18:36 PM,Maryborough,VIC,7,185466228,R7 2190m Trot M,185402637,Harness,2190,Trot,16099195,5,Fields Of Kyvalley,LOSER,89.97,,,34.87,40,27,40,29.19,1.38,100,80,85,89.95,1.04,,,,,,,38,80,1.15,0.96
19/07/2021,4:18:00 PM,4:18:36 PM,Maryborough,VIC,7,185466228,R7 2190m Trot M,185402637,Harness,2190,Trot,911552,6,Birthday Suit,LOSER,35.06,,,104.62,29,22,27,27.22,43.03,140,17.5,85,26.99,10.05,,,,,,,26,60,1.15,0.96
19/07/2021,4:18:00 PM,4:18:36 PM,Maryborough,VIC,7,185466228,R7 2190m Trot M,185466229,Harness,2190,Trot,911552,6,Birthday Suit,LOSER,35.06,LOSER,4.03,104.62,29,22,27,27.22,43.03,140,17.5,85,26.99,10.05,172.26,3.3,3.3,3.3,3.3,13.03,26,60,1.15,0.96
19/07/2021,4:18:00 PM,4:18:36 PM,Maryborough,VIC,7,185466228,R7 2190m Trot M,185466229,Harness,2190,Trot,19387199,7,Whizzbang Dan,LOSER,59.25,LOSER,5.06,64.66,75,23,75,36.65,35.76,390,85,140,97.94,1.07,136.92,4.2,4.2,4.2,4.2,6.42,40,80,1.15,0.96
19/07/2021,4:18:00 PM,4:18:36 PM,Maryborough,VIC,7,185466228,R7 2190m Trot M,185402637,Harness,2190,Trot,19387199,7,Whizzbang Dan,LOSER,59.25,,,64.66,75,23,75,36.65,35.76,390,85,140,97.94,1.07,,,,,,,40,80,1.15,0.96
19/07/2021,4:18:00 PM,4:18:36 PM,Maryborough,VIC,7,185466228,R7 2190m Trot M,185466229,Harness,2190,Trot,18849500,8,Mascott,LOSER,29.55,LOSER,2.11,113.61,40,15,16,22.41,73.98,38,32,32,34.98,1.92,741.22,3,2.68,2.8,2.86,33.8,16,29,1.15,0.96
19/07/2021,4:18:00 PM,4:18:36 PM,Maryborough,VIC,7,185466228,R7 2190m Trot M,185402637,Harness,2190,Trot,18849500,8,Mascott,LOSER,29.55,,,113.61,40,15,16,22.41,73.98,38,32,32,34.98,1.92,,,,,,,16,29,1.15,0.96
19/07/2021,4:18:00 PM,4:18:36 PM,Maryborough,VIC,7,185466228,R7 2190m Trot M,185466229,Harness,2190,Trot,40208849,9,Saint Calder,LOSER,26.63,WINNER,3.2,85.05,34,13,26,27.77,45.87,70,1.67,1.67,28.22,36.37,187.66,2.26,2.1,2.26,2.17,42.55,26,29,1.15,0.96
19/07/2021,4:18:00 PM,4:18:36 PM,Maryborough,VIC,7,185466228,R7 2190m Trot M,185402637,Harness,2190,Trot,40208849,9,Saint Calder,LOSER,26.63,,,85.05,34,13,26,27.77,45.87,70,1.67,1.67,28.22,36.37,,,,,,,26,29,1.15,0.96
19/07/2021,4:50:00 PM,4:50:38 PM,Maryborough,VIC,8,185402638,R8 2190m Pace M,185402639,Harness,2190,Pace,10862098,1,Creative Lad,LOSER,26.8,LOSER,3.82,232.12,70,15,29,33.34,256.71,700,6.6,700,27.77,161.94,481.54,5.8,3.6,3.85,4.17,342.95,38,55,1.05,0.96
19/07/2021,4:50:00 PM,4:50:38 PM,Maryborough,VIC,8,185402638,R8 2190m Pace M,185402639,Harness,2190,Pace,37832470,2,Gilty By The Beach,LOSER,26.71,WINNER,4.1,146.23,26,18.5,22,21.65,230.56,630,2.1,95,19.1,119.84,502.52,4.6,4.1,4.1,4.2,83.33,22,30,1.05,0.96
19/07/2021,4:50:00 PM,4:50:38 PM,Maryborough,VIC,8,185402638,R8 2190m Pace M,185402639,Harness,2190,Pace,27207235,3,Bring The Flave,WINNER,1.76,WINNER,1.25,5048.6,3.4,1.75,1.8,1.89,12607.04,4.8,1.01,1.02,1.82,6087.6,1538.16,1.4,1.22,1.27,1.3,2362.93,1.77,1.8,1.05,0.96
19/07/2021,4:50:00 PM,4:50:38 PM,Maryborough,VIC,8,185402638,R8 2190m Pace M,185402639,Harness,2190,Pace,12199522,4,Neanger Guy,LOSER,86.96,LOSER,28,83.26,95,55,85,74.82,29.82,930,75,700,290.23,6.87,24.62,28,8.4,28,9.17,17.74,85,110,1.05,0.96
19/07/2021,4:50:00 PM,4:50:38 PM,Maryborough,VIC,8,185402638,R8 2190m Pace M,185402639,Harness,2190,Pace,27602001,5,Redfox Raider,LOSER,18.5,LOSER,3.76,191.3,30,17,18.5,22.34,354.64,910,7.2,700,38.81,141.01,560.28,5.1,3.75,5,4.78,83.44,21,27,1.05,0.96
19/07/2021,4:50:00 PM,4:50:38 PM,Maryborough,VIC,8,185402638,R8 2190m Pace M,185402639,Harness,2190,Pace,40050410,6,Clarenden Envoy,LOSER,16.76,WINNER,4.39,259.29,15.5,5.6,15,12.19,316.65,110,1.31,85,5.78,336.79,449.87,3.7,2.14,2.82,2.87,113.52,13.5,14.5,1.05,0.96
19/07/2021,4:50:00 PM,4:50:38 PM,Maryborough,VIC,8,185402638,R8 2190m Pace M,185402639,Harness,2190,Pace,28036746,7,Hook Eye Joh,LOSER,29.35,LOSER,5.62,180.82,34,13,29,21.61,193.16,700,27,700,52.34,19.23,246.72,,,,,,21,27,1.05,0.96
19/07/2021,4:50:00 PM,4:50:38 PM,Maryborough,VIC,8,185402638,R8 2190m Pace M,185402639,Harness,2190,Pace,21396996,8,Shaq,LOSER,10.09,LOSER,2.46,918.19,16.5,9.2,11,10.97,959.57,1000,9.2,1000,56.8,134.84,649.22,2.88,2.42,2.5,2.63,260.4,9.2,10.5,1.05,0.96
19/07/2021,4:50:00 PM,4:50:38 PM,Maryborough,VIC,8,185402638,R8 2190m Pace M,185402639,Harness,2190,Pace,40208850,9,Local Icon,LOSER,18.15,LOSER,3.9,369.29,20,12,19.5,16.96,302.55,700,15.5,700,69.99,8.7,378.26,3.8,3.7,3.8,3.71,80.01,18,19.5,1.05,0.96
19/07/2021,4:50:00 PM,4:50:38 PM,Maryborough,VIC,8,185402638,R8 2190m Pace M,185402639,Harness,2190,Pace,23811075,10,Hawaiianbeach,LOSER,34,LOSER,6.01,158.02,46,23,36,35.94,82.79,740,29,110,44.67,17.33,226.15,7.4,5,5.4,5.55,38.73,40,46,1.05,0.96
19/07/2021,4:50:00 PM,4:50:38 PM,Maryborough,VIC,8,185402638,R8 2190m Pace M,185402639,Harness,2190,Pace,40208851,12,Marjorie Jean,LOSER,65.29,LOSER,12.79,91.85,75,36,75,49.89,51.32,930,55,280,302.54,4.44,73.86,8,7.4,7.4,7.63,17.54,65,80,1.05,0.96
19/07/2021,4:50:00 PM,4:50:38 PM,Maryborough,VIC,8,185402638,R8 2190m Pace M,185402639,Harness,2190,Pace,40208852,13,Stylish Gem,LOSER,36.14,LOSER,8.99,150.58,40,21,40,29.53,168.94,700,30,700,99,5,186.92,7.4,5.3,7.4,5.59,12.83,38,40,1.05,0.96
19/07/2021,5:10:00 PM,5:12:19 PM,Maryborough,VIC,9,185402640,R9 1690m Pace M,185402641,Harness,1690,Pace,7171128,1,Our Summer Wind,LOSER,18.85,LOSER,5.41,200.71,29,11,29,18.61,242.07,700,6.8,480,13.29,232.87,147.65,4.9,3.3,4.8,3.94,219.23,19,23,1.02,0.97
19/07/2021,5:10:00 PM,5:12:19 PM,Maryborough,VIC,9,185402640,R9 1690m Pace M,185402641,Harness,1690,Pace,11978909,2,Markleigh Caz,LOSER,63.78,LOSER,19.1,106.77,90,26,90,54.38,52.21,700,55,200,82.72,17.85,,,,,,,60,75,1.02,0.97
19/07/2021,5:10:00 PM,5:12:19 PM,Maryborough,VIC,9,185402640,R9 1690m Pace M,185402641,Harness,1690,Pace,10067899,3,Danman,LOSER,19.05,LOSER,5.09,201.32,27,11.5,18,18.28,337.25,700,5.4,480,25.35,64.12,228.55,,,,,,19,23,1.02,0.97
19/07/2021,5:10:00 PM,5:12:19 PM,Maryborough,VIC,9,185402640,R9 1690m Pace M,185402641,Harness,1690,Pace,16311097,4,Shawami Lass,LOSER,12.98,LOSER,3.57,465.32,20,14,14.5,17.06,288.83,700,3.8,700,12.85,182.46,623.3,3.65,3.65,3.65,3.65,12.44,15,16,1.02,0.97
19/07/2021,5:10:00 PM,5:12:19 PM,Maryborough,VIC,9,185402640,R9 1690m Pace M,185402641,Harness,1690,Pace,26532192,5,Roquefort Cheese,WINNER,3.18,WINNER,1.64,1489.3,3.35,2.38,3,2.97,5088.26,65,1.01,1.01,2.61,4444.63,749.45,1.53,1.46,1.5,1.51,106.66,2.9,2.94,1.02,0.97
19/07/2021,5:10:00 PM,5:12:19 PM,Maryborough,VIC,9,185402640,R9 1690m Pace M,185402641,Harness,1690,Pace,13167486,6,Whata Glimpse,LOSER,8.81,WINNER,2.48,479.27,14.5,6.8,8,7.92,504.15,700,5.3,700,10.28,195.89,660.22,2.54,2.54,2.54,2.54,4.99,7.2,7.4,1.02,0.97
19/07/2021,5:10:00 PM,5:12:19 PM,Maryborough,VIC,9,185402640,R9 1690m Pace M,185402641,Harness,1690,Pace,15907437,7,Sassyola,LOSER,47.16,LOSER,12,132.97,60,20,60,33.19,108.36,740,7,740,39.88,47.59,,,,,,,29,30,1.02,0.97
19/07/2021,5:10:00 PM,5:12:19 PM,Maryborough,VIC,9,185402640,R9 1690m Pace M,185402641,Harness,1690,Pace,10921275,8,Paddy Mach,LOSER,11.22,LOSER,3.39,363.84,28,13,15,17.85,501.46,700,7,700,13.54,147.53,462.92,4.2,3.45,3.45,3.87,63.31,14.5,16.5,1.02,0.97
19/07/2021,5:10:00 PM,5:12:19 PM,Maryborough,VIC,9,185402640,R9 1690m Pace M,185402641,Harness,1690,Pace,9157130,9,Chief Safari,LOSER,75,LOSER,38.11,86.87,95,30,80,54,19.1,700,22,140,55.1,29.85,33.74,75,9.2,29,10.27,48.38,55,60,1.02,0.97
19/07/2021,5:10:00 PM,5:12:19 PM,Maryborough,VIC,9,185402640,R9 1690m Pace M,185402641,Harness,1690,Pace,24796320,10,Safe Jewels,LOSER,3.25,WINNER,1.72,2461.85,5.3,3.25,3.4,3.85,3128.58,700,2.5,110,3.96,895.97,597.4,2.08,1.61,1.71,1.74,29.52,4.4,4.6,1.02,0.97
19/07/2021,2:33:00 PM,2:34:01 PM,Pinjarra,WA,1,185402689,R1 2185m Pace M,185402690,Harness,2185,Pace,38484320,2,Tomlous Jambo,WINNER,1.4,WINNER,1.11,4112.62,2,1.39,1.43,1.48,15100.14,4.7,1.04,1.05,1.51,1957.29,1735.1,1.11,1.09,1.11,1.1,2018.07,1.5,1.52,1.02,0.99
19/07/2021,2:33:00 PM,2:34:01 PM,Pinjarra,WA,1,185402689,R1 2185m Pace M,185402690,Harness,2185,Pace,40208894,3,Dreams Of Valhalla,LOSER,206.6,LOSER,13.3,35.05,330,85,330,178.92,33.17,1000,180,1000,511.39,17.76,44.34,11.5,8.6,8.6,8.84,20.1,150,260,1.02,0.99
19/07/2021,2:33:00 PM,2:34:01 PM,Pinjarra,WA,1,185402689,R1 2185m Pace M,185402690,Harness,2185,Pace,38484023,4,Hokulani,LOSER,13.7,LOSER,2.2,298.23,18,8.4,15,13.1,487.2,1000,6.8,1000,49.25,114.22,466.6,2.56,2.06,2.08,2.39,49.74,11.5,12,1.02,0.99
19/07/2021,2:33:00 PM,2:34:01 PM,Pinjarra,WA,1,185402689,R1 2185m Pace M,185402690,Harness,2185,Pace,6176374,5,Linebacker,WINNER,7.94,WINNER,1.86,1342.55,9.6,6.4,8.8,8.59,1232.62,17,1.33,8,5.48,1232.05,756.62,1.9,1.78,1.87,1.82,267.99,8.2,8.4,1.02,0.99
19/07/2021,2:33:00 PM,2:34:01 PM,Pinjarra,WA,1,185402689,R1 2185m Pace M,185402690,Harness,2185,Pace,39465410,6,Dustyroads,LOSER,90,LOSER,6.71,106.22,120,75,95,90.96,72.77,1000,50,50,215.93,12.3,316.83,,,,,,85,90,1.02,0.99
19/07/2021,2:33:00 PM,2:34:01 PM,Pinjarra,WA,1,185402689,R1 2185m Pace M,185402690,Harness,2185,Pace,40129508,7,Wall Street Girl,LOSER,18,WINNER,2.35,194.93,19,10.5,18.5,15.4,705.34,700,8,700,17.87,90.39,694.04,2.42,2,2.38,2.21,105.54,15,16,1.02,0.99
19/07/2021,2:33:00 PM,2:34:01 PM,Pinjarra,WA,1,185402689,R1 2185m Pace M,185402690,Harness,2185,Pace,40208895,8,Haywire,LOSER,20,LOSER,2.54,195.57,20,13,20,17.32,207.6,1000,9.4,1000,108.57,26.26,734.48,2.72,2.42,2.42,2.53,51.73,16.5,17.5,1.02,0.99
19/07/2021,4:25:00 PM,4:25:57 PM,Pinjarra,WA,4,185402695,R4 2185m Pace M,185402696,Harness,2185,Pace,39160964,1,Kolisi,LOSER,8.47,LOSER,2.27,1189.7,10.5,7.8,9.6,8.91,520.41,1000,4.2,1000,12.94,203.34,533.11,2.02,1.99,1.99,2,68.63,8.6,9.2,1.03,0.98
19/07/2021,4:25:00 PM,4:25:57 PM,Pinjarra,WA,4,185402695,R4 2185m Pace M,185402696,Harness,2185,Pace,36663050,2,Makaila,LOSER,150.54,LOSER,14.66,58.78,230,110,110,145.05,44.88,700,55,270,139.7,8.76,176.14,21,9,21,18.48,9.26,160,190,1.03,0.98
19/07/2021,4:25:00 PM,4:25:57 PM,Pinjarra,WA,4,185402695,R4 2185m Pace M,185402696,Harness,2185,Pace,37827557,3,Gypsy Dragon,LOSER,39.55,LOSER,4.63,190.03,65,27,36,35.9,887.05,480,8,300,28.21,61.5,132.03,5.5,4.4,5.1,4.72,551.15,46,50,1.03,0.98
19/07/2021,4:25:00 PM,4:25:57 PM,Pinjarra,WA,4,185402695,R4 2185m Pace M,185402696,Harness,2185,Pace,38947358,4,Cloudy Reactor,LOSER,134.35,LOSER,12.05,67.57,200,100,200,155.14,28.49,270,46,210,132.35,16.87,106.14,,,,,,140,200,1.03,0.98
19/07/2021,4:25:00 PM,4:25:57 PM,Pinjarra,WA,4,185402695,R4 2185m Pace M,185402696,Harness,2185,Pace,16425408,5,Freyja,LOSER,31.24,WINNER,5.52,306.42,48,27,32,33.22,208.72,170,10,170,28.54,52.22,293.27,6.4,6.2,6.4,6.34,107.51,34,36,1.03,0.98
19/07/2021,4:25:00 PM,4:25:57 PM,Pinjarra,WA,4,185402695,R4 2185m Pace M,185402696,Harness,2185,Pace,2868592,6,Diamond Daze,LOSER,45.39,LOSER,7.78,163.37,120,42,42,81.38,147.96,480,50,480,86.95,9.22,64.57,8.8,6.6,6.8,8.31,219.79,85,90,1.03,0.98
19/07/2021,4:25:00 PM,4:25:57 PM,Pinjarra,WA,4,185402695,R4 2185m Pace M,185402696,Harness,2185,Pace,40208898,7,Chance Eclipse,WINNER,3.3,WINNER,1.51,1667.06,3.95,3.15,3.35,3.55,3541.74,23,1.01,1.01,2.69,1222.67,1597.25,1.53,1.46,1.51,1.5,708.8,3.5,3.6,1.03,0.98
19/07/2021,4:25:00 PM,4:25:57 PM,Pinjarra,WA,4,185402695,R4 2185m Pace M,185402696,Harness,2185,Pace,40208899,8,Velvet Shadow,LOSER,68.2,LOSER,12.94,95.79,110,36,95,57.11,73.25,300,24,300,73.94,30.35,95.45,9.8,9.8,9.8,9.8,0.11,65,85,1.03,0.98
19/07/2021,4:25:00 PM,4:25:57 PM,Pinjarra,WA,4,185402695,R4 2185m Pace M,185402696,Harness,2185,Pace,40208900,9,Adda Something,LOSER,2.32,WINNER,1.23,2039.4,2.98,1.82,2.22,2.17,8442.14,170,1.12,110,2.2,998.66,1299.14,1.3,1.2,1.24,1.27,1236.77,2.12,2.18,1.03,0.98
19/07/2021,4:25:00 PM,4:25:57 PM,Pinjarra,WA,4,185402695,R4 2185m Pace M,185402696,Harness,2185,Pace,40208901,10,Strauny,LOSER,20,LOSER,3.1,234.71,23,14,20,16.72,420.2,900,30,420,99.69,34.39,674.47,3.6,3.1,3.4,3.34,65.62,16.5,17.5,1.03,0.98
19/07/2021,5:01:00 PM,5:01:48 PM,Pinjarra,WA,5,185402697,R5 2185m Pace M,185402698,Harness,2185,Pace,40061905,1,Mandoza,LOSER,3.17,WINNER,1.91,3426.84,4,1.82,3.1,2.9,9828.03,700,1.61,140,3.35,1007.56,403.47,2.08,1.4,1.77,1.98,207.37,3.25,3.3,1.02,1
19/07/2021,5:01:00 PM,5:01:48 PM,Pinjarra,WA,5,185402697,R5 2185m Pace M,185402698,Harness,2185,Pace,28252222,2,Our Shelley Beach,LOSER,6.9,LOSER,3.09,2059.67,19.5,7,7.4,8.58,2896.91,890,6.6,890,24.57,330.44,590.08,4.2,2.72,3,3.19,96.18,7.2,7.6,1.02,1
19/07/2021,5:01:00 PM,5:01:48 PM,Pinjarra,WA,5,185402697,R5 2185m Pace M,185402698,Harness,2185,Pace,111538,4,Mary Joe,LOSER,150.65,LOSER,103.73,64.78,700,130,210,207.66,75.58,700,100,700,181.35,9.11,21.55,32,25,29,30.09,16,190,280,1.02,1
19/07/2021,5:01:00 PM,5:01:48 PM,Pinjarra,WA,5,185402697,R5 2185m Pace M,185402698,Harness,2185,Pace,26531382,5,Leosabi,WINNER,4.42,WINNER,2.04,1699.57,9.6,3.45,4.2,4.62,10134.77,13,1.01,1.01,1.74,2123.62,923.49,2.42,1.89,2.12,2.08,180.4,3.9,3.95,1.02,1
19/07/2021,5:01:00 PM,5:01:48 PM,Pinjarra,WA,5,185402697,R5 2185m Pace M,185402698,Harness,2185,Pace,23814207,6,Rockin The Trend,LOSER,320,LOSER,208.69,54.48,700,200,240,253.1,60.35,700,120,510,385.75,5.72,0.91,210,32,210,75.41,4.46,210,300,1.02,1
19/07/2021,5:01:00 PM,5:01:48 PM,Pinjarra,WA,5,185402697,R5 2185m Pace M,185402698,Harness,2185,Pace,23178783,7,Jedrek,LOSER,155.65,LOSER,120,75.18,700,150,170,221.57,68.18,900,100,700,298.52,3.77,19.51,120,50,120,51.17,3.6,210,240,1.02,1
19/07/2021,5:01:00 PM,5:01:48 PM,Pinjarra,WA,5,185402697,R5 2185m Pace M,185402698,Harness,2185,Pace,39989795,8,Beach Start,LOSER,3.14,LOSER,1.7,4452.78,3.45,2.42,3.25,3.02,9253.81,100,2,85,3.5,1142.33,705.75,1.74,1.44,1.69,1.69,401.14,3.3,3.35,1.02,1
19/07/2021,5:35:00 PM,5:35:32 PM,Pinjarra,WA,6,185402699,R6 1684m Pace M,185402700,Harness,1684,Pace,40208902,1,Domande,LOSER,25,LOSER,3.3,268.65,80,21,25,33.5,387.88,780,10,780,39.7,54.95,478.66,3.7,2.84,3.7,3.27,75.25,30,34,1.02,0.99
19/07/2021,5:35:00 PM,5:35:32 PM,Pinjarra,WA,6,185402699,R6 1684m Pace M,185402700,Harness,1684,Pace,40208903,2,Jonimac,LOSER,60.07,LOSER,4.4,110.51,130,48,55,63.77,157.93,950,18,950,49.68,105.35,357.61,5.8,4.1,4.4,4.41,77.28,50,60,1.02,0.99
19/07/2021,5:35:00 PM,5:35:32 PM,Pinjarra,WA,6,185402699,R6 1684m Pace M,185402700,Harness,1684,Pace,22290875,3,Valdemar,WINNER,15.78,WINNER,2.04,347.33,25,12.5,16,15.16,786.16,60,1.02,1.02,2.66,1369.31,917.24,2.2,1.82,2,1.94,1746.96,14.5,15,1.02,0.99
19/07/2021,5:35:00 PM,5:35:32 PM,Pinjarra,WA,6,185402699,R6 1684m Pace M,185402700,Harness,1684,Pace,4296573,4,Call To Arms,LOSER,17.73,WINNER,2.22,278.95,50,14.5,17.5,20.46,831.2,700,3.5,410,20.01,121.06,955.96,5,2.08,2.26,2.29,218.68,17.5,18.5,1.02,0.99
19/07/2021,5:35:00 PM,5:35:32 PM,Pinjarra,WA,6,185402699,R6 1684m Pace M,185402700,Harness,1684,Pace,24826251,5,Remarkable Star,LOSER,600.87,LOSER,137.54,35.02,700,240,570,474.05,22.77,700,60,700,195.17,8.58,10.75,70,19,70,20.3,40.12,340,530,1.02,0.99
19/07/2021,5:35:00 PM,5:35:32 PM,Pinjarra,WA,6,185402699,R6 1684m Pace M,185402700,Harness,1684,Pace,38858866,6,Gov Starzzz,LOSER,361.12,LOSER,31.75,49.36,490,130,450,269.57,28.76,700,60,700,275.46,7.84,,10,8.8,10,9.28,15,290,400,1.02,0.99
19/07/2021,5:35:00 PM,5:35:32 PM,Pinjarra,WA,6,185402699,R6 1684m Pace M,185402700,Harness,1684,Pace,39307476,7,All Black Rain,LOSER,697.41,LOSER,40.15,41.29,760,220,580,433.16,32.92,1000,180,990,411.09,3.61,16.55,34,12,16.5,14.33,20.13,310,350,1.02,0.99
19/07/2021,5:35:00 PM,5:35:32 PM,Pinjarra,WA,6,185402699,R6 1684m Pace M,185402700,Harness,1684,Pace,39978384,8,Star Of Madonna,LOSER,43.42,LOSER,3.55,133.24,60,14,42,37.1,240.74,780,19,380,58.73,32.41,466.38,3.6,2.5,3.55,3.13,124.74,38,44,1.02,0.99
19/07/2021,5:35:00 PM,5:35:32 PM,Pinjarra,WA,6,185402699,R6 1684m Pace M,185402700,Harness,1684,Pace,40208904,9,Maccas,LOSER,1.29,WINNER,1.08,3762.59,1.48,1.17,1.3,1.26,24693.7,30,1.13,29,1.4,5637.99,67.29,1.13,1.04,1.09,1.07,2925.68,1.27,1.28,1.02,0.99
19/07/2021,5:35:00 PM,5:35:32 PM,Pinjarra,WA,6,185402699,R6 1684m Pace M,185402700,Harness,1684,Pace,28230734,10,All Aussie Mach,LOSER,94.49,LOSER,5.04,113.52,180,46,85,100.5,141.79,700,16.5,690,47.77,67.18,305.01,7.8,4,4.9,5.53,151.6,95,100,1.02,0.99
19/07/2021,5:35:00 PM,5:35:32 PM,Pinjarra,WA,6,185402699,R6 1684m Pace M,185402700,Harness,1684,Pace,39989778,11,Gregarmy,LOSER,444.91,LOSER,23.65,50.63,570,170,490,303.52,24.7,1000,130,1000,343.98,3.66,82.8,18.5,10,14,12.36,25.24,260,310,1.02,0.99
19/07/2021,6:09:00 PM,6:09:50 PM,Pinjarra,WA,7,185402701,R7 2185m Pace M,185402702,Harness,2185,Pace,24730189,2,Jill Mach,LOSER,394.61,LOSER,48.97,9.46,390,200,290,253.93,42.94,1000,200,1000,427.2,10.22,21.15,36,22,22,28.74,32.62,230,300,1.02,0.99
19/07/2021,6:09:00 PM,6:09:50 PM,Pinjarra,WA,7,185402701,R7 2185m Pace M,185402702,Harness,2185,Pace,13443166,3,Jessie Joan,LOSER,462.73,LOSER,77.01,17.07,890,200,310,272.47,40.21,1000,120,1000,378.9,31.56,44.21,36,22,22,28.81,43.81,220,290,1.02,0.99
19/07/2021,6:09:00 PM,6:09:50 PM,Pinjarra,WA,7,185402701,R7 2185m Pace M,185402702,Harness,2185,Pace,35460754,4,Nigel Ernest,LOSER,56.54,LOSER,7.73,76.7,55,23,55,38.83,337.79,1000,17.5,1000,39.43,123.67,269.3,8,7.4,7.4,7.65,28,44,46,1.02,0.99
19/07/2021,6:09:00 PM,6:09:50 PM,Pinjarra,WA,7,185402701,R7 2185m Pace M,185402702,Harness,2185,Pace,28110307,5,The Code Breaker,WINNER,3.61,WINNER,1.46,1660.04,3.85,2.42,3.75,3.09,6245.23,3.75,1.01,1.01,1.65,3469.86,1239.97,1.56,1.39,1.44,1.49,622.96,3.3,3.4,1.02,0.99
19/07/2021,6:09:00 PM,6:09:50 PM,Pinjarra,WA,7,185402701,R7 2185m Pace M,185402702,Harness,2185,Pace,35264707,6,Arma Einstein,LOSER,1.45,WINNER,1.13,9322.45,2.08,1.51,1.52,1.62,16639.67,850,1.38,850,2.97,3136.31,1983,1.23,1.12,1.15,1.17,1206.37,1.58,1.6,1.02,0.99
19/07/2021,6:09:00 PM,6:09:50 PM,Pinjarra,WA,7,185402701,R7 2185m Pace M,185402702,Harness,2185,Pace,19086433,7,The Great Dane,LOSER,110,LOSER,28.31,51.65,220,42,100,86.87,66.3,1000,44,1000,107.34,27.24,83.93,15.5,14,15.5,14.41,6.89,85,100,1.02,0.99
19/07/2021,6:09:00 PM,6:09:50 PM,Pinjarra,WA,7,185402701,R7 2185m Pace M,185402702,Harness,2185,Pace,38553680,8,Our Star Watch,LOSER,25.78,LOSER,4.8,206.72,34,14.5,25,23.75,618.4,700,20,140,53.77,40.83,489.01,5.6,2.82,5.5,4.76,92.26,28,32,1.02,0.99
19/07/2021,6:44:00 PM,6:44:53 PM,Pinjarra,WA,8,185402703,R8 2185m Pace M,185402704,Harness,2185,Pace,24008143,1,The White Rabbit,WINNER,2.97,WINNER,1.46,1477.48,3.7,1.85,3,3.05,4993.2,4,1.01,1.03,1.61,2593.04,1776.62,1.59,1.32,1.53,1.47,303,3.1,3.2,1.02,0.98
19/07/2021,6:44:00 PM,6:44:53 PM,Pinjarra,WA,8,185402703,R8 2185m Pace M,185402704,Harness,2185,Pace,23495376,2,Miss Lamarr,LOSER,8.86,LOSER,2.98,665.61,26,8.8,8.8,10.05,1432.1,1000,5.1,1000,18.1,197.19,678.15,4.1,2.98,3,3.16,212.91,9.8,10.5,1.02,0.98
19/07/2021,6:44:00 PM,6:44:53 PM,Pinjarra,WA,8,185402703,R8 2185m Pace M,185402704,Harness,2185,Pace,27870675,3,Little Bitof Fun,LOSER,1.89,WINNER,1.28,4706.91,3.7,1.74,1.93,1.94,10831.4,120,1.51,120,3.32,2140.13,1587.21,1.45,1.25,1.25,1.31,443.64,1.89,1.92,1.02,0.98
19/07/2021,6:44:00 PM,6:44:53 PM,Pinjarra,WA,8,185402703,R8 2185m Pace M,185402704,Harness,2185,Pace,17869636,4,Ideal Charm,LOSER,303.36,LOSER,75.76,38.33,300,140,300,212.45,51.87,700,260,700,389.66,3.1,49.9,70,29,70,57.14,26.98,210,240,1.02,0.98
19/07/2021,6:44:00 PM,6:44:53 PM,Pinjarra,WA,8,185402703,R8 2185m Pace M,185402704,Harness,2185,Pace,22862297,5,Blissfullabbey,LOSER,29,LOSER,7.64,191.67,30,9.2,29,22.55,247.34,700,16,480,36.92,62.94,216,6,5,5.7,5.52,38.04,24,27,1.02,0.98
19/07/2021,6:44:00 PM,6:44:53 PM,Pinjarra,WA,8,185402703,R8 2185m Pace M,185402704,Harness,2185,Pace,10293604,6,Suzies Gem,LOSER,314.55,LOSER,141.16,29.78,330,150,330,171.22,50.1,880,270,880,497.49,2.77,0.52,160,29,90,39.06,6.54,160,220,1.02,0.98
19/07/2021,6:44:00 PM,6:44:53 PM,Pinjarra,WA,8,185402703,R8 2185m Pace M,185402704,Harness,2185,Pace,10858823,7,Bettor Finish,LOSER,90,LOSER,35.08,73.13,110,65,100,92.21,60.65,700,90,700,162.71,6.73,54.01,17,13.5,17,16.52,7.31,95,100,1.02,0.98
19/07/2021,5:08:00 PM,5:09:00 PM,Redcliffe,QLD,1,185402219,R1 2040m Pace M,185402220,Harness,2040,Pace,21208584,1,Doolittle Doozzie,WINNER,4.2,WINNER,1.96,682.74,5.5,3.15,4.1,4.66,4731.23,5.2,1.01,1.01,1.39,5631.93,427.86,2.2,1.77,2.2,1.99,676.76,4.3,4.5,1.05,0.97
19/07/2021,5:08:00 PM,5:09:00 PM,Redcliffe,QLD,1,185402219,R1 2040m Pace M,185402220,Harness,2040,Pace,28368770,2,Pebble Sands,LOSER,6.8,WINNER,2.44,637.46,9.2,5.5,7,7.28,1361.87,290,1.5,230,14.26,239.72,352.06,2.46,2.06,2.38,2.37,313.76,7.4,8.2,1.05,0.97
19/07/2021,5:08:00 PM,5:09:00 PM,Redcliffe,QLD,1,185402219,R1 2040m Pace M,185402220,Harness,2040,Pace,19258268,3,Lady Swiss,LOSER,6.83,LOSER,3.59,894.78,13.5,7,7,8.39,1519.97,700,5.3,170,22.67,136.41,586.23,3.9,2.22,2.48,2.9,124.08,7.8,8.4,1.05,0.97
19/07/2021,5:08:00 PM,5:09:00 PM,Redcliffe,QLD,1,185402219,R1 2040m Pace M,185402220,Harness,2040,Pace,17773871,4,Hit The Track,LOSER,9.46,LOSER,2.78,488.58,22,9.6,9.8,13.56,1281.54,700,8,100,16.4,188.43,312.22,5.2,2.78,2.8,3.3,180.34,12,13,1.05,0.97
19/07/2021,5:08:00 PM,5:09:00 PM,Redcliffe,QLD,1,185402219,R1 2040m Pace M,185402220,Harness,2040,Pace,25181983,5,My Secret Beach,LOSER,33.33,LOSER,7.25,147.16,160,29,34,43.92,245.06,700,44,110,91.52,10.56,103.45,7,6,7,6.12,11.32,40,50,1.05,0.97
19/07/2021,5:08:00 PM,5:09:00 PM,Redcliffe,QLD,1,185402219,R1 2040m Pace M,185402220,Harness,2040,Pace,18428643,6,Moresco,LOSER,9.44,LOSER,2.99,705.71,21,10,11,12.29,763.45,700,9.2,700,26.87,69.52,482.21,3.4,2.8,2.92,2.97,1169.44,11.5,12.5,1.05,0.97
19/07/2021,5:08:00 PM,5:09:00 PM,Redcliffe,QLD,1,185402219,R1 2040m Pace M,185402220,Harness,2040,Pace,9869047,7,Precious Cullen,LOSER,50,WINNER,7.74,89.18,95,27,48,53.03,141.8,700,14.5,85,40.81,31.07,38.73,9.4,8.2,8.2,8.91,43.87,55,70,1.05,0.97
19/07/2021,5:08:00 PM,5:09:00 PM,Redcliffe,QLD,1,185402219,R1 2040m Pace M,185402220,Harness,2040,Pace,8374210,8,Miss Victoria,LOSER,6.23,LOSER,2.14,991.71,12,3.05,10,4.74,4934.23,700,3,170,5.99,1367,509.82,2.64,1.65,2.14,1.89,296.59,4.7,5.1,1.05,0.97
19/07/2021,5:08:00 PM,5:09:00 PM,Redcliffe,QLD,1,185402219,R1 2040m Pace M,185402220,Harness,2040,Pace,8725862,9,Miss Mia,LOSER,7.19,LOSER,2.88,801.07,12,7.2,7.8,8.45,940,700,4.1,290,10.54,175.16,446.53,3.05,2.28,2.68,2.81,95.42,8,8.2,1.05,0.97
19/07/2021,5:42:00 PM,5:42:58 PM,Redcliffe,QLD,2,185402221,R2 2040m Pace M,185402222,Harness,2040,Pace,10637321,1,Aqua Cruiser,WINNER,4.63,WINNER,1.77,1939.02,7,4.4,4.6,5.26,2378.34,7.6,1.01,1.01,1.55,5048.73,971.42,1.97,1.75,1.85,1.92,411.36,5.4,6,1.04,0.98
19/07/2021,5:42:00 PM,5:42:58 PM,Redcliffe,QLD,2,185402221,R2 2040m Pace M,185402222,Harness,2040,Pace,23721480,2,Maywyns Jewel,LOSER,65,LOSER,12.15,64.75,90,28,50,44.69,241.24,700,40,700,75.4,16.27,,10,7,7.6,7.62,11.36,42,48,1.04,0.98
19/07/2021,5:42:00 PM,5:42:58 PM,Redcliffe,QLD,2,185402221,R2 2040m Pace M,185402222,Harness,2040,Pace,5567268,3,Handsome Harry,LOSER,2.67,WINNER,1.45,2372.46,3.7,2.62,2.68,2.86,6739.62,120,1.27,70,2.39,1694.61,1176.62,1.5,1.43,1.43,1.46,700.84,2.72,2.84,1.04,0.98
19/07/2021,5:42:00 PM,5:42:58 PM,Redcliffe,QLD,2,185402221,R2 2040m Pace M,185402222,Harness,2040,Pace,22553592,4,Getaloadathisgirl,LOSER,16.26,LOSER,3.23,235.6,19,8,17,13.25,521.09,700,9,630,66.07,56.9,555.52,3.25,3.1,3.2,3.18,38.24,12.5,13.5,1.04,0.98
19/07/2021,5:42:00 PM,5:42:58 PM,Redcliffe,QLD,2,185402221,R2 2040m Pace M,185402222,Harness,2040,Pace,40198795,5,Cala Jane,LOSER,8,LOSER,2.73,1166.94,11,4.9,8,8.58,1410.95,700,5.8,700,12.87,166.18,657.56,3.25,1.89,2.6,2.54,197.63,9.4,10.5,1.04,0.98
19/07/2021,5:42:00 PM,5:42:58 PM,Redcliffe,QLD,2,185402221,R2 2040m Pace M,185402222,Harness,2040,Pace,8145144,6,Adrenaline Rush,LOSER,4.94,LOSER,2.02,2043.51,10,4.4,5.3,5.9,2846.46,700,4,690,8.04,295.41,734.93,2.4,1.91,2.08,2.15,787.65,5.7,5.8,1.04,0.98
19/07/2021,5:42:00 PM,5:42:58 PM,Redcliffe,QLD,2,185402221,R2 2040m Pace M,185402222,Harness,2040,Pace,11603367,7,Heavens Hint,LOSER,427.96,LOSER,64.51,16.42,970,130,600,261.04,80.68,1000,360,1000,838.77,0.52,37.09,65,22,65,38.65,8.22,230,310,1.04,0.98
19/07/2021,5:42:00 PM,5:42:58 PM,Redcliffe,QLD,2,185402221,R2 2040m Pace M,185402222,Harness,2040,Pace,16407888,8,Our Stella Rose,LOSER,36.3,WINNER,4.9,142.6,38,11,38,27.08,352.3,700,16.5,700,38.95,54.82,424.39,5.4,3.9,5.4,4.42,88.97,26,27,1.04,0.98
19/07/2021,5:42:00 PM,5:42:58 PM,Redcliffe,QLD,2,185402221,R2 2040m Pace M,185402222,Harness,2040,Pace,38185211,9,My Ultimate Louie,LOSER,21,LOSER,3.83,189.46,26,8.4,21,16.7,545.18,890,8.8,300,56.82,60.34,464.8,3.7,2.96,3.7,3.18,18.39,17,17.5,1.04,0.98
19/07/2021,6:22:00 PM,6:23:23 PM,Redcliffe,QLD,3,185402223,R3 1780m Pace M,185402224,Harness,1780,Pace,17759235,1,Ally Rogan,LOSER,3.29,WINNER,1.42,1207.31,3.6,2.74,3.25,3.1,3616.05,3.35,1.01,1.01,1.33,10400.23,1544.84,1.46,1.42,1.46,1.43,116.09,3.05,3.25,1.04,0.96
19/07/2021,6:22:00 PM,6:23:23 PM,Redcliffe,QLD,3,185402223,R3 1780m Pace M,185402224,Harness,1780,Pace,1204770,2,Goalkicker,LOSER,4.51,LOSER,1.83,644.75,5.9,3.8,4.4,4.54,1325.34,870,3.6,870,8.46,928.04,853.42,1.71,1.7,1.71,1.7,35.78,4.4,4.8,1.04,0.96
19/07/2021,6:22:00 PM,6:23:23 PM,Redcliffe,QLD,3,185402223,R3 1780m Pace M,185402224,Harness,1780,Pace,12198946,3,Misterriodejaneiro,LOSER,31.02,LOSER,6.05,139.73,32,26,30,27.9,78.1,700,11.5,690,49.67,51.7,182.93,,,,,,28,29,1.04,0.96
19/07/2021,6:22:00 PM,6:23:23 PM,Redcliffe,QLD,3,185402223,R3 1780m Pace M,185402224,Harness,1780,Pace,23414734,4,Rollonx,LOSER,46.85,LOSER,8.5,69.07,70,38,55,51.79,24.81,930,15.5,700,55.11,32.47,145.2,,,,,,38,70,1.04,0.96
19/07/2021,6:22:00 PM,6:23:23 PM,Redcliffe,QLD,3,185402223,R3 1780m Pace M,185402224,Harness,1780,Pace,5038712,5,Gangbuster,LOSER,193.49,LOSER,24.7,30.29,240,120,160,152.71,18.64,700,90,260,202.37,13.63,83.37,,,,,,140,200,1.04,0.96
19/07/2021,6:22:00 PM,6:23:23 PM,Redcliffe,QLD,3,185402223,R3 1780m Pace M,185402224,Harness,1780,Pace,22527442,6,Keayang Sponge Bob,LOSER,46.53,WINNER,9.07,86.62,65,32,55,44.62,21.96,700,13.5,700,37.97,32.21,144.36,,,,,,42,44,1.04,0.96
19/07/2021,6:22:00 PM,6:23:23 PM,Redcliffe,QLD,3,185402223,R3 1780m Pace M,185402224,Harness,1780,Pace,40198796,7,Crossed Legs,WINNER,12.36,WINNER,2.75,251.08,16,8.8,15,12.05,319.61,780,1.58,2.04,13.54,304.61,454.55,2.8,2.28,2.66,2.59,86.42,11,11.5,1.04,0.96
19/07/2021,6:22:00 PM,6:23:23 PM,Redcliffe,QLD,3,185402223,R3 1780m Pace M,185402224,Harness,1780,Pace,12110810,8,La Safron,LOSER,19.72,LOSER,3.75,198.15,36,19,23,24.34,68.02,780,10,170,26.45,97.76,359.66,4,3.4,3.6,3.53,250,20,24,1.04,0.96
19/07/2021,6:22:00 PM,6:23:23 PM,Redcliffe,QLD,3,185402223,R3 1780m Pace M,185402224,Harness,1780,Pace,36105103,9,Katacha Man,LOSER,3.57,LOSER,1.63,901.88,4.5,3.55,3.85,3.85,1032.34,1000,2.46,100,27.85,513.87,664.27,1.63,1.52,1.63,1.54,179.15,3.95,4.2,1.04,0.96
19/07/2021,7:00:00 PM,7:00:53 PM,Redcliffe,QLD,4,185402225,R4 1780m Pace M,185402226,Harness,1780,Pace,13370615,1,Lorimer Lady,LOSER,18.92,WINNER,2.62,165.14,25,13.5,19,19,217.02,1000,4.3,770,22.82,88.02,811.43,2.96,2.6,2.7,2.72,275.25,19,20,1.01,0.97
19/07/2021,7:00:00 PM,7:00:53 PM,Redcliffe,QLD,4,185402225,R4 1780m Pace M,185402226,Harness,1780,Pace,7592639,2,Major Score,LOSER,20.34,LOSER,3.87,167.39,70,13.5,21,25.72,556.48,1000,8,1000,22.76,226.93,380.66,4.9,3.5,3.55,3.87,88.27,17,20,1.01,0.97
19/07/2021,7:00:00 PM,7:00:53 PM,Redcliffe,QLD,4,185402225,R4 1780m Pace M,185402226,Harness,1780,Pace,8578515,3,No Confession,LOSER,56.11,LOSER,7.55,68.09,85,36,55,50.45,114.26,740,13.5,740,54.71,21.94,212.32,5.5,5.5,5.5,5.5,5,42,48,1.01,0.97
19/07/2021,7:00:00 PM,7:00:53 PM,Redcliffe,QLD,4,185402225,R4 1780m Pace M,185402226,Harness,1780,Pace,27005800,4,Ajay Breezy Rose,WINNER,1.74,WINNER,1.19,7436.27,2.02,1.53,1.71,1.71,17051.63,4,1.01,1.01,1.57,7755.49,1507.9,1.21,1.09,1.21,1.17,842.67,1.66,1.69,1.01,0.97
19/07/2021,7:00:00 PM,7:00:53 PM,Redcliffe,QLD,4,185402225,R4 1780m Pace M,185402226,Harness,1780,Pace,11732122,5,Little Change,LOSER,8.2,WINNER,2.3,410.01,11.5,6.4,8,9.67,1132.93,780,1.75,570,4.11,1059.84,625.51,2.4,1.72,2.08,2.15,195.88,11,11.5,1.01,0.97
19/07/2021,7:00:00 PM,7:00:53 PM,Redcliffe,QLD,4,185402225,R4 1780m Pace M,185402226,Harness,1780,Pace,12807162,6,Bella Ball Terror,LOSER,36,LOSER,6.04,214.45,75,20,38,36.61,99.01,1000,7.2,690,22.29,115.97,297.64,,,,,,38,40,1.01,0.97
19/07/2021,7:00:00 PM,7:00:53 PM,Redcliffe,QLD,4,185402225,R4 1780m Pace M,185402226,Harness,1780,Pace,16639473,7,Ifoundthebeach,LOSER,8.17,LOSER,1.86,396.32,9.4,5.8,7.6,8.3,834.35,1000,4.1,770,17.02,125.32,999.21,1.92,1.73,1.88,1.85,406.7,8.8,9.2,1.01,0.97
19/07/2021,7:00:00 PM,7:00:53 PM,Redcliffe,QLD,4,185402225,R4 1780m Pace M,185402226,Harness,1780,Pace,11029616,8,Arbit Major,LOSER,22,LOSER,3.7,131.14,24,14,21,20.07,382.08,700,17.5,490,49.85,27.75,519.83,3.75,2.82,3.75,3.3,393.59,23,24,1.01,0.97
19/07/2021,7:28:00 PM,7:28:54 PM,Redcliffe,QLD,5,185402227,R5 2040m Pace M,185402228,Harness,2040,Pace,11078087,1,Onyajans,LOSER,6.68,WINNER,2.06,759,8.4,3.5,7.2,6.66,1905.95,700,4.2,140,9.63,248.01,552.17,2.32,1.62,2.06,1.93,398.34,7.2,8.2,1.04,0.98
19/07/2021,7:28:00 PM,7:28:54 PM,Redcliffe,QLD,5,185402227,R5 2040m Pace M,185402228,Harness,2040,Pace,430868,2,Jet Force,LOSER,33.89,LOSER,5.5,171.47,30,20,30,24.58,215.18,900,12.5,280,38.94,45.57,193.93,4.2,4.2,4.2,4.2,0.18,22,25,1.04,0.98
19/07/2021,7:28:00 PM,7:28:54 PM,Redcliffe,QLD,5,185402227,R5 2040m Pace M,185402228,Harness,2040,Pace,21784842,3,Kwasii,WINNER,3.18,WINNER,1.43,1241.98,4.6,2.92,3.2,3.52,3552.72,3.95,1.01,1.01,1.71,8404.28,1264.3,1.66,1.38,1.5,1.52,756.52,3.5,3.55,1.04,0.98
19/07/2021,7:28:00 PM,7:28:54 PM,Redcliffe,QLD,5,185402227,R5 2040m Pace M,185402228,Harness,2040,Pace,13223746,4,Deadly Rocker,LOSER,15.74,LOSER,4.05,435.98,24,9.6,23,15.75,488.59,700,6.2,490,23.9,101.74,358.84,5.2,2.22,4.6,4.2,43.77,15.5,17,1.04,0.98
19/07/2021,7:28:00 PM,7:28:54 PM,Redcliffe,QLD,5,185402227,R5 2040m Pace M,185402228,Harness,2040,Pace,12792242,5,Darby Brights,LOSER,33.47,LOSER,7.65,132.92,55,25,48,41.01,132.27,920,20,920,87.35,57.27,157.95,7.2,7,7,7.15,5,36,40,1.04,0.98
19/07/2021,7:28:00 PM,7:28:54 PM,Redcliffe,QLD,5,185402227,R5 2040m Pace M,185402228,Harness,2040,Pace,3459486,6,Royal Princess,LOSER,2.9,LOSER,1.47,3203.68,4.4,2.76,3.05,3.09,7563.33,700,2.8,700,4.6,1570.39,896.62,1.55,1.38,1.49,1.46,390.66,2.9,3,1.04,0.98
19/07/2021,7:28:00 PM,7:28:54 PM,Redcliffe,QLD,5,185402227,R5 2040m Pace M,185402228,Harness,2040,Pace,10874953,7,Lazy Blaze,LOSER,45.87,WINNER,8.2,106.97,60,26,60,48.07,129.22,910,13.5,910,39.34,69.07,57.7,8.6,6.8,6.8,7.12,91.74,48,55,1.04,0.98
19/07/2021,7:28:00 PM,7:28:54 PM,Redcliffe,QLD,5,185402227,R5 2040m Pace M,185402228,Harness,2040,Pace,34338327,8,Melton Insulted,LOSER,60,LOSER,12.95,144.76,95,28,85,71.81,122.51,700,17.5,700,60.89,47.24,92.42,8.4,8.4,8.4,8.4,5,70,85,1.04,0.98
19/07/2021,7:28:00 PM,7:28:54 PM,Redcliffe,QLD,5,185402227,R5 2040m Pace M,185402228,Harness,2040,Pace,23389005,9,Prince Joy,LOSER,12.5,LOSER,3.08,579.38,20,9.8,12.5,11.78,619.59,700,7,270,28,73.36,212.62,2.94,2.7,2.84,2.84,39.41,10.5,11.5,1.04,0.98
19/07/2021,7:56:00 PM,7:57:00 PM,Redcliffe,QLD,6,185402229,R6 2040m Pace M,185402230,Harness,2040,Pace,28708163,1,Pago Pago,WINNER,3.24,WINNER,1.49,2192.31,4.7,3.25,3.6,3.72,2120.28,55,1.01,1.01,1.96,7505.05,1686.46,1.66,1.48,1.54,1.52,420.37,3.7,4.2,1.04,0.94
19/07/2021,7:56:00 PM,7:57:00 PM,Redcliffe,QLD,6,185402229,R6 2040m Pace M,185402230,Harness,2040,Pace,9311916,2,Doolittle Dandy,LOSER,10.83,LOSER,2.97,968.13,10.5,7,9.8,7.8,502.71,700,7.2,700,13.55,144.49,244.8,2.5,2.18,2.18,2.2,105,7.2,7.8,1.04,0.94
19/07/2021,7:56:00 PM,7:57:00 PM,Redcliffe,QLD,6,185402229,R6 2040m Pace M,185402230,Harness,2040,Pace,25009311,3,Rock The House,LOSER,14.05,LOSER,3.24,495.91,22,9.4,14,14.03,234.9,700,4.3,700,37.51,79.87,497.92,3.95,3.2,3.9,3.81,47.69,15,17.5,1.04,0.94
19/07/2021,7:56:00 PM,7:57:00 PM,Redcliffe,QLD,6,185402229,R6 2040m Pace M,185402230,Harness,2040,Pace,8446646,4,Nolonga Your Choice,LOSER,180,LOSER,44.33,89.47,270,130,210,174.12,31.35,900,25,900,69.35,53.7,52.16,16,16,16,16,5,120,210,1.04,0.94
19/07/2021,7:56:00 PM,7:57:00 PM,Redcliffe,QLD,6,185402229,R6 2040m Pace M,185402230,Harness,2040,Pace,18428637,5,Allstar Sea,LOSER,4.54,WINNER,1.85,2298.51,5.8,3.1,5,4.85,2639.88,1000,1.17,1000,2.55,3224.28,1047.6,1.97,1.57,1.88,1.75,131.56,4.7,4.9,1.04,0.94
19/07/2021,7:56:00 PM,7:57:00 PM,Redcliffe,QLD,6,185402229,R6 2040m Pace M,185402230,Harness,2040,Pace,1386771,6,Pin Code,LOSER,49.22,LOSER,10.19,159.57,65,36,60,45.64,90.28,930,17,300,90.24,49.05,107.66,7.4,7,7.2,7.18,17.92,46,48,1.04,0.94
19/07/2021,7:56:00 PM,7:57:00 PM,Redcliffe,QLD,6,185402229,R6 2040m Pace M,185402230,Harness,2040,Pace,11496451,7,Michaels Desire,LOSER,50.35,LOSER,8.78,109.56,75,38,70,56.67,177.73,700,36,700,88.18,13,273.75,12,6.2,12,7.41,136.76,65,70,1.04,0.94
19/07/2021,7:56:00 PM,7:57:00 PM,Redcliffe,QLD,6,185402229,R6 2040m Pace M,185402230,Harness,2040,Pace,10532123,8,Bukthsystem,LOSER,3.65,LOSER,1.67,4220.48,5.9,3.7,4,4.19,1356.94,110,2.54,110,4.79,1237.14,768.53,1.97,1.64,1.8,1.73,89.09,4.3,4.8,1.04,0.94
19/07/2021,7:56:00 PM,7:57:00 PM,Redcliffe,QLD,6,185402229,R6 2040m Pace M,185402230,Harness,2040,Pace,39387736,9,Maywyn A Jug Ortwo,LOSER,16.15,WINNER,3.39,469.17,19,14,18,15.63,247.3,700,14.5,700,47.06,20.15,545.1,,,,,,14.5,16,1.04,0.94
19/07/2021,8:24:00 PM,8:25:10 PM,Redcliffe,QLD,7,185402231,R7 1780m Pace M,185402232,Harness,1780,Pace,8718530,1,Ghost Gum,LOSER,4.55,WINNER,1.84,1599.79,8.4,4.2,4.9,4.71,5196.34,780,3.5,780,5.65,872.42,541.96,2.08,1.71,1.85,1.75,801.91,4.9,5,1.02,0.98
19/07/2021,8:24:00 PM,8:25:10 PM,Redcliffe,QLD,7,185402231,R7 1780m Pace M,185402232,Harness,1780,Pace,16490188,2,Aurora Rose,LOSER,26,LOSER,4.82,306.81,36,21,34,29.72,177.98,700,22,690,67.08,21.69,19.99,,,,,,29,32,1.02,0.98
19/07/2021,8:24:00 PM,8:25:10 PM,Redcliffe,QLD,7,185402231,R7 1780m Pace M,185402232,Harness,1780,Pace,1548984,3,Calculated Risk,LOSER,5.69,LOSER,2.2,2260.89,6.6,3.15,6,5.55,2305.63,770,2.7,490,7.51,496.61,642.51,2.22,1.29,2.16,1.99,543.16,5.5,5.8,1.02,0.98
19/07/2021,8:24:00 PM,8:25:10 PM,Redcliffe,QLD,7,185402231,R7 1780m Pace M,185402232,Harness,1780,Pace,27385337,4,Dargos Pet,LOSER,5.87,LOSER,2.39,998.46,9.6,5.3,5.8,6.5,1594.73,880,2.4,780,5.93,696.62,540.09,2.06,1.99,2.02,2.02,303.73,6.6,6.8,1.02,0.98
19/07/2021,8:24:00 PM,8:25:10 PM,Redcliffe,QLD,7,185402231,R7 1780m Pace M,185402232,Harness,1780,Pace,10125253,5,Purple Shades,LOSER,13,WINNER,4.12,527.04,16.5,12.5,14,14.48,558.76,730,12.5,700,48.09,32.96,272.81,4.7,3.3,3.85,3.73,34.47,14.5,16.5,1.02,0.98
19/07/2021,8:24:00 PM,8:25:10 PM,Redcliffe,QLD,7,185402231,R7 1780m Pace M,185402232,Harness,1780,Pace,2284390,6,Country Run,LOSER,34.86,LOSER,8.15,196.67,44,21,32,27.11,334.76,700,29,700,67.2,36.65,,,,,,,26,29,1.02,0.98
19/07/2021,8:24:00 PM,8:25:10 PM,Redcliffe,QLD,7,185402231,R7 1780m Pace M,185402232,Harness,1780,Pace,35790848,7,Ally Pink,LOSER,4.38,LOSER,1.99,2768.61,7,4.7,4.8,5.27,2661.59,780,3,700,5.37,967.99,1202.01,2.22,1.96,2.22,2.07,94.25,5.5,5.6,1.02,0.98
19/07/2021,8:24:00 PM,8:25:10 PM,Redcliffe,QLD,7,185402231,R7 1780m Pace M,185402232,Harness,1780,Pace,10545028,8,Vermont,LOSER,16.98,LOSER,4.98,541.18,26,12.5,18,15.69,229.97,1000,14.5,150,70.95,54.97,332.43,,,,,,14.5,15.5,1.02,0.98
19/07/2021,8:24:00 PM,8:25:10 PM,Redcliffe,QLD,7,185402231,R7 1780m Pace M,185402232,Harness,1780,Pace,6421971,9,Regalia,WINNER,12,WINNER,3.43,679.29,14,6.6,12.5,9.73,1179.64,85,1.01,1.01,1.32,5226.99,283.01,2.96,2.1,2.96,2.4,51.58,11,11.5,1.02,0.98
19/07/2021,8:52:00 PM,8:53:12 PM,Redcliffe,QLD,8,185402233,R8 1780m Pace M,185402234,Harness,1780,Pace,24539307,1,Highmoralground,LOSER,62.43,LOSER,7.55,182.31,140,6.8,75,22.3,658.24,700,34,700,104.93,109.74,39.61,16.5,2.24,16.5,2.99,173.41,11,12,1.05,0.97
19/07/2021,8:52:00 PM,8:53:12 PM,Redcliffe,QLD,8,185402233,R8 1780m Pace M,185402234,Harness,1780,Pace,19561631,2,Dontch See It,LOSER,150.13,WINNER,20.51,63.23,220,85,160,123.83,42.53,700,120,700,170.14,19.62,97.71,,,,,,160,170,1.05,0.97
19/07/2021,8:52:00 PM,8:53:12 PM,Redcliffe,QLD,8,185402233,R8 1780m Pace M,185402234,Harness,1780,Pace,22759055,3,Hurrikane Special,LOSER,7,LOSER,2.46,592.14,14.5,6.2,6.4,8.15,1067.95,780,4.8,780,13.82,233.96,651.86,2.92,2.44,2.48,2.57,194.63,9,9.6,1.05,0.97
19/07/2021,8:52:00 PM,8:53:12 PM,Redcliffe,QLD,8,185402233,R8 1780m Pace M,185402234,Harness,1780,Pace,8599942,4,Its All Torque,LOSER,18.43,LOSER,5.35,269.73,40,17.5,18.5,20.81,254.78,700,18,700,56.92,20.01,169.27,4.2,4.2,4.2,4.2,10,20,22,1.05,0.97
19/07/2021,8:52:00 PM,8:53:12 PM,Redcliffe,QLD,8,185402233,R8 1780m Pace M,185402234,Harness,1780,Pace,12980245,5,Okanes Devil,LOSER,18,LOSER,4.59,319.94,70,17.5,18,22.57,333.08,700,16.5,700,40.01,53.14,238.93,3.8,3.8,3.8,3.8,22.02,19.5,21,1.05,0.97
19/07/2021,8:52:00 PM,8:53:12 PM,Redcliffe,QLD,8,185402233,R8 1780m Pace M,185402234,Harness,1780,Pace,11583777,6,Forgive Me,WINNER,3.8,WINNER,1.67,1147.7,3.9,2.32,3.55,3.36,5175.16,13,1.03,1.86,1.5,3151.72,828.35,1.71,1.4,1.66,1.58,205.3,3.2,3.5,1.05,0.97
19/07/2021,8:52:00 PM,8:53:12 PM,Redcliffe,QLD,8,185402233,R8 1780m Pace M,185402234,Harness,1780,Pace,38828865,7,Three Machs,LOSER,41.08,LOSER,9.6,252.62,44,12,42,30.66,172.85,700,34,700,82.43,11.95,62.9,,,,,,28,30,1.05,0.97
19/07/2021,8:52:00 PM,8:53:12 PM,Redcliffe,QLD,8,185402233,R8 1780m Pace M,185402234,Harness,1780,Pace,12177441,8,Whata Challenge,LOSER,6.27,LOSER,2.19,630.79,8.4,5.2,6,6.2,2046.72,580,4.3,490,18.62,147.64,627.63,2.22,1.94,2,2.02,38.61,6.2,6.8,1.05,0.97
19/07/2021,8:52:00 PM,8:53:12 PM,Redcliffe,QLD,8,185402233,R8 1780m Pace M,185402234,Harness,1780,Pace,10921347,9,Abercrombie Tab,LOSER,3.3,WINNER,1.61,2789.55,5.8,3.1,3.45,3.65,6643.83,70,1.49,2.16,2.71,1204.15,687.9,1.97,1.52,1.53,1.72,159.53,4.3,4.6,1.05,0.97
19/07/2021,9:20:00 PM,9:21:06 PM,Redcliffe,QLD,9,185402235,R9 1780m Pace M,185402236,Harness,1780,Pace,24888152,1,Caribbean Baby,LOSER,35.81,LOSER,5.5,341.31,60,36,55,46.56,124.31,85,20,85,35.91,95.58,208.59,6.8,5,6.6,5.99,53.07,40,60,1.05,0.95
19/07/2021,9:20:00 PM,9:21:06 PM,Redcliffe,QLD,9,185402235,R9 1780m Pace M,185402236,Harness,1780,Pace,16468331,2,Traces Of Tara,LOSER,3.26,WINNER,1.61,1960.2,5.2,2.98,2.98,3.37,7017.8,3.7,1.18,3.7,2.11,4198.93,931.31,1.9,1.57,1.67,1.73,194.62,3.95,4.1,1.05,0.95
19/07/2021,9:20:00 PM,9:21:06 PM,Redcliffe,QLD,9,185402235,R9 1780m Pace M,185402236,Harness,1780,Pace,10410295,3,Private Jujon,LOSER,7.6,LOSER,2.33,721.22,8,5.1,7.6,5.93,477.58,770,7,700,21.64,59.23,237.51,1.95,1.94,1.94,1.95,20.18,5.6,6.2,1.05,0.95
19/07/2021,9:20:00 PM,9:21:06 PM,Redcliffe,QLD,9,185402235,R9 1780m Pace M,185402236,Harness,1780,Pace,25890963,4,Artistic Humma,LOSER,144.04,LOSER,72.9,137.13,310,100,290,167.34,29.81,700,80,700,151.45,27.06,24.89,130,70,100,72.21,0.74,210,220,1.05,0.95
19/07/2021,9:20:00 PM,9:21:06 PM,Redcliffe,QLD,9,185402235,R9 1780m Pace M,185402236,Harness,1780,Pace,17733223,5,Maghera Maggie,WINNER,8.02,WINNER,2.38,661.51,9.8,5.1,8.8,7.45,477.23,10.5,4,10.5,5.21,77.61,237.39,3.1,2.38,2.46,2.5,308.93,6.8,7.6,1.05,0.95
19/07/2021,9:20:00 PM,9:21:06 PM,Redcliffe,QLD,9,185402235,R9 1780m Pace M,185402236,Harness,1780,Pace,39326224,6,Dreamouts Niece,LOSER,9.67,LOSER,2.88,372.14,10.5,5.7,7.8,8.12,372.84,80,6.2,80,11.17,54.54,341.79,3.05,2.22,2.36,2.72,95.03,9.6,11,1.05,0.95
19/07/2021,9:20:00 PM,9:21:06 PM,Redcliffe,QLD,9,185402235,R9 1780m Pace M,185402236,Harness,1780,Pace,28863274,7,Champagne Reactor,LOSER,5.14,WINNER,1.86,1203.56,8.8,4.1,4.7,4.5,1976.71,90,4.2,90,7.81,211.83,914.39,1.86,1.57,1.79,1.7,69.8,4.8,5,1.05,0.95
19/07/2021,9:20:00 PM,9:21:06 PM,Redcliffe,QLD,9,185402235,R9 1780m Pace M,185402236,Harness,1780,Pace,22734704,8,Dartesian,LOSER,9.78,LOSER,3.34,589.59,15,7.2,11.5,11.76,293.18,70,9.4,70,17.48,13.99,230.97,3.7,2.92,3,3.14,84.4,12,13.5,1.05,0.95
19/07/2021,9:20:00 PM,9:21:06 PM,Redcliffe,QLD,9,185402235,R9 1780m Pace M,185402236,Harness,1780,Pace,9384251,9,Many Delights,LOSER,58.48,LOSER,10.51,358.44,110,17.5,100,41.86,455.58,170,9.8,95,57.17,161.97,127.1,19.5,9.8,14.5,18.79,2,23,32,1.05,0.95
19/07/2021,9:48:00 PM,9:49:23 PM,Redcliffe,QLD,10,185402237,R10 1780m Pace M,185402238,Harness,1780,Pace,24458832,1,Johnrod,LOSER,6.89,WINNER,2.57,798.11,7.2,4.9,6.2,5.72,994.56,480,4.6,280,13.66,80.44,987.03,2.96,1.8,2.16,2.02,236.51,5,5.6,1.08,0.97
19/07/2021,9:48:00 PM,9:49:23 PM,Redcliffe,QLD,10,185402237,R10 1780m Pace M,185402238,Harness,1780,Pace,37199455,2,Chasin Dreamz,WINNER,5.1,WINNER,2.19,971.77,5.9,3.6,4.9,4.72,3075.51,15.5,1.01,1.01,1.85,5940.55,592.26,2.22,1.63,1.92,1.97,225.77,5.3,5.6,1.08,0.97
19/07/2021,9:48:00 PM,9:49:23 PM,Redcliffe,QLD,10,185402237,R10 1780m Pace M,185402238,Harness,1780,Pace,19547581,3,Milwaukee Sunrise,LOSER,246.9,LOSER,29.32,83.56,260,110,180,171.12,41,700,210,700,275.54,24.82,62.22,,,,,,160,180,1.08,0.97
19/07/2021,9:48:00 PM,9:49:23 PM,Redcliffe,QLD,10,185402237,R10 1780m Pace M,185402238,Harness,1780,Pace,23131892,4,The Last Starfire,LOSER,13.33,LOSER,3.64,412.43,22,10,12.5,13.05,400.66,780,7.2,780,30.37,41.28,442.31,,,,,,14,16.5,1.08,0.97
19/07/2021,9:48:00 PM,9:49:23 PM,Redcliffe,QLD,10,185402237,R10 1780m Pace M,185402238,Harness,1780,Pace,28587480,5,Mustang Dude,LOSER,5.5,LOSER,2.06,1216.45,10.5,5,5.3,5.76,1205.28,780,1.76,490,12,166.6,532.6,2.04,1.97,2.04,2.02,57.79,5.2,5.6,1.08,0.97
19/07/2021,9:48:00 PM,9:49:23 PM,Redcliffe,QLD,10,185402237,R10 1780m Pace M,185402238,Harness,1780,Pace,19187484,6,Leaping Leo,LOSER,6.2,LOSER,2.36,708.28,8,3.95,6.2,5.38,1763.76,780,4.2,780,25.79,80.79,457.06,2.06,1.79,2,1.97,24.75,5.6,6.6,1.08,0.97
19/07/2021,9:48:00 PM,9:49:23 PM,Redcliffe,QLD,10,185402237,R10 1780m Pace M,185402238,Harness,1780,Pace,9305241,7,Writeaboutchelsea,LOSER,10.2,LOSER,3.15,525.74,15,8,10,10.75,408.63,490,8.2,480,35.13,25.3,190.91,2.7,2.42,2.48,2.45,177.29,9.2,11,1.08,0.97
19/07/2021,9:48:00 PM,9:49:23 PM,Redcliffe,QLD,10,185402237,R10 1780m Pace M,185402238,Harness,1780,Pace,11372497,9,Wild About Town,LOSER,7,WINNER,2.16,971.67,9.8,5.5,7,6.74,1634.48,170,1.96,140,3.98,615.01,891.62,2.46,1.8,2.26,2.17,134.75,7.2,8.2,1.08,0.97
20/07/2021,1:22:00 PM,1:22:24 PM,Albion Park,QLD,1,185445325,R1 1628m Trot S,185445326,Harness,1628,Trot,36894748,1,Doubletap,LOSER,27.22,,,142.46,42,23,25,30.92,311.23,1000,15,1000,99.28,62.35,,,,,,,30,34,1.03,0.98
20/07/2021,1:22:00 PM,1:22:24 PM,Albion Park,QLD,1,185445325,R1 1628m Trot S,185445326,Harness,1628,Trot,39377694,2,Aldebaran Selena,LOSER,2.62,,,1428.11,2.88,2.42,2.78,2.6,8131.25,120,1.49,90,6.38,1154.87,,,,,,,2.54,2.7,1.03,0.98
20/07/2021,1:22:00 PM,1:22:24 PM,Albion Park,QLD,1,185445325,R1 1628m Trot S,185445326,Harness,1628,Trot,7630577,3,Ignite,LOSER,5.27,,,1093.34,6.6,4.5,5.2,5.67,2483.11,1000,5.3,1000,26.84,261.9,,,,,,,5.5,5.9,1.03,0.98
20/07/2021,1:22:00 PM,1:22:24 PM,Albion Park,QLD,1,185445325,R1 1628m Trot S,185445326,Harness,1628,Trot,35523932,4,Hurrikane Spirit,WINNER,2.59,,,1794.1,2.76,2.3,2.5,2.47,6147.76,3.05,1.01,1.02,1.38,8616.19,,,,,,,2.4,2.44,1.03,0.98
20/07/2021,2:03:00 PM,2:04:06 PM,Albion Park,QLD,2,185445327,R2 2138m Trot S,185445328,Harness,2138,Trot,9157546,1,Tam Oshanter,LOSER,1.64,LOSER,1.11,2781.13,1.9,1.52,1.66,1.58,18027.77,1000,1.31,1000,16.53,1774.29,1757.4,1.2,1.09,1.11,1.1,7918.55,1.52,1.56,1.03,0.98
20/07/2021,2:03:00 PM,2:04:06 PM,Albion Park,QLD,2,185445327,R2 2138m Trot S,185445328,Harness,2138,Trot,19446614,2,Puma Road,WINNER,4.9,WINNER,1.66,1117.3,6.6,4.9,5.2,5.32,1393.01,21,1.01,1.01,2.19,4674.7,761.14,1.84,1.54,1.7,1.68,393.76,5.4,5.7,1.03,0.98
20/07/2021,2:03:00 PM,2:04:06 PM,Albion Park,QLD,2,185445327,R2 2138m Trot S,185445328,Harness,2138,Trot,21444417,3,Spiders Devil,LOSER,12.46,LOSER,2.98,358.48,18.5,11.5,13,15.34,804.37,700,3,700,12.44,528.33,444.43,3.05,2.46,2.66,2.64,98.77,16.5,18,1.03,0.98
20/07/2021,2:03:00 PM,2:04:06 PM,Albion Park,QLD,2,185445327,R2 2138m Trot S,185445328,Harness,2138,Trot,12531036,4,Rosehill Magic,LOSER,42,LOSER,4.99,96.37,70,20,42,49.12,85.01,700,10,660,28.32,41.52,253.41,5.1,4.7,4.9,5,69.98,46,55,1.03,0.98
20/07/2021,2:03:00 PM,2:04:06 PM,Albion Park,QLD,2,185445327,R2 2138m Trot S,185445328,Harness,2138,Trot,28540572,5,Shegotsass,LOSER,199.84,LOSER,40,24.19,260,110,260,184.54,3.51,930,1.88,930,56.33,52.38,34.56,40,40,40,40,0.02,160,250,1.03,0.98
20/07/2021,2:03:00 PM,2:04:06 PM,Albion Park,QLD,2,185445327,R2 2138m Trot S,185445328,Harness,2138,Trot,11018930,6,Down Under Rors,LOSER,66.64,WINNER,7.4,50.53,90,40,60,63.41,67.21,700,1.98,690,10.56,178.05,98.62,5.9,5.9,5.9,5.9,5,65,75,1.03,0.98
20/07/2021,2:03:00 PM,2:04:06 PM,Albion Park,QLD,2,185445327,R2 2138m Trot S,185445328,Harness,2138,Trot,912309,7,The Reaper,LOSER,81.97,LOSER,6.64,88.15,85,44,85,63.38,69.39,750,21,750,86.1,20.87,216.03,7.2,4.3,6.6,5.69,78.3,70,75,1.03,0.98
20/07/2021,2:03:00 PM,2:04:06 PM,Albion Park,QLD,2,185445327,R2 2138m Trot S,185445328,Harness,2138,Trot,17995757,8,Aveross Don,LOSER,42,WINNER,4.08,75.86,70,38,42,49.32,97.42,700,2.48,700,5.72,559.86,403.12,5.5,5.2,5.2,5.38,24.32,50,60,1.03,0.98
20/07/2021,2:03:00 PM,2:04:06 PM,Albion Park,QLD,2,185445327,R2 2138m Trot S,185445328,Harness,2138,Trot,40208946,9,Havana Magic,LOSER,189.61,LOSER,14,20.95,250,80,250,95.95,29.16,700,29,700,134.83,11.32,117.92,12,8.8,12,10.69,13.56,130,160,1.03,0.98
20/07/2021,2:03:00 PM,2:04:06 PM,Albion Park,QLD,2,185445327,R2 2138m Trot S,185445328,Harness,2138,Trot,36341737,10,Melpark Magic,LOSER,20.58,LOSER,4.38,314.94,28,19.5,26,23.96,218.37,700,5.7,700,16.69,103.99,106.69,3.5,3.2,3.4,3.36,127.41,25,27,1.03,0.98
20/07/2021,2:03:00 PM,2:04:06 PM,Albion Park,QLD,2,185445327,R2 2138m Trot S,185445328,Harness,2138,Trot,39539667,11,Aurora,LOSER,482.96,LOSER,28.84,8.54,410,160,370,201,6.93,930,13.5,75,180.34,23.24,65.53,16,16,16,16,5,180,400,1.03,0.98
20/07/2021,2:42:00 PM,2:42:54 PM,Albion Park,QLD,3,185445329,R3 1660m Pace M,185445330,Harness,1660,Pace,40208947,1,Head Noise,WINNER,6.34,WINNER,1.69,1092.26,12.5,5.2,6.4,6.41,5913.29,12.5,1.17,1.17,2.63,3134.94,1128.23,2.14,1.68,1.74,1.83,453,7.8,6.6,1,0.98
20/07/2021,2:42:00 PM,2:42:54 PM,Albion Park,QLD,3,185445329,R3 1660m Pace M,185445330,Harness,1660,Pace,40208948,2,Shez Notorious,LOSER,20.77,LOSER,4.5,371.71,29,12,19.5,18.56,1063.08,900,10,900,116.79,38.42,300.28,4.8,4,4.8,4.68,34.23,20,21,1,0.98
20/07/2021,2:42:00 PM,2:42:54 PM,Albion Park,QLD,3,185445329,R3 1660m Pace M,185445330,Harness,1660,Pace,40208949,3,Wonderwoman Jujon,LOSER,167.8,LOSER,27.66,45.77,170,80,170,116.09,36.7,950,75,950,358.73,4.25,60.2,,,,,,120,140,1,0.98
20/07/2021,2:42:00 PM,2:42:54 PM,Albion Park,QLD,3,185445329,R3 1660m Pace M,185445330,Harness,1660,Pace,40208950,4,Indy Jewel,LOSER,18,LOSER,3.67,477.35,48,17,19.5,21.66,862.5,780,18,470,54.26,59.63,417.51,4,3.7,3.7,3.89,42.28,17.5,19,1,0.98
20/07/2021,2:42:00 PM,2:42:54 PM,Albion Park,QLD,3,185445329,R3 1660m Pace M,185445330,Harness,1660,Pace,2366303,5,Mystical Charm,LOSER,236.09,LOSER,22.47,34.21,280,60,230,135.02,51.6,950,70,700,406.34,4.2,86.35,,,,,,120,130,1,0.98
20/07/2021,2:42:00 PM,2:42:54 PM,Albion Park,QLD,3,185445329,R3 1660m Pace M,185445330,Harness,1660,Pace,40208951,6,Melton Beach,LOSER,2.3,WINNER,1.53,3828.23,2.96,1.98,2.3,2.44,14446.18,6,1.07,2.02,1.8,7072.1,1187.72,1.59,1.38,1.53,1.51,660.06,2.46,2.5,1,0.98
20/07/2021,2:42:00 PM,2:42:54 PM,Albion Park,QLD,3,185445329,R3 1660m Pace M,185445330,Harness,1660,Pace,40208952,7,Trouper Jujon,LOSER,60,LOSER,6.3,122.54,60,25,60,39.07,144.21,700,22,480,82.69,19.54,244.73,7.2,5.7,6,6.13,262.17,38,42,1,0.98
20/07/2021,2:42:00 PM,2:42:54 PM,Albion Park,QLD,3,185445329,R3 1660m Pace M,185445330,Harness,1660,Pace,40208953,8,Mister Reactor,LOSER,43.46,LOSER,6.5,177.34,48,17,46,37.96,256.24,700,19,570,91.35,29.08,257.54,9.8,5.7,6.2,5.93,400.29,38,44,1,0.98
20/07/2021,2:42:00 PM,2:42:54 PM,Albion Park,QLD,3,185445329,R3 1660m Pace M,185445330,Harness,1660,Pace,40208954,9,Mister Cautious,LOSER,31.42,WINNER,4.3,221.88,50,23,30,30.26,194.54,700,7.6,300,27.03,38.11,393,,,,,,27,30,1,0.98
20/07/2021,2:42:00 PM,2:42:54 PM,Albion Park,QLD,3,185445329,R3 1660m Pace M,185445330,Harness,1660,Pace,40061864,10,Beach Magic,LOSER,4.6,LOSER,1.61,1505.84,5.2,3.9,4.5,4.2,5290.11,700,3.3,700,13.53,129.12,1253.67,1.74,1.56,1.61,1.6,132.36,3.95,4.2,1,0.98
20/07/2021,3:17:00 PM,3:17:28 PM,Albion Park,QLD,4,185445331,R4 1660m Pace M,185445332,Harness,1660,Pace,13042534,1,Tuakana,LOSER,5.48,LOSER,1.89,1385.92,5.8,3.35,5.2,4.74,3244.77,700,5,380,11.82,172.57,979.1,1.92,1.55,1.89,1.86,657.65,4.8,5,1.02,0.98
20/07/2021,3:17:00 PM,3:17:28 PM,Albion Park,QLD,4,185445331,R4 1660m Pace M,185445332,Harness,1660,Pace,11260558,2,Clares Fool,LOSER,222.34,LOSER,42.86,38.16,370,90,100,125.15,91.92,700,23,700,161.86,18.4,48.39,19.5,15,19.5,16.91,7.97,95,280,1.02,0.98
20/07/2021,3:17:00 PM,3:17:28 PM,Albion Park,QLD,4,185445331,R4 1660m Pace M,185445332,Harness,1660,Pace,39732977,4,Digyourheelsin,LOSER,203.82,LOSER,34.29,27.05,290,90,150,119.27,69.53,270,10,270,25.81,75.22,54.93,,,,,,110,140,1.02,0.98
20/07/2021,3:17:00 PM,3:17:28 PM,Albion Park,QLD,4,185445331,R4 1660m Pace M,185445332,Harness,1660,Pace,28578983,5,Maywyn Troubadour,LOSER,23.58,LOSER,5.75,431.81,40,24,25,28.01,418.49,1000,7.2,1000,26.79,170.4,306.25,5.4,4.6,5.4,4.77,29,25,26,1.02,0.98
20/07/2021,3:17:00 PM,3:17:28 PM,Albion Park,QLD,4,185445331,R4 1660m Pace M,185445332,Harness,1660,Pace,38533850,6,Aye Aye Captain,WINNER,4.58,WINNER,2.08,2204.03,8.2,4.6,4.8,5.49,6583.58,6,1.06,2,1.98,4571.17,859.18,2.16,1.83,2.04,2.12,506.17,5.2,5.3,1.02,0.98
20/07/2021,3:17:00 PM,3:17:28 PM,Albion Park,QLD,4,185445331,R4 1660m Pace M,185445332,Harness,1660,Pace,7001367,7,Lancelot Bromac,LOSER,10.29,LOSER,2.73,1004.59,17.5,8.8,9.8,10.41,2772.24,770,3,710,14.84,232.16,712.66,3.3,2.66,2.66,3.18,53.88,8.8,9.2,1.02,0.98
20/07/2021,3:17:00 PM,3:17:28 PM,Albion Park,QLD,4,185445331,R4 1660m Pace M,185445332,Harness,1660,Pace,39678962,8,Happy Publicans,LOSER,4.79,WINNER,1.67,1365.31,5.1,2.84,4.6,4.26,3726.83,170,1.89,2.04,5.82,322.84,1205.82,1.81,1.42,1.69,1.62,534.05,4.6,4.7,1.02,0.98
20/07/2021,3:17:00 PM,3:17:28 PM,Albion Park,QLD,4,185445331,R4 1660m Pace M,185445332,Harness,1660,Pace,39519165,9,Rainbow Jet,LOSER,10.22,LOSER,3.2,921.51,13.5,8.8,11,10.93,807.36,380,5.2,380,14.01,128.28,528.89,3.2,2.44,3.2,2.75,88.7,12,13,1.02,0.98
20/07/2021,3:17:00 PM,3:17:28 PM,Albion Park,QLD,4,185445331,R4 1660m Pace M,185445332,Harness,1660,Pace,24986264,10,Wheres Tascott,LOSER,6.57,WINNER,2.43,1276.81,22,6.6,6.8,7.82,3531.13,140,3.75,140,8.75,157.88,781.66,2.68,2.18,2.44,2.56,334.27,7,7.2,1.02,0.98
20/07/2021,3:52:00 PM,3:53:17 PM,Albion Park,QLD,5,185445333,R5 2138m Pace M,185445334,Harness,2138,Pace,25054301,1,Four For Four,LOSER,3.38,WINNER,1.62,1635.3,5.5,3.2,3.3,3.79,11937.36,700,1.17,260,2.1,5829.36,1118.8,1.85,1.34,1.69,1.73,710.33,3.6,3.65,1.01,0.95
20/07/2021,3:52:00 PM,3:53:17 PM,Albion Park,QLD,5,185445333,R5 2138m Pace M,185445334,Harness,2138,Pace,12930179,2,Kotare Elite,LOSER,45.52,LOSER,14,95.27,120,40,70,63.03,348.59,1000,44,1000,181.57,35.78,91.33,13,10.5,13,11.81,181.29,75,90,1.01,0.95
20/07/2021,3:52:00 PM,3:53:17 PM,Albion Park,QLD,5,185445333,R5 2138m Pace M,185445334,Harness,2138,Pace,37376858,3,Whatta Good Reason,LOSER,5.81,LOSER,1.99,1665.3,11.5,4.6,5.2,5.63,7731.86,700,5.4,700,9.05,475.78,752.06,2.22,1.89,1.99,1.99,881.57,5.2,5.4,1.01,0.95
20/07/2021,3:52:00 PM,3:53:17 PM,Albion Park,QLD,5,185445333,R5 2138m Pace M,185445334,Harness,2138,Pace,40112144,4,Uncle Lukey,LOSER,12.4,LOSER,3.42,762.51,13,7.6,13,9.87,1697.77,700,4.2,420,15.6,199.96,413.77,3.3,2.06,3.3,2.98,322.33,8.8,9.2,1.01,0.95
20/07/2021,3:52:00 PM,3:53:17 PM,Albion Park,QLD,5,185445333,R5 2138m Pace M,185445334,Harness,2138,Pace,38666208,5,Lets Blaze,LOSER,11.06,LOSER,2.9,515.91,12,5.4,12,9.7,1550,700,10,220,27.48,95.1,1241.25,3,2.8,2.8,2.9,146.05,11.5,14,1.01,0.95
20/07/2021,3:52:00 PM,3:53:17 PM,Albion Park,QLD,5,185445333,R5 2138m Pace M,185445334,Harness,2138,Pace,12319737,6,Recipe For Dreaming,LOSER,13.86,LOSER,3.75,515.29,30,12.5,14,17.43,1195.85,700,12,480,38.67,64.38,474.2,5.8,3.45,3.45,4.12,220.61,12.5,14.5,1.01,0.95
20/07/2021,3:52:00 PM,3:53:17 PM,Albion Park,QLD,5,185445333,R5 2138m Pace M,185445334,Harness,2138,Pace,20075740,7,Major Slip Up,LOSER,720,LOSER,64.3,44.09,540,110,540,316.41,75.44,1000,540,1000,603.16,6.87,34.67,65,36,65,55.8,6.65,340,350,1.01,0.95
20/07/2021,3:52:00 PM,3:53:17 PM,Albion Park,QLD,5,185445333,R5 2138m Pace M,185445334,Harness,2138,Pace,39940668,8,Snuggles Banyula,LOSER,20.2,WINNER,4.1,275.76,24,9.2,17.5,17.1,1239.21,700,2.16,170,9.77,467.18,306.59,4.5,3.4,4.1,4.1,172.56,18,18.5,1.01,0.95
20/07/2021,3:52:00 PM,3:53:17 PM,Albion Park,QLD,5,185445333,R5 2138m Pace M,185445334,Harness,2138,Pace,18526364,9,Onya Doug,WINNER,8.18,WINNER,2.98,1120.42,11.5,5.4,8.2,7.79,2897.03,48,1.01,1.01,1.75,4099.53,722.58,2.98,2.1,2.98,2.65,286.55,10.5,11.5,1.01,0.95
20/07/2021,3:52:00 PM,3:53:17 PM,Albion Park,QLD,5,185445333,R5 2138m Pace M,185445334,Harness,2138,Pace,40208955,10,Miami Surf,LOSER,10.58,LOSER,3.25,570.04,15,9.2,10,11.05,1391.25,700,4.2,700,20.05,191.58,579.99,3.25,3,3.1,3.11,180.1,10.5,11,1.01,0.95
20/07/2021,4:33:00 PM,4:34:27 PM,Albion Park,QLD,6,185445335,R6 2138m Pace M,185445336,Harness,2138,Pace,39056823,1,Keayang Marven,LOSER,2.49,WINNER,1.2,2689.53,2.3,1.87,2.06,2.01,14550.4,700,1.5,690,3.32,4697.44,1307.95,1.28,1.04,1.23,1.24,838.86,2.02,2.06,1.03,0.98
20/07/2021,4:33:00 PM,4:34:27 PM,Albion Park,QLD,6,185445335,R6 2138m Pace M,185445336,Harness,2138,Pace,28420087,2,Slick Blaster,LOSER,27.94,LOSER,5.25,157.65,36,11,26,23.93,158.08,1000,9,300,21.09,118.6,151.47,4,4,4,4,44,24,28,1.03,0.98
20/07/2021,4:33:00 PM,4:34:27 PM,Albion Park,QLD,6,185445335,R6 2138m Pace M,185445336,Harness,2138,Pace,23082816,4,Jay Tee Tyron,LOSER,36,LOSER,8.07,118.49,80,30,46,49.06,146.92,1000,13.5,1000,103.13,75.74,177.39,6.8,6.8,6.8,6.8,15.36,48,60,1.03,0.98
20/07/2021,4:33:00 PM,4:34:27 PM,Albion Park,QLD,6,185445335,R6 2138m Pace M,185445336,Harness,2138,Pace,4956123,5,King Triton,LOSER,5.72,WINNER,2,889.96,11,5.1,5.5,5.87,1828.77,1000,2.54,990,6.62,651.2,519.31,2.04,1.75,1.99,1.98,144.64,5.8,6,1.03,0.98
20/07/2021,4:33:00 PM,4:34:27 PM,Albion Park,QLD,6,185445335,R6 2138m Pace M,185445336,Harness,2138,Pace,4080681,6,Dapper,LOSER,34.08,LOSER,7,148.63,48,17.5,32,32.26,128.21,1000,5.5,1000,16.82,329.04,195.72,,,,,,32,34,1.03,0.98
20/07/2021,4:33:00 PM,4:34:27 PM,Albion Park,QLD,6,185445335,R6 2138m Pace M,185445336,Harness,2138,Pace,10546221,7,Lettucefirestar,LOSER,85,LOSER,13.65,66.91,100,48,90,75.25,47.9,980,48,920,137.96,55.95,100.96,,,,,,70,85,1.03,0.98
20/07/2021,4:33:00 PM,4:34:27 PM,Albion Park,QLD,6,185445335,R6 2138m Pace M,185445336,Harness,2138,Pace,40208956,8,Mistery Road,LOSER,6.46,LOSER,1.93,573.46,7.4,3.6,5.8,5.91,1122.08,780,5.2,580,20.72,209.69,957.82,2.12,1.71,1.87,1.75,99.39,5.9,6.4,1.03,0.98
20/07/2021,4:33:00 PM,4:34:27 PM,Albion Park,QLD,6,185445335,R6 2138m Pace M,185445336,Harness,2138,Pace,28572201,9,Life Lavros,WINNER,15.5,WINNER,3.23,919.32,25,13.5,16.5,18.54,568.82,27,1.01,1.01,1.42,5766.28,321.68,3.65,2.32,3.5,3.19,100.02,19.5,21,1.03,0.98
20/07/2021,4:33:00 PM,4:34:27 PM,Albion Park,QLD,6,185445335,R6 2138m Pace M,185445336,Harness,2138,Pace,32827679,10,Mohs Em Down,LOSER,41.19,LOSER,6.15,146.86,46,25,34,36.73,116.38,1000,38,1000,63.96,89.96,213.48,4.8,4.3,4.8,4.53,19,32,36,1.03,0.98
20/07/2021,5:07:00 PM,5:07:48 PM,Albion Park,QLD,7,185445337,R7 1660m Pace M,185445338,Harness,1660,Pace,26696013,1,Magicol Ideal,LOSER,86.45,LOSER,16,109.51,120,19,85,47.06,251.51,920,26,700,119.44,33.44,66.06,12,7.4,12,8.74,19.32,70,75,1.04,0.97
20/07/2021,5:07:00 PM,5:07:48 PM,Albion Park,QLD,7,185445337,R7 1660m Pace M,185445338,Harness,1660,Pace,33045621,2,Ginger Micky,LOSER,22.15,WINNER,4.75,332.24,29,18.5,23,23.43,326.78,48,1.01,10,1.64,3530.65,376.81,6.6,3.65,4.6,4.14,321.75,20,26,1.04,0.97
20/07/2021,5:07:00 PM,5:07:48 PM,Albion Park,QLD,7,185445337,R7 1660m Pace M,185445338,Harness,1660,Pace,680381,3,The General,LOSER,4.85,LOSER,1.8,1033.07,5.6,4.2,4.5,4.54,3404.49,890,2.36,890,3.54,2399.4,829.4,2.04,1.73,1.84,1.78,236.04,4.3,4.4,1.04,0.97
20/07/2021,5:07:00 PM,5:07:48 PM,Albion Park,QLD,7,185445337,R7 1660m Pace M,185445338,Harness,1660,Pace,35710072,4,Raani,LOSER,35.55,LOSER,6.24,213.55,60,28,29,34.88,185.98,900,3.85,890,13.33,121.88,212.37,6.6,5.8,5.8,6.48,64.11,28,29,1.04,0.97
20/07/2021,5:07:00 PM,5:07:48 PM,Albion Park,QLD,7,185445337,R7 1660m Pace M,185445338,Harness,1660,Pace,27870418,5,Remember Me Now,LOSER,58.01,LOSER,8.52,170.7,80,28,65,51.3,139.49,930,15,930,92.42,56.87,195.91,9.6,7.2,9.6,7.83,32.17,50,60,1.04,0.97
20/07/2021,5:07:00 PM,5:07:48 PM,Albion Park,QLD,7,185445337,R7 1660m Pace M,185445338,Harness,1660,Pace,40061868,6,Luvhavinfun,LOSER,16.55,LOSER,3.9,418.6,17.5,13,16.5,15.86,423.95,900,14,790,36.91,142.87,418.5,3.95,3.3,3.9,3.61,122.61,16,17,1.04,0.97
20/07/2021,5:07:00 PM,5:07:48 PM,Albion Park,QLD,7,185445337,R7 1660m Pace M,185445338,Harness,1660,Pace,13966001,7,Bitcoin,LOSER,2.77,WINNER,1.59,3357.14,4,2.68,2.68,3.22,9569.35,900,2.74,890,5.64,1612.17,1008.51,1.72,1.4,1.59,1.66,913.63,3.55,3.75,1.04,0.97
20/07/2021,5:07:00 PM,5:07:48 PM,Albion Park,QLD,7,185445337,R7 1660m Pace M,185445338,Harness,1660,Pace,40208957,9,Itz Major Rich,LOSER,7.33,LOSER,2.04,685.02,9.8,5,7,5.97,1843.75,900,6.8,900,13.01,207.12,784.34,2.16,1.8,2.08,1.85,1064.47,5,5.7,1.04,0.97
20/07/2021,5:07:00 PM,5:07:48 PM,Albion Park,QLD,7,185445337,R7 1660m Pace M,185445338,Harness,1660,Pace,28400812,10,Mister Diamond,WINNER,7.22,WINNER,2.09,840.89,11.5,6.4,7.2,7.09,1481.33,140,1.08,1.18,2.02,2538.38,1121.16,2.58,2.08,2.1,2.11,142.93,6.8,7.2,1.04,0.97
20/07/2021,5:42:00 PM,5:42:56 PM,Albion Park,QLD,8,185445339,R8 1660m Pace M,185445340,Harness,1660,Pace,13326198,1,Bridget Blue Chip,LOSER,15.1,LOSER,3.65,344.9,20,14,16,15.19,455.77,780,15,780,54.89,62.73,166.1,3.65,3.35,3.65,3.41,621.94,14,15,1.03,0.97
20/07/2021,5:42:00 PM,5:42:56 PM,Albion Park,QLD,8,185445339,R8 1660m Pace M,185445340,Harness,1660,Pace,22455872,2,Saint Kilda Beach,LOSER,17.59,LOSER,3.77,490.62,24,14.5,17,17.59,403.05,780,7.2,700,25.52,128.41,480.94,4.7,3.75,4,4.07,163.72,15,15.5,1.03,0.97
20/07/2021,5:42:00 PM,5:42:56 PM,Albion Park,QLD,8,185445339,R8 1660m Pace M,185445340,Harness,1660,Pace,10568407,3,Arthur Lowe,LOSER,11.5,LOSER,3.32,376.44,12,7,11,10.44,438.73,780,4.7,490,14.71,237.95,666.36,4.7,2.7,3.85,3.43,92.32,10.5,11,1.03,0.97
20/07/2021,5:42:00 PM,5:42:56 PM,Albion Park,QLD,8,185445339,R8 1660m Pace M,185445340,Harness,1660,Pace,16022942,4,Colombian Gold,LOSER,125.08,WINNER,26.06,72.89,150,80,120,113.92,100.23,700,1.39,700,9.34,466.46,67.16,24,21,22,22.46,13.9,80,85,1.03,0.97
20/07/2021,5:42:00 PM,5:42:56 PM,Albion Park,QLD,8,185445339,R8 1660m Pace M,185445340,Harness,1660,Pace,19388598,5,Some Excusesomewhere,LOSER,6.05,LOSER,2.69,775.02,8,5.3,5.9,5.76,1955.43,700,6,220,16.46,126.75,865.77,2.74,2.18,2.68,2.37,165.17,5.5,5.9,1.03,0.97
20/07/2021,5:42:00 PM,5:42:56 PM,Albion Park,QLD,8,185445339,R8 1660m Pace M,185445340,Harness,1660,Pace,18405208,6,Theartofinfusion,LOSER,9.68,LOSER,3.09,745.26,11.5,7.8,10,9.13,1753.98,700,10,700,38.88,29.39,553.01,3.15,3.05,3.05,3.1,55,9.6,10,1.03,0.97
20/07/2021,5:42:00 PM,5:42:56 PM,Albion Park,QLD,8,185445339,R8 1660m Pace M,185445340,Harness,1660,Pace,21443741,7,Royal Aurora,WINNER,6,WINNER,2.34,899.88,7.6,5.9,6,6.49,1399.83,36,1.01,1.01,1.41,4252.51,969.32,2.74,2.34,2.38,2.39,204.88,6.8,7,1.03,0.97
20/07/2021,5:42:00 PM,5:42:56 PM,Albion Park,QLD,8,185445339,R8 1660m Pace M,185445340,Harness,1660,Pace,4448711,8,The Democrat,LOSER,7.74,WINNER,2.76,457.04,13.5,7,7.4,8.24,1277.05,700,5,480,15.06,131.57,658.4,3.35,2.58,2.66,2.8,164.38,8.2,8.8,1.03,0.97
20/07/2021,5:42:00 PM,5:42:56 PM,Albion Park,QLD,8,185445339,R8 1660m Pace M,185445340,Harness,1660,Pace,19281236,9,Always A Secret,LOSER,6.12,WINNER,2.1,1055.38,6.2,3.85,5.7,5.57,1658.35,1000,1.23,1000,3.85,1165.48,899.99,2.38,1.88,2.12,2,193.58,5.5,6,1.03,0.97
20/07/2021,5:42:00 PM,5:42:56 PM,Albion Park,QLD,8,185445339,R8 1660m Pace M,185445340,Harness,1660,Pace,12319646,10,Mark Of Integrity,LOSER,16.52,LOSER,5.14,403.6,24,9.2,18.5,18.54,363.84,1000,6.4,1000,20.48,99.41,551.23,5.9,4.3,5.2,5.17,138.82,20,22,1.03,0.97
20/07/2021,6:07:00 PM,6:07:50 PM,Albion Park,QLD,9,185445341,R9 1660m Pace M,185445342,Harness,1660,Pace,11309544,1,Whiskey Blaze,LOSER,22.38,LOSER,5.61,292.5,44,22,23,27.94,180.16,700,13,300,43.09,30.42,309.98,6.6,5.2,5.2,5.77,109.52,24,28,1.02,0.96
20/07/2021,6:07:00 PM,6:07:50 PM,Albion Park,QLD,9,185445341,R9 1660m Pace M,185445342,Harness,1660,Pace,11170112,2,Just Rokin,LOSER,12,LOSER,2.86,722.27,22,11,11.5,14.94,1129.39,700,8,420,24.65,118.06,713.06,4,2.86,2.86,3.13,297.38,11.5,12,1.02,0.96
20/07/2021,6:07:00 PM,6:07:50 PM,Albion Park,QLD,9,185445341,R9 1660m Pace M,185445342,Harness,1660,Pace,3602887,3,Key Largo,LOSER,5.27,LOSER,2,1386.66,7,4.2,5,5.76,3748.51,700,3.7,700,7.72,865.56,743.52,2.24,1.62,2.1,2.1,296.65,5.8,6,1.02,0.96
20/07/2021,6:07:00 PM,6:07:50 PM,Albion Park,QLD,9,185445341,R9 1660m Pace M,185445342,Harness,1660,Pace,21336570,4,Montana Chief,LOSER,3.33,WINNER,1.43,2307.37,3.9,2.74,3.25,3.03,17155.81,4.1,1.08,2.2,1.91,4621.56,1018.98,1.45,1.36,1.43,1.41,929.72,2.9,3.15,1.02,0.96
20/07/2021,6:07:00 PM,6:07:50 PM,Albion Park,QLD,9,185445341,R9 1660m Pace M,185445342,Harness,1660,Pace,10981821,5,Midnight Man,LOSER,20.34,LOSER,5.08,313.65,55,17,19.5,24.18,590.8,700,15,300,42.37,41.01,287.06,10,4.9,4.9,6.33,24.45,18.5,21,1.02,0.96
20/07/2021,6:07:00 PM,6:07:50 PM,Albion Park,QLD,9,185445341,R9 1660m Pace M,185445342,Harness,1660,Pace,8610996,6,Vinny Chase,LOSER,14,WINNER,3.81,579.63,14,7.8,13,10.2,1354.56,700,5.3,490,24.46,92.21,335.99,3.6,2.36,3.6,3.24,81.32,12,12.5,1.02,0.96
20/07/2021,6:07:00 PM,6:07:50 PM,Albion Park,QLD,9,185445341,R9 1660m Pace M,185445342,Harness,1660,Pace,13601898,7,Bohannan,LOSER,56.88,LOSER,11.02,151.29,190,44,44,55.19,201.33,900,48,480,130.25,12.04,161.64,17,9.8,9.8,13.75,37.85,44,50,1.02,0.96
20/07/2021,6:07:00 PM,6:07:50 PM,Albion Park,QLD,9,185445341,R9 1660m Pace M,185445342,Harness,1660,Pace,13231557,8,Bettor Vision,WINNER,8.96,WINNER,2.66,600.76,9.4,5.9,8.2,8.49,1721.67,32,1.6,1.8,3.93,843.33,705.55,2.46,2.32,2.44,2.44,329.42,8.6,9,1.02,0.96
20/07/2021,6:07:00 PM,6:07:50 PM,Albion Park,QLD,9,185445341,R9 1660m Pace M,185445342,Harness,1660,Pace,12144843,9,Stompem,LOSER,9.8,LOSER,2.96,688.1,11,5,9.6,8.08,2624.22,700,3.65,700,9.1,734.13,613.71,2.82,1.85,2.78,2.45,94.9,9.8,10.5,1.02,0.96
20/07/2021,6:32:00 PM,6:32:47 PM,Albion Park,QLD,10,185445343,R10 2138m Pace M,185445344,Harness,2138,Pace,9231292,1,Chantrey,LOSER,18.88,LOSER,4.92,242.83,32,10.5,16,20.66,566.36,910,9.2,910,26.18,412.48,148.36,4.4,3.85,4,3.91,239.18,22,25,1.03,0.98
20/07/2021,6:32:00 PM,6:32:47 PM,Albion Park,QLD,10,185445343,R10 2138m Pace M,185445344,Harness,2138,Pace,10442900,2,Casino Tommy,LOSER,40.56,LOSER,8.6,102.46,65,26,60,39.07,134.84,920,40,920,175.29,12.15,128.69,7.2,7.2,7.2,7.2,7.68,40,42,1.03,0.98
20/07/2021,6:32:00 PM,6:32:47 PM,Albion Park,QLD,10,185445343,R10 2138m Pace M,185445344,Harness,2138,Pace,12418333,3,Watch Pulp Fiction,LOSER,8.61,LOSER,2.98,398.38,9,5.1,9,6.29,1048.65,870,6.6,700,13.75,221.96,146.9,2.12,2.1,2.12,2.1,31.78,6.2,6.8,1.03,0.98
20/07/2021,6:32:00 PM,6:32:47 PM,Albion Park,QLD,10,185445343,R10 2138m Pace M,185445344,Harness,2138,Pace,12747215,4,Scoob Operator,WINNER,4.58,WINNER,2.03,673.36,5.9,4.4,4.4,4.95,1310.9,5.8,1.01,1.01,1.43,7560.4,603.13,2.04,1.91,2.04,2.01,6.47,5,5.1,1.03,0.98
20/07/2021,6:32:00 PM,6:32:47 PM,Albion Park,QLD,10,185445343,R10 2138m Pace M,185445344,Harness,2138,Pace,8439802,5,Admiral Bronski,LOSER,110,LOSER,23.7,62.7,510,55,120,92.77,107.7,700,140,700,267.23,4.57,60.43,14,14,14,14,9.96,65,70,1.03,0.98
20/07/2021,6:32:00 PM,6:32:47 PM,Albion Park,QLD,10,185445343,R10 2138m Pace M,185445344,Harness,2138,Pace,12140904,6,Secretagent Tycoon,LOSER,6.31,LOSER,2.56,636.26,8.8,5.8,6.4,6.66,1335.48,880,5,780,27.67,157.12,624.24,2.72,1.79,2.7,2.56,54.47,6.2,6.4,1.03,0.98
20/07/2021,6:32:00 PM,6:32:47 PM,Albion Park,QLD,10,185445343,R10 2138m Pace M,185445344,Harness,2138,Pace,19710354,7,Kid Montana,LOSER,4.46,WINNER,2.3,1011.23,6,3.9,4.5,4.48,2531.48,780,3.05,280,5.19,959.55,306.01,2.3,1.68,2.3,2.03,532.82,4.5,4.7,1.03,0.98
20/07/2021,6:32:00 PM,6:32:47 PM,Albion Park,QLD,10,185445343,R10 2138m Pace M,185445344,Harness,2138,Pace,23390819,8,Smokin By,LOSER,6.34,WINNER,2.13,586.24,8,5.3,6.8,6.59,997.53,780,2.78,480,8.86,518.07,299.04,2.32,2.06,2.26,2.22,176.5,6.6,7.2,1.03,0.98
20/07/2021,6:32:00 PM,6:32:47 PM,Albion Park,QLD,10,185445343,R10 2138m Pace M,185445344,Harness,2138,Pace,13536300,9,Our Wall Street Wolf,LOSER,14.41,LOSER,3.52,320.81,25,9,18,17.51,436.42,900,13.5,900,58.42,49.56,437.75,4.3,3.05,4.3,3.28,45.65,20,21,1.03,0.98
20/07/2021,7:20:00 PM,7:20:53 PM,Gloucester Park,WA,1,185444963,R1 2130m Pace M,185444964,Harness,2130,Pace,36036911,2,Gladys Gugman,LOSER,12.58,WINNER,5.99,707.86,38,10.5,12.5,18.39,612.19,900,6.8,900,22.09,100.24,202.26,6.2,5.7,5.7,5.86,38,21,22,1.02,0.98
20/07/2021,7:20:00 PM,7:20:53 PM,Gloucester Park,WA,1,185444963,R1 2130m Pace M,185444964,Harness,2130,Pace,40061822,3,Rona May,WINNER,2.92,WINNER,1.55,1634.35,3.2,2,2.78,2.56,10135.43,2.56,1.01,1.01,1.57,7190.64,2539.61,1.65,1.35,1.65,1.51,626.41,2.56,2.64,1.02,0.98
20/07/2021,7:20:00 PM,7:20:53 PM,Gloucester Park,WA,1,185444963,R1 2130m Pace M,185444964,Harness,2130,Pace,30463851,4,Lil Delight,LOSER,50.32,LOSER,14.58,130.14,75,38,50,44.41,189.03,750,11,750,51.79,37.07,129.41,,,,,,48,50,1.02,0.98
20/07/2021,7:20:00 PM,7:20:53 PM,Gloucester Park,WA,1,185444963,R1 2130m Pace M,185444964,Harness,2130,Pace,35727173,6,Petrafied,LOSER,3.83,LOSER,2.14,1437.74,5.3,3.45,3.9,3.8,2971.81,700,3.75,600,9.3,346.7,908.25,2.64,2.02,2.14,2.27,294.15,3.6,3.7,1.02,0.98
20/07/2021,7:20:00 PM,7:20:53 PM,Gloucester Park,WA,1,185444963,R1 2130m Pace M,185444964,Harness,2130,Pace,40209019,7,Moolah Magnet,LOSER,7.88,LOSER,3.35,699.55,13.5,6.4,7.8,8.17,3153.31,580,8.2,580,17.53,132.83,614.99,3.65,3,3.65,3.11,5.33,8.8,9.2,1.02,0.98
20/07/2021,7:20:00 PM,7:20:53 PM,Gloucester Park,WA,1,185444963,R1 2130m Pace M,185444964,Harness,2130,Pace,35634733,8,Bettor Be Artful,LOSER,7.42,LOSER,2.73,653.67,7.8,3.9,7.4,6.25,2360.29,700,7.4,700,22.87,71.96,635.26,2.8,2.5,2.56,2.61,23.05,6,6.2,1.02,0.98
20/07/2021,7:50:00 PM,7:50:45 PM,Gloucester Park,WA,2,185444965,R2 2130m Pace M,185444966,Harness,2130,Pace,14951813,1,White Lightning,WINNER,1.22,WINNER,1.06,8488.68,1.76,1.17,1.18,1.22,20847.81,1.94,1.01,1.01,1.14,6024.11,808.54,1.11,1.05,1.06,1.06,3500.54,1.19,1.21,1.02,0.98
20/07/2021,7:50:00 PM,7:50:45 PM,Gloucester Park,WA,2,185444965,R2 2130m Pace M,185444966,Harness,2130,Pace,3439870,2,Ashima,LOSER,139.45,LOSER,7.37,30.25,170,48,150,117.16,72,890,50,890,371.29,1.54,237.24,6.6,6,6.6,6.41,92,130,160,1.02,0.98
20/07/2021,7:50:00 PM,7:50:45 PM,Gloucester Park,WA,2,185444965,R2 2130m Pace M,185444966,Harness,2130,Pace,40209020,3,Gods Plan,LOSER,95.01,WINNER,6.94,89.74,160,80,110,113.05,38.26,770,50,540,160.46,12.2,243.26,5.5,5.3,5.3,5.4,7.5,90,110,1.02,0.98
20/07/2021,7:50:00 PM,7:50:45 PM,Gloucester Park,WA,2,185444965,R2 2130m Pace M,185444966,Harness,2130,Pace,26705601,4,Heez True Blue,LOSER,160,LOSER,14.94,51.06,360,85,230,216.89,18.83,1000,100,1000,211.19,7.95,117.13,9.6,8.2,9.6,8.39,23.21,230,300,1.02,0.98
20/07/2021,7:50:00 PM,7:50:45 PM,Gloucester Park,WA,2,185444965,R2 2130m Pace M,185444966,Harness,2130,Pace,40209021,5,Pontevivo,LOSER,50.08,LOSER,3.87,70.95,80,24,38,45.69,65.55,700,65,270,96.5,5.7,300.96,4.1,3.15,3.65,3.64,81.83,50,60,1.02,0.98
20/07/2021,7:50:00 PM,7:50:45 PM,Gloucester Park,WA,2,185444965,R2 2130m Pace M,185444966,Harness,2130,Pace,1391921,6,Apologize,LOSER,19.5,LOSER,2.12,357.55,42,16,24,26.28,230.6,700,6,700,21.45,143.76,346.78,2.86,1.9,1.92,2.15,1553.53,25,29,1.02,0.98
20/07/2021,7:50:00 PM,7:50:45 PM,Gloucester Park,WA,2,185444965,R2 2130m Pace M,185444966,Harness,2130,Pace,27956271,7,Hengheng,LOSER,18.13,WINNER,2.46,329.08,21,8,21,15.51,529.16,140,10.5,110,22.79,63.75,313.99,2.5,2.04,2.42,2.32,491.8,17,20,1.02,0.98
20/07/2021,7:50:00 PM,7:50:45 PM,Gloucester Park,WA,2,185444965,R2 2130m Pace M,185444966,Harness,2130,Pace,37081840,8,The Monies On,LOSER,70.15,LOSER,6.25,111.95,120,75,85,99.42,43.24,1000,50,1000,120.26,11.63,258.78,5.8,5.8,5.8,5.8,13.72,80,90,1.02,0.98
20/07/2021,7:50:00 PM,7:50:45 PM,Gloucester Park,WA,2,185444965,R2 2130m Pace M,185444966,Harness,2130,Pace,15171885,9,Dwayne,LOSER,286.79,LOSER,24.89,60.25,390,120,350,246.03,34.96,700,200,200,336.75,8.4,84.31,32,8.2,29,8.44,157.78,280,350,1.02,0.98
20/07/2021,7:50:00 PM,7:50:45 PM,Gloucester Park,WA,2,185444965,R2 2130m Pace M,185444966,Harness,2130,Pace,38405948,10,Bells Fool,LOSER,51.53,LOSER,2.75,117.56,55,19.5,48,44.29,66.12,700,60,700,100.38,13.05,1588.17,2.98,2.28,2.84,2.76,1257.73,42,44,1.02,0.98
20/07/2021,8:20:00 PM,8:20:46 PM,Gloucester Park,WA,3,185444967,R3 2536m Pace M,185444968,Harness,2536,Pace,12034061,1,Baylan Jett,WINNER,6.8,WINNER,1.95,807.92,14,6,6.8,6.91,3534.91,65,1.01,1.01,1.47,4199.35,692.8,1.87,1.8,1.81,1.83,155.05,6.8,7.2,1.03,0.99
20/07/2021,8:20:00 PM,8:20:46 PM,Gloucester Park,WA,3,185444967,R3 2536m Pace M,185444968,Harness,2536,Pace,10155507,2,Mister Ardee,LOSER,9.91,LOSER,1.97,788.16,12,7.4,9.8,8.71,1410.74,700,5.6,690,11.69,231.64,1004.99,1.98,1.97,1.98,1.97,11.36,9.2,9.8,1.03,0.99
20/07/2021,8:20:00 PM,8:20:46 PM,Gloucester Park,WA,3,185444967,R3 2536m Pace M,185444968,Harness,2536,Pace,25168643,3,Beat City,LOSER,2.76,WINNER,1.33,2577.66,4,2.62,2.76,2.93,9022.67,110,1.5,110,4.33,2072.48,1460.05,1.42,1.32,1.38,1.35,780.39,2.84,2.92,1.03,0.99
20/07/2021,8:20:00 PM,8:20:46 PM,Gloucester Park,WA,3,185444967,R3 2536m Pace M,185444968,Harness,2536,Pace,24986436,4,The Righteous,LOSER,232.9,LOSER,48.05,43.58,690,210,340,314.54,43.81,700,90,700,459.87,2.68,45.33,26,14.5,21,19.32,30.72,210,340,1.03,0.99
20/07/2021,8:20:00 PM,8:20:46 PM,Gloucester Park,WA,3,185444967,R3 2536m Pace M,185444968,Harness,2536,Pace,15920934,5,Extreme Prince,LOSER,27.43,WINNER,6.05,339.48,48,18.5,28,30.28,215.23,1000,2.08,1000,16.96,153.06,191.23,4.7,4.2,4.4,4.49,110,34,40,1.03,0.99
20/07/2021,8:20:00 PM,8:20:46 PM,Gloucester Park,WA,3,185444967,R3 2536m Pace M,185444968,Harness,2536,Pace,16221229,6,Ace Bromac,LOSER,112.84,LOSER,11.5,70.66,320,100,110,126.89,74.9,950,55,950,322.9,3.35,131.18,13.5,11,11,12.43,11.67,100,110,1.03,0.99
20/07/2021,8:20:00 PM,8:20:46 PM,Gloucester Park,WA,3,185444967,R3 2536m Pace M,185444968,Harness,2536,Pace,28540610,7,Copy N Pace,LOSER,3.43,LOSER,1.45,1859.31,3.45,2.6,3.45,3.07,10334.06,700,1.97,700,4.97,577.17,966.66,1.47,1.35,1.47,1.4,244.55,2.92,2.94,1.03,0.99
20/07/2021,8:20:00 PM,8:20:46 PM,Gloucester Park,WA,3,185444967,R3 2536m Pace M,185444968,Harness,2536,Pace,24465315,8,One For Dave Andme,LOSER,25.42,LOSER,4.9,394.87,36,9.6,25,20.37,681.48,700,15,300,31.98,58.96,354.62,5.1,2.92,4.8,3.96,168.55,30,32,1.03,0.99
20/07/2021,8:50:00 PM,8:50:39 PM,Gloucester Park,WA,4,185444969,R4 2130m Pace M,185444970,Harness,2130,Pace,24705984,1,La Suleiman,LOSER,3.57,WINNER,1.43,1840.12,5.3,3.55,3.65,3.75,1149.74,700,3,200,7.07,292.32,1529.49,1.43,1.43,1.43,1.43,57,3.65,3.8,1.03,0.98
20/07/2021,8:50:00 PM,8:50:39 PM,Gloucester Park,WA,4,185444969,R4 2130m Pace M,185444970,Harness,2130,Pace,18428087,2,Tubbs Farquhar,LOSER,4.09,LOSER,1.51,938.8,4.1,3,3.9,3.28,2993.22,700,2.16,690,5.11,764.99,957.08,1.59,1.32,1.44,1.5,166.72,3.3,3.5,1.03,0.98
20/07/2021,8:50:00 PM,8:50:39 PM,Gloucester Park,WA,4,185444969,R4 2130m Pace M,185444970,Harness,2130,Pace,17234780,3,Allthewaytoroyalty,LOSER,100,LOSER,14.06,56.26,180,95,110,130.96,49.64,700,100,700,123.54,13.88,94.67,,,,,,150,160,1.03,0.98
20/07/2021,8:50:00 PM,8:50:39 PM,Gloucester Park,WA,4,185444969,R4 2130m Pace M,185444970,Harness,2130,Pace,11475359,4,Hez A Chance,WINNER,4.52,WINNER,1.61,709.64,5.7,3.8,4.3,4.37,1887.38,8.8,1.01,1.01,1.6,1785.29,1159.48,1.65,1.57,1.57,1.59,2.33,4.9,5.1,1.03,0.98
20/07/2021,8:50:00 PM,8:50:39 PM,Gloucester Park,WA,4,185444969,R4 2130m Pace M,185444970,Harness,2130,Pace,11029480,5,Rockmenow,LOSER,13.21,LOSER,3.18,450.73,18.5,14,14,15.2,126.93,1000,7.4,1000,16.73,146.17,529.88,,,,,,14.5,15.5,1.03,0.98
20/07/2021,8:50:00 PM,8:50:39 PM,Gloucester Park,WA,4,185444969,R4 2130m Pace M,185444970,Harness,2130,Pace,9554595,6,Sebastiens Lad,LOSER,213.26,LOSER,42.22,29.85,300,160,300,197.1,13.68,700,210,700,420.8,2.95,63.14,15,15,15,15,10,180,260,1.03,0.98
20/07/2021,8:50:00 PM,8:50:39 PM,Gloucester Park,WA,4,185444969,R4 2130m Pace M,185444970,Harness,2130,Pace,21755350,7,Delightfull,LOSER,6.78,WINNER,1.87,581.37,9.4,5.8,6.6,6.53,2398.66,700,5.9,690,9.76,277.82,1104.04,1.98,1.83,1.86,1.87,938.54,6.2,6.6,1.03,0.98
20/07/2021,8:50:00 PM,8:50:39 PM,Gloucester Park,WA,4,185444969,R4 2130m Pace M,185444970,Harness,2130,Pace,12542235,8,Tepelo Star,LOSER,413.12,LOSER,38.14,27.34,350,190,260,268.97,30.98,700,270,700,412.5,10.5,54.59,,,,,,220,250,1.03,0.98
20/07/2021,9:20:00 PM,9:20:46 PM,Gloucester Park,WA,5,185444971,R5 2130m Pace M,185444972,Harness,2130,Pace,17117399,1,Here Comes Sharkie,LOSER,11.68,LOSER,2.43,378.52,20,10,12,12.11,1203.22,700,3.35,700,8.52,238.65,750.69,2.6,2.46,2.48,2.53,1362.64,10,11,1.02,0.97
20/07/2021,9:20:00 PM,9:20:46 PM,Gloucester Park,WA,5,185444971,R5 2130m Pace M,185444972,Harness,2130,Pace,26825437,2,Riverina Flash,LOSER,7.25,LOSER,2.31,697.45,8.8,3,7.2,6.95,1230.79,700,7.2,580,17.92,55.21,780.86,2.34,1.5,2.32,2.05,116.72,7.8,8,1.02,0.97
20/07/2021,9:20:00 PM,9:20:46 PM,Gloucester Park,WA,5,185444971,R5 2130m Pace M,185444972,Harness,2130,Pace,36513115,4,Mister Mach,LOSER,7.35,LOSER,2.32,526.39,9.4,6.2,7,7.18,1138.11,700,5.7,700,13.21,167.48,661.49,2.44,2.08,2.24,2.08,15.39,6.2,6.6,1.02,0.97
20/07/2021,9:20:00 PM,9:20:46 PM,Gloucester Park,WA,5,185444971,R5 2130m Pace M,185444972,Harness,2130,Pace,21937086,5,Raging Romeo,LOSER,202.69,LOSER,41.08,50.27,310,80,250,170.41,38.61,700,140,700,224.65,13.11,56,13,13,13,13,0.25,180,290,1.02,0.97
20/07/2021,9:20:00 PM,9:20:46 PM,Gloucester Park,WA,5,185444971,R5 2130m Pace M,185444972,Harness,2130,Pace,22257494,6,The Tiger Army,LOSER,3.84,WINNER,1.82,1118.14,7,2.74,3.5,3.63,14336.99,600,3,600,5.28,304.3,931.5,2.14,1.82,1.84,1.87,538.33,3.9,4,1.02,0.97
20/07/2021,9:20:00 PM,9:20:46 PM,Gloucester Park,WA,5,185444971,R5 2130m Pace M,185444972,Harness,2130,Pace,23178776,7,Rockinthebox,LOSER,118.32,LOSER,29.84,67.55,300,100,160,140.32,24.1,690,3.05,690,31.05,61.45,75.3,,,,,,150,190,1.02,0.97
20/07/2021,9:20:00 PM,9:20:46 PM,Gloucester Park,WA,5,185444971,R5 2130m Pace M,185444972,Harness,2130,Pace,28315092,8,Im Spiderman,LOSER,31.71,LOSER,5.08,155.21,40,23,32,30.71,162.53,140,2.4,140,31.33,57.44,428.76,,,,,,26,32,1.02,0.97
20/07/2021,9:20:00 PM,9:20:46 PM,Gloucester Park,WA,5,185444971,R5 2130m Pace M,185444972,Harness,2130,Pace,13088594,9,Mcardles Gem,LOSER,15.5,WINNER,3.45,277.55,18.5,9,16,14.55,513.34,830,3,830,17.43,68.46,358.6,3.25,3.25,3.25,3.25,14.38,13.5,14.5,1.02,0.97
20/07/2021,9:20:00 PM,9:20:46 PM,Gloucester Park,WA,5,185444971,R5 2130m Pace M,185444972,Harness,2130,Pace,9423025,10,Destined To Rule,WINNER,4.49,WINNER,1.82,1450.82,8,3.4,4.2,4.18,3620.81,6.8,1.01,1.01,1.5,2439.93,1498.87,3.4,1.55,1.83,1.73,759.12,3.95,4.1,1.02,0.97
20/07/2021,9:45:00 PM,9:45:41 PM,Gloucester Park,WA,6,185444973,R6 2130m Pace M,185444974,Harness,2130,Pace,23104847,1,Kirsten,LOSER,5.31,WINNER,1.91,1334.7,17.5,5.1,5.4,6.37,3335.64,540,3.25,540,7.75,215.28,1244.7,2.38,1.84,1.92,1.94,626.7,5.3,5.6,1.02,0.97
20/07/2021,9:45:00 PM,9:45:41 PM,Gloucester Park,WA,6,185444973,R6 2130m Pace M,185444974,Harness,2130,Pace,23485113,2,Kiwi Jewel,WINNER,14.15,WINNER,3.27,577.99,20,13,14.5,15.67,515.28,15,1.01,1.01,1.59,2823.11,485.54,3.6,3.05,3.05,3.3,412.79,14,15,1.02,0.97
20/07/2021,9:45:00 PM,9:45:41 PM,Gloucester Park,WA,6,185444973,R6 2130m Pace M,185444974,Harness,2130,Pace,24190798,3,Soho Party Girl,LOSER,4.3,LOSER,1.74,1782.56,6.8,4,4.1,4.79,2584.02,220,3.4,220,5,665.52,1244.48,2.08,1.73,1.77,1.75,122.08,4.7,4.8,1.02,0.97
20/07/2021,9:45:00 PM,9:45:41 PM,Gloucester Park,WA,6,185444973,R6 2130m Pace M,185444974,Harness,2130,Pace,26721241,4,Major Jade,LOSER,9.22,LOSER,2.7,860.29,17.5,9.2,9.6,11.39,917.68,540,4.3,540,10.9,191.94,683.48,2.76,2.7,2.7,2.73,30,9.8,10.5,1.02,0.97
20/07/2021,9:45:00 PM,9:45:41 PM,Gloucester Park,WA,6,185444973,R6 2130m Pace M,185444974,Harness,2130,Pace,28596455,6,Stellar Bella,LOSER,108.28,WINNER,14.96,90,190,75,95,116.14,52.8,700,60,590,126.54,16.21,139.33,,,,,,110,120,1.02,0.97
20/07/2021,9:45:00 PM,9:45:41 PM,Gloucester Park,WA,6,185444973,R6 2130m Pace M,185444974,Harness,2130,Pace,17234775,7,Adda Tarantella,LOSER,5.08,LOSER,2.15,1387.37,5.1,2.62,5.1,3.33,5809.27,700,3.1,700,15.17,183.45,240.14,2.04,1.3,2.04,1.73,677.73,4.3,4.5,1.02,0.97
20/07/2021,9:45:00 PM,9:45:41 PM,Gloucester Park,WA,6,185444973,R6 2130m Pace M,185444974,Harness,2130,Pace,4890277,8,Dontwaitforme,LOSER,6.05,LOSER,2.14,1380.02,6.6,4.5,6.2,5.62,2152.5,530,4.6,490,11.38,107.93,685.8,2.08,1.93,2.08,2.01,99.48,5.9,6.6,1.02,0.97
20/07/2021,9:45:00 PM,9:45:41 PM,Gloucester Park,WA,6,185444973,R6 2130m Pace M,185444974,Harness,2130,Pace,35382094,9,Altas Angel,LOSER,24.82,LOSER,4.39,287.99,75,23,25,27.63,214.77,920,23,920,57.41,51.81,476.24,5.6,4.3,4.7,4.6,118.01,26,28,1.02,0.97
20/07/2021,10:10:00 PM,10:10:32 PM,Gloucester Park,WA,7,185444975,R7 2536m Trot M,185444976,Harness,2536,Trot,37224848,1,Luvaflair,LOSER,16.5,LOSER,6.02,387.57,14.5,3.85,12.5,6.49,2527.21,890,13.5,890,31.01,137.95,51.64,3.7,1.39,3.35,2.19,620.19,5.6,6,1.01,0.97
20/07/2021,10:10:00 PM,10:10:32 PM,Gloucester Park,WA,7,185444975,R7 2536m Trot M,185444976,Harness,2536,Trot,36341765,2,Credit To Chris,LOSER,18.5,LOSER,2.64,183.46,28,16,18,21.41,184.98,910,12.5,13.5,51.85,52.47,571.82,3.35,2.18,2.46,2.23,3270.28,26,28,1.01,0.97
20/07/2021,10:10:00 PM,10:10:32 PM,Gloucester Park,WA,7,185444975,R7 2536m Trot M,185444976,Harness,2536,Trot,22212005,3,Goodtime Pe Rabbit,WINNER,2,WINNER,1.14,3389.78,1.7,1.47,1.54,1.55,15123.5,2.68,1.01,1.01,1.47,8210.24,1743.36,1.15,1.1,1.13,1.14,1288.13,1.57,1.58,1.01,0.97
20/07/2021,10:10:00 PM,10:10:32 PM,Gloucester Park,WA,7,185444975,R7 2536m Trot M,185444976,Harness,2536,Trot,9095744,4,Kell Road Kid,LOSER,509.36,LOSER,9.8,33.44,480,100,200,251.88,29.4,820,160,820,477.26,27.3,,9.6,8.6,9,9.31,53.97,220,290,1.01,0.97
20/07/2021,10:10:00 PM,10:10:32 PM,Gloucester Park,WA,7,185444975,R7 2536m Trot M,185444976,Harness,2536,Trot,4710021,5,All Flair,LOSER,74.75,LOSER,8.48,62.82,260,65,65,91.88,33.51,960,32,630,59.43,54.79,174.47,5.1,4.8,5,5.01,28.92,95,100,1.01,0.97
20/07/2021,10:10:00 PM,10:10:32 PM,Gloucester Park,WA,7,185444975,R7 2536m Trot M,185444976,Harness,2536,Trot,12226886,6,Malabar Spur,LOSER,48.36,WINNER,6.4,44.48,150,38,40,60.73,72.8,320,22,27,41.41,77.76,244.68,10.5,4.6,4.7,6.21,86,55,65,1.01,0.97
20/07/2021,10:10:00 PM,10:10:32 PM,Gloucester Park,WA,7,185444975,R7 2536m Trot M,185444976,Harness,2536,Trot,12282080,7,One Bid Buys,LOSER,7.34,WINNER,2.1,608.23,55,6.8,6.8,13.74,1169.89,700,2.6,300,3.99,1230.07,850.01,3.35,2,2.1,2.26,788.2,10,11,1.01,0.97
20/07/2021,10:10:00 PM,10:10:32 PM,Gloucester Park,WA,7,185444975,R7 2536m Trot M,185444976,Harness,2536,Trot,8667780,8,Lansbury,LOSER,226.77,LOSER,20.22,26.61,240,22,130,142.85,16.36,960,75,960,154.15,32.57,87.41,34,6.8,28,8.54,29.16,170,230,1.01,0.97
20/07/2021,10:10:00 PM,10:10:32 PM,Gloucester Park,WA,7,185444975,R7 2536m Trot M,185444976,Harness,2536,Trot,8707822,9,Lightning Calder,LOSER,50,LOSER,5.7,114.31,100,46,46,58.06,63.49,930,21,590,100.85,26.57,213.61,7,4.5,4.5,5.02,100.1,60,65,1.01,0.97
20/07/2021,10:35:00 PM,10:35:29 PM,Gloucester Park,WA,8,185444977,R8 2130m Pace M,185444978,Harness,2130,Pace,17869644,1,Cracka Tinny,LOSER,83.86,LOSER,43.03,71.95,200,48,90,82.68,42.22,700,50,690,175.91,4.25,45.33,23,12,23,13.42,119.9,130,190,1.01,0.98
20/07/2021,10:35:00 PM,10:35:29 PM,Gloucester Park,WA,8,185444977,R8 2130m Pace M,185444978,Harness,2130,Pace,19086429,2,Thewizard,LOSER,13.8,LOSER,3.51,412.29,20,9.6,14.5,12.9,783.89,700,12,700,40.17,29.65,559.72,4.2,3.45,3.6,3.82,527.2,14.5,16,1.01,0.98
20/07/2021,10:35:00 PM,10:35:29 PM,Gloucester Park,WA,8,185444977,R8 2130m Pace M,185444978,Harness,2130,Pace,17020684,3,Miss Vung Tau,LOSER,236.32,LOSER,48,101.04,440,180,200,227.92,25,990,100,990,296.79,7.21,29.04,48,44,48,44.11,1.43,200,210,1.01,0.98
20/07/2021,10:35:00 PM,10:35:29 PM,Gloucester Park,WA,8,185444977,R8 2130m Pace M,185444978,Harness,2130,Pace,36663045,4,Beejays Star,LOSER,28.35,LOSER,8.8,231.51,50,25,32,30.75,127.44,920,25,780,85.34,41.14,212.4,7.4,7.4,7.4,7.4,15,27,32,1.01,0.98
20/07/2021,10:35:00 PM,10:35:29 PM,Gloucester Park,WA,8,185444977,R8 2130m Pace M,185444978,Harness,2130,Pace,27004264,5,Livy Jay,LOSER,2.71,WINNER,1.78,2825.97,3.2,2.28,2.9,2.85,11834.33,110,1.42,110,1.93,3189.72,797.32,1.79,1.56,1.79,1.7,240.48,3.15,3.2,1.01,0.98
20/07/2021,10:35:00 PM,10:35:29 PM,Gloucester Park,WA,8,185444977,R8 2130m Pace M,185444978,Harness,2130,Pace,28540609,6,Advance Your Dream,LOSER,11.5,LOSER,3.78,434.84,17,10.5,11.5,12.26,1431.33,440,1.59,440,11.91,111.21,455.12,,,,,,10.5,11.5,1.01,0.98
20/07/2021,10:35:00 PM,10:35:29 PM,Gloucester Park,WA,8,185444977,R8 2130m Pace M,185444978,Harness,2130,Pace,28400826,7,Middlepage,WINNER,2.4,WINNER,1.43,2423.22,2.78,1.99,2.18,2.12,9654.94,6.4,1.01,1.02,1.71,3150.79,1148.57,1.38,1.34,1.38,1.36,151.33,2.08,2.1,1.01,0.98
20/07/2021,5:26:00 PM,5:26:53 PM,Melton,VIC,1,185444828,R1 1720m Pace M,185444829,Harness,1720,Pace,39989710,1,Mister Nien,LOSER,26.14,LOSER,3.6,450.71,32,14.5,27,23.49,707.83,910,22,910,65.57,70.13,452.87,4.2,3.55,3.6,3.9,212.53,29,30,1.02,0.99
20/07/2021,5:26:00 PM,5:26:53 PM,Melton,VIC,1,185444828,R1 1720m Pace M,185444829,Harness,1720,Pace,39141829,2,Keepcrackingjokes,LOSER,15.44,LOSER,2.88,650.56,28,8.2,14,12.17,7385.89,1000,14.5,1000,36.99,140.26,1014.43,3.25,2.5,2.88,2.76,1820.11,13.5,14.5,1.02,0.99
20/07/2021,5:26:00 PM,5:26:53 PM,Melton,VIC,1,185444828,R1 1720m Pace M,185444829,Harness,1720,Pace,6481713,3,Swiss Lightning,LOSER,145.43,LOSER,22.57,199.14,160,36,160,71.66,519.31,1000,95,1000,297.74,7.5,71.83,23,8,23,14.64,17.89,120,160,1.02,0.99
20/07/2021,5:26:00 PM,5:26:53 PM,Melton,VIC,1,185444828,R1 1720m Pace M,185444829,Harness,1720,Pace,36120558,4,The Falcon Prince,LOSER,191.61,WINNER,13.51,49.35,210,70,160,120.99,50.48,900,7,900,73.36,88.2,109.09,13.5,10,10,12.79,7.81,100,150,1.02,0.99
20/07/2021,5:26:00 PM,5:26:53 PM,Melton,VIC,1,185444828,R1 1720m Pace M,185444829,Harness,1720,Pace,40061837,5,Whatisaygoes,LOSER,290.96,LOSER,30.55,40.68,250,85,240,158.72,120.73,900,75,900,259.23,18.59,52.26,42,30,40,39.41,54.57,180,230,1.02,0.99
20/07/2021,5:26:00 PM,5:26:53 PM,Melton,VIC,1,185444828,R1 1720m Pace M,185444829,Harness,1720,Pace,36424025,6,Melody Beach,LOSER,19,LOSER,3.45,530.74,24,14.5,19,17.74,604.28,1000,16,1000,44.16,98.98,562.75,3.45,3.2,3.45,3.33,75.01,18,18.5,1.02,0.99
20/07/2021,5:26:00 PM,5:26:53 PM,Melton,VIC,1,185444828,R1 1720m Pace M,185444829,Harness,1720,Pace,38320392,7,Rock Nien,LOSER,9.9,LOSER,2.17,743.4,11,7.4,10,9.42,1275.24,900,9.4,700,39.12,142.89,746.82,2.3,2.02,2.16,2.22,342.53,10,10.5,1.02,0.99
20/07/2021,5:26:00 PM,5:26:53 PM,Melton,VIC,1,185444828,R1 1720m Pace M,185444829,Harness,1720,Pace,36037039,8,Dabyminga,WINNER,6,WINNER,1.85,938.12,19.5,5.8,6.2,7.08,3455.43,23,1.01,1.02,2.31,3060.24,772.48,2.14,1.72,1.9,1.83,2732.08,6.2,6.6,1.02,0.99
20/07/2021,5:26:00 PM,5:26:53 PM,Melton,VIC,1,185444828,R1 1720m Pace M,185444829,Harness,1720,Pace,40208962,9,Harryhoo,LOSER,1.79,WINNER,1.17,3643.05,2.1,1.4,1.78,1.83,25347.85,120,1.08,120,2.26,4711.5,1395.57,1.31,1.16,1.17,1.22,1276.28,1.74,1.76,1.02,0.99
20/07/2021,6:00:00 PM,6:00:45 PM,Melton,VIC,2,185444830,R2 1720m Pace M,185444831,Harness,1720,Pace,9426122,1,Blue Chipped,LOSER,7.31,LOSER,1.59,745.47,10.5,6.2,7,7.28,1016.49,140,5.3,140,9.81,298,662.48,1.98,1.5,1.5,1.58,300.16,8.6,7.4,1,1.04
20/07/2021,6:00:00 PM,6:00:45 PM,Melton,VIC,2,185444830,R2 1720m Pace M,185444831,Harness,1720,Pace,16009207,2,Four Lonely Nights,LOSER,49.68,WINNER,4.5,162.04,55,8.2,50,29.13,371.94,700,3.3,690,13.18,376.47,183.33,4.8,3,4.7,4.65,107.61,22,25,1,1.04
20/07/2021,6:00:00 PM,6:00:45 PM,Melton,VIC,2,185444830,R2 1720m Pace M,185444831,Harness,1720,Pace,35879910,3,Gigis Grinner,LOSER,7.69,WINNER,1.51,892.57,10.5,7,7.4,7.6,1346.43,760,7.2,760,12.44,165.8,596.3,1.99,1.5,1.5,1.56,255.18,7,7.6,1,1.04
20/07/2021,6:00:00 PM,6:00:45 PM,Melton,VIC,2,185444830,R2 1720m Pace M,185444831,Harness,1720,Pace,40208963,5,Awesome Ollie,WINNER,1.76,WINNER,1.19,4165.67,2.3,1.58,1.71,1.73,17994.65,5,1.01,1.01,1.49,5340.07,1235.05,1.22,1.12,1.19,1.15,420.98,1.8,1.65,1,1.04
20/07/2021,6:00:00 PM,6:00:45 PM,Melton,VIC,2,185444830,R2 1720m Pace M,185444831,Harness,1720,Pace,38744565,8,Taleggio,LOSER,9.2,LOSER,1.71,692.74,9.2,7.4,8.6,8.26,1410.98,700,7.2,700,10.45,207.86,721.28,1.94,1.6,1.67,1.67,267.96,8,8.8,1,1.04
20/07/2021,6:00:00 PM,6:00:45 PM,Melton,VIC,2,185444830,R2 1720m Pace M,185444831,Harness,1720,Pace,17494555,9,Fly Cheval,LOSER,97.44,LOSER,12.9,136.14,150,29,110,93.33,81.51,700,8.6,590,77.82,48.53,149.36,,,,,,85,110,1,1.04
20/07/2021,6:25:00 PM,6:25:52 PM,Melton,VIC,3,185444832,R3 1720m Pace M,185444833,Harness,1720,Pace,28152887,1,Classy Countess,LOSER,9.87,LOSER,1.89,1010.99,13.5,5.6,8.8,7.57,8068.68,700,5.4,490,29.48,107.14,667.99,2.1,1.75,1.8,1.87,2722.21,9.6,10,1.01,1.02
20/07/2021,6:25:00 PM,6:25:52 PM,Melton,VIC,3,185444832,R3 1720m Pace M,185444833,Harness,1720,Pace,40208964,2,Powerlinc,LOSER,95.38,LOSER,14.63,95.72,140,28,90,99.7,242.7,700,130,700,202.85,5,104.99,9.4,9.2,9.2,9.4,19.73,100,120,1.01,1.02
20/07/2021,6:25:00 PM,6:25:52 PM,Melton,VIC,3,185444832,R3 1720m Pace M,185444833,Harness,1720,Pace,40208965,3,Nivekalon Eagle,LOSER,38,LOSER,5.54,384.69,65,11.5,38,46.79,531.32,780,38,340,85.87,26.8,341.37,7,5.6,5.8,6.39,287.23,50,65,1.01,1.02
20/07/2021,6:25:00 PM,6:25:52 PM,Melton,VIC,3,185444832,R3 1720m Pace M,185444833,Harness,1720,Pace,39539543,4,Miso Miso,WINNER,6.97,WINNER,1.98,1024.14,9.8,5,7.2,8.1,3881.54,90,1.01,1.01,1.81,2914.1,685.79,2.42,1.99,2,2.24,873.03,9.2,9.4,1.01,1.02
20/07/2021,6:25:00 PM,6:25:52 PM,Melton,VIC,3,185444832,R3 1720m Pace M,185444833,Harness,1720,Pace,36387632,5,Im Eugene,LOSER,57.74,WINNER,8.64,129.59,200,50,50,84.01,94.86,1000,3.4,42,53.52,62.46,9.98,5.6,5.5,5.6,5.58,21.83,80,100,1.01,1.02
20/07/2021,6:25:00 PM,6:25:52 PM,Melton,VIC,3,185444832,R3 1720m Pace M,185444833,Harness,1720,Pace,27777904,6,Backwards First,LOSER,6,LOSER,1.94,801.57,13.5,5.7,6.2,8.31,2660.21,700,6,690,14.83,262.8,608.03,2.5,1.93,1.93,2.21,167.6,8,8.2,1.01,1.02
20/07/2021,6:25:00 PM,6:25:52 PM,Melton,VIC,3,185444832,R3 1720m Pace M,185444833,Harness,1720,Pace,28535673,7,Azterian,LOSER,1.95,WINNER,1.23,3931.93,3.1,1.87,1.91,2.53,16346.53,700,1.11,110,2.17,2953.44,1201.33,1.32,1.15,1.15,1.26,447.53,2.4,2.44,1.01,1.02
20/07/2021,6:25:00 PM,6:25:52 PM,Melton,VIC,3,185444832,R3 1720m Pace M,185444833,Harness,1720,Pace,37582030,8,Four Star Saint,LOSER,24.51,LOSER,43.99,578.98,380,3.8,350,10.37,5245.81,880,16,540,59.14,279.4,50.12,20,1.48,20,4.18,1251.09,4.7,4,1.01,1.02
20/07/2021,7:00:00 PM,7:00:50 PM,Melton,VIC,4,185444834,R4 2240m Trot M,185444835,Harness,2240,Trot,39448034,1,Constantinople,WINNER,3.02,WINNER,1.56,2356.55,3.15,2.28,2.98,2.86,8093.01,3.55,1.01,1.01,1.59,6801.68,1020.3,1.58,1.25,1.58,1.48,2479.21,2.98,3.05,1.03,0.98
20/07/2021,7:00:00 PM,7:00:50 PM,Melton,VIC,4,185444834,R4 2240m Trot M,185444835,Harness,2240,Trot,12893212,2,Jordans Mate,LOSER,26,LOSER,3.99,120.24,40,18.5,20,27.68,247.35,1000,6.8,690,20.32,148.1,393.37,4.4,3.95,4.1,4.19,118.73,29,34,1.03,0.98
20/07/2021,7:00:00 PM,7:00:50 PM,Melton,VIC,4,185444834,R4 2240m Trot M,185444835,Harness,2240,Trot,24632282,3,Black And Gold,LOSER,40,LOSER,5.4,139.71,55,30,38,37.27,228.2,700,8.8,700,58.76,63.6,3.23,5.4,4.6,5.4,4.85,208.86,36,40,1.03,0.98
20/07/2021,7:00:00 PM,7:00:50 PM,Melton,VIC,4,185444834,R4 2240m Trot M,185444835,Harness,2240,Trot,11890222,4,Roi Du Soleil,LOSER,2.12,LOSER,1.31,3059.51,3.4,2.2,2.28,2.61,9037.93,700,1.71,640,19.58,534.33,1042.05,1.35,1.28,1.31,1.32,2307.55,2.46,2.54,1.03,0.98
20/07/2021,7:00:00 PM,7:00:50 PM,Melton,VIC,4,185444834,R4 2240m Trot M,185444835,Harness,2240,Trot,24553978,5,Frosty Reception,LOSER,115.06,LOSER,11.76,72.76,180,80,90,104.39,83.89,700,44,670,108.6,21.98,171.56,11.5,11.5,11.5,11.5,4.38,90,100,1.03,0.98
20/07/2021,7:00:00 PM,7:00:50 PM,Melton,VIC,4,185444834,R4 2240m Trot M,185444835,Harness,2240,Trot,27559870,6,Captain Mccraw,LOSER,32.74,WINNER,2.54,398.21,34,5,34,7.96,6029.4,700,20,700,38.76,166.24,534.27,3.2,1.79,3.2,1.93,318.58,7.2,7.6,1.03,0.98
20/07/2021,7:00:00 PM,7:00:50 PM,Melton,VIC,4,185444834,R4 2240m Trot M,185444835,Harness,2240,Trot,8635623,7,Well Deserved,LOSER,48,LOSER,6.48,123.63,65,22,46,54.14,130.5,700,6.8,300,54.01,69.77,350.79,6.6,6.4,6.4,6.48,10.15,55,60,1.03,0.98
20/07/2021,7:00:00 PM,7:00:50 PM,Melton,VIC,4,185444834,R4 2240m Trot M,185444835,Harness,2240,Trot,25899604,8,Ima Ziabee,LOSER,35.81,WINNER,4.1,197.15,55,12,30,33.78,464.42,140,8,140,24.19,142.21,435.29,6.2,3.9,4.1,4.42,423.39,46,55,1.03,0.98
20/07/2021,7:00:00 PM,7:00:50 PM,Melton,VIC,4,185444834,R4 2240m Trot M,185444835,Harness,2240,Trot,40208966,10,My Lindy Angels,LOSER,82.37,LOSER,9.18,60.08,160,46,65,83.62,132.24,960,9.2,700,55.62,38.45,211.41,,,,,,85,95,1.03,0.98
20/07/2021,7:00:00 PM,7:00:50 PM,Melton,VIC,4,185444834,R4 2240m Trot M,185444835,Harness,2240,Trot,40208967,11,Kaylasister,LOSER,51.15,LOSER,5.52,83.38,110,30,48,53.68,276.62,700,11.5,690,47.95,59.42,412.15,7.2,5.5,5.9,6.22,275.91,46,50,1.03,0.98
20/07/2021,7:30:00 PM,7:31:01 PM,Melton,VIC,5,185444836,R5 1720m Pace M,185444837,Harness,1720,Pace,10761015,1,Wotchawaitingfor,LOSER,18.26,LOSER,3.22,381.96,46,14,18,22.37,560.61,910,12,910,107.42,36.56,323.82,4.3,3.15,3.25,3.57,454.44,16.5,17,1.02,0.97
20/07/2021,7:30:00 PM,7:31:01 PM,Melton,VIC,5,185444836,R5 1720m Pace M,185444837,Harness,1720,Pace,27806783,3,Alpha Crucis,LOSER,63.88,LOSER,23.98,99.33,85,44,60,56.57,62.54,1000,20,1000,145.35,32.33,45.08,40,18.5,27,24.92,0.12,48,50,1.02,0.97
20/07/2021,7:30:00 PM,7:31:01 PM,Melton,VIC,5,185444836,R5 1720m Pace M,185444837,Harness,1720,Pace,24514843,4,Shecandoit,LOSER,36.01,LOSER,8.85,208.21,36,21,32,28.19,329.23,910,6,570,20.74,252.91,143.88,,,,,,32,34,1.02,0.97
20/07/2021,7:30:00 PM,7:31:01 PM,Melton,VIC,5,185444836,R5 1720m Pace M,185444837,Harness,1720,Pace,36620999,5,Tinka Terror,LOSER,3.76,WINNER,1.79,1372.08,4.5,2.94,3.5,3.37,8296.59,140,1.27,80,3.37,1061.59,1396.34,1.8,1.6,1.78,1.73,320.13,3.7,3.8,1.02,0.97
20/07/2021,7:30:00 PM,7:31:01 PM,Melton,VIC,5,185444836,R5 1720m Pace M,185444837,Harness,1720,Pace,4409747,6,Seize Power,LOSER,12.23,LOSER,3.63,511.81,15,10.5,11.5,11.93,678.02,700,2.5,700,24.31,114.18,478.28,4,4,4,4,4.98,11.5,12.5,1.02,0.97
20/07/2021,7:30:00 PM,7:31:01 PM,Melton,VIC,5,185444836,R5 1720m Pace M,185444837,Harness,1720,Pace,24241715,7,Sew What,WINNER,8.66,WINNER,2.85,654.86,10,7.2,8,8.09,608.64,12,1.01,1.01,1.86,1894.73,383.45,2.88,2.26,2.8,2.66,57.42,7.8,8.4,1.02,0.97
20/07/2021,7:30:00 PM,7:31:01 PM,Melton,VIC,5,185444836,R5 1720m Pace M,185444837,Harness,1720,Pace,40208968,8,Van Niekerk,LOSER,8,WINNER,2.62,573,9.6,4.4,7.6,7.4,1136.31,1000,2.3,1000,17.77,537.58,709.79,3.1,1.92,2.62,2.78,144.55,6.6,7,1.02,0.97
20/07/2021,7:30:00 PM,7:31:01 PM,Melton,VIC,5,185444836,R5 1720m Pace M,185444837,Harness,1720,Pace,21284768,9,Stunning I Am,LOSER,6.4,LOSER,2.54,832.42,7.4,3.4,6.6,5.83,1733.46,700,3.3,690,10,174.52,427.06,2.38,2.06,2.36,2.25,69.19,6.8,7.2,1.02,0.97
20/07/2021,7:30:00 PM,7:31:01 PM,Melton,VIC,5,185444836,R5 1720m Pace M,185444837,Harness,1720,Pace,7434769,10,Barnbougle Jack,LOSER,9.75,LOSER,2.91,702.78,28,9.8,10,12.28,616.57,700,9.6,700,22.05,54.84,509.82,3.1,2.62,3.05,2.92,97.23,10,10.5,1.02,0.97
20/07/2021,7:30:00 PM,7:31:01 PM,Melton,VIC,5,185444836,R5 1720m Pace M,185444837,Harness,1720,Pace,12076171,11,Sunrose Master,LOSER,36.56,LOSER,15.92,154.85,100,36,38,52.21,188.28,700,50,700,116.45,9.73,9.98,12,10,11,11.13,72.54,40,44,1.02,0.97
20/07/2021,8:00:00 PM,8:01:31 PM,Melton,VIC,6,185444838,R6 2240m Trot M,185444839,Harness,2240,Trot,19282755,1,Mulberry Pie,LOSER,3.99,WINNER,2.09,1449.06,4.2,2.62,3.95,3.8,3539.65,42,3.75,4.8,4.97,406.23,890.97,2.2,1.93,2.08,2.03,148.7,3.7,3.75,1.01,0.99
20/07/2021,8:00:00 PM,8:01:31 PM,Melton,VIC,6,185444838,R6 2240m Trot M,185444839,Harness,2240,Trot,1520456,2,Everysecondcounts,LOSER,8.4,LOSER,4.19,583.21,11.5,7.2,8.2,8.84,962.03,85,3.3,5.9,17.45,34.89,420.89,6,3.8,3.8,5,43.45,9.4,9.8,1.01,0.99
20/07/2021,8:00:00 PM,8:01:31 PM,Melton,VIC,6,185444838,R6 2240m Trot M,185444839,Harness,2240,Trot,10631199,3,A Nip Will Do,LOSER,26.28,LOSER,15.55,243.14,75,17.5,29,34.47,209.99,300,20,300,30.31,39.28,82.63,12.5,10.5,12,11.79,7.37,48,55,1.01,0.99
20/07/2021,8:00:00 PM,8:01:31 PM,Melton,VIC,6,185444838,R6 2240m Trot M,185444839,Harness,2240,Trot,7119627,5,Stunning Jasper,WINNER,8.8,WINNER,3.27,583.09,9.8,6.8,8.8,7.91,1076.37,9.8,1.41,1.88,4.05,946.94,485.53,3.45,3.1,3.1,3.24,32.96,7.6,7.8,1.01,0.99
20/07/2021,8:00:00 PM,8:01:31 PM,Melton,VIC,6,185444838,R6 2240m Trot M,185444839,Harness,2240,Trot,8682825,6,Columbias Deejay,LOSER,2.62,LOSER,1.65,3561.56,3.05,2.36,2.72,2.62,11739.18,13,1.96,13,2.89,892.1,1157.57,1.67,1.55,1.67,1.6,46.29,2.64,2.68,1.01,0.99
20/07/2021,8:00:00 PM,8:01:31 PM,Melton,VIC,6,185444838,R6 2240m Trot M,185444839,Harness,2240,Trot,29807508,7,Blue Sparkler,LOSER,11.54,LOSER,5.15,674.72,34,11.5,11.5,14.52,1447.45,44,4.5,38,17.92,77.79,338.97,7.2,4.6,4.6,6.16,195.71,11.5,12,1.01,0.99
20/07/2021,8:00:00 PM,8:01:31 PM,Melton,VIC,6,185444838,R6 2240m Trot M,185444839,Harness,2240,Trot,2832715,8,Shadow Justice,LOSER,44.31,LOSER,19.11,134.35,90,34,42,50.52,140.48,280,26,280,55.64,35.56,109.75,30,17,17,23.88,11.62,50,55,1.01,0.99
20/07/2021,8:30:00 PM,8:31:24 PM,Melton,VIC,7,185444840,R7 2240m Pace M,185444841,Harness,2240,Pace,24138812,1,Dan Fernando,LOSER,11.99,LOSER,4.6,441.84,15.5,5.8,12,10.5,1241.97,700,5.6,700,11.61,323.87,252.96,5.2,3.65,4.5,3.76,636.04,13,14.5,1.02,0.98
20/07/2021,8:30:00 PM,8:31:24 PM,Melton,VIC,7,185444840,R7 2240m Pace M,185444841,Harness,2240,Pace,14866501,2,Thumbs Up,LOSER,3.94,WINNER,2,1314.32,5.5,3.25,3.95,4.01,2426.18,55,1.11,42,3.1,849.99,651.61,1.98,1.92,1.98,1.94,42.01,4.1,4.2,1.02,0.98
20/07/2021,8:30:00 PM,8:31:24 PM,Melton,VIC,7,185444840,R7 2240m Pace M,185444841,Harness,2240,Pace,12775143,4,Chrissy Divinyl,LOSER,12.67,LOSER,5.25,240.57,20,12.5,13,15.67,385.91,1000,8.2,280,52.26,29.57,338.57,4.8,4.8,4.8,4.8,10,14.5,15,1.02,0.98
20/07/2021,8:30:00 PM,8:31:24 PM,Melton,VIC,7,185444840,R7 2240m Pace M,185444841,Harness,2240,Pace,22834244,5,Mister Finnigan,LOSER,97.43,LOSER,31.49,52.51,200,50,80,81.61,58.34,1000,50,1000,114.81,19.4,71.84,48,24,24,31.58,1.19,80,90,1.02,0.98
20/07/2021,8:30:00 PM,8:31:24 PM,Melton,VIC,7,185444840,R7 2240m Pace M,185444841,Harness,2240,Pace,27379941,6,Musztang,WINNER,7,WINNER,2.89,716.62,8.4,5.8,7,7.04,1433.55,13,1.01,1.01,1.7,2024.23,621.8,2.96,2.78,2.8,2.92,67.6,7,7.4,1.02,0.98
20/07/2021,8:30:00 PM,8:31:24 PM,Melton,VIC,7,185444840,R7 2240m Pace M,185444841,Harness,2240,Pace,32353769,7,Major Watson,LOSER,2.21,LOSER,1.44,3112.4,2.94,2.02,2.2,2.21,11915.92,700,2.06,590,3.03,2598.75,1188.33,1.54,1.39,1.49,1.47,314.57,2.1,2.16,1.02,0.98
20/07/2021,8:57:00 PM,8:58:22 PM,Melton,VIC,8,185444842,R8 2240m Pace M,185444843,Harness,2240,Pace,28393550,1,Sir Roman,LOSER,2.41,LOSER,1.44,1819.8,2.78,1.92,2.4,2.34,8709.1,700,1.4,700,3.02,1404.3,1066.73,1.54,1.45,1.46,1.48,297.2,2.32,2.4,1.03,0.98
20/07/2021,8:57:00 PM,8:58:22 PM,Melton,VIC,8,185444842,R8 2240m Pace M,185444843,Harness,2240,Pace,20482347,3,Madame Annie,LOSER,6.4,WINNER,3.68,546.58,9.2,5.9,6.4,6.98,1567.97,14,1.5,14,3.13,513.53,592.39,8.2,2.6,3.05,3.02,485.65,6.4,6.6,1.03,0.98
20/07/2021,8:57:00 PM,8:58:22 PM,Melton,VIC,8,185444842,R8 2240m Pace M,185444843,Harness,2240,Pace,19823687,4,Stormont Star,WINNER,4.49,WINNER,2.36,882.11,5.1,4.3,4.5,4.62,842.24,13.5,1.04,1.07,2.93,690,475.82,2.82,2.52,2.52,2.56,4.98,4.4,4.7,1.03,0.98
20/07/2021,8:57:00 PM,8:58:22 PM,Melton,VIC,8,185444842,R8 2240m Pace M,185444843,Harness,2240,Pace,14381058,5,Keayang Da Vinci,LOSER,17.73,LOSER,6.55,182.81,40,17.5,18,20.43,483.78,700,9,700,47.89,55,145.98,6.2,5.1,5.1,5.15,250.41,20,23,1.03,0.98
20/07/2021,8:57:00 PM,8:58:22 PM,Melton,VIC,8,185444842,R8 2240m Pace M,185444843,Harness,2240,Pace,1012200,6,Untitled,LOSER,6.3,LOSER,2.87,800.8,7,5.2,6.4,5.87,1535.83,480,2,290,20.72,160.15,401.11,3.05,2.48,2.96,3.03,205.72,6,6.4,1.03,0.98
20/07/2021,12:33:00 PM,12:34:29 PM,Menangle,NSW,1,185445084,R1 1609m Trot M,185445085,Harness,1609,Trot,36527035,1,Young Son,LOSER,27.55,LOSER,,126.5,55,20,27,31.79,155.25,700,27,700,61.33,17.22,,6.4,4.9,5,5.36,315.92,40,42,1.03,1.02
20/07/2021,12:33:00 PM,12:34:29 PM,Menangle,NSW,1,185445084,R1 1609m Trot M,185445085,Harness,1609,Trot,10558258,2,Sonetto,LOSER,34.24,LOSER,,168.26,50,30,38,41.21,143.47,700,32,700,42.53,42.45,,9,6.2,6.6,8.1,110.45,38,42,1.03,1.02
20/07/2021,12:33:00 PM,12:34:29 PM,Menangle,NSW,1,185445084,R1 1609m Trot M,185445085,Harness,1609,Trot,5336862,3,Strong Desire,LOSER,44,LOSER,,136.8,75,17,50,37.42,237.63,700,44,560,82.2,8.43,,11.5,5.5,7.2,7.52,169.07,30,34,1.03,1.02
20/07/2021,12:33:00 PM,12:34:29 PM,Menangle,NSW,1,185445084,R1 1609m Trot M,185445085,Harness,1609,Trot,4687645,4,Dont Touch This,LOSER,7.31,LOSER,,994.84,10.5,5.5,6.8,6.93,1320.15,690,4,140,14,240.7,,2.36,2.26,2.36,2.32,14,6.4,7.6,1.03,1.02
20/07/2021,12:33:00 PM,12:34:29 PM,Menangle,NSW,1,185445084,R1 1609m Trot M,185445085,Harness,1609,Trot,167715,5,Fancy,LOSER,7.4,WINNER,,437.28,10.5,5.9,7.6,7.24,729.73,700,5,490,12.82,87.8,,2.28,2.2,2.24,2.26,400.63,7,7.6,1.03,1.02
20/07/2021,12:33:00 PM,12:34:29 PM,Menangle,NSW,1,185445084,R1 1609m Trot M,185445085,Harness,1609,Trot,626867,6,Indefensible,WINNER,3.21,WINNER,,1282.06,4.5,3.2,3.3,3.47,2691.77,4.5,1.01,1.02,2.18,1553.76,,1.73,1.52,1.73,1.65,21.48,3.75,4,1.03,1.02
20/07/2021,12:33:00 PM,12:34:29 PM,Menangle,NSW,1,185445084,R1 1609m Trot M,185445085,Harness,1609,Trot,10808340,7,Agent Maori,LOSER,4.15,WINNER,,1889.16,9.6,4.4,4.5,5.08,1819.84,110,3.5,100,4.64,714.48,,2,1.75,1.75,1.79,229.29,4.6,5.2,1.03,1.02
20/07/2021,12:33:00 PM,12:34:29 PM,Menangle,NSW,1,185445084,R1 1609m Trot M,185445085,Harness,1609,Trot,32353764,8,Alpine Retreat,LOSER,16.33,LOSER,,283.34,27,14.5,18,18.47,356.57,1000,15.5,1000,115.3,75.85,,4.4,4.4,4.4,4.4,5,18,20,1.03,1.02
20/07/2021,12:33:00 PM,12:34:29 PM,Menangle,NSW,1,185445084,R1 1609m Trot M,185445085,Harness,1609,Trot,40208987,9,Streetcafe,LOSER,181.79,LOSER,,14.65,300,48,140,142.89,19.71,850,240,250,331.65,2.57,,,,,,,150,270,1.03,1.02
20/07/2021,12:33:00 PM,12:34:29 PM,Menangle,NSW,1,185445084,R1 1609m Trot M,185445085,Harness,1609,Trot,39611339,10,Dream Inception,LOSER,14.5,LOSER,,587.23,25,2.82,18,11.24,605.55,1000,2.66,1000,6.23,1101.74,,2.7,2.6,2.7,2.61,51.47,9.6,5.4,1.03,1.02
20/07/2021,1:04:00 PM,1:05:18 PM,Menangle,NSW,2,185445086,R2 1609m Trot M,185445087,Harness,1609,Trot,26696002,1,Inherent Royal,LOSER,29.1,LOSER,,376.56,700,7,550,11.64,2032.66,1000,26,1000,37.92,192.42,,20,1.88,12.5,5.02,768.9,8.8,9.8,1.03,0.99
20/07/2021,1:04:00 PM,1:05:18 PM,Menangle,NSW,2,185445086,R2 1609m Trot M,185445087,Harness,1609,Trot,8615755,2,Valley Ess Jay,LOSER,105.66,LOSER,,81.03,190,48,80,91.17,105.88,980,75,950,299.22,5.79,,10,7,7,8.42,68.27,90,110,1.03,0.99
20/07/2021,1:04:00 PM,1:05:18 PM,Menangle,NSW,2,185445086,R2 1609m Trot M,185445087,Harness,1609,Trot,10195993,3,Lord Lohki,LOSER,22.13,LOSER,,196.66,80,16.5,20,29.38,564.15,930,12,930,118.21,28.67,,5.8,2.84,3.75,4.61,237.18,24,29,1.03,0.99
20/07/2021,1:04:00 PM,1:05:18 PM,Menangle,NSW,2,185445086,R2 1609m Trot M,185445087,Harness,1609,Trot,39989828,4,Aldebaran Revani,WINNER,1.94,WINNER,,4022.71,2.44,1.7,2.02,2.1,12889.16,2.18,1.01,1.01,1.41,4543.66,,1.31,1.15,1.2,1.24,571.11,2.16,2.2,1.03,0.99
20/07/2021,1:04:00 PM,1:05:18 PM,Menangle,NSW,2,185445086,R2 1609m Trot M,185445087,Harness,1609,Trot,3883221,5,Gold Sovereign,LOSER,29.08,LOSER,,129.79,75,30,30,42.89,121.18,930,20,910,137.6,26.96,,5.4,4.1,4.1,4.91,193.44,38,48,1.03,0.99
20/07/2021,1:04:00 PM,1:05:18 PM,Menangle,NSW,2,185445086,R2 1609m Trot M,185445087,Harness,1609,Trot,24900368,6,Do Ball,LOSER,19.09,LOSER,,262.91,38,16,18,20.51,692.69,700,10,560,57.1,25.5,,3.95,2.84,3.35,3.52,229.07,18.5,19.5,1.03,0.99
20/07/2021,1:04:00 PM,1:05:18 PM,Menangle,NSW,2,185445086,R2 1609m Trot M,185445087,Harness,1609,Trot,22154232,7,Riteur,LOSER,37.42,LOSER,,161.04,85,29,29,47.25,136.85,930,23,770,158.02,14.94,,6,4.7,4.7,5.2,78.67,55,60,1.03,0.99
20/07/2021,1:04:00 PM,1:05:18 PM,Menangle,NSW,2,185445086,R2 1609m Trot M,185445087,Harness,1609,Trot,38553897,8,Right Moves,LOSER,3.5,WINNER,,1423.33,7.4,3.3,3.6,3.78,3078.64,120,3.45,120,11.29,253.98,,2.2,1.38,1.55,1.49,1648.95,3.7,3.75,1.03,0.99
20/07/2021,1:04:00 PM,1:05:18 PM,Menangle,NSW,2,185445086,R2 1609m Trot M,185445087,Harness,1609,Trot,27788519,9,Sunny Gee,LOSER,22.7,WINNER,,275.26,38,14,23,28.83,303.8,720,16,720,88.18,19.2,,5.3,3.45,3.55,4.25,114.25,30,34,1.03,0.99
20/07/2021,1:46:00 PM,1:46:52 PM,Menangle,NSW,3,185445088,R3 1609m Pace M,185445089,Harness,1609,Pace,40208988,1,Sugar For My Honey,LOSER,32,LOSER,,130.16,40,8,36,21.97,309.55,790,7.6,790,23.22,71,,5.7,4.1,5.1,4.97,59.96,32,36,1.02,0.98
20/07/2021,1:46:00 PM,1:46:52 PM,Menangle,NSW,3,185445088,R3 1609m Pace M,185445089,Harness,1609,Pace,40208989,2,Our Ultimate Lizzy,LOSER,2.73,WINNER,,2285.39,3.4,2.42,2.86,2.89,6971.3,700,2.4,690,5.2,721.72,,1.49,1.29,1.32,1.4,99.37,2.8,2.9,1.02,0.98
20/07/2021,1:46:00 PM,1:46:52 PM,Menangle,NSW,3,185445088,R3 1609m Pace M,185445089,Harness,1609,Pace,2544129,3,Rubini,LOSER,80,LOSER,,81.43,80,14,70,38.84,106.03,700,16.5,140,52.87,28.37,,7.6,6,7.6,6.92,34.83,60,70,1.02,0.98
20/07/2021,1:46:00 PM,1:46:52 PM,Menangle,NSW,3,185445088,R3 1609m Pace M,185445089,Harness,1609,Pace,40208991,5,Foxy Dada,LOSER,1000,LOSER,,3.33,900,190,890,611.76,3.23,990,220,990,617.31,4.26,,,,,,,230,780,1.02,0.98
20/07/2021,1:46:00 PM,1:46:52 PM,Menangle,NSW,3,185445088,R3 1609m Pace M,185445089,Harness,1609,Pace,40208992,6,Gee Ef Cee,LOSER,583.76,LOSER,,6.2,700,150,430,362.87,8.9,700,100,700,477.06,7.25,,,,,,,230,350,1.02,0.98
20/07/2021,1:46:00 PM,1:46:52 PM,Menangle,NSW,3,185445088,R3 1609m Pace M,185445089,Harness,1609,Pace,40208993,7,American Dagger,LOSER,422.95,LOSER,,11.55,370,90,360,266.33,9.1,700,100,700,171.59,4.3,,,,,,,170,330,1.02,0.98
20/07/2021,1:46:00 PM,1:46:52 PM,Menangle,NSW,3,185445088,R3 1609m Pace M,185445089,Harness,1609,Pace,38848085,9,Smaltese,WINNER,1.76,WINNER,,3280.94,2.4,1.63,1.7,1.76,13174.15,2.24,1.01,1.01,1.29,5427.28,,1.25,1.13,1.13,1.17,5.64,1.67,1.7,1.02,0.98
20/07/2021,2:21:00 PM,2:21:51 PM,Menangle,NSW,4,185445090,R4 1609m Pace M,185445091,Harness,1609,Pace,10959485,1,Highview Sadler,LOSER,48,LOSER,,169.86,150,34,48,55.44,353.07,780,8.8,780,47.91,97.17,,4.6,3.7,3.7,4.12,147.65,36,38,1.01,0.99
20/07/2021,2:21:00 PM,2:21:51 PM,Menangle,NSW,4,185445090,R4 1609m Pace M,185445091,Harness,1609,Pace,25674031,2,Canonlybeonesir,LOSER,82.05,LOSER,,80.69,80,38,60,50.58,176.97,700,5.9,480,52.93,57.68,,4.5,3.95,4.5,4.27,45.54,55,65,1.01,0.99
20/07/2021,2:21:00 PM,2:21:51 PM,Menangle,NSW,4,185445090,R4 1609m Pace M,185445091,Harness,1609,Pace,23814280,3,Dont Tell Dorothy,LOSER,46,LOSER,,107.81,100,30,46,52.03,230.68,920,28,920,81.61,28.67,,3.85,3.65,3.75,3.78,60.95,44,50,1.01,0.99
20/07/2021,2:21:00 PM,2:21:51 PM,Menangle,NSW,4,185445090,R4 1609m Pace M,185445091,Harness,1609,Pace,4487097,5,Lady Allegra,LOSER,20.59,LOSER,,232.62,23,7.8,21,14.07,707.6,890,10,780,63.03,44.04,,2.5,1.91,2.5,2.37,330.15,19,21,1.01,0.99
20/07/2021,2:21:00 PM,2:21:51 PM,Menangle,NSW,4,185445090,R4 1609m Pace M,185445091,Harness,1609,Pace,40208995,6,Heston Zoolander,WINNER,1.3,WINNER,,3668.14,1.73,1.31,1.33,1.39,21672.19,1.79,1.01,1.01,1.39,5779.25,,1.23,1.1,1.12,1.17,1374.55,1.32,1.34,1.01,0.99
20/07/2021,2:21:00 PM,2:21:51 PM,Menangle,NSW,4,185445090,R4 1609m Pace M,185445091,Harness,1609,Pace,40208996,7,Winners Yarn,LOSER,176.93,WINNER,,29.89,210,100,160,142.44,48.52,700,29,250,148.52,10.68,,8.6,6.6,7.8,7.55,528.2,160,180,1.01,0.99
20/07/2021,2:21:00 PM,2:21:51 PM,Menangle,NSW,4,185445090,R4 1609m Pace M,185445091,Harness,1609,Pace,27078550,9,Matai Reactor,LOSER,199.9,LOSER,,29.17,240,48,200,98.46,115.17,700,50,280,166.91,7.08,,6.6,4.2,6.6,5.34,52.35,130,140,1.01,0.99
20/07/2021,2:21:00 PM,2:21:51 PM,Menangle,NSW,4,185445090,R4 1609m Pace M,185445091,Harness,1609,Pace,28246590,10,Blue Ocean,LOSER,8.2,WINNER,,677.16,9,3.95,7.8,7.36,1955.57,700,3.25,120,13.78,309.1,,1.79,1.47,1.6,1.6,765.8,8.4,8,1.01,0.99
20/07/2021,3:04:00 PM,3:06:31 PM,Menangle,NSW,5,185445092,R5 1609m Pace M,185445093,Harness,1609,Pace,8790488,1,To Infinitynbeyond,LOSER,43.43,LOSER,,236.01,110,48,65,66.54,64,950,40,950,86.82,44.21,,9.6,5.8,5.8,8.25,10.02,65,70,1.03,1.01
20/07/2021,3:04:00 PM,3:06:31 PM,Menangle,NSW,5,185445092,R5 1609m Pace M,185445093,Harness,1609,Pace,15723093,2,Panacias Seal,LOSER,22.68,WINNER,,345.47,48,16.5,23,21.7,312.2,790,22,790,64.4,25.71,,3.4,2.84,2.94,3.07,188.39,21,23,1.03,1.01
20/07/2021,3:04:00 PM,3:06:31 PM,Menangle,NSW,5,185445092,R5 1609m Pace M,185445093,Harness,1609,Pace,13497365,3,Happy As,LOSER,87.31,LOSER,,68.35,120,50,50,70.92,115.31,780,70,780,168.2,9.33,,5,4.5,5,4.73,9.13,70,80,1.03,1.01
20/07/2021,3:04:00 PM,3:06:31 PM,Menangle,NSW,5,185445092,R5 1609m Pace M,185445093,Harness,1609,Pace,27223798,4,Dontrattlehiscage,LOSER,112.11,LOSER,,47.1,400,75,75,180.73,79.2,960,48,960,121.19,38.92,,12,9.6,12,11.46,9.51,180,280,1.03,1.01
20/07/2021,3:04:00 PM,3:06:31 PM,Menangle,NSW,5,185445092,R5 1609m Pace M,185445093,Harness,1609,Pace,40208997,5,Vivid Hanover,LOSER,25.96,LOSER,,399.83,25,13,24,19.69,424.52,790,10.5,700,37.6,53.44,,2.86,2.28,2.54,2.42,87.24,22,14,1.03,1.01
20/07/2021,3:04:00 PM,3:06:31 PM,Menangle,NSW,5,185445092,R5 1609m Pace M,185445093,Harness,1609,Pace,35994330,6,Just Dessy,WINNER,1.49,WINNER,,3774.97,1.92,1.36,1.48,1.47,25482.8,1.49,1.01,1.01,1.12,6652.72,,1.69,1.1,1.25,1.39,1373.32,1.42,1.47,1.03,1.01
20/07/2021,3:04:00 PM,3:06:31 PM,Menangle,NSW,5,185445092,R5 1609m Pace M,185445093,Harness,1609,Pace,37454801,7,Brookessmartdancer,LOSER,7.19,WINNER,,786.77,9.4,5.8,7.2,7.3,1010.06,700,7,700,24.44,78.33,,1.67,1.5,1.58,1.6,983.39,7.4,7.8,1.03,1.01
20/07/2021,3:04:00 PM,3:06:31 PM,Menangle,NSW,5,185445092,R5 1609m Pace M,185445093,Harness,1609,Pace,24984990,8,Dorothys Delight,LOSER,27.16,LOSER,,345.64,50,19.5,30,33.84,197.93,790,26,780,76.88,21.12,,4.6,3.45,3.45,3.65,341.9,40,42,1.03,1.01
20/07/2021,3:04:00 PM,3:06:31 PM,Menangle,NSW,5,185445092,R5 1609m Pace M,185445093,Harness,1609,Pace,36894901,9,Im Bills Last,LOSER,25.74,LOSER,,332.19,55,17,26,25.17,323.18,790,25,790,64.38,24.9,,4,3.05,3.1,3.54,36.63,25,28,1.03,1.01
20/07/2021,3:37:00 PM,3:38:18 PM,Menangle,NSW,6,185445094,R6 1609m Pace M,185445095,Harness,1609,Pace,24417499,1,Artistic Cowboy,LOSER,7.17,LOSER,,755.77,7.4,3.85,7,5.9,1235.55,700,2.74,290,9.02,498.14,,2.18,1.23,2.06,2.05,745.65,5.5,6,1.04,0.96
20/07/2021,3:37:00 PM,3:38:18 PM,Menangle,NSW,6,185445094,R6 1609m Pace M,185445095,Harness,1609,Pace,36105105,2,Old English,LOSER,4.32,LOSER,,924.11,19.5,3.7,4.3,4.66,6519.24,700,4.1,700,8.44,538.1,,3.85,1.73,1.81,2.6,220.71,3.85,4.1,1.04,0.96
20/07/2021,3:37:00 PM,3:38:18 PM,Menangle,NSW,6,185445094,R6 1609m Pace M,185445095,Harness,1609,Pace,23681549,3,Southbound Train,LOSER,9.33,WINNER,,611.62,22,9.6,9.8,11.77,1374.87,420,5.9,120,13.55,227.55,,3.9,3.05,3.05,3.4,295.7,11,12,1.04,0.96
20/07/2021,3:37:00 PM,3:38:18 PM,Menangle,NSW,6,185445094,R6 1609m Pace M,185445095,Harness,1609,Pace,36527044,4,Pikarso,LOSER,8.22,LOSER,,812.94,9.4,5.2,9,8.24,461.43,490,1.8,220,14.23,96.89,,2.88,2.4,2.58,2.57,24.17,7.8,8.6,1.04,0.96
20/07/2021,3:37:00 PM,3:38:18 PM,Menangle,NSW,6,185445094,R6 1609m Pace M,185445095,Harness,1609,Pace,40208998,5,Pippa Maguire,LOSER,22.36,LOSER,,589.89,29,8.2,25,20.42,416.7,780,21,300,28.35,193.39,,4.7,4.4,4.4,4.57,15,26,29,1.04,0.96
20/07/2021,3:37:00 PM,3:38:18 PM,Menangle,NSW,6,185445094,R6 1609m Pace M,185445095,Harness,1609,Pace,35994336,6,Mi Furioso Toro,LOSER,37.48,LOSER,,220.21,80,44,60,52.63,96.47,1000,17.5,120,42.34,142.9,,11,11,11,11,9.72,50,65,1.04,0.96
20/07/2021,3:37:00 PM,3:38:18 PM,Menangle,NSW,6,185445094,R6 1609m Pace M,185445095,Harness,1609,Pace,40208999,7,Bettarun,LOSER,162.16,LOSER,,37.06,170,70,170,101.26,20.51,700,180,700,294.09,11.08,,27,21,21,24.39,11.47,85,100,1.04,0.96
20/07/2021,3:37:00 PM,3:38:18 PM,Menangle,NSW,6,185445094,R6 1609m Pace M,185445095,Harness,1609,Pace,40209000,8,Feels Lika Boss,LOSER,12.36,LOSER,,724.58,23,11.5,13,13.28,491.02,420,7.8,190,15.96,141.93,,3.4,3.2,3.35,3.35,106.15,12.5,13.5,1.04,0.96
20/07/2021,3:37:00 PM,3:38:18 PM,Menangle,NSW,6,185445094,R6 1609m Pace M,185445095,Harness,1609,Pace,40209001,9,Boyzhavtime,WINNER,6.93,WINNER,,1250.8,9.2,6.8,7.6,7.35,815.06,9.8,1.01,1.01,2.75,2298.53,,3,2.6,2.8,2.79,129.3,8.4,9,1.04,0.96
20/07/2021,3:37:00 PM,3:38:18 PM,Menangle,NSW,6,185445094,R6 1609m Pace M,185445095,Harness,1609,Pace,23173724,10,American Flyer,LOSER,7.23,WINNER,,783.48,9.8,4.4,7.6,8.36,794.5,290,2.1,85,10.87,151.64,,,,,,,9,9.4,1.04,0.96
20/07/2021,4:16:00 PM,4:19:21 PM,Menangle,NSW,7,185445096,R7 1609m Pace M,185445097,Harness,1609,Pace,24035674,1,Miss Mach,LOSER,46.84,WINNER,,161.97,110,38,44,52.3,331.87,780,3.8,780,46.59,48.08,,6.6,5.6,6.4,6.36,22.73,55,65,0.91,0.99
20/07/2021,4:16:00 PM,4:19:21 PM,Menangle,NSW,7,185445096,R7 1609m Pace M,185445097,Harness,1609,Pace,36306874,2,Crackabrie,LOSER,20.24,LOSER,,1033.65,34,8.4,18,13.39,4044.73,790,2.2,780,39.08,85.61,,3.4,2.4,2.8,2.8,2549.42,16,18,0.91,0.99
20/07/2021,4:16:00 PM,4:19:21 PM,Menangle,NSW,7,185445096,R7 1609m Pace M,185445097,Harness,1609,Pace,18528210,4,Cowboys N Indians,LOSER,8.83,LOSER,,773.67,16,6.6,8.8,9.83,1800.8,700,8,700,29.62,64.55,,3,2.5,2.54,2.63,245.34,10,10,0.91,0.99
20/07/2021,4:16:00 PM,4:19:21 PM,Menangle,NSW,7,185445096,R7 1609m Pace M,185445097,Harness,1609,Pace,27850941,5,Mustang Milly,LOSER,2.28,LOSER,,2901.37,3.05,1.96,2.26,2.28,13851.58,700,1.8,270,4.61,2133.78,,1.33,1.08,1.26,1.28,767.14,2.78,2.16,0.91,0.99
20/07/2021,4:16:00 PM,4:19:21 PM,Menangle,NSW,7,185445096,R7 1609m Pace M,185445097,Harness,1609,Pace,24608361,6,Fire And Sword,LOSER,20.36,LOSER,,474.14,38,20,21,27.25,485.35,1000,2,80,47.11,76.33,,5.6,3.45,3.45,3.78,303.57,25,26,0.91,0.99
20/07/2021,4:16:00 PM,4:19:21 PM,Menangle,NSW,7,185445096,R7 1609m Pace M,185445097,Harness,1609,Pace,27673872,7,Shades Of Heaven,LOSER,59.58,LOSER,,129.11,130,36,65,73.8,133.3,700,80,580,129.03,6.23,,9.2,8.2,8.6,8.61,38.6,95,110,0.91,0.99
20/07/2021,4:16:00 PM,4:19:21 PM,Menangle,NSW,7,185445096,R7 1609m Pace M,185445097,Harness,1609,Pace,586899,8,Divine Diva,WINNER,4.19,WINNER,,1627.97,4.5,3.35,4.2,3.99,5191.67,24,1.01,1.02,2.13,2627.27,,1.74,1.45,1.67,1.68,430.17,4,4.1,0.91,0.99
20/07/2021,4:16:00 PM,4:19:21 PM,Menangle,NSW,7,185445096,R7 1609m Pace M,185445097,Harness,1609,Pace,21413045,9,Held To Ransom,LOSER,12.58,WINNER,,688.33,16.5,5.7,13.5,11.87,916.42,220,1.12,100,8.29,631.29,,2.7,2.06,2.68,2.65,92.84,13.5,14.5,0.91,0.99
20/07/2021,4:56:00 PM,4:57:46 PM,Menangle,NSW,8,185445098,R8 1609m Pace M,185445099,Harness,1609,Pace,12939026,1,Pocket More For Less,LOSER,40,WINNER,,189.36,65,42,46,48.57,51.04,780,8,770,36.48,111.63,,7.4,6.8,6.8,7.05,97.79,42,46,1.04,0.97
20/07/2021,4:56:00 PM,4:57:46 PM,Menangle,NSW,8,185445098,R8 1609m Pace M,185445099,Harness,1609,Pace,20358722,2,Jackbkwik,LOSER,138.19,LOSER,,33,170,42,170,92.24,16.66,940,130,700,253.44,28.62,,21,20,20,20.68,15.81,85,95,1.04,0.97
20/07/2021,4:56:00 PM,4:57:46 PM,Menangle,NSW,8,185445098,R8 1609m Pace M,185445099,Harness,1609,Pace,7666760,3,Stronghold,LOSER,24.29,LOSER,,172.99,29,12,24,21.47,118.02,780,4.1,770,30.43,69.17,,4.2,3.75,4.2,3.86,54.19,21,23,1.04,0.97
20/07/2021,4:56:00 PM,4:57:46 PM,Menangle,NSW,8,185445098,R8 1609m Pace M,185445099,Harness,1609,Pace,19388089,4,Crossfirehall,LOSER,40.71,LOSER,,129.78,48,18,38,35.16,81.7,780,19,780,63.46,28.64,,6.2,5.3,6.2,5.51,44.08,30,34,1.04,0.97
20/07/2021,4:56:00 PM,4:57:46 PM,Menangle,NSW,8,185445098,R8 1609m Pace M,185445099,Harness,1609,Pace,24117458,5,Queenofdance,WINNER,4.35,WINNER,,1633.9,6.2,3.7,4.1,4.23,1968.17,10.5,1.05,1.08,3.75,2362.27,,1.78,1.66,1.66,1.75,42.22,4.3,4.6,1.04,0.97
20/07/2021,4:56:00 PM,4:57:46 PM,Menangle,NSW,8,185445098,R8 1609m Pace M,185445099,Harness,1609,Pace,23793294,6,Hellofalass,LOSER,5.82,WINNER,,979.06,13,4.6,5.1,5.42,2430.75,40,1.23,16,5.24,439.03,,,,,,,4.9,5.3,1.04,0.97
20/07/2021,4:56:00 PM,4:57:46 PM,Menangle,NSW,8,185445098,R8 1609m Pace M,185445099,Harness,1609,Pace,39242318,7,No Nukes Skipper,LOSER,3.12,LOSER,,2772.77,4.3,3,3.2,3.57,4714.43,490,3,270,3.86,1076.98,,1.72,1.63,1.63,1.68,409.24,3.45,3.65,1.04,0.97
20/07/2021,4:56:00 PM,4:57:46 PM,Menangle,NSW,8,185445098,R8 1609m Pace M,185445099,Harness,1609,Pace,38256427,8,Ready To Bloom,LOSER,8.03,LOSER,,564.03,8,5,7.8,7,660.56,290,7.4,140,14.38,175.59,,2.14,1.98,2.1,2.03,651.69,6.8,7,1.04,0.97
20/07/2021,4:56:00 PM,4:57:46 PM,Menangle,NSW,8,185445098,R8 1609m Pace M,185445099,Harness,1609,Pace,26585551,9,Yuko,LOSER,23.48,LOSER,,219.67,42,19,23,23.24,201.31,780,10.5,650,30.27,77.94,,4.5,3.5,3.95,3.68,341.18,20,23,1.04,0.97
20/07/2021,5:34:00 PM,5:34:42 PM,Menangle,NSW,9,185445100,R9 1609m Pace M,185445101,Harness,1609,Pace,19544203,1,Prosecution Witness,LOSER,3.31,WINNER,,2552.55,4.3,2.52,3.4,3.42,6890.42,120,1.32,4.1,3.3,2162.5,,1.39,1.25,1.26,1.28,292.84,3.25,3.35,1.02,0.98
20/07/2021,5:34:00 PM,5:34:42 PM,Menangle,NSW,9,185445100,R9 1609m Pace M,185445101,Harness,1609,Pace,7161590,3,Jedi Mind,LOSER,107.5,LOSER,,60.18,180,48,100,103.3,96.63,1000,50,700,169.04,14.32,,7,5.2,5.4,5.64,56.08,95,110,1.02,0.98
20/07/2021,5:34:00 PM,5:34:42 PM,Menangle,NSW,9,185445100,R9 1609m Pace M,185445101,Harness,1609,Pace,10733095,4,Top The Ace,WINNER,41.45,WINNER,,301.34,90,15,48,44.61,280.29,80,1.01,1.33,2.55,2644.9,,4.1,3.6,4,3.93,22.46,40,46,1.02,0.98
20/07/2021,5:34:00 PM,5:34:42 PM,Menangle,NSW,9,185445100,R9 1609m Pace M,185445101,Harness,1609,Pace,23046947,5,Aalesund,LOSER,120,LOSER,,34.99,200,42,140,110.74,78.51,1000,75,700,238.97,7.38,,7,4.7,7,6.78,26.69,95,100,1.02,0.98
20/07/2021,5:34:00 PM,5:34:42 PM,Menangle,NSW,9,185445100,R9 1609m Pace M,185445101,Harness,1609,Pace,11831828,6,Most Happy Cullen,LOSER,79.84,WINNER,,80,140,28,80,80.18,115.25,1000,19,580,118.17,25.08,,5.8,4.5,5.8,5.22,155.74,70,85,1.02,0.98
20/07/2021,5:34:00 PM,5:34:42 PM,Menangle,NSW,9,185445100,R9 1609m Pace M,185445101,Harness,1609,Pace,24539945,7,Teddy Feels Good,LOSER,1.91,LOSER,,3310.41,2.68,1.67,1.87,1.87,12414.33,1000,1.77,270,2.59,2267.31,,1.21,1.13,1.21,1.16,744.33,1.93,1.96,1.02,0.98
20/07/2021,5:34:00 PM,5:34:42 PM,Menangle,NSW,9,185445100,R9 1609m Pace M,185445101,Harness,1609,Pace,28178968,9,Our Money Rocks,LOSER,8.79,LOSER,,704.48,12,6.6,8.2,8.38,1925.23,900,6,690,17.55,205.23,,1.91,1.7,1.86,1.8,883.81,7.8,8.6,1.02,0.98
20/07/2021,5:34:00 PM,5:34:42 PM,Menangle,NSW,9,185445100,R9 1609m Pace M,185445101,Harness,1609,Pace,18543787,10,Please Shuddup,LOSER,341.33,LOSER,,66.83,250,90,230,178.64,49.3,1000,230,1000,361.35,28.56,,12.5,7.6,12.5,10.35,10,190,230,1.02,0.98
20/07/2021,5:15:00 PM,5:15:35 PM,Young,NSW,1,185444786,R1 1720m Pace M,185444787,Harness,1720,Pace,11612916,1,Our Bushwacker,LOSER,5.4,WINNER,,828.78,7.6,4.7,5.4,5.94,1682.52,140,3.25,110,9.73,566.09,,2.12,1.74,1.75,1.84,185.2,6.4,6.8,1.03,0.98
20/07/2021,5:15:00 PM,5:15:35 PM,Young,NSW,1,185444786,R1 1720m Pace M,185444787,Harness,1720,Pace,4420745,2,Tromso,WINNER,2.3,WINNER,,3074.58,2.64,1.91,2.36,2.17,9005.15,2.98,1.01,1.01,1.53,6313.1,,1.26,1.21,1.26,1.24,94.12,2.18,2.2,1.03,0.98
20/07/2021,5:15:00 PM,5:15:35 PM,Young,NSW,1,185444786,R1 1720m Pace M,185444787,Harness,1720,Pace,36036866,3,Artistic Trouble,LOSER,13.7,LOSER,,465.73,26,13,17.5,15.1,529.26,890,11.5,890,42.53,89.35,,3.75,3.7,3.75,3.73,9.98,14,15.5,1.03,0.98
20/07/2021,5:15:00 PM,5:15:35 PM,Young,NSW,1,185444786,R1 1720m Pace M,185444787,Harness,1720,Pace,8292328,6,Indiana Angel,LOSER,47.64,LOSER,,151.91,90,28,70,54.94,68.87,750,4.1,750,43.85,71.67,,10,6.6,6.6,8.68,12.86,46,50,1.03,0.98
20/07/2021,5:15:00 PM,5:15:35 PM,Young,NSW,1,185444786,R1 1720m Pace M,185444787,Harness,1720,Pace,27789848,7,Lettuceroll,LOSER,6.96,LOSER,,780.61,7.8,5,6.4,6.29,1258.63,490,5.7,490,11.73,413.9,,2.12,1.79,1.96,1.94,178.26,6.2,6.6,1.03,0.98
20/07/2021,5:15:00 PM,5:15:35 PM,Young,NSW,1,185444786,R1 1720m Pace M,185444787,Harness,1720,Pace,39989719,8,One Horn Billy,LOSER,8,WINNER,,878.97,13.5,7.6,8.2,9.36,1173.45,540,8,540,33.51,188.45,,2.58,1.98,2.2,2.2,41.37,9.4,10,1.03,0.98
20/07/2021,5:15:00 PM,5:15:35 PM,Young,NSW,1,185444786,R1 1720m Pace M,185444787,Harness,1720,Pace,31077449,9,Kalypso Sam,LOSER,26.45,LOSER,,344.24,48,11.5,32,27.53,185.89,900,12.5,300,27.57,81.4,,5.8,3.3,4.3,4.28,193.95,24,28,1.03,0.98
20/07/2021,5:15:00 PM,5:15:35 PM,Young,NSW,1,185444786,R1 1720m Pace M,185444787,Harness,1720,Pace,9306936,10,Burning Shadows,LOSER,113.63,LOSER,,71.21,130,60,120,95.73,49.15,900,90,900,157.34,6.37,,19,9.8,10,16.23,38.84,90,130,1.03,0.98
20/07/2021,5:49:00 PM,5:49:35 PM,Young,NSW,2,185444788,R2 1720m Pace M,185444789,Harness,1720,Pace,27560197,1,Josie Ella,LOSER,24.83,WINNER,,425.73,48,11.5,26,30.16,315.61,1000,2.34,160,41.79,99.08,,6.2,3.05,3.7,3.88,622.82,28,32,1.03,0.97
20/07/2021,5:49:00 PM,5:49:35 PM,Young,NSW,2,185444788,R2 1720m Pace M,185444789,Harness,1720,Pace,39647865,2,Desmond,LOSER,2.68,LOSER,,2947.09,5,2.4,2.78,2.7,8891.97,700,2.64,700,10.51,1317.05,,1.56,1.33,1.54,1.44,514.84,2.58,2.64,1.03,0.97
20/07/2021,5:49:00 PM,5:49:35 PM,Young,NSW,2,185444788,R2 1720m Pace M,185444789,Harness,1720,Pace,24796582,3,Holy Camp Caprhyse,LOSER,8.6,LOSER,,960.77,9.4,4.9,8.2,7.8,362.06,1000,1.73,1000,7.12,1561.93,,2.66,1.94,2.66,1.98,109.98,8,8.8,1.03,0.97
20/07/2021,5:49:00 PM,5:49:35 PM,Young,NSW,2,185444788,R2 1720m Pace M,185444789,Harness,1720,Pace,7337249,4,Crime Time,WINNER,4.9,WINNER,,1376.62,5.9,3.6,4.9,5.37,2992.13,9,1.01,1.01,1.78,2215.42,,1.96,1.77,1.93,1.84,133.21,4.9,5.1,1.03,0.97
20/07/2021,5:49:00 PM,5:49:35 PM,Young,NSW,2,185444788,R2 1720m Pace M,185444789,Harness,1720,Pace,24074956,5,Kickatinalongpony,LOSER,13.5,WINNER,,495.29,16,9.8,13.5,13.05,321.42,280,4.3,100,15.54,145.1,,3.65,3.05,3.2,3.32,1220.95,13,13.5,1.03,0.97
20/07/2021,5:49:00 PM,5:49:35 PM,Young,NSW,2,185444788,R2 1720m Pace M,185444789,Harness,1720,Pace,6869842,6,Enemy Lines,LOSER,43.45,LOSER,,230.07,55,15.5,44,42.86,131.82,770,34,700,82.32,16.32,,9.8,6.4,8.4,7.92,142.62,38,44,1.03,0.97
20/07/2021,5:49:00 PM,5:49:35 PM,Young,NSW,2,185444788,R2 1720m Pace M,185444789,Harness,1720,Pace,36255492,7,Golden Zara,LOSER,25.78,LOSER,,292.58,85,18,29,43.88,110.4,90,12.5,85,43.72,65.85,,6.8,5.4,5.4,6.11,180.29,30,34,1.03,0.97
20/07/2021,5:49:00 PM,5:49:35 PM,Young,NSW,2,185444788,R2 1720m Pace M,185444789,Harness,1720,Pace,28224145,8,Navua Commanche,LOSER,8.2,LOSER,,803.93,9.8,5.5,7.6,6.87,4634.99,700,5,700,8.51,218.04,,2.6,2.24,2.34,2.4,364.3,8,9.4,1.03,0.97
20/07/2021,5:49:00 PM,5:49:35 PM,Young,NSW,2,185444788,R2 1720m Pace M,185444789,Harness,1720,Pace,16749027,10,Uroc Baby,LOSER,42.67,LOSER,,211.61,60,11,48,39.59,162.12,700,17,700,57.66,39.82,,14.5,3.35,5.6,4.86,509.06,50,60,1.03,0.97
20/07/2021,6:14:00 PM,6:14:30 PM,Young,NSW,3,185444790,R3 2100m Pace M,185444791,Harness,2100,Pace,23582256,1,Crime Dont Pay,WINNER,1.86,WINNER,,2941.99,2.44,1.7,1.87,1.84,10059.09,2,1.01,1.01,1.43,7483.33,,1.34,1.15,1.2,1.23,1310.25,1.83,1.88,1.03,0.97
20/07/2021,6:14:00 PM,6:14:30 PM,Young,NSW,3,185444790,R3 2100m Pace M,185444791,Harness,2100,Pace,28342476,2,Turbo Tommy,LOSER,10.67,WINNER,,498.13,12.5,8,10,9.99,336.41,110,2.18,100,7.83,163.28,,2.72,1.99,2.26,2.17,94.79,9.8,11,1.03,0.97
20/07/2021,6:14:00 PM,6:14:30 PM,Young,NSW,3,185444790,R3 2100m Pace M,185444791,Harness,2100,Pace,23390610,3,Kalypso King,LOSER,12.5,LOSER,,376.73,17,9.6,12,13.04,317.86,900,6.8,900,40.98,70.88,,3.25,3.1,3.1,3.1,39.91,12.5,14,1.03,0.97
20/07/2021,6:14:00 PM,6:14:30 PM,Young,NSW,3,185444790,R3 2100m Pace M,185444791,Harness,2100,Pace,20947320,4,Promise To Rock,LOSER,17,LOSER,,243.37,29,11.5,19,20.79,170.64,700,12,270,32.78,115.78,,3.4,3.3,3.4,3.35,29.28,20,24,1.03,0.97
20/07/2021,6:14:00 PM,6:14:30 PM,Young,NSW,3,185444790,R3 2100m Pace M,185444791,Harness,2100,Pace,9104450,6,Sultan Fella,LOSER,64.4,LOSER,,88.76,130,55,75,81.53,76.61,700,55,700,81.9,16.2,,,,,,,75,110,1.03,0.97
20/07/2021,6:14:00 PM,6:14:30 PM,Young,NSW,3,185444790,R3 2100m Pace M,185444791,Harness,2100,Pace,28306357,7,Modern Power,LOSER,55,WINNER,,106.78,75,22,55,49.77,242.24,700,22,700,52.38,28.78,,6.4,4,4,5.05,317.41,46,55,1.03,0.97
20/07/2021,6:14:00 PM,6:14:30 PM,Young,NSW,3,185444790,R3 2100m Pace M,185444791,Harness,2100,Pace,11505586,8,Im Major Harry,LOSER,6.38,LOSER,,685.58,8,5.2,6,5.95,933.39,870,5.9,870,10.57,218.52,,1.87,1.52,1.75,1.68,16.47,5.8,6,1.03,0.97
20/07/2021,6:14:00 PM,6:14:30 PM,Young,NSW,3,185444790,R3 2100m Pace M,185444791,Harness,2100,Pace,8586166,9,Peggyville,LOSER,25,LOSER,,225.42,40,16,28,28.55,151.12,700,25,290,42.77,28.83,,4,3.5,3.95,3.73,65,26,27,1.03,0.97
20/07/2021,6:14:00 PM,6:14:30 PM,Young,NSW,3,185444790,R3 2100m Pace M,185444791,Harness,2100,Pace,40209002,10,Cashbox,LOSER,143.39,LOSER,,57.31,300,65,160,142.68,37.95,960,130,350,203.18,16.47,,12.5,7.4,9.6,10.16,40,140,190,1.03,0.97
20/07/2021,6:39:00 PM,6:39:45 PM,Young,NSW,4,185444792,R4 1720m Pace M,185444793,Harness,1720,Pace,23827456,1,Tact Bess,LOSER,18,LOSER,,267.82,27,9.8,18.5,20.19,623.71,700,14.5,700,42.63,62.27,,4.3,3.4,3.7,3.87,26.04,21,23,1.04,0.97
20/07/2021,6:39:00 PM,6:39:45 PM,Young,NSW,4,185444792,R4 1720m Pace M,185444793,Harness,1720,Pace,12955315,2,Threes A Charm,LOSER,12.5,LOSER,,328.43,22,11.5,12,15.63,547.41,700,3.8,170,13.96,240.61,,3.8,2.56,2.72,2.76,109.51,15,17,1.04,0.97
20/07/2021,6:39:00 PM,6:39:45 PM,Young,NSW,4,185444792,R4 1720m Pace M,185444793,Harness,1720,Pace,9646379,3,Dot Ayou,LOSER,370,LOSER,,38.29,630,200,370,254.38,34.32,730,370,430,582.93,1.66,,17,15.5,17,16.36,5.95,210,360,1.04,0.97
20/07/2021,6:39:00 PM,6:39:45 PM,Young,NSW,4,185444792,R4 1720m Pace M,185444793,Harness,1720,Pace,16286472,4,Mangochililime,LOSER,54.45,LOSER,,106.28,75,40,70,50.17,92.03,700,30,700,91.77,21.64,,9.6,5.8,5.8,7.27,30.88,40,50,1.04,0.97
20/07/2021,6:39:00 PM,6:39:45 PM,Young,NSW,4,185444792,R4 1720m Pace M,185444793,Harness,1720,Pace,24930157,5,Float On By,LOSER,57.85,WINNER,,130.04,95,55,75,70.12,59.26,760,8.6,760,55.4,84.79,,8.4,6.4,6.4,7.6,176,65,70,1.04,0.97
20/07/2021,6:39:00 PM,6:39:45 PM,Young,NSW,4,185444792,R4 1720m Pace M,185444793,Harness,1720,Pace,9403901,6,Kenfury Lass,LOSER,204.06,LOSER,,63.28,390,110,200,163.44,42.69,700,190,700,298.02,7.94,,40,22,28,31.37,17.78,170,210,1.04,0.97
20/07/2021,6:39:00 PM,6:39:45 PM,Young,NSW,4,185444792,R4 1720m Pace M,185444793,Harness,1720,Pace,19100807,7,Major Huss,LOSER,6.69,LOSER,,804.94,10.5,5.1,6.8,6.03,4021.1,700,4.4,700,7.51,642.3,,1.81,1.66,1.8,1.8,30.32,6.4,7,1.04,0.97
20/07/2021,6:39:00 PM,6:39:45 PM,Young,NSW,4,185444792,R4 1720m Pace M,185444793,Harness,1720,Pace,34357930,8,Uroc Skinny Jeans,LOSER,3.43,WINNER,,1373.78,3.7,2.82,3.3,3.18,5681.94,1000,1.74,1000,2.43,5364.15,,1.5,1.26,1.45,1.42,513.45,3.1,3.35,1.04,0.97
20/07/2021,6:39:00 PM,6:39:45 PM,Young,NSW,4,185444792,R4 1720m Pace M,185444793,Harness,1720,Pace,3553341,9,Lochiel,WINNER,2.65,WINNER,,2241.97,3.4,2.24,2.5,2.66,4844.02,4.7,1.01,1.01,1.55,3685.49,,1.66,1.3,1.35,1.36,324.76,2.52,2.6,1.04,0.97
20/07/2021,7:10:00 PM,7:10:35 PM,Young,NSW,5,185444794,R5 2100m Pace M,185444795,Harness,2100,Pace,24444080,1,Goodtime Junior,WINNER,6.2,WINNER,,727.99,9.6,6.2,6.2,7.06,1007.28,6,1.01,1.01,1.9,1377.69,,2.38,2.02,2.02,2.12,129.5,6.8,7.2,1.04,0.99
20/07/2021,7:10:00 PM,7:10:35 PM,Young,NSW,5,185444794,R5 2100m Pace M,185444795,Harness,2100,Pace,17410297,2,Toro Delago,LOSER,8.13,LOSER,,481.34,9.6,6.6,7.4,7.57,930.51,700,5.2,700,20.86,40.28,,2.32,2.14,2.2,2.21,249.68,7.8,8.2,1.04,0.99
20/07/2021,7:10:00 PM,7:10:35 PM,Young,NSW,5,185444794,R5 2100m Pace M,185444795,Harness,2100,Pace,17493361,3,My Mels Place,LOSER,46.45,LOSER,,133.26,70,22,38,47.27,114.36,740,12.5,740,50.92,37.03,,8.2,3.8,8.2,4.91,6.69,55,70,1.04,0.99
20/07/2021,7:10:00 PM,7:10:35 PM,Young,NSW,5,185444794,R5 2100m Pace M,185444795,Harness,2100,Pace,28181717,4,Four Starzzz Lil,LOSER,3.01,WINNER,,2188.77,3.65,2.18,3.05,2.6,8504.25,770,1.91,600,3.71,1598.82,,1.6,1.32,1.4,1.41,157.47,2.44,2.48,1.04,0.99
20/07/2021,7:10:00 PM,7:10:35 PM,Young,NSW,5,185444794,R5 2100m Pace M,185444795,Harness,2100,Pace,27757621,5,Camnat,LOSER,146.72,LOSER,,47.97,200,65,120,112.51,88.74,700,50,690,72.72,16.62,,13,10,13,11.25,8.51,95,110,1.04,0.99
20/07/2021,7:10:00 PM,7:10:35 PM,Young,NSW,5,185444794,R5 2100m Pace M,185444795,Harness,2100,Pace,25018220,6,She Owns The Day,LOSER,13.76,LOSER,,393.25,18,11,14,13.42,382.48,700,12,490,29.63,34.57,,2.9,2.44,2.78,2.75,257.45,13,14,1.04,0.99
20/07/2021,7:10:00 PM,7:10:35 PM,Young,NSW,5,185444794,R5 2100m Pace M,185444795,Harness,2100,Pace,14509987,7,Billysbredone,LOSER,8.8,WINNER,,482.15,9.4,4.7,9,8.08,377.06,770,2.14,490,7.16,142.37,,3,2.36,2.36,2.78,21.27,8.4,9.4,1.04,0.99
20/07/2021,7:10:00 PM,7:10:35 PM,Young,NSW,5,185444794,R5 2100m Pace M,185444795,Harness,2100,Pace,24553965,8,Monterei Heaven,LOSER,11,LOSER,,531.06,12.5,5.1,11,7.37,1923.34,700,8.4,700,17.61,209.1,,2.6,2.6,2.6,2.6,5.62,11,11.5,1.04,0.99
20/07/2021,7:10:00 PM,7:10:35 PM,Young,NSW,5,185444794,R5 2100m Pace M,185444795,Harness,2100,Pace,13117841,9,Black Derby,LOSER,184.26,LOSER,,42.08,270,75,180,122.65,51.71,950,270,950,542.83,0.74,,12.5,12.5,12.5,12.5,2,95,120,1.04,0.99
20/07/2021,7:10:00 PM,7:10:35 PM,Young,NSW,5,185444794,R5 2100m Pace M,185444795,Harness,2100,Pace,25574570,10,Classic Arc,LOSER,38.71,LOSER,,148.2,55,30,42,34.54,111.5,920,20,920,105.66,10.88,,,,,,,32,36,1.04,0.99
20/07/2021,7:40:00 PM,7:40:50 PM,Young,NSW,6,185444796,R6 1720m Pace M,185444797,Harness,1720,Pace,7610163,1,Emerging Art,LOSER,25.3,LOSER,,156.04,42,18.5,18.5,25.25,210.51,920,22,920,80.84,43.84,,5.5,5.3,5.4,5.37,22,23,25,0.99,0.97
20/07/2021,7:40:00 PM,7:40:50 PM,Young,NSW,6,185444796,R6 1720m Pace M,185444797,Harness,1720,Pace,11100634,2,London Lady,LOSER,309.07,LOSER,,38.09,380,100,230,221.5,42.98,700,230,700,318.57,20.99,,,,,,,230,310,0.99,0.97
20/07/2021,7:40:00 PM,7:40:50 PM,Young,NSW,6,185444796,R6 1720m Pace M,185444797,Harness,1720,Pace,17427954,3,Roll Along Jane,LOSER,45.53,LOSER,,84.06,55,34,42,45.97,107.06,700,20,690,62.29,16.68,,,,,,,44,48,0.99,0.97
20/07/2021,7:40:00 PM,7:40:50 PM,Young,NSW,6,185444796,R6 1720m Pace M,185444797,Harness,1720,Pace,19543759,4,Majoress Jujon,LOSER,3.03,WINNER,,3043.4,4.3,2.68,2.78,3.05,4315.19,1000,1.5,1000,2.98,2721.28,,1.62,1.34,1.35,1.39,458.48,3.5,3.25,0.99,0.97
20/07/2021,7:40:00 PM,7:40:50 PM,Young,NSW,6,185444796,R6 1720m Pace M,185444797,Harness,1720,Pace,22847070,5,Dont Tell Phyllis,WINNER,4.26,WINNER,,1506.27,5.1,3.5,3.9,3.97,2106.6,17,1.01,1.01,1.66,2546.79,,1.87,1.58,1.61,1.62,93.93,3.65,3.9,0.99,0.97
20/07/2021,7:40:00 PM,7:40:50 PM,Young,NSW,6,185444796,R6 1720m Pace M,185444797,Harness,1720,Pace,23331636,6,Heavenly Song,LOSER,13.89,WINNER,,362.01,18,11,13.5,13.85,222.29,350,2.38,100,12.1,185.29,,3.05,3.05,3.05,3.05,2.92,13,14,0.99,0.97
20/07/2021,7:40:00 PM,7:40:50 PM,Young,NSW,6,185444796,R6 1720m Pace M,185444797,Harness,1720,Pace,23243895,7,Jesszz Reflection,LOSER,25.44,LOSER,,234.25,42,26,27,30.18,66.23,910,24,300,55.26,27.18,,5.6,5.6,5.6,5.6,6.5,27,32,0.99,0.97
20/07/2021,7:40:00 PM,7:40:50 PM,Young,NSW,6,185444796,R6 1720m Pace M,185444797,Harness,1720,Pace,36864349,8,Sailalong Sinbad,LOSER,8.4,LOSER,,767.4,8.2,3.3,8.2,6.18,942.4,700,6.4,220,20.18,127.45,,2.82,1.62,2.16,2.38,344.06,6.8,7.2,0.99,0.97
20/07/2021,7:40:00 PM,7:40:50 PM,Young,NSW,6,185444796,R6 1720m Pace M,185444797,Harness,1720,Pace,28036817,9,Chase The Feeling,LOSER,16.5,LOSER,,393.23,16.5,12,16,15.29,235.31,700,16.5,490,68.87,15.45,,3.95,3.2,3.5,3.5,5.45,15,15.5,0.99,0.97
20/07/2021,7:40:00 PM,7:40:50 PM,Young,NSW,6,185444796,R6 1720m Pace M,185444797,Harness,1720,Pace,28262041,10,Red,LOSER,33.32,LOSER,,189.41,40,18.5,40,30.08,131.83,900,32,900,119.42,21.35,,,,,,,27,30,0.99,0.97
20/07/2021,8:10:00 PM,8:11:04 PM,Young,NSW,7,185444798,R7 1720m Pace M,185444799,Harness,1720,Pace,19215404,1,Davids Hope,LOSER,4.5,LOSER,,724.98,7,3.8,4.4,5.35,1102.91,700,4.5,630,10.52,206.16,,2.2,1.66,1.74,2,407.2,5.5,6.2,1.05,0.97
20/07/2021,8:10:00 PM,8:11:04 PM,Young,NSW,7,185444798,R7 1720m Pace M,185444799,Harness,1720,Pace,28216453,2,Trevnjude,LOSER,36.04,LOSER,,189.04,55,32,38,39.35,74.51,780,30,700,124.17,29.49,,5.9,4.7,5.1,5.38,42.12,40,42,1.05,0.97
20/07/2021,8:10:00 PM,8:11:04 PM,Young,NSW,7,185444798,R7 1720m Pace M,185444799,Harness,1720,Pace,40209003,3,Getaloadacam,LOSER,3.82,LOSER,,1266.83,6,3.6,4.1,4.23,3195.36,700,3.5,700,7.28,171.02,,1.79,1.57,1.58,1.66,139.23,4,4.2,1.05,0.97
20/07/2021,8:10:00 PM,8:11:04 PM,Young,NSW,7,185444798,R7 1720m Pace M,185444799,Harness,1720,Pace,39508181,4,Hoi An,LOSER,47.25,WINNER,,257.09,140,6,65,22.78,722.7,770,26,770,90.76,146.53,,40,2.92,22,5.59,591.64,12.5,14,1.05,0.97
20/07/2021,8:10:00 PM,8:11:04 PM,Young,NSW,7,185444798,R7 1720m Pace M,185444799,Harness,1720,Pace,40209004,5,Justrollingaround,LOSER,23.8,WINNER,,196.86,38,17.5,27,27.95,119.91,700,1.31,700,9.88,399.24,,5.7,3.9,4.9,4.82,32.45,28,34,1.05,0.97
20/07/2021,8:10:00 PM,8:11:04 PM,Young,NSW,7,185444798,R7 1720m Pace M,185444799,Harness,1720,Pace,40209005,7,Soho Osaka,LOSER,7.08,LOSER,,925,7.6,4.7,7,5.84,1090.32,700,5.5,700,11.28,183.98,,2.28,1.93,2.04,2.06,97.18,5,5.3,1.05,0.97
20/07/2021,8:10:00 PM,8:11:04 PM,Young,NSW,7,185444798,R7 1720m Pace M,185444799,Harness,1720,Pace,2792903,8,La Peregrina,WINNER,3.59,WINNER,,1498.17,6.8,3.75,3.85,4.15,3698.56,32,1.01,1.01,1.78,3072.08,,2,1.59,1.59,1.68,297.09,4.3,4.5,1.05,0.97
20/07/2021,8:10:00 PM,8:11:04 PM,Young,NSW,7,185444798,R7 1720m Pace M,185444799,Harness,1720,Pace,40209006,9,Irish Speed,LOSER,21.01,LOSER,,210.32,36,22,25,25.4,130.6,220,1.06,220,8.51,672.96,,6.4,4.1,4.3,5.58,49.49,25,27,1.05,0.97
20/07/2021,8:55:00 PM,8:54:30 PM,Young,NSW,8,185444800,R8 1720m Pace M,185444801,Harness,1720,Pace,40209008,1,Tiger Tommy,LOSER,92.46,WINNER,,166.19,140,32,120,110.46,52.68,370,2.1,100,47.87,27.3,,14,6.6,10.5,10.33,199.65,80,170,1.2,0.71
20/07/2021,8:55:00 PM,8:54:30 PM,Young,NSW,8,185444800,R8 1720m Pace M,185444801,Harness,1720,Pace,40209009,2,Beatboxer,WINNER,4.19,WINNER,,1463.38,4.6,3.25,3.95,4.1,4797.3,8.2,1.01,1.02,1.9,2511.32,,1.81,1.63,1.81,1.73,58.59,3.85,4.7,1.2,0.71
20/07/2021,8:55:00 PM,8:54:30 PM,Young,NSW,8,185444800,R8 1720m Pace M,185444801,Harness,1720,Pace,40209010,3,Uptown Beachgirl,LOSER,35.98,LOSER,,205.29,75,21,40,35.67,204.62,700,15.5,700,66.67,15.81,,,,,,,29,55,1.2,0.71
20/07/2021,8:55:00 PM,8:54:30 PM,Young,NSW,8,185444800,R8 1720m Pace M,185444801,Harness,1720,Pace,39478539,4,Glenrock,LOSER,17,LOSER,,433.69,20,13,18,15.53,427.03,900,17,900,64.99,34.53,,3.95,3.35,3.95,3.55,35.6,15.5,26,1.2,0.71
20/07/2021,8:55:00 PM,8:54:30 PM,Young,NSW,8,185444800,R8 1720m Pace M,185444801,Harness,1720,Pace,40209011,5,Nellie Pepper,LOSER,210.56,LOSER,,60.95,460,27,460,163.52,58.38,930,140,930,253,6.87,,28,12,18.5,14.11,22.96,110,610,1.2,0.71
20/07/2021,8:55:00 PM,8:54:30 PM,Young,NSW,8,185444800,R8 1720m Pace M,185444801,Harness,1720,Pace,40209012,6,Bling It Up,LOSER,3.85,LOSER,,1106.12,4.6,3.35,3.85,4.13,2606.18,700,2.12,490,4.35,717.81,,2.04,1.75,1.75,1.95,465.87,2.66,5.1,1.2,0.71
20/07/2021,8:55:00 PM,8:54:30 PM,Young,NSW,8,185444800,R8 1720m Pace M,185444801,Harness,1720,Pace,40209013,7,Brooklyn Bandit,LOSER,62.24,LOSER,,312.94,130,29,75,47.3,218.65,920,18.5,280,81.05,67.93,,8.8,6.8,8.8,7.44,57.26,110,180,1.2,0.71
20/07/2021,8:55:00 PM,8:54:30 PM,Young,NSW,8,185444800,R8 1720m Pace M,185444801,Harness,1720,Pace,40209014,8,Hurrikane Dude,LOSER,11.5,WINNER,,821.69,21,10.5,11.5,13,866.84,700,7,700,19.66,61.49,,3.3,3.1,3.1,3.22,69.25,8.2,16,1.2,0.71
20/07/2021,8:55:00 PM,8:54:30 PM,Young,NSW,8,185444800,R8 1720m Pace M,185444801,Harness,1720,Pace,40209015,9,Inverloch Dreaming,LOSER,6.7,LOSER,,874.45,11,5.7,6.8,6.4,1344.61,700,1.41,650,7.64,261.39,,2.32,2.02,2.32,2.19,233.29,7.2,12.5,1.2,0.71
20/07/2021,8:55:00 PM,8:54:30 PM,Young,NSW,8,185444800,R8 1720m Pace M,185444801,Harness,1720,Pace,4108566,10,Take Out,LOSER,6.2,LOSER,,960.78,9.6,5.7,6.2,6.11,1650.47,700,5.9,490,30.02,27.43,,2.06,2,2,2.03,42.72,5.9,11,1.2,0.71
20/07/2021,9:15:00 PM,9:15:31 PM,Young,NSW,9,185444802,R9 1720m Pace M,185444803,Harness,1720,Pace,20864646,1,Develstix,LOSER,7.92,LOSER,,690.78,9,4.7,7.2,6.63,676.47,880,12,880,38.34,66.29,,2.76,1.95,2.68,2.33,150.91,7,7.4,1.05,0.99
20/07/2021,9:15:00 PM,9:15:31 PM,Young,NSW,9,185444802,R9 1720m Pace M,185444803,Harness,1720,Pace,25394021,2,Rollwithpriscilla,LOSER,5.1,WINNER,,873.89,8,4.8,5.3,5.87,885.65,700,3,700,12.12,39.25,,2.34,1.99,2.1,2.09,69.62,6.2,6.6,1.05,0.99
20/07/2021,9:15:00 PM,9:15:31 PM,Young,NSW,9,185444802,R9 1720m Pace M,185444803,Harness,1720,Pace,27639042,3,Fullon,LOSER,6.04,WINNER,,735.69,7,4.3,6,5.03,743.16,290,2.3,140,10.67,150.81,,2.02,1.92,2.02,1.96,6.36,5.4,5.6,1.05,0.99
20/07/2021,9:15:00 PM,9:15:31 PM,Young,NSW,9,185444802,R9 1720m Pace M,185444803,Harness,1720,Pace,40209016,4,Left In The Wind,WINNER,6.88,WINNER,,723.38,8.4,5,7.8,6.41,262.24,7,1.01,1.01,1.51,2559.93,,2.14,2.14,2.14,2.14,1.39,7,8,1.05,0.99
20/07/2021,9:15:00 PM,9:15:31 PM,Young,NSW,9,185444802,R9 1720m Pace M,185444803,Harness,1720,Pace,18904338,5,What A Team,LOSER,19.86,LOSER,,302.34,48,21,24,26.66,104.14,920,19.5,420,60.2,63.57,,,,,,,24,26,1.05,0.99
20/07/2021,9:15:00 PM,9:15:31 PM,Young,NSW,9,185444802,R9 1720m Pace M,185444803,Harness,1720,Pace,8912697,6,Hardliner,LOSER,9.42,LOSER,,428.18,9.6,5.4,9.4,7.88,381.81,700,10.5,490,29.98,23.6,,2.86,2.28,2.86,2.74,212.55,8.6,9.4,1.05,0.99
20/07/2021,9:15:00 PM,9:15:31 PM,Young,NSW,9,185444802,R9 1720m Pace M,185444803,Harness,1720,Pace,16053375,7,Hard To Love,LOSER,7.6,LOSER,,838.36,16.5,6.4,7.6,9.56,616.05,700,11.5,700,32.18,26.06,,2.98,2.24,2.24,2.46,501.27,6.8,7,1.05,0.99
20/07/2021,9:15:00 PM,9:15:31 PM,Young,NSW,9,185444802,R9 1720m Pace M,185444803,Harness,1720,Pace,38405935,8,Coolalie Kid,LOSER,85,LOSER,,58.88,110,30,110,59.2,38.77,700,26,700,58.64,11.44,,,,,,,75,85,1.05,0.99
20/07/2021,9:15:00 PM,9:15:31 PM,Young,NSW,9,185444802,R9 1720m Pace M,185444803,Harness,1720,Pace,24517143,9,Funnily Enough,LOSER,210,LOSER,,28.22,230,46,210,123.73,13.09,940,210,940,336.06,2.24,,,,,,,160,210,1.05,0.99
20/07/2021,9:15:00 PM,9:15:31 PM,Young,NSW,9,185444802,R9 1720m Pace M,185444803,Harness,1720,Pace,12231642,10,Some Stone,LOSER,11.63,LOSER,,457.76,21,9.8,11,11.29,506.37,700,5.1,490,28.4,89.06,,3.75,3.25,3.25,3.53,13.9,10.5,11,1.05,0.99
21/07/2021,5:10:00 PM,5:10:43 PM,Bathurst,NSW,1,185466953,R1 1730m Pace M,185466954,Harness,1730,Pace,39079169,2,Cherry Me Andrew,LOSER,67.42,LOSER,,306.02,150,32,95,83.59,180.13,940,15,770,53.19,111.57,,9.8,7,8,7.98,102.64,80,90,1.04,0.97
21/07/2021,5:10:00 PM,5:10:43 PM,Bathurst,NSW,1,185466953,R1 1730m Pace M,185466954,Harness,1730,Pace,40249165,3,Wheres Our Money,LOSER,120.15,LOSER,,119.89,240,42,130,121.87,115.25,950,240,950,556.31,2.02,,9,9,9,9,1.45,160,240,1.04,0.97
21/07/2021,5:10:00 PM,5:10:43 PM,Bathurst,NSW,1,185466953,R1 1730m Pace M,185466954,Harness,1730,Pace,40249166,4,Our Uncle Harold,LOSER,57.51,LOSER,,357.77,90,30,75,57.35,410.96,940,18,940,61.03,74.99,,,,,,,60,75,1.04,0.97
21/07/2021,5:10:00 PM,5:10:43 PM,Bathurst,NSW,1,185466953,R1 1730m Pace M,185466954,Harness,1730,Pace,39540905,5,Mickilla Reason,LOSER,37.42,LOSER,,426.67,60,26,48,40.04,195.13,920,29,920,71.46,47.66,,8.2,5.4,5.4,6.39,30,38,42,1.04,0.97
21/07/2021,5:10:00 PM,5:10:43 PM,Bathurst,NSW,1,185466953,R1 1730m Pace M,185466954,Harness,1730,Pace,22279352,6,Glamour Fox,WINNER,2.81,WINNER,,2013.84,4.5,2.5,2.76,3.22,12829.62,3,1.01,1.01,1.67,4370.88,,1.5,1.36,1.4,1.44,1046.29,3.2,3.4,1.04,0.97
21/07/2021,5:10:00 PM,5:10:43 PM,Bathurst,NSW,1,185466953,R1 1730m Pace M,185466954,Harness,1730,Pace,36568239,7,Bridge Coin,LOSER,7.87,WINNER,,1161.12,10,6.4,7.8,8.1,1896.63,540,5.2,55,14.88,223.11,,2.22,1.88,2.08,2,610.74,7.8,8.2,1.04,0.97
21/07/2021,5:10:00 PM,5:10:43 PM,Bathurst,NSW,1,185466953,R1 1730m Pace M,185466954,Harness,1730,Pace,2704661,8,Single Shot,LOSER,3.75,LOSER,,1918.03,6,3.1,3.7,3.43,7639.81,600,3.35,600,6.16,575.01,,1.43,1.34,1.41,1.39,403.86,3.2,3.35,1.04,0.97
21/07/2021,5:10:00 PM,5:10:43 PM,Bathurst,NSW,1,185466953,R1 1730m Pace M,185466954,Harness,1730,Pace,40164899,10,Ripponlea,LOSER,5.12,WINNER,,1568.04,5.4,3.4,5.2,4.46,2541.3,490,2.16,220,13.28,509.61,,1.6,1.44,1.55,1.5,245.46,4.5,4.9,1.04,0.97
21/07/2021,5:42:00 PM,5:42:40 PM,Bathurst,NSW,2,185466955,R2 1730m Pace M,185466956,Harness,1730,Pace,36568235,1,Hall Stitched Up,LOSER,104.56,LOSER,,149.6,190,17.5,110,43.5,798.17,700,60,690,120.82,32.34,,13,8.8,12,12.19,33.11,85,120,1.08,0.95
21/07/2021,5:42:00 PM,5:42:40 PM,Bathurst,NSW,2,185466955,R2 1730m Pace M,185466956,Harness,1730,Pace,40249167,2,Girl Just Fly,LOSER,22.53,LOSER,,538.82,48,25,25,29.61,670.06,700,17.5,700,30.64,150.56,,5.2,4.7,4.9,5.05,25.42,27,32,1.08,0.95
21/07/2021,5:42:00 PM,5:42:40 PM,Bathurst,NSW,2,185466955,R2 1730m Pace M,185466956,Harness,1730,Pace,27777639,3,Key Defender,LOSER,4.8,WINNER,,973.35,9.6,4.5,4.9,5.46,2479.43,600,2.5,600,6.65,631.12,,2.2,1.83,1.95,1.99,295.55,5.4,6,1.08,0.95
21/07/2021,5:42:00 PM,5:42:40 PM,Bathurst,NSW,2,185466955,R2 1730m Pace M,185466956,Harness,1730,Pace,23131705,5,Braeview Fella,LOSER,4.1,WINNER,,1361.32,4.3,2.4,4.1,3.62,5551.79,280,2.14,6.8,4.56,752.18,,1.63,1.41,1.58,1.5,760.15,3.75,4.1,1.08,0.95
21/07/2021,5:42:00 PM,5:42:40 PM,Bathurst,NSW,2,185466955,R2 1730m Pace M,185466956,Harness,1730,Pace,9399166,6,Manhattan Island,LOSER,9.1,LOSER,,656.64,11,6.6,8.2,8.59,1217.11,700,5,700,12.39,109.15,,2.78,2.38,2.38,2.5,78.91,8.2,8.6,1.08,0.95
21/07/2021,5:42:00 PM,5:42:40 PM,Bathurst,NSW,2,185466955,R2 1730m Pace M,185466956,Harness,1730,Pace,40091610,7,Infinity Beach,WINNER,3.29,WINNER,,2788.83,4.1,3.1,3.4,3.4,5701.59,5.9,1.01,1.01,1.64,3213.81,,1.67,1.45,1.46,1.49,182.5,3.4,3.75,1.08,0.95
21/07/2021,5:42:00 PM,5:42:40 PM,Bathurst,NSW,2,185466955,R2 1730m Pace M,185466956,Harness,1730,Pace,38588014,8,Warra Downs,LOSER,20.36,LOSER,,576.59,25,8.8,21,13.82,2089.05,720,16.5,720,37.6,338.3,,11,3.15,11,7.7,214.93,8.4,13,1.08,0.95
21/07/2021,5:42:00 PM,5:42:40 PM,Bathurst,NSW,2,185466955,R2 1730m Pace M,185466956,Harness,1730,Pace,9384301,9,Pom Pay,LOSER,32.01,LOSER,,327.58,85,38,38,49.57,236.06,700,25,700,52.72,47.16,,7.4,5.1,5.4,6.13,220.43,50,55,1.08,0.95
21/07/2021,5:42:00 PM,5:42:40 PM,Bathurst,NSW,2,185466955,R2 1730m Pace M,185466956,Harness,1730,Pace,10360175,10,Limbo Larry,LOSER,43.16,LOSER,,346.34,85,34,46,52.66,243.31,850,21,850,64.25,59.7,,6.8,5.8,6,6.09,115.89,48,50,1.08,0.95
21/07/2021,6:10:00 PM,6:11:19 PM,Bathurst,NSW,3,185466957,R3 1730m Pace M,185466958,Harness,1730,Pace,39133105,1,Bonnie Grove,LOSER,13,WINNER,,438.34,21,10,12.5,12.71,1339.38,110,12,100,19.01,153.5,,3.25,2.6,2.78,2.87,1365.7,11,12.5,1.03,0.97
21/07/2021,6:10:00 PM,6:11:19 PM,Bathurst,NSW,3,185466957,R3 1730m Pace M,185466958,Harness,1730,Pace,28143514,2,Yes Eye See,LOSER,8.81,WINNER,,397.27,12,5.3,8.8,8.27,1190.13,700,4.1,490,6.21,408.09,,2.3,1.9,1.97,2.02,1345.94,8.6,9.4,1.03,0.97
21/07/2021,6:10:00 PM,6:11:19 PM,Bathurst,NSW,3,185466957,R3 1730m Pace M,185466958,Harness,1730,Pace,40249168,3,Major Bracken,WINNER,2,WINNER,,3018.74,3,1.97,2.04,2.17,11628.85,2.08,1.01,1.01,1.32,4898.74,,1.36,1.25,1.33,1.31,477.76,2.26,2.32,1.03,0.97
21/07/2021,6:10:00 PM,6:11:19 PM,Bathurst,NSW,3,185466957,R3 1730m Pace M,185466958,Harness,1730,Pace,38744534,4,Bomani,LOSER,18.38,LOSER,,238.71,40,13.5,17.5,19.63,277.57,780,12,780,34.4,72.9,,4.8,2.72,3.05,3.41,423.54,14.5,15.5,1.03,0.97
21/07/2021,6:10:00 PM,6:11:19 PM,Bathurst,NSW,3,185466957,R3 1730m Pace M,185466958,Harness,1730,Pace,10926320,5,Valenteeno,LOSER,12.5,LOSER,,392.74,13,7.4,13,10.04,713.78,780,12.5,780,25.92,44,,3.35,2.44,3.35,2.96,17.86,10,10.5,1.03,0.97
21/07/2021,6:10:00 PM,6:11:19 PM,Bathurst,NSW,3,185466957,R3 1730m Pace M,185466958,Harness,1730,Pace,20137585,6,Pilch,LOSER,8.4,LOSER,,560.01,9,5.1,8.4,8.07,467.38,700,8.4,690,17.95,103.3,,2.76,2.16,2.74,2.54,412.56,8,8.6,1.03,0.97
21/07/2021,6:10:00 PM,6:11:19 PM,Bathurst,NSW,3,185466957,R3 1730m Pace M,185466958,Harness,1730,Pace,21207999,7,Bill Shannon,LOSER,162.81,LOSER,,33.69,200,27,130,103.27,20.79,880,48,880,172.94,7.04,,29,19,29,22.05,34.28,120,130,1.03,0.97
21/07/2021,6:10:00 PM,6:11:19 PM,Bathurst,NSW,3,185466957,R3 1730m Pace M,185466958,Harness,1730,Pace,13427546,9,Tulhurst Terror,LOSER,23.92,LOSER,,209.55,29,8.8,23,17.9,320.03,700,22,490,57.25,23.16,,4.9,3.65,3.8,3.8,304.34,16.5,18.5,1.03,0.97
21/07/2021,6:10:00 PM,6:11:19 PM,Bathurst,NSW,3,185466957,R3 1730m Pace M,185466958,Harness,1730,Pace,4897107,10,The Handsome One,LOSER,60.31,LOSER,,74.78,100,21,60,61.89,113.51,700,48,700,97.59,18.38,,9,7,8.8,8.19,19.32,50,55,1.03,0.97
21/07/2021,6:40:00 PM,6:40:36 PM,Bathurst,NSW,4,185466959,R4 1730m Pace M,185466960,Harness,1730,Pace,10665128,1,Imthevillagestar,LOSER,5.88,WINNER,,700.96,7.8,4.3,5.7,5.72,3729.79,880,4.7,700,9.22,378.36,,2.28,1.98,2.06,2.05,266.8,5.5,5.7,1.02,0.98
21/07/2021,6:40:00 PM,6:40:36 PM,Bathurst,NSW,4,185466959,R4 1730m Pace M,185466960,Harness,1730,Pace,24553833,2,Matamua,LOSER,21.66,LOSER,,275.83,26,10,19.5,16.78,344.63,700,13,700,43.92,33.75,,4.8,3.75,4.3,4.23,131.76,25,18,1.02,0.98
21/07/2021,6:40:00 PM,6:40:36 PM,Bathurst,NSW,4,185466959,R4 1730m Pace M,185466960,Harness,1730,Pace,40249169,3,Surfing Clear,LOSER,11.5,LOSER,,433.44,12,5.7,11,8.45,682.86,780,5.1,780,11.04,303.61,,3.9,2.96,3,3,22.32,10.5,11,1.02,0.98
21/07/2021,6:40:00 PM,6:40:36 PM,Bathurst,NSW,4,185466959,R4 1730m Pace M,185466960,Harness,1730,Pace,36610546,4,Joes Redemption,LOSER,26.83,LOSER,,179.19,28,11.5,25,21.45,383.17,920,22,390,36.68,49.79,,4.9,3.3,4.8,4.29,33.63,22,24,1.02,0.98
21/07/2021,6:40:00 PM,6:40:36 PM,Bathurst,NSW,4,185466959,R4 1730m Pace M,185466960,Harness,1730,Pace,24373843,5,Yes You May,LOSER,5.3,WINNER,,866.49,9,4.7,5.3,5.69,1315.44,110,2.12,100,6.85,351.17,,1.9,1.88,1.9,1.88,1.44,5.1,5.2,1.02,0.98
21/07/2021,6:40:00 PM,6:40:36 PM,Bathurst,NSW,4,185466959,R4 1730m Pace M,185466960,Harness,1730,Pace,22917135,6,Pat Mcgarry,LOSER,3.77,LOSER,,1550.15,7.4,3.35,3.85,4.18,5767.42,600,1.97,600,3.41,1700.17,,2.14,1.65,1.66,1.73,106.14,4.2,4.3,1.02,0.98
21/07/2021,6:40:00 PM,6:40:36 PM,Bathurst,NSW,4,185466959,R4 1730m Pace M,185466960,Harness,1730,Pace,22153116,7,Lucky Nutter,LOSER,46,LOSER,,105.41,100,32,46,59.75,76.14,940,46,300,101.41,19.48,,14.5,7.8,14.5,11.49,75.99,50,55,1.02,0.98
21/07/2021,6:40:00 PM,6:40:36 PM,Bathurst,NSW,4,185466959,R4 1730m Pace M,185466960,Harness,1730,Pace,11575356,8,He Said She Said,WINNER,12.5,WINNER,,453.23,38,13,13.5,17.2,418.8,100,1.01,1.02,1.74,2131.78,,4.8,3.55,3.55,4.04,66.95,13,14,1.02,0.98
21/07/2021,6:40:00 PM,6:40:36 PM,Bathurst,NSW,4,185466959,R4 1730m Pace M,185466960,Harness,1730,Pace,38744531,9,Ideal Denny,LOSER,11.5,LOSER,,550.58,27,5.5,11.5,11.55,1147.65,780,11.5,490,19.54,110.62,,5,2.36,3.1,3.41,417.77,12.5,14.5,1.02,0.98
21/07/2021,6:40:00 PM,6:40:36 PM,Bathurst,NSW,4,185466959,R4 1730m Pace M,185466960,Harness,1730,Pace,40249170,10,The Runnin Kind,LOSER,32,LOSER,,149.44,44,24,30,30.17,303.15,730,14.5,730,41.65,78.36,,7.2,5.5,5.5,6.73,35.89,24,27,1.02,0.98
21/07/2021,7:10:00 PM,7:10:16 PM,Bathurst,NSW,5,185466961,R5 1730m Pace M,185466962,Harness,1730,Pace,23827974,1,Standandeliver,LOSER,14.63,WINNER,,371.76,13.5,6.8,13,9.82,468.45,100,11.5,55,15.15,221.13,,2.92,2.4,2.7,2.53,568.49,12,13,1.04,0.98
21/07/2021,7:10:00 PM,7:10:16 PM,Bathurst,NSW,5,185466961,R5 1730m Pace M,185466962,Harness,1730,Pace,19215417,2,Enk Spot Shannon,LOSER,4.47,WINNER,,2073.08,7,3.5,4.6,4.36,2126.29,48,3.5,29,4.52,2251,,2,1.75,1.89,1.88,1120.95,4.5,4.6,1.04,0.98
21/07/2021,7:10:00 PM,7:10:16 PM,Bathurst,NSW,5,185466961,R5 1730m Pace M,185466962,Harness,1730,Pace,18791472,3,Sputnik,LOSER,13,LOSER,,458.43,14.5,9.8,12.5,12.24,186.65,1000,11.5,1000,41.76,97.57,,3.25,3.25,3.25,3.25,0.17,13.5,14,1.04,0.98
21/07/2021,7:10:00 PM,7:10:16 PM,Bathurst,NSW,5,185466961,R5 1730m Pace M,185466962,Harness,1730,Pace,18277064,4,Viva Las Vegas,WINNER,4.83,WINNER,,774.54,5.2,3.85,4.6,4.26,3564.07,5,1.05,1.1,2.6,1999.03,,2.02,1.85,1.87,1.88,99.32,4.2,4.5,1.04,0.98
21/07/2021,7:10:00 PM,7:10:16 PM,Bathurst,NSW,5,185466961,R5 1730m Pace M,185466962,Harness,1730,Pace,19506042,5,Gabbys Sportstar,LOSER,22.34,LOSER,,279.17,85,14.5,18.5,24.44,326.99,300,18.5,300,40.25,48.87,,6,4,4.1,4.71,18.65,14,16.5,1.04,0.98
21/07/2021,7:10:00 PM,7:10:16 PM,Bathurst,NSW,5,185466961,R5 1730m Pace M,185466962,Harness,1730,Pace,23054201,6,Magnifico To Watch,LOSER,30.46,LOSER,,167.43,40,5.7,36,17.68,274.88,300,28,270,40.22,65.54,,7,2.44,7,3.57,81.71,29,38,1.04,0.98
21/07/2021,7:10:00 PM,7:10:16 PM,Bathurst,NSW,5,185466961,R5 1730m Pace M,185466962,Harness,1730,Pace,23718501,7,Tuapeka Glory,LOSER,11.5,LOSER,,519.2,40,8.6,11.5,17.83,373.45,110,7.4,95,16.56,101.91,,4.4,4.4,4.4,4.4,0.73,12,12.5,1.04,0.98
21/07/2021,7:10:00 PM,7:10:16 PM,Bathurst,NSW,5,185466961,R5 1730m Pace M,185466962,Harness,1730,Pace,28546204,8,Myra Dawn,LOSER,17.04,LOSER,,361.02,28,9.8,16.5,17.15,204.84,190,16,100,24.52,56.79,,4.3,4.1,4.3,4.21,18.24,17,17.5,1.04,0.98
21/07/2021,7:10:00 PM,7:10:16 PM,Bathurst,NSW,5,185466961,R5 1730m Pace M,185466962,Harness,1730,Pace,27020023,9,Beast Mode,LOSER,10.25,LOSER,,771.58,17,8.2,10,12.57,866.83,280,5.7,190,13.46,167.82,,4.3,3.45,3.45,3.59,475.21,10.5,11,1.04,0.98
21/07/2021,7:10:00 PM,7:10:16 PM,Bathurst,NSW,5,185466961,R5 1730m Pace M,185466962,Harness,1730,Pace,18820065,10,Bettor Jiggle,LOSER,11.11,LOSER,,544.54,24,12,12.5,15.57,443.04,190,7.2,140,16.27,128.93,,4.4,3.85,3.85,3.99,36.29,13,13.5,1.04,0.98
21/07/2021,7:40:00 PM,7:40:43 PM,Bathurst,NSW,6,185466963,R6 1730m Pace M,185466964,Harness,1730,Pace,39989727,1,Adams It,LOSER,50,LOSER,,148.03,65,15,40,29.96,370.62,910,19,340,85.49,37.86,,7.2,5.4,7,6.79,23.63,60,65,1.03,0.98
21/07/2021,7:40:00 PM,7:40:43 PM,Bathurst,NSW,6,185466963,R6 1730m Pace M,185466964,Harness,1730,Pace,36201130,2,Shifty Nicolosi,WINNER,6.62,WINNER,,905.55,7.4,2.92,6.6,5.45,2316.23,10,1.01,1.01,1.58,5170.86,,1.94,1.48,1.77,1.66,484.13,6.6,7,1.03,0.98
21/07/2021,7:40:00 PM,7:40:43 PM,Bathurst,NSW,6,185466963,R6 1730m Pace M,185466964,Harness,1730,Pace,35772574,3,Yarramans Shadow,LOSER,16.59,LOSER,,504.89,19,7.8,18.5,14.57,390.56,780,8.2,780,26.34,79.88,,3.5,2.54,3.5,3.11,131.83,17,18,1.03,0.98
21/07/2021,7:40:00 PM,7:40:43 PM,Bathurst,NSW,6,185466963,R6 1730m Pace M,185466964,Harness,1730,Pace,23331622,5,Ellen Shannon,LOSER,3.2,LOSER,,2448.42,4.6,2.64,2.98,3.08,7865.14,650,2.4,650,6.04,644.4,,1.54,1.31,1.41,1.4,25.48,2.68,2.8,1.03,0.98
21/07/2021,7:40:00 PM,7:40:43 PM,Bathurst,NSW,6,185466963,R6 1730m Pace M,185466964,Harness,1730,Pace,35710066,6,Im Jimmy James,LOSER,8.8,WINNER,,608.67,12.5,6.8,9.2,9.44,1342.68,170,4.4,170,9.09,243.16,,3.1,2.22,2.32,2.28,188.92,11,11.5,1.03,0.98
21/07/2021,7:40:00 PM,7:40:43 PM,Bathurst,NSW,6,185466963,R6 1730m Pace M,185466964,Harness,1730,Pace,13224832,7,Modern Attitude,LOSER,18.13,WINNER,,480.76,24,12,16.5,16.74,476.28,770,9.8,770,27.25,39.83,,,,,,,15,15.5,1.03,0.98
21/07/2021,7:40:00 PM,7:40:43 PM,Bathurst,NSW,6,185466963,R6 1730m Pace M,185466964,Harness,1730,Pace,18491145,8,Just Won More,LOSER,3.83,LOSER,,1583.66,8,3.8,3.85,4.38,2262.27,640,2.52,640,4.87,440.51,,1.8,1.54,1.54,1.55,186.19,3.95,4.1,1.03,0.98
21/07/2021,7:40:00 PM,7:40:43 PM,Bathurst,NSW,6,185466963,R6 1730m Pace M,185466964,Harness,1730,Pace,16549687,10,Dinosaurus Rex,LOSER,85,LOSER,,138.5,110,19.5,50,40.94,358.02,1000,36,1000,78.9,85.57,,7.4,5.9,6.4,6.41,635.95,55,100,1.03,0.98
21/07/2021,8:10:00 PM,8:10:34 PM,Bathurst,NSW,7,185466965,R7 1730m Pace M,185466966,Harness,1730,Pace,39575135,1,Shes An Artist,LOSER,43.35,LOSER,,121.15,65,16.5,55,48.28,55.22,700,6.2,90,62.23,33.06,,7,4.5,7,5.81,48.02,50,55,1.02,1
21/07/2021,8:10:00 PM,8:10:34 PM,Bathurst,NSW,7,185466965,R7 1730m Pace M,185466966,Harness,1730,Pace,36136458,3,Dixiedolittle,LOSER,14.69,LOSER,,330.4,15,10.5,15,12.89,357.97,700,10,700,23.31,84.49,,3,2.7,2.76,2.74,82.99,12,10.5,1.02,1
21/07/2021,8:10:00 PM,8:10:34 PM,Bathurst,NSW,7,185466965,R7 1730m Pace M,185466966,Harness,1730,Pace,9116053,5,Willow,LOSER,3.09,WINNER,,1096.97,3.75,2.8,3.25,3.23,4072.17,220,2.5,220,3.4,1243.65,,1.57,1.42,1.48,1.48,171.9,3.25,3.4,1.02,1
21/07/2021,8:10:00 PM,8:10:34 PM,Bathurst,NSW,7,185466965,R7 1730m Pace M,185466966,Harness,1730,Pace,26895272,6,Mendoza Lass,LOSER,13.88,WINNER,,385.25,22,11,14,14.08,466.43,490,5,490,10.32,237.94,,2.78,2.72,2.72,2.74,109.73,13,13.5,1.02,1
21/07/2021,8:10:00 PM,8:10:34 PM,Bathurst,NSW,7,185466965,R7 1730m Pace M,185466966,Harness,1730,Pace,20514215,7,Negative Nancy,LOSER,31.78,LOSER,,152.92,34,15.5,32,25.29,161.88,700,10,700,31.94,70.77,,3.5,3.5,3.5,3.5,3.73,23,24,1.02,1
21/07/2021,8:10:00 PM,8:10:34 PM,Bathurst,NSW,7,185466965,R7 1730m Pace M,185466966,Harness,1730,Pace,37302026,8,Dance Baby Dance,WINNER,4.65,WINNER,,940.61,8.2,4.2,4.4,4.93,1789.58,10,1.01,1.01,1.98,2196.67,,2,1.65,1.66,1.84,18.99,4.5,4.6,1.02,1
21/07/2021,8:10:00 PM,8:10:34 PM,Bathurst,NSW,7,185466965,R7 1730m Pace M,185466966,Harness,1730,Pace,35709984,9,Royalhotshot,LOSER,4,LOSER,,1020.47,4.1,3.05,4,3.79,2371.63,490,2,490,4.14,1086.54,,1.59,1.46,1.59,1.55,145.39,3.95,4.1,1.02,1
21/07/2021,8:10:00 PM,8:10:34 PM,Bathurst,NSW,7,185466965,R7 1730m Pace M,185466966,Harness,1730,Pace,12975957,10,Jiggy Rhythm,LOSER,52.41,LOSER,,145.24,170,36,60,85.28,98.1,700,11.5,700,47,81.4,,9.6,7.8,7.8,8.37,69.79,85,90,1.02,1
21/07/2021,8:40:00 PM,8:40:27 PM,Bathurst,NSW,8,185466967,R8 1730m Pace M,185466968,Harness,1730,Pace,14700315,1,Dulcetto,WINNER,1.95,WINNER,,2276.65,2.7,1.82,1.92,1.96,9237.65,1000,1.01,1.02,2.19,5867.99,,1.18,1.12,1.15,1.15,525.19,1.85,1.88,1.02,0.99
21/07/2021,8:40:00 PM,8:40:27 PM,Bathurst,NSW,8,185466967,R8 1730m Pace M,185466968,Harness,1730,Pace,25780967,2,Major Mondo,LOSER,380,LOSER,,12.2,400,130,350,261.8,29.88,1000,38,1000,178.26,31.32,,48,34,34,45.19,14.89,190,340,1.02,0.99
21/07/2021,8:40:00 PM,8:40:27 PM,Bathurst,NSW,8,185466967,R8 1730m Pace M,185466968,Harness,1730,Pace,40249171,3,Remember Bubbles,LOSER,13.79,WINNER,,294.17,16,6.8,14.5,13.39,303.31,110,1.06,110,3.49,1057.04,,2.58,2.18,2.58,2.18,5.63,15,15.5,1.02,0.99
21/07/2021,8:40:00 PM,8:40:27 PM,Bathurst,NSW,8,185466967,R8 1730m Pace M,185466968,Harness,1730,Pace,23721655,4,Olivia Shannon,LOSER,3.34,LOSER,,1340.14,4,2.6,3.35,3.18,2393.49,490,2.2,140,3.17,1674.77,,1.33,1.25,1.26,1.26,14.64,3.3,3.4,1.02,0.99
21/07/2021,8:40:00 PM,8:40:27 PM,Bathurst,NSW,8,185466967,R8 1730m Pace M,185466968,Harness,1730,Pace,28252146,5,Toolittletoolate,LOSER,27.97,LOSER,,158.69,48,17,28,31.64,106.5,500,7.6,500,39.17,42.13,,,,,,,30,34,1.02,0.99
21/07/2021,8:40:00 PM,8:40:27 PM,Bathurst,NSW,8,185466967,R8 1730m Pace M,185466968,Harness,1730,Pace,23708811,6,Causing Strife,LOSER,25,WINNER,,226.03,27,14.5,20,18.75,490.86,700,10,700,27.9,125.61,,3.8,2.92,3.45,3.04,63.99,19.5,20,1.02,0.99
21/07/2021,8:40:00 PM,8:40:27 PM,Bathurst,NSW,8,185466967,R8 1730m Pace M,185466968,Harness,1730,Pace,5254653,8,The Ringmaster,LOSER,107.05,LOSER,,58.28,90,23,80,58.34,66.35,920,30,700,89.97,11.04,,,,,,,70,75,1.02,0.99
21/07/2021,8:40:00 PM,8:40:27 PM,Bathurst,NSW,8,185466967,R8 1730m Pace M,185466968,Harness,1730,Pace,9363070,10,Shes The Other One,LOSER,294.7,LOSER,,23.92,270,48,200,167.23,82.02,700,48,700,233.5,12.65,,8.6,5.3,5.3,6.87,156.6,180,200,1.02,0.99
21/07/2021,9:07:00 PM,9:08:03 PM,Bathurst,NSW,9,185466969,R9 1730m Pace M,185466970,Harness,1730,Pace,40249172,1,Mista Moose,LOSER,5.11,LOSER,,873.96,7.6,4.5,5,5.21,1693.18,880,5.1,880,10.07,213.96,,1.7,1.67,1.7,1.67,703.82,4.9,5.8,1.08,0.98
21/07/2021,9:07:00 PM,9:08:03 PM,Bathurst,NSW,9,185466969,R9 1730m Pace M,185466970,Harness,1730,Pace,40249174,3,Tulhurst Pebbles,LOSER,63.26,LOSER,,111.37,75,32,75,52.12,118.79,920,50,920,83.74,31.13,,5.7,3.65,5.6,4.04,37.34,55,65,1.08,0.98
21/07/2021,9:07:00 PM,9:08:03 PM,Bathurst,NSW,9,185466969,R9 1730m Pace M,185466970,Harness,1730,Pace,38848089,4,Roberts Delight,LOSER,8.64,LOSER,,540.23,8.4,3.85,8.4,6.52,420.59,880,4.1,700,17.58,299.45,,2.2,2.2,2.2,2.2,1.25,5.3,5.9,1.08,0.98
21/07/2021,9:07:00 PM,9:08:03 PM,Bathurst,NSW,9,185466969,R9 1730m Pace M,185466970,Harness,1730,Pace,40249175,5,Weona Miss Fortune,LOSER,3.41,WINNER,,1512.73,4.4,3.2,3.45,3.8,1702.1,490,1.6,110,3.18,1571.88,,1.45,1.4,1.45,1.45,18.91,3.5,3.75,1.08,0.98
21/07/2021,9:07:00 PM,9:08:03 PM,Bathurst,NSW,9,185466969,R9 1730m Pace M,185466970,Harness,1730,Pace,40249176,6,Bettor Keppel,LOSER,7.6,WINNER,,620.7,22,7.4,7.6,9.34,633.84,700,5,700,10.99,199.57,,,,,,,9,9.4,1.08,0.98
21/07/2021,9:07:00 PM,9:08:03 PM,Bathurst,NSW,9,185466969,R9 1730m Pace M,185466970,Harness,1730,Pace,40249177,8,Arma Rolling Stone,WINNER,3.9,WINNER,,1735.31,4.3,2.42,3.8,3.69,3572.43,10,1.01,1.01,1.74,3551.91,,1.48,1.34,1.48,1.4,10,3.7,4,1.08,0.98
21/07/2021,12:39:00 PM,12:40:06 PM,Hamilton,VIC,1,185466798,R1 2160m Trot S,185466799,Harness,2160,Trot,11792463,1,Cork,LOSER,8.8,LOSER,3.5,508.74,13.5,7.6,8.8,8.73,544.93,700,9,290,49.69,23.19,549.4,3.7,3.4,3.4,3.55,37.98,8,8.6,1.03,0.99
21/07/2021,12:39:00 PM,12:40:06 PM,Hamilton,VIC,1,185466798,R1 2160m Trot S,185466799,Harness,2160,Trot,40129398,2,My Mate Yankee,WINNER,2.71,WINNER,1.66,1448.05,2.84,1.94,2.74,2.48,7139.5,2.72,1.01,1.01,1.67,2748.9,1103.21,1.71,1.62,1.71,1.67,109.67,2.4,2.48,1.03,0.99
21/07/2021,12:39:00 PM,12:40:06 PM,Hamilton,VIC,1,185466798,R1 2160m Trot S,185466799,Harness,2160,Trot,28204730,3,Miss Maia,LOSER,14.53,LOSER,6.45,343.5,28,14,15,20.37,642.52,910,10,910,57.14,52.14,244.07,7.2,7.2,7.2,7.2,5,18,19.5,1.03,0.99
21/07/2021,12:39:00 PM,12:40:06 PM,Hamilton,VIC,1,185466798,R1 2160m Trot S,185466799,Harness,2160,Trot,13313879,4,Eoghan Omaille,LOSER,22,LOSER,7.9,364.95,23,17.5,22,21.22,434.15,1000,7.2,1000,72.37,15.06,190.17,7.8,7.2,7.8,7.49,18.23,17.5,18.5,1.03,0.99
21/07/2021,12:39:00 PM,12:40:06 PM,Hamilton,VIC,1,185466798,R1 2160m Trot S,185466799,Harness,2160,Trot,36661997,5,Glengarriff,LOSER,4.91,WINNER,2.4,1175.64,9,4.5,5,5.07,1689.95,120,2.6,120,6.54,126.73,866.32,2.72,2.32,2.42,2.52,204.68,5,5.1,1.03,0.99
21/07/2021,12:39:00 PM,12:40:06 PM,Hamilton,VIC,1,185466798,R1 2160m Trot S,185466799,Harness,2160,Trot,6325327,6,Icicle,LOSER,12.74,LOSER,5.47,490.79,19.5,9.6,12.5,13.69,389.71,1000,9.2,640,61.24,51.67,279.94,5.5,5.3,5.5,5.36,66.71,13.5,14.5,1.03,0.99
21/07/2021,12:39:00 PM,12:40:06 PM,Hamilton,VIC,1,185466798,R1 2160m Trot S,185466799,Harness,2160,Trot,36214389,7,Night Whisperer,LOSER,10.5,LOSER,4.3,588.78,11,5.5,10.5,8.51,1058.04,880,8,690,27.5,62.65,170.59,4,2.88,4,3.3,20.31,9.8,10,1.03,0.99
21/07/2021,1:12:00 PM,1:12:31 PM,Hamilton,VIC,2,185466800,R2 2160m Pace M,185466801,Harness,2160,Pace,24138874,1,Eastbro Adele,LOSER,40.33,LOSER,14.5,144.39,65,28,46,37,148.49,940,36,780,107.44,22.28,193.74,15,10,14.5,11.47,28.73,30,34,1.05,0.97
21/07/2021,1:12:00 PM,1:12:31 PM,Hamilton,VIC,2,185466800,R2 2160m Pace M,185466801,Harness,2160,Pace,12654690,2,Delwyns Son,LOSER,8.86,LOSER,2.68,491.97,24,7.6,8.8,8.89,1554.66,700,5.3,700,14.72,453.8,496.75,3.15,2.68,2.68,2.81,300.67,8,9,1.05,0.97
21/07/2021,1:12:00 PM,1:12:31 PM,Hamilton,VIC,2,185466800,R2 2160m Pace M,185466801,Harness,2160,Pace,13354423,3,Jilliby Dyson,LOSER,6.92,WINNER,2.29,797.51,9,4.8,6.2,5.56,2724.46,700,3.5,700,4.49,379.16,979.45,2.54,2.1,2.3,2.28,84.15,5.3,5.7,1.05,0.97
21/07/2021,1:12:00 PM,1:12:31 PM,Hamilton,VIC,2,185466800,R2 2160m Pace M,185466801,Harness,2160,Pace,20060367,4,Rock On Playboy,LOSER,14.5,LOSER,4.1,311.49,14.5,7.8,14.5,11.58,1242.12,890,9,890,30.36,59.14,316.54,4.1,2.8,3.8,3.33,296.35,13,14.5,1.05,0.97
21/07/2021,1:12:00 PM,1:12:31 PM,Hamilton,VIC,2,185466800,R2 2160m Pace M,185466801,Harness,2160,Pace,28708251,5,Pride Lands,LOSER,34.93,LOSER,12.99,201.25,85,30,44,40.61,132.04,700,19.5,700,52.02,18.4,172.7,19.5,10.5,11,12.09,11.52,34,40,1.05,0.97
21/07/2021,1:12:00 PM,1:12:31 PM,Hamilton,VIC,2,185466800,R2 2160m Pace M,185466801,Harness,2160,Pace,38540838,6,Onesmartfella,WINNER,1.6,WINNER,1.26,2380.78,1.87,1.42,1.6,1.69,19175.08,1.88,1.01,1.01,1.44,3504.28,1445.51,1.33,1.21,1.26,1.26,900.18,1.69,1.79,1.05,0.97
21/07/2021,1:47:00 PM,1:47:50 PM,Hamilton,VIC,3,185466802,R3 2160m Pace M,185466803,Harness,2160,Pace,24986947,1,Steam Rolled,LOSER,4.02,LOSER,1.93,971.04,4.7,2.52,4.1,3.27,6164.2,700,3,700,5.37,1603.58,1293.36,2.04,1.82,2.04,1.93,288.76,3.3,3.65,1.05,0.97
21/07/2021,1:47:00 PM,1:47:50 PM,Hamilton,VIC,3,185466802,R3 2160m Pace M,185466803,Harness,2160,Pace,20047446,2,Irishmurphy,LOSER,21,LOSER,7.79,206.23,29,14.5,21,20.61,234.18,700,15,690,32,60.33,105.44,7,6.4,6.8,6.8,20.37,18.5,21,1.05,0.97
21/07/2021,1:47:00 PM,1:47:50 PM,Hamilton,VIC,3,185466802,R3 2160m Pace M,185466803,Harness,2160,Pace,40061890,3,Sporty Culture,LOSER,5.08,LOSER,2.6,682.17,13,5,5,6.52,2068.05,880,5,100,16.13,120.65,421.78,4.1,2.76,2.8,3.14,142.94,5.9,6.2,1.05,0.97
21/07/2021,1:47:00 PM,1:47:50 PM,Hamilton,VIC,3,185466802,R3 2160m Pace M,185466803,Harness,2160,Pace,11407152,4,Imagoldcloud,LOSER,3.1,WINNER,1.59,1306.74,4.5,2.42,3.1,3.45,4975.4,65,1.12,60,2.42,2956.77,1656.46,2.22,1.5,1.75,1.77,2174.97,3.35,3.55,1.05,0.97
21/07/2021,1:47:00 PM,1:47:50 PM,Hamilton,VIC,3,185466802,R3 2160m Pace M,185466803,Harness,2160,Pace,35090168,5,Starzzz On High,LOSER,29.77,LOSER,17.17,186.35,120,26,38,31.39,187.28,750,28,690,72.09,16.99,93.69,18,11,17,15.39,16.46,29,30,1.05,0.97
21/07/2021,1:47:00 PM,1:47:50 PM,Hamilton,VIC,3,185466802,R3 2160m Pace M,185466803,Harness,2160,Pace,39150246,7,Our Downunder Mach,WINNER,8.4,WINNER,4.54,459.89,10,6,8.8,7.88,891.5,190,1.01,1.01,2.35,937.87,122.42,3.45,3.45,3.45,3.45,14.63,7,7.6,1.05,0.97
21/07/2021,1:47:00 PM,1:47:50 PM,Hamilton,VIC,3,185466802,R3 2160m Pace M,185466803,Harness,2160,Pace,39008268,8,Shady Credit,LOSER,16.6,LOSER,8.4,378.46,36,9.6,19,22.17,428.41,700,5.2,700,14.09,206.1,108.92,7,6.6,7,6.96,55,23,28,1.05,0.97
21/07/2021,2:26:00 PM,2:26:39 PM,Hamilton,VIC,4,185466804,R4 1660m Pace M,185466805,Harness,1660,Pace,2542819,1,Blood Moon,LOSER,9,WINNER,2.4,1625.09,9.6,4.8,9,6.5,3900.87,1000,2.46,1000,12.66,213.86,770.99,2.38,1.85,2.36,2.22,752.9,8.6,10.5,1.03,0.96
21/07/2021,2:26:00 PM,2:26:39 PM,Hamilton,VIC,4,185466804,R4 1660m Pace M,185466805,Harness,1660,Pace,40249152,3,Ashford Shark,LOSER,49.64,LOSER,7.83,286.38,280,46,55,84.79,241.12,1000,30,1000,55.75,101.46,240.46,19,7.4,8.2,10.42,118.67,85,110,1.03,0.96
21/07/2021,2:26:00 PM,2:26:39 PM,Hamilton,VIC,4,185466804,R4 1660m Pace M,185466805,Harness,1660,Pace,40249154,5,Emer,LOSER,78.23,LOSER,13.29,97.7,370,65,70,112.81,71.73,1000,34,1000,130.53,12.45,118.16,21,11,11,13.3,28.69,80,85,1.03,0.96
21/07/2021,2:26:00 PM,2:26:39 PM,Hamilton,VIC,4,185466804,R4 1660m Pace M,185466805,Harness,1660,Pace,39508173,6,Heavenly Sign,WINNER,4.75,WINNER,1.75,1636.45,6.4,4.2,4.6,4.94,5223.71,5,1.01,1.01,1.52,3082.52,915.57,1.81,1.63,1.68,1.69,143.08,4.5,4.7,1.03,0.96
21/07/2021,2:26:00 PM,2:26:39 PM,Hamilton,VIC,4,185466804,R4 1660m Pace M,185466805,Harness,1660,Pace,40249155,8,Ira Poole,LOSER,7.17,LOSER,2.22,1219.16,11,4.6,7.4,6.72,2232.5,1000,4.6,1000,33.27,219.12,979.92,2.24,1.97,2.22,2.12,740.71,6.8,7.2,1.03,0.96
21/07/2021,2:26:00 PM,2:26:39 PM,Hamilton,VIC,4,185466804,R4 1660m Pace M,185466805,Harness,1660,Pace,40249156,9,Heza Son Of Agun,LOSER,3.87,WINNER,1.58,1396.35,3.95,2.86,3.85,3.44,6042.35,700,2.72,700,5.95,977.77,1039.6,1.63,1.39,1.63,1.52,237.58,3.55,3.8,1.03,0.96
21/07/2021,2:26:00 PM,2:26:39 PM,Hamilton,VIC,4,185466804,R4 1660m Pace M,185466805,Harness,1660,Pace,40249157,10,Jilliby Rippa,LOSER,4.24,LOSER,1.71,1869.3,6.8,4.2,4.3,4.95,1692.69,1000,4.2,1000,28.94,112.06,1050.43,1.96,1.72,1.73,1.72,83.56,4.4,4.6,1.03,0.96
21/07/2021,2:26:00 PM,2:26:39 PM,Hamilton,VIC,4,185466804,R4 1660m Pace M,185466805,Harness,1660,Pace,40249158,11,Torque No Fear,LOSER,56.84,LOSER,11.51,253,350,80,80,114.96,58.71,1000,24,1000,68.09,104.99,130.68,,,,,,80,85,1.03,0.96
21/07/2021,3:03:00 PM,3:03:37 PM,Hamilton,VIC,5,185466806,R5 2160m Pace M,185466807,Harness,2160,Pace,23632620,1,Leica Gem,LOSER,8.7,WINNER,2.32,818.1,19,8.6,9,10.09,1411.84,700,8.6,480,14.52,157.18,748.37,2.76,2.22,2.34,2.37,122.43,8.8,9.4,1.03,0.98
21/07/2021,3:03:00 PM,3:03:37 PM,Hamilton,VIC,5,185466806,R5 2160m Pace M,185466807,Harness,2160,Pace,24553582,2,Sport Dreamer,LOSER,39.6,LOSER,6.9,288.07,55,15.5,44,37.9,312.79,860,38,690,65.98,54.24,230.94,6.8,3.95,5.9,4.17,311.57,44,55,1.03,0.98
21/07/2021,3:03:00 PM,3:03:37 PM,Hamilton,VIC,5,185466806,R5 2160m Pace M,185466807,Harness,2160,Pace,13354426,4,Asharah,LOSER,13.78,LOSER,2.62,430.47,20,8.4,13,10.57,2059.69,780,13,480,24.35,135.18,739.09,2.7,2.2,2.7,2.42,31.14,11.5,12.5,1.03,0.98
21/07/2021,3:03:00 PM,3:03:37 PM,Hamilton,VIC,5,185466806,R5 2160m Pace M,185466807,Harness,2160,Pace,39969152,5,Miss Gabby Okane,WINNER,3.2,WINNER,1.4,1441.35,3.55,2.6,3.1,3.1,4687.37,12,1.01,1.01,1.7,4055.07,1395.24,1.63,1.37,1.37,1.42,247.43,3.1,3.15,1.03,0.98
21/07/2021,3:03:00 PM,3:03:37 PM,Hamilton,VIC,5,185466806,R5 2160m Pace M,185466807,Harness,2160,Pace,8465699,6,Okelerho Lad,LOSER,24.58,LOSER,4.6,312.35,36,17,28,23.89,246.52,720,24,710,59.8,48.11,366.46,5.6,3.75,5,4.59,29.1,24,27,1.03,0.98
21/07/2021,3:03:00 PM,3:03:37 PM,Hamilton,VIC,5,185466806,R5 2160m Pace M,185466807,Harness,2160,Pace,8420996,7,Johnny Redcoat,LOSER,15.35,LOSER,3.15,573.76,22,11,16,16.4,381.62,780,2.02,280,20,167.48,582.55,3.9,2.92,3.05,3.18,117.16,16.5,17.5,1.03,0.98
21/07/2021,3:03:00 PM,3:03:37 PM,Hamilton,VIC,5,185466806,R5 2160m Pace M,185466807,Harness,2160,Pace,40061889,8,Classact,LOSER,2.78,WINNER,1.29,3325.88,3.05,2.42,2.62,2.62,6938.9,700,2.02,80,5.01,840.88,1612.84,1.35,1.29,1.3,1.32,84.19,2.62,2.74,1.03,0.98
21/07/2021,3:35:00 PM,3:35:51 PM,Hamilton,VIC,6,185466808,R6 1660m Pace M,185466809,Harness,1660,Pace,16311313,2,Abbey Fields,LOSER,49.8,LOSER,5.47,156.95,85,19,50,52.69,243.81,1000,11,1000,46.55,48.21,286.09,9.6,5.1,9.6,5.99,104.9,55,60,1.02,0.97
21/07/2021,3:35:00 PM,3:35:51 PM,Hamilton,VIC,6,185466808,R6 1660m Pace M,185466809,Harness,1660,Pace,36528365,3,Dowling,LOSER,15.56,LOSER,2.83,457.09,23,13,17,16.63,536.34,910,7,790,32.67,164.2,285.45,3.4,2.66,2.66,3,145.54,17,19.5,1.02,0.97
21/07/2021,3:35:00 PM,3:35:51 PM,Hamilton,VIC,6,185466808,R6 1660m Pace M,185466809,Harness,1660,Pace,390384,4,Chicago Nights,LOSER,16.62,LOSER,2.6,238.07,24,12.5,18,16.67,546.53,700,1.62,700,18.35,109.44,457.38,3.25,2.58,2.62,2.71,83.07,18,19,1.02,0.97
21/07/2021,3:35:00 PM,3:35:51 PM,Hamilton,VIC,6,185466808,R6 1660m Pace M,185466809,Harness,1660,Pace,20172948,5,Searover,LOSER,1.54,WINNER,1.15,3276.5,2.44,1.49,1.54,1.74,20616.46,270,1.52,90,2.43,1629.46,1968.94,1.25,1.1,1.11,1.17,1146.41,1.62,1.65,1.02,0.97
21/07/2021,3:35:00 PM,3:35:51 PM,Hamilton,VIC,6,185466808,R6 1660m Pace M,185466809,Harness,1660,Pace,16549252,6,Morgan Art,LOSER,18.01,WINNER,3.14,314.01,21,7.2,19.5,17.96,407.79,700,2.02,700,14.52,90.45,168.48,3,2.22,2.96,2.76,178.48,20,21,1.02,0.97
21/07/2021,3:35:00 PM,3:35:51 PM,Hamilton,VIC,6,185466808,R6 1660m Pace M,185466809,Harness,1660,Pace,36620961,7,Tedkane,LOSER,61.78,LOSER,7.4,103.87,120,14,55,61.74,89.58,1000,21,1000,103.32,11.5,33.46,6.6,4.7,4.8,5.39,50.3,85,120,1.02,0.97
21/07/2021,3:35:00 PM,3:35:51 PM,Hamilton,VIC,6,185466808,R6 1660m Pace M,185466809,Harness,1660,Pace,8868840,8,Vegas Prince,WINNER,6.22,WINNER,1.58,936.49,11,5.1,6.8,8.23,2960.01,28,1.01,1.01,2.44,2895.18,1004.41,2.3,1.58,1.59,1.98,834.93,10,11,1.02,0.97
21/07/2021,3:35:00 PM,3:35:51 PM,Hamilton,VIC,6,185466808,R6 1660m Pace M,185466809,Harness,1660,Pace,17886813,9,Esspe Supreme,LOSER,71.91,LOSER,12,243.34,700,8.8,160,16.96,3726.04,1000,42,1000,150.31,107.26,12.12,22,2.3,12,5.72,218.46,9.6,10.5,1.02,0.97
21/07/2021,4:10:00 PM,4:10:31 PM,Hamilton,VIC,7,185466810,R7 1660m Pace M,185466811,Harness,1660,Pace,40249160,1,Touch Of Terror,WINNER,67.1,WINNER,1.97,233.44,260,25,60,35.34,314.27,50,1.12,1.14,5.51,850.93,1099.04,2.28,1.75,2.04,1.94,589,38,40,1.02,1
21/07/2021,4:10:00 PM,4:10:31 PM,Hamilton,VIC,7,185466810,R7 1660m Pace M,185466811,Harness,1660,Pace,27673844,2,Aboutagirl,LOSER,400.42,LOSER,10.75,35.62,440,70,400,331.02,17.7,890,13,700,78.03,30.37,163.96,15.5,6.2,15.5,7.6,17.22,300,330,1.02,1
21/07/2021,4:10:00 PM,4:10:31 PM,Hamilton,VIC,7,185466810,R7 1660m Pace M,185466811,Harness,1660,Pace,40249161,3,Smile With A Grin,LOSER,401.92,LOSER,9.16,34.89,480,22,420,253.44,35.7,930,25,95,71.82,13.25,229.92,11.5,5.8,11.5,6.35,35.54,240,700,1.02,1
21/07/2021,4:10:00 PM,4:10:31 PM,Hamilton,VIC,7,185466810,R7 1660m Pace M,185466811,Harness,1660,Pace,10670580,4,Kempseys Delight,LOSER,194.4,LOSER,4.82,37.87,210,36,190,161.03,58.02,820,10,820,37.81,27.02,356.58,6,4.2,6,4.59,36.85,140,160,1.02,1
21/07/2021,4:10:00 PM,4:10:31 PM,Hamilton,VIC,7,185466810,R7 1660m Pace M,185466811,Harness,1660,Pace,13283226,5,Flaming Lucky,LOSER,198.79,LOSER,5.5,89.85,200,32,190,110.83,83.5,700,10,700,37.7,29.17,266.11,9.4,3.15,9.4,3.33,452.88,150,170,1.02,1
21/07/2021,4:10:00 PM,4:10:31 PM,Hamilton,VIC,7,185466810,R7 1660m Pace M,185466811,Harness,1660,Pace,27385367,6,My Porsche,LOSER,190.17,LOSER,5.85,43.81,330,42,190,194.61,50.37,1000,10,100,35.92,34.72,329.74,6.6,3.7,5,4.32,63.72,180,230,1.02,1
21/07/2021,4:10:00 PM,4:10:31 PM,Hamilton,VIC,7,185466810,R7 1660m Pace M,185466811,Harness,1660,Pace,11219651,7,Missy Deyo,LOSER,75.47,WINNER,2.28,150.13,80,32,70,58.06,227.71,700,3.25,610,22.9,91.33,869.77,3.95,2.18,2.38,2.55,58.78,55,60,1.02,1
21/07/2021,4:10:00 PM,4:10:31 PM,Hamilton,VIC,7,185466810,R7 1660m Pace M,185466811,Harness,1660,Pace,4579413,9,The Regulator,LOSER,113.9,LOSER,1.95,107.23,130,27,120,86.32,83.6,1000,7.8,1000,138.8,41.46,1197.81,3.05,1.95,1.95,2.39,632.41,110,120,1.02,1
21/07/2021,4:10:00 PM,4:10:31 PM,Hamilton,VIC,7,185466810,R7 1660m Pace M,185466811,Harness,1660,Pace,12704557,10,War Hero,LOSER,1.06,WINNER,1.06,19971.43,1.37,1.05,1.06,1.1,87918.29,10,1.02,10,1.5,14937.85,,1.09,1.04,1.05,1.04,17674.59,1.07,1.08,1.02,1
21/07/2021,4:45:00 PM,4:45:43 PM,Hamilton,VIC,8,185466812,R8 1660m Pace M,185466813,Harness,1660,Pace,23055430,1,Kolovos,LOSER,8.89,WINNER,2.12,523.62,10.5,4.5,8,7.61,3526.12,1000,1.17,100,5.92,885.06,768.39,2.24,1.78,2.08,1.99,288.19,9.6,9.8,1.02,0.98
21/07/2021,4:45:00 PM,4:45:43 PM,Hamilton,VIC,8,185466812,R8 1660m Pace M,185466813,Harness,1660,Pace,18100353,4,Shady Dancer,LOSER,48.37,LOSER,6.4,217.56,100,29,55,56.53,127.1,700,4.2,700,35.15,52.27,243.87,6.4,5.8,6.4,5.93,6.42,46,50,1.02,0.98
21/07/2021,4:45:00 PM,4:45:43 PM,Hamilton,VIC,8,185466812,R8 1660m Pace M,185466813,Harness,1660,Pace,36154759,5,Iron Chariot,LOSER,50.27,LOSER,7.25,202.9,100,30,55,58.5,86.28,870,36,870,56.23,6.93,221.39,,,,,,50,55,1.02,0.98
21/07/2021,4:45:00 PM,4:45:43 PM,Hamilton,VIC,8,185466812,R8 1660m Pace M,185466813,Harness,1660,Pace,36709385,6,Thelongroadnowhere,LOSER,250,LOSER,34.75,61.83,280,85,260,209.02,37.15,700,100,700,263.72,11.52,55.06,,,,,,220,270,1.02,0.98
21/07/2021,4:45:00 PM,4:45:43 PM,Hamilton,VIC,8,185466812,R8 1660m Pace M,185466813,Harness,1660,Pace,25356950,7,Presidentialchange,LOSER,67.26,LOSER,7.24,186.7,130,28,75,74.84,68.86,700,55,700,64.01,19.71,146.48,9,7,7.2,7.7,98.93,60,65,1.02,0.98
21/07/2021,4:45:00 PM,4:45:43 PM,Hamilton,VIC,8,185466812,R8 1660m Pace M,185466813,Harness,1660,Pace,27439198,8,Bakers Bandit,LOSER,9.92,LOSER,2.22,876.81,30,10.5,11,13.81,2141.89,700,9.6,700,19.17,200.99,864.9,2.98,2.2,2.36,2.37,149.36,12,13,1.02,0.98
21/07/2021,4:45:00 PM,4:45:43 PM,Hamilton,VIC,8,185466812,R8 1660m Pace M,185466813,Harness,1660,Pace,35634338,9,Ghanasuya,LOSER,15.41,LOSER,2.92,394.43,40,16.5,17,20.7,574.18,700,6.6,700,23.76,80.23,581.56,3.2,2.92,2.94,3.04,299.05,18.5,21,1.02,0.98
21/07/2021,4:45:00 PM,4:45:43 PM,Hamilton,VIC,8,185466812,R8 1660m Pace M,185466813,Harness,1660,Pace,40249163,10,Our Classie Reactor,WINNER,1.82,WINNER,1.28,4089.7,1.95,1.52,1.86,1.8,14365.35,10.5,1.01,1.01,1.83,4297.52,1517.16,1.29,1.16,1.29,1.24,1904.28,1.78,1.8,1.02,0.98
21/07/2021,4:45:00 PM,4:45:43 PM,Hamilton,VIC,8,185466812,R8 1660m Pace M,185466813,Harness,1660,Pace,40249164,11,Sea Lover,LOSER,8.16,WINNER,1.89,1514.38,11,5.5,7.4,6.96,3809,700,1.36,140,8.88,757.64,998.5,1.95,1.71,1.94,1.81,146.57,6.6,7,1.02,0.98
21/07/2021,5:18:00 PM,5:18:57 PM,Redcliffe,QLD,1,185466252,R1 2040m Pace M,185466253,Harness,2040,Pace,15475132,1,Whostolemypigeon,LOSER,27,WINNER,4.01,388.45,44,21,28,32.53,301.51,700,14,700,27.75,81.59,909.4,5.6,3.85,4.3,4.55,368.04,30,34,1.03,0.98
21/07/2021,5:18:00 PM,5:18:57 PM,Redcliffe,QLD,1,185466252,R1 2040m Pace M,185466253,Harness,2040,Pace,18739484,2,Ark Me,LOSER,7.2,LOSER,2.19,1177.35,7.4,4.2,7.2,5.76,3303.69,700,5.7,700,12.18,269.72,412.1,2.18,1.85,2.16,2.01,318.63,5.6,5.7,1.03,0.98
21/07/2021,5:18:00 PM,5:18:57 PM,Redcliffe,QLD,1,185466252,R1 2040m Pace M,185466253,Harness,2040,Pace,23793291,3,Having The Faith,LOSER,44.68,LOSER,7.77,358.3,80,23,46,51.03,173.19,930,24,490,132.19,29.09,218.47,7.4,7.2,7.2,7.32,15,44,50,1.03,0.98
21/07/2021,5:18:00 PM,5:18:57 PM,Redcliffe,QLD,1,185466252,R1 2040m Pace M,185466253,Harness,2040,Pace,12235233,4,Mister Hart,LOSER,25.48,WINNER,6.4,416.6,85,22,26,29.12,299.04,700,2.72,700,8.39,396.23,202.63,,,,,,28,32,1.03,0.98
21/07/2021,5:18:00 PM,5:18:57 PM,Redcliffe,QLD,1,185466252,R1 2040m Pace M,185466253,Harness,2040,Pace,12945086,5,Young Conqueror,LOSER,6.31,LOSER,1.94,2224.91,7.4,3.5,5.2,4.91,4841.16,700,3.6,700,9.66,228.43,1011.33,2.04,1.56,1.95,1.89,560.86,5.2,5.4,1.03,0.98
21/07/2021,5:18:00 PM,5:18:57 PM,Redcliffe,QLD,1,185466252,R1 2040m Pace M,185466253,Harness,2040,Pace,11192328,6,Riverleigh Rocket,LOSER,40.43,LOSER,8.6,352.2,110,32,42,50.78,218.63,700,50,300,113.9,10.44,112.81,,,,,,46,50,1.03,0.98
21/07/2021,5:18:00 PM,5:18:57 PM,Redcliffe,QLD,1,185466252,R1 2040m Pace M,185466253,Harness,2040,Pace,8900826,7,Kotare York,LOSER,62.79,LOSER,10.5,276.44,85,36,60,60.12,164.64,700,60,700,122.46,9.87,77.49,11.5,10.5,11,11.02,55.1,55,65,1.03,0.98
21/07/2021,5:18:00 PM,5:18:57 PM,Redcliffe,QLD,1,185466252,R1 2040m Pace M,185466253,Harness,2040,Pace,2737919,8,Sweet As,LOSER,5.1,LOSER,1.82,1182.73,6.2,4.6,5.1,4.88,2643.63,700,4.9,690,7.35,285.69,879.51,1.95,1.72,1.83,1.83,561.58,4.7,5.1,1.03,0.98
21/07/2021,5:18:00 PM,5:18:57 PM,Redcliffe,QLD,1,185466252,R1 2040m Pace M,185466253,Harness,2040,Pace,38744587,9,Glenledi Boy,WINNER,2.92,WINNER,1.4,2173.55,4.5,2.86,2.88,3.3,8278.33,8.4,1.01,1.01,1.84,6678.95,1372.73,1.49,1.37,1.43,1.44,654.27,3.2,3.3,1.03,0.98
21/07/2021,5:52:00 PM,5:53:47 PM,Redcliffe,QLD,2,185466254,R2 1780m Pace M,185466255,Harness,1780,Pace,11018935,1,Barkway Arnold,LOSER,2.95,WINNER,1.35,1807.67,4.5,2.76,2.86,3.01,8892.79,600,2.46,110,5,814.75,1091.77,1.54,1.33,1.33,1.37,419.31,2.88,2.94,1.02,0.98
21/07/2021,5:52:00 PM,5:53:47 PM,Redcliffe,QLD,2,185466254,R2 1780m Pace M,185466255,Harness,1780,Pace,20864749,3,Jilliby Jackpot,LOSER,9.8,LOSER,2.78,880.41,15.5,8.4,9.8,10.55,1251.71,900,9.8,790,55.73,58.95,620.81,2.92,2.36,2.36,2.41,34.2,10,10.5,1.02,0.98
21/07/2021,5:52:00 PM,5:53:47 PM,Redcliffe,QLD,2,185466254,R2 1780m Pace M,185466255,Harness,1780,Pace,12624724,4,So Bobs Your Uncle,LOSER,22.86,LOSER,4.77,491.07,42,21,23,25.79,401.78,720,7.8,720,31.73,73.35,350.9,,,,,,26,29,1.02,0.98
21/07/2021,5:52:00 PM,5:53:47 PM,Redcliffe,QLD,2,185466254,R2 1780m Pace M,185466255,Harness,1780,Pace,23599676,5,Gottahaveahobbie,LOSER,6.18,WINNER,1.91,1223.54,8.4,5,6.6,5.86,2556.58,1000,6,790,19.6,107.88,729.71,2.16,1.73,2.1,1.88,355.56,5.1,5.4,1.02,0.98
21/07/2021,5:52:00 PM,5:53:47 PM,Redcliffe,QLD,2,185466254,R2 1780m Pace M,185466255,Harness,1780,Pace,1326184,6,Geldof,LOSER,93.84,LOSER,29,148.41,420,42,270,194.36,116.29,940,55,240,106.51,50.43,65.51,19.5,16,19.5,18.79,51.01,130,160,1.02,0.98
21/07/2021,5:52:00 PM,5:53:47 PM,Redcliffe,QLD,2,185466254,R2 1780m Pace M,185466255,Harness,1780,Pace,16235198,7,Westar Sam,WINNER,3.48,WINNER,1.44,2143.02,4,2.72,3.4,3.47,6378.26,3.35,1.01,1.01,1.34,6144.62,1608.3,1.59,1.3,1.45,1.39,1460.96,3.8,3.85,1.02,0.98
21/07/2021,5:52:00 PM,5:53:47 PM,Redcliffe,QLD,2,185466254,R2 1780m Pace M,185466255,Harness,1780,Pace,6098115,8,Machin Out,LOSER,75.47,LOSER,8.1,216.36,130,40,90,95.29,103.52,790,16.5,790,68.96,59,48.2,9.8,8.4,8.4,8.99,48.92,90,110,1.02,0.98
21/07/2021,5:52:00 PM,5:53:47 PM,Redcliffe,QLD,2,185466254,R2 1780m Pace M,185466255,Harness,1780,Pace,581023,9,Royal Obsession,LOSER,16.6,LOSER,3.77,686.78,21,7.2,19,15.99,475.95,900,16,700,35.46,91.88,378.87,4.7,3.25,3.3,3.46,7.26,17,19,1.02,0.98
21/07/2021,6:22:00 PM,6:23:17 PM,Redcliffe,QLD,3,185466256,R3 2040m Pace M,185466257,Harness,2040,Pace,11106356,1,Oyster Stride,WINNER,30.13,WINNER,4.42,239.86,55,29,32,36.7,344.3,60,1.01,1.01,1.3,4771.73,342.65,6.6,4.5,4.5,5.03,265.19,32,34,1.02,0.99
21/07/2021,6:22:00 PM,6:23:17 PM,Redcliffe,QLD,3,185466256,R3 2040m Pace M,185466257,Harness,2040,Pace,12238238,2,Classie American,LOSER,3.76,LOSER,1.51,1415.5,5.1,3.45,3.85,3.82,7297.69,700,2.24,700,3.44,1542.87,1397.71,1.81,1.47,1.51,1.49,701.61,3.7,3.8,1.02,0.99
21/07/2021,6:22:00 PM,6:23:17 PM,Redcliffe,QLD,3,185466256,R3 2040m Pace M,185466257,Harness,2040,Pace,25375386,3,Venus Jujon,LOSER,49.03,LOSER,7,115.81,50,25,46,39.71,115.6,700,25,700,57.08,60.52,244.54,5.9,5.8,5.8,5.82,40,38,40,1.02,0.99
21/07/2021,6:22:00 PM,6:23:17 PM,Redcliffe,QLD,3,185466256,R3 2040m Pace M,185466257,Harness,2040,Pace,15815140,4,Lisa Lincoln,LOSER,6.84,WINNER,2.88,939.23,9.6,6.8,7.2,7.77,2373.64,380,1.27,130,3.8,596.93,854.18,13,2,2.98,2.25,671.36,7,7.2,1.02,0.99
21/07/2021,6:22:00 PM,6:23:17 PM,Redcliffe,QLD,3,185466256,R3 2040m Pace M,185466257,Harness,2040,Pace,12177665,5,My Mastercraftsman,LOSER,56.57,WINNER,6.8,120.93,55,20,55,40.71,304.71,700,34,100,66.99,28.66,317.83,6.8,3.25,6.8,5.13,10.71,44,46,1.02,0.99
21/07/2021,6:22:00 PM,6:23:17 PM,Redcliffe,QLD,3,185466256,R3 2040m Pace M,185466257,Harness,2040,Pace,9484721,6,Kingofthestars,LOSER,18.26,LOSER,4.32,363.99,29,18.5,20,21.6,339.24,910,14,720,39.43,103.54,420.52,4.3,4.2,4.2,4.24,41.64,21,22,1.02,0.99
21/07/2021,6:22:00 PM,6:23:17 PM,Redcliffe,QLD,3,185466256,R3 2040m Pace M,185466257,Harness,2040,Pace,23131902,7,Kanye Crusader,LOSER,7.2,LOSER,2.13,591.09,9.6,4.2,7.2,8.1,2281.68,700,7.2,700,17.32,138.55,1059.13,2.64,1.68,2.12,2.01,467.6,8.4,8.8,1.02,0.99
21/07/2021,6:22:00 PM,6:23:17 PM,Redcliffe,QLD,3,185466256,R3 2040m Pace M,185466257,Harness,2040,Pace,1456889,8,Captain Kirk,LOSER,2.94,LOSER,1.39,2123.21,3.4,2.24,2.9,2.72,8888.94,700,1.92,120,3.17,1371.19,1184.66,1.4,1.31,1.4,1.34,1111.52,2.8,2.84,1.02,0.99
21/07/2021,6:47:00 PM,6:47:49 PM,Redcliffe,QLD,4,185466258,R4 1780m Pace M,185466259,Harness,1780,Pace,4608745,1,Pageantry,LOSER,2.92,LOSER,1.45,1960.01,4.1,2.58,3,3.1,8527.59,700,2.8,640,5.49,613.65,665.13,1.47,1.4,1.47,1.42,445.15,3.25,3.35,1.03,0.98
21/07/2021,6:47:00 PM,6:47:49 PM,Redcliffe,QLD,4,185466258,R4 1780m Pace M,185466259,Harness,1780,Pace,1369622,2,Star Of Wonder,LOSER,25,LOSER,6.25,122.85,48,24,25,29.23,169.37,700,19.5,700,27.06,109.27,196.3,6.4,4.9,6,5.94,45.4,25,32,1.03,0.98
21/07/2021,6:47:00 PM,6:47:49 PM,Redcliffe,QLD,4,185466258,R4 1780m Pace M,185466259,Harness,1780,Pace,12668370,3,Kid Calvert,LOSER,25,WINNER,4.3,243.71,40,18.5,25,24,700.21,700,4.2,510,11.97,304.8,86.5,4.5,3.6,4.3,3.99,282.64,22,23,1.03,0.98
21/07/2021,6:47:00 PM,6:47:49 PM,Redcliffe,QLD,4,185466258,R4 1780m Pace M,185466259,Harness,1780,Pace,17344761,4,Poser,LOSER,25.56,LOSER,6.58,142.94,36,19,26,24.95,342.62,830,23,830,41.88,87.05,226.13,,,,,,21,22,1.03,0.98
21/07/2021,6:47:00 PM,6:47:49 PM,Redcliffe,QLD,4,185466258,R4 1780m Pace M,185466259,Harness,1780,Pace,29061287,5,Harry Croft,LOSER,7.87,LOSER,3.05,645.17,8.2,5.2,8,7.39,756.39,700,4.9,630,8.85,628.58,735.27,3.1,2.58,3.05,3,49.4,7.4,7.6,1.03,0.98
21/07/2021,6:47:00 PM,6:47:49 PM,Redcliffe,QLD,4,185466258,R4 1780m Pace M,185466259,Harness,1780,Pace,24985032,6,Jamaican Resort,WINNER,14.69,WINNER,3.44,379.03,18,12,15,14.01,582.53,110,1.01,1.01,1.42,3539.14,719.12,3.5,3.35,3.45,3.43,72.24,12,13,1.03,0.98
21/07/2021,6:47:00 PM,6:47:49 PM,Redcliffe,QLD,4,185466258,R4 1780m Pace M,185466259,Harness,1780,Pace,25249543,7,Bertils Firefox,LOSER,8.26,WINNER,1.91,451.02,9.4,5.3,8.4,8.02,862.09,110,1.27,110,3.87,1072.75,708.07,2.4,1.91,1.91,2.11,655.69,7.6,8.2,1.03,0.98
21/07/2021,6:47:00 PM,6:47:49 PM,Redcliffe,QLD,4,185466258,R4 1780m Pace M,185466259,Harness,1780,Pace,14427340,8,Naughtyinheaven,LOSER,4.87,LOSER,1.81,401.12,5.7,4.1,4.9,4.74,2263.67,700,3.05,700,6.47,440.85,683.07,2.14,1.79,1.81,1.83,58.81,4.7,4.9,1.03,0.98
21/07/2021,6:47:00 PM,6:47:49 PM,Redcliffe,QLD,4,185466258,R4 1780m Pace M,185466259,Harness,1780,Pace,26839689,9,The Last Dragon,LOSER,29.73,LOSER,11.01,187.1,55,26,30,37.02,208.92,1000,17,1000,126.92,20.56,177.27,6.6,5,5,5.61,145.4,38,42,1.03,0.98
21/07/2021,7:20:00 PM,7:20:37 PM,Redcliffe,QLD,5,185466260,R5 2040m Pace M,185466261,Harness,2040,Pace,17759201,1,Go Jo Jolt,LOSER,12.2,WINNER,2.44,565.7,23,12,12.5,13.96,604.33,1000,6,1000,10.57,498.92,657.34,3.6,2.4,2.44,2.58,886.96,12.5,13,1.02,0.98
21/07/2021,7:20:00 PM,7:20:37 PM,Redcliffe,QLD,5,185466260,R5 2040m Pace M,185466261,Harness,2040,Pace,11993809,2,Oliver Winkle,LOSER,31.92,LOSER,5,168.73,50,29,30,38.29,128.45,700,30,700,47.12,25.17,175.98,7,5,5,5.28,139.38,32,36,1.02,0.98
21/07/2021,7:20:00 PM,7:20:37 PM,Redcliffe,QLD,5,185466260,R5 2040m Pace M,185466261,Harness,2040,Pace,40021939,3,Brian Christopher,WINNER,2.37,WINNER,1.38,2294.99,3.5,2.22,2.4,2.44,9717.32,2.56,1.01,1.01,1.5,15773.67,1228.28,1.39,1.29,1.38,1.37,2153.96,2.4,2.44,1.02,0.98
21/07/2021,7:20:00 PM,7:20:37 PM,Redcliffe,QLD,5,185466260,R5 2040m Pace M,185466261,Harness,2040,Pace,16528612,4,Major Tralee,LOSER,60.87,LOSER,12.75,92.2,90,32,55,60.43,61.8,700,50,700,80.25,28.83,126.55,21,11,15,14.83,12.2,55,60,1.02,0.98
21/07/2021,7:20:00 PM,7:20:37 PM,Redcliffe,QLD,5,185466260,R5 2040m Pace M,185466261,Harness,2040,Pace,8615653,5,Circle Line,LOSER,95,LOSER,11.45,193.49,110,32,80,72.18,76.3,950,40,340,119.31,40.66,195.03,20,10,13,14.66,32.07,60,65,1.02,0.98
21/07/2021,7:20:00 PM,7:20:37 PM,Redcliffe,QLD,5,185466260,R5 2040m Pace M,185466261,Harness,2040,Pace,18040195,6,Bettor Sport,LOSER,8.18,LOSER,2.6,643.83,9,6.6,8.6,7.74,412.42,700,5.1,690,10.3,144.9,691.88,2.64,2.02,2.52,2.51,33.73,7.8,8,1.02,0.98
21/07/2021,7:20:00 PM,7:20:37 PM,Redcliffe,QLD,5,185466260,R5 2040m Pace M,185466261,Harness,2040,Pace,11078020,7,Nikalong Henry,LOSER,9.65,LOSER,2.56,555.27,9.4,5.6,9.4,7.86,873.61,1000,6.6,1000,21.31,111.66,709.24,2.64,1.89,2.64,2.22,70.15,8.8,9.2,1.02,0.98
21/07/2021,7:20:00 PM,7:20:37 PM,Redcliffe,QLD,5,185466260,R5 2040m Pace M,185466261,Harness,2040,Pace,11367407,8,Betting Baron,LOSER,9.03,LOSER,2.48,365.29,10.5,7,8.2,8.42,809.32,700,6.8,690,18.41,56.1,739.52,2.54,2.06,2.5,2.21,1245.21,9.6,10.5,1.02,0.98
21/07/2021,7:20:00 PM,7:20:37 PM,Redcliffe,QLD,5,185466260,R5 2040m Pace M,185466261,Harness,2040,Pace,9010163,9,Donny Jones,LOSER,9.85,WINNER,2.56,446.48,12.5,8.2,9,10.06,290.29,700,7,690,15.2,123.32,1113.37,2.82,2.54,2.78,2.57,270.36,9.4,9.8,1.02,0.98
21/07/2021,7:50:00 PM,7:50:29 PM,Redcliffe,QLD,6,185466262,R6 1780m Pace M,185466263,Harness,1780,Pace,24239466,1,Clarenden Dazzler,WINNER,4.83,WINNER,1.61,1393.07,5.8,2.84,4.6,4.53,4144.92,48,1.28,24,2.78,2391.75,1247.93,1.74,1.46,1.66,1.62,876.88,5,5.5,1.01,0.95
21/07/2021,7:50:00 PM,7:50:29 PM,Redcliffe,QLD,6,185466262,R6 1780m Pace M,185466263,Harness,1780,Pace,12986496,2,Major Lucky,LOSER,9.23,LOSER,2.62,655.19,10,5.6,9.8,8.35,496.3,190,7.2,190,13.41,84.45,660.61,2.64,2.18,2.64,2.39,38.45,9.2,9.6,1.01,0.95
21/07/2021,7:50:00 PM,7:50:29 PM,Redcliffe,QLD,6,185466262,R6 1780m Pace M,185466263,Harness,1780,Pace,11000296,3,Rowdys Ace,LOSER,16,WINNER,4.67,385.84,48,16.5,21,24.18,362.97,80,4.2,80,9.59,236.69,364.66,5,4.2,5,4.43,250.65,23,24,1.01,0.95
21/07/2021,7:50:00 PM,7:50:29 PM,Redcliffe,QLD,6,185466262,R6 1780m Pace M,185466263,Harness,1780,Pace,22503251,4,Tactfilly Magic,LOSER,62.11,LOSER,13.6,172.77,300,42,85,87.23,177.63,700,55,300,119.16,10.79,,19,10.5,19,11.97,5.61,80,90,1.01,0.95
21/07/2021,7:50:00 PM,7:50:29 PM,Redcliffe,QLD,6,185466262,R6 1780m Pace M,185466263,Harness,1780,Pace,38416680,5,Bondi Shake,LOSER,10.88,WINNER,2.42,991.66,24,10,11,13.05,1211.07,34,1.17,1.26,2.5,832.12,722.48,3.35,2.42,2.42,2.54,863.24,11,11.5,1.01,0.95
21/07/2021,7:50:00 PM,7:50:29 PM,Redcliffe,QLD,6,185466262,R6 1780m Pace M,185466263,Harness,1780,Pace,38681942,6,Rockindownunder,LOSER,6.88,LOSER,2.05,949.28,9,5.9,6.6,6.87,1278.28,48,1.28,1.28,5.25,462.49,971.2,2.5,2.04,2.08,2.13,144.42,5.9,6.4,1.01,0.95
21/07/2021,7:50:00 PM,7:50:29 PM,Redcliffe,QLD,6,185466262,R6 1780m Pace M,185466263,Harness,1780,Pace,12543294,7,Thankheavnforgirls,LOSER,32.79,LOSER,5.1,259.43,46,19,38,33.19,294.94,100,7.2,95,33.34,85.68,343.98,5.6,3.3,5.4,4.86,136.71,30,36,1.01,0.95
21/07/2021,7:50:00 PM,7:50:29 PM,Redcliffe,QLD,6,185466262,R6 1780m Pace M,185466263,Harness,1780,Pace,12939045,8,Themidnightrambler,LOSER,2.9,LOSER,1.42,1856.13,3.45,2.56,2.9,2.81,7005.38,490,2.12,490,4.92,469.63,1409.14,1.46,1.34,1.45,1.41,241.46,2.82,2.9,1.01,0.95
21/07/2021,8:20:00 PM,8:21:18 PM,Redcliffe,QLD,7,185466264,R7 2040m Pace M,185466265,Harness,2040,Pace,22650429,1,Caribbean Rocket,LOSER,24,WINNER,3.79,512.66,36,18,24,26.15,609.39,1000,14.5,1000,34.46,105.02,324.45,5.2,3.9,3.95,4.44,395.32,29,32,1.04,0.98
21/07/2021,8:20:00 PM,8:21:18 PM,Redcliffe,QLD,7,185466264,R7 2040m Pace M,185466265,Harness,2040,Pace,15424487,2,Barboo,LOSER,2.69,WINNER,1.39,2408.22,3.7,2.52,2.68,2.81,10429.32,100,1.23,100,1.87,3446.6,1229.94,1.5,1.35,1.41,1.39,2050.94,2.72,2.8,1.04,0.98
21/07/2021,8:20:00 PM,8:21:18 PM,Redcliffe,QLD,7,185466264,R7 2040m Pace M,185466265,Harness,2040,Pace,1019671,3,Guts,LOSER,9.68,LOSER,2.54,892.4,11.5,5.8,10,9.4,1577.31,1000,5,1000,20.89,148.14,606.11,3,2.4,2.72,2.6,14.48,10,10.5,1.04,0.98
21/07/2021,8:20:00 PM,8:21:18 PM,Redcliffe,QLD,7,185466264,R7 2040m Pace M,185466265,Harness,2040,Pace,3772140,4,Duke,LOSER,19,LOSER,4.67,534.62,22,9.2,18,15.61,581.23,1000,26,1000,72.01,20.53,360.41,,,,,,14,16,1.04,0.98
21/07/2021,8:20:00 PM,8:21:18 PM,Redcliffe,QLD,7,185466264,R7 2040m Pace M,185466265,Harness,2040,Pace,19351706,5,Downtown Lucca,LOSER,12.32,LOSER,4.55,744.65,18,10.5,15.5,14.25,694.02,1000,10,1000,21.99,209.24,259.14,4.4,3.9,4.4,4.14,68.9,13.5,15,1.04,0.98
21/07/2021,8:20:00 PM,8:21:18 PM,Redcliffe,QLD,7,185466264,R7 2040m Pace M,185466265,Harness,2040,Pace,9469272,6,Risky Buziness,LOSER,5.25,LOSER,2.13,1846.9,10,5.3,5.4,5.72,1949.39,1000,5,1000,11.02,226.02,1651.92,2.54,1.99,2.16,2.06,212.87,5.6,5.7,1.04,0.98
21/07/2021,8:20:00 PM,8:21:18 PM,Redcliffe,QLD,7,185466264,R7 2040m Pace M,185466265,Harness,2040,Pace,8495580,7,Altana Blue,WINNER,11.25,WINNER,2.82,706.5,13.5,9.4,11,11.48,1317.32,40,1.01,1.05,1.33,2921.28,556.57,3.2,2.8,2.92,2.92,345.82,10.5,12,1.04,0.98
21/07/2021,8:20:00 PM,8:21:18 PM,Redcliffe,QLD,7,185466264,R7 2040m Pace M,185466265,Harness,2040,Pace,39497870,8,One Hellava Party,LOSER,82.24,LOSER,15.08,136.42,140,24,140,64.38,185.21,1000,75,1000,105.55,16.99,90.65,14,8.8,13,10.62,48,90,95,1.04,0.98
21/07/2021,8:20:00 PM,8:21:18 PM,Redcliffe,QLD,7,185466264,R7 2040m Pace M,185466265,Harness,2040,Pace,15936095,9,Patchwork Jet,LOSER,10.76,LOSER,2.99,622.68,11,5.4,11,8.82,1186.78,1000,7.8,1000,46.15,22.3,597.79,3,2.3,3,2.65,537.38,9.2,10,1.04,0.98
21/07/2021,8:47:00 PM,8:48:31 PM,Redcliffe,QLD,8,185466266,R8 1780m Pace M,185466267,Harness,1780,Pace,39088107,1,Lil Miss Breezy,LOSER,2.92,WINNER,1.34,2338.79,3.2,2.54,2.58,2.86,6338.54,4.8,1.02,1.16,1.47,10330.15,811,1.42,1.25,1.38,1.32,2141.03,3.05,3.15,1.02,0.97
21/07/2021,8:47:00 PM,8:48:31 PM,Redcliffe,QLD,8,185466266,R8 1780m Pace M,185466267,Harness,1780,Pace,8642119,2,Acer Animus,WINNER,8,WINNER,2.2,705.83,11,4.6,9.2,8.82,1446.89,650,1.5,2.1,5.93,948.04,548.58,2.46,1.95,2.02,2.04,233.73,8.6,9.6,1.02,0.97
21/07/2021,8:47:00 PM,8:48:31 PM,Redcliffe,QLD,8,185466266,R8 1780m Pace M,185466267,Harness,1780,Pace,36841150,3,Melton Killara,LOSER,33.15,LOSER,5.01,230.71,65,22,38,28.99,458.07,740,32,740,75.44,36.68,460.24,4.4,3.9,4.3,4.09,16.26,28,32,1.02,0.97
21/07/2021,8:47:00 PM,8:48:31 PM,Redcliffe,QLD,8,185466266,R8 1780m Pace M,185466267,Harness,1780,Pace,40173387,4,Golden Grin,LOSER,170,LOSER,9.17,42.26,230,80,170,120.51,34.55,1000,55,1000,717.45,9.84,77.39,15.5,11,11,11.35,29.66,100,160,1.02,0.97
21/07/2021,8:47:00 PM,8:48:31 PM,Redcliffe,QLD,8,185466266,R8 1780m Pace M,185466267,Harness,1780,Pace,35421219,5,Valkyrie Hanover,LOSER,36.84,LOSER,5.67,228.61,80,22,36,31.33,374.42,750,32,750,92.15,32.44,301.54,6.4,3.85,6.4,4.31,37.47,24,28,1.02,0.97
21/07/2021,8:47:00 PM,8:48:31 PM,Redcliffe,QLD,8,185466266,R8 1780m Pace M,185466267,Harness,1780,Pace,39456367,7,Slide To Unlock,LOSER,2.7,LOSER,1.33,2098.79,3,2.32,2.8,2.71,5808.92,630,1.9,490,4.51,1003.13,1649.75,1.37,1.27,1.33,1.3,267.98,2.66,2.72,1.02,0.97
21/07/2021,8:47:00 PM,8:48:31 PM,Redcliffe,QLD,8,185466266,R8 1780m Pace M,185466267,Harness,1780,Pace,35896585,8,Game Keeper,LOSER,88.81,LOSER,7.79,85.21,90,50,80,67.79,92.25,930,55,930,245.01,7.42,53.98,7.8,5.4,6.8,6.19,204.27,80,85,1.02,0.97
21/07/2021,8:47:00 PM,8:48:31 PM,Redcliffe,QLD,8,185466266,R8 1780m Pace M,185466267,Harness,1780,Pace,27806803,9,Mister Rocktober,LOSER,13.19,WINNER,2.58,395.56,18.5,9.6,13.5,11.66,1286.89,780,11,700,27.79,87.36,989.25,3.6,2.4,2.78,2.53,197.91,10.5,11,1.02,0.97
21/07/2021,9:20:00 PM,9:21:10 PM,Redcliffe,QLD,9,185466268,R9 1780m Pace M,185466269,Harness,1780,Pace,13321446,1,Mister Decorum,LOSER,8.45,LOSER,2.26,732.19,9.2,3.75,9,7.15,2902.68,770,4.7,700,6.71,641.55,697.93,2.22,1.68,2.2,1.98,444.99,8.8,7.4,1.02,1.01
21/07/2021,9:20:00 PM,9:21:10 PM,Redcliffe,QLD,9,185466268,R9 1780m Pace M,185466269,Harness,1780,Pace,28578982,2,Looks Just Right,LOSER,7.44,LOSER,3.12,851.48,12,7,8.2,9.49,873.58,890,5.3,890,36.97,98.85,471.47,3.7,2.54,2.96,3.28,164.53,11.5,12,1.02,1.01
21/07/2021,9:20:00 PM,9:21:10 PM,Redcliffe,QLD,9,185466268,R9 1780m Pace M,185466269,Harness,1780,Pace,23414733,3,Faireachdainn,LOSER,6.22,WINNER,2.03,1472.43,11.5,5.3,6.2,6.61,1745.96,780,4,480,8.62,641.5,1238.61,2.4,2.02,2.1,2.12,258.02,6.4,6.6,1.02,1.01
21/07/2021,9:20:00 PM,9:21:10 PM,Redcliffe,QLD,9,185466268,R9 1780m Pace M,185466269,Harness,1780,Pace,19931222,4,Holdingno Currency,LOSER,7.22,WINNER,2.59,732.74,8.8,5.2,6.8,6.97,1203.86,220,2.92,120,10.8,837.81,798.31,5.9,2.06,2.5,2.39,282.58,6.4,6.8,1.02,1.01
21/07/2021,9:20:00 PM,9:21:10 PM,Redcliffe,QLD,9,185466268,R9 1780m Pace M,185466269,Harness,1780,Pace,16249814,5,Lifeinheaven,LOSER,5.9,LOSER,2.34,627.86,9,5.7,6.2,6.98,2030.73,780,4.8,700,20.46,389.23,838.23,2.54,2.34,2.36,2.34,5.23,7.4,8,1.02,1.01
21/07/2021,9:20:00 PM,9:21:10 PM,Redcliffe,QLD,9,185466268,R9 1780m Pace M,185466269,Harness,1780,Pace,24128973,6,Brilliant Art,LOSER,24.78,LOSER,4.65,347.05,30,16,22,19.84,441.83,700,18.5,480,24.3,134.14,338.31,4.7,4.1,4.7,4.21,71.18,20,20,1.02,1.01
21/07/2021,9:20:00 PM,9:21:10 PM,Redcliffe,QLD,9,185466268,R9 1780m Pace M,185466269,Harness,1780,Pace,17847673,7,Jay Dee Be Rollin,WINNER,3.93,WINNER,1.58,1080.42,5.6,3.15,4.1,3.66,7569.6,4.3,1.01,1.02,1.53,7012.56,938.43,1.68,1.47,1.58,1.53,1257.46,3.15,3.25,1.02,1.01
21/07/2021,9:20:00 PM,9:21:10 PM,Redcliffe,QLD,9,185466268,R9 1780m Pace M,185466269,Harness,1780,Pace,39601841,8,Im A Classy Girl,LOSER,130,LOSER,20.1,110.28,230,36,130,108.19,114.43,700,180,700,349.17,3.12,110.35,17,16,16.5,16.72,10,110,130,1.02,1.01
21/07/2021,9:50:00 PM,9:50:53 PM,Redcliffe,QLD,10,185466270,R10 1780m Pace M,185466271,Harness,1780,Pace,40249210,1,Holy Madness,WINNER,1.47,WINNER,1.23,3832.34,2.08,1.42,1.45,1.51,19386.88,2.74,1.01,1.01,1.31,9831.34,1263.76,1.3,1.16,1.26,1.25,281.9,1.52,1.53,1.01,1
21/07/2021,9:50:00 PM,9:50:53 PM,Redcliffe,QLD,10,185466270,R10 1780m Pace M,185466271,Harness,1780,Pace,39940677,2,Cactus Rose,LOSER,85,LOSER,11.91,94.57,140,44,90,74.32,97.22,700,48,700,83.73,11.42,129.93,11,10,10.5,10.43,25,70,75,1.01,1
21/07/2021,9:50:00 PM,9:50:53 PM,Redcliffe,QLD,10,185466270,R10 1780m Pace M,185466271,Harness,1780,Pace,40173386,3,Vodka En Ice,LOSER,7.94,WINNER,2.02,692.61,8.2,3.3,7.6,6.38,1991.9,110,1.86,110,5.21,832.59,903.08,2.02,1.3,2.02,1.96,445.35,6.8,7,1.01,1
21/07/2021,9:50:00 PM,9:50:53 PM,Redcliffe,QLD,10,185466270,R10 1780m Pace M,185466271,Harness,1780,Pace,40249211,4,Outer Change,LOSER,42.33,LOSER,12.6,171.81,170,27,50,55.65,102.55,700,42,700,64.66,18.3,118.2,,,,,,44,48,1.01,1
21/07/2021,9:50:00 PM,9:50:53 PM,Redcliffe,QLD,10,185466270,R10 1780m Pace M,185466271,Harness,1780,Pace,40249212,5,Pride And Loud,LOSER,19.77,LOSER,5.12,441.62,50,16.5,20,23.24,532.16,1000,18.5,400,230.03,40.39,330.88,4.7,4.7,4.7,4.7,15,19,19.5,1.01,1
21/07/2021,9:50:00 PM,9:50:53 PM,Redcliffe,QLD,10,185466270,R10 1780m Pace M,185466271,Harness,1780,Pace,40249213,6,Always Be A Torque,LOSER,12,LOSER,4.08,520.61,15,6.4,11,11.53,817.43,650,2.98,650,15.03,85.95,399.3,5,1.65,3.85,3.87,22.11,11,11.5,1.01,1
21/07/2021,9:50:00 PM,9:50:53 PM,Redcliffe,QLD,10,185466270,R10 1780m Pace M,185466271,Harness,1780,Pace,40249214,7,Lookingforarainbow,LOSER,36.09,LOSER,8.55,251.73,70,34,40,45.13,221.08,700,17,700,46.12,69.57,172.12,10,8,8.2,8.85,162.88,36,38,1.01,1
21/07/2021,5:30:00 PM,5:30:55 PM,Shepparton,VIC,1,185466234,R1 2190m Trot M,185466235,Harness,2190,Trot,2128640,1,Dances,LOSER,36,LOSER,8.03,228.6,50,21,34,32.85,756.22,700,36,300,67.07,21.52,148.47,,,,,,32,38,1.02,0.98
21/07/2021,5:30:00 PM,5:30:55 PM,Shepparton,VIC,1,185466234,R1 2190m Trot M,185466235,Harness,2190,Trot,37049179,2,The Red Warrior,LOSER,134.28,LOSER,62.93,107.21,290,21,230,77.47,116.71,940,50,700,183.98,22.36,25.7,36,9.6,34,34.44,25.56,110,280,1.02,0.98
21/07/2021,5:30:00 PM,5:30:55 PM,Shepparton,VIC,1,185466234,R1 2190m Trot M,185466235,Harness,2190,Trot,25574564,3,Miss Tipsy,LOSER,17.87,LOSER,3.58,396.18,30,15.5,15.5,19.43,711.7,700,13.5,700,21.97,255.86,293.22,4.6,3.6,3.6,3.76,253.88,20,22,1.02,0.98
21/07/2021,5:30:00 PM,5:30:55 PM,Shepparton,VIC,1,185466234,R1 2190m Trot M,185466235,Harness,2190,Trot,10181661,4,Chrisken Kiosk,LOSER,60,LOSER,10.2,162.24,75,40,60,49.5,122.39,930,60,930,245.67,7.45,147.68,,,,,,44,48,1.02,0.98
21/07/2021,5:30:00 PM,5:30:55 PM,Shepparton,VIC,1,185466234,R1 2190m Trot M,185466235,Harness,2190,Trot,27973234,5,Reigning Lillies,LOSER,6.31,LOSER,2.11,1020.23,7.6,5,5.8,5.68,2835.2,700,5.8,700,10.07,247.43,807.74,2.12,1.91,2.1,2.05,95.92,5.2,5.5,1.02,0.98
21/07/2021,5:30:00 PM,5:30:55 PM,Shepparton,VIC,1,185466234,R1 2190m Trot M,185466235,Harness,2190,Trot,25267911,6,Kyvalley Surfrider,LOSER,3.26,WINNER,1.57,2054.38,3.65,2.8,3.3,3.32,5093.52,600,1.4,110,3.19,975.96,1024.34,1.61,1.39,1.52,1.5,379.36,3.45,3.5,1.02,0.98
21/07/2021,5:30:00 PM,5:30:55 PM,Shepparton,VIC,1,185466234,R1 2190m Trot M,185466235,Harness,2190,Trot,23721394,7,One Muscle Hill,WINNER,9.04,WINNER,2.75,778,10,7.8,9.4,8.81,1603.95,11,1.01,1.01,2.26,2831,506.58,3.05,2.44,2.62,2.61,250.37,9,9.4,1.02,0.98
21/07/2021,5:30:00 PM,5:30:55 PM,Shepparton,VIC,1,185466234,R1 2190m Trot M,185466235,Harness,2190,Trot,26299588,8,Bacardi Wood,LOSER,12.45,LOSER,3.27,569.47,48,13,13,19.68,609.99,900,9.4,490,34.23,86.45,484.87,5.3,2.96,3.3,3.75,345.13,17,16,1.02,0.98
21/07/2021,5:30:00 PM,5:30:55 PM,Shepparton,VIC,1,185466234,R1 2190m Trot M,185466235,Harness,2190,Trot,38553882,9,Bad As Now,LOSER,3.96,WINNER,1.86,2551.58,4.6,2.84,4.1,4.12,4937.68,600,1.41,270,5.4,566.3,1543.11,2.48,1.54,1.87,1.84,378.77,4.1,4.3,1.02,0.98
21/07/2021,5:30:00 PM,5:30:55 PM,Shepparton,VIC,1,185466234,R1 2190m Trot M,185466235,Harness,2190,Trot,12446329,10,Regal Assassin,LOSER,91.46,LOSER,19.5,137.68,100,42,95,73.11,153.21,940,90,790,284.97,5.5,70.52,18.5,13,18,16.22,36.36,75,80,1.02,0.98
21/07/2021,6:00:00 PM,6:00:54 PM,Shepparton,VIC,2,185466236,R2 2190m Pace M,185466237,Harness,2190,Pace,487216,1,On My Oath,WINNER,1.84,WINNER,1.34,3786.41,2.34,1.75,1.83,1.99,16015.82,2.62,1.01,1.01,1.43,4108.89,952.13,1.47,1.27,1.34,1.39,4057.57,1.91,1.93,1.02,0.99
21/07/2021,6:00:00 PM,6:00:54 PM,Shepparton,VIC,2,185466236,R2 2190m Pace M,185466237,Harness,2190,Pace,28506957,3,Life Gets Better,LOSER,9.77,LOSER,2.72,875.68,10.5,6.6,10,8.21,1263.1,700,9.6,480,16.47,120.35,594.83,3,2.4,2.58,2.57,509.38,7.8,8.2,1.02,0.99
21/07/2021,6:00:00 PM,6:00:54 PM,Shepparton,VIC,2,185466236,R2 2190m Pace M,185466237,Harness,2190,Pace,6986774,5,Realy Under Fire,LOSER,45.54,LOSER,10,330.09,48,14.5,38,30.69,373.31,920,50,580,160.08,19.24,128.33,10.5,6.6,10.5,7.32,103.98,32,38,1.02,0.99
21/07/2021,6:00:00 PM,6:00:54 PM,Shepparton,VIC,2,185466236,R2 2190m Pace M,185466237,Harness,2190,Pace,16921982,6,Mista Pumblechook,LOSER,24.62,LOSER,6.55,219.96,34,13,22,22.4,880.96,700,7.6,700,42.82,54.04,135.59,7.6,6,6.8,6.96,147.84,24,28,1.02,0.99
21/07/2021,6:00:00 PM,6:00:54 PM,Shepparton,VIC,2,185466236,R2 2190m Pace M,185466237,Harness,2190,Pace,22503179,7,Elenna,LOSER,24.71,LOSER,9.01,402.95,42,18.5,24,22.82,285.27,700,5.4,700,31.73,84.61,210.17,10,6.2,8.6,9.2,5.64,22,24,1.02,0.99
21/07/2021,6:00:00 PM,6:00:54 PM,Shepparton,VIC,2,185466236,R2 2190m Pace M,185466237,Harness,2190,Pace,26678888,8,Presidentslastlady,LOSER,4.5,WINNER,2.22,1140.23,5.7,3.4,4.5,4.05,4680.62,700,2.42,380,5.06,769.86,1149.04,2.22,1.79,2.22,2,377.91,4.3,4.4,1.02,0.99
21/07/2021,6:00:00 PM,6:00:54 PM,Shepparton,VIC,2,185466236,R2 2190m Pace M,185466237,Harness,2190,Pace,36201155,9,The Dux,LOSER,50.52,LOSER,32.53,281.72,90,24,48,46.16,301.94,700,55,700,99.47,19.99,27.39,55,23,55,31.43,1.29,48,60,1.02,0.99
21/07/2021,6:32:00 PM,6:33:20 PM,Shepparton,VIC,3,185466238,R3 1690m Pace M,185466239,Harness,1690,Pace,12817486,1,Muscle Up Major,LOSER,4.06,WINNER,1.45,1339.26,4,2.8,4,3.31,6430.38,700,3,700,7.32,602.08,1007.35,1.45,1.35,1.4,1.39,871.18,3.15,3.2,1.03,0.98
21/07/2021,6:32:00 PM,6:33:20 PM,Shepparton,VIC,3,185466238,R3 1690m Pace M,185466239,Harness,1690,Pace,17567739,2,Lilnova,LOSER,28.04,LOSER,4.52,162.43,28,16,27,22.39,317.66,700,13.5,690,38.96,62.01,266.21,4.5,3.8,4.4,4.05,95.61,23,24,1.03,0.98
21/07/2021,6:32:00 PM,6:33:20 PM,Shepparton,VIC,3,185466238,R3 1690m Pace M,185466239,Harness,1690,Pace,2977673,3,Spencer,WINNER,3.89,WINNER,1.61,888.1,4.2,3.1,3.8,3.65,3015.8,10,1.01,1.01,1.81,2751.56,753.18,1.73,1.51,1.61,1.6,102.89,3.6,3.85,1.03,0.98
21/07/2021,6:32:00 PM,6:33:20 PM,Shepparton,VIC,3,185466238,R3 1690m Pace M,185466239,Harness,1690,Pace,15051282,4,Village Encounter,LOSER,16.5,LOSER,3.66,338.98,18,10,17,13.77,998.32,700,16.5,580,43.64,83.39,343.7,3.35,3,3.3,3.22,82.63,15.5,18,1.03,0.98
21/07/2021,6:32:00 PM,6:33:20 PM,Shepparton,VIC,3,185466238,R3 1690m Pace M,185466239,Harness,1690,Pace,23084554,5,Reddy Major,LOSER,23,LOSER,3.95,371.87,55,12,24,31.41,425.12,700,2,690,15.3,247.7,128.65,5.7,3.8,3.95,4.92,564.68,32,36,1.03,0.98
21/07/2021,6:32:00 PM,6:33:20 PM,Shepparton,VIC,3,185466238,R3 1690m Pace M,185466239,Harness,1690,Pace,4534160,6,Out Of Character,LOSER,270,LOSER,65,41.26,270,40,230,142.98,46.77,840,70,840,245.48,7.59,27.37,65,29,65,43.67,13.36,190,210,1.03,0.98
21/07/2021,6:32:00 PM,6:33:20 PM,Shepparton,VIC,3,185466238,R3 1690m Pace M,185466239,Harness,1690,Pace,5359137,7,Rock The Nation,LOSER,4.81,WINNER,1.78,1074.82,8.6,4.5,4.5,5.82,4596.45,700,1.92,700,4.39,1126.42,695.75,2.1,1.72,1.8,1.97,825.5,5.2,5.4,1.03,0.98
21/07/2021,6:32:00 PM,6:33:20 PM,Shepparton,VIC,3,185466238,R3 1690m Pace M,185466239,Harness,1690,Pace,19166697,8,Lets Dig It,LOSER,8,LOSER,2.3,557.59,11.5,5.8,8.4,8.36,2330.6,700,7.8,280,10.25,463.88,310.53,2.72,1.94,2.24,2.17,1293.35,10,10.5,1.03,0.98
21/07/2021,7:00:00 PM,7:01:26 PM,Shepparton,VIC,4,185466240,R4 1690m Pace M,185466241,Harness,1690,Pace,39242350,1,Major Zone,LOSER,150,LOSER,9.4,101.5,150,30,150,96.73,67.85,940,65,940,177.28,12.83,224.48,10,8.4,10,9,113.78,110,120,1.02,0.98
21/07/2021,7:00:00 PM,7:01:26 PM,Shepparton,VIC,4,185466240,R4 1690m Pace M,185466241,Harness,1690,Pace,40186671,2,Ozzie Daybreak,LOSER,17,LOSER,3.67,301,32,16,16.5,21.24,262.41,900,8,900,37.03,84.21,363.25,3.9,3.35,3.4,3.51,112.53,24,26,1.02,0.98
21/07/2021,7:00:00 PM,7:01:26 PM,Shepparton,VIC,4,185466240,R4 1690m Pace M,185466241,Harness,1690,Pace,876995,3,Headbanger,WINNER,3.12,WINNER,1.47,1953.69,3.45,2.62,3.1,3.06,11538.23,3.15,1.01,1.01,1.44,5580.4,613.08,1.57,1.38,1.5,1.49,678.01,3.3,3.35,1.02,0.98
21/07/2021,7:00:00 PM,7:01:26 PM,Shepparton,VIC,4,185466240,R4 1690m Pace M,185466241,Harness,1690,Pace,36496782,4,Alta Madeira,LOSER,3.55,LOSER,1.71,1348.66,4.6,2.92,3.5,3.51,7705.16,700,3.7,700,16.18,172.16,720.56,1.86,1.5,1.75,1.7,350.64,3.1,3.2,1.02,0.98
21/07/2021,7:00:00 PM,7:01:26 PM,Shepparton,VIC,4,185466240,R4 1690m Pace M,185466241,Harness,1690,Pace,39000754,5,My Golden Eagle,LOSER,18.62,LOSER,3.71,211.24,19,7,19,11.09,910.31,700,23,580,69.07,24.24,501.22,3.85,3.15,3.85,3.69,31.91,15.5,17,1.02,0.98
21/07/2021,7:00:00 PM,7:01:26 PM,Shepparton,VIC,4,185466240,R4 1690m Pace M,185466241,Harness,1690,Pace,36430686,6,Matacey Mac,LOSER,58,LOSER,9.4,100.24,110,27,60,65.14,73.36,700,38,700,108.48,13.66,154.02,9.8,6,9,8,134.52,70,75,1.02,0.98
21/07/2021,7:00:00 PM,7:01:26 PM,Shepparton,VIC,4,185466240,R4 1690m Pace M,185466241,Harness,1690,Pace,36568636,7,Ozzie Playboy,LOSER,7.77,WINNER,2.23,957.76,29,6.6,7.8,9.3,3870.66,220,7,140,14.38,240.13,867.24,4,1.95,2.14,2.4,1080.83,6.8,7,1.02,0.98
21/07/2021,7:00:00 PM,7:01:26 PM,Shepparton,VIC,4,185466240,R4 1690m Pace M,185466241,Harness,1690,Pace,36794906,8,Helansin,LOSER,16,LOSER,3.76,498.5,55,16,16,24.76,470.34,930,20,190,65.18,54.86,449.16,5.9,3.95,4.1,4.26,234.59,24,25,1.02,0.98
21/07/2021,7:00:00 PM,7:01:26 PM,Shepparton,VIC,4,185466240,R4 1690m Pace M,185466241,Harness,1690,Pace,36024130,9,Miss Lemon,LOSER,13,WINNER,2.7,359.69,16,8.4,13,12.25,1017.12,700,5.1,630,25.56,75.83,390.94,3.4,2.58,2.7,2.84,183.63,13.5,14.5,1.02,0.98
21/07/2021,7:30:00 PM,7:30:59 PM,Shepparton,VIC,5,185466242,R5 2190m Pace M,185466243,Harness,2190,Pace,11578655,1,Artizz,LOSER,61.22,LOSER,6.3,73.27,60,26,55,51.09,73.48,860,46,860,133.95,17.48,207.49,8.2,4.6,7.2,6.52,66.73,48,50,1.02,0.97
21/07/2021,7:30:00 PM,7:30:59 PM,Shepparton,VIC,5,185466242,R5 2190m Pace M,185466243,Harness,2190,Pace,14048603,2,Silky Smooth Excuse,LOSER,20.68,LOSER,5.26,337.84,40,9.6,22,20.99,739.86,700,20,700,47.52,33.46,407.75,8.2,3.4,5.4,6.69,92.42,34,38,1.02,0.97
21/07/2021,7:30:00 PM,7:30:59 PM,Shepparton,VIC,5,185466242,R5 2190m Pace M,185466243,Harness,2190,Pace,28417586,3,Misskontiki,LOSER,59.36,LOSER,13.56,77.11,95,28,60,55.57,39.38,700,5.1,700,35.39,88.31,225.11,15.5,8.6,13,12.45,38.31,55,60,1.02,0.97
21/07/2021,7:30:00 PM,7:30:59 PM,Shepparton,VIC,5,185466242,R5 2190m Pace M,185466243,Harness,2190,Pace,20979396,4,Tweet About It,LOSER,29.57,LOSER,4.85,132.81,55,24,29,35.74,150.5,700,10.5,700,25.84,89.24,117.2,5.4,5.3,5.3,5.32,17.87,30,32,1.02,0.97
21/07/2021,7:30:00 PM,7:30:59 PM,Shepparton,VIC,5,185466242,R5 2190m Pace M,185466243,Harness,2190,Pace,189428,5,Wild Imagination,WINNER,3.28,WINNER,1.83,1386.86,4.3,2.86,3.15,3.18,6628.48,3.35,1.01,1.01,1.84,3996.54,1667.57,1.57,1.44,1.51,1.52,58.87,3,3.05,1.02,0.97
21/07/2021,7:30:00 PM,7:30:59 PM,Shepparton,VIC,5,185466242,R5 2190m Pace M,185466243,Harness,2190,Pace,4049224,6,Secret Identity,LOSER,11,LOSER,2.63,619.42,15,8.8,10,10.63,1507.69,890,9.2,890,35.99,120.82,565.48,3.25,2.42,2.46,2.65,406.11,9,9.6,1.02,0.97
21/07/2021,7:30:00 PM,7:30:59 PM,Shepparton,VIC,5,185466242,R5 2190m Pace M,185466243,Harness,2190,Pace,19451944,7,Tryna Portray,LOSER,21.84,WINNER,3.75,255.85,22,15.5,19.5,18.21,323.73,700,21,700,38.42,81.17,396.03,4,3.6,4,3.77,19.46,18.5,20,1.02,0.97
21/07/2021,7:30:00 PM,7:30:59 PM,Shepparton,VIC,5,185466242,R5 2190m Pace M,185466243,Harness,2190,Pace,13369024,8,Righteously,LOSER,19.44,LOSER,4.6,337.87,32,20,20,25.83,453.52,1000,15.5,1000,70.24,43.14,324.8,5,4.6,5,4.96,41.24,25,27,1.02,0.97
21/07/2021,7:30:00 PM,7:30:59 PM,Shepparton,VIC,5,185466242,R5 2190m Pace M,185466243,Harness,2190,Pace,2314574,9,Benatar,LOSER,4.15,WINNER,1.73,2233.11,5.2,3.4,4.4,4.25,4301.18,650,1.57,490,7.14,608.04,966.69,2,1.65,1.74,1.71,456.69,4.5,4.8,1.02,0.97
21/07/2021,7:30:00 PM,7:30:59 PM,Shepparton,VIC,5,185466242,R5 2190m Pace M,185466243,Harness,2190,Pace,26635345,10,Wheres Wood Wood,LOSER,6.27,LOSER,2.31,978.62,8.8,5.7,6.2,6.9,2555.93,1000,4,1000,16.19,307.66,505.17,2.8,1.98,2.02,2.06,191.73,6.2,6.6,1.02,0.97
21/07/2021,8:00:00 PM,8:00:49 PM,Shepparton,VIC,6,185466244,R6 2190m Trot S,185466245,Harness,2190,Trot,17310991,1,Christmas Babe,WINNER,5.48,WINNER,1.76,1264.7,7.8,5.6,5.8,6.29,1368.48,6.8,1.01,1.01,2.25,2501.28,1121.48,1.85,1.71,1.8,1.76,293.51,5.8,6,0.98,0.97
21/07/2021,8:00:00 PM,8:00:49 PM,Shepparton,VIC,6,185466244,R6 2190m Trot S,185466245,Harness,2190,Trot,40249215,2,Malhana Muscles,LOSER,27.18,WINNER,4.99,192.61,70,22,26,30.42,605.65,910,19.5,910,30.16,58.27,333.06,5.6,5.1,5.6,5.35,11.79,26,34,0.98,0.97
21/07/2021,8:00:00 PM,8:00:49 PM,Shepparton,VIC,6,185466244,R6 2190m Trot S,185466245,Harness,2190,Trot,35994362,3,Our Spitfire,LOSER,13.5,LOSER,3.08,429.22,22,8.4,13,10.92,982.49,1000,13.5,960,145.54,68.47,488.17,3.15,2.5,3.05,2.76,450.39,10,11,0.98,0.97
21/07/2021,8:00:00 PM,8:00:49 PM,Shepparton,VIC,6,185466244,R6 2190m Trot S,185466245,Harness,2190,Trot,40249216,4,Kyvalley Barney,LOSER,28,WINNER,4.6,199.89,42,20,29,27.54,226.95,700,26,500,48.54,26.95,295,4.7,4.2,4.7,4.27,56.08,26,28,0.98,0.97
21/07/2021,8:00:00 PM,8:00:49 PM,Shepparton,VIC,6,185466244,R6 2190m Trot S,185466245,Harness,2190,Trot,11129063,5,Count Bacardi,LOSER,6.96,LOSER,1.92,557.39,7.6,5.7,6.8,6.76,1459.13,870,4.1,870,10.33,157.27,907.77,1.95,1.82,1.95,1.86,69.51,6.8,7.2,0.98,0.97
21/07/2021,8:00:00 PM,8:00:49 PM,Shepparton,VIC,6,185466244,R6 2190m Trot S,185466245,Harness,2190,Trot,37964022,6,Dont Care,LOSER,2.08,LOSER,1.25,2304.98,2.38,1.75,2.08,2.12,10382.62,1000,1.6,1000,3.81,1002.92,1568.69,1.35,1.2,1.28,1.27,2670.09,2.3,2.16,0.98,0.97
21/07/2021,8:00:00 PM,8:00:49 PM,Shepparton,VIC,6,185466244,R6 2190m Trot S,185466245,Harness,2190,Trot,18100352,7,Lunchwitharthur,LOSER,27.59,LOSER,5.25,220.86,48,14,29,32.61,593.51,120,1.3,120,17.74,107.02,162.04,6.4,5.2,5.6,5.71,170.71,42,48,0.98,0.97
21/07/2021,8:00:00 PM,8:00:49 PM,Shepparton,VIC,6,185466244,R6 2190m Trot S,185466245,Harness,2190,Trot,24465435,8,Aldebaran Poppy,LOSER,92.66,LOSER,10.25,86.25,120,26,90,59.41,49.95,700,100,300,249.71,3.02,168.75,11.5,8.2,11.5,9.07,28.97,85,90,0.98,0.97
21/07/2021,8:00:00 PM,8:00:49 PM,Shepparton,VIC,6,185466244,R6 2190m Trot S,185466245,Harness,2190,Trot,8863882,9,Sunofatrump,LOSER,39.88,LOSER,6.17,132.29,95,25,50,59.14,195.92,700,32,410,50.86,39.62,146.22,8.6,5.8,6,6.62,157.12,75,80,0.98,0.97
21/07/2021,8:30:00 PM,8:31:48 PM,Shepparton,VIC,7,185466246,R7 1690m Pace M,185466247,Harness,1690,Pace,17996555,1,Roslyn Gaye,LOSER,9.46,LOSER,2.59,825.76,11.5,7.8,9.6,9.96,1069.22,700,2.4,650,13.58,257.09,468.07,3.5,2.46,2.5,2.58,552.17,10.5,11,1.03,0.99
21/07/2021,8:30:00 PM,8:31:48 PM,Shepparton,VIC,7,185466246,R7 1690m Pace M,185466247,Harness,1690,Pace,39077041,2,Lombo Eye Watch,LOSER,51.82,LOSER,11.74,127.29,75,15.5,55,47.48,148.48,1000,80,1000,247.59,12.57,30.71,8.2,7.8,8,7.97,23.75,50,70,1.03,0.99
21/07/2021,8:30:00 PM,8:31:48 PM,Shepparton,VIC,7,185466246,R7 1690m Pace M,185466247,Harness,1690,Pace,28329796,3,What A Pleasure,LOSER,28.07,LOSER,6.7,353.2,40,24,28,31.22,194.8,700,22,300,109.93,5.6,180.39,,,,,,30,34,1.03,0.99
21/07/2021,8:30:00 PM,8:31:48 PM,Shepparton,VIC,7,185466246,R7 1690m Pace M,185466247,Harness,1690,Pace,12817489,4,Ourbeachsomewhere,LOSER,110,LOSER,15,95.03,100,44,100,78.69,77.9,1000,100,1000,384.48,3.86,,,,,,,70,80,1.03,0.99
21/07/2021,8:30:00 PM,8:31:48 PM,Shepparton,VIC,7,185466246,R7 1690m Pace M,185466247,Harness,1690,Pace,8341319,6,Isolation,LOSER,58.89,WINNER,10.28,180.47,95,25,50,56.03,271.4,140,1.75,110,17.11,164.06,57.43,9,9,9,9,34.33,60,65,1.03,0.99
21/07/2021,8:30:00 PM,8:31:48 PM,Shepparton,VIC,7,185466246,R7 1690m Pace M,185466247,Harness,1690,Pace,24406696,7,Heaven Attracts,LOSER,7.45,LOSER,2.38,759.85,10.5,6,7.6,8.57,1845.83,810,8.4,290,52.55,29.67,462.65,2.5,2.3,2.36,2.35,32.28,8.4,9,1.03,0.99
21/07/2021,8:30:00 PM,8:31:48 PM,Shepparton,VIC,7,185466246,R7 1690m Pace M,185466247,Harness,1690,Pace,36894764,8,Jets Art,LOSER,5.5,WINNER,1.95,1296.01,6.6,3.9,5.5,5.79,3400.23,700,2.44,700,9.86,265.08,403.49,2.1,1.73,1.9,1.91,145.28,6,6.2,1.03,0.99
21/07/2021,8:30:00 PM,8:31:48 PM,Shepparton,VIC,7,185466246,R7 1690m Pace M,185466247,Harness,1690,Pace,1442057,9,Mona Mia,WINNER,3.11,WINNER,1.45,1811.8,3.7,2.72,3.1,3.07,4937.05,7.6,1.01,1.01,1.36,3032.12,1003.7,1.52,1.4,1.43,1.45,486.42,2.94,2.98,1.03,0.99
21/07/2021,8:30:00 PM,8:31:48 PM,Shepparton,VIC,7,185466246,R7 1690m Pace M,185466247,Harness,1690,Pace,2858608,10,Magic Mike,LOSER,4.27,LOSER,1.83,1382.06,7.2,4.2,4.3,4.63,4302.97,700,4.5,690,21.61,39.26,1069,2.38,1.7,1.84,1.89,128.22,4.5,4.6,1.03,0.99
21/07/2021,9:00:00 PM,9:03:25 PM,Shepparton,VIC,8,185466248,R8 2190m Pace M,185466249,Harness,2190,Pace,26085650,1,Jacquelyn Anne,LOSER,7.32,LOSER,2.36,1142.12,9,3.3,7.4,5.56,4481.97,700,4.8,700,8.16,522.31,563.96,2.5,1.45,2.36,2.25,922.08,7.2,8,1.03,0.98
21/07/2021,9:00:00 PM,9:03:25 PM,Shepparton,VIC,8,185466248,R8 2190m Pace M,185466249,Harness,2190,Pace,13076772,2,Some Change,LOSER,62.13,WINNER,7.33,107.44,80,15,70,41.82,167.46,700,17.5,700,42.97,25.88,120.74,7,6.2,6.2,6.32,47.36,50,55,1.03,0.98
21/07/2021,9:00:00 PM,9:03:25 PM,Shepparton,VIC,8,185466248,R8 2190m Pace M,185466249,Harness,2190,Pace,11139787,3,Rockin In Memphis,LOSER,172.12,LOSER,18.3,39.35,160,28,160,70.61,55.45,1000,160,1000,561.34,13.28,26.33,9,9,9,9,10,110,120,1.03,0.98
21/07/2021,9:00:00 PM,9:03:25 PM,Shepparton,VIC,8,185466248,R8 2190m Pace M,185466249,Harness,2190,Pace,19063036,4,Ideal Suspect,LOSER,57.41,LOSER,6.08,127.53,70,28,65,49.19,156.26,700,55,700,81.87,11.65,100.03,5.9,5.8,5.8,5.83,24.51,50,55,1.03,0.98
21/07/2021,9:00:00 PM,9:03:25 PM,Shepparton,VIC,8,185466248,R8 2190m Pace M,185466249,Harness,2190,Pace,6503833,6,Azza,LOSER,5.36,WINNER,1.53,1246.44,14.5,4.9,5.2,6.49,3534.57,700,2,480,4.18,1091.81,936.08,2.24,1.53,1.58,1.6,160.1,5,5.2,1.03,0.98
21/07/2021,9:00:00 PM,9:03:25 PM,Shepparton,VIC,8,185466248,R8 2190m Pace M,185466249,Harness,2190,Pace,4740442,7,Hurricane Hall,LOSER,27,LOSER,6,160.57,36,9.6,27,26.05,347.59,700,27,700,62.2,11.28,103.08,5.6,2.68,4.9,4.21,82.55,30,34,1.03,0.98
21/07/2021,9:00:00 PM,9:03:25 PM,Shepparton,VIC,8,185466248,R8 2190m Pace M,185466249,Harness,2190,Pace,11294496,8,Manassa Sky,LOSER,19.2,LOSER,2.6,272.92,44,17.5,18,21.21,701.05,700,2,650,17.08,353.89,709.13,4.3,2.54,2.62,3.11,481.3,19,20,1.03,0.98
21/07/2021,9:00:00 PM,9:03:25 PM,Shepparton,VIC,8,185466248,R8 2190m Pace M,185466249,Harness,2190,Pace,21771278,9,Carl Mattgregor,LOSER,80.03,LOSER,9.68,101.92,85,34,80,64.2,89.95,860,1.5,700,29.78,117.67,115.86,,,,,,65,70,1.03,0.98
21/07/2021,9:00:00 PM,9:03:25 PM,Shepparton,VIC,8,185466248,R8 2190m Pace M,185466249,Harness,2190,Pace,17980290,10,Letsrockletsroll,WINNER,2,WINNER,1.23,4984.7,3.35,1.81,1.95,1.96,16538.93,2.7,1.01,1.01,1.3,5294.18,1973.57,1.26,1.18,1.24,1.21,1988.5,1.86,1.9,1.03,0.98
21/07/2021,9:29:00 PM,9:29:58 PM,Shepparton,VIC,9,185466250,R9 2190m Pace M,185466251,Harness,2190,Pace,12586042,1,Juscallmechief,LOSER,41.72,LOSER,7.23,165.21,75,17,48,48.65,224.11,940,38,490,165.01,24.47,41.67,18.5,6.6,8,8.63,388.36,55,65,1.01,0.99
21/07/2021,9:29:00 PM,9:29:58 PM,Shepparton,VIC,9,185466250,R9 2190m Pace M,185466251,Harness,2190,Pace,15475154,2,Fantasy Beach,LOSER,7.5,WINNER,2.05,658.56,8.2,2.38,7.2,6.25,1535.63,100,2.36,70,5.96,238.28,179.72,2.76,1.63,2.22,1.88,1830.47,6.2,6.4,1.01,0.99
21/07/2021,9:29:00 PM,9:29:58 PM,Shepparton,VIC,9,185466250,R9 2190m Pace M,185466251,Harness,2190,Pace,12462183,3,Sassyfeet,LOSER,105.83,LOSER,147.08,97.99,310,24,150,114.72,140.28,980,75,700,333.47,3.7,0.78,970,55,970,82.07,6.61,100,110,1.01,0.99
21/07/2021,9:29:00 PM,9:29:58 PM,Shepparton,VIC,9,185466250,R9 2190m Pace M,185466251,Harness,2190,Pace,38788952,4,Bee Gee Cee,WINNER,7.1,WINNER,2.82,613.52,23,6.6,7.2,8.22,2216.96,7.6,1.01,1.01,1.85,1613.57,597.55,3.15,2.44,2.78,2.77,701.4,8.4,8.6,1.01,0.99
21/07/2021,9:29:00 PM,9:29:58 PM,Shepparton,VIC,9,185466250,R9 2190m Pace M,185466251,Harness,2190,Pace,21949859,5,Major Comment,LOSER,1.6,LOSER,1.22,3576.37,2.16,1.51,1.56,1.59,12258.87,780,1.53,480,2.56,3494.7,1151.22,1.22,1.11,1.22,1.16,1504.69,1.53,1.54,1.01,0.99
21/07/2021,9:29:00 PM,9:29:58 PM,Shepparton,VIC,9,185466250,R9 2190m Pace M,185466251,Harness,2190,Pace,17021939,6,Twenty Two Karat,LOSER,15.16,LOSER,4.87,436.94,46,11.5,16.5,19.07,3621.04,700,7.2,410,11.63,316.82,232.16,11.5,3.95,4.8,4.83,581.48,20,22,1.01,0.99
22/07/2021,3:44:00 PM,3:44:51 PM,Cambridge,NZ,1,185490849,R1 2700m Trot S,185490850,Harness,2700,Trot,26801250,1,Strength Of Heart,LOSER,,LOSER,,,12,8,8.6,9.66,96.07,,,,,,,3.05,3.05,3.05,3.05,7.01,8.6,9.4,1.08,0.91
22/07/2021,3:44:00 PM,3:44:51 PM,Cambridge,NZ,1,185490849,R1 2700m Trot S,185490850,Harness,2700,Trot,24417091,2,Maudarchy,LOSER,,LOSER,,,6.4,4.8,6.4,5.35,277.43,,,,,,,1.92,1.92,1.92,1.92,5.6,5.4,5.7,1.08,0.91
22/07/2021,3:44:00 PM,3:44:51 PM,Cambridge,NZ,1,185490849,R1 2700m Trot S,185490850,Harness,2700,Trot,23585024,3,My Royal Roxy,LOSER,,LOSER,,,9.6,7.2,9.2,8.67,140.09,,,,,,,2.58,2.56,2.56,2.58,75.5,8.6,8.8,1.08,0.91
22/07/2021,3:44:00 PM,3:44:51 PM,Cambridge,NZ,1,185490849,R1 2700m Trot S,185490850,Harness,2700,Trot,28216517,4,Constellation,LOSER,,LOSER,,,24,20,20,20.26,3.72,,,,,,,,,,,,22,44,1.08,0.91
22/07/2021,3:44:00 PM,3:44:51 PM,Cambridge,NZ,1,185490849,R1 2700m Trot S,185490850,Harness,2700,Trot,11470790,5,Bro Fawkes S,LOSER,,LOSER,,,27,14,14,22.9,74.33,,,,,,,,,,,,14.5,17,1.08,0.91
22/07/2021,3:44:00 PM,3:44:51 PM,Cambridge,NZ,1,185490849,R1 2700m Trot S,185490850,Harness,2700,Trot,17494687,6,Safrakova,LOSER,,LOSER,,,8.8,8,8.2,8.24,108.74,,,,,,,2.84,2.84,2.84,2.84,5,8,8.6,1.08,0.91
22/07/2021,3:44:00 PM,,Cambridge,NZ,1,185490849,R1 2700m Trot S,185490850,Harness,2700,Trot,14048611,7,The Last Gamble,LOSER,,LOSER,,,,,,,,,,,,,,,,,,,,,,
22/07/2021,3:44:00 PM,3:44:51 PM,Cambridge,NZ,1,185490849,R1 2700m Trot S,185490850,Harness,2700,Trot,39141788,9,Highview Rockn Roll,LOSER,,WINNER,,,6.4,5.5,5.5,5.99,81.9,,,,,,,,,,,,5.7,6.2,1.08,0.91
22/07/2021,3:44:00 PM,,Cambridge,NZ,1,185490849,R1 2700m Trot S,185490850,Harness,2700,Trot,33751174,10,Leesa Castleton,LOSER,,WINNER,,,,,,,,,,,,,,,,,,,,,,
22/07/2021,3:44:00 PM,3:44:51 PM,Cambridge,NZ,1,185490849,R1 2700m Trot S,185490850,Harness,2700,Trot,40256325,11,Sir Henry Castleton,LOSER,,LOSER,,,17,16,17,16.21,23.94,,,,,,,,,,,,16,36,1.08,0.91
22/07/2021,3:44:00 PM,3:44:51 PM,Cambridge,NZ,1,185490849,R1 2700m Trot S,185490850,Harness,2700,Trot,38397601,12,Doris Rae,WINNER,,WINNER,,,130,100,130,112.23,3.72,,,,,,,,,,,,46,100,1.08,0.91
22/07/2021,3:44:00 PM,3:44:51 PM,Cambridge,NZ,1,185490849,R1 2700m Trot S,185490850,Harness,2700,Trot,40256326,13,Chicago H,LOSER,,LOSER,,,15.5,14,15,14.82,11.93,,,,,,,,,,,,14,15,1.08,0.91
22/07/2021,5:52:00 PM,5:52:45 PM,Cambridge,NZ,6,185490859,R6 2200m Pace M,185490860,Harness,2200,Pace,40256339,1,Ideal Tomado,LOSER,,LOSER,,,15,14,14,14.57,5.38,,,,,,,,,,,,12,38,1.25,0.81
22/07/2021,5:52:00 PM,,Cambridge,NZ,6,185490859,R6 2200m Pace M,185490860,Harness,2200,Pace,10710029,2,Lynton Creek,LOSER,,LOSER,,,,,,,,,,,,,,,,,,,,,,
22/07/2021,5:52:00 PM,5:52:45 PM,Cambridge,NZ,6,185490859,R6 2200m Pace M,185490860,Harness,2200,Pace,36682288,3,Bet West,LOSER,,LOSER,,,8,7.8,8,7.95,1.07,,,,,,,,,,,,8,13.5,1.25,0.81
22/07/2021,5:52:00 PM,,Cambridge,NZ,6,185490859,R6 2200m Pace M,185490860,Harness,2200,Pace,40256340,4,Imelda May,LOSER,,LOSER,,,,,,,,,,,,,,,,,,,,,,
22/07/2021,5:52:00 PM,5:52:45 PM,Cambridge,NZ,6,185490859,R6 2200m Pace M,185490860,Harness,2200,Pace,13269050,5,Dun It Bad,LOSER,,LOSER,,,5.7,5.2,5.6,5.47,90.76,,,,,,,2.02,2.02,2.02,2.02,10,5.1,9.8,1.25,0.81
22/07/2021,5:52:00 PM,5:52:45 PM,Cambridge,NZ,6,185490859,R6 2200m Pace M,185490860,Harness,2200,Pace,28776866,6,Emmber,LOSER,,WINNER,,,7.2,4,4.5,4.18,78.27,,,,,,,,,,,,4,6.2,1.25,0.81
22/07/2021,5:52:00 PM,5:52:45 PM,Cambridge,NZ,6,185490859,R6 2200m Pace M,185490860,Harness,2200,Pace,128589,7,Stag Party,WINNER,,WINNER,,,4.1,2.76,3.1,3.08,1128.3,,,,,,,1.43,1.43,1.43,1.43,41.03,3,3.1,1.25,0.81
22/07/2021,5:52:00 PM,5:52:45 PM,Cambridge,NZ,6,185490859,R6 2200m Pace M,185490860,Harness,2200,Pace,6348910,8,Optical Illusion,LOSER,,WINNER,,,48,18,48,39.31,1.1,,,,,,,,,,,,14,48,1.25,0.81
22/07/2021,5:52:00 PM,5:52:45 PM,Cambridge,NZ,6,185490859,R6 2200m Pace M,185490860,Harness,2200,Pace,27270962,9,Armed Reactor,LOSER,,LOSER,,,20,9.6,9.6,11.93,23.58,,,,,,,,,,,,14.5,19,1.25,0.81
22/07/2021,6:16:00 PM,6:17:00 PM,Cambridge,NZ,7,185490861,R7 2200m Pace M,185490862,Harness,2200,Pace,17428381,1,Jungle Gem,WINNER,,WINNER,,,27,17.5,27,19.06,64.68,,,,,,,3.6,3.6,3.6,3.6,26.11,20,23,1.1,0.91
22/07/2021,6:16:00 PM,6:17:00 PM,Cambridge,NZ,7,185490861,R7 2200m Pace M,185490862,Harness,2200,Pace,36394592,2,Greatest Showman,LOSER,,LOSER,,,7.2,5.5,7.2,6.4,109.62,7.2,7.2,7.2,7.2,0.27,,2.04,2.04,2.04,2.04,20,6.8,8.2,1.1,0.91
22/07/2021,6:16:00 PM,6:17:00 PM,Cambridge,NZ,7,185490861,R7 2200m Pace M,185490862,Harness,2200,Pace,40256341,3,Sheza Rose,LOSER,,LOSER,,,16,13,14.5,13.91,127.39,,,,,,,,,,,,16,36,1.1,0.91
22/07/2021,6:16:00 PM,6:17:00 PM,Cambridge,NZ,7,185490861,R7 2200m Pace M,185490862,Harness,2200,Pace,40256342,4,Claudia Schiffer,LOSER,,LOSER,,,2.72,2.1,2.16,2.29,2176.68,,,,,,,1.35,1.27,1.35,1.31,21.19,2.28,2.3,1.1,0.91
22/07/2021,6:16:00 PM,6:17:00 PM,Cambridge,NZ,7,185490861,R7 2200m Pace M,185490862,Harness,2200,Pace,38185002,5,Whooshka,LOSER,,LOSER,,,18,11,13.5,12.44,16.4,,,,,,,,,,,,10.5,18,1.1,0.91
22/07/2021,6:16:00 PM,6:17:00 PM,Cambridge,NZ,7,185490861,R7 2200m Pace M,185490862,Harness,2200,Pace,38404935,6,The Missing Sock,LOSER,,WINNER,,,9.4,7.2,7.4,7.98,174.92,,,,,,,2.98,2.26,2.98,2.34,103.77,8,8.6,1.1,0.91
22/07/2021,6:16:00 PM,6:17:00 PM,Cambridge,NZ,7,185490861,R7 2200m Pace M,185490862,Harness,2200,Pace,36394575,8,Ticking Over,LOSER,,LOSER,,,130,46,100,68.32,6.41,,,,,,,,,,,,50,120,1.1,0.91
22/07/2021,6:16:00 PM,6:17:00 PM,Cambridge,NZ,7,185490861,R7 2200m Pace M,185490862,Harness,2200,Pace,26766992,9,Ally Mae,LOSER,,WINNER,,,48,44,48,45.67,0.98,,,,,,,15,5.7,15,6.86,29.84,40,70,1.1,0.91
22/07/2021,6:16:00 PM,6:17:00 PM,Cambridge,NZ,7,185490861,R7 2200m Pace M,185490862,Harness,2200,Pace,36241351,10,We Have A Mach Two,LOSER,,LOSER,,,14.5,9.6,11,10.38,68.23,,,,,,,,,,,,9.4,14.5,1.1,0.91
22/07/2021,6:16:00 PM,6:17:00 PM,Cambridge,NZ,7,185490861,R7 2200m Pace M,185490862,Harness,2200,Pace,40112100,11,Cotton Socks,LOSER,,LOSER,,,70,28,42,46.74,12.95,,,,,,,,,,,,29,44,1.1,0.91
22/07/2021,6:42:00 PM,6:42:16 PM,Cambridge,NZ,8,185490863,R8 2700m Pace S,185490864,Harness,2700,Pace,1500032,1,Comic Book Hero,LOSER,,LOSER,,,150,28,29,32.47,20.56,,,,,,,,,,,,28,42,1.02,1.15
22/07/2021,6:42:00 PM,6:42:16 PM,Cambridge,NZ,8,185490863,R8 2700m Pace S,185490864,Harness,2700,Pace,36582044,2,Mahia,WINNER,,WINNER,,,13,8.6,13,11.38,324.53,,,,,,,2.8,2.8,2.8,2.8,0.17,10,8,1.02,1.15
22/07/2021,6:42:00 PM,6:42:16 PM,Cambridge,NZ,8,185490863,R8 2700m Pace S,185490864,Harness,2700,Pace,16639459,3,Frankie Jones,LOSER,,LOSER,,,40,19,28,28.1,40.14,,,,,,,,,,,,20,22,1.02,1.15
22/07/2021,6:42:00 PM,6:42:16 PM,Cambridge,NZ,8,185490863,R8 2700m Pace S,185490864,Harness,2700,Pace,27627757,4,Brookies Jaffa,LOSER,,LOSER,,,9.2,3.85,3.9,4.76,960.57,,,,,,,2.4,2.08,2.32,2.38,54.05,4.4,4.5,1.02,1.15
22/07/2021,6:42:00 PM,6:42:16 PM,Cambridge,NZ,8,185490863,R8 2700m Pace S,185490864,Harness,2700,Pace,1044319,5,Mailman,LOSER,,LOSER,,,10,5.2,7.4,7.99,227.62,,,,,,,,,,,,7.2,8,1.02,1.15
22/07/2021,6:42:00 PM,6:42:16 PM,Cambridge,NZ,8,185490863,R8 2700m Pace S,185490864,Harness,2700,Pace,24783748,6,Ideal Agent,LOSER,,WINNER,,,10.5,5,5.7,5.7,223.26,,,,,,,3.1,3.1,3.1,3.1,5.6,5.1,5.9,1.02,1.15
22/07/2021,6:42:00 PM,6:42:16 PM,Cambridge,NZ,8,185490863,R8 2700m Pace S,185490864,Harness,2700,Pace,20587321,7,Warloch,LOSER,,LOSER,,,4,2.26,3.75,2.83,616.95,,,,,,,1.95,1.84,1.95,1.85,66.29,3.7,2.28,1.02,1.15
22/07/2021,7:08:00 PM,7:08:55 PM,Cambridge,NZ,9,185490865,R9 2200m Trot S,185490866,Harness,2200,Trot,40256343,1,Majestic Trio,LOSER,,LOSER,,,16.5,8.6,8.6,10.03,196.27,,,,,,,2.54,2.52,2.52,2.53,9.33,7.8,10.5,1.15,0.92
22/07/2021,7:08:00 PM,7:08:55 PM,Cambridge,NZ,9,185490865,R9 2200m Trot S,185490866,Harness,2200,Trot,39297622,2,Bun In The Oven,LOSER,,WINNER,,,9.6,7.4,8.4,8.34,207.23,,,,,,,2.7,2.22,2.36,2.3,19.54,7.6,8.6,1.15,0.92
22/07/2021,7:08:00 PM,7:08:55 PM,Cambridge,NZ,9,185490865,R9 2200m Trot S,185490866,Harness,2200,Trot,40256344,4,Empress Of The Sun,LOSER,,LOSER,,,130,36,55,72.12,11.53,,,,,,,,,,,,38,95,1.15,0.92
22/07/2021,7:08:00 PM,7:08:55 PM,Cambridge,NZ,9,185490865,R9 2200m Trot S,185490866,Harness,2200,Trot,39967761,5,Sly Punter,LOSER,,LOSER,,,10,4.1,4.1,5.08,934.91,,,,,,,,,,,,5.4,5.7,1.15,0.92
22/07/2021,7:08:00 PM,7:08:55 PM,Cambridge,NZ,9,185490865,R9 2200m Trot S,185490866,Harness,2200,Trot,35896563,6,Haka Pride,LOSER,,LOSER,,,48,23,34,30.04,20.16,,,,,,,5.4,5.3,5.4,5.34,6.94,29,48,1.15,0.92
22/07/2021,7:08:00 PM,7:08:55 PM,Cambridge,NZ,9,185490865,R9 2200m Trot S,185490866,Harness,2200,Trot,37749125,7,Jasinova,LOSER,,WINNER,,,5.8,2.68,5.5,3.77,570.94,,,,,,,2.06,1.34,2.06,1.49,76.46,3.55,3.95,1.15,0.92
22/07/2021,7:08:00 PM,7:08:55 PM,Cambridge,NZ,9,185490865,R9 2200m Trot S,185490866,Harness,2200,Trot,40256324,8,Random Jude,WINNER,,WINNER,,,18,6.2,12.5,10.04,46.04,,,,,,,1.84,1.83,1.84,1.83,9.33,9.2,140,1.15,0.92
22/07/2021,7:08:00 PM,7:08:55 PM,Cambridge,NZ,9,185490865,R9 2200m Trot S,185490866,Harness,2200,Trot,156226,9,Reign,LOSER,,LOSER,,,6.2,3.9,4,4.27,943.33,,,,,,,2.08,1.71,1.78,1.75,19.01,4,4.2,1.15,0.92
22/07/2021,6:12:00 PM,6:12:41 PM,Penrith,NSW,1,185520124,R1 2125m Pace M,185520125,Harness,2125,Pace,12292179,1,Lettucefireharvey,LOSER,19.42,LOSER,,252.03,38,13.5,20,20.52,261.95,700,15.5,700,46.05,76.58,,3.9,3.43,3.7,3.69,95.94,26,28,1.12,0.87
22/07/2021,6:12:00 PM,6:12:41 PM,Penrith,NSW,1,185520124,R1 2125m Pace M,185520125,Harness,2125,Pace,8355723,2,Nitro Lad,LOSER,10,LOSER,,382.34,13,4.41,8.4,6.12,5760.68,890,4.6,890,13.94,575.05,,2.38,1.71,1.99,2.04,171.05,11,11.5,1.12,0.87
22/07/2021,6:12:00 PM,6:12:41 PM,Penrith,NSW,1,185520124,R1 2125m Pace M,185520125,Harness,2125,Pace,23485018,3,Sport Cadet,LOSER,111.68,LOSER,,65.16,115.99,38.66,100,60.69,289.59,930,55,930,479.19,3.36,,9.09,5.85,6.26,7.39,316.67,44,65,1.12,0.87
22/07/2021,6:12:00 PM,6:12:41 PM,Penrith,NSW,1,185520124,R1 2125m Pace M,185520125,Harness,2125,Pace,20298608,4,Shezsavvy,LOSER,41.85,LOSER,,70.09,57.99,23,40,39.77,182.18,770,22,770,93.79,70.26,,6.53,4.51,5.8,4.87,276.02,28,48,1.12,0.87
22/07/2021,6:12:00 PM,6:12:41 PM,Penrith,NSW,1,185520124,R1 2125m Pace M,185520125,Harness,2125,Pace,25393996,5,Withoutdoubt,LOSER,25.12,WINNER,,158.06,42.53,18,28,25.43,205.56,700,24,490,70.05,41.81,,5.45,4.03,4.03,4.52,165.86,22,27,1.12,0.87
22/07/2021,6:12:00 PM,6:12:41 PM,Penrith,NSW,1,185520124,R1 2125m Pace M,185520125,Harness,2125,Pace,10054006,6,Sportsmanship,LOSER,8.38,LOSER,,510.89,9.67,4.41,9,7.41,1205.38,1000,3,1000,7.79,1029.36,,2.21,2.02,2.04,2.07,57.66,5.2,8,1.12,0.87
22/07/2021,6:12:00 PM,6:12:41 PM,Penrith,NSW,1,185520124,R1 2125m Pace M,185520125,Harness,2125,Pace,36036835,7,Louisiana Freedom,LOSER,57.99,WINNER,,68.57,65,14.3,60,36.43,136.88,860,40,520,91.01,37.41,,4.91,4.77,4.91,4.84,10.11,29,40,1.12,0.87
22/07/2021,6:12:00 PM,6:12:41 PM,Penrith,NSW,1,185520124,R1 2125m Pace M,185520125,Harness,2125,Pace,28246588,8,Hez All Ticker,LOSER,11.19,LOSER,,368.99,13.53,7.8,11.5,10.63,1263.7,900,8,700,29.54,135.13,,2.48,2.05,2.4,2.39,181.92,10.5,12,1.12,0.87
22/07/2021,6:12:00 PM,6:12:41 PM,Penrith,NSW,1,185520124,R1 2125m Pace M,185520125,Harness,2125,Pace,18983789,9,Beiderbecke,WINNER,1.5,WINNER,,5492.39,2.44,1.56,1.83,1.85,12921.4,1.95,1.01,1.03,1.44,9098.88,,1.27,1.16,1.2,1.2,315.9,1.78,2.28,1.12,0.87
22/07/2021,6:47:00 PM,6:47:24 PM,Penrith,NSW,2,185520126,R2 2125m Pace M,185520127,Harness,2125,Pace,28210646,1,Little Bliss,LOSER,11.8,LOSER,,446.28,40,10.5,12,14.27,858.6,900,9.4,710,73.76,67.42,,2.5,1.53,1.72,1.86,725.55,14,14.5,1.02,1.01
22/07/2021,6:47:00 PM,6:47:24 PM,Penrith,NSW,2,185520126,R2 2125m Pace M,185520127,Harness,2125,Pace,39254798,2,Ad Maiora,LOSER,61.68,LOSER,,113.29,70,24,70,42.3,131.85,700,65,700,153.2,11.31,,4.5,3.1,4.5,3.73,13.77,46,60,1.02,1.01
22/07/2021,6:47:00 PM,6:47:24 PM,Penrith,NSW,2,185520126,R2 2125m Pace M,185520127,Harness,2125,Pace,28430487,3,Quick Dan,WINNER,1.43,WINNER,,4774.02,2,1.38,1.39,1.44,18244.63,1.75,1.01,1.01,1.29,6817.33,,1.19,1.06,1.16,1.14,2318.93,1.38,1.39,1.02,1.01
22/07/2021,6:47:00 PM,6:47:24 PM,Penrith,NSW,2,185520126,R2 2125m Pace M,185520127,Harness,2125,Pace,28360744,4,Art Of Grange,LOSER,33.75,LOSER,,174.6,44,18.5,32,30.57,99.11,920,18,920,166.52,24.01,,3.35,3.05,3.05,3.05,20.39,28,30,1.02,1.01
22/07/2021,6:47:00 PM,6:47:24 PM,Penrith,NSW,2,185520126,R2 2125m Pace M,185520127,Harness,2125,Pace,7102465,5,Idle Hands,LOSER,71.38,LOSER,,96.42,90,30,65,58.53,168.26,940,85,940,244.62,10.43,,7,5.2,7,6.02,8.19,60,100,1.02,1.01
22/07/2021,6:47:00 PM,6:47:24 PM,Penrith,NSW,2,185520126,R2 2125m Pace M,185520127,Harness,2125,Pace,5134727,6,Black Edition,LOSER,11.21,WINNER,,573.84,13,6.2,11,10.26,915.02,1000,4.3,1000,25.65,274.55,,2.22,1.75,2.02,2.11,215.3,11,9,1.02,1.01
22/07/2021,6:47:00 PM,6:47:24 PM,Penrith,NSW,2,185520126,R2 2125m Pace M,185520127,Harness,2125,Pace,28425233,7,Sir Richard Lee,LOSER,65,LOSER,,107.84,80,42,60,57.4,127.89,700,46,700,86.16,25.79,,,,,,,60,65,1.02,1.01
22/07/2021,6:47:00 PM,6:47:24 PM,Penrith,NSW,2,185520126,R2 2125m Pace M,185520127,Harness,2125,Pace,20137684,8,All Star Magician,LOSER,305.41,LOSER,,42.77,210,36,210,122.03,133.23,700,210,700,324.8,13.87,,,,,,,170,210,1.02,1.01
22/07/2021,6:47:00 PM,6:47:24 PM,Penrith,NSW,2,185520126,R2 2125m Pace M,185520127,Harness,2125,Pace,1528151,9,The Raconteur,LOSER,28,WINNER,,246.66,36,17,29,26.02,231.6,700,13,580,72.78,13.88,,3.7,2.74,3.7,3.35,30.08,29,32,1.02,1.01
22/07/2021,7:15:00 PM,7:15:47 PM,Penrith,NSW,3,185520128,R3 2125m Pace M,185520129,Harness,2125,Pace,23632684,1,Kezzamac,LOSER,3.78,WINNER,,2337.95,4.9,3.3,3.9,3.98,3918.36,700,3.65,700,8.76,392.41,,1.73,1.52,1.69,1.67,169.32,4.4,4.9,1.07,0.97
22/07/2021,7:15:00 PM,7:15:47 PM,Penrith,NSW,3,185520128,R3 2125m Pace M,185520129,Harness,2125,Pace,21513850,2,Bella Clare,LOSER,36.92,LOSER,,138.45,36,11,36,24.54,236.48,1000,7.6,1000,59.64,223.15,,3,3,3,3,0.17,25,32,1.07,0.97
22/07/2021,7:15:00 PM,7:15:47 PM,Penrith,NSW,3,185520128,R3 2125m Pace M,185520129,Harness,2125,Pace,17399073,3,Chronicles,LOSER,5.78,LOSER,,882.1,10,4.6,5.3,5.44,5297.82,770,3.15,600,9.49,217.85,,2.38,1.94,2.38,2.33,142.92,5.4,5.7,1.07,0.97
22/07/2021,7:15:00 PM,7:15:47 PM,Penrith,NSW,3,185520128,R3 2125m Pace M,185520129,Harness,2125,Pace,7436955,4,Clementsorrell,LOSER,91.51,LOSER,,93.78,90,15.5,90,42.17,141.52,700,90,700,168.68,10.15,,8.4,8.4,8.4,8.4,5,50,60,1.07,0.97
22/07/2021,7:15:00 PM,7:15:47 PM,Penrith,NSW,3,185520128,R3 2125m Pace M,185520129,Harness,2125,Pace,3724301,5,Dibaba,LOSER,3.78,WINNER,,1655.29,4.6,2.18,3.85,3.36,6513.33,700,1.58,600,3.78,3276.32,,1.94,1.23,1.9,1.72,959.92,3.35,3.55,1.07,0.97
22/07/2021,7:15:00 PM,7:15:47 PM,Penrith,NSW,3,185520128,R3 2125m Pace M,185520129,Harness,2125,Pace,25765986,6,Hughie Junior,WINNER,15.41,WINNER,,397.51,32,9.8,13,12.77,1115.75,34,1.01,1.01,1.77,1915.94,,,,,,,11.5,13.5,1.07,0.97
22/07/2021,7:15:00 PM,7:15:47 PM,Penrith,NSW,3,185520128,R3 2125m Pace M,185520129,Harness,2125,Pace,26994007,7,Petes Naholo,LOSER,17.53,LOSER,,362.76,38,15.5,17.5,19.87,426.45,700,9.8,700,22.86,135.45,,4,3.45,3.45,3.55,30,17,18,1.07,0.97
22/07/2021,7:15:00 PM,7:15:47 PM,Penrith,NSW,3,185520128,R3 2125m Pace M,185520129,Harness,2125,Pace,20258218,8,Lynnsanity,LOSER,11.5,LOSER,,502.42,26,10.5,11.5,14.33,656.96,700,9,700,27.55,58.98,,4.1,3.05,3.2,3.62,28.1,10.5,12,1.07,0.97
22/07/2021,7:15:00 PM,7:15:47 PM,Penrith,NSW,3,185520128,R3 2125m Pace M,185520129,Harness,2125,Pace,17443409,9,Ultimate Ad,LOSER,34,LOSER,,192.22,42,21,26,27.28,311.9,700,12.5,490,38.8,44.83,,5.6,5,5.2,5.06,30.36,24,26,1.07,0.97
22/07/2021,7:15:00 PM,7:15:47 PM,Penrith,NSW,3,185520128,R3 2125m Pace M,185520129,Harness,2125,Pace,8424087,10,Ohoka Royal,LOSER,261.98,LOSER,,54.75,390,60,320,91.78,92.47,700,520,550,535.03,2.37,,,,,,,60,80,1.07,0.97
22/07/2021,7:45:00 PM,7:45:47 PM,Penrith,NSW,4,185520130,R4 2125m Pace M,185520131,Harness,2125,Pace,9510580,1,Valoroso Hanover,LOSER,15.69,LOSER,,295.55,15,7.6,14.5,11.98,298.77,890,10,890,35.79,74.22,,3.35,1.8,2.82,2.75,413.06,11,12,1.05,0.97
22/07/2021,7:45:00 PM,7:45:47 PM,Penrith,NSW,4,185520130,R4 2125m Pace M,185520131,Harness,2125,Pace,15723097,2,Ideal Fantasy,LOSER,6,WINNER,,690.86,9.2,5.3,6,6.9,1563.67,780,2.04,490,7.77,730.29,,2.82,2.08,2.22,2.3,202.68,7.4,8.2,1.05,0.97
22/07/2021,7:45:00 PM,7:45:47 PM,Penrith,NSW,4,185520130,R4 2125m Pace M,185520131,Harness,2125,Pace,11475367,3,Schouten Island,WINNER,3.35,WINNER,,1166.74,4.1,2.2,3.45,3.63,4838.05,3.5,1.01,1.01,1.52,10315.94,,1.95,1.33,1.84,1.8,338.08,3.85,4,1.05,0.97
22/07/2021,7:45:00 PM,7:45:47 PM,Penrith,NSW,4,185520130,R4 2125m Pace M,185520131,Harness,2125,Pace,25990829,4,Prodigal Guinness,LOSER,8.02,LOSER,,604.68,10,6.4,8.8,8.72,474.28,1000,6.2,890,29,150.6,,2.8,2.66,2.8,2.69,6.62,8.2,9,1.05,0.97
22/07/2021,7:45:00 PM,7:45:47 PM,Penrith,NSW,4,185520130,R4 2125m Pace M,185520131,Harness,2125,Pace,8485630,5,Team Of Starzzz,LOSER,57.57,LOSER,,120.95,150,19,140,39.82,266.27,1000,40,1000,243.54,44.11,,22,3.7,21,12.63,89.38,20,19,1.05,0.97
22/07/2021,7:45:00 PM,7:45:47 PM,Penrith,NSW,4,185520130,R4 2125m Pace M,185520131,Harness,2125,Pace,20075811,6,Harps,LOSER,19.47,LOSER,,164.75,26,7.8,19.5,15.53,281.46,900,13,900,59.27,44.08,,3,3,3,3,5,13,15.5,1.05,0.97
22/07/2021,7:45:00 PM,7:45:47 PM,Penrith,NSW,4,185520130,R4 2125m Pace M,185520131,Harness,2125,Pace,13542901,7,Major Petro,LOSER,23,LOSER,,238.29,55,20,22,27.63,527.89,700,23,700,83.95,61.28,,,,,,,44,46,1.05,0.97
22/07/2021,7:45:00 PM,7:45:47 PM,Penrith,NSW,4,185520130,R4 2125m Pace M,185520131,Harness,2125,Pace,16904953,8,Bettor To Be Tricky,LOSER,14.88,LOSER,,168.61,21,13,15.5,14.43,330.95,900,16,900,79.4,31.11,,4.1,3.45,4,3.77,24.37,13.5,15.5,1.05,0.97
22/07/2021,7:45:00 PM,7:45:47 PM,Penrith,NSW,4,185520130,R4 2125m Pace M,185520131,Harness,2125,Pace,4600117,9,Controversial,LOSER,13.95,LOSER,,334.68,34,12,15.5,13.91,1166.32,900,8.2,900,41.36,77.6,,3.9,3.6,3.8,3.78,25.85,13.5,15.5,1.05,0.97
22/07/2021,7:45:00 PM,7:45:47 PM,Penrith,NSW,4,185520130,R4 2125m Pace M,185520131,Harness,2125,Pace,27212833,10,Petes Said So,LOSER,8,WINNER,,603.34,9.2,6.4,7.8,7.47,890.8,880,3.45,780,10.1,466.1,,2.6,1.97,2.4,2.39,155.71,7,7.4,1.05,0.97
22/07/2021,8:15:00 PM,8:15:36 PM,Penrith,NSW,5,185520132,R5 1720m Pace M,185520133,Harness,1720,Pace,21808488,1,Taramin,LOSER,75.26,LOSER,,119.94,190,40,60,67.03,40.7,1000,38,1000,205.04,4.59,,5.8,5.7,5.8,5.73,25,55,65,1.03,0.97
22/07/2021,8:15:00 PM,8:15:36 PM,Penrith,NSW,5,185520132,R5 1720m Pace M,185520133,Harness,1720,Pace,10367592,2,Miss Serena,LOSER,75.95,LOSER,,122.82,90,50,75,70.72,19.43,700,5,700,19.64,171.23,,7,3.75,7,5.81,50.67,65,85,1.03,0.97
22/07/2021,8:15:00 PM,8:15:36 PM,Penrith,NSW,5,185520132,R5 1720m Pace M,185520133,Harness,1720,Pace,997151,3,Chezmac,LOSER,70,WINNER,,122.1,85,42,70,56.09,31.23,700,30,700,83,11.15,,5.2,5.2,5.2,5.2,5,50,65,1.03,0.97
22/07/2021,8:15:00 PM,8:15:36 PM,Penrith,NSW,5,185520132,R5 1720m Pace M,185520133,Harness,1720,Pace,36484041,4,Slick Sophie,LOSER,9.06,LOSER,,705.89,13.5,7.8,9.2,9.31,673.98,700,1.62,690,9.63,440.74,,1.98,1.72,1.78,1.82,549.59,8.8,9.2,1.03,0.97
22/07/2021,8:15:00 PM,8:15:36 PM,Penrith,NSW,5,185520132,R5 1720m Pace M,185520133,Harness,1720,Pace,29816190,5,Pocket Book,WINNER,1.41,WINNER,,3570.1,1.56,1.28,1.41,1.4,25093,2.8,1.01,1.01,1.47,5268.59,,1.17,1.06,1.15,1.13,2908.88,1.45,1.49,1.03,0.97
22/07/2021,8:15:00 PM,8:15:36 PM,Penrith,NSW,5,185520132,R5 1720m Pace M,185520133,Harness,1720,Pace,28290672,6,One Reason,LOSER,34.89,LOSER,,196.62,44,9.8,30,30.59,147.61,700,12,700,45.51,39.76,,5.5,2.62,4.1,3.66,23.18,28,30,1.03,0.97
22/07/2021,8:15:00 PM,8:15:36 PM,Penrith,NSW,5,185520132,R5 1720m Pace M,185520133,Harness,1720,Pace,28025210,7,Miss Daytona,LOSER,20,WINNER,,298.57,48,19,19.5,24.67,291.09,850,10,170,39.17,30.01,,4.6,3.3,3.3,3.55,11.52,22,25,1.03,0.97
22/07/2021,8:15:00 PM,8:15:36 PM,Penrith,NSW,5,185520132,R5 1720m Pace M,185520133,Harness,1720,Pace,19830440,8,My Anna Rani,LOSER,70,LOSER,,113.96,160,36,70,58.13,102.43,700,28,700,127.52,4.98,,,,,,,44,55,1.03,0.97
22/07/2021,8:15:00 PM,8:15:36 PM,Penrith,NSW,5,185520132,R5 1720m Pace M,185520133,Harness,1720,Pace,12714380,9,Miss Aeyla,LOSER,36.8,LOSER,,179.65,60,27,34,34.85,196.59,700,10.5,700,75.66,22.41,,3.9,3.5,3.8,3.7,122.79,27,30,1.03,0.97
22/07/2021,8:15:00 PM,8:15:36 PM,Penrith,NSW,5,185520132,R5 1720m Pace M,185520133,Harness,1720,Pace,36317954,10,Oh Daddy,LOSER,42.84,LOSER,,206.6,95,29,36,37.64,59.2,700,24,700,82.32,16.3,,4.3,3.95,4.2,4.1,539.56,30,36,1.03,0.97
22/07/2021,8:45:00 PM,8:45:57 PM,Penrith,NSW,6,185520134,R6 1720m Pace M,185520135,Harness,1720,Pace,39690554,1,Sick As A Dog,LOSER,230,LOSER,,53.12,270,32,270,106.16,83.23,940,32,780,142.04,16.44,,13,8.4,13,9.99,0.34,110,210,1.02,0.98
22/07/2021,8:45:00 PM,8:45:57 PM,Penrith,NSW,6,185520134,R6 1720m Pace M,185520135,Harness,1720,Pace,40268634,2,Sunshine Karamea,WINNER,2.62,WINNER,,2125.49,3.25,2.16,2.72,2.76,13262.85,2.84,1.01,1.01,1.59,8249.64,,1.73,1.18,1.38,1.45,463.83,2.96,3,1.02,0.98
22/07/2021,8:45:00 PM,8:45:57 PM,Penrith,NSW,6,185520134,R6 1720m Pace M,185520135,Harness,1720,Pace,40268635,3,A Chip Of Impala,LOSER,30.49,LOSER,,141.51,110,21,36,30.29,387.76,750,22,750,123.02,9.98,,,,,,,32,34,1.02,0.98
22/07/2021,8:45:00 PM,8:45:57 PM,Penrith,NSW,6,185520134,R6 1720m Pace M,185520135,Harness,1720,Pace,4808494,4,Will I Am,LOSER,2.92,LOSER,,1324.89,3.65,2.42,2.94,2.75,5803.23,700,2.78,690,6.19,639.37,,1.44,1.33,1.36,1.39,308.07,2.68,2.72,1.02,0.98
22/07/2021,8:45:00 PM,8:45:57 PM,Penrith,NSW,6,185520134,R6 1720m Pace M,185520135,Harness,1720,Pace,28420035,5,Ed Mendes,LOSER,11.88,WINNER,,329.48,38,9.8,11.5,13.23,1171.06,720,8.4,720,45.21,65.38,,4.2,2.64,2.64,3.31,52.2,10.5,11.5,1.02,0.98
22/07/2021,8:45:00 PM,8:45:57 PM,Penrith,NSW,6,185520134,R6 1720m Pace M,185520135,Harness,1720,Pace,35896656,6,Major Jarod,LOSER,29.93,LOSER,,181.93,38,10,27,25.06,581.06,710,19,710,58.5,21.35,,4.7,2.76,4.5,4.53,148.46,29,30,1.02,0.98
22/07/2021,8:45:00 PM,8:45:57 PM,Penrith,NSW,6,185520134,R6 1720m Pace M,185520135,Harness,1720,Pace,31814668,7,Bettor Keep Rocking,LOSER,12.79,LOSER,,226.17,16.5,5.9,13,12.63,1343.3,700,6.6,700,24.58,86.44,,3,2.22,2.7,2.75,168.18,13.5,14.5,1.02,0.98
22/07/2021,8:45:00 PM,8:45:57 PM,Penrith,NSW,6,185520134,R6 1720m Pace M,185520135,Harness,1720,Pace,40268636,8,Linxx,LOSER,170,LOSER,,40.29,180,48,180,93.46,106.98,770,55,770,364.98,2.88,,9.4,8,9.4,8.2,58.3,100,120,1.02,0.98
22/07/2021,8:45:00 PM,8:45:57 PM,Penrith,NSW,6,185520134,R6 1720m Pace M,185520135,Harness,1720,Pace,40173363,9,Sixtythreenotout,LOSER,19.52,WINNER,,236.33,30,11,19.5,16.75,1432.36,910,10.5,730,51,60.26,,5,2.68,3.55,3.34,1208.25,19,20,1.02,0.98
22/07/2021,9:15:00 PM,9:15:51 PM,Penrith,NSW,7,185520136,R7 2125m Pace M,185520137,Harness,2125,Pace,37519630,1,Mums Pet Rock,LOSER,65.07,LOSER,,103.38,90,34,75,55.08,50.48,700,60,700,80.08,19.35,,9.4,9.4,9.4,9.4,5.22,55,70,1.09,0.95
22/07/2021,9:15:00 PM,9:15:51 PM,Penrith,NSW,7,185520136,R7 2125m Pace M,185520137,Harness,2125,Pace,37519631,2,Only One Don,LOSER,43.76,LOSER,,166.82,110,42,110,59.44,32.83,930,3.25,930,91.69,79.06,,,,,,,44,50,1.09,0.95
22/07/2021,9:15:00 PM,9:15:51 PM,Penrith,NSW,7,185520136,R7 2125m Pace M,185520137,Harness,2125,Pace,10109891,3,Cadenza,LOSER,65,LOSER,,69.38,110,48,70,66.49,101.03,1000,24,1000,229.99,28.77,,9,7.8,9,8.4,0.38,60,80,1.09,0.95
22/07/2021,9:15:00 PM,9:15:51 PM,Penrith,NSW,7,185520136,R7 2125m Pace M,185520137,Harness,2125,Pace,22747500,4,Mount Hercules,LOSER,13.57,LOSER,,444.05,23,9.2,14,15.54,154.15,700,2.96,700,6.47,686.37,,,,,,,12,15.5,1.09,0.95
22/07/2021,9:15:00 PM,9:15:51 PM,Penrith,NSW,7,185520136,R7 2125m Pace M,185520137,Harness,2125,Pace,18508635,5,Jenelles Tristar,LOSER,13.3,LOSER,,371,16,8.4,14,13.44,157.88,700,9.4,490,31.26,72.01,,,,,,,10.5,13,1.09,0.95
22/07/2021,9:15:00 PM,9:15:51 PM,Penrith,NSW,7,185520136,R7 2125m Pace M,185520137,Harness,2125,Pace,35510500,6,Mister Armstrong,LOSER,3.75,WINNER,,1162.26,3.9,1.94,3.65,3.3,3077.72,140,2.54,110,3.62,1997.89,,1.65,1.2,1.47,1.48,501.7,3.35,3.9,1.09,0.95
22/07/2021,9:15:00 PM,9:15:51 PM,Penrith,NSW,7,185520136,R7 2125m Pace M,185520137,Harness,2125,Pace,16480546,7,Grey Cadillac,WINNER,8.65,WINNER,,604.21,16.5,8.6,9,11.46,367.55,700,1.02,1.02,2.68,1031.19,,2.5,2.38,2.38,2.48,511.13,9.4,10.5,1.09,0.95
22/07/2021,9:15:00 PM,9:15:51 PM,Penrith,NSW,7,185520136,R7 2125m Pace M,185520137,Harness,2125,Pace,16204825,8,Panacias Seal,LOSER,4.6,WINNER,,1213.35,9.2,4.6,4.7,5.73,1645.38,700,1.24,140,3.8,873.88,,3.25,1.95,2.1,2.27,69.19,4.8,5.3,1.09,0.95
22/07/2021,9:15:00 PM,9:15:51 PM,Penrith,NSW,7,185520136,R7 2125m Pace M,185520137,Harness,2125,Pace,8540834,9,Don Kee,LOSER,4.2,LOSER,,1899.77,5,3.4,3.95,3.93,4737.08,700,3.1,600,7.29,298.83,,1.88,1.6,1.6,1.67,167.11,4.1,4.5,1.09,0.95
22/07/2021,9:45:00 PM,9:45:58 PM,Penrith,NSW,8,185520138,R8 1720m Pace M,185520139,Harness,1720,Pace,40268637,1,Sinbinned,LOSER,29.24,LOSER,,283.36,150,17.5,34,26.5,224.6,910,20,900,143.14,16.12,,3.3,2.54,2.8,2.8,33.09,27,32,1.02,0.97
22/07/2021,9:45:00 PM,9:45:58 PM,Penrith,NSW,8,185520138,R8 1720m Pace M,185520139,Harness,1720,Pace,40268638,2,Wherestheboy,LOSER,194.03,LOSER,,37.4,290,44,270,121.6,34.55,700,55,700,119.56,8.11,,,,,,,150,240,1.02,0.97
22/07/2021,9:45:00 PM,9:45:58 PM,Penrith,NSW,8,185520138,R8 1720m Pace M,185520139,Harness,1720,Pace,40268639,3,Jalaneel,LOSER,7.09,WINNER,,702.63,13,5.6,7.6,9.45,807.64,1000,2.56,1000,25.35,405.3,,1.85,1.42,1.5,1.58,1709.51,10,12,1.02,0.97
22/07/2021,9:45:00 PM,9:45:58 PM,Penrith,NSW,8,185520138,R8 1720m Pace M,185520139,Harness,1720,Pace,40031631,4,Justadiva,LOSER,27.27,WINNER,,277.88,60,30,38,42.44,133.37,930,18,930,63.48,79.37,,4.9,3.35,3.35,3.38,30.47,38,44,1.02,0.97
22/07/2021,9:45:00 PM,9:45:58 PM,Penrith,NSW,8,185520138,R8 1720m Pace M,185520139,Harness,1720,Pace,40268640,5,My Huddie Buddy,LOSER,33.38,LOSER,,199.74,130,18,42,45.52,95.41,940,32,700,56.64,17.5,,,,,,,38,42,1.02,0.97
22/07/2021,9:45:00 PM,9:45:58 PM,Penrith,NSW,8,185520138,R8 1720m Pace M,185520139,Harness,1720,Pace,40268641,6,Heavenly Reason,LOSER,79.41,LOSER,,131.4,160,38,160,98.92,69.14,700,65,700,117.51,7.93,,,,,,,120,130,1.02,0.97
22/07/2021,9:45:00 PM,9:45:58 PM,Penrith,NSW,8,185520138,R8 1720m Pace M,185520139,Harness,1720,Pace,40268642,7,Boomer Rock,LOSER,15.24,LOSER,,411.55,26,11.5,14.5,15.56,361.82,890,7.6,550,45.93,91.33,,2.06,1.77,1.81,1.87,614.17,15.5,18.5,1.02,0.97
22/07/2021,9:45:00 PM,9:45:58 PM,Penrith,NSW,8,185520138,R8 1720m Pace M,185520139,Harness,1720,Pace,40268643,8,My Ultimate Billy,WINNER,1.91,WINNER,,3830.96,1.53,1.26,1.39,1.4,16351.47,5.7,1.01,1.01,1.28,6507.31,,1.14,1.06,1.09,1.09,1391.65,1.33,1.35,1.02,0.97
22/07/2021,10:10:00 PM,10:10:47 PM,Penrith,NSW,9,185520140,R9 2125m Pace M,185520141,Harness,2125,Pace,9252879,1,Lethal Star,LOSER,8.4,LOSER,,525.92,19,7.2,8.4,9.63,243.97,880,4.4,880,14.47,178.59,,2.72,2.56,2.56,2.63,192.08,9.8,11,1.02,0.96
22/07/2021,10:10:00 PM,10:10:47 PM,Penrith,NSW,9,185520140,R9 2125m Pace M,185520141,Harness,2125,Pace,21742675,2,Smoking Zak,LOSER,19.72,LOSER,,379.39,24,12.5,17,15.57,313.02,700,6.4,700,17.47,195.03,,,,,,,14.5,16.5,1.02,0.96
22/07/2021,10:10:00 PM,10:10:47 PM,Penrith,NSW,9,185520140,R9 2125m Pace M,185520141,Harness,2125,Pace,39879767,3,Major Melody,LOSER,4.32,LOSER,,971.29,7,3.5,3.95,4.64,1764.85,600,1.7,490,2.45,3681.03,,2.2,1.64,2.1,1.96,59.56,4.8,4.9,1.02,0.96
22/07/2021,10:10:00 PM,10:10:47 PM,Penrith,NSW,9,185520140,R9 2125m Pace M,185520141,Harness,2125,Pace,35909519,4,Call Me Matty,LOSER,19.2,LOSER,,225.21,32,16,26,23.36,142.43,920,19,730,49.51,104.65,,8.4,8.4,8.4,8.4,5,22,26,1.02,0.96
22/07/2021,10:10:00 PM,10:10:47 PM,Penrith,NSW,9,185520140,R9 2125m Pace M,185520141,Harness,2125,Pace,25463899,5,Humming Top,LOSER,6.61,WINNER,,604.14,7,3.4,6.4,5.91,1169.07,700,4.7,600,8.41,432.51,,2.66,2.08,2.2,2.26,329.7,6.2,6.8,1.02,0.96
22/07/2021,10:10:00 PM,10:10:47 PM,Penrith,NSW,9,185520140,R9 2125m Pace M,185520141,Harness,2125,Pace,16733771,6,Glenferrie Duster,WINNER,7.52,WINNER,,709.9,7.6,3.8,6.2,4.96,1591.79,48,1.01,1.01,2.98,1517.93,,2.26,1.8,1.99,2.16,154.87,4.4,4.6,1.02,0.96
22/07/2021,10:10:00 PM,10:10:47 PM,Penrith,NSW,9,185520140,R9 2125m Pace M,185520141,Harness,2125,Pace,26911024,7,Winamotza,LOSER,72.13,LOSER,,86.83,120,50,65,77.71,46.11,960,55,960,145.74,23.66,,11.5,8.6,8.6,10.26,46.81,70,85,1.02,0.96
22/07/2021,10:10:00 PM,10:10:47 PM,Penrith,NSW,9,185520140,R9 2125m Pace M,185520141,Harness,2125,Pace,21723904,8,Jays Cash,LOSER,18.72,LOSER,,388.9,48,11.5,21,24.32,186.56,700,18.5,280,69.34,28.35,,5.2,5.2,5.2,5.2,3.73,30,34,1.02,0.96
22/07/2021,10:10:00 PM,10:10:47 PM,Penrith,NSW,9,185520140,R9 2125m Pace M,185520141,Harness,2125,Pace,22069579,9,Faiselle,LOSER,17.16,LOSER,,347.08,32,14.5,18.5,17.61,116.9,700,16.5,280,41.86,58.24,,,,,,,18.5,19,1.02,0.96
22/07/2021,10:10:00 PM,10:10:47 PM,Penrith,NSW,9,185520140,R9 2125m Pace M,185520141,Harness,2125,Pace,33751144,10,Etiz Amodel,LOSER,9.67,WINNER,,595.17,12.5,5.5,8.6,8.1,621.31,110,1.08,100,6.36,727.42,,3,2.44,3,2.44,7.03,9.4,9.6,1.02,0.96
22/07/2021,12:47:00 PM,12:48:14 PM,Redcliffe,QLD,1,185490828,R1 1780m Pace M,185490829,Harness,1780,Pace,36297203,1,Doolittle Dexter,LOSER,4.3,LOSER,1.74,1354.13,11,4.2,4.2,5.64,3729.61,780,2.68,700,12,271.74,985.71,2.06,1.69,1.69,1.75,501.45,4.7,4.9,1.02,0.97
22/07/2021,12:47:00 PM,12:48:14 PM,Redcliffe,QLD,1,185490828,R1 1780m Pace M,185490829,Harness,1780,Pace,40256419,2,Quick Classic,LOSER,5.06,WINNER,1.73,1411.76,4.2,2.08,4,3.35,4363.03,780,1.32,700,3.66,1623.11,780.08,1.74,1.34,1.73,1.49,321.67,3.55,3.65,1.02,0.97
22/07/2021,12:47:00 PM,12:48:14 PM,Redcliffe,QLD,1,185490828,R1 1780m Pace M,185490829,Harness,1780,Pace,40256420,3,Merge Right,LOSER,5.93,WINNER,2.25,1271.39,18,6.4,6.4,7.73,1500.01,780,5.3,780,9.77,334.54,786.65,2.34,2.2,2.2,2.23,65.04,6.6,7,1.02,0.97
22/07/2021,12:47:00 PM,12:48:14 PM,Redcliffe,QLD,1,185490828,R1 1780m Pace M,185490829,Harness,1780,Pace,40256421,4,Sammys Secret,LOSER,31.87,LOSER,9.3,276.89,65,26,40,37.82,139.86,770,13,770,50.69,62.1,177.62,10,8.6,8.6,9.18,102.71,42,46,1.02,0.97
22/07/2021,12:47:00 PM,12:48:14 PM,Redcliffe,QLD,1,185490828,R1 1780m Pace M,185490829,Harness,1780,Pace,3653324,5,Wedding Night,LOSER,106.64,LOSER,16.49,86.44,190,80,100,101.09,46.75,960,340,700,571.73,1.96,68.88,,,,,,80,150,1.02,0.97
22/07/2021,12:47:00 PM,12:48:14 PM,Redcliffe,QLD,1,185490828,R1 1780m Pace M,185490829,Harness,1780,Pace,39951853,6,Inzanight,WINNER,40.01,WINNER,8,129.59,60,36,40,46.3,76.8,170,1.01,1.03,2.23,5839.05,155.8,8,8,8,8,5,38,50,1.02,0.97
22/07/2021,12:47:00 PM,12:48:14 PM,Redcliffe,QLD,1,185490828,R1 1780m Pace M,185490829,Harness,1780,Pace,40256422,7,Copy Writer,LOSER,9.4,LOSER,2.72,1003.49,12,5.3,10.5,7.09,2506.31,780,9,780,19.22,141.06,660.26,2.78,2.68,2.68,2.73,77.66,10.5,11,1.02,0.97
22/07/2021,12:47:00 PM,12:48:14 PM,Redcliffe,QLD,1,185490828,R1 1780m Pace M,185490829,Harness,1780,Pace,3347119,8,Happy Snap,LOSER,31.62,LOSER,7.4,212.4,50,9.2,38,32.92,167.44,920,29,740,104.82,25.72,204.04,7.4,5.8,6.8,7.08,11.82,34,36,1.02,0.97
22/07/2021,12:47:00 PM,12:48:14 PM,Redcliffe,QLD,1,185490828,R1 1780m Pace M,185490829,Harness,1780,Pace,40256423,9,King Of Kaos,LOSER,5.42,LOSER,1.72,1333.02,9.4,4.9,5.5,5.52,1718.5,170,1.51,40,4.03,1517.38,2579.19,2.1,1.62,1.91,1.85,1614.67,5.4,5.5,1.02,0.97
22/07/2021,1:22:00 PM,1:22:30 PM,Redcliffe,QLD,2,185490830,R2 1780m Pace M,185490831,Harness,1780,Pace,28267220,1,Aunty Frances,LOSER,8.6,WINNER,1.63,809.63,10.5,6,8.2,8.75,1396.98,780,1.9,280,8.42,364.28,1087.92,2,1.49,1.57,1.63,328.84,8.8,9.2,1.03,0.99
22/07/2021,1:22:00 PM,1:22:30 PM,Redcliffe,QLD,2,185490830,R2 1780m Pace M,185490831,Harness,1780,Pace,35934719,2,Our Dolly,LOSER,41.06,LOSER,6.15,246.07,70,13.5,40,47.2,190.14,700,34,480,107.86,7.39,46.25,6,4.9,4.9,5.77,31.63,42,46,1.03,0.99
22/07/2021,1:22:00 PM,1:22:30 PM,Redcliffe,QLD,2,185490830,R2 1780m Pace M,185490831,Harness,1780,Pace,28407299,3,Tancaltra Lis,LOSER,40.41,LOSER,5.66,245.9,85,22,55,53.53,132.6,920,24,700,188.15,9.95,289.81,,,,,,70,85,1.03,0.99
22/07/2021,1:22:00 PM,1:22:30 PM,Redcliffe,QLD,2,185490830,R2 1780m Pace M,185490831,Harness,1780,Pace,37748276,4,Shakatie,LOSER,39,LOSER,5.02,164.69,60,36,38,44.23,63.73,700,36,300,104.31,8.27,149.46,,,,,,40,46,1.03,0.99
22/07/2021,1:22:00 PM,1:22:30 PM,Redcliffe,QLD,2,185490830,R2 1780m Pace M,185490831,Harness,1780,Pace,26721472,5,Fleeting Feelgood,WINNER,11.42,WINNER,1.75,646.62,11.5,5.7,11,8.63,1030.97,75,2.62,2.62,6.08,223.14,1586.46,1.89,1.7,1.79,1.76,689.89,10,11,1.03,0.99
22/07/2021,1:22:00 PM,1:22:30 PM,Redcliffe,QLD,2,185490830,R2 1780m Pace M,185490831,Harness,1780,Pace,40256424,6,Barika,LOSER,1.45,WINNER,1.14,3076.27,2.26,1.43,1.45,1.48,12652.67,2.18,1.13,1.13,1.44,2715.79,1882.96,1.26,1.1,1.14,1.13,5842.04,1.43,1.44,1.03,0.99
22/07/2021,1:22:00 PM,1:22:30 PM,Redcliffe,QLD,2,185490830,R2 1780m Pace M,185490831,Harness,1780,Pace,32448090,7,Bertils Watch Me,LOSER,110,LOSER,11.73,123.25,170,46,110,101.94,102.96,940,100,940,433.38,3.55,130.23,12,5.2,11.5,7.18,142.03,95,130,1.03,0.99
22/07/2021,1:22:00 PM,1:22:30 PM,Redcliffe,QLD,2,185490830,R2 1780m Pace M,185490831,Harness,1780,Pace,38455152,8,Studleighs Only,LOSER,138.66,LOSER,13.35,63.57,200,75,140,127.03,56.27,950,95,950,493.69,2.12,97.51,8,8,8,8,5,110,140,1.03,0.99
22/07/2021,1:22:00 PM,1:22:30 PM,Redcliffe,QLD,2,185490830,R2 1780m Pace M,185490831,Harness,1780,Pace,40256425,9,Alex Tee,LOSER,36,LOSER,3.79,203.86,48,21,36,34.5,223.23,700,19.5,700,85.37,19.14,502.21,4.3,3.75,3.9,4.07,107.14,32,34,1.03,0.99
22/07/2021,2:03:00 PM,2:04:09 PM,Redcliffe,QLD,3,185490832,R3 1780m Pace M,185490833,Harness,1780,Pace,36201178,1,Fremarksindi,LOSER,218.15,LOSER,26.49,44.67,270,90,210,220.95,30.87,950,100,700,249.23,8.33,35.19,25,16,16,24.42,1.35,140,210,1.05,0.99
22/07/2021,2:03:00 PM,2:04:09 PM,Redcliffe,QLD,3,185490832,R3 1780m Pace M,185490833,Harness,1780,Pace,5601848,2,Cindarockinrella,LOSER,5,WINNER,1.74,1072.38,6.6,4.2,5,5.09,1807.61,100,1.18,34,2.52,1925.66,624.49,2.12,1.74,1.74,1.89,411.77,5.1,5.3,1.05,0.99
22/07/2021,2:03:00 PM,2:04:09 PM,Redcliffe,QLD,3,185490832,R3 1780m Pace M,185490833,Harness,1780,Pace,36010196,3,Kookaburraprincess,LOSER,10.61,LOSER,2.9,556.05,17.5,8.8,10.5,10.35,2217.1,1000,5.5,1000,53.02,182.55,545.95,2.92,2.68,2.68,2.91,137.39,10,12,1.05,0.99
22/07/2021,2:03:00 PM,2:04:09 PM,Redcliffe,QLD,3,185490832,R3 1780m Pace M,185490833,Harness,1780,Pace,21208004,4,Tulhurst Lover,LOSER,30,LOSER,5.85,136.78,48,21,30,42.29,135.88,700,9.6,700,38.72,27.04,129.13,6.8,6.4,6.4,6.61,48.42,44,50,1.05,0.99
22/07/2021,2:03:00 PM,2:04:09 PM,Redcliffe,QLD,3,185490832,R3 1780m Pace M,185490833,Harness,1780,Pace,23103493,5,Whata Reactor,LOSER,4.2,LOSER,1.65,1532.93,5.3,3.4,4.3,4.68,2000.92,780,2.58,780,9.06,361.96,1439.88,1.83,1.64,1.67,1.67,244.74,5,5.2,1.05,0.99
22/07/2021,2:03:00 PM,2:04:09 PM,Redcliffe,QLD,3,185490832,R3 1780m Pace M,185490833,Harness,1780,Pace,3702633,6,Deal Breaker,WINNER,2.82,WINNER,1.4,1946.15,3.05,2.24,2.8,2.52,4616.98,24,1.01,1.02,2.23,7237.58,1530.04,1.4,1.26,1.37,1.34,382.73,2.3,2.48,1.05,0.99
22/07/2021,2:03:00 PM,2:04:09 PM,Redcliffe,QLD,3,185490832,R3 1780m Pace M,185490833,Harness,1780,Pace,11323891,7,Living Free,LOSER,40,LOSER,8,94.04,75,40,40,45.64,81.23,740,36,740,82.95,22.19,146.61,8,8,8,8,68.79,42,48,1.05,0.99
22/07/2021,2:03:00 PM,2:04:09 PM,Redcliffe,QLD,3,185490832,R3 1780m Pace M,185490833,Harness,1780,Pace,22436728,8,Tick Of The Clock,LOSER,101.69,WINNER,12.1,49.23,140,60,130,109.53,9.21,700,4.7,700,48.14,51.11,62.38,11,9.2,11,10.28,62.83,70,110,1.05,0.99
22/07/2021,2:03:00 PM,2:04:09 PM,Redcliffe,QLD,3,185490832,R3 1780m Pace M,185490833,Harness,1780,Pace,13522793,9,Teachers Pet,LOSER,17.75,LOSER,3.3,268.46,22,15.5,18.5,19.5,300.35,780,12.5,780,41.82,59.43,122.3,3.35,2.7,3.3,2.95,485.31,19,14.5,1.05,0.99
22/07/2021,2:45:00 PM,2:45:35 PM,Redcliffe,QLD,4,185490834,R4 1780m Pace M,185490835,Harness,1780,Pace,16140152,1,Just One Good One,LOSER,13.5,WINNER,2.63,448.95,16,12,13,13.05,510.85,780,4.5,380,16.98,207.77,367.44,3.15,2.52,2.56,2.62,292.75,12.5,13,0.89,0.98
22/07/2021,2:45:00 PM,2:45:35 PM,Redcliffe,QLD,4,185490834,R4 1780m Pace M,185490835,Harness,1780,Pace,18097943,2,Fastnflashy,LOSER,15.91,LOSER,3.38,473.82,21,15,15.5,17.54,333.35,780,11,580,47.53,32.77,360.99,3.5,3.3,3.5,3.43,21.11,19,20,0.89,0.98
22/07/2021,2:45:00 PM,2:45:35 PM,Redcliffe,QLD,4,185490834,R4 1780m Pace M,185490835,Harness,1780,Pace,36341740,3,Datsinahurri,WINNER,63.63,WINNER,9.05,148.41,170,36,60,91.61,181.95,60,1.01,1.01,1.83,4028,170.4,13.5,8,8.6,9.62,27.56,95,140,0.89,0.98
22/07/2021,2:45:00 PM,2:45:35 PM,Redcliffe,QLD,4,185490834,R4 1780m Pace M,185490835,Harness,1780,Pace,9414042,4,Dallas Cowgirl,LOSER,2.69,LOSER,1.32,1531.64,7.8,2.66,2.7,3.04,8178.8,700,3.5,700,7.89,805.38,1768.62,1.42,1.3,1.41,1.35,666.06,4.1,2.76,0.89,0.98
22/07/2021,2:45:00 PM,2:45:35 PM,Redcliffe,QLD,4,185490834,R4 1780m Pace M,185490835,Harness,1780,Pace,11260637,5,Famous Shoes,LOSER,5.11,LOSER,1.67,1589.57,7.6,4.5,5,5.88,5569.89,780,1.63,700,11.73,434.91,903.58,1.93,1.66,1.69,1.75,359.69,6.2,6.4,0.89,0.98
22/07/2021,2:45:00 PM,2:45:35 PM,Redcliffe,QLD,4,185490834,R4 1780m Pace M,185490835,Harness,1780,Pace,29806681,6,Cobbity Castle,LOSER,4.06,WINNER,1.89,1292.62,4.2,2.08,4,3.19,9549.01,780,1.82,580,3.06,2203.12,967.8,2.04,1.31,2.04,1.76,1154.65,3.25,3.4,0.89,0.98
22/07/2021,2:45:00 PM,2:45:35 PM,Redcliffe,QLD,4,185490834,R4 1780m Pace M,185490835,Harness,1780,Pace,7710005,7,Glencoe Reign,LOSER,69.98,LOSER,7.99,148.09,80,22,75,55.96,155.68,700,24,700,60.8,33.8,202.12,8.6,7,8.6,8.09,36.26,60,65,0.89,0.98
22/07/2021,2:45:00 PM,2:45:35 PM,Redcliffe,QLD,4,185490834,R4 1780m Pace M,185490835,Harness,1780,Pace,36771013,8,Elle Jay,LOSER,32,LOSER,5.88,214.91,80,15,34,47.46,165,700,25,580,67.63,21.5,321.02,7.8,6.2,6.2,6.89,24.34,60,70,0.89,0.98
22/07/2021,2:45:00 PM,2:45:35 PM,Redcliffe,QLD,4,185490834,R4 1780m Pace M,185490835,Harness,1780,Pace,25574719,9,Schooby,LOSER,178.28,LOSER,14.5,80.08,440,120,170,193.14,38.54,900,160,890,635.67,1.43,37.46,14.5,13.5,14.5,13.87,6.9,190,200,0.89,0.98
22/07/2021,3:20:00 PM,3:21:02 PM,Redcliffe,QLD,5,185490836,R5 1780m Pace M,185490837,Harness,1780,Pace,7423722,1,Eulo Flyer,LOSER,56.61,LOSER,9.49,145.13,95,50,55,65.86,93.18,940,28,940,176.77,18.62,140.62,14,9.6,10,10.31,129.26,65,70,1.02,0.98
22/07/2021,3:20:00 PM,3:21:02 PM,Redcliffe,QLD,5,185490836,R5 1780m Pace M,185490837,Harness,1780,Pace,28407294,2,Mac Sweeney,LOSER,8.16,WINNER,2.51,1234.14,9.2,4.3,8.2,7.38,4346.24,780,2.94,700,10.76,354.49,1991.46,2.84,2.38,2.56,2.64,716.36,8.4,8.6,1.02,0.98
22/07/2021,3:20:00 PM,3:21:02 PM,Redcliffe,QLD,5,185490836,R5 1780m Pace M,185490837,Harness,1780,Pace,13283218,3,Mach Torque,LOSER,3.02,LOSER,1.63,3055.56,4.4,3.05,3.05,3.41,7945.79,700,2.82,700,3.88,1604.18,1228.28,1.76,1.58,1.62,1.64,256.98,3.25,3.35,1.02,0.98
22/07/2021,3:20:00 PM,3:21:02 PM,Redcliffe,QLD,5,185490836,R5 1780m Pace M,185490837,Harness,1780,Pace,16883567,4,Scheu Creek,LOSER,8.8,LOSER,2.6,687.6,13.5,7.8,8.2,8.65,2134.74,780,4.2,780,14.98,138.27,755.57,2.76,2.38,2.5,2.59,26.76,8,8.4,1.02,0.98
22/07/2021,3:20:00 PM,3:21:02 PM,Redcliffe,QLD,5,185490836,R5 1780m Pace M,185490837,Harness,1780,Pace,9279603,5,Monterey Jack,WINNER,4.3,WINNER,1.74,1593.41,8.8,3.95,4.2,4.58,7594.97,7.8,1.01,1.01,1.48,4226.89,947.02,1.95,1.66,1.72,1.74,118.34,4.6,4.7,1.02,0.98
22/07/2021,3:20:00 PM,3:21:02 PM,Redcliffe,QLD,5,185490836,R5 1780m Pace M,185490837,Harness,1780,Pace,40173396,6,Street Writer,LOSER,20,LOSER,3.92,294.37,44,13.5,19,17.98,954.84,770,8.8,690,22.09,215.56,312.15,4.5,3.5,4.4,3.86,545.21,13.5,15,1.02,0.98
22/07/2021,3:20:00 PM,3:21:02 PM,Redcliffe,QLD,5,185490836,R5 1780m Pace M,185490837,Harness,1780,Pace,24625324,7,Kay Nora Shannon,LOSER,75,LOSER,10.2,135.86,100,29,65,53.61,223.95,940,70,700,101.33,13.88,52.76,9,7.2,9,7.8,30,50,60,1.02,0.98
22/07/2021,3:20:00 PM,3:21:02 PM,Redcliffe,QLD,5,185490836,R5 1780m Pace M,185490837,Harness,1780,Pace,37017081,8,Franco Nandor,LOSER,12,WINNER,3.47,418.74,13,4.8,12,9.31,901.38,770,2.8,600,9.12,468.68,110.22,3.45,2.32,2.82,2.62,43.22,11.5,12,1.02,0.98
22/07/2021,3:20:00 PM,3:21:02 PM,Redcliffe,QLD,5,185490836,R5 1780m Pace M,185490837,Harness,1780,Pace,36661957,9,My Ultimate Heston,LOSER,20.79,LOSER,3.88,380.96,23,15.5,19,19.57,254.78,1000,9.6,1000,26.35,64.64,356.87,4.2,3.65,3.65,3.74,35,18,20,1.02,0.98
22/07/2021,3:55:00 PM,3:55:35 PM,Redcliffe,QLD,6,185490838,R6 1780m Pace M,185490839,Harness,1780,Pace,19976564,1,Beef City Starzzz,LOSER,16.97,LOSER,2.64,355.35,14.5,5.9,14.5,11.25,744.23,280,7,140,15.57,261.18,607.86,2.32,1.91,2.28,2.18,765.32,12,13,1.02,0.96
22/07/2021,3:55:00 PM,3:55:35 PM,Redcliffe,QLD,6,185490838,R6 1780m Pace M,185490839,Harness,1780,Pace,5321584,2,Alberio,LOSER,1.88,WINNER,1.3,4269.7,2.84,1.85,1.9,2.06,8656.28,2.7,1.08,1.48,1.51,7425.5,1303.98,1.31,1.25,1.3,1.29,119.31,2.14,2.2,1.02,0.96
22/07/2021,3:55:00 PM,3:55:35 PM,Redcliffe,QLD,6,185490838,R6 1780m Pace M,185490839,Harness,1780,Pace,24238371,3,Cannan,LOSER,28,LOSER,4.25,249.17,27,19.5,27,24.66,198.71,700,16.5,300,35.32,31.17,392.01,4.3,4.1,4.1,4.25,26.02,23,24,1.02,0.96
22/07/2021,3:55:00 PM,3:55:35 PM,Redcliffe,QLD,6,185490838,R6 1780m Pace M,185490839,Harness,1780,Pace,26325369,4,Woodlands Wonder,LOSER,7.28,WINNER,7.11,844.29,10.5,6.8,7.6,7.53,1138.75,85,3.45,20,7.72,210.58,160.77,6.6,1.79,3.45,2.68,289.02,7,7.6,1.02,0.96
22/07/2021,3:55:00 PM,3:55:35 PM,Redcliffe,QLD,6,185490838,R6 1780m Pace M,185490839,Harness,1780,Pace,22970173,5,Hesluvable,LOSER,43.47,LOSER,10.1,182.77,85,27,80,44.3,142.99,700,34,300,76.1,30.74,,4.7,4.7,4.7,4.7,3.24,36,42,1.02,0.96
22/07/2021,3:55:00 PM,3:55:35 PM,Redcliffe,QLD,6,185490838,R6 1780m Pace M,185490839,Harness,1780,Pace,34338326,6,Torque In Control,LOSER,8.24,LOSER,2.51,927.47,13.5,6.6,9.2,8.87,2117.45,630,8,630,15.52,176.06,631.08,2.14,2.04,2.04,2.05,7.44,8.4,9.2,1.02,0.96
22/07/2021,3:55:00 PM,3:55:35 PM,Redcliffe,QLD,6,185490838,R6 1780m Pace M,185490839,Harness,1780,Pace,18884717,7,Fortyfive Rock,LOSER,36.09,LOSER,6.8,185.62,60,11.5,40,35.02,213.38,1000,21,1000,77.73,53.21,155.5,5,4.2,4.3,4.7,8.54,34,42,1.02,0.96
22/07/2021,3:55:00 PM,3:55:35 PM,Redcliffe,QLD,6,185490838,R6 1780m Pace M,185490839,Harness,1780,Pace,27006263,8,Shez Got Bling,WINNER,9.45,WINNER,3.04,600.37,13.5,6.2,10.5,9.43,1208.7,85,1.63,2.58,6.24,272.59,542.66,2.38,2.3,2.36,2.31,187.92,9,10,1.02,0.96
22/07/2021,5:51:00 PM,5:51:49 PM,Redcliffe,QLD,9,185490844,R9 2040m Pace M,185490845,Harness,2040,Pace,23429340,1,Ima Beach Babe,LOSER,8.69,WINNER,2.29,856.73,12,7.2,8.6,9.32,1281,100,1.23,100,4.62,2302.57,1105.09,2.4,2.02,2.14,2.18,421.48,8.8,10.5,1.03,0.98
22/07/2021,5:51:00 PM,5:51:49 PM,Redcliffe,QLD,9,185490844,R9 2040m Pace M,185490845,Harness,2040,Pace,40256427,2,Flo Ryda,LOSER,20.26,LOSER,3.42,590.5,20,8.4,18.5,12.23,959.78,890,11.5,890,33.1,106.97,119.83,3.35,2.46,3.35,2.68,59.8,18.5,19.5,1.03,0.98
22/07/2021,5:51:00 PM,5:51:49 PM,Redcliffe,QLD,9,185490844,R9 2040m Pace M,185490845,Harness,2040,Pace,24607458,4,Man Of Action,LOSER,40.95,LOSER,5.65,195.2,46,24,34,30.57,186.55,1000,36,1000,104.26,30.62,64.08,4.5,4.4,4.5,4.4,30.02,32,36,1.03,0.98
22/07/2021,5:51:00 PM,5:51:49 PM,Redcliffe,QLD,9,185490844,R9 2040m Pace M,185490845,Harness,2040,Pace,24798281,5,Specialandiknowit,LOSER,29.86,LOSER,6.2,312.52,36,12.5,30,23.81,341.96,730,28,730,88.03,21.36,308.4,5,4.2,4.2,4.8,0.71,28,29,1.03,0.98
22/07/2021,5:51:00 PM,5:51:49 PM,Redcliffe,QLD,9,185490844,R9 2040m Pace M,185490845,Harness,2040,Pace,8506021,6,Snoop Stride,LOSER,4.72,LOSER,1.63,1608.86,5.8,3.5,4.4,4.38,2720.23,880,4.5,880,7.12,689.83,776.05,1.81,1.48,1.5,1.53,690.04,4.3,4.5,1.03,0.98
22/07/2021,5:51:00 PM,5:51:49 PM,Redcliffe,QLD,9,185490844,R9 2040m Pace M,185490845,Harness,2040,Pace,28540685,7,Carlos Bromac,WINNER,1.94,WINNER,1.27,3545.81,2.82,1.87,1.95,2.05,16759.38,5.6,1.01,1.01,1.25,14197.05,1494.57,1.28,1.18,1.27,1.23,738.36,1.91,1.94,1.03,0.98
22/07/2021,5:51:00 PM,5:51:49 PM,Redcliffe,QLD,9,185490844,R9 2040m Pace M,185490845,Harness,2040,Pace,9459873,8,Springfield Spirit,LOSER,65,WINNER,7.25,105.31,110,42,65,68.52,126.92,920,46,46,103.99,19.49,262.1,6.2,6.2,6.2,6.2,23.6,75,90,1.03,0.98
22/07/2021,5:51:00 PM,5:51:49 PM,Redcliffe,QLD,9,185490844,R9 2040m Pace M,185490845,Harness,2040,Pace,9646687,9,One Last Roll,LOSER,40,LOSER,4.57,152.04,44,27,32,35.38,185.14,920,36,750,112.58,19.74,202.45,5.5,4.1,5.4,4.75,50.27,42,44,1.03,0.98
22/07/2021,6:25:00 PM,6:26:04 PM,Redcliffe,QLD,10,185490846,R10 2040m Pace M,185490847,Harness,2040,Pace,18294617,1,Colonel Joy,LOSER,6,WINNER,2.96,511.1,8,5,5.6,6.01,4280.96,150,2.84,150,7.47,778.49,527.2,3.25,2.62,2.84,2.84,166.17,6,6.2,1.02,0.98
22/07/2021,6:25:00 PM,6:26:04 PM,Redcliffe,QLD,10,185490846,R10 2040m Pace M,185490847,Harness,2040,Pace,16053430,2,Ohoka Jimmy,LOSER,2.62,LOSER,1.85,1754.77,4,2.58,2.6,3.11,6597.67,700,2.36,600,5.12,808.98,1075.53,1.93,1.8,1.85,1.84,342.09,3.15,3.3,1.02,0.98
22/07/2021,6:25:00 PM,6:26:04 PM,Redcliffe,QLD,10,185490846,R10 2040m Pace M,185490847,Harness,2040,Pace,22458279,3,Our Uncle Jim,LOSER,7.5,LOSER,3.67,644.5,8.6,4.2,7.8,7.52,1272.57,880,4.2,690,9.33,489.88,463.85,4,4,4,4,5,8,8.4,1.02,0.98
22/07/2021,6:25:00 PM,6:26:04 PM,Redcliffe,QLD,10,185490846,R10 2040m Pace M,185490847,Harness,2040,Pace,26636004,4,Goddess Jujon,LOSER,18,LOSER,6.9,316.94,20,14,18,16.96,277.32,700,16,700,41.13,48.93,231.56,6,6,6,6,50,15.5,16,1.02,0.98
22/07/2021,6:25:00 PM,6:26:04 PM,Redcliffe,QLD,10,185490846,R10 2040m Pace M,185490847,Harness,2040,Pace,24417676,5,Just Joshin,LOSER,15.24,LOSER,5,294.53,19,6.6,19,12.19,571.85,890,5,280,18.51,190.82,664.9,5.5,4.8,5.5,5.03,104.02,12.5,13,1.02,0.98
22/07/2021,6:25:00 PM,6:26:04 PM,Redcliffe,QLD,10,185490846,R10 2040m Pace M,185490847,Harness,2040,Pace,10926077,6,El Gran Senor,LOSER,120,LOSER,69.03,80.03,120,42,110,73.91,63.03,700,120,700,187.73,8.61,0.67,280,34,90,50.99,0.67,65,75,1.02,0.98
22/07/2021,6:25:00 PM,6:26:04 PM,Redcliffe,QLD,10,185490846,R10 2040m Pace M,185490847,Harness,2040,Pace,10883353,7,Our Little Digger,WINNER,5.02,WINNER,2.3,1026.26,5.2,3.9,5.2,4.27,3852.68,8.8,1.01,1.01,1.64,2783.51,713.74,2.58,2.1,2.24,2.23,1825.58,4,4.1,1.02,0.98
22/07/2021,5:36:00 PM,5:36:38 PM,Swan Hill,VIC,1,185520100,R1 2240m Pace M,185520101,Harness,2240,Pace,38754132,2,Old Tanner Burn,LOSER,7.55,LOSER,2.3,72.42,8.6,4.8,8,6.32,159.81,85,6,55,9.58,142.68,7.01,2.74,2.28,2.3,2.43,64.49,5.2,5.8,1.07,0.95
22/07/2021,5:36:00 PM,5:36:38 PM,Swan Hill,VIC,1,185520100,R1 2240m Pace M,185520101,Harness,2240,Pace,26105223,4,Have A Crack,LOSER,5.33,LOSER,2.32,122.27,6.8,4.3,5.1,4.97,373.25,75,2.74,75,5.1,295.9,,2.42,2.42,2.42,2.42,1.97,4.7,5.5,1.07,0.95
22/07/2021,5:36:00 PM,5:36:38 PM,Swan Hill,VIC,1,185520100,R1 2240m Pace M,185520101,Harness,2240,Pace,25310698,6,Abstract Art,LOSER,4.4,WINNER,3.37,405.52,6,4.4,4.5,4.92,985.03,44,4.5,34,9.24,135.63,,2.04,2.04,2.04,2.04,31.83,4.7,5,1.07,0.95
22/07/2021,5:36:00 PM,5:36:38 PM,Swan Hill,VIC,1,185520100,R1 2240m Pace M,185520101,Harness,2240,Pace,24826032,7,Apache Wind,LOSER,8.8,LOSER,4.22,328.57,9,5.4,9,8.08,274.94,900,11,900,26.49,55.26,,,,,,,6.8,8.6,1.07,0.95
22/07/2021,5:36:00 PM,5:36:38 PM,Swan Hill,VIC,1,185520100,R1 2240m Pace M,185520101,Harness,2240,Pace,26013788,9,Junior Feelgood,WINNER,3.05,WINNER,2.74,301.39,4,3,3.05,3.27,1328.36,3.65,1.07,1.08,1.86,1048.99,142.22,7.8,1.64,2.04,2.14,208.99,3.25,3.55,1.07,0.95
22/07/2021,6:02:00 PM,6:02:39 PM,Swan Hill,VIC,2,185520102,R2 2240m Pace M,185520103,Harness,2240,Pace,26014743,1,Mach Hu,LOSER,12.5,WINNER,4.18,343.27,18.5,7.8,12,11.19,4801.71,700,2,490,11.85,348.73,426.89,4.5,4.1,4.4,4.2,299.71,10.5,12,1.03,0.98
22/07/2021,6:02:00 PM,6:02:39 PM,Swan Hill,VIC,2,185520102,R2 2240m Pace M,185520103,Harness,2240,Pace,36841292,3,Wild Man,WINNER,3.49,WINNER,2,1677.64,6.2,2.96,3.25,3.5,7814.91,4.2,1.01,1.01,1.8,4474.96,642.27,2.52,1.79,2,2.09,1363.99,3.35,3.5,1.03,0.98
22/07/2021,6:02:00 PM,6:02:39 PM,Swan Hill,VIC,2,185520102,R2 2240m Pace M,185520103,Harness,2240,Pace,12076165,4,Markleigh Caz,LOSER,13.58,LOSER,5.13,285.47,20,8.4,12.5,15.16,706.23,700,5.2,700,26.01,79.17,203.68,5.1,4.8,4.8,4.94,17.63,14.5,16,1.03,0.98
22/07/2021,6:02:00 PM,6:02:39 PM,Swan Hill,VIC,2,185520102,R2 2240m Pace M,185520103,Harness,2240,Pace,6998004,5,Graffiti Lombo,LOSER,40,LOSER,12,146.3,55,29,40,36.29,271.8,990,44,990,160.86,28,132.6,11,9.2,9.2,10.14,9.65,29,34,1.03,0.98
22/07/2021,6:02:00 PM,6:02:39 PM,Swan Hill,VIC,2,185520102,R2 2240m Pace M,185520103,Harness,2240,Pace,13738604,7,Abstract Hanover,LOSER,263.4,LOSER,929.27,40.21,610,30,610,112.84,61.7,950,100,700,227.79,11.36,0.45,960,21,960,724.71,0.58,150,310,1.03,0.98
22/07/2021,6:02:00 PM,6:02:39 PM,Swan Hill,VIC,2,185520102,R2 2240m Pace M,185520103,Harness,2240,Pace,22970725,8,Deekays Major,LOSER,11.5,LOSER,4.02,534.85,12.5,5.4,11,10.75,1134.42,700,5,410,24.69,162.99,391.2,4.3,3.3,3.55,3.79,14.46,11,12,1.03,0.98
22/07/2021,6:02:00 PM,6:02:39 PM,Swan Hill,VIC,2,185520102,R2 2240m Pace M,185520103,Harness,2240,Pace,27047345,9,Western Ricki,LOSER,2.41,LOSER,1.56,2623.26,2.58,1.85,2.52,2.26,10709.05,700,1.69,600,7.67,856.68,1145.35,1.56,1.43,1.56,1.49,906.37,2.28,2.32,1.03,0.98
22/07/2021,6:30:00 PM,6:30:45 PM,Swan Hill,VIC,3,185520104,R3 1750m Pace M,185520105,Harness,1750,Pace,24035655,1,Puopolo,WINNER,12,WINNER,4.1,218.79,40,10.5,11.5,14.54,1204.14,17.5,1.01,1.01,1.36,4011.67,269.4,5,3.25,4.1,3.81,162.06,14,15,1.03,0.97
22/07/2021,6:30:00 PM,6:30:45 PM,Swan Hill,VIC,3,185520104,R3 1750m Pace M,185520105,Harness,1750,Pace,19750807,2,Little Miss Daisy,LOSER,26.47,LOSER,6.13,147.01,50,20,22,26.35,587.55,700,3.1,690,25.97,92.31,203.13,6.2,6,6,6.13,15.03,21,26,1.03,0.97
22/07/2021,6:30:00 PM,6:30:45 PM,Swan Hill,VIC,3,185520104,R3 1750m Pace M,185520105,Harness,1750,Pace,26422142,4,Kiedis,LOSER,1.67,LOSER,1.37,5109.86,1.8,1.45,1.75,1.66,17541.55,700,1.64,55,6.33,2503.66,1718.14,1.42,1.25,1.42,1.33,426.47,1.7,1.72,1.03,0.97
22/07/2021,6:30:00 PM,6:30:45 PM,Swan Hill,VIC,3,185520104,R3 1750m Pace M,185520105,Harness,1750,Pace,20725199,6,Loyola Golf,LOSER,140,LOSER,27,49.32,160,60,95,99.06,204.82,700,11.5,700,34.84,137.67,67.8,24,19.5,19.5,22.82,119.87,60,85,1.03,0.97
22/07/2021,6:30:00 PM,6:30:45 PM,Swan Hill,VIC,3,185520104,R3 1750m Pace M,185520105,Harness,1750,Pace,27385352,7,Mony Mony,LOSER,7.8,WINNER,2.78,524.71,8.4,4.8,7,7.13,1529.69,140,1.26,100,8.27,592.2,548.13,2.92,2.3,2.86,2.76,32.52,6.4,7.6,1.03,0.97
22/07/2021,6:30:00 PM,6:30:45 PM,Swan Hill,VIC,3,185520104,R3 1750m Pace M,185520105,Harness,1750,Pace,17617888,9,Whereyagoinbabe,LOSER,6.6,LOSER,2.5,409.73,10,5.4,6.6,7.05,1968.03,1000,3.6,1000,8.08,253.9,901.46,3.05,2.46,2.46,2.55,141.42,6.6,7,1.03,0.97
22/07/2021,7:00:00 PM,7:01:16 PM,Swan Hill,VIC,4,185520106,R4 1750m Pace M,185520107,Harness,1750,Pace,39877218,1,Indianas Wish,LOSER,79.07,LOSER,38.85,135.64,100,38,80,64.54,123.71,930,19.5,930,110.84,37.85,27.88,42,36,36,38.18,0.05,50,60,1.02,0.98
22/07/2021,7:00:00 PM,7:01:16 PM,Swan Hill,VIC,4,185520106,R4 1750m Pace M,185520107,Harness,1750,Pace,40256348,2,Fabulous Kayjay,LOSER,2.17,WINNER,1.4,1908.12,3,1.96,2.08,2.24,8044.29,1000,1.06,100,2.63,3426.55,1038.97,1.47,1.41,1.44,1.44,268.49,2.16,2.24,1.02,0.98
22/07/2021,7:00:00 PM,7:01:16 PM,Swan Hill,VIC,4,185520106,R4 1750m Pace M,185520107,Harness,1750,Pace,36513866,3,Ollies Molly,LOSER,3.55,LOSER,1.89,1457.89,3.45,2.72,3.45,3.19,4447.73,700,2.82,600,6.09,486.5,1032.5,1.89,1.66,1.89,1.82,150.84,3.2,3.25,1.02,0.98
22/07/2021,7:00:00 PM,7:01:16 PM,Swan Hill,VIC,4,185520106,R4 1750m Pace M,185520107,Harness,1750,Pace,39594492,5,Eezee Street,WINNER,21.99,WINNER,8.2,256.37,42,20,23,29.32,380.5,300,1.01,1.01,1.81,3110.75,134.8,7.8,7.4,7.4,7.42,3.09,25,27,1.02,0.98
22/07/2021,7:00:00 PM,7:01:16 PM,Swan Hill,VIC,4,185520106,R4 1750m Pace M,185520107,Harness,1750,Pace,28091397,7,Loyola Rocknrolla,LOSER,10.34,LOSER,3.1,476.96,11,4.5,11,8.37,2091.48,700,5.3,690,17.34,361,159.52,3.2,2.04,3.1,2.76,435.51,8.4,9,1.02,0.98
22/07/2021,7:00:00 PM,7:01:16 PM,Swan Hill,VIC,4,185520106,R4 1750m Pace M,185520107,Harness,1750,Pace,40256349,8,Master Lala,LOSER,10.83,LOSER,4.5,627.34,23,12,12,15.07,871.68,910,7.8,720,32.32,118.44,239.78,5.8,5,5,5.06,8.88,14.5,15.5,1.02,0.98
22/07/2021,7:30:00 PM,7:30:49 PM,Swan Hill,VIC,5,185520108,R5 2240m Pace M,185520109,Harness,2240,Pace,17636595,1,Good Guy Mack,WINNER,3.75,WINNER,1.39,1135.62,4.2,2.26,3.7,3.29,7884.28,3.85,1.01,1.01,1.46,6406.84,809.04,1.41,1.19,1.41,1.28,460.19,4,4.4,1.02,0.97
22/07/2021,7:30:00 PM,7:30:49 PM,Swan Hill,VIC,5,185520108,R5 2240m Pace M,185520109,Harness,2240,Pace,25102759,3,Last Artist,LOSER,15.66,LOSER,2.88,432.05,32,14,15.5,17.25,664.62,700,10,120,27.8,130.5,613.35,3.8,2.78,2.8,2.81,15.26,16.5,17.5,1.02,0.97
22/07/2021,7:30:00 PM,7:30:49 PM,Swan Hill,VIC,5,185520108,R5 2240m Pace M,185520109,Harness,2240,Pace,23429212,4,Dragontown,LOSER,38,LOSER,6.4,193.35,80,32,38,48.63,236.72,700,26,700,65.15,56.22,199.48,6.6,5.2,6.4,6.23,38.59,34,36,1.02,0.97
22/07/2021,7:30:00 PM,7:30:49 PM,Swan Hill,VIC,5,185520108,R5 2240m Pace M,185520109,Harness,2240,Pace,15189203,6,Come On Elvis,LOSER,85.23,LOSER,9.89,116.82,150,65,130,95.19,81.33,960,27,620,77.13,48.71,56.47,9,3.5,3.5,6.43,31.13,80,100,1.02,0.97
22/07/2021,7:30:00 PM,7:30:49 PM,Swan Hill,VIC,5,185520108,R5 2240m Pace M,185520109,Harness,2240,Pace,25475670,7,Boss Major,LOSER,7.86,WINNER,2.1,926.37,22,7.4,8.2,9.95,2061.61,170,3.5,100,10.69,493.65,819.07,2.34,2,2.1,2.15,342.99,7.8,8.4,1.02,0.97
22/07/2021,7:30:00 PM,7:30:49 PM,Swan Hill,VIC,5,185520108,R5 2240m Pace M,185520109,Harness,2240,Pace,18356848,8,Lara Bay,LOSER,9.62,WINNER,2.66,617.25,20,9.6,11,13.56,954.91,700,9.4,700,19.03,193.55,405.74,2.9,2.24,2.38,2.51,10.46,12.5,13,1.02,0.97
22/07/2021,7:30:00 PM,7:30:49 PM,Swan Hill,VIC,5,185520108,R5 2240m Pace M,185520109,Harness,2240,Pace,12084999,9,The High Roller,LOSER,2.34,LOSER,1.27,2447.17,2.66,1.87,2.38,2.2,13624.42,700,2.14,700,5.33,1419.63,1315.2,1.3,1.15,1.25,1.23,154.51,2.2,2.22,1.02,0.97
22/07/2021,8:00:00 PM,8:00:53 PM,Swan Hill,VIC,6,185520110,R6 2240m Pace M,185520111,Harness,2240,Pace,26123368,1,Minimum Wage,LOSER,33.2,WINNER,3.45,201.42,55,20,32,35.88,184.28,920,13,700,42.07,83.98,255.2,4.9,2.92,3.45,3.49,362.76,40,44,1.02,1.05
22/07/2021,8:00:00 PM,8:00:53 PM,Swan Hill,VIC,6,185520110,R6 2240m Pace M,185520111,Harness,2240,Pace,16837002,2,Sirbenjaminbutton,LOSER,58.84,LOSER,5.92,125.34,85,23,60,51.58,157.59,930,3.7,930,48.71,42.32,329.93,7.2,4.6,7.2,6.39,111.68,65,80,1.02,1.05
22/07/2021,8:00:00 PM,8:00:53 PM,Swan Hill,VIC,6,185520110,R6 2240m Pace M,185520111,Harness,2240,Pace,19006509,3,Magic In Her Moves,LOSER,350,LOSER,9,37.57,560,17,350,102.74,250.15,930,120,930,209.5,47.92,149.15,9.4,4.6,9,6.47,1071.57,65,15.5,1.02,1.05
22/07/2021,8:00:00 PM,8:00:53 PM,Swan Hill,VIC,6,185520110,R6 2240m Pace M,185520111,Harness,2240,Pace,38605710,4,Goodtime Maddie,LOSER,81.78,LOSER,7,125.12,120,40,85,72.47,92.11,700,9,270,22.84,133.01,161.07,10.5,6.2,10.5,7.67,37.32,70,80,1.02,1.05
22/07/2021,8:00:00 PM,8:00:53 PM,Swan Hill,VIC,6,185520110,R6 2240m Pace M,185520111,Harness,2240,Pace,4385884,6,King Solomon,LOSER,28.85,LOSER,3.93,255.27,48,13.5,29,33.01,262.81,990,4.9,990,71.43,54.07,231.38,5.1,3.5,4,3.91,463.38,40,44,1.02,1.05
22/07/2021,8:00:00 PM,8:00:53 PM,Swan Hill,VIC,6,185520110,R6 2240m Pace M,185520111,Harness,2240,Pace,26337158,7,Keayang Shady,LOSER,91.41,LOSER,6.4,128.8,110,10.5,95,49.43,263.36,920,80,920,221.76,9.71,334.51,7.8,2.72,6.4,6.19,217.79,65,75,1.02,1.05
22/07/2021,8:00:00 PM,8:00:53 PM,Swan Hill,VIC,6,185520110,R6 2240m Pace M,185520111,Harness,2240,Pace,38859046,8,Khaki Nui,WINNER,1.12,WINNER,1.07,6314.06,1.42,1.1,1.12,1.15,42795.33,1.39,1.01,1.01,1.1,9292.18,57.49,1.15,1.04,1.09,1.07,6820.42,1.1,1.11,1.02,1.05
22/07/2021,8:30:00 PM,8:31:01 PM,Swan Hill,VIC,7,185520112,R7 1750m Pace M,185520113,Harness,1750,Pace,3385397,1,Wilshire Boulevard,LOSER,22,LOSER,6.7,192.15,32,17,25,21.59,236.57,700,2.9,700,27.99,117.14,61.32,7,3.9,4.9,5.46,383.4,19.5,26,1.03,0.97
22/07/2021,8:30:00 PM,8:31:01 PM,Swan Hill,VIC,7,185520112,R7 1750m Pace M,185520113,Harness,1750,Pace,9313827,2,Timely Sovereign,LOSER,37.68,LOSER,12.5,140.03,100,30,40,44.65,293.91,780,16,780,59.53,69.48,111.96,9.8,7,7,7.66,415.11,36,48,1.03,0.97
22/07/2021,8:30:00 PM,8:31:01 PM,Swan Hill,VIC,7,185520112,R7 1750m Pace M,185520113,Harness,1750,Pace,28540486,3,Major Mal,LOSER,5.8,LOSER,2.63,970.69,5.9,3.65,5.7,5.01,1756.52,700,4,700,15.1,242.09,704.66,2.76,2.6,2.6,2.6,5.04,5.1,5.5,1.03,0.97
22/07/2021,8:30:00 PM,8:31:01 PM,Swan Hill,VIC,7,185520112,R7 1750m Pace M,185520113,Harness,1750,Pace,36241754,4,Hayden Bromac,LOSER,3.5,LOSER,2,1024.28,6.8,3.25,3.65,3.66,1781.06,700,3.5,600,16.01,109.59,912.84,2.16,1.95,2.02,2.04,23.99,3.6,3.7,1.03,0.97
22/07/2021,8:30:00 PM,8:31:01 PM,Swan Hill,VIC,7,185520112,R7 1750m Pace M,185520113,Harness,1750,Pace,24429694,5,Streitkid,LOSER,3.6,WINNER,2.19,1370.08,5.4,2.92,3.55,3.44,4854.49,600,1.81,600,2.56,3284.62,553.26,2.32,1.85,2.18,2.12,266.65,3.2,3.3,1.03,0.97
22/07/2021,8:30:00 PM,8:31:01 PM,Swan Hill,VIC,7,185520112,R7 1750m Pace M,185520113,Harness,1750,Pace,25091554,7,Gilty Hanover,WINNER,4.58,WINNER,2.45,927.02,6.2,4.5,4.7,5.25,1636.07,8.6,1.01,1.01,1.49,2082.72,607.45,2.84,1.97,2.3,2.59,207.75,6,6.4,1.03,0.97
22/07/2021,9:00:00 PM,9:00:37 PM,Swan Hill,VIC,8,185520114,R8 2240m Pace M,185520115,Harness,2240,Pace,16156357,1,Pocket Thedeal,LOSER,52.02,LOSER,5.9,111.74,85,32,48,45.33,102.6,700,8,520,43.23,53.34,303.84,6.4,5.7,5.9,5.94,146.39,34,40,1.02,0.99
22/07/2021,9:00:00 PM,9:00:37 PM,Swan Hill,VIC,8,185520114,R8 2240m Pace M,185520115,Harness,2240,Pace,21808622,3,Caulonia Terror,LOSER,55.69,LOSER,8.4,87.65,80,38,75,56.6,106.16,700,16.5,250,84.63,16.79,175.82,8.2,5.2,8.2,7.42,201.36,48,60,1.02,0.99
22/07/2021,9:00:00 PM,9:00:37 PM,Swan Hill,VIC,8,185520114,R8 2240m Pace M,185520115,Harness,2240,Pace,25168644,4,Ozzie Battler,WINNER,10.8,WINNER,2.52,416.59,17.5,8.8,11.5,12.35,967.03,17,1.01,1.01,1.9,5129.1,687.2,2.92,2.52,2.52,2.62,825.53,12,13,1.02,0.99
22/07/2021,9:00:00 PM,9:00:37 PM,Swan Hill,VIC,8,185520114,R8 2240m Pace M,185520115,Harness,2240,Pace,19823677,5,Velox Equus,LOSER,11.5,LOSER,2.38,416.31,13.5,9,11.5,11.17,628.98,700,9.8,200,22.46,86.64,800.28,2.44,2.14,2.38,2.28,777.23,9.8,10.5,1.02,0.99
22/07/2021,9:00:00 PM,9:00:37 PM,Swan Hill,VIC,8,185520114,R8 2240m Pace M,185520115,Harness,2240,Pace,10686827,6,Bernie Winkle,LOSER,1.25,WINNER,1.09,3409.8,1.33,1.22,1.27,1.26,26845.09,640,1.06,640,2.7,4174.52,206.33,1.12,1.08,1.09,1.1,4032.72,1.28,1.29,1.02,0.99
22/07/2021,9:30:00 PM,9:30:59 PM,Swan Hill,VIC,9,185520116,R9 2240m Pace M,185520117,Harness,2240,Pace,39307591,1,Beartastic Writer,LOSER,39.24,LOSER,8.76,250.86,85,25,46,48.21,250.51,1000,16.5,1000,92.1,61.52,55.89,13,5,13,6.25,169.97,55,75,1.02,0.98
22/07/2021,9:30:00 PM,9:30:59 PM,Swan Hill,VIC,9,185520116,R9 2240m Pace M,185520117,Harness,2240,Pace,40256353,3,Weman Macha,LOSER,9.81,LOSER,2.66,560.02,19,9.2,9.2,10.71,944.84,700,7,420,25.26,134.59,578.84,2.94,2.66,2.66,2.68,55.1,11,11.5,1.02,0.98
22/07/2021,9:30:00 PM,9:30:59 PM,Swan Hill,VIC,9,185520116,R9 2240m Pace M,185520117,Harness,2240,Pace,27838478,4,Ozzie Playgirl,LOSER,3.13,WINNER,1.62,2916.1,3.75,1.91,3.35,3.28,5174.62,700,1.2,700,2.95,2883.17,691.71,1.74,1.48,1.59,1.56,106.68,3.2,3.25,1.02,0.98
22/07/2021,9:30:00 PM,9:30:59 PM,Swan Hill,VIC,9,185520116,R9 2240m Pace M,185520117,Harness,2240,Pace,39395834,5,Kitch Macray,LOSER,21.16,LOSER,2.76,317.13,30,8.4,22,14.3,1112.36,700,6.2,630,31.37,134.77,230.22,4,2.62,2.78,2.87,98.4,13,13.5,1.02,0.98
22/07/2021,9:30:00 PM,9:30:59 PM,Swan Hill,VIC,9,185520116,R9 2240m Pace M,185520117,Harness,2240,Pace,28178959,6,Clifton Babe,LOSER,3.91,LOSER,1.77,2396.18,21,4,4,6.27,4638.62,700,2.68,600,9.06,205.55,701.4,2.54,1.59,1.63,2.06,162.68,5.7,6,1.02,0.98
22/07/2021,9:30:00 PM,9:30:59 PM,Swan Hill,VIC,9,185520116,R9 2240m Pace M,185520117,Harness,2240,Pace,39254933,7,Call Me Diva,WINNER,5.85,WINNER,2.07,987.17,5.8,2.6,5.8,3.9,3578.36,23,1.01,1.01,1.6,2376.73,333.12,1.7,1.5,1.65,1.59,76.98,4.4,4.5,1.02,0.98
22/07/2021,9:30:00 PM,9:30:59 PM,Swan Hill,VIC,9,185520116,R9 2240m Pace M,185520117,Harness,2240,Pace,4943753,8,Soar,LOSER,77.61,LOSER,11.22,110.69,100,42,95,62.24,279.63,900,2.74,900,57.44,80.22,60.62,11.5,7.2,11.5,11.03,82.36,50,70,1.02,0.98
22/07/2021,9:30:00 PM,9:30:59 PM,Swan Hill,VIC,9,185520116,R9 2240m Pace M,185520117,Harness,2240,Pace,39797264,9,Surf Ace,LOSER,9.23,WINNER,2.82,925.58,27,9.4,9.6,12.29,997.28,1000,2.96,1000,46.49,185.58,259.65,4.2,2.6,2.6,2.83,128.58,10.5,11,1.02,0.98
22/07/2021,10:00:00 PM,10:00:54 PM,Swan Hill,VIC,10,185520118,R10 2240m Pace M,185520119,Harness,2240,Pace,24826242,3,Arma Veyron,LOSER,1.24,,,5684.37,1.74,1.24,1.24,1.35,15050.16,600,1.08,600,2.76,3813.18,,,,,,,1.28,1.3,1.01,0.99
22/07/2021,10:00:00 PM,10:00:54 PM,Swan Hill,VIC,10,185520118,R10 2240m Pace M,185520119,Harness,2240,Pace,24141111,4,Hidden Figure,LOSER,19.8,,,151.63,24,8.8,24,15.64,703.21,890,10.5,140,52.21,83.09,,,,,,,18,18.5,1.01,0.99
22/07/2021,10:00:00 PM,10:00:54 PM,Swan Hill,VIC,10,185520118,R10 2240m Pace M,185520119,Harness,2240,Pace,4634242,7,Glam Rock,WINNER,7.89,,,376.4,9.4,3.3,8,7.25,782.26,15.5,1.01,1.01,1.43,2501,,,,,,,8,8.4,1.01,0.99
22/07/2021,10:00:00 PM,10:00:54 PM,Swan Hill,VIC,10,185520118,R10 2240m Pace M,185520119,Harness,2240,Pace,36833272,8,Gilded,LOSER,22.02,,,141.22,48,8.6,28,21.56,426.46,1000,4.4,1000,147.7,48.8,,,,,,,20,22,1.01,0.99
22/07/2021,10:31:00 PM,10:31:45 PM,Swan Hill,VIC,11,185520120,R11 2240m Pace M,185520121,Harness,2240,Pace,12396596,1,Ollie And Brock,LOSER,27.88,LOSER,5.55,218.31,42,9,29,23.88,550.29,710,6.2,700,29.75,98.63,163.37,5.3,4.9,4.9,5,177.82,22,29,1.03,0.97
22/07/2021,10:31:00 PM,10:31:45 PM,Swan Hill,VIC,11,185520120,R11 2240m Pace M,185520121,Harness,2240,Pace,13672298,4,Shadow Terror,LOSER,13.03,LOSER,3.32,359.36,13.5,8.6,12,11.75,1109.4,270,8,270,20.95,141.63,475.94,3.6,2.72,3.2,3.22,91.54,12,13,1.03,0.97
22/07/2021,10:31:00 PM,10:31:45 PM,Swan Hill,VIC,11,185520120,R11 2240m Pace M,185520121,Harness,2240,Pace,27956148,7,Kick It To Jack,WINNER,2.19,WINNER,1.47,2270.26,2.42,1.9,2.16,2.23,11082.77,2.28,1.01,1.01,1.48,3125.69,681.79,1.48,1.21,1.48,1.38,495.53,2.26,2.34,1.03,0.97
22/07/2021,10:31:00 PM,10:31:45 PM,Swan Hill,VIC,11,185520120,R11 2240m Pace M,185520121,Harness,2240,Pace,9420488,8,Hillbilly Time,LOSER,2.31,WINNER,1.26,2139.63,3.15,2.14,2.32,2.35,6573.54,140,1.78,110,3.34,779.28,1233.08,1.43,1.22,1.25,1.3,440.68,2.16,2.3,1.03,0.97
22/07/2021,10:56:00 PM,10:56:37 PM,Swan Hill,VIC,12,185520122,R12 1750m Pace M,185520123,Harness,1750,Pace,6549134,2,Stuart,LOSER,36.58,LOSER,10.88,265.57,40,19.5,40,30.67,202,700,15,690,31.68,86.33,114.5,8.8,6.4,7.2,7.23,20.22,36,44,1.02,0.98
22/07/2021,10:56:00 PM,10:56:37 PM,Swan Hill,VIC,12,185520122,R12 1750m Pace M,185520123,Harness,1750,Pace,22487666,6,Neds Beach,WINNER,2.26,WINNER,1.35,1665.66,3.5,2.24,2.32,2.51,6004.22,2.28,1.01,1.01,1.47,3418.07,979.07,1.42,1.28,1.28,1.34,616.11,2.42,2.52,1.02,0.98
22/07/2021,10:56:00 PM,10:56:37 PM,Swan Hill,VIC,12,185520122,R12 1750m Pace M,185520123,Harness,1750,Pace,11953582,7,Friends,LOSER,7.64,LOSER,2.56,554.94,8.4,4.5,7.8,6.58,1781.1,1000,4.5,1000,11.03,211.89,354.14,2.9,2.32,2.36,2.35,648.65,6.6,7,1.02,0.98
22/07/2021,10:56:00 PM,10:56:37 PM,Swan Hill,VIC,12,185520122,R12 1750m Pace M,185520123,Harness,1750,Pace,28719446,8,Without Hesitation,LOSER,2.42,WINNER,1.48,1712.54,2.56,1.85,2.46,2.33,4895.73,700,2.38,700,8.74,507.81,1061.91,1.53,1.34,1.53,1.46,236.13,2.36,2.4,1.02,0.98
22/07/2021,1:07:00 PM,1:07:30 PM,Tamworth,NSW,1,185490653,R1 1609m Pace M,185490654,Harness,1609,Pace,20781321,2,Cronin,LOSER,2.53,LOSER,,1949.82,4.5,2.2,2.52,2.49,6942.54,1000,2.36,1000,4.4,2036.22,,1.34,1.19,1.33,1.29,127.41,2.36,2.48,1.04,0.98
22/07/2021,1:07:00 PM,1:07:30 PM,Tamworth,NSW,1,185490653,R1 1609m Pace M,185490654,Harness,1609,Pace,13263051,3,Advanced Warfare,LOSER,24,WINNER,,194.01,30,19,25,25.12,124.55,480,1.33,75,11.96,163.03,,4.8,4.8,4.8,4.8,0.83,23,24,1.04,0.98
22/07/2021,1:07:00 PM,1:07:30 PM,Tamworth,NSW,1,185490653,R1 1609m Pace M,185490654,Harness,1609,Pace,26225443,4,Monsieur Darcy,LOSER,15.85,LOSER,,378.45,22,13.5,17,15.84,206.74,32,1.01,1.01,3.1,1879.09,,2.9,2.88,2.9,2.9,100,15.5,16,1.04,0.98
22/07/2021,1:07:00 PM,1:07:30 PM,Tamworth,NSW,1,185490653,R1 1609m Pace M,185490654,Harness,1609,Pace,28507036,5,Caymangone,LOSER,16.71,LOSER,,356.46,28,16.5,17.5,18.26,330.15,780,6.6,780,21.15,137.16,,3.35,3.35,3.35,3.35,15.79,16.5,17.5,1.04,0.98
22/07/2021,1:07:00 PM,1:07:30 PM,Tamworth,NSW,1,185490653,R1 1609m Pace M,185490654,Harness,1609,Pace,15475141,6,Connerman,LOSER,27,LOSER,,165.13,34,8.8,27,26.88,86.51,780,25,780,73.58,44.53,,,,,,,27,29,1.04,0.98
22/07/2021,1:07:00 PM,1:07:30 PM,Tamworth,NSW,1,185490653,R1 1609m Pace M,185490654,Harness,1609,Pace,10260370,7,Itzexceptional,WINNER,9.43,WINNER,,700.43,9.6,4.7,8.6,6.74,4393.73,600,1.5,600,4.82,798.88,,2.18,2.06,2.18,2.12,8.73,8.4,8.8,1.04,0.98
22/07/2021,1:07:00 PM,1:07:30 PM,Tamworth,NSW,1,185490653,R1 1609m Pace M,185490654,Harness,1609,Pace,19486671,8,Whosaginger,LOSER,3.4,LOSER,,1540.46,5.5,3.45,3.45,3.88,2716.32,700,2.02,600,5.44,874.77,,1.48,1.48,1.48,1.48,0.28,3.7,3.9,1.04,0.98
22/07/2021,1:07:00 PM,1:07:30 PM,Tamworth,NSW,1,185490653,R1 1609m Pace M,185490654,Harness,1609,Pace,27703149,9,Ashincharge,LOSER,116.37,WINNER,,55.35,310,100,180,186.72,29.52,840,12.5,100,94.92,16.7,,48,48,48,48,4.98,190,310,1.04,0.98
22/07/2021,1:07:00 PM,1:07:30 PM,Tamworth,NSW,1,185490653,R1 1609m Pace M,185490654,Harness,1609,Pace,26753960,10,Maywyns Honey,LOSER,56.84,LOSER,,103.49,120,32,100,68.13,78,700,11.5,700,58.63,31.02,,,,,,,65,110,1.04,0.98
22/07/2021,1:46:00 PM,1:47:00 PM,Tamworth,NSW,2,185490655,R2 1609m Pace M,185490656,Harness,1609,Pace,2278928,2,Savannahs Boy,LOSER,22,WINNER,,271.49,44,19,22,25.14,177.09,140,11,110,28.74,26.71,,4.4,3.5,4.2,3.56,960.37,24,27,1.07,0.98
22/07/2021,1:46:00 PM,1:47:00 PM,Tamworth,NSW,2,185490655,R2 1609m Pace M,185490656,Harness,1609,Pace,11128894,3,Corporal Jujon,LOSER,4.3,LOSER,,978.85,4.5,3.1,4.2,3.89,4587.7,700,3.25,700,9.01,347.06,,1.71,1.54,1.67,1.66,384.9,3.9,4.3,1.07,0.98
22/07/2021,1:46:00 PM,1:47:00 PM,Tamworth,NSW,2,185490655,R2 1609m Pace M,185490656,Harness,1609,Pace,39457369,4,Uncle Gregory,LOSER,43.66,LOSER,,192.94,85,34,40,45.13,92.52,920,70,780,220.38,9.28,,,,,,,55,70,1.07,0.98
22/07/2021,1:46:00 PM,1:47:00 PM,Tamworth,NSW,2,185490655,R2 1609m Pace M,185490656,Harness,1609,Pace,10125086,5,It Aint Royal,LOSER,7,LOSER,,836.1,8.4,5.6,7.2,6.55,985.44,880,7,880,27.82,46.2,,2.88,2.1,2.2,2.16,63.08,6,6.6,1.07,0.98
22/07/2021,1:46:00 PM,1:47:00 PM,Tamworth,NSW,2,185490655,R2 1609m Pace M,185490656,Harness,1609,Pace,22693531,6,Laydeenwaiting,WINNER,11.62,WINNER,,466.79,12.5,7.2,12,11.15,270.96,14,1.01,1.01,1.61,2960.81,,2.84,2.82,2.82,2.83,20,10,11,1.07,0.98
22/07/2021,1:46:00 PM,1:47:00 PM,Tamworth,NSW,2,185490655,R2 1609m Pace M,185490656,Harness,1609,Pace,9213078,7,Rory Mclory,LOSER,52.83,LOSER,,144.72,65,30,65,43.27,78.79,700,48,700,68.68,23.37,,,,,,,42,46,1.07,0.98
22/07/2021,1:46:00 PM,1:47:00 PM,Tamworth,NSW,2,185490655,R2 1609m Pace M,185490656,Harness,1609,Pace,40173440,8,Im Plain Jane,LOSER,19.94,LOSER,,290.26,22,10.5,21,14.14,304.52,700,21,700,37.66,22.79,,3.6,3.6,3.6,3.6,5,16,18,1.07,0.98
22/07/2021,1:46:00 PM,1:47:00 PM,Tamworth,NSW,2,185490655,R2 1609m Pace M,185490656,Harness,1609,Pace,11897680,9,Apollon,LOSER,2.77,LOSER,,2390.54,5.8,2.86,2.96,3.38,4943.86,530,2.38,490,3.26,884.73,,1.65,1.52,1.65,1.6,370.51,3.1,3.3,1.07,0.98
22/07/2021,1:46:00 PM,1:47:00 PM,Tamworth,NSW,2,185490655,R2 1609m Pace M,185490656,Harness,1609,Pace,40256777,10,Theagenes,LOSER,17.5,WINNER,,342.74,19.5,10,19.5,12.54,409.07,910,20,910,122.87,12.15,,,,,,,13,14.5,1.07,0.98
22/07/2021,2:21:00 PM,2:21:27 PM,Tamworth,NSW,3,185490657,R3 1980m Pace M,185490658,Harness,1980,Pace,40256778,1,Uptotrix,LOSER,3.54,WINNER,,1741.3,4.7,3.3,3.65,3.68,2604.66,600,1.46,600,3.93,2341.53,,1.88,1.62,1.8,1.77,384.5,3.6,4,1.04,0.95
22/07/2021,2:21:00 PM,2:21:27 PM,Tamworth,NSW,3,185490657,R3 1980m Pace M,185490658,Harness,1980,Pace,40256779,2,Limousine Life,LOSER,23.03,LOSER,,217.47,32,16,27,24.03,103.71,700,3.05,280,50.22,68.66,,5.4,5.4,5.4,5.4,5,18,22,1.04,0.95
22/07/2021,2:21:00 PM,2:21:27 PM,Tamworth,NSW,3,185490657,R3 1980m Pace M,185490658,Harness,1980,Pace,24940283,3,Seelsters Song,LOSER,24.38,LOSER,,189.52,29,23,27,24.48,184.82,910,18.5,910,175.02,12.17,,5,4,5,4.45,50,23,25,1.04,0.95
22/07/2021,2:21:00 PM,2:21:27 PM,Tamworth,NSW,3,185490657,R3 1980m Pace M,185490658,Harness,1980,Pace,40256780,4,Under Other,LOSER,25.27,LOSER,,162.47,40,23,30,29.73,66.2,700,18,700,44.94,55.58,,,,,,,29,34,1.04,0.95
22/07/2021,2:21:00 PM,2:21:27 PM,Tamworth,NSW,3,185490657,R3 1980m Pace M,185490658,Harness,1980,Pace,39395861,5,Justlikeboomer,LOSER,110,LOSER,,94.18,140,46,140,98.77,64.3,940,75,700,129.44,34.84,,,,,,,75,100,1.04,0.95
22/07/2021,2:21:00 PM,2:21:27 PM,Tamworth,NSW,3,185490657,R3 1980m Pace M,185490658,Harness,1980,Pace,38554984,6,Grandview,WINNER,10.2,WINNER,,622.73,19,6.4,11.5,12.71,327.72,10.5,1.01,1.01,1.74,4914.09,,3.45,3.45,3.45,3.45,110,12,12.5,1.04,0.95
22/07/2021,2:21:00 PM,2:21:27 PM,Tamworth,NSW,3,185490657,R3 1980m Pace M,185490658,Harness,1980,Pace,18543990,7,Glen Innes Boy,LOSER,9.6,WINNER,,688.64,11,8,9.8,9.6,1048.24,700,7,120,16.93,81.66,,,,,,,10,11,1.04,0.95
22/07/2021,2:21:00 PM,2:21:27 PM,Tamworth,NSW,3,185490657,R3 1980m Pace M,185490658,Harness,1980,Pace,24539953,8,Billboard Bonnie,LOSER,5.67,LOSER,,1229.01,14.5,5,5.8,6.26,6258.17,1000,5,1000,18.91,818.87,,2.78,1.97,1.99,2.23,588.55,5.9,6.4,1.04,0.95
22/07/2021,2:21:00 PM,2:21:27 PM,Tamworth,NSW,3,185490657,R3 1980m Pace M,185490658,Harness,1980,Pace,18850823,9,Power To Bolt,LOSER,6.21,LOSER,,762.18,15.5,5.6,6,6.8,1745.96,910,5.5,700,10.07,233.48,,2.9,2.18,2.26,2.54,215.88,6.6,7,1.04,0.95
22/07/2021,2:21:00 PM,2:21:27 PM,Tamworth,NSW,3,185490657,R3 1980m Pace M,185490658,Harness,1980,Pace,18820073,10,Navua Girl,LOSER,10.34,LOSER,,621.1,11,5.9,10.5,8.66,441.23,700,10,120,20.76,67.92,,2.76,2.6,2.72,2.71,66.51,9,9.8,1.04,0.95
22/07/2021,3:03:00 PM,3:03:26 PM,Tamworth,NSW,4,185490659,R4 1609m Pace M,185490660,Harness,1609,Pace,10179207,1,A Good Ideal,LOSER,13.55,LOSER,,403.95,18,7.2,17,13.96,182.02,490,6,140,13.04,44.11,,3.3,2.44,2.76,2.85,146.07,16,16.5,1.05,0.98
22/07/2021,3:03:00 PM,3:03:26 PM,Tamworth,NSW,4,185490659,R4 1609m Pace M,185490660,Harness,1609,Pace,12089625,2,Redbank Olivia,WINNER,7.2,WINNER,,637.42,10,7.2,7.2,7.64,397.74,14.5,1.02,1.03,1.99,723.28,,,,,,,7,7.8,1.05,0.98
22/07/2021,3:03:00 PM,3:03:26 PM,Tamworth,NSW,4,185490659,R4 1609m Pace M,185490660,Harness,1609,Pace,3396919,3,Smiling,LOSER,3.73,LOSER,,994.46,4.2,3,3.4,3.64,3110.92,490,3.3,490,10.91,251.16,,1.62,1.62,1.62,1.62,5.6,3.4,3.6,1.05,0.98
22/07/2021,3:03:00 PM,3:03:26 PM,Tamworth,NSW,4,185490659,R4 1609m Pace M,185490660,Harness,1609,Pace,11663627,4,Jackeroo Shannon,LOSER,17.23,LOSER,,332.4,29,20,21,23.2,114.03,920,16,920,85.68,30.28,,,,,,,22,23,1.05,0.98
22/07/2021,3:03:00 PM,3:03:26 PM,Tamworth,NSW,4,185490659,R4 1609m Pace M,185490660,Harness,1609,Pace,6718151,5,Laser Major,LOSER,64.8,LOSER,,118.92,120,70,120,97.58,12.51,700,48,700,76.2,13.78,,,,,,,95,100,1.05,0.98
22/07/2021,3:03:00 PM,3:03:26 PM,Tamworth,NSW,4,185490659,R4 1609m Pace M,185490660,Harness,1609,Pace,8644197,6,Ark,LOSER,9.74,LOSER,,490.18,12.5,5.3,8,6.55,4428.39,600,2.52,600,9.49,495.6,,2.88,2.34,2.34,2.73,36.16,7,7.2,1.05,0.98
22/07/2021,3:03:00 PM,3:03:26 PM,Tamworth,NSW,4,185490659,R4 1609m Pace M,185490660,Harness,1609,Pace,10776830,7,Commanche,LOSER,9.2,WINNER,,579.26,13.5,7.4,9.2,8.52,328.86,490,9.2,140,33.73,8.68,,3,2.54,2.54,2.66,32.01,8.2,8.8,1.05,0.98
22/07/2021,3:03:00 PM,3:03:26 PM,Tamworth,NSW,4,185490659,R4 1609m Pace M,185490660,Harness,1609,Pace,27540136,8,Our Roys Dream,LOSER,5.6,WINNER,,948.7,8.4,6,6.6,7.02,380.71,75,2.56,75,7.22,92.94,,2.32,2.24,2.24,2.3,15.15,6.4,7,1.05,0.98
22/07/2021,3:03:00 PM,3:03:26 PM,Tamworth,NSW,4,185490659,R4 1609m Pace M,185490660,Harness,1609,Pace,33950717,9,Killara Insanity,LOSER,74.7,LOSER,,90.9,160,60,160,106.29,26.53,190,48,190,79.5,19.45,,,,,,,120,150,1.05,0.98
22/07/2021,3:03:00 PM,3:03:26 PM,Tamworth,NSW,4,185490659,R4 1609m Pace M,185490660,Harness,1609,Pace,28286304,10,Write Time,LOSER,15.58,LOSER,,402.02,20,14,17,16.42,133.14,780,5.4,780,17.97,144.93,,4,4,4,4,8.73,15.5,17,1.05,0.98
22/07/2021,3:40:00 PM,3:43:55 PM,Tamworth,NSW,5,185490661,R5 1980m Pace M,185490662,Harness,1980,Pace,35695570,1,Cinos Legacy,LOSER,28,LOSER,,227.03,44,20,32,26.8,280.28,1000,8.8,730,41.09,461.57,,5.4,4,5.4,5.15,35.5,29,30,1.05,0.98
22/07/2021,3:40:00 PM,3:43:55 PM,Tamworth,NSW,5,185490661,R5 1980m Pace M,185490662,Harness,1980,Pace,36386733,2,Thunderboltshannon,LOSER,21.84,LOSER,,258.14,42,22,24,25.53,307.56,700,14,300,30.9,47.08,,,,,,,23,27,1.05,0.98
22/07/2021,3:40:00 PM,3:43:55 PM,Tamworth,NSW,5,185490661,R5 1980m Pace M,185490662,Harness,1980,Pace,28204768,3,Mako Jewel,LOSER,61.6,LOSER,,179.66,90,30,80,46.09,353.35,920,19.5,790,154.98,18.4,,,,,,,44,50,1.05,0.98
22/07/2021,3:40:00 PM,3:43:55 PM,Tamworth,NSW,5,185490661,R5 1980m Pace M,185490662,Harness,1980,Pace,24465401,4,Stilton,LOSER,36.12,LOSER,,229.18,95,30,38,39.32,216.89,750,16,750,70.6,24.64,,,,,,,30,46,1.05,0.98
22/07/2021,3:40:00 PM,3:43:55 PM,Tamworth,NSW,5,185490661,R5 1980m Pace M,185490662,Harness,1980,Pace,28596396,5,Magic Shoos,LOSER,7.2,LOSER,,1085.23,8.8,5.1,6.6,6.1,5265.85,700,5,700,7.9,431.22,,2.6,2.12,2.38,2.24,601.82,5.8,6,1.05,0.98
22/07/2021,3:40:00 PM,3:43:55 PM,Tamworth,NSW,5,185490661,R5 1980m Pace M,185490662,Harness,1980,Pace,28178701,6,Sundowner Shannon,LOSER,14.71,LOSER,,458.68,16,8.8,16,12.49,566.14,1000,14.5,480,124.88,71.28,,3.05,3.05,3.05,3.05,6,11.5,13.5,1.05,0.98
22/07/2021,3:40:00 PM,3:43:55 PM,Tamworth,NSW,5,185490661,R5 1980m Pace M,185490662,Harness,1980,Pace,22734049,7,Hasler,LOSER,3.83,WINNER,,1482.36,6,3.1,3.6,3.64,5899.73,110,1.13,110,2.97,1190.85,,2.04,1.47,1.57,1.53,544.11,3.3,3.4,1.05,0.98
22/07/2021,3:40:00 PM,3:43:55 PM,Tamworth,NSW,5,185490661,R5 1980m Pace M,185490662,Harness,1980,Pace,25018208,8,Shanks For Coming,LOSER,3.31,WINNER,,1683.79,4.9,2.32,3.35,3.75,5241.23,1000,2.4,600,7.16,581.63,,1.8,1.29,1.69,1.65,133.75,4.1,4.3,1.05,0.98
22/07/2021,3:40:00 PM,3:43:55 PM,Tamworth,NSW,5,185490661,R5 1980m Pace M,185490662,Harness,1980,Pace,9119450,9,Dark Side,LOSER,123.09,LOSER,,132.84,210,40,210,115.1,63.5,850,46,850,160.96,16.31,,20,20,20,20,2.03,85,110,1.05,0.98
22/07/2021,3:40:00 PM,3:43:55 PM,Tamworth,NSW,5,185490661,R5 1980m Pace M,185490662,Harness,1980,Pace,40256781,10,Bella Bronski,WINNER,11.12,WINNER,,1027.99,17,8.8,10.5,10.44,974.58,36,1.01,1.01,2.11,1401.97,,3.1,2.9,2.9,3.02,19.96,10,10.5,1.05,0.98
23/07/2021,3:45:00 PM,3:45:30 PM,Addington,NZ,1,185526327,R1 1980m Pace M,185526328,Harness,1980,Pace,40271987,1,Nordy Star,LOSER,,LOSER,,,10.5,5,5.1,5.77,327.78,890,3.75,890,4.59,191.97,,,,,,,5,9.4,1.13,0.84
23/07/2021,3:45:00 PM,3:45:30 PM,Addington,NZ,1,185526327,R1 1980m Pace M,185526328,Harness,1980,Pace,40271988,2,Quinto Uno,LOSER,,LOSER,,,220,80,130,112.72,21.73,500,500,500,500,0.21,,,,,,,110,200,1.13,0.84
23/07/2021,3:45:00 PM,3:45:30 PM,Addington,NZ,1,185526327,R1 1980m Pace M,185526328,Harness,1980,Pace,36781885,3,Life Of Art,LOSER,,LOSER,,,20,11,20,13.88,100.48,480,11,480,14.56,35.77,,3.1,3.1,3.1,3.1,10,11.5,20,1.13,0.84
23/07/2021,3:45:00 PM,3:45:30 PM,Addington,NZ,1,185526327,R1 1980m Pace M,185526328,Harness,1980,Pace,40271989,4,Lunar Legend,LOSER,,LOSER,,,330,60,330,108.37,7.32,990,560,990,901.03,0.13,,,,,,,60,330,1.13,0.84
23/07/2021,3:45:00 PM,3:45:30 PM,Addington,NZ,1,185526327,R1 1980m Pace M,185526328,Harness,1980,Pace,40271990,5,Lil Ripper,LOSER,,LOSER,,,29,10.5,27,17.74,30.13,55,2.64,29,12.41,39.43,,,,,,,12.5,30,1.13,0.84
23/07/2021,3:45:00 PM,3:45:30 PM,Addington,NZ,1,185526327,R1 1980m Pace M,185526328,Harness,1980,Pace,10673526,6,Prodigal Son,LOSER,,LOSER,,,29,12.5,23,19.94,65.27,110,26,110,28.13,4.73,,,,,,,14,25,1.13,0.84
23/07/2021,3:45:00 PM,3:45:30 PM,Addington,NZ,1,185526327,R1 1980m Pace M,185526328,Harness,1980,Pace,9088048,7,Sir Monty,LOSER,,WINNER,,,40,36,36,37.96,17.82,220,80,220,100.75,1.52,,,,,,,36,75,1.13,0.84
23/07/2021,3:45:00 PM,3:45:30 PM,Addington,NZ,1,185526327,R1 1980m Pace M,185526328,Harness,1980,Pace,40271991,8,White Star Orlando,LOSER,,LOSER,,,50,25,50,32.56,12.94,750,55,750,85.09,2.27,,,,,,,25,46,1.13,0.84
23/07/2021,3:45:00 PM,3:45:30 PM,Addington,NZ,1,185526327,R1 1980m Pace M,185526328,Harness,1980,Pace,40271992,9,Get Up N Dance,WINNER,,WINNER,,,5.6,3.4,3.45,3.7,486.15,3.7,1.01,1.01,1.7,419.16,,1.71,1.7,1.7,1.71,20.05,4.1,4.5,1.13,0.84
23/07/2021,3:45:00 PM,3:45:30 PM,Addington,NZ,1,185526327,R1 1980m Pace M,185526328,Harness,1980,Pace,40271993,10,Rollyourown,LOSER,,WINNER,,,3.85,2.68,3.05,2.9,400.19,12,2.84,12,3.35,242.65,,1.37,1.36,1.37,1.36,7.24,2.86,2.88,1.13,0.84
23/07/2021,4:14:00 PM,4:24:12 PM,Addington,NZ,2,185526329,R2 2600m Trot S,185526330,Harness,2600,Trot,40271994,1,Repeat Pat,WINNER,,WINNER,,,11,5.2,7.8,7.4,378.06,34,1.62,3.5,5.79,107.67,,2.84,2.12,2.54,2.36,80.51,9.8,11,1.06,0.96
23/07/2021,4:14:00 PM,4:24:12 PM,Addington,NZ,2,185526329,R2 2600m Trot S,185526330,Harness,2600,Trot,27758122,2,Call This Fun,LOSER,,LOSER,,,19.5,9.4,14.5,12.86,175.46,890,21,700,122,11.86,,3.85,3,3.65,3.32,59.79,12,14,1.06,0.96
23/07/2021,4:14:00 PM,4:24:12 PM,Addington,NZ,2,185526329,R2 2600m Trot S,185526330,Harness,2600,Trot,9050225,3,Take After Me,LOSER,,LOSER,,,65,29,38,37.75,41.4,510,28,140,117.33,0.36,,5.8,5,5.8,5.27,15,36,40,1.06,0.96
23/07/2021,4:14:00 PM,4:24:12 PM,Addington,NZ,2,185526329,R2 2600m Trot S,185526330,Harness,2600,Trot,2512871,4,Sods Law,LOSER,,WINNER,,,11.5,5.9,7.4,7.48,484.69,7,1.33,3.05,6.02,119.9,,2.28,2.12,2.12,2.23,59.67,7.8,8.6,1.06,0.96
23/07/2021,4:14:00 PM,4:24:12 PM,Addington,NZ,2,185526329,R2 2600m Trot S,185526330,Harness,2600,Trot,40271995,5,Aldebaran Heather,LOSER,,LOSER,,,36,18,36,23.14,55.4,22,20,20,20.11,17.67,,,,,,,25,30,1.06,0.96
23/07/2021,4:14:00 PM,4:24:12 PM,Addington,NZ,2,185526329,R2 2600m Trot S,185526330,Harness,2600,Trot,38686791,7,Majesticmite,LOSER,,WINNER,,,24,11,18,15.57,137.32,820,9.2,140,11.12,26.77,,3.65,3.5,3.55,3.53,25.09,12.5,13.5,1.06,0.96
23/07/2021,4:14:00 PM,4:24:12 PM,Addington,NZ,2,185526329,R2 2600m Trot S,185526330,Harness,2600,Trot,36781863,8,Zealous Spur,LOSER,,LOSER,,,3.45,2,2.18,2.25,4997.4,140,1.33,140,3.33,300.72,,1.37,1.28,1.28,1.3,143.29,2.18,2.22,1.06,0.96
23/07/2021,4:14:00 PM,4:24:12 PM,Addington,NZ,2,185526329,R2 2600m Trot S,185526330,Harness,2600,Trot,40271996,10,Steel Dust,LOSER,,LOSER,,,38,12,30,20.98,62.63,490,25,490,29.78,11.3,,,,,,,16,20,1.06,0.96
23/07/2021,4:14:00 PM,4:24:12 PM,Addington,NZ,2,185526329,R2 2600m Trot S,185526330,Harness,2600,Trot,40271998,12,One Over All,LOSER,,LOSER,,,17,9,9.2,11.31,319.73,560,25,560,70.06,8.15,,3.15,3.05,3.05,3.12,38.8,12.5,19,1.06,0.96
23/07/2021,4:39:00 PM,4:42:32 PM,Addington,NZ,3,185526331,R3 1980m Pace M,185526332,Harness,1980,Pace,40271999,1,Helen Of Troy,LOSER,,WINNER,,,23,14,22,17.71,47.2,500,3.2,3.2,14.8,10.34,,3.85,3.4,3.45,3.66,20,14,21,1.14,0.88
23/07/2021,4:39:00 PM,4:42:32 PM,Addington,NZ,3,185526331,R3 1980m Pace M,185526332,Harness,1980,Pace,36214920,2,Expressive Love,LOSER,,LOSER,,,34,16,23,21.26,22.01,840,28,140,60.09,0.89,,,,,,,19,34,1.14,0.88
23/07/2021,4:39:00 PM,4:42:32 PM,Addington,NZ,3,185526331,R3 1980m Pace M,185526332,Harness,1980,Pace,40272000,3,Bondi Lustre,LOSER,,LOSER,,,210,46,65,60.29,7.45,140,140,140,140,0.12,,,,,,,65,210,1.14,0.88
23/07/2021,4:39:00 PM,4:42:32 PM,Addington,NZ,3,185526331,R3 1980m Pace M,185526332,Harness,1980,Pace,39978515,4,Miss Fiona,LOSER,,LOSER,,,4.9,3.45,3.65,3.72,890.31,620,3.15,620,3.73,166.21,,1.63,1.31,1.63,1.51,19.41,3.8,4.4,1.14,0.88
23/07/2021,4:39:00 PM,4:42:32 PM,Addington,NZ,3,185526331,R3 1980m Pace M,185526332,Harness,1980,Pace,40272001,5,Fasika,WINNER,,WINNER,,,7,4.2,4.9,4.78,374.4,3.65,1.01,1.01,1.51,171.18,,,,,,,4.5,6.8,1.14,0.88
23/07/2021,4:39:00 PM,4:42:32 PM,Addington,NZ,3,185526331,R3 1980m Pace M,185526332,Harness,1980,Pace,40272002,6,Floras Diamond Deal,LOSER,,LOSER,,,7,5.9,5.9,6.45,183.88,480,4.5,480,17.87,4.53,,,,,,,6.4,6.8,1.14,0.88
23/07/2021,4:39:00 PM,4:42:32 PM,Addington,NZ,3,185526331,R3 1980m Pace M,185526332,Harness,1980,Pace,40272003,7,Rita Bonita,LOSER,,LOSER,,,25,14,24,18.63,72.82,850,11,140,13.19,21.18,,,,,,,15,24,1.14,0.88
23/07/2021,4:39:00 PM,4:42:32 PM,Addington,NZ,3,185526331,R3 1980m Pace M,185526332,Harness,1980,Pace,10467310,8,Total Eclipse,LOSER,,LOSER,,,30,21,21,21.47,15.64,140,28,140,42.16,0.87,,,,,,,21,40,1.14,0.88
23/07/2021,4:39:00 PM,4:42:32 PM,Addington,NZ,3,185526331,R3 1980m Pace M,185526332,Harness,1980,Pace,36590689,9,Crystal Daytom,LOSER,,LOSER,,,110,48,48,51.07,15.05,350,46,140,100.48,0.31,,,,,,,65,110,1.14,0.88
23/07/2021,4:39:00 PM,4:42:32 PM,Addington,NZ,3,185526331,R3 1980m Pace M,185526332,Harness,1980,Pace,40272004,10,Daisy Duke,LOSER,,WINNER,,,8.8,5.2,6.4,6.14,160.19,810,4.1,810,6.66,24.05,,2.36,2.24,2.36,2.33,23.87,5.8,6,1.14,0.88
23/07/2021,4:39:00 PM,4:42:32 PM,Addington,NZ,3,185526331,R3 1980m Pace M,185526332,Harness,1980,Pace,40272005,11,U R The One,LOSER,,LOSER,,,44,29,44,37.86,0.09,210,100,210,175.85,0.33,,,,,,,28,48,1.14,0.88
23/07/2021,4:39:00 PM,4:42:32 PM,Addington,NZ,3,185526331,R3 1980m Pace M,185526332,Harness,1980,Pace,6512540,12,The Matriarch,LOSER,,LOSER,,,90,46,65,59.44,7.61,390,38,390,175.65,0.42,,,,,,,50,90,1.14,0.88
23/07/2021,5:04:00 PM,5:05:04 PM,Addington,NZ,4,185526333,R4 2000m Pace S,185526334,Harness,2000,Pace,16920609,1,Dreaminsover,LOSER,,LOSER,,,85,23,85,49.43,25.93,180,180,180,180,0.08,,,,,,,32,46,1.17,0.97
23/07/2021,5:04:00 PM,5:05:04 PM,Addington,NZ,4,185526333,R4 2000m Pace S,185526334,Harness,2000,Pace,35710053,2,American Sniper,LOSER,,WINNER,,,12,5.2,5.4,6.26,312.55,36,6,36,10.38,36.24,,2.04,1.93,2.04,1.96,27.48,5.3,5.7,1.17,0.97
23/07/2021,5:04:00 PM,5:05:04 PM,Addington,NZ,4,185526333,R4 2000m Pace S,185526334,Harness,2000,Pace,5099999,3,Mucho Macho Man,LOSER,,WINNER,,,48,17,17,30.7,8.09,180,7.8,180,12.54,12.07,,,,,,,17,40,1.17,0.97
23/07/2021,5:04:00 PM,5:05:04 PM,Addington,NZ,4,185526333,R4 2000m Pace S,185526334,Harness,2000,Pace,11978958,4,Rake,LOSER,,LOSER,,,20,8.4,8.6,16.02,15.31,490,48,490,269,0.64,,,,,,,8.4,16.5,1.17,0.97
23/07/2021,5:04:00 PM,5:05:04 PM,Addington,NZ,4,185526333,R4 2000m Pace S,185526334,Harness,2000,Pace,3232807,5,Spot On,LOSER,,LOSER,,,12,5.6,6.2,7.49,296.09,130,4.8,130,10.38,25.46,,2.24,2.24,2.24,2.24,5,5.8,6.6,1.17,0.97
23/07/2021,5:04:00 PM,5:05:04 PM,Addington,NZ,4,185526333,R4 2000m Pace S,185526334,Harness,2000,Pace,3840127,6,All By Myself,LOSER,,LOSER,,,11.5,8,9,8.95,336.05,200,5.6,55,7.76,8.07,,2.7,2.62,2.7,2.66,30.28,9.4,11.5,1.17,0.97
23/07/2021,5:04:00 PM,5:05:04 PM,Addington,NZ,4,185526333,R4 2000m Pace S,185526334,Harness,2000,Pace,606097,7,American Outlaw,WINNER,,WINNER,,,4.7,3.5,4.1,4.03,830.62,4.1,1.01,1.01,2.23,413.01,,1.92,1.86,1.86,1.9,44.52,4.4,4.7,1.17,0.97
23/07/2021,5:04:00 PM,5:05:04 PM,Addington,NZ,4,185526333,R4 2000m Pace S,185526334,Harness,2000,Pace,12536257,8,Terrier,LOSER,,LOSER,,,50,18,30,30.08,26.63,260,75,260,85.1,4.58,,,,,,,32,42,1.17,0.97
23/07/2021,5:04:00 PM,5:05:04 PM,Addington,NZ,4,185526333,R4 2000m Pace S,185526334,Harness,2000,Pace,35441786,9,Eastwood Isabella,LOSER,,LOSER,,,9.4,5,5.7,5.88,530.56,38,3.85,38,6.55,48.46,,2.36,2.1,2.36,2.23,70.87,5.6,5.7,1.17,0.97
23/07/2021,5:04:00 PM,5:05:04 PM,Addington,NZ,4,185526333,R4 2000m Pace S,185526334,Harness,2000,Pace,16235180,10,Magical Matty,LOSER,,LOSER,,,34,16.5,32,22.35,16.8,130,12.5,130,38.03,6.19,,,,,,,19,27,1.17,0.97
23/07/2021,5:30:00 PM,5:31:21 PM,Addington,NZ,5,185526335,R5 1980m Pace M,185526336,Harness,1980,Pace,40272006,1,Melodys Mischief,LOSER,,LOSER,,,26,9,21,14.98,77.32,200,28,200,132.44,0.49,,3.4,2.02,3.35,3.26,47.33,13.5,27,1.16,0.95
23/07/2021,5:30:00 PM,5:31:21 PM,Addington,NZ,5,185526335,R5 1980m Pace M,185526336,Harness,1980,Pace,23294492,2,Smooth Debate,LOSER,,LOSER,,,100,28,36,30.81,18.43,140,4.1,120,14.42,10.2,,,,,,,27,38,1.16,0.95
23/07/2021,5:30:00 PM,5:31:21 PM,Addington,NZ,5,185526335,R5 1980m Pace M,185526336,Harness,1980,Pace,39657636,3,Conquer Me,LOSER,,WINNER,,,36,17,34,22.67,50.34,140,4,4,10.45,22.2,,5.3,4.1,5.3,4.23,31.67,23,42,1.16,0.95
23/07/2021,5:30:00 PM,5:31:21 PM,Addington,NZ,5,185526335,R5 1980m Pace M,185526336,Harness,1980,Pace,5264370,4,Saginaw,LOSER,,WINNER,,,15.5,8.2,8.6,9.71,495.5,200,6.2,200,12.72,15.05,,2.72,2.68,2.68,2.72,20,8.8,10.5,1.16,0.95
23/07/2021,5:30:00 PM,5:31:21 PM,Addington,NZ,5,185526335,R5 1980m Pace M,185526336,Harness,1980,Pace,40272007,5,Big Mama Morris,LOSER,,LOSER,,,42,17,19.5,26.46,53.41,580,50,580,214.33,0.32,,4.1,4.1,4.1,4.1,0.17,21,40,1.16,0.95
23/07/2021,5:30:00 PM,5:31:21 PM,Addington,NZ,5,185526335,R5 1980m Pace M,185526336,Harness,1980,Pace,40272008,6,Simply Delicious,LOSER,,LOSER,,,60,26,40,29.35,50.62,220,48,220,81.81,3.77,,,,,,,28,40,1.16,0.95
23/07/2021,5:30:00 PM,5:31:21 PM,Addington,NZ,5,185526335,R5 1980m Pace M,185526336,Harness,1980,Pace,39867312,7,Smiffys Terror,LOSER,,LOSER,,,2.46,1.9,1.98,2.05,3546.59,2.48,1.62,2.4,2.18,368.15,,1.31,1.29,1.29,1.3,58.35,2,2.08,1.16,0.95
23/07/2021,5:30:00 PM,5:31:21 PM,Addington,NZ,5,185526335,R5 1980m Pace M,185526336,Harness,1980,Pace,27605513,8,Olive Cook,LOSER,,LOSER,,,30,16,29,20.78,48.26,210,46,210,164.59,0.38,,,,,,,18,30,1.16,0.95
23/07/2021,5:30:00 PM,5:31:21 PM,Addington,NZ,5,185526335,R5 1980m Pace M,185526336,Harness,1980,Pace,40272009,9,Midfrew Luisianabeau,LOSER,,LOSER,,,7.2,5.1,7.2,5.77,215.96,880,3.8,880,85.99,7.46,,2.46,2,2.46,2.23,23.61,5.4,6,1.16,0.95
23/07/2021,5:30:00 PM,5:31:21 PM,Addington,NZ,5,185526335,R5 1980m Pace M,185526336,Harness,1980,Pace,40272010,10,The Terrorfier,LOSER,,LOSER,,,100,27,70,38.34,33.94,340,70,340,233.92,0.24,,,,,,,36,70,1.16,0.95
23/07/2021,5:30:00 PM,5:31:21 PM,Addington,NZ,5,185526335,R5 1980m Pace M,185526336,Harness,1980,Pace,17020817,11,Givemewhatineed,WINNER,,WINNER,,,65,22,60,28.66,21.35,75,1.3,1.3,5.12,65.44,,,,,,,38,60,1.16,0.95
23/07/2021,5:30:00 PM,5:31:21 PM,Addington,NZ,5,185526335,R5 1980m Pace M,185526336,Harness,1980,Pace,37048712,12,Mark Oronga,LOSER,,LOSER,,,300,46,100,61.14,15.68,120,120,120,120,0.53,,,,,,,70,140,1.16,0.95
23/07/2021,5:55:00 PM,5:55:44 PM,Addington,NZ,6,185526337,R6 1980m Trot M,185526338,Harness,1980,Trot,554242,1,Rachmaninov,LOSER,,LOSER,,,48,46,48,46.01,5.02,930,36,930,96.55,0.7,,,,,,,48,75,1.14,0.68
23/07/2021,5:55:00 PM,5:55:44 PM,Addington,NZ,6,185526337,R6 1980m Trot M,185526338,Harness,1980,Trot,13223685,2,King Cassidy,LOSER,,WINNER,,,290,12.5,290,67.97,72.09,840,20,840,32.06,1.36,,9,6.4,6.4,8.4,16.21,12.5,23,1.14,0.68
23/07/2021,5:55:00 PM,5:55:44 PM,Addington,NZ,6,185526337,R6 1980m Trot M,185526338,Harness,1980,Trot,8687835,3,Hurricane Hill,LOSER,,LOSER,,,4,2.56,2.88,2.91,458.15,190,5,130,21.09,118.12,,,,,,,2.7,4.4,1.14,0.68
23/07/2021,5:55:00 PM,5:55:44 PM,Addington,NZ,6,185526337,R6 1980m Trot M,185526338,Harness,1980,Trot,23582195,4,Winning Bones,LOSER,,LOSER,,,130,42,42,74.76,0.23,50,1.9,1.9,5.34,61.84,,,,,,,42,110,1.14,0.68
23/07/2021,5:55:00 PM,5:55:44 PM,Addington,NZ,6,185526337,R6 1980m Trot M,185526338,Harness,1980,Trot,25264944,5,Spy Da Moment,WINNER,,WINNER,,,30,12.5,22,16.01,43.16,34,1.3,1.5,3.12,56.98,,,,,,,15,22,1.14,0.68
23/07/2021,5:55:00 PM,5:55:44 PM,Addington,NZ,6,185526337,R6 1980m Trot M,185526338,Harness,1980,Trot,27541609,6,Kahress,LOSER,,LOSER,,,29,13.5,14.5,14.47,12.59,190,6.8,190,9.16,29.17,,2.9,2.9,2.9,2.9,0.17,11.5,24,1.14,0.68
23/07/2021,5:55:00 PM,5:55:44 PM,Addington,NZ,6,185526337,R6 1980m Trot M,185526338,Harness,1980,Trot,22119967,7,Rogie Falls,LOSER,,LOSER,,,26,10,10,11.3,14.73,29,3.9,29,6.04,55.96,,,,,,,13.5,27,1.14,0.68
23/07/2021,5:55:00 PM,5:55:44 PM,Addington,NZ,6,185526337,R6 1980m Trot M,185526338,Harness,1980,Trot,17668211,8,Crusher Collins,LOSER,,LOSER,,,42,13,21,14.06,15.33,850,2.12,830,9.42,46.73,,,,,,,21,42,1.14,0.68
23/07/2021,5:55:00 PM,5:55:44 PM,Addington,NZ,6,185526337,R6 1980m Trot M,185526338,Harness,1980,Trot,31571058,9,Kowhai Sundown,LOSER,,WINNER,,,10,5.4,5.5,5.71,23.57,29,1.3,29,2.67,81.34,,,,,,,5.4,10,1.14,0.68
23/07/2021,5:55:00 PM,5:55:44 PM,Addington,NZ,6,185526337,R6 1980m Trot M,185526338,Harness,1980,Trot,6442913,10,Yuri,LOSER,,LOSER,,,7.2,5.3,5.4,5.53,47.76,880,2.1,880,25.45,143.42,,,,,,,5.4,7,1.14,0.68
23/07/2021,6:24:00 PM,6:24:40 PM,Addington,NZ,7,185526339,R7 2600m Pace S,185526340,Harness,2600,Pace,6889925,1,Bettor Believe It,LOSER,,WINNER,,,7.6,5,5.7,5.77,130.16,140,3.9,120,8.85,9.13,,1.96,1.96,1.96,1.96,2.91,6.2,7.4,1.14,0.93
23/07/2021,6:24:00 PM,6:24:40 PM,Addington,NZ,7,185526339,R7 2600m Pace S,185526340,Harness,2600,Pace,12153289,2,Copperhead Rose,WINNER,,WINNER,,,5.2,3.3,3.4,3.79,460.41,3.4,1.1,1.13,2.42,944.4,,,,,,,3.5,3.65,1.14,0.93
23/07/2021,6:24:00 PM,6:24:40 PM,Addington,NZ,7,185526339,R7 2600m Pace S,185526340,Harness,2600,Pace,544416,3,Mogul,LOSER,,LOSER,,,23,12.5,20,15.61,48.87,22,9.2,20,10.57,23.94,,2.86,2.86,2.86,2.86,8,14.5,21,1.14,0.93
23/07/2021,6:24:00 PM,6:24:40 PM,Addington,NZ,7,185526339,R7 2600m Pace S,185526340,Harness,2600,Pace,22227381,4,Rockntommy Rulz,LOSER,,WINNER,,,19.5,10.5,19,14.52,150.76,480,21,140,29.77,3.53,,,,,,,11.5,15,1.14,0.93
23/07/2021,6:24:00 PM,6:24:40 PM,Addington,NZ,7,185526339,R7 2600m Pace S,185526340,Harness,2600,Pace,1038119,5,Quarterback,LOSER,,LOSER,,,29,18,25,19.16,22.2,500,32,140,77.55,0.67,,,,,,,19,20,1.14,0.93
23/07/2021,6:24:00 PM,6:24:40 PM,Addington,NZ,7,185526339,R7 2600m Pace S,185526340,Harness,2600,Pace,9443281,6,Black Ops,LOSER,,LOSER,,,28,20,27,23.08,10.29,140,36,100,40.9,5.61,,6.4,6.4,6.4,6.4,15.03,19.5,26,1.14,0.93
23/07/2021,6:24:00 PM,6:24:40 PM,Addington,NZ,7,185526339,R7 2600m Pace S,185526340,Harness,2600,Pace,16904952,7,Santanna Mach,LOSER,,LOSER,,,9.8,5,8.4,5.63,367.64,27,2.1,27,6.12,9.64,,2,2,2,2,5,5.7,9.2,1.14,0.93
23/07/2021,6:24:00 PM,6:24:40 PM,Addington,NZ,7,185526339,R7 2600m Pace S,185526340,Harness,2600,Pace,25065786,8,Kruizr,LOSER,,LOSER,,,5.6,3.25,4.4,4.1,1059.89,620,2.8,140,4.77,26.48,,1.66,1.54,1.66,1.56,26.5,3.95,4.7,1.14,0.93
23/07/2021,6:51:00 PM,6:51:30 PM,Addington,NZ,8,185526341,R8 2600m Trot S,185526342,Harness,2600,Trot,28024133,1,My Moments Now,LOSER,,LOSER,,,21,11.5,14.5,13.13,49.4,890,12,550,51.8,27.66,,5,4.9,5,4.99,26.25,14.5,21,1.15,0.79
23/07/2021,6:51:00 PM,6:51:30 PM,Addington,NZ,8,185526341,R8 2600m Trot S,185526342,Harness,2600,Trot,13035380,2,The Bloss,LOSER,,LOSER,,,18,12.5,13,14.97,14.74,920,6.6,920,24.52,23.52,,,,,,,14,18,1.15,0.79
23/07/2021,6:51:00 PM,6:51:30 PM,Addington,NZ,8,185526341,R8 2600m Trot S,185526342,Harness,2600,Trot,19655102,3,Madeleine Stowe,LOSER,,WINNER,,,25,15.5,16,19.82,94.72,910,34,910,94.74,4.19,,4.7,4.7,4.7,4.7,27.91,17,19.5,1.15,0.79
23/07/2021,6:51:00 PM,6:51:30 PM,Addington,NZ,8,185526341,R8 2600m Trot S,185526342,Harness,2600,Trot,26812185,4,Girls Let Loose,LOSER,,LOSER,,,20,8.6,8.8,9.29,719.91,700,20,700,55.7,8.17,,,,,,,11,21,1.15,0.79
23/07/2021,6:51:00 PM,6:51:30 PM,Addington,NZ,8,185526341,R8 2600m Trot S,185526342,Harness,2600,Trot,20962651,5,Red Harbour,LOSER,,LOSER,,,150,42,48,60.96,29.49,930,25,930,51.15,11.97,,,,,,,55,100,1.15,0.79
23/07/2021,6:51:00 PM,6:51:30 PM,Addington,NZ,8,185526341,R8 2600m Trot S,185526342,Harness,2600,Trot,12741040,6,Zsa Zoe,LOSER,,LOSER,,,28,13,13,15.32,48,920,36,920,100.42,4.08,,,,,,,14.5,28,1.15,0.79
23/07/2021,6:51:00 PM,6:51:30 PM,Addington,NZ,8,185526341,R8 2600m Trot S,185526342,Harness,2600,Trot,24608935,7,Boyz Invasion,LOSER,,LOSER,,,95,27,46,36.86,13.33,950,55,950,232.98,3.16,,,,,,,30,46,1.15,0.79
23/07/2021,6:51:00 PM,6:51:30 PM,Addington,NZ,8,185526341,R8 2600m Trot S,185526342,Harness,2600,Trot,2956914,8,With Ice,LOSER,,LOSER,,,7,4.6,5.9,5.82,228.24,690,1.78,690,12.03,322.1,,2.1,2.1,2.1,2.1,0.17,6,6.8,1.15,0.79
23/07/2021,6:51:00 PM,6:51:30 PM,Addington,NZ,8,185526341,R8 2600m Trot S,185526342,Harness,2600,Trot,40272011,9,Cochy Malc,LOSER,,LOSER,,,13,8.4,11.5,9.14,105.23,700,5.8,630,27.19,8.97,,,,,,,8.8,12.5,1.15,0.79
23/07/2021,6:51:00 PM,6:51:30 PM,Addington,NZ,8,185526341,R8 2600m Trot S,185526342,Harness,2600,Trot,7051466,10,Puzzled,LOSER,,WINNER,,,14,11,12.5,11.95,23.74,910,7.2,910,28.96,11.39,,,,,,,12,28,1.15,0.79
23/07/2021,6:51:00 PM,6:51:30 PM,Addington,NZ,8,185526341,R8 2600m Trot S,185526342,Harness,2600,Trot,22650411,11,Chief Of Staff,WINNER,,WINNER,,,6.8,4,4,4.56,1167.36,6,1.01,1.02,2.44,448.45,,,,,,,4.6,6.8,1.15,0.79
23/07/2021,6:51:00 PM,6:51:30 PM,Addington,NZ,8,185526341,R8 2600m Trot S,185526342,Harness,2600,Trot,4759070,12,Time In A Bottle,LOSER,,LOSER,,,10,7.2,10,7.76,42.77,700,5,700,14.39,27.55,,,,,,,7.8,10,1.15,0.79
23/07/2021,6:51:00 PM,6:51:30 PM,Addington,NZ,8,185526341,R8 2600m Trot S,185526342,Harness,2600,Trot,17202295,13,Monkeys Way,LOSER,,LOSER,,,65,26,65,30.65,27.87,950,75,950,801.38,0.22,,,,,,,32,65,1.15,0.79
23/07/2021,7:21:00 PM,7:21:40 PM,Addington,NZ,9,185526343,R9 1980m Pace M,185526344,Harness,1980,Pace,6512774,1,Takemybreathaway,LOSER,,LOSER,,,34,16,16,17.25,10.91,510,40,510,146.29,1.24,,,,,,,16,32,1.07,0.85
23/07/2021,7:21:00 PM,7:21:40 PM,Addington,NZ,9,185526343,R9 1980m Pace M,185526344,Harness,1980,Pace,38619018,2,Jonique,LOSER,,LOSER,,,19,11,19,11.2,48.58,500,29,500,79.78,1.44,,,,,,,13,19,1.07,0.85
23/07/2021,7:21:00 PM,7:21:40 PM,Addington,NZ,9,185526343,R9 1980m Pace M,185526344,Harness,1980,Pace,40272012,3,Alene,LOSER,,LOSER,,,130,29,32,32.67,12.03,320,60,320,102.89,1.29,,4.9,4.9,4.9,4.9,10,32,60,1.07,0.85
23/07/2021,7:21:00 PM,7:21:40 PM,Addington,NZ,9,185526343,R9 1980m Pace M,185526344,Harness,1980,Pace,40272013,4,Ardens Delight,LOSER,,WINNER,,,8.8,6.2,8,6.73,44.66,190,27,190,58.89,1.35,,,,,,,6.8,8.8,1.07,0.85
23/07/2021,7:21:00 PM,7:21:40 PM,Addington,NZ,9,185526343,R9 1980m Pace M,185526344,Harness,1980,Pace,35909459,5,Shards In Manhattan,LOSER,,WINNER,,,29,13,13.5,15.08,75.18,490,1.68,490,4.19,522.18,,,,,,,14,17.5,1.07,0.85
23/07/2021,7:21:00 PM,7:21:40 PM,Addington,NZ,9,185526343,R9 1980m Pace M,185526344,Harness,1980,Pace,40272014,6,Sophia Bromac,LOSER,,LOSER,,,12.5,8.4,8.6,8.82,106.58,830,9.6,120,13.09,14.19,,2.74,2.72,2.72,2.72,25,9.6,12.5,1.07,0.85
23/07/2021,7:21:00 PM,7:21:40 PM,Addington,NZ,9,185526343,R9 1980m Pace M,185526344,Harness,1980,Pace,39218530,7,Town Echo,WINNER,,WINNER,,,2.72,2.26,2.66,2.59,965.04,3.05,1.02,1.03,2.09,319.44,,,,,,,2.68,3,1.07,0.85
23/07/2021,7:21:00 PM,7:21:40 PM,Addington,NZ,9,185526343,R9 1980m Pace M,185526344,Harness,1980,Pace,18984358,8,Especial,LOSER,,LOSER,,,32,14,32,25.08,18.95,50,48,50,49.11,3.31,,,,,,,30,44,1.07,0.85
23/07/2021,7:21:00 PM,7:21:40 PM,Addington,NZ,9,185526343,R9 1980m Pace M,185526344,Harness,1980,Pace,38869232,9,Smokin Annie,LOSER,,LOSER,,,27,12,27,13.75,5.68,660,44,660,139.49,1.21,,,,,,,17,26,1.07,0.85
23/07/2021,7:21:00 PM,7:21:40 PM,Addington,NZ,9,185526343,R9 1980m Pace M,185526344,Harness,1980,Pace,36682439,10,A Guinness Dance,LOSER,,LOSER,,,18.5,8.4,11.5,11.21,147.57,560,34,560,101.06,2.06,,3.05,2.44,2.44,2.98,29.01,9,9.8,1.07,0.85
23/07/2021,7:46:00 PM,7:47:05 PM,Addington,NZ,10,185526345,R10 1980m Pace M,185526346,Harness,1980,Pace,19352554,1,Scelta Uno,LOSER,,LOSER,,,90,29,30,39.69,52.32,250,90,250,122.84,0.89,,7.2,6.4,7.2,6.88,19.99,38,65,1.21,0.98
23/07/2021,7:46:00 PM,7:47:05 PM,Addington,NZ,10,185526345,R10 1980m Pace M,185526346,Harness,1980,Pace,40176137,2,Serious Moonlite,LOSER,,LOSER,,,17,8.4,9.2,11.64,118.62,490,6.6,9,8.01,47.06,,,,,,,11,16,1.21,0.98
23/07/2021,7:46:00 PM,7:47:05 PM,Addington,NZ,10,185526345,R10 1980m Pace M,185526346,Harness,1980,Pace,35523909,3,Stephs Boy,LOSER,,LOSER,,,11.5,6.4,9,7.87,153.72,480,6.2,460,13.36,10.77,,2.52,2.5,2.5,2.5,82,7,10.5,1.21,0.98
23/07/2021,7:46:00 PM,7:47:05 PM,Addington,NZ,10,185526345,R10 1980m Pace M,185526346,Harness,1980,Pace,40272015,4,Daggy Lamb,LOSER,,LOSER,,,60,23,55,31.84,56.7,85,18,85,33,6.53,,,,,,,30,50,1.21,0.98
23/07/2021,7:46:00 PM,7:47:05 PM,Addington,NZ,10,185526345,R10 1980m Pace M,185526346,Harness,1980,Pace,40272016,5,Journo,LOSER,,LOSER,,,80,21,23,28.62,102.74,100,80,100,83.67,0.82,,,,,,,34,60,1.21,0.98
23/07/2021,7:46:00 PM,7:47:05 PM,Addington,NZ,10,185526345,R10 1980m Pace M,185526346,Harness,1980,Pace,9168468,6,Glenthorne,WINNER,,WINNER,,,5.9,3.05,4,3.54,5138.22,4.6,1.01,1.22,2.09,473.83,,2.34,2.34,2.34,2.34,0.16,3.4,3.5,1.21,0.98
23/07/2021,7:46:00 PM,7:47:05 PM,Addington,NZ,10,185526345,R10 1980m Pace M,185526346,Harness,1980,Pace,37799386,7,Songbird,LOSER,,LOSER,,,65,28,38,33.74,52,540,30,540,54.54,4.73,,,,,,,29,50,1.21,0.98
23/07/2021,7:46:00 PM,7:47:05 PM,Addington,NZ,10,185526345,R10 1980m Pace M,185526346,Harness,1980,Pace,40272017,8,Bettor Beontoit,LOSER,,LOSER,,,85,36,75,41.2,52.64,100,75,100,88.8,0.74,,,,,,,40,65,1.21,0.98
23/07/2021,7:46:00 PM,7:47:05 PM,Addington,NZ,10,185526345,R10 1980m Pace M,185526346,Harness,1980,Pace,36841207,9,El Dorado,LOSER,,LOSER,,,170,32,100,39.1,50.56,950,330,950,662.26,0.13,,7,7,7,7,5,34,60,1.21,0.98
23/07/2021,7:46:00 PM,7:47:05 PM,Addington,NZ,10,185526345,R10 1980m Pace M,185526346,Harness,1980,Pace,40272018,10,Uncle Chan,LOSER,,LOSER,,,110,32,100,41.78,75.25,870,40,870,66.3,4.24,,,,,,,42,100,1.21,0.98
23/07/2021,7:46:00 PM,7:47:05 PM,Addington,NZ,10,185526345,R10 1980m Pace M,185526346,Harness,1980,Pace,38218088,11,Artatac,LOSER,,WINNER,,,13,6.6,8.6,8.23,136.35,480,5,480,7.18,47.98,,,,,,,7.2,10.5,1.21,0.98
23/07/2021,7:46:00 PM,7:47:05 PM,Addington,NZ,10,185526345,R10 1980m Pace M,185526346,Harness,1980,Pace,4807660,12,Five Star General,LOSER,,WINNER,,,3.95,2.94,3.35,3.19,905.47,4,2.38,3.95,2.81,174.75,,1.53,1.5,1.53,1.5,26.76,2.94,3.1,1.21,0.98
23/07/2021,5:07:00 PM,5:07:48 PM,Albion Park,QLD,1,185518492,R1 1660m Pace M,185518493,Harness,1660,Pace,25064679,1,Vouchers,LOSER,3.08,LOSER,1.68,2155.17,4,2.62,3.2,3.32,9096.81,1000,1.9,1000,5.28,2820.34,861.48,1.73,1.6,1.62,1.65,220.27,3.7,3.9,1.04,0.97
23/07/2021,5:07:00 PM,5:07:48 PM,Albion Park,QLD,1,185518492,R1 1660m Pace M,185518493,Harness,1660,Pace,28252189,2,Soho Tsunami,LOSER,25.05,LOSER,6.45,383.88,40,18.5,30,26.77,104.92,910,14,300,26.76,122.91,215.21,5.3,4.3,5.3,4.63,22.48,23,25,1.04,0.97
23/07/2021,5:07:00 PM,5:07:48 PM,Albion Park,QLD,1,185518492,R1 1660m Pace M,185518493,Harness,1660,Pace,25018201,3,Explicit Castle,LOSER,16.58,LOSER,4.5,354.19,17,8.6,16,12.99,425,780,3.4,600,27.09,217.12,267.94,3.2,3.1,3.1,3.15,18.5,12,13,1.04,0.97
23/07/2021,5:07:00 PM,5:07:48 PM,Albion Park,QLD,1,185518492,R1 1660m Pace M,185518493,Harness,1660,Pace,36526820,4,It Aint The Money,LOSER,3.86,LOSER,1.96,1530.93,6,3.75,3.95,4.14,4270.9,560,3.85,560,11.48,545.13,873.76,2.46,1.71,2.1,2.23,24.29,4,4.3,1.04,0.97
23/07/2021,5:07:00 PM,5:07:48 PM,Albion Park,QLD,1,185518492,R1 1660m Pace M,185518493,Harness,1660,Pace,28499135,5,Keayang Kreuzer,LOSER,6.63,LOSER,2.2,1217.42,8.2,4.9,6.6,6.28,1754.82,580,3.5,550,6.58,1185.6,557.37,2.56,1.98,1.98,2.02,60.76,5.6,5.9,1.04,0.97
23/07/2021,5:07:00 PM,5:07:48 PM,Albion Park,QLD,1,185518492,R1 1660m Pace M,185518493,Harness,1660,Pace,12955164,6,The Announcer,WINNER,25,WINNER,5.8,215.08,34,19.5,27,21.9,385.9,48,1.01,1.01,1.38,6697.54,107.71,4.5,4.2,4.2,4.29,270.72,21,22,1.04,0.97
23/07/2021,5:07:00 PM,5:07:48 PM,Albion Park,QLD,1,185518492,R1 1660m Pace M,185518493,Harness,1660,Pace,2839017,7,Handsome Hero,LOSER,30.82,WINNER,7.74,189.83,42,21,34,32.62,389.35,1000,5,790,165.64,14.99,204.66,7.6,5.6,5.6,7.06,56.06,29,32,1.04,0.97
23/07/2021,5:07:00 PM,5:07:48 PM,Albion Park,QLD,1,185518492,R1 1660m Pace M,185518493,Harness,1660,Pace,11480212,8,At West Point,LOSER,56.99,LOSER,7.54,151.67,100,38,65,50.92,173.12,840,6.8,840,27.27,185.95,112.74,12,7.6,7.6,7.97,16.36,40,50,1.04,0.97
23/07/2021,5:07:00 PM,5:07:48 PM,Albion Park,QLD,1,185518492,R1 1660m Pace M,185518493,Harness,1660,Pace,28237910,9,Street Appeal,LOSER,12.4,LOSER,3.2,603.2,18,11,13,13.51,3728.66,1000,12,1000,17.44,200.69,323.29,3.8,3.2,3.2,3.45,277.89,14.5,15.5,1.04,0.97
23/07/2021,5:07:00 PM,5:07:48 PM,Albion Park,QLD,1,185518492,R1 1660m Pace M,185518493,Harness,1660,Pace,15708517,10,Franco Hampton,LOSER,23.74,WINNER,6.6,230.36,42,22,25,27.07,328.35,510,3.45,4.3,20.51,65.79,238.94,5.9,5.7,5.8,5.8,12.5,26,29,1.04,0.97
23/07/2021,5:38:00 PM,5:39:04 PM,Albion Park,QLD,2,185518494,R2 2138m Pace M,185518495,Harness,2138,Pace,28081706,1,Vienna Boy,LOSER,7.75,LOSER,4.6,716.89,9,4.2,8.2,7.26,1260.31,770,3.5,560,7.56,643.81,373.15,5.4,2.1,5.4,2.28,486.18,6.8,7.4,1.05,0.97
23/07/2021,5:38:00 PM,5:39:04 PM,Albion Park,QLD,2,185518494,R2 2138m Pace M,185518495,Harness,2138,Pace,949888,2,Notorious,LOSER,12.5,LOSER,5.25,542.53,34,11.5,12.5,16.26,587.54,560,4.4,560,11.97,345.45,108.84,5.3,4.5,4.5,4.63,74.08,20,30,1.05,0.97
23/07/2021,5:38:00 PM,5:39:04 PM,Albion Park,QLD,2,185518494,R2 2138m Pace M,185518495,Harness,2138,Pace,5666007,4,Slingshot,WINNER,24,WINNER,5.65,209.31,38,19.5,26,24.26,305.9,27,1.01,1.02,1.9,4510.52,249.52,,,,,,25,27,1.05,0.97
23/07/2021,5:38:00 PM,5:39:04 PM,Albion Park,QLD,2,185518494,R2 2138m Pace M,185518495,Harness,2138,Pace,23390472,5,Mistery Road,LOSER,7.13,WINNER,7.02,452.24,7.4,4.2,6.8,6.09,1402.4,600,2.22,600,7.8,844.95,167.04,1.88,1.88,1.88,1.88,12.5,4.9,5.2,1.05,0.97
23/07/2021,5:38:00 PM,5:39:04 PM,Albion Park,QLD,2,185518494,R2 2138m Pace M,185518495,Harness,2138,Pace,25328508,6,Chasing The Wind,LOSER,4.13,LOSER,1.68,1319.04,9.8,3.5,3.95,3.99,4250.52,560,3.7,560,6.88,796.98,1396.66,1.82,1.67,1.7,1.73,338.58,3.95,4,1.05,0.97
23/07/2021,5:38:00 PM,5:39:04 PM,Albion Park,QLD,2,185518494,R2 2138m Pace M,185518495,Harness,2138,Pace,16891156,7,Majordoit,LOSER,6.24,WINNER,1.98,739.24,6.2,5.3,5.8,5.63,1471.31,560,5.6,560,16.96,150.36,1302.65,2.38,1.84,2.2,2.08,217.73,5.4,5.8,1.05,0.97
23/07/2021,5:38:00 PM,5:39:04 PM,Albion Park,QLD,2,185518494,R2 2138m Pace M,185518495,Harness,2138,Pace,12617365,8,Bella Ball Terror,LOSER,25,LOSER,7.15,290.7,50,17,19.5,25.24,427.2,300,12,290,25.13,100.89,168.89,9.6,3.85,3.9,5.65,397.52,36,42,1.05,0.97
23/07/2021,5:38:00 PM,5:39:04 PM,Albion Park,QLD,2,185518494,R2 2138m Pace M,185518495,Harness,2138,Pace,23243930,9,Katamach,LOSER,8.92,LOSER,2.73,725.8,12,7.8,9,9.75,1032.36,560,4.9,560,19.59,142.11,275.49,2.74,2.72,2.74,2.74,10.87,10.5,12,1.05,0.97
23/07/2021,5:38:00 PM,5:39:04 PM,Albion Park,QLD,2,185518494,R2 2138m Pace M,185518495,Harness,2138,Pace,10676194,10,So Kool Master,LOSER,19.36,LOSER,36.62,316.32,28,16.5,16.5,20.2,585.06,710,23,480,110.83,14.08,27.91,5,4.4,4.7,4.65,331.29,22,24,1.05,0.97
23/07/2021,6:17:00 PM,6:17:43 PM,Albion Park,QLD,3,185518496,R3 1660m Pace M,185518497,Harness,1660,Pace,28342475,1,Always Bopping,LOSER,16.4,LOSER,3.65,418.38,16,5,14.5,11.31,2085.32,990,8,990,21.3,125.12,199.57,4.4,2.28,3.25,3.19,994.86,14,15,1.03,1.02
23/07/2021,6:17:00 PM,6:17:43 PM,Albion Park,QLD,3,185518496,R3 1660m Pace M,185518497,Harness,1660,Pace,37422414,2,In Chevron We Trust,LOSER,10.5,LOSER,2.97,743.36,19,10,10,12.9,768.82,560,5.9,560,12.56,411.19,571.3,3.25,2.96,3.1,3.1,75.7,11.5,12.5,1.03,1.02
23/07/2021,6:17:00 PM,6:17:43 PM,Albion Park,QLD,3,185518496,R3 1660m Pace M,185518497,Harness,1660,Pace,23390470,3,Major Lester,LOSER,21.91,LOSER,5.67,350.85,24,17,19,19.14,491.68,500,7.2,500,14.88,419.06,577.3,5.8,4.5,5.8,5.32,66.61,18.5,19,1.03,1.02
23/07/2021,6:17:00 PM,6:17:43 PM,Albion Park,QLD,3,185518496,R3 1660m Pace M,185518497,Harness,1660,Pace,27592404,5,Speed Dial,LOSER,25.39,WINNER,5.33,329.06,21,14.5,21,16.92,270,140,2.18,100,14.38,326.31,200.73,4.1,4.1,4.1,4.1,65,16.5,17.5,1.03,1.02
23/07/2021,6:17:00 PM,6:17:43 PM,Albion Park,QLD,3,185518496,R3 1660m Pace M,185518497,Harness,1660,Pace,531738,6,Quick Step,LOSER,3.73,LOSER,2.06,6335.82,5.9,4.2,4.2,4.74,5348.14,600,2.92,560,4.86,2245.78,823.36,2.2,2,2.06,2.03,409.94,4.6,4.7,1.03,1.02
23/07/2021,6:17:00 PM,6:17:43 PM,Albion Park,QLD,3,185518496,R3 1660m Pace M,185518497,Harness,1660,Pace,9345780,7,Four Starzzz Forsa,LOSER,3.52,WINNER,2.08,6784.1,5.8,3.8,4.4,4.41,4619.09,600,2,600,4.14,4652.92,328.58,2.08,1.73,2.08,1.93,323.67,4.4,4.6,1.03,1.02
23/07/2021,6:17:00 PM,6:17:43 PM,Albion Park,QLD,3,185518496,R3 1660m Pace M,185518497,Harness,1660,Pace,28429995,8,El Aguila,LOSER,5.2,LOSER,1.9,1598.02,8.8,5,5.2,5.54,3389.83,600,3.4,550,19.83,178.61,1193.11,2.46,1.78,1.95,2.04,1174.6,5.5,5.7,1.03,1.02
23/07/2021,6:17:00 PM,6:17:43 PM,Albion Park,QLD,3,185518496,R3 1660m Pace M,185518497,Harness,1660,Pace,39307584,9,Yep Got Chooks,WINNER,15.63,WINNER,3.8,510.26,16,8.6,14.5,11.67,788.48,26,1.01,1.01,1.54,5752.39,172.86,2.98,2.94,2.98,2.95,78,13,9.4,1.03,1.02
23/07/2021,6:17:00 PM,6:17:43 PM,Albion Park,QLD,3,185518496,R3 1660m Pace M,185518497,Harness,1660,Pace,24465484,10,Mega Star,LOSER,32.3,LOSER,5.75,268.21,29,20,25,22.82,189.76,490,19.5,490,39.84,77.7,171.01,4.7,4.7,4.7,4.7,9.33,20,21,1.03,1.02
23/07/2021,6:47:00 PM,6:47:30 PM,Albion Park,QLD,4,185518498,R4 1660m Pace M,185518499,Harness,1660,Pace,28536487,1,This Ones For You,LOSER,2.04,WINNER,1.28,4138.07,3,1.93,2.04,2.08,35366.16,490,1.37,75,2,4116.1,1174.02,1.3,1.23,1.26,1.27,41.22,2.02,2.06,1.04,0.98
23/07/2021,6:47:00 PM,6:47:30 PM,Albion Park,QLD,4,185518498,R4 1660m Pace M,185518499,Harness,1660,Pace,7683492,2,Miss Victoria,LOSER,36.93,LOSER,5,189.12,70,28,40,36.57,253.2,440,29,440,70.16,25.45,367.03,4.5,4.5,4.5,4.5,6.9,28,32,1.04,0.98
23/07/2021,6:47:00 PM,6:47:30 PM,Albion Park,QLD,4,185518498,R4 1660m Pace M,185518499,Harness,1660,Pace,949182,3,King Of Cool,LOSER,27,LOSER,5.25,202.06,46,17,27,25.43,227.78,910,30,910,102.29,26.95,297.83,5,4.7,4.8,4.9,62,25,28,1.04,0.98
23/07/2021,6:47:00 PM,6:47:30 PM,Albion Park,QLD,4,185518498,R4 1660m Pace M,185518499,Harness,1660,Pace,22941415,4,Metaki Majic,LOSER,8.6,LOSER,2.41,806.86,11.5,7.6,8.6,8.84,854.73,560,7.2,560,18.92,190.13,681.76,2.7,2.3,2.3,2.3,14.39,8,8.4,1.04,0.98
23/07/2021,6:47:00 PM,6:47:30 PM,Albion Park,QLD,4,185518498,R4 1660m Pace M,185518499,Harness,1660,Pace,18855487,5,Ima Birubi Boy,LOSER,108.68,LOSER,13.35,81.01,140,55,110,77.24,106.41,940,130,700,269,7.06,139.91,,,,,,75,85,1.04,0.98
23/07/2021,6:47:00 PM,6:47:30 PM,Albion Park,QLD,4,185518498,R4 1660m Pace M,185518499,Harness,1660,Pace,38397959,6,Our Ultimate Hanna,LOSER,121.47,LOSER,18.49,89.08,150,55,130,79.15,99.03,920,32,890,143.14,12.34,90.89,10.5,10,10,10.4,10,80,120,1.04,0.98
23/07/2021,6:47:00 PM,6:47:30 PM,Albion Park,QLD,4,185518498,R4 1660m Pace M,185518499,Harness,1660,Pace,21174007,7,No Doubt,LOSER,12.5,WINNER,2.76,454.25,15.5,9.8,12.5,12.24,1088.32,180,1.28,1.73,8.79,443.94,665.76,3.35,2.54,2.68,2.56,48.36,11,11.5,1.04,0.98
23/07/2021,6:47:00 PM,6:47:30 PM,Albion Park,QLD,4,185518498,R4 1660m Pace M,185518499,Harness,1660,Pace,37618753,8,Delightful Reason,WINNER,10.4,WINNER,2.23,454.92,14.5,6.6,10.5,11.19,1004.68,25,1.01,1.01,2.35,3153.01,759.68,3.05,2.36,2.36,2.58,356.19,13,14,1.04,0.98
23/07/2021,6:47:00 PM,6:47:30 PM,Albion Park,QLD,4,185518498,R4 1660m Pace M,185518499,Harness,1660,Pace,13310006,9,Headwin,LOSER,238.98,LOSER,28.98,65.06,340,70,240,160.34,75.56,950,60,940,309.13,5.41,59.68,34,15,27,17.89,6.3,300,320,1.04,0.98
23/07/2021,6:47:00 PM,6:47:30 PM,Albion Park,QLD,4,185518498,R4 1660m Pace M,185518499,Harness,1660,Pace,40272052,10,Skippys Delight,LOSER,7.13,LOSER,2.11,784.19,8.8,4.1,7.2,6.88,1242.39,560,3.5,560,11.02,386.03,775.88,2.06,1.85,2.02,1.96,38.89,7,7.8,1.04,0.98
23/07/2021,7:12:00 PM,7:16:01 PM,Albion Park,QLD,5,185518500,R5 1660m Pace M,185518501,Harness,1660,Pace,9518741,1,Press Statement,LOSER,4.8,WINNER,1.62,949.35,5.3,3.5,4.3,4.38,4688.12,880,3.2,880,6.38,707.33,1167,1.66,1.57,1.64,1.61,260.58,4.6,4.7,1.02,0.99
23/07/2021,7:12:00 PM,7:16:01 PM,Albion Park,QLD,5,185518500,R5 1660m Pace M,185518501,Harness,1660,Pace,15830484,3,Betterthanspraying,LOSER,37.63,WINNER,5.85,230.07,38,27,38,31.92,164.85,920,44,920,117.44,19.45,157.98,6.4,5,5.6,5.21,110.39,30,32,1.02,0.99
23/07/2021,7:12:00 PM,7:16:01 PM,Albion Park,QLD,5,185518500,R5 1660m Pace M,185518501,Harness,1660,Pace,40272053,4,October Racketeer,LOSER,23.36,LOSER,4.64,197.92,34,15,25,21.04,404.79,910,11.5,910,79.44,27.68,83.22,3.95,3.6,3.75,3.81,27.16,22,23,1.02,0.99
23/07/2021,7:12:00 PM,7:16:01 PM,Albion Park,QLD,5,185518500,R5 1660m Pace M,185518501,Harness,1660,Pace,10463726,5,Runfortheroses,LOSER,8.6,LOSER,2.47,721.01,19,9.4,9.8,11.46,1834.6,700,5.1,580,14.09,308.07,261.41,3.4,2.48,2.48,2.61,15.13,11.5,12,1.02,0.99
23/07/2021,7:12:00 PM,7:16:01 PM,Albion Park,QLD,5,185518500,R5 1660m Pace M,185518501,Harness,1660,Pace,40272054,6,Our Action Man,WINNER,2.44,WINNER,1.34,1586.38,2.9,2.22,2.52,2.52,11819.06,4,1.01,1.01,1.28,11555.25,1394.58,1.38,1.25,1.38,1.35,497.68,2.48,2.52,1.02,0.99
23/07/2021,7:12:00 PM,7:16:01 PM,Albion Park,QLD,5,185518500,R5 1660m Pace M,185518501,Harness,1660,Pace,19150509,7,Montana Express,LOSER,42.72,LOSER,8.42,142.96,75,34,42,46.69,205.49,940,20,940,75.85,49.57,128.99,8.6,8.4,8.4,8.42,9.05,34,36,1.02,0.99
23/07/2021,7:12:00 PM,7:16:01 PM,Albion Park,QLD,5,185518500,R5 1660m Pace M,185518501,Harness,1660,Pace,12110810,8,La Safron,LOSER,93.1,LOSER,8.6,107.1,170,65,110,80.62,68.04,960,26,960,136.72,23.74,129.63,10,8.6,9,9.53,50.87,75,95,1.02,0.99
23/07/2021,7:12:00 PM,7:16:01 PM,Albion Park,QLD,5,185518500,R5 1660m Pace M,185518501,Harness,1660,Pace,20944050,9,Artistic Saint,LOSER,95,LOSER,11.75,127.3,190,70,110,96.41,71.75,600,30,490,87.84,15.6,124.81,12,11.5,12,11.71,22.27,70,80,1.02,0.99
23/07/2021,7:12:00 PM,7:16:01 PM,Albion Park,QLD,5,185518500,R5 1660m Pace M,185518501,Harness,1660,Pace,27602065,10,My Ultimate Bondi,LOSER,6.54,LOSER,1.94,1239.31,7,4.6,6.6,5.68,2463.39,880,4.4,880,28.74,166.64,762.96,1.91,1.85,1.89,1.89,18.5,5.7,6,1.02,0.99
23/07/2021,7:42:00 PM,7:42:45 PM,Albion Park,QLD,6,185518502,R6 1660m Pace M,185518503,Harness,1660,Pace,23399744,1,The Ragnbone Man,LOSER,8.69,LOSER,2.69,712.57,11,7.2,7.4,8.8,1569.77,600,2.08,560,7.08,1044.45,528.54,3,2.6,2.74,2.73,160.9,9.6,10,1.02,0.98
23/07/2021,7:42:00 PM,7:42:45 PM,Albion Park,QLD,6,185518502,R6 1660m Pace M,185518503,Harness,1660,Pace,39978557,2,Archilles,WINNER,95,WINNER,17.99,97.11,130,70,95,89.98,77.42,200,1.01,1.05,1.42,4399.41,59.59,18,12.5,13.5,16.22,40.48,75,85,1.02,0.98
23/07/2021,7:42:00 PM,7:42:45 PM,Albion Park,QLD,6,185518502,R6 1660m Pace M,185518503,Harness,1660,Pace,10921166,3,Lazy Blaze,LOSER,233.51,LOSER,16.5,51.64,230,150,200,181.68,30.48,700,210,700,556.94,0.95,7.47,16.5,16.5,16.5,16.5,2.54,160,190,1.02,0.98
23/07/2021,7:42:00 PM,7:42:45 PM,Albion Park,QLD,6,185518502,R6 1660m Pace M,185518503,Harness,1660,Pace,6782937,4,Strong Response,LOSER,22.63,WINNER,4.9,357.18,28,19,27,22.99,208.25,300,21,300,29.45,54.75,441.71,5.1,4.4,5,4.7,71.57,22,26,1.02,0.98
23/07/2021,7:42:00 PM,7:42:45 PM,Albion Park,QLD,6,185518502,R6 1660m Pace M,185518503,Harness,1660,Pace,13673102,5,Bettor Watch Him,LOSER,12,LOSER,3.21,708.43,12.5,7.4,11.5,9.1,2915.67,560,11.5,560,45.14,58.2,481.44,2.92,2.76,2.92,2.8,22.83,10,10.5,1.02,0.98
23/07/2021,7:42:00 PM,7:42:45 PM,Albion Park,QLD,6,185518502,R6 1660m Pace M,185518503,Harness,1660,Pace,21526875,6,Devouged,LOSER,6.89,LOSER,2.1,1272.75,13,7.2,7.8,7.89,2697,560,6.2,560,12.41,252.55,595.83,3,2.1,2.36,2.3,180.55,7.6,7.8,1.02,0.98
23/07/2021,7:42:00 PM,7:42:45 PM,Albion Park,QLD,6,185518502,R6 1660m Pace M,185518503,Harness,1660,Pace,21755915,7,Miss Fernandez,LOSER,104.94,LOSER,14.5,127.17,85,40,80,68.38,90.63,700,85,700,120.67,35.13,,,,,,,70,85,1.02,0.98
23/07/2021,7:42:00 PM,7:42:45 PM,Albion Park,QLD,6,185518502,R6 1660m Pace M,185518503,Harness,1660,Pace,12862931,8,Major Grandeur,LOSER,5.87,LOSER,1.99,701.82,6.8,5.2,5.8,6.07,1826.44,560,4.3,560,13.87,246.47,876.65,2.2,1.79,2,2.04,139.22,6.4,6.6,1.02,0.98
23/07/2021,7:42:00 PM,7:42:45 PM,Albion Park,QLD,6,185518502,R6 1660m Pace M,185518503,Harness,1660,Pace,40272055,9,Lets Hustle,LOSER,3.51,LOSER,1.55,1929.4,3.8,2.94,3.5,3.26,10121.12,600,1.86,560,5.17,1946.44,883.84,1.56,1.5,1.53,1.54,213.05,3.2,3.25,1.02,0.98
23/07/2021,7:42:00 PM,7:42:45 PM,Albion Park,QLD,6,185518502,R6 1660m Pace M,185518503,Harness,1660,Pace,40272056,10,Stoker Ace,LOSER,6.63,WINNER,2.19,1095.68,9.2,5.5,6.8,7.08,1163.25,290,1.13,10,2.64,1818.01,716.76,2.54,1.91,2.2,2.19,62.55,7.4,7.8,1.02,0.98
23/07/2021,8:12:00 PM,8:12:32 PM,Albion Park,QLD,7,185518504,R7 2138m Trot S,185518505,Harness,2138,Trot,19255132,1,Myrtle Beach,LOSER,127.94,LOSER,19,98.14,200,100,170,137.14,50.39,780,95,780,174.54,19.81,118.53,19,19,19,19,0.64,140,170,1.03,0.98
23/07/2021,8:12:00 PM,8:12:32 PM,Albion Park,QLD,7,185518504,R7 2138m Trot S,185518505,Harness,2138,Trot,38618962,2,Touche De Fling,LOSER,4.16,WINNER,1.79,1196.43,7.8,3.95,4.1,4.54,4944.18,560,1.28,490,3.67,1824.28,1044.94,1.94,1.75,1.79,1.84,844.55,4.2,4.4,1.03,0.98
23/07/2021,8:12:00 PM,8:12:32 PM,Albion Park,QLD,7,185518504,R7 2138m Trot S,185518505,Harness,2138,Trot,13041886,3,Norahs Fling,LOSER,7.69,LOSER,2.24,1145.33,9.8,7,8,7.69,3041.41,600,1.76,600,29.9,175.2,1110.91,2.78,2.14,2.26,2.22,249.31,7,7.2,1.03,0.98
23/07/2021,8:12:00 PM,8:12:32 PM,Albion Park,QLD,7,185518504,R7 2138m Trot S,185518505,Harness,2138,Trot,8591283,4,Mister Chisholm,WINNER,25.38,WINNER,5.8,386.39,32,23,26,25.85,260.71,75,1.01,1.01,1.51,4516.43,317.46,,,,,,23,26,1.03,0.98
23/07/2021,8:12:00 PM,8:12:32 PM,Albion Park,QLD,7,185518504,R7 2138m Trot S,185518505,Harness,2138,Trot,22399568,5,Bourbonontherocks,LOSER,5.16,WINNER,2.12,1110.81,13,5,5.3,5.73,2509.34,140,1.72,140,5.4,330.28,889.27,2.46,2.08,2.1,2.16,244.75,5.3,5.6,1.03,0.98
23/07/2021,8:12:00 PM,8:12:32 PM,Albion Park,QLD,7,185518504,R7 2138m Trot S,185518505,Harness,2138,Trot,982294,6,Hattie,LOSER,35.36,LOSER,6.98,278.24,42,22,34,30.16,182.27,1000,34,1000,309.79,27.81,251.85,,,,,,29,30,1.03,0.98
23/07/2021,8:12:00 PM,8:12:32 PM,Albion Park,QLD,7,185518504,R7 2138m Trot S,185518505,Harness,2138,Trot,19728758,7,Ima Calvert Rose,LOSER,4.94,LOSER,1.86,1251.32,5.2,2.9,4.9,4.51,2532.8,600,3,560,10.1,421.68,879.72,1.92,1.58,1.78,1.83,132.26,5,5.2,1.03,0.98
23/07/2021,8:12:00 PM,8:12:32 PM,Albion Park,QLD,7,185518504,R7 2138m Trot S,185518505,Harness,2138,Trot,25102748,8,Rocket Nova,LOSER,41.55,LOSER,8.4,177.35,48,29,46,36.95,133.14,740,25,580,98.92,33.94,175.29,,,,,,36,48,1.03,0.98
23/07/2021,8:12:00 PM,8:12:32 PM,Albion Park,QLD,7,185518504,R7 2138m Trot S,185518505,Harness,2138,Trot,28572215,9,The Night King,LOSER,6.85,LOSER,2.2,858.88,8,4.1,6.6,6.36,1346.42,560,3.7,560,17.91,108.03,759.94,2.2,1.85,2.2,2.08,34.57,6.6,7,1.03,0.98
23/07/2021,8:42:00 PM,8:42:54 PM,Albion Park,QLD,8,185518506,R8 2138m Trot M,185518507,Harness,2138,Trot,23955020,1,Shegotsass,LOSER,103.02,LOSER,13.5,108.25,120,55,120,76.7,72.64,880,21,880,65.05,31.09,87.04,12.5,8,10.5,10.03,23.01,70,75,1.03,0.97
23/07/2021,8:42:00 PM,8:42:54 PM,Albion Park,QLD,8,185518506,R8 2138m Trot M,185518507,Harness,2138,Trot,19446614,2,Puma Road,LOSER,3.5,WINNER,1.66,2147.44,5.2,3.05,3.55,3.48,15314.27,600,1.71,560,3.12,2703.02,870.14,1.7,1.64,1.64,1.66,1140.29,3.6,3.85,1.03,0.97
23/07/2021,8:42:00 PM,8:42:54 PM,Albion Park,QLD,8,185518506,R8 2138m Trot M,185518507,Harness,2138,Trot,11029638,3,One Night Out,LOSER,6.21,LOSER,2.18,1333.66,8.2,5.3,6.4,6.47,1126.36,880,10,880,36.46,93.01,748.73,2.28,2.12,2.12,2.14,4.75,6.4,6.6,1.03,0.97
23/07/2021,8:42:00 PM,8:42:54 PM,Albion Park,QLD,8,185518506,R8 2138m Trot M,185518507,Harness,2138,Trot,10921178,4,Down Under Rors,LOSER,40,LOSER,7.5,174.24,55,26,40,40.59,198.33,750,17,750,77.94,21.11,149.16,,,,,,42,50,1.03,0.97
23/07/2021,8:42:00 PM,8:42:54 PM,Albion Park,QLD,8,185518506,R8 2138m Trot M,185518507,Harness,2138,Trot,24324774,5,Van Sank,WINNER,3.91,WINNER,1.67,1439.47,4.7,2.82,4,4.12,6274.47,4.5,1.01,1.01,1.37,5887.61,634.33,1.79,1.62,1.65,1.63,75.29,4.1,4.2,1.03,0.97
23/07/2021,8:42:00 PM,8:42:54 PM,Albion Park,QLD,8,185518506,R8 2138m Trot M,185518507,Harness,2138,Trot,17326134,6,Melpark Magic,LOSER,26,LOSER,5.5,278.74,30,21,26,24.43,285.77,730,30,730,131.27,9.76,305.14,,,,,,25,26,1.03,0.97
23/07/2021,8:42:00 PM,8:42:54 PM,Albion Park,QLD,8,185518506,R8 2138m Trot M,185518507,Harness,2138,Trot,8136194,7,Il Pirata,LOSER,8.8,WINNER,2.41,961.86,16,7.8,8.6,8.87,2083.62,560,1.99,120,11.56,257.94,830.67,2.94,2.4,2.4,2.48,30.06,7.6,8,1.03,0.97
23/07/2021,8:42:00 PM,8:42:54 PM,Albion Park,QLD,8,185518506,R8 2138m Trot M,185518507,Harness,2138,Trot,9252727,8,Father Christmas,LOSER,15.92,LOSER,3.7,437.16,36,7.6,14.5,15,1167.79,490,12.5,420,33.52,57.63,407.35,4.2,3.25,3.25,3.68,56.19,12.5,14.5,1.03,0.97
23/07/2021,8:42:00 PM,8:42:54 PM,Albion Park,QLD,8,185518506,R8 2138m Trot M,185518507,Harness,2138,Trot,10610325,9,Matatoki,LOSER,17.06,LOSER,4.26,488.96,20,12,16.5,14.29,445.33,710,6.4,710,35.65,40.62,389.13,3.75,3.25,3.7,3.32,12.26,16,17,1.03,0.97
23/07/2021,9:12:00 PM,9:12:32 PM,Albion Park,QLD,9,185518508,R9 1628m Trot S,185518509,Harness,1628,Trot,40272057,1,Bettatrix,LOSER,39.53,LOSER,9.2,125.5,42,25,36,32.92,231.11,1000,9.4,24,128.47,82.67,184.24,9,9,9,9,0.02,30,32,1.01,0.98
23/07/2021,9:12:00 PM,9:12:32 PM,Albion Park,QLD,9,185518508,R9 1628m Trot S,185518509,Harness,1628,Trot,40272058,2,Oonskade,LOSER,25.84,LOSER,4.7,409.59,18,9.6,16,15.19,719.28,900,15.5,900,28.89,329.83,372.56,5.4,3.95,4.7,4.65,97.23,15,15.5,1.01,0.98
23/07/2021,9:12:00 PM,9:12:32 PM,Albion Park,QLD,9,185518508,R9 1628m Trot S,185518509,Harness,1628,Trot,39989813,3,Flashy Seb,LOSER,3.05,LOSER,1.59,1722.25,4.9,2.94,3.05,3.3,5527.64,880,3.05,880,12.3,1327.48,1109.34,1.99,1.56,1.62,1.63,276.96,3.05,3.1,1.01,0.98
23/07/2021,9:12:00 PM,9:12:32 PM,Albion Park,QLD,9,185518508,R9 1628m Trot S,185518509,Harness,1628,Trot,40272059,4,Confiscated,WINNER,7.6,WINNER,2.92,658.75,9.6,7,8,8.18,1111.52,10,1.01,1.01,1.3,10338.53,632.92,3,2.68,2.82,2.72,51.2,8,8.4,1.01,0.98
23/07/2021,9:12:00 PM,9:12:32 PM,Albion Park,QLD,9,185518508,R9 1628m Trot S,185518509,Harness,1628,Trot,847857,5,King City,LOSER,2.18,WINNER,1.44,2200.67,2.24,1.56,2.16,2.07,19315.7,490,1.53,490,3.34,4010.23,1248.41,1.45,1.25,1.45,1.4,1001.35,2.18,2.24,1.01,0.98
23/07/2021,6:52:00 PM,6:52:56 PM,Dubbo,NSW,1,185522916,R1 2120m Pace M,185522917,Harness,2120,Pace,28485719,1,Old Farm Way,LOSER,24.94,LOSER,,210.85,40,17,21,22.56,237.45,460,21,460,51.94,60.03,,4.9,3.1,3.45,3.97,897.01,30,38,1.03,0.96
23/07/2021,6:52:00 PM,6:52:56 PM,Dubbo,NSW,1,185522916,R1 2120m Pace M,185522917,Harness,2120,Pace,15190819,2,Carramar Times Up,LOSER,5.38,LOSER,,1341.74,9.4,5.3,6,5.87,4982.06,890,4.7,890,21.03,382.48,,2.46,2.04,2.06,2.04,70.04,6.2,6.4,1.03,0.96
23/07/2021,6:52:00 PM,6:52:56 PM,Dubbo,NSW,1,185522916,R1 2120m Pace M,185522917,Harness,2120,Pace,28003415,3,Itsallaboutned,WINNER,3.77,WINNER,,1129.3,6.6,3.05,3.7,3.48,4685.34,10,1.01,1.01,1.78,3729.64,,1.63,1.45,1.63,1.48,6858.21,3.3,3.6,1.03,0.96
23/07/2021,6:52:00 PM,6:52:56 PM,Dubbo,NSW,1,185522916,R1 2120m Pace M,185522917,Harness,2120,Pace,40274561,4,Speak With Sam,LOSER,4.14,LOSER,,1238.9,5.7,3.75,4,4.46,2115.93,880,2.56,10,7.14,762.73,,2.1,1.75,2.1,1.75,150.06,4.8,5,1.03,0.96
23/07/2021,6:52:00 PM,6:52:56 PM,Dubbo,NSW,1,185522916,R1 2120m Pace M,185522917,Harness,2120,Pace,6767220,5,Promise To Rock,LOSER,25.6,LOSER,,169,29,13,24,22.87,306.59,890,16,890,29.25,67.06,,4.9,4.9,4.9,4.9,5,22,23,1.03,0.96
23/07/2021,6:52:00 PM,6:52:56 PM,Dubbo,NSW,1,185522916,R1 2120m Pace M,185522917,Harness,2120,Pace,28051831,6,Drive To The Beach,LOSER,8.76,WINNER,,698.08,10.5,5.2,8.6,8.27,3043.37,560,1.14,140,3.14,2729.99,,2.96,2.46,2.9,2.5,22.73,7.8,8,1.03,0.96
23/07/2021,6:52:00 PM,6:52:56 PM,Dubbo,NSW,1,185522916,R1 2120m Pace M,185522917,Harness,2120,Pace,8651032,7,Peggyville,LOSER,35.48,LOSER,,206.43,46,26,34,29.44,157.97,300,34,300,50.65,33.4,,5,4.8,4.9,4.94,57.74,26,27,1.03,0.96
23/07/2021,6:52:00 PM,6:52:56 PM,Dubbo,NSW,1,185522916,R1 2120m Pace M,185522917,Harness,2120,Pace,13738524,8,Goodtime Hero,LOSER,17.99,WINNER,,388.35,19.5,10.5,19,15.13,301.6,1000,3.15,360,27.9,783.93,,3.65,3,3.5,3.43,50.92,13.5,15.5,1.03,0.96
23/07/2021,6:52:00 PM,6:52:56 PM,Dubbo,NSW,1,185522916,R1 2120m Pace M,185522917,Harness,2120,Pace,9369024,9,Double Standards,LOSER,29.41,LOSER,,219.43,40,23,34,31.28,123.56,920,28,480,57.89,23.6,,,,,,,26,30,1.03,0.96
23/07/2021,7:19:00 PM,7:20:52 PM,Dubbo,NSW,2,185522918,R2 1720m Pace M,185522919,Harness,1720,Pace,38196984,1,Jessejames Shannon,LOSER,43.58,LOSER,,192.63,55,17,42,36.05,152.09,780,50,780,115.37,22.79,,6.2,3.3,6,4.28,17.44,27,32,1.04,0.98
23/07/2021,7:19:00 PM,7:20:52 PM,Dubbo,NSW,2,185522918,R2 1720m Pace M,185522919,Harness,1720,Pace,40274562,2,Eagle Art,LOSER,28,WINNER,,294.36,32,13,28,26.29,559.71,40,2.1,36,9.8,61.1,,5.5,5,5.1,5.34,165.8,26,32,1.04,0.98
23/07/2021,7:19:00 PM,7:20:52 PM,Dubbo,NSW,2,185522918,R2 1720m Pace M,185522919,Harness,1720,Pace,40274563,3,Sparky Sharky,LOSER,5.34,LOSER,,986.58,6.6,4.7,5.2,5.39,5884.25,110,4.2,75,7.72,231.35,,2.32,1.95,1.96,2.05,645.36,5.4,5.6,1.04,0.98
23/07/2021,7:19:00 PM,7:20:52 PM,Dubbo,NSW,2,185522918,R2 1720m Pace M,185522919,Harness,1720,Pace,40041924,4,Lou Cee,LOSER,4.7,LOSER,,1009.04,7.2,4.6,4.7,4.97,2603.71,110,2.94,85,14.9,100.42,,2,1.77,1.78,1.82,11.26,4.8,4.9,1.04,0.98
23/07/2021,7:19:00 PM,7:20:52 PM,Dubbo,NSW,2,185522918,R2 1720m Pace M,185522919,Harness,1720,Pace,8773861,5,Sporty,LOSER,37.52,LOSER,,330.14,48,7.4,46,21.02,547.54,300,16,300,61.37,17.74,,4.9,4.1,4.2,4.36,197.83,15.5,17,1.04,0.98
23/07/2021,7:19:00 PM,7:20:52 PM,Dubbo,NSW,2,185522918,R2 1720m Pace M,185522919,Harness,1720,Pace,39388263,6,Burrabadine Dancer,LOSER,24,LOSER,,318.24,44,21,24,26.48,379.75,500,26,500,78.16,50.31,,4.6,4.6,4.6,4.6,15,24,29,1.04,0.98
23/07/2021,7:19:00 PM,7:20:52 PM,Dubbo,NSW,2,185522918,R2 1720m Pace M,185522919,Harness,1720,Pace,6190558,7,Reason To Party,LOSER,2.75,WINNER,,2622.11,3.6,2.66,2.82,2.9,12177.88,4.1,1.3,4,2.89,1222.07,,1.47,1.41,1.42,1.45,87.34,2.96,3.05,1.04,0.98
23/07/2021,7:19:00 PM,7:20:52 PM,Dubbo,NSW,2,185522918,R2 1720m Pace M,185522919,Harness,1720,Pace,25912287,8,Dynamite Dee,LOSER,9.41,LOSER,,812.01,17,7.8,9.6,10.06,902.48,110,8.6,110,21.76,86.43,,2.9,2.58,2.58,2.62,38.75,10,10.5,1.04,0.98
23/07/2021,7:19:00 PM,7:20:52 PM,Dubbo,NSW,2,185522918,R2 1720m Pace M,185522919,Harness,1720,Pace,15328748,9,Roll The Seven,WINNER,48,WINNER,,192.86,80,20,42,41.41,186.83,80,1.3,1.46,3.38,102.77,,,,,,,44,46,1.04,0.98
23/07/2021,7:49:00 PM,7:49:50 PM,Dubbo,NSW,3,185522920,R3 1720m Pace M,185522921,Harness,1720,Pace,27885683,1,Gabbys Ideal,LOSER,13.31,LOSER,,393.28,17,10,15.5,13.12,299.07,600,1.84,420,12.03,253.92,,3.25,2.54,2.76,2.67,672.59,13.5,14,1.02,0.98
23/07/2021,7:49:00 PM,7:49:50 PM,Dubbo,NSW,3,185522920,R3 1720m Pace M,185522921,Harness,1720,Pace,17234751,2,Manly Boy,LOSER,13.4,LOSER,,503.11,27,14,16,19.66,426.55,490,13,420,31.25,52.53,,4.3,3.35,3.35,3.52,139.73,16,17.5,1.02,0.98
23/07/2021,7:49:00 PM,7:49:50 PM,Dubbo,NSW,3,185522920,R3 1720m Pace M,185522921,Harness,1720,Pace,28639914,3,Fleetwood Rock,LOSER,3.15,WINNER,,3232.99,3.8,2.4,3.1,2.89,5028.17,560,3,120,6.89,521.17,,1.47,1.37,1.44,1.43,324.65,2.88,2.94,1.02,0.98
23/07/2021,7:49:00 PM,7:49:50 PM,Dubbo,NSW,3,185522920,R3 1720m Pace M,185522921,Harness,1720,Pace,4097600,4,Lucky Lyla,WINNER,14,WINNER,,390.35,15.5,10,15,12.37,211.49,85,1.01,1.03,1.85,1648.88,,3.5,2.88,3.5,3.07,98.74,12,12.5,1.02,0.98
23/07/2021,7:49:00 PM,7:49:50 PM,Dubbo,NSW,3,185522920,R3 1720m Pace M,185522921,Harness,1720,Pace,28181731,5,All Spruced Up,LOSER,14.89,LOSER,,385.27,15,5.7,14.5,11.81,668.17,490,6.6,420,28.86,48.88,,3.05,2.32,2.98,2.64,223.85,12.5,13.5,1.02,0.98
23/07/2021,7:49:00 PM,7:49:50 PM,Dubbo,NSW,3,185522920,R3 1720m Pace M,185522921,Harness,1720,Pace,17996698,6,Cambo Blaster,LOSER,5.51,WINNER,,1336.05,7.2,5,6,6.25,810.95,290,1.3,80,4.76,565.64,,2.12,1.77,2.12,2.1,15,6.2,6.6,1.02,0.98
23/07/2021,7:49:00 PM,7:49:50 PM,Dubbo,NSW,3,185522920,R3 1720m Pace M,185522921,Harness,1720,Pace,23476066,7,Camanchi Warrior,LOSER,3.62,LOSER,,2031.42,7.2,4.1,4.1,4.73,879.9,270,2.1,75,3.45,1466.12,,1.89,1.64,1.66,1.68,97.82,4.7,4.8,1.02,0.98
23/07/2021,8:19:00 PM,8:20:16 PM,Dubbo,NSW,4,185522922,R4 1720m Pace M,185522923,Harness,1720,Pace,40113682,1,Why Nott,WINNER,3.38,WINNER,,2277.05,4.9,3.05,3.5,4.1,3527.55,7.8,2.76,2.76,3.56,949.82,,1.8,1.31,1.75,1.7,275.02,4.4,4.5,1.04,0.99
23/07/2021,8:19:00 PM,8:20:16 PM,Dubbo,NSW,4,185522922,R4 1720m Pace M,185522923,Harness,1720,Pace,25440875,2,Tessfeelsgood,LOSER,18.5,LOSER,,333.14,25,9.2,18,17.3,715.68,190,5.8,170,25.66,45.35,,3.55,3.5,3.55,3.52,100,17.5,20,1.04,0.99
23/07/2021,8:19:00 PM,8:20:16 PM,Dubbo,NSW,4,185522922,R4 1720m Pace M,185522923,Harness,1720,Pace,40274564,3,Miss Nea Star,LOSER,16.98,LOSER,,354,24,10,18,17.7,775.99,170,16.5,170,37.77,50.82,,7.2,3.45,4.6,4.07,122.76,20,22,1.04,0.99
23/07/2021,8:19:00 PM,8:20:16 PM,Dubbo,NSW,4,185522922,R4 1720m Pace M,185522923,Harness,1720,Pace,24984963,4,Shesa Pocketrocket,LOSER,5.03,WINNER,,688.34,6.2,4.1,4.9,4.74,2786.31,7.6,1.85,1.97,3.63,1211.8,,2.32,1.82,2.14,2.14,727.3,4.8,5,1.04,0.99
23/07/2021,8:19:00 PM,8:20:16 PM,Dubbo,NSW,4,185522922,R4 1720m Pace M,185522923,Harness,1720,Pace,38778811,5,Miss Social Media,LOSER,115.02,LOSER,,116.32,180,75,150,117.89,88.83,360,100,100,109.3,31.96,,16,9.8,12,13.3,83.74,140,170,1.04,0.99
23/07/2021,8:19:00 PM,8:20:16 PM,Dubbo,NSW,4,185522922,R4 1720m Pace M,185522923,Harness,1720,Pace,36833263,6,Jogalong Blue,LOSER,88.16,LOSER,,170.04,120,60,120,76.13,98.07,200,3,24,22.45,172.52,,,,,,,65,75,1.04,0.99
23/07/2021,8:19:00 PM,8:20:16 PM,Dubbo,NSW,4,185522922,R4 1720m Pace M,185522923,Harness,1720,Pace,40274565,7,Cullens Maori,LOSER,5.5,LOSER,,1006.67,8.6,4.6,5.4,5.15,1139.4,8.8,2.72,8.2,5.97,231.03,,2.24,1.81,1.81,1.9,722.05,4.8,5,1.04,0.99
23/07/2021,8:19:00 PM,8:20:16 PM,Dubbo,NSW,4,185522922,R4 1720m Pace M,185522923,Harness,1720,Pace,20047690,8,Remember Bubbles,LOSER,30,WINNER,,221.06,42,14.5,34,26.68,178.04,44,9.4,44,26.34,69.84,,5.6,3.35,5.6,5.49,10.1,27,29,1.04,0.99
23/07/2021,8:19:00 PM,8:20:16 PM,Dubbo,NSW,4,185522922,R4 1720m Pace M,185522923,Harness,1720,Pace,40274566,9,Warra Downs,LOSER,4.74,LOSER,,1541.28,7.4,4,4.9,5.01,2062.96,880,4,540,19.84,456.56,,2.12,1.83,2.12,1.88,203.71,4.3,4.6,1.04,0.99
23/07/2021,8:49:00 PM,8:50:05 PM,Dubbo,NSW,5,185522924,R5 2120m Pace M,185522925,Harness,2120,Pace,8545711,1,Digger Shed,LOSER,48.59,LOSER,,161.49,90,40,50,58.61,138.2,930,14,32,84.86,39.52,,,,,,,75,95,1.04,0.99
23/07/2021,8:49:00 PM,8:50:05 PM,Dubbo,NSW,5,185522924,R5 2120m Pace M,185522925,Harness,2120,Pace,27973272,2,Rick,LOSER,20.93,LOSER,,304.44,40,19,21,26.05,308.12,740,5.8,660,81.52,39.09,,9.2,3.9,4.7,4.51,277.66,23,26,1.04,0.99
23/07/2021,8:49:00 PM,8:50:05 PM,Dubbo,NSW,5,185522924,R5 2120m Pace M,185522925,Harness,2120,Pace,40274567,3,Onetwo Threecheese,LOSER,48.71,LOSER,,172.59,95,40,50,62.76,117.42,780,19.5,300,120.1,25.36,,11,7,8.2,9.37,36.89,50,70,1.04,0.99
23/07/2021,8:49:00 PM,8:50:05 PM,Dubbo,NSW,5,185522924,R5 2120m Pace M,185522925,Harness,2120,Pace,10874926,4,Im Major Harry,LOSER,2.95,LOSER,,1155.01,9,2.84,3.1,3.72,6975.47,1000,2.08,1000,4.31,2737.37,,2.08,1.48,1.61,1.73,578.76,3.45,3.55,1.04,0.99
23/07/2021,8:49:00 PM,8:50:05 PM,Dubbo,NSW,5,185522924,R5 2120m Pace M,185522925,Harness,2120,Pace,2210494,5,Sharp Shooter,LOSER,18.4,LOSER,,340.36,23,13,19,16.22,476.17,1000,13,1000,180,45.62,,3.4,3,3.2,3.2,5.17,13,14,1.04,0.99
23/07/2021,8:49:00 PM,8:50:05 PM,Dubbo,NSW,5,185522924,R5 2120m Pace M,185522925,Harness,2120,Pace,12455630,6,Kamendable Joe,LOSER,41.45,LOSER,,154.79,65,25,42,37.37,130.18,1000,26,1000,151.66,15.56,,6.2,6,6,6.08,7.26,32,34,1.04,0.99
23/07/2021,8:49:00 PM,8:50:05 PM,Dubbo,NSW,5,185522924,R5 2120m Pace M,185522925,Harness,2120,Pace,36087590,7,Baby Bee Mine,LOSER,36,WINNER,,135.15,65,18.5,36,31.69,276.12,720,21,110,93.11,20.53,,4.5,4.5,4.5,4.5,7.95,36,42,1.04,0.99
23/07/2021,8:49:00 PM,8:50:05 PM,Dubbo,NSW,5,185522924,R5 2120m Pace M,185522925,Harness,2120,Pace,37535914,8,Hold My Halo,LOSER,3.24,WINNER,,1624.98,3.65,1.79,3.25,2.79,13521.17,560,1.25,560,4.89,1239.59,,1.49,1.16,1.46,1.36,410.22,3,3.15,1.04,0.99
23/07/2021,8:49:00 PM,8:50:05 PM,Dubbo,NSW,5,185522924,R5 2120m Pace M,185522925,Harness,2120,Pace,36864351,9,Cassius Deck,WINNER,4.72,WINNER,,1195.15,7.2,4.3,4.7,4.95,2140.38,12,1.01,1.01,1.45,4745.52,,1.87,1.61,1.66,1.66,166.47,4.9,5,1.04,0.99
23/07/2021,9:19:00 PM,9:19:54 PM,Dubbo,NSW,6,185522926,R6 2120m Pace M,185522927,Harness,2120,Pace,29060452,1,Regretable,LOSER,12.27,WINNER,,572.79,12,4.3,10,6.7,2553.25,880,6.6,880,16.36,224.64,,2,1.65,1.96,1.93,492.06,8.2,9.2,1.05,0.99
23/07/2021,9:19:00 PM,9:19:54 PM,Dubbo,NSW,6,185522926,R6 2120m Pace M,185522927,Harness,2120,Pace,19823683,2,Jacobs Thunder,LOSER,3.15,WINNER,,1069.23,3.95,2.94,3.05,3.25,4104.22,560,1.9,110,2.66,3008.35,,1.61,1.38,1.48,1.48,677.68,3.1,3.2,1.05,0.99
23/07/2021,9:19:00 PM,9:19:54 PM,Dubbo,NSW,6,185522926,R6 2120m Pace M,185522927,Harness,2120,Pace,7457708,3,Hes A Terror,LOSER,140.92,LOSER,,45.02,250,60,220,103.17,42.23,940,120,800,302.3,4.69,,,,,,,110,140,1.05,0.99
23/07/2021,9:19:00 PM,9:19:54 PM,Dubbo,NSW,6,185522926,R6 2120m Pace M,185522927,Harness,2120,Pace,20741879,4,Caesars Rockstar,LOSER,35.8,LOSER,,151.48,48,28,36,33.85,226.87,930,30,930,98.68,37.42,,5,4.7,5,4.85,0.33,29,34,1.05,0.99
23/07/2021,9:19:00 PM,9:19:54 PM,Dubbo,NSW,6,185522926,R6 2120m Pace M,185522927,Harness,2120,Pace,28101575,5,Yellow Bow,LOSER,16,LOSER,,249.61,23,13,16,15.92,353.76,910,16,910,27.83,75.78,,,,,,,16,16.5,1.05,0.99
23/07/2021,9:19:00 PM,9:19:54 PM,Dubbo,NSW,6,185522926,R6 2120m Pace M,185522927,Harness,2120,Pace,12268997,6,Royal Feeling,LOSER,7.43,LOSER,,691.39,21,6.6,7.4,8.34,1575.67,700,6.4,700,23.85,186.6,,2.58,2.1,2.1,2.2,134.03,7.4,7.6,1.05,0.99
23/07/2021,9:19:00 PM,9:19:54 PM,Dubbo,NSW,6,185522926,R6 2120m Pace M,185522927,Harness,2120,Pace,28596427,7,Jaytees Hat,LOSER,60,LOSER,,85.6,65,34,65,43.63,89.87,920,32,920,121.83,14.43,,8.8,8.8,8.8,8.8,5.03,34,42,1.05,0.99
23/07/2021,9:19:00 PM,9:19:54 PM,Dubbo,NSW,6,185522926,R6 2120m Pace M,185522927,Harness,2120,Pace,11282414,9,Best Beau,WINNER,3.03,WINNER,,1606.58,4.5,2.8,3.1,3.22,5326.65,4.5,1.01,1.01,1.49,4015.29,,1.64,1.48,1.6,1.59,128.34,3.05,3.15,1.05,0.99
23/07/2021,9:19:00 PM,9:19:54 PM,Dubbo,NSW,6,185522926,R6 2120m Pace M,185522927,Harness,2120,Pace,25267880,10,Bradness Abuela,LOSER,294.8,LOSER,,29.22,300,70,270,178.56,60.74,990,32,990,191.83,25.38,,,,,,,260,290,1.05,0.99
23/07/2021,9:50:00 PM,9:50:42 PM,Dubbo,NSW,7,185522928,R7 2120m Pace M,185522929,Harness,2120,Pace,39087985,1,Juz Butter,LOSER,824.73,LOSER,,27.93,580,140,270,211.95,53.33,990,390,460,545.06,25.65,,19,19,19,19,5,200,350,1.05,0.98
23/07/2021,9:50:00 PM,9:50:42 PM,Dubbo,NSW,7,185522928,R7 2120m Pace M,185522929,Harness,2120,Pace,40274568,2,Nicky Brook,LOSER,9.14,LOSER,,610.28,13,6.4,10.5,10.65,405.79,780,3.2,780,19.98,214.56,,2.82,2.2,2.74,2.63,33.34,11,12,1.05,0.98
23/07/2021,9:50:00 PM,9:50:42 PM,Dubbo,NSW,7,185522928,R7 2120m Pace M,185522929,Harness,2120,Pace,40274569,3,Jayjaybenny,LOSER,17.56,WINNER,,417.12,24,8.4,18.5,16.11,364.67,630,10,630,29.16,130.02,,4.9,2.48,4.7,3.5,53.4,18,21,1.05,0.98
23/07/2021,9:50:00 PM,9:50:42 PM,Dubbo,NSW,7,185522928,R7 2120m Pace M,185522929,Harness,2120,Pace,40274570,4,Kulani Courage,LOSER,20.81,LOSER,,390.06,48,23,24,27.85,240.28,730,11.5,730,33.6,96.62,,6.4,4.2,4.5,4.87,23.75,24,27,1.05,0.98
23/07/2021,9:50:00 PM,9:50:42 PM,Dubbo,NSW,7,185522928,R7 2120m Pace M,185522929,Harness,2120,Pace,38858865,5,Chase The Feeling,LOSER,3.97,LOSER,,1409.34,7,3.8,3.8,4.71,3203.89,560,3.95,90,18.85,206.08,,1.92,1.61,1.64,1.64,20.36,3.9,4.1,1.05,0.98
23/07/2021,9:50:00 PM,9:50:42 PM,Dubbo,NSW,7,185522928,R7 2120m Pace M,185522929,Harness,2120,Pace,22527445,6,Lovin Everyday,LOSER,8.71,LOSER,,620.89,13,6.8,9.8,8.22,744.02,490,8,490,29.52,86.3,,2.6,1.91,2.32,2.14,0.34,8.6,9.2,1.05,0.98
23/07/2021,9:50:00 PM,9:50:42 PM,Dubbo,NSW,7,185522928,R7 2120m Pace M,185522929,Harness,2120,Pace,17131462,7,Whiskiesonthebeach,WINNER,4.78,WINNER,,2469.51,3.4,2.14,3.1,2.78,7780.22,6.2,1.01,1.01,1.54,6323.33,,1.44,1.35,1.4,1.4,207.03,2.82,2.92,1.05,0.98
23/07/2021,9:50:00 PM,9:50:42 PM,Dubbo,NSW,7,185522928,R7 2120m Pace M,185522929,Harness,2120,Pace,39905455,8,Tackas Princess,LOSER,6.75,WINNER,,1235.26,13,6.6,7.2,8.07,866.64,110,3.05,110,6.21,326.47,,2.4,2.06,2.22,2.2,28.85,8,9,1.05,0.98
23/07/2021,10:25:00 PM,10:26:44 PM,Dubbo,NSW,8,185522930,R8 1720m Pace M,185522931,Harness,1720,Pace,40274571,1,Im Not Complicated,WINNER,11.4,WINNER,,611.98,38,10,11,14.03,1965.7,46,1.01,1.01,1.79,2239.73,,4.4,3.3,4.2,3.92,87.04,12,12.5,1.02,0.98
23/07/2021,10:25:00 PM,10:26:44 PM,Dubbo,NSW,8,185522930,R8 1720m Pace M,185522931,Harness,1720,Pace,40274572,2,Rumblin,LOSER,1.68,WINNER,,3160.1,1.65,1.21,1.61,1.53,36268.31,140,1.06,110,1.55,2638.7,,1.25,1.19,1.25,1.23,1116.77,1.57,1.61,1.02,0.98
23/07/2021,10:25:00 PM,10:26:44 PM,Dubbo,NSW,8,185522930,R8 1720m Pace M,185522931,Harness,1720,Pace,40209010,3,Uptown Beachgirl,LOSER,10,LOSER,,554.55,38,9.2,9.8,11.04,4509.98,490,8.6,490,34.39,27.09,,3.35,3.2,3.2,3.27,0.36,10.5,11,1.02,0.98
23/07/2021,10:25:00 PM,10:26:44 PM,Dubbo,NSW,8,185522930,R8 1720m Pace M,185522931,Harness,1720,Pace,16977089,4,Daylight,LOSER,63.14,LOSER,,168.77,80,27,50,46.64,242.57,140,8.4,110,54.49,31.24,,13,7,13,10.5,15.03,46,55,1.02,0.98
23/07/2021,10:25:00 PM,10:26:44 PM,Dubbo,NSW,8,185522930,R8 1720m Pace M,185522931,Harness,1720,Pace,40274573,5,Eblouissant,LOSER,8.6,LOSER,,897.71,9.4,7,8.6,8.2,2170.31,560,7.6,560,28.67,122.62,,2.6,2.44,2.6,2.48,104.99,8.2,8.8,1.02,0.98
23/07/2021,10:25:00 PM,10:26:44 PM,Dubbo,NSW,8,185522930,R8 1720m Pace M,185522931,Harness,1720,Pace,40274574,6,Tiger Tommy,LOSER,76.2,LOSER,,205.02,100,24,85,53.52,392.6,510,20,40,63.88,12.44,,13,8,13,10.3,70.48,65,70,1.02,0.98
23/07/2021,10:25:00 PM,10:26:44 PM,Dubbo,NSW,8,185522930,R8 1720m Pace M,185522931,Harness,1720,Pace,40274575,7,Ben Detto,LOSER,27.97,LOSER,,221.7,50,17,24,27,605.1,280,26,110,40.36,33.55,,13,6.8,7,10.28,122.29,24,26,1.02,0.98
23/07/2021,7:24:00 PM,7:24:43 PM,Gloucester Park,WA,1,185519236,R1 2130m Pace M,185519237,Harness,2130,Pace,40272111,1,Hillview Bondi,LOSER,65,LOSER,16.73,105.42,110,55,55,72.67,47.72,720,32,720,89.3,8.63,150.99,7.4,4.8,7.4,6.13,709.32,80,90,1.02,0.98
23/07/2021,7:24:00 PM,7:24:43 PM,Gloucester Park,WA,1,185519236,R1 2130m Pace M,185519237,Harness,2130,Pace,40272112,2,Orlando Blue,LOSER,11.61,WINNER,2.1,426.86,14.5,10,11.5,11.63,601.3,590,3.45,490,15.72,173.49,729.29,3.3,1.98,2.3,2.4,695.88,11,12,1.02,0.98
23/07/2021,7:24:00 PM,7:24:43 PM,Gloucester Park,WA,1,185519236,R1 2130m Pace M,185519237,Harness,2130,Pace,3769726,3,Mr Fantastic,LOSER,1.72,LOSER,1.26,11980.87,2.2,1.73,1.74,1.87,17346.71,560,1.69,550,2.58,4868.41,1341.1,1.29,1.24,1.29,1.28,167.42,1.92,1.94,1.02,0.98
23/07/2021,7:24:00 PM,7:24:43 PM,Gloucester Park,WA,1,185519236,R1 2130m Pace M,185519237,Harness,2130,Pace,28646801,4,The Good Life,LOSER,15.5,LOSER,3.1,180.08,18,12,15.5,13.96,374.57,890,2.82,890,11.97,206.99,377.87,3.2,3.1,3.15,3.16,360.96,16,16.5,1.02,0.98
23/07/2021,7:24:00 PM,7:24:43 PM,Gloucester Park,WA,1,185519236,R1 2130m Pace M,185519237,Harness,2130,Pace,39528388,5,Rockin Rufus,LOSER,26.23,LOSER,5.95,189.95,30,22,27,25.37,139.18,780,30,780,70.79,19.42,298.44,4.8,4.8,4.8,4.8,0.17,25,27,1.02,0.98
23/07/2021,7:24:00 PM,7:24:43 PM,Gloucester Park,WA,1,185519236,R1 2130m Pace M,185519237,Harness,2130,Pace,28310961,6,Lil Happy Fella,LOSER,50.96,LOSER,10.35,123.44,55,42,55,48.73,15.14,920,40,920,67.38,10.58,,,,,,,44,48,1.02,0.98
23/07/2021,7:24:00 PM,7:24:43 PM,Gloucester Park,WA,1,185519236,R1 2130m Pace M,185519237,Harness,2130,Pace,35803329,7,Arma Einstein,LOSER,22,WINNER,4.63,214.14,21,11,21,14.95,162.43,780,7.8,580,22.21,57.57,366.86,3.15,2.86,3.15,3.15,10.17,15,16.5,1.02,0.98
23/07/2021,7:24:00 PM,7:24:43 PM,Gloucester Park,WA,1,185519236,R1 2130m Pace M,185519237,Harness,2130,Pace,11485326,8,Powerplay,WINNER,28.09,WINNER,4.9,271.61,27,7.2,27,16.8,184.46,30,1.01,1.01,1.54,7246.56,384.42,4,2.68,4,3.75,20,19.5,22,1.02,0.98
23/07/2021,7:24:00 PM,7:24:43 PM,Gloucester Park,WA,1,185519236,R1 2130m Pace M,185519237,Harness,2130,Pace,37975450,9,Talks Up A Storm,LOSER,19.5,LOSER,5.08,247.74,19.5,13.5,19.5,16.31,195.9,900,4.6,900,37.39,85.55,366.06,,,,,,16,17,1.02,0.98
23/07/2021,7:24:00 PM,7:24:43 PM,Gloucester Park,WA,1,185519236,R1 2130m Pace M,185519237,Harness,2130,Pace,6243323,10,Machnificent,LOSER,14.92,LOSER,3.2,415.86,25,11.5,16,14.4,550.04,910,6.6,910,35.54,30.19,417.87,3.65,2.86,2.86,3.15,136.62,12.5,13.5,1.02,0.98
23/07/2021,7:24:00 PM,7:24:43 PM,Gloucester Park,WA,1,185519236,R1 2130m Pace M,185519237,Harness,2130,Pace,39010437,11,Ideal Whitby,LOSER,80,LOSER,37.36,115.63,160,65,110,97.92,69.94,950,110,950,299.12,4.02,49.64,70,10.5,70,14.88,16.25,85,110,1.02,0.98
23/07/2021,7:54:00 PM,7:54:47 PM,Gloucester Park,WA,2,185519238,R2 2130m Pace M,185519239,Harness,2130,Pace,28091473,1,Caveman,WINNER,1.61,WINNER,1.12,3418.45,1.73,1.33,1.64,1.62,20083.15,1.7,1.01,1.01,1.37,4502.45,2345.66,1.17,1.09,1.13,1.14,1587,1.66,1.71,0.98,0.97
23/07/2021,7:54:00 PM,7:54:47 PM,Gloucester Park,WA,2,185519238,R2 2130m Pace M,185519239,Harness,2130,Pace,24783800,2,Deeorse,LOSER,70.19,LOSER,16.34,159.08,90,30,75,56.95,96.01,590,60,590,91.53,18.26,113.22,28,5.6,14.5,6.81,25.29,50,55,0.98,0.97
23/07/2021,7:54:00 PM,7:54:47 PM,Gloucester Park,WA,2,185519238,R2 2130m Pace M,185519239,Harness,2130,Pace,18863789,3,Carrera Mach,LOSER,34.13,WINNER,5.34,163.95,40,13,38,26.17,244.74,140,11.5,100,27.6,35.66,205.46,4.7,3.7,4.7,3.83,76.55,24,27,0.98,0.97
23/07/2021,7:54:00 PM,7:54:47 PM,Gloucester Park,WA,2,185519238,R2 2130m Pace M,185519239,Harness,2130,Pace,12792099,4,Whoswhointhezoo,LOSER,65,LOSER,9.35,122.97,85,32,80,51.9,91.54,300,55,300,73.27,18.51,,,,,,,40,50,0.98,0.97
23/07/2021,7:54:00 PM,7:54:47 PM,Gloucester Park,WA,2,185519238,R2 2130m Pace M,185519239,Harness,2130,Pace,24553912,5,Our Sequel,LOSER,28,LOSER,4.87,238.98,60,19.5,30,24.85,701.38,480,14.5,380,56.8,20.93,357.03,4.2,4.2,4.2,4.2,0.25,23,24,0.98,0.97
23/07/2021,7:54:00 PM,7:54:47 PM,Gloucester Park,WA,2,185519238,R2 2130m Pace M,185519239,Harness,2130,Pace,8785364,7,Major Stare,LOSER,55.41,WINNER,8.1,134.35,85,32,80,59.18,93.6,290,55,290,100.47,6.64,183.11,,,,,,70,75,0.98,0.97
23/07/2021,7:54:00 PM,7:54:47 PM,Gloucester Park,WA,2,185519238,R2 2130m Pace M,185519239,Harness,2130,Pace,24050968,8,Pierre Whitby,LOSER,95,LOSER,13.35,90.27,130,55,110,86.65,75.85,600,140,600,332.95,1.08,,9,9,9,9,7.36,95,110,0.98,0.97
23/07/2021,7:54:00 PM,7:54:47 PM,Gloucester Park,WA,2,185519238,R2 2130m Pace M,185519239,Harness,2130,Pace,20782744,9,Regal Cheval,LOSER,480.05,LOSER,33.26,57.79,560,160,440,234.86,25.7,580,440,580,484.57,9.78,58.42,,,,,,210,380,0.98,0.97
23/07/2021,7:54:00 PM,7:54:47 PM,Gloucester Park,WA,2,185519238,R2 2130m Pace M,185519239,Harness,2130,Pace,26493264,11,Triroyale Brigade,LOSER,6.4,LOSER,1.49,899.62,10.5,6.4,6.6,6.97,4068.24,480,5.9,140,10.33,184.04,872.24,1.73,1.45,1.49,1.6,809.77,7.2,7.6,0.98,0.97
23/07/2021,7:54:00 PM,7:54:47 PM,Gloucester Park,WA,2,185519238,R2 2130m Pace M,185519239,Harness,2130,Pace,10199425,12,Vespa,LOSER,7.33,LOSER,1.92,849.38,23,7.4,7.6,9.32,1718.67,550,7.2,550,10.09,287.88,1074.71,2.62,1.94,1.96,2.12,132.99,12,8.6,0.98,0.97
23/07/2021,8:24:00 PM,8:26:34 PM,Gloucester Park,WA,3,185519240,R3 2536m Pace M,185519241,Harness,2536,Pace,9403892,1,Qtown Rip Roaring,LOSER,27.57,LOSER,5.3,314.32,46,25,34,35.33,221.29,920,22,740,74.83,42.34,147.48,6.2,3.6,5.3,5.2,184.85,44,46,1.02,0.98
23/07/2021,8:24:00 PM,8:26:34 PM,Gloucester Park,WA,3,185519240,R3 2536m Pace M,185519241,Harness,2536,Pace,17344770,2,Henwood Bay,LOSER,3.95,LOSER,1.71,1160.74,5.1,3.55,3.85,3.86,12199.15,600,3.3,590,8.23,437.01,747.19,1.76,1.63,1.76,1.7,599,3.55,3.65,1.02,0.98
23/07/2021,8:24:00 PM,8:26:34 PM,Gloucester Park,WA,3,185519240,R3 2536m Pace M,185519241,Harness,2536,Pace,22656200,3,Medieval Man,LOSER,8.61,LOSER,2.14,1218.68,7.2,3.4,6.6,5.65,1509.1,560,3.25,65,8.7,604.45,643.35,2.26,1.8,2.26,2.09,397.59,5.9,6.2,1.02,0.98
23/07/2021,8:24:00 PM,8:26:34 PM,Gloucester Park,WA,3,185519240,R3 2536m Pace M,185519241,Harness,2536,Pace,21638077,4,Queen Shenandoah,LOSER,7.03,WINNER,2.16,837.03,8,5.6,8,6.9,1910.01,75,1.6,65,10.74,575.24,855.84,2.26,2.08,2.24,2.12,104.7,6.8,7,1.02,0.98
23/07/2021,8:24:00 PM,8:26:34 PM,Gloucester Park,WA,3,185519240,R3 2536m Pace M,185519241,Harness,2536,Pace,9762183,5,Lightning Jolt,LOSER,52.05,LOSER,8.9,167.74,120,55,60,69.44,79.01,300,48,300,106.78,8.35,84.74,9.6,9,9.6,9.08,65,80,90,1.02,0.98
23/07/2021,8:24:00 PM,8:26:34 PM,Gloucester Park,WA,3,185519240,R3 2536m Pace M,185519241,Harness,2536,Pace,23793293,6,Bracken Sky,LOSER,3.17,WINNER,1.78,1813.08,4.7,3.15,3.45,3.79,11584.1,10,1.02,6,2.15,5663.71,400.19,1.95,1.64,1.88,1.84,196.26,4,4.1,1.02,0.98
23/07/2021,8:24:00 PM,8:26:34 PM,Gloucester Park,WA,3,185519240,R3 2536m Pace M,185519241,Harness,2536,Pace,23314795,7,Quick Stride,LOSER,29.94,LOSER,6.3,378.17,65,34,36,39.85,201.39,300,28,140,53.13,46.26,141.88,6.6,6.2,6.4,6.32,124.8,40,44,1.02,0.98
23/07/2021,8:24:00 PM,8:26:34 PM,Gloucester Park,WA,3,185519240,R3 2536m Pace M,185519241,Harness,2536,Pace,18428078,8,Jesse Allwood,LOSER,130,LOSER,22.38,208.54,150,85,150,105.79,105.64,700,130,700,224.6,5.35,34.74,,,,,,110,120,1.02,0.98
23/07/2021,8:24:00 PM,8:26:34 PM,Gloucester Park,WA,3,185519240,R3 2536m Pace M,185519241,Harness,2536,Pace,17181150,9,Will I Rocknroll,WINNER,14.44,WINNER,3.47,543.21,34,12.5,15,16.01,1171.08,490,1.13,1.69,3.52,531.77,573.34,3.8,3.45,3.7,3.68,75.57,13.5,14.5,1.02,0.98
23/07/2021,8:24:00 PM,8:26:34 PM,Gloucester Park,WA,3,185519240,R3 2536m Pace M,185519241,Harness,2536,Pace,10719833,10,Rocknroll Whitby,LOSER,34,LOSER,5.8,233.18,75,32,34,37.54,188.18,300,25,300,81.65,19.49,145.99,7.6,5.5,5.8,6.48,111.49,38,48,1.02,0.98
23/07/2021,8:54:00 PM,8:54:46 PM,Gloucester Park,WA,4,185519242,R4 2130m Pace M,185519243,Harness,2130,Pace,16748010,1,Simba Bromac,LOSER,10,LOSER,2.11,401.61,10.5,7,9.4,9.12,2149.37,880,9.2,880,53.91,68.13,568.22,2.5,1.96,2.1,2.14,2406.57,9,9.6,1.02,0.99
23/07/2021,8:54:00 PM,8:54:46 PM,Gloucester Park,WA,4,185519242,R4 2130m Pace M,185519243,Harness,2130,Pace,8365755,2,Argyle Red,LOSER,78.28,LOSER,14.22,140.15,140,65,100,85.18,91.47,960,17,960,76.05,62.74,114.13,14.5,12.5,12.5,13.55,24.2,70,75,1.02,0.99
23/07/2021,8:54:00 PM,8:54:46 PM,Gloucester Park,WA,4,185519242,R4 2130m Pace M,185519243,Harness,2130,Pace,11219560,3,Talkerup,LOSER,147.61,LOSER,446.57,105.19,200,42,160,112.27,111.23,960,130,960,182.09,27.94,0.15,980,9.2,260,32.49,14.52,130,150,1.02,0.99
23/07/2021,8:54:00 PM,8:54:46 PM,Gloucester Park,WA,4,185519242,R4 2130m Pace M,185519243,Harness,2130,Pace,27385954,4,Son Of A Tiger,LOSER,17.56,LOSER,3.5,412.34,18.5,8.8,16,13.78,574.38,930,16,120,64.49,48.25,513.25,4.8,3.4,3.4,3.44,25.82,16.5,18,1.02,0.99
23/07/2021,8:54:00 PM,8:54:46 PM,Gloucester Park,WA,4,185519242,R4 2130m Pace M,185519243,Harness,2130,Pace,24007433,5,Miracle Moose,LOSER,36,WINNER,5.05,201.54,50,14,40,35.09,157.87,780,6,380,13.71,393.79,143.11,5.8,5.3,5.4,5.65,253.55,36,40,1.02,0.99
23/07/2021,8:54:00 PM,8:54:46 PM,Gloucester Park,WA,4,185519242,R4 2130m Pace M,185519243,Harness,2130,Pace,23491734,6,Back In Twenty,LOSER,31.54,LOSER,7.9,210.2,42,19,32,30.05,211.93,910,30,790,83.45,50.29,89.84,5.6,5.6,5.6,5.6,5,32,34,1.02,0.99
23/07/2021,8:54:00 PM,8:54:46 PM,Gloucester Park,WA,4,185519242,R4 2130m Pace M,185519243,Harness,2130,Pace,3126806,7,Magnificent Storm,WINNER,1.28,WINNER,1.13,15823.71,1.58,1.26,1.3,1.34,30363.15,1.41,1.01,1.01,1.18,20412.96,1695.09,1.28,1.12,1.15,1.13,948.26,1.31,1.32,1.02,0.99
23/07/2021,9:24:00 PM,9:24:29 PM,Gloucester Park,WA,5,185519244,R5 2130m Pace M,185519245,Harness,2130,Pace,26225473,1,Patronus Star,LOSER,6.48,WINNER,1.85,574.23,7.6,3.25,6.6,5.05,4013.55,100,4.1,100,9.13,379.56,777.3,1.96,1.36,1.82,1.73,235.2,5.9,6.2,1.02,0.97
23/07/2021,9:24:00 PM,9:24:29 PM,Gloucester Park,WA,5,185519244,R5 2130m Pace M,185519245,Harness,2130,Pace,31373365,2,Alta Blues,LOSER,23.74,LOSER,4.1,235.63,26,11,24,14.81,996.05,640,12,100,53.03,36.38,211.2,4.1,3.3,4.1,3.58,56.26,14.5,19.5,1.02,0.97
23/07/2021,9:24:00 PM,9:24:29 PM,Gloucester Park,WA,5,185519244,R5 2130m Pace M,185519245,Harness,2130,Pace,24140884,3,Ideal Liner,LOSER,159.41,LOSER,39.76,58.34,210,85,160,126.9,214.04,900,510,880,754.18,1.37,11.98,,,,,,110,150,1.02,0.97
23/07/2021,9:24:00 PM,9:24:29 PM,Gloucester Park,WA,5,185519244,R5 2130m Pace M,185519245,Harness,2130,Pace,8988419,4,Boom Time,LOSER,138.71,LOSER,335.32,57.08,180,70,160,108.6,100.52,990,85,100,473.74,1.74,0.13,460,90,90,307.93,0.13,75,110,1.02,0.97
23/07/2021,9:24:00 PM,9:24:29 PM,Gloucester Park,WA,5,185519244,R5 2130m Pace M,185519245,Harness,2130,Pace,10855924,5,Gambit,LOSER,120.72,LOSER,22.24,78.43,140,65,130,98.18,117.62,970,60,970,86.48,15.04,83.22,,,,,,75,110,1.02,0.97
23/07/2021,9:24:00 PM,9:24:29 PM,Gloucester Park,WA,5,185519244,R5 2130m Pace M,185519245,Harness,2130,Pace,15314459,6,Mighty Conqueror,WINNER,1.35,WINNER,1.22,5834.57,2.26,1.35,1.36,1.54,34022.55,1.4,1.01,1.01,1.13,8297.06,1729.05,1.33,1.16,1.27,1.28,1334.08,1.46,1.49,1.02,0.97
23/07/2021,9:24:00 PM,9:24:29 PM,Gloucester Park,WA,5,185519244,R5 2130m Pace M,185519245,Harness,2130,Pace,25475281,7,Major Times,LOSER,19.7,LOSER,4.15,352.38,25,13.5,19,16.01,1550.03,900,13,140,50.81,43.19,345.35,4,3.95,4,4,18.78,15.5,17,1.02,0.97
23/07/2021,9:58:00 PM,9:59:09 PM,Gloucester Park,WA,6,185519246,R6 2130m Pace M,185519247,Harness,2130,Pace,23278473,1,See Ya Write,WINNER,2.59,WINNER,1.41,4302.7,2.86,1.92,2.6,2.29,20453.07,9.6,1.05,1.05,2.22,1882.85,838.71,1.41,1.21,1.41,1.27,1266.06,2.52,2.66,1.04,0.97
23/07/2021,9:58:00 PM,9:59:09 PM,Gloucester Park,WA,6,185519246,R6 2130m Pace M,185519247,Harness,2130,Pace,24138868,2,Whatabro,LOSER,16.78,LOSER,4.39,390.29,19.5,8.6,17.5,15.16,380.78,85,5.8,70,24.06,73.14,374.01,,,,,,15.5,16.5,1.04,0.97
23/07/2021,9:58:00 PM,9:59:09 PM,Gloucester Park,WA,6,185519246,R6 2130m Pace M,185519247,Harness,2130,Pace,26122963,3,Gingers Jet,LOSER,314.46,LOSER,64.73,16.02,380,150,380,217.08,22.53,900,15,250,62.66,23.59,42.39,,,,,,190,200,1.04,0.97
23/07/2021,9:58:00 PM,9:59:09 PM,Gloucester Park,WA,6,185519246,R6 2130m Pace M,185519247,Harness,2130,Pace,26695126,4,Typhoon Banner,LOSER,4.57,LOSER,2.77,1284.42,9.8,4.4,4.7,5.21,3964.84,900,1.55,580,3,4395.15,1298.29,9.4,1.87,4.1,2.17,387.49,4.9,5.2,1.04,0.97
23/07/2021,9:58:00 PM,9:59:09 PM,Gloucester Park,WA,6,185519246,R6 2130m Pace M,185519247,Harness,2130,Pace,15843347,5,Truleylucky,LOSER,210,LOSER,29.94,20.05,400,130,170,165.04,32.59,830,620,620,676.84,1.21,42.63,18.5,18.5,18.5,18.5,5,150,190,1.04,0.97
23/07/2021,9:58:00 PM,9:59:09 PM,Gloucester Park,WA,6,185519246,R6 2130m Pace M,185519247,Harness,2130,Pace,13097628,6,Diamond Dove,LOSER,322.99,LOSER,25.74,12.95,350,80,250,192.1,38.56,840,700,840,778.45,1.15,66.45,,,,,,130,150,1.04,0.97
23/07/2021,9:58:00 PM,9:59:09 PM,Gloucester Park,WA,6,185519246,R6 2130m Pace M,185519247,Harness,2130,Pace,3751529,7,Sir Nicholas,LOSER,661.05,LOSER,41.03,7.16,690,230,680,439.43,22.98,900,160,180,213.09,7.81,53.39,50,38,50,41.01,6.68,240,330,1.04,0.97
23/07/2021,9:58:00 PM,9:59:09 PM,Gloucester Park,WA,6,185519246,R6 2130m Pace M,185519247,Harness,2130,Pace,16297520,8,Rockaball,LOSER,14.3,LOSER,3.92,483,17,10,13.5,12.52,949.35,900,15.5,280,65.21,53.08,437.43,3.95,2.82,3.9,3.49,169.11,11.5,12.5,1.04,0.97
23/07/2021,9:58:00 PM,9:59:09 PM,Gloucester Park,WA,6,185519246,R6 2130m Pace M,185519247,Harness,2130,Pace,28334586,9,Harley Zest,LOSER,139.69,LOSER,14,61.02,140,60,140,84.3,71.89,950,19.5,100,119.65,17.2,147.67,15,11.5,15,14.72,8.98,75,90,1.04,0.97
23/07/2021,9:58:00 PM,9:59:09 PM,Gloucester Park,WA,6,185519246,R6 2130m Pace M,185519247,Harness,2130,Pace,27550775,10,Bee Jays Boy,LOSER,19.22,LOSER,3.05,269.8,32,16,19,23.2,291.34,420,12,420,42.06,48.09,534.87,3.6,2.6,2.86,3,3267.11,23,26,1.04,0.97
23/07/2021,9:58:00 PM,9:59:09 PM,Gloucester Park,WA,6,185519246,R6 2130m Pace M,185519247,Harness,2130,Pace,12817313,11,Alta Intrigue,LOSER,11,WINNER,2.98,392.85,19.5,10,11.5,12.22,1040.43,75,3.2,38,7.24,600.57,574.96,3.5,3,3,3.02,166.74,10,11.5,1.04,0.97
23/07/2021,9:58:00 PM,9:59:09 PM,Gloucester Park,WA,6,185519246,R6 2130m Pace M,185519247,Harness,2130,Pace,40272113,12,Alta Engen,LOSER,7.22,WINNER,2.31,949.69,13.5,6.6,7,9.57,1933.67,34,5.8,34,9.92,202.15,773.54,3,2.3,2.36,2.46,258.3,9.2,9.6,1.04,0.97
23/07/2021,10:32:00 PM,10:32:42 PM,Gloucester Park,WA,7,185519248,R7 2130m Pace M,185519249,Harness,2130,Pace,9390821,1,Free To Air,LOSER,10.12,WINNER,1.96,324.46,16.5,9.4,10.5,11.67,987.91,140,3.1,100,8.65,256.27,1404.04,4.4,1.93,2.22,2.19,777.71,13,16,1.01,0.96
23/07/2021,10:32:00 PM,10:32:42 PM,Gloucester Park,WA,7,185519248,R7 2130m Pace M,185519249,Harness,2130,Pace,16221233,2,Space Junk,WINNER,2.02,WINNER,1.38,2821.89,3.5,1.91,1.92,2.16,14360.59,1.99,1.01,1.01,1.32,7041.03,1296.8,1.41,1.24,1.39,1.34,330.36,2.16,2.18,1.01,0.96
23/07/2021,10:32:00 PM,10:32:42 PM,Gloucester Park,WA,7,185519248,R7 2130m Pace M,185519249,Harness,2130,Pace,8987401,3,Twoandahalf Tigers,LOSER,165.03,LOSER,496,39.6,190,90,190,121.21,40.6,800,95,800,123.36,8.14,,14,14,14,14,5,95,120,1.01,0.96
23/07/2021,10:32:00 PM,10:32:42 PM,Gloucester Park,WA,7,185519248,R7 2130m Pace M,185519249,Harness,2130,Pace,10363924,4,Bad Round,LOSER,162.23,LOSER,495.25,38.71,190,95,160,132.63,47.19,860,240,860,389.87,1.47,,,,,,,100,120,1.01,0.96
23/07/2021,10:32:00 PM,10:32:42 PM,Gloucester Park,WA,7,185519248,R7 2130m Pace M,185519249,Harness,2130,Pace,10811573,5,The Black Cardinal,LOSER,11.5,LOSER,3.06,377.89,15.5,9,11,11.32,939.48,900,9,900,31.37,65.25,294.28,2.96,2.96,2.96,2.96,0.17,13.5,14,1.01,0.96
23/07/2021,10:32:00 PM,10:32:42 PM,Gloucester Park,WA,7,185519248,R7 2130m Pace M,185519249,Harness,2130,Pace,28540609,6,Advance Your Dream,LOSER,80,LOSER,12.45,101.8,150,75,85,92.02,89.2,550,140,300,207.2,2.89,108.65,11.5,11.5,11.5,11.5,0.17,75,80,1.01,0.96
23/07/2021,10:32:00 PM,10:32:42 PM,Gloucester Park,WA,7,185519248,R7 2130m Pace M,185519249,Harness,2130,Pace,23437914,7,Walsh,LOSER,90,LOSER,7.9,79.34,110,48,110,67.98,67.59,930,70,930,235.5,6.49,201.18,8.2,8.2,8.2,8.2,5,60,65,1.01,0.96
23/07/2021,10:32:00 PM,10:32:42 PM,Gloucester Park,WA,7,185519248,R7 2130m Pace M,185519249,Harness,2130,Pace,8236866,8,C C Chevron,LOSER,324.14,LOSER,26.86,25.97,350,140,270,219.38,34.69,960,700,960,710.61,0.49,59.31,48,12.5,48,21.43,12.73,180,270,1.01,0.96
23/07/2021,10:32:00 PM,10:32:42 PM,Gloucester Park,WA,7,185519248,R7 2130m Pace M,185519249,Harness,2130,Pace,20358483,9,Machs Gold,LOSER,65,LOSER,5.9,100.25,70,32,65,42.19,121.75,920,70,920,145.86,9.38,17.81,5.9,5.9,5.9,5.9,2.22,38,44,1.01,0.96
23/07/2021,10:32:00 PM,10:32:42 PM,Gloucester Park,WA,7,185519248,R7 2130m Pace M,185519249,Harness,2130,Pace,16341969,10,Miss Camouflage,LOSER,243.3,LOSER,14.5,24.2,280,80,240,185.46,21.49,700,17,600,130.64,13.27,57,15,11,12,12.34,156.42,160,240,1.01,0.96
23/07/2021,10:32:00 PM,10:32:42 PM,Gloucester Park,WA,7,185519248,R7 2130m Pace M,185519249,Harness,2130,Pace,26547215,11,Robbie Easton,LOSER,6.4,LOSER,1.98,539.1,7.6,3.2,7,5.03,1899.63,560,8.8,560,23.3,72.53,808.29,2,1.64,1.82,1.79,154.4,5.3,5.4,1.01,0.96
23/07/2021,10:32:00 PM,10:32:42 PM,Gloucester Park,WA,7,185519248,R7 2130m Pace M,185519249,Harness,2130,Pace,23199348,12,The Watch Maker,LOSER,9.6,WINNER,2.82,360.4,10.5,6,10.5,7.84,600.97,560,7,560,19,117.86,507.02,2.84,2.16,2.78,2.32,105.84,8.2,9.2,1.01,0.96
23/07/2021,11:00:00 PM,11:00:28 PM,Gloucester Park,WA,8,185519250,R8 2130m Pace M,185519251,Harness,2130,Pace,24023608,1,My Prayer,LOSER,9.6,LOSER,2.99,651.07,23,9.2,10,10.97,1521.89,560,8,490,21.6,94.41,600.23,3.9,2.84,2.84,3.07,167.49,9.2,10.5,1.07,0.97
23/07/2021,11:00:00 PM,11:00:28 PM,Gloucester Park,WA,8,185519250,R8 2130m Pace M,185519251,Harness,2130,Pace,28430036,2,Blockjorg,LOSER,18.5,LOSER,4.6,320.21,75,15.5,18.5,19.77,589.05,490,3.25,490,7.77,579.24,275.49,,,,,,16.5,18,1.07,0.97
23/07/2021,11:00:00 PM,11:00:28 PM,Gloucester Park,WA,8,185519250,R8 2130m Pace M,185519251,Harness,2130,Pace,28672122,3,Smooth Rye,LOSER,8.94,LOSER,2.77,699.14,24,8.6,9.4,11.07,1319.16,1000,8.8,1000,101.9,101.75,621.06,3.1,2.76,2.78,2.98,688.6,10.5,11.5,1.07,0.97
23/07/2021,11:00:00 PM,11:00:28 PM,Gloucester Park,WA,8,185519250,R8 2130m Pace M,185519251,Harness,2130,Pace,3085751,4,Radiant Amber,LOSER,9.28,LOSER,3.1,408.32,11.5,5.6,7.2,8.13,1837.68,580,3.75,560,11.58,536.45,912,5.6,2.3,2.82,2.45,2679.46,8.4,9.2,1.07,0.97
23/07/2021,11:00:00 PM,11:00:28 PM,Gloucester Park,WA,8,185519250,R8 2130m Pace M,185519251,Harness,2130,Pace,26493489,5,Bettor Get It On,LOSER,3.2,LOSER,1.53,2348.96,3.65,2.52,3.15,3.12,9684.96,560,2.44,560,3.52,1529.93,1040.21,1.6,1.39,1.56,1.51,215.79,3.05,3.2,1.07,0.97
23/07/2021,11:00:00 PM,11:00:28 PM,Gloucester Park,WA,8,185519250,R8 2130m Pace M,185519251,Harness,2130,Pace,25295622,6,Blissfullabbey,LOSER,54.1,LOSER,15.75,141.18,130,48,85,68.15,35.26,930,20,300,66.66,30.59,66.8,11,11,11,11,5,55,80,1.07,0.97
23/07/2021,11:00:00 PM,11:00:28 PM,Gloucester Park,WA,8,185519250,R8 2130m Pace M,185519251,Harness,2130,Pace,24417085,7,Mini Mine Yet,WINNER,13.53,WINNER,4.27,553.4,27,13.5,16.5,16.09,617.91,80,1.01,1.01,1.97,1283.03,397.5,,,,,,13.5,16.5,1.07,0.97
23/07/2021,11:00:00 PM,11:00:28 PM,Gloucester Park,WA,8,185519250,R8 2130m Pace M,185519251,Harness,2130,Pace,21629551,8,Just Makemine Diamonds,LOSER,110,LOSER,15,117.38,150,65,140,92.48,131.35,700,55,700,263.59,3.25,114.28,,,,,,70,100,1.07,0.97
23/07/2021,11:00:00 PM,11:00:28 PM,Gloucester Park,WA,8,185519250,R8 2130m Pace M,185519251,Harness,2130,Pace,19451037,9,Mandy Joan,LOSER,12.96,WINNER,3.55,489.75,15,5.8,15,8.2,1603.52,140,1.23,140,12.5,116.03,327.34,,,,,,9.6,10,1.07,0.97
23/07/2021,11:00:00 PM,11:00:28 PM,Gloucester Park,WA,8,185519250,R8 2130m Pace M,185519251,Harness,2130,Pace,36499963,10,Alice Kay,LOSER,7.19,WINNER,2.39,528.78,8,4.7,6.8,6.68,1566.43,170,1.85,170,6.52,583.41,792.23,2.28,1.92,2.28,1.97,147.46,7,7.6,1.07,0.97
23/07/2021,11:35:00 PM,11:35:42 PM,Gloucester Park,WA,9,185519252,R9 2130m Pace M,185519253,Harness,2130,Pace,39395804,1,Cutting Roses,LOSER,129.34,LOSER,11.63,131.14,580,100,140,176.49,83.91,840,34,400,138.76,9.8,141.08,14,10.5,10.5,12.59,24.11,160,180,1.03,0.99
23/07/2021,11:35:00 PM,11:35:42 PM,Gloucester Park,WA,9,185519252,R9 2130m Pace M,185519253,Harness,2130,Pace,39465494,2,Dontbesillychilli,WINNER,3.58,WINNER,1.49,2475.1,4,2.92,3.75,3.64,5473.58,3.7,1.01,1.01,1.73,5842,995.79,1.5,1.27,1.44,1.42,464.32,3.75,3.85,1.03,0.99
23/07/2021,11:35:00 PM,11:35:42 PM,Gloucester Park,WA,9,185519252,R9 2130m Pace M,185519253,Harness,2130,Pace,6503963,3,See The World,LOSER,4.84,LOSER,1.73,1446.75,48,3.4,5,5.63,4039.25,560,4,560,10.16,290.69,1152.31,1.98,1.58,1.65,1.67,26.85,5.3,5.5,1.03,0.99
23/07/2021,11:35:00 PM,11:35:42 PM,Gloucester Park,WA,9,185519252,R9 2130m Pace M,185519253,Harness,2130,Pace,2481333,4,Beyond The Sea,LOSER,13.27,WINNER,3.19,419.46,170,13.5,14,27.13,855.85,140,11.5,100,31.3,102.72,387.67,8.4,3.45,3.45,4.64,221.5,18.5,19.5,1.03,0.99
23/07/2021,11:35:00 PM,11:35:42 PM,Gloucester Park,WA,9,185519252,R9 2130m Pace M,185519253,Harness,2130,Pace,40272116,5,Verdansk Queen,LOSER,17.73,LOSER,3.7,385.27,23,3.65,15,10.29,2915.73,890,14,890,32.74,93.47,520.66,4,2.64,3.75,3.37,168.45,13,14.5,1.03,0.99
23/07/2021,11:35:00 PM,11:35:42 PM,Gloucester Park,WA,9,185519252,R9 2130m Pace M,185519253,Harness,2130,Pace,1501855,6,Make Your Mark,LOSER,13.78,WINNER,2.86,466.25,28,11,14,15.06,1394.8,910,4.9,840,23.17,87.77,672.49,,,,,,13.5,14.5,1.03,0.99
23/07/2021,11:35:00 PM,11:35:42 PM,Gloucester Park,WA,9,185519252,R9 2130m Pace M,185519253,Harness,2130,Pace,6791853,7,Linebacker,LOSER,3.09,LOSER,1.61,1697.89,3.9,2.36,3.1,2.86,11726.83,560,2.58,560,5.65,666.89,1073.52,1.62,1.32,1.62,1.47,554.85,2.78,2.84,1.03,0.99
23/07/2021,11:35:00 PM,11:35:42 PM,Gloucester Park,WA,9,185519252,R9 2130m Pace M,185519253,Harness,2130,Pace,39254773,8,Dustyroads,LOSER,268.92,LOSER,580.14,65.41,800,170,410,399.52,19.55,750,250,700,372.46,12.41,0.09,980,70,240,366.47,0.07,350,630,1.03,0.99
23/07/2021,4:59:00 PM,5:00:02 PM,Melton,VIC,1,185518436,R1 2240m Trot M,185518437,Harness,2240,Trot,40272094,1,Hammer Son,LOSER,32.4,LOSER,9.91,144.75,55,14,34,28.59,573.54,560,15,560,41.04,49.48,98.66,10.5,7.2,7.2,8.05,22.83,28,32,1.02,0.98
23/07/2021,4:59:00 PM,5:00:02 PM,Melton,VIC,1,185518436,R1 2240m Trot M,185518437,Harness,2240,Trot,27857746,2,Abundance,WINNER,11.08,WINNER,3.87,263.65,20,8,11,12.56,1478.16,75,1.01,1.01,2.12,1656.12,116,4.9,3.4,3.4,3.94,44.63,15.5,17.5,1.02,0.98
23/07/2021,4:59:00 PM,5:00:02 PM,Melton,VIC,1,185518436,R1 2240m Trot M,185518437,Harness,2240,Trot,28672112,3,Euryphaessa,LOSER,5.45,WINNER,3.02,998.77,9.4,2.1,5.7,3.22,12960.29,220,1.14,220,7.96,957.83,388.47,3.5,1.2,3.35,1.77,1021.86,2.22,2.26,1.02,0.98
23/07/2021,4:59:00 PM,5:00:02 PM,Melton,VIC,1,185518436,R1 2240m Trot M,185518437,Harness,2240,Trot,159023,4,Maestro,LOSER,5.8,LOSER,2.58,779.73,21,4.6,5.5,7.58,3799.33,890,4,890,13.2,475.94,283.68,3.95,2.42,2.5,2.88,209.07,8.4,8.8,1.02,0.98
23/07/2021,4:59:00 PM,5:00:02 PM,Melton,VIC,1,185518436,R1 2240m Trot M,185518437,Harness,2240,Trot,28370325,5,Kyvalley Heist,LOSER,2.14,LOSER,1.53,2492.05,3.35,1.94,2.12,2.43,11669.21,500,1.38,500,3.82,1957.66,799.21,1.73,1.41,1.42,1.55,473.48,3.15,3.25,1.02,0.98
23/07/2021,4:59:00 PM,5:00:02 PM,Melton,VIC,1,185518436,R1 2240m Trot M,185518437,Harness,2240,Trot,40272095,6,Irene Rose,LOSER,120.32,LOSER,60.84,53.6,330,80,140,144.47,151.14,700,28,700,116.86,9.8,23.65,32,23,23,27.46,8.89,180,270,1.02,0.98
23/07/2021,4:59:00 PM,5:00:02 PM,Melton,VIC,1,185518436,R1 2240m Trot M,185518437,Harness,2240,Trot,40272096,7,Aldebaran Huey,LOSER,32.52,LOSER,9.85,146.85,48,16,32,31.56,407.62,300,7.2,300,35.91,81.69,92.26,11,7,7,9.11,45.78,42,50,1.02,0.98
23/07/2021,5:35:00 PM,5:35:47 PM,Melton,VIC,2,185518438,R2 1720m Pace M,185518439,Harness,1720,Pace,39820941,1,Beryls Grin,LOSER,36.62,LOSER,4.9,196.56,36,15,36,20.94,344.87,1000,5.1,1000,31.85,81.89,349.11,5.2,3.75,4.8,4.25,87.1,26,27,1.01,0.99
23/07/2021,5:35:00 PM,5:35:47 PM,Melton,VIC,2,185518438,R2 1720m Pace M,185518439,Harness,1720,Pace,28207099,2,Vallani Magic,LOSER,8.39,LOSER,2.88,950.47,10,6,8.4,8.31,745.37,560,4,560,13.55,409.41,1072.32,7,2.1,2.66,2.68,103.68,8,8.2,1.01,0.99
23/07/2021,5:35:00 PM,5:35:47 PM,Melton,VIC,2,185518438,R2 1720m Pace M,185518439,Harness,1720,Pace,27601985,3,Best Back Bruce,LOSER,3.58,LOSER,1.54,1651.06,6.6,3.4,3.4,3.64,3298.28,600,3.05,560,8.87,759.96,945.76,1.53,1.52,1.53,1.53,5.17,3.65,3.75,1.01,0.99
23/07/2021,5:35:00 PM,5:35:47 PM,Melton,VIC,2,185518438,R2 1720m Pace M,185518439,Harness,1720,Pace,25751341,4,Bronski Royal,WINNER,11.27,WINNER,2.9,421.52,13.5,9,11,11.03,650.48,11.5,1.01,1.01,1.84,1650.74,513.44,2.92,2.46,2.9,2.52,89.28,9.4,9.8,1.01,0.99
23/07/2021,5:35:00 PM,5:35:47 PM,Melton,VIC,2,185518438,R2 1720m Pace M,185518439,Harness,1720,Pace,24352899,5,Lotakevi,LOSER,230.5,LOSER,20,98.79,150,32,150,109.23,65.65,990,100,700,253.55,30.14,91.74,,,,,,110,120,1.01,0.99
23/07/2021,5:35:00 PM,5:35:47 PM,Melton,VIC,2,185518438,R2 1720m Pace M,185518439,Harness,1720,Pace,25574916,6,His Dream Lives On,LOSER,2.79,WINNER,1.46,1294.93,4,2.76,2.94,3.04,6118.78,100,1.3,100,3.87,2479.93,1056.91,1.49,1.42,1.42,1.47,264.74,3.1,3.15,1.01,0.99
23/07/2021,5:35:00 PM,5:35:47 PM,Melton,VIC,2,185518438,R2 1720m Pace M,185518439,Harness,1720,Pace,9521577,7,Mighty Regal,LOSER,16.7,WINNER,3.85,311.07,19.5,9,19,14.68,427.56,490,7,490,27.07,71.22,357.67,3.55,3.55,3.55,3.55,5,17,18,1.01,0.99
23/07/2021,5:35:00 PM,5:35:47 PM,Melton,VIC,2,185518438,R2 1720m Pace M,185518439,Harness,1720,Pace,21771265,8,Joeys Hangover,LOSER,14.5,LOSER,2.87,263.66,19.5,11,14,13.48,580.45,490,10,490,24.02,106.52,521.74,4.4,2.68,2.68,2.96,43.74,12.5,13,1.01,0.99
23/07/2021,6:03:00 PM,6:04:28 PM,Melton,VIC,3,185518440,R3 1720m Pace M,185518441,Harness,1720,Pace,8783528,1,Upanatom,LOSER,8.8,LOSER,2.38,308.45,9.8,6.2,8.6,8.39,1359.1,900,5.1,9.4,17.43,379.32,334.2,2.92,2.38,2.48,2.6,527.33,9,9.8,1.03,0.99
23/07/2021,6:03:00 PM,6:04:28 PM,Melton,VIC,3,185518440,R3 1720m Pace M,185518441,Harness,1720,Pace,11219853,2,Lexus On The Beach,LOSER,16.43,LOSER,3.95,394.18,27,14,16.5,16.55,931.86,990,6,990,57.7,67.99,272.65,4.6,3.8,4.1,4.28,75,20,21,1.03,0.99
23/07/2021,6:03:00 PM,6:04:28 PM,Melton,VIC,3,185518440,R3 1720m Pace M,185518441,Harness,1720,Pace,39969143,3,Keayang Da Vinci,LOSER,104.57,LOSER,15.5,90.04,140,75,120,93.13,55.45,880,5.5,700,80.09,27.83,99.4,15.5,12,12,14.62,78.47,80,85,1.03,0.99
23/07/2021,6:03:00 PM,6:04:28 PM,Melton,VIC,3,185518440,R3 1720m Pace M,185518441,Harness,1720,Pace,21317254,4,Where Ya Bin,LOSER,18.97,LOSER,4.5,350.66,36,13,18.5,17.31,1043.76,490,17,420,51.92,43.36,316.3,4.2,3.4,4.2,3.68,21.49,13.5,14.5,1.03,0.99
23/07/2021,6:03:00 PM,6:04:28 PM,Melton,VIC,3,185518440,R3 1720m Pace M,185518441,Harness,1720,Pace,10592965,5,Chapter One,LOSER,6.11,LOSER,2.4,830.33,11,6,6.6,6.51,2795.58,560,3.95,560,11.68,509.63,1108.9,2.5,2.2,2.46,2.44,221.47,6.4,6.6,1.03,0.99
23/07/2021,6:03:00 PM,6:04:28 PM,Melton,VIC,3,185518440,R3 1720m Pace M,185518441,Harness,1720,Pace,9010281,6,Stagger Lee,LOSER,6.68,LOSER,2.51,739.68,8,5.6,7.2,6.93,1922.59,560,6.6,560,20.05,155.21,461.49,2.88,2.36,2.58,2.5,76.3,7,7.2,1.03,0.99
23/07/2021,6:03:00 PM,6:04:28 PM,Melton,VIC,3,185518440,R3 1720m Pace M,185518441,Harness,1720,Pace,10089818,7,Dikerry,LOSER,15.03,WINNER,3.59,286.87,22,11,14.5,12.64,531.68,100,1.35,50,11.23,287.06,376.27,3.5,3.4,3.5,3.48,43.67,11.5,12,1.03,0.99
23/07/2021,6:03:00 PM,6:04:28 PM,Melton,VIC,3,185518440,R3 1720m Pace M,185518441,Harness,1720,Pace,10779642,8,Ample Power,WINNER,4.47,WINNER,2.06,2334.38,5.6,2.8,4.6,4.12,6754.91,6.4,1.01,1.01,2.05,3995.81,365.59,2,1.48,2,1.92,226.89,5.2,5.4,1.03,0.99
23/07/2021,6:03:00 PM,6:04:28 PM,Melton,VIC,3,185518440,R3 1720m Pace M,185518441,Harness,1720,Pace,14909309,9,Loorrim Creek,LOSER,4.78,WINNER,2.16,1641.67,19.5,4.9,5.3,6.91,4232.83,560,3.85,560,7.08,814.63,510.68,3.35,1.97,2.04,2.25,146.23,5,5.1,1.03,0.99
23/07/2021,6:32:00 PM,6:33:02 PM,Melton,VIC,4,185518442,R4 2240m Trot M,185518443,Harness,2240,Trot,40272097,1,Elegant Jet,LOSER,8.75,WINNER,2.12,783,11,4.5,8,6.44,6502.02,560,4.1,560,8.71,1014.78,294.4,2.32,1.99,2.12,2.09,395.42,9.8,11,1.04,0.97
23/07/2021,6:32:00 PM,6:33:02 PM,Melton,VIC,4,185518442,R4 2240m Trot M,185518443,Harness,2240,Trot,3326195,2,Bromwich,WINNER,4.3,WINNER,1.58,1431.03,4.6,3.4,4,3.85,9502.27,10,1.01,1.17,2.63,2504.39,986.59,1.6,1.49,1.59,1.53,350.14,3.5,3.75,1.04,0.97
23/07/2021,6:32:00 PM,6:33:02 PM,Melton,VIC,4,185518442,R4 2240m Trot M,185518443,Harness,2240,Trot,1403090,3,Carnera,LOSER,48.36,LOSER,5.75,171.29,48,30,44,40.62,212.08,1000,40,1000,275.97,63.53,134.64,6.2,5.3,5.6,5.72,151.74,38,44,1.04,0.97
23/07/2021,6:32:00 PM,6:33:02 PM,Melton,VIC,4,185518442,R4 2240m Trot M,185518443,Harness,2240,Trot,26531378,4,Naked Ambition,LOSER,68.46,WINNER,6.91,123.16,65,42,50,48.47,118.51,300,1.33,29,12.12,281.71,179.63,7.2,6,7.2,6.73,50.19,40,55,1.04,0.97
23/07/2021,6:32:00 PM,6:33:02 PM,Melton,VIC,4,185518442,R4 2240m Trot M,185518443,Harness,2240,Trot,18258431,5,Georgias Pride,LOSER,12.5,LOSER,2.53,518.48,17.5,9.6,12,12.56,754.52,560,8,550,30.08,100.28,713.68,2.96,2.42,2.62,2.58,147.05,10.5,11.5,1.04,0.97
23/07/2021,6:32:00 PM,6:33:02 PM,Melton,VIC,4,185518442,R4 2240m Trot M,185518443,Harness,2240,Trot,18406407,6,Maorishadow,LOSER,10.64,LOSER,2.7,421.1,23,9.2,9.8,10.4,2106.2,560,6.4,490,16.87,382.2,321.11,3.6,2.7,2.72,2.77,16.57,9.4,10.5,1.04,0.97
23/07/2021,6:32:00 PM,6:33:02 PM,Melton,VIC,4,185518442,R4 2240m Trot M,185518443,Harness,2240,Trot,23582208,8,Whatwillbeewillbee,LOSER,2.02,LOSER,1.31,10068.64,2.98,2.36,2.4,2.53,6991.77,560,1.34,560,2.12,5092.15,1098.27,1.33,1.27,1.29,1.31,375.1,2.56,2.62,1.04,0.97
23/07/2021,6:32:00 PM,6:33:02 PM,Melton,VIC,4,185518442,R4 2240m Trot M,185518443,Harness,2240,Trot,7610123,9,Left Right Andcentre,LOSER,85.67,LOSER,9.4,112.07,170,65,100,93.32,212.13,300,13,170,84.27,18.55,55.22,9.4,8,9.4,8.8,46.77,90,120,1.04,0.97
23/07/2021,7:00:00 PM,7:01:06 PM,Melton,VIC,5,185518444,R5 1720m Pace M,185518445,Harness,1720,Pace,27152273,1,Really Campbell,LOSER,21,LOSER,2.7,239.7,30,14,21,18.02,2487.26,900,10,900,34.94,80.17,496.2,3.55,2.36,2.36,2.95,647.91,26,30,1.03,0.98
23/07/2021,7:00:00 PM,7:01:06 PM,Melton,VIC,5,185518444,R5 1720m Pace M,185518445,Harness,1720,Pace,13224972,2,Rocks Roy,LOSER,111.06,LOSER,9.29,67.78,110,44,75,67.26,68.27,940,110,940,276.36,5.19,159.41,,,,,,50,70,1.03,0.98
23/07/2021,7:00:00 PM,7:01:06 PM,Melton,VIC,5,185518444,R5 1720m Pace M,185518445,Harness,1720,Pace,28385488,3,Fullofmischief,LOSER,38,LOSER,4.56,264.95,40,22,40,29.19,223.11,910,11,910,70.71,70.18,203.13,4.7,3.75,4.5,4.24,291.18,24,25,1.03,0.98
23/07/2021,7:00:00 PM,7:01:06 PM,Melton,VIC,5,185518444,R5 1720m Pace M,185518445,Harness,1720,Pace,3455549,4,Speed Dating,LOSER,70,LOSER,5.2,109.6,75,40,75,54.25,69.76,920,75,750,250.02,9.01,124.35,5.8,5.2,5.5,5.45,315.91,44,50,1.03,0.98
23/07/2021,7:00:00 PM,7:01:06 PM,Melton,VIC,5,185518444,R5 1720m Pace M,185518445,Harness,1720,Pace,28024102,5,Chase The Hat Trick,WINNER,1.51,WINNER,1.14,3417.58,3.35,1.51,1.53,1.63,30206.13,2.5,1.01,1.01,1.37,7836.99,1696,1.15,1.12,1.13,1.14,1548.87,1.54,1.58,1.03,0.98
23/07/2021,7:00:00 PM,7:01:06 PM,Melton,VIC,5,185518444,R5 1720m Pace M,185518445,Harness,1720,Pace,40272098,6,Special Lady,LOSER,6.19,WINNER,1.81,1249.24,9,3.9,6.6,6.73,6517.55,600,1.67,590,12.55,580.74,776.1,2.06,1.77,1.77,1.91,461.51,7.8,8,1.03,0.98
23/07/2021,7:00:00 PM,7:01:06 PM,Melton,VIC,5,185518444,R5 1720m Pace M,185518445,Harness,1720,Pace,675235,7,Highclere,LOSER,44.19,LOSER,5.4,400.55,50,26,40,33.9,255.21,930,42,780,59.17,60.86,296.97,,,,,,30,34,1.03,0.98
23/07/2021,7:00:00 PM,7:01:06 PM,Melton,VIC,5,185518444,R5 1720m Pace M,185518445,Harness,1720,Pace,28222648,8,Better Exclusive,LOSER,15.89,WINNER,2.65,459.09,17.5,13,17,14.89,557.62,1000,5.9,1000,19.51,215.89,403.55,2.5,2.4,2.42,2.43,1542.38,14,15.5,1.03,0.98
23/07/2021,7:00:00 PM,7:01:06 PM,Melton,VIC,5,185518444,R5 1720m Pace M,185518445,Harness,1720,Pace,20357274,9,Village Voice,LOSER,65.86,LOSER,12.5,127.86,90,40,75,55.39,90.94,580,13,580,69.17,42.94,96.22,5.3,5.2,5.3,5.28,5,46,55,1.03,0.98
23/07/2021,7:30:00 PM,7:31:17 PM,Melton,VIC,6,185518446,R6 2240m Trot M,185518447,Harness,2240,Trot,38533773,1,Amour Fraternelle,LOSER,31.98,LOSER,18.69,286.61,85,4.6,42,9.45,5479.28,490,27,300,37.13,158.63,108.45,5.1,2.04,3.75,2.39,3309.21,6.8,7.2,1.04,0.98
23/07/2021,7:30:00 PM,7:31:17 PM,Melton,VIC,6,185518446,R6 2240m Trot M,185518447,Harness,2240,Trot,18866613,2,You Really Got Me,LOSER,6.74,LOSER,2.11,1005.36,13.5,7,7,8.36,2338.48,600,1.97,290,6.56,1523.62,1365.83,3.6,2.4,2.4,2.49,197.31,7.6,8.2,1.04,0.98
23/07/2021,7:30:00 PM,7:31:17 PM,Melton,VIC,6,185518446,R6 2240m Trot M,185518447,Harness,2240,Trot,39670822,3,Normandy Belle,LOSER,4.64,LOSER,1.86,1405.93,13.5,4.8,4.8,5.89,7536.21,600,3.2,560,14,373.05,1010.43,2.8,1.85,2.02,2.14,661.95,6,6.4,1.04,0.98
23/07/2021,7:30:00 PM,7:31:17 PM,Melton,VIC,6,185518446,R6 2240m Trot M,185518447,Harness,2240,Trot,13427408,4,Bootleg Bert,LOSER,79.18,LOSER,13.81,164.37,150,85,110,115.53,67.07,880,10.5,300,69.63,43.27,116.4,15,9.4,9.4,12.63,6.65,110,120,1.04,0.98
23/07/2021,7:30:00 PM,7:31:17 PM,Melton,VIC,6,185518446,R6 2240m Trot M,185518447,Harness,2240,Trot,15920739,5,Flash Kyvalley,LOSER,9.41,WINNER,2.33,776.98,16,9,9,11.06,2334.31,560,5.6,280,17.88,183.39,508.5,2.98,2.26,2.26,2.72,506.76,11.5,12.5,1.04,0.98
23/07/2021,7:30:00 PM,7:31:17 PM,Melton,VIC,6,185518446,R6 2240m Trot M,185518447,Harness,2240,Trot,25899610,6,Sarahleonie Bow,LOSER,80.57,LOSER,9.62,115.56,110,46,85,67.21,93.05,940,80,780,378.49,9.36,101.45,12.5,10,10,11.44,63.97,65,85,1.04,0.98
23/07/2021,7:30:00 PM,7:31:17 PM,Melton,VIC,6,185518446,R6 2240m Trot M,185518447,Harness,2240,Trot,20707060,7,Gentleman Sir,LOSER,220.42,LOSER,237.93,80.86,440,110,270,213.33,56.84,700,130,450,247.09,18.92,1.63,990,32,190,91.42,11.66,310,350,1.04,0.98
23/07/2021,7:30:00 PM,7:31:17 PM,Melton,VIC,6,185518446,R6 2240m Trot M,185518447,Harness,2240,Trot,28708241,8,Aldebaran Tess,WINNER,5.4,WINNER,2.1,961.33,6.6,3.05,5.5,5.76,2862.11,75,1.03,1.05,3,1256.02,771.12,2.12,1.76,1.95,2.03,265.34,6,6.4,1.04,0.98
23/07/2021,7:30:00 PM,7:31:17 PM,Melton,VIC,6,185518446,R6 2240m Trot M,185518447,Harness,2240,Trot,26971913,9,Zigzagzoo,LOSER,2.62,WINNER,1.48,8097.22,3.9,2.78,3.25,3.47,7570.5,24,1.11,10,2.51,6353.95,1290.33,1.66,1.44,1.55,1.58,486.13,3.3,3.45,1.04,0.98
23/07/2021,7:30:00 PM,7:31:17 PM,Melton,VIC,6,185518446,R6 2240m Trot M,185518447,Harness,2240,Trot,22258080,10,Fear Not,LOSER,77.98,LOSER,13,148.94,140,50,90,88.84,133.32,930,12.5,930,81.99,36.86,79.33,13.5,7.4,10,9.34,77.24,85,90,1.04,0.98
23/07/2021,8:00:00 PM,8:01:43 PM,Melton,VIC,7,185518448,R7 1720m Pace M,185518449,Harness,1720,Pace,599633,1,Tuppence,WINNER,1.26,WINNER,1.09,13462.46,2.18,1.32,1.34,1.48,24623.11,1.89,1.01,1.01,1.2,10528.78,9.97,1.17,1.08,1.08,1.09,1377.61,1.4,1.42,1.02,0.99
23/07/2021,8:00:00 PM,8:01:43 PM,Melton,VIC,7,185518448,R7 1720m Pace M,185518449,Harness,1720,Pace,25091545,2,Bronski Moment,LOSER,120,LOSER,6.2,74.3,170,70,130,82.08,68.66,930,46,700,480.42,1.71,372.48,6.6,5.2,6.2,6.17,129.2,70,80,1.02,0.99
23/07/2021,8:00:00 PM,8:01:43 PM,Melton,VIC,7,185518448,R7 1720m Pace M,185518449,Harness,1720,Pace,12263679,3,Miss Dangerfield,LOSER,107.94,LOSER,9.95,67.03,300,75,150,110.55,127.73,960,140,140,477.94,3.23,105.1,9,7.4,9,7.91,7.34,90,100,1.02,0.99
23/07/2021,8:00:00 PM,8:01:43 PM,Melton,VIC,7,185518448,R7 1720m Pace M,185518449,Harness,1720,Pace,40272099,4,Balenciago,LOSER,7.92,WINNER,1.7,1169.85,11.5,3.2,10,7.7,3630.31,560,4.5,560,10.41,584.33,1084.74,1.71,1.42,1.7,1.61,173.87,8.6,9,1.02,0.99
23/07/2021,8:00:00 PM,8:01:43 PM,Melton,VIC,7,185518448,R7 1720m Pace M,185518449,Harness,1720,Pace,24416762,5,Common Courtesy,LOSER,15.34,LOSER,2.14,323.84,28,12,14.5,14.76,1303.61,1000,15,1000,225.55,22.48,765.78,2.38,1.97,2.08,2.04,55.04,13,13.5,1.02,0.99
23/07/2021,8:00:00 PM,8:01:43 PM,Melton,VIC,7,185518448,R7 1720m Pace M,185518449,Harness,1720,Pace,640562,6,Tropical Storm,LOSER,112.5,LOSER,8.71,90.71,250,42,130,79.09,106.68,930,60,700,146.26,11.05,185.76,8.2,4.5,8,8.03,15.77,80,85,1.02,0.99
23/07/2021,8:00:00 PM,8:01:43 PM,Melton,VIC,7,185518448,R7 1720m Pace M,185518449,Harness,1720,Pace,10410291,7,The Gingerbreadman,LOSER,190,LOSER,11.25,50.14,480,110,180,156.24,83.83,900,140,150,212.49,6.16,108.94,10,10,10,10,5,160,180,1.02,0.99
23/07/2021,8:00:00 PM,8:01:43 PM,Melton,VIC,7,185518448,R7 1720m Pace M,185518449,Harness,1720,Pace,22023463,8,Smooth Deal,LOSER,16.18,WINNER,1.81,344.49,17,8,17,13.2,3321.6,1000,7.6,120,140.11,46.51,1120.19,2,1.81,1.84,1.87,324.85,15.5,16,1.02,0.99
23/07/2021,8:30:00 PM,8:32:06 PM,Melton,VIC,8,185518450,R8 2240m Pace M,185518451,Harness,2240,Pace,18041564,1,Sea Hawke,LOSER,38.33,LOSER,7.98,106.89,48,28,38,39.54,92.25,920,17,920,60.27,73.04,48.17,6.6,5.7,5.7,6.03,150,38,44,1.03,0.97
23/07/2021,8:30:00 PM,8:32:06 PM,Melton,VIC,8,185518450,R8 2240m Pace M,185518451,Harness,2240,Pace,13313344,2,Manthadee,LOSER,32,LOSER,3.98,198.84,30,21,30,24.26,239.49,910,14,730,48.87,66.19,285.15,4.6,3.9,3.95,4.11,309.49,21,24,1.03,0.97
23/07/2021,8:30:00 PM,8:32:06 PM,Melton,VIC,8,185518450,R8 2240m Pace M,185518451,Harness,2240,Pace,14310408,3,Son Of Major,LOSER,84.72,LOSER,14.05,79.58,95,44,70,63.52,46.74,770,75,770,230.43,8.85,78.74,,,,,,55,70,1.03,0.97
23/07/2021,8:30:00 PM,8:32:06 PM,Melton,VIC,8,185518450,R8 2240m Pace M,185518451,Harness,2240,Pace,22455874,4,Miss Blue Glory,LOSER,20,LOSER,4.7,347.67,22,15,20,17.88,325.74,900,20,900,63.24,50.03,219.54,5,5,5,5,0.77,16,16.5,1.03,0.97
23/07/2021,8:30:00 PM,8:32:06 PM,Melton,VIC,8,185518450,R8 2240m Pace M,185518451,Harness,2240,Pace,40272100,5,Mister Fortunia,LOSER,6.6,LOSER,2.07,672.1,6.8,3.6,6.6,5.65,1610.48,780,3.5,560,10.2,681.98,679.16,2.14,1.86,2.08,2.07,373.93,5.5,5.9,1.03,0.97
23/07/2021,8:30:00 PM,8:32:06 PM,Melton,VIC,8,185518450,R8 2240m Pace M,185518451,Harness,2240,Pace,17103269,6,Supreme Dominator,LOSER,4.33,WINNER,1.72,673.51,7.4,4.2,4.2,4.87,1958.11,110,3,100,5.61,605.99,692.28,1.9,1.72,1.72,1.84,60.29,5.6,5.8,1.03,0.97
23/07/2021,8:30:00 PM,8:32:06 PM,Melton,VIC,8,185518450,R8 2240m Pace M,185518451,Harness,2240,Pace,27838526,7,Wheres Seggy,LOSER,19.74,WINNER,4.22,327.98,24,13.5,17,17.02,337.33,490,5.7,400,38.31,129.77,230.59,4.8,4.1,4.8,4.35,14.57,18.5,19,1.03,0.97
23/07/2021,8:30:00 PM,8:32:06 PM,Melton,VIC,8,185518450,R8 2240m Pace M,185518451,Harness,2240,Pace,20060374,8,All Major,LOSER,33.44,LOSER,7.2,146.24,46,25,32,39.77,163.05,660,15.5,660,56.73,46.89,88.07,6,5.5,5.7,5.67,80,36,44,1.03,0.97
23/07/2021,8:30:00 PM,8:32:06 PM,Melton,VIC,8,185518450,R8 2240m Pace M,185518451,Harness,2240,Pace,22257500,9,Messerati,LOSER,30.26,LOSER,4.8,170.53,36,22,34,28.54,132.74,730,12.5,730,60.85,53.85,222.7,5.3,4.8,5.3,4.95,96.56,26,28,1.03,0.97
23/07/2021,8:30:00 PM,8:32:06 PM,Melton,VIC,8,185518450,R8 2240m Pace M,185518451,Harness,2240,Pace,13379480,10,Master Moonlite,WINNER,2.68,WINNER,1.42,3540.13,2.92,2.44,2.68,2.66,11048.74,2.72,1.01,1.01,1.52,4461.42,977.66,1.43,1.32,1.43,1.38,512.9,2.56,2.68,1.03,0.97
23/07/2021,9:00:00 PM,9:01:27 PM,Melton,VIC,9,185518452,R9 1720m Pace M,185518453,Harness,1720,Pace,38979765,1,Ghost Of Time,LOSER,3.33,LOSER,1.69,2615.45,4.1,2.8,3.4,3.7,4882.14,600,2.1,600,5.67,1511.6,1037,1.72,1.49,1.72,1.58,1269.64,3.75,3.85,1.03,0.98
23/07/2021,9:00:00 PM,9:01:27 PM,Melton,VIC,9,185518452,R9 1720m Pace M,185518453,Harness,1720,Pace,28737118,2,Beneath The Shadow,LOSER,9.79,LOSER,3.08,490.14,14.5,8,11,10.23,1061.3,560,3.65,560,10.87,336.44,374.2,4.2,2.98,2.98,3.3,31.62,12,13.5,1.03,0.98
23/07/2021,9:00:00 PM,9:01:27 PM,Melton,VIC,9,185518452,R9 1720m Pace M,185518453,Harness,1720,Pace,19167834,3,Lenard Ess,LOSER,11.55,LOSER,2.88,604.47,25,12,12,17.73,777.08,560,9.2,560,22.72,118.57,426.26,3.65,3,3.15,3.17,201.51,18,20,1.03,0.98
23/07/2021,9:00:00 PM,9:01:27 PM,Melton,VIC,9,185518452,R9 1720m Pace M,185518453,Harness,1720,Pace,15796680,4,Our Master George,LOSER,51.49,WINNER,9.65,129.03,70,42,55,53.27,89.53,140,2.06,75,21.88,103.1,121.82,,,,,,55,60,1.03,0.98
23/07/2021,9:00:00 PM,9:01:27 PM,Melton,VIC,9,185518452,R9 1720m Pace M,185518453,Harness,1720,Pace,36748886,6,Gotta Smudge,LOSER,5.9,LOSER,1.77,955.21,6.2,3.6,6,4.3,4427.76,560,3,560,7.51,754.91,1495.08,1.91,1.62,1.89,1.75,290.85,3.7,3.8,1.03,0.98
23/07/2021,9:00:00 PM,9:01:27 PM,Melton,VIC,9,185518452,R9 1720m Pace M,185518453,Harness,1720,Pace,36120562,7,Mister Macedon,LOSER,4.94,WINNER,1.71,1243.58,10.5,4.6,4.7,5.63,3484.95,560,2.76,560,6.02,839.17,734.54,2.18,1.69,1.71,1.76,358.21,5.3,5.4,1.03,0.98
23/07/2021,9:00:00 PM,9:01:27 PM,Melton,VIC,9,185518452,R9 1720m Pace M,185518453,Harness,1720,Pace,27456048,8,Moonlite Drive,WINNER,7.43,WINNER,1.94,772.56,8.2,3.5,7.4,6.73,2975.61,24,1.01,1.01,2.19,2812.85,871.05,2.06,1.82,1.95,1.97,297.44,6.8,7.4,1.03,0.98
23/07/2021,9:30:00 PM,9:31:27 PM,Melton,VIC,10,185518454,R10 2240m Pace M,185518455,Harness,2240,Pace,40272101,1,Alta Cassino,LOSER,14.94,LOSER,3.45,276.02,23,10.5,13.5,14.11,504.41,490,12.5,280,24.72,128.75,448.26,3.65,2.92,3.15,3.21,45,14.5,15,1.02,0.99
23/07/2021,9:30:00 PM,9:31:27 PM,Melton,VIC,10,185518454,R10 2240m Pace M,185518455,Harness,2240,Pace,28092194,2,Whiskey And Rye,LOSER,8.23,LOSER,2.85,682.39,10.5,5.9,9.8,9.17,1418.42,890,5.2,890,14.92,440.43,707.52,2.88,2.76,2.88,2.79,53.08,9.6,9.6,1.02,0.99
23/07/2021,9:30:00 PM,9:31:27 PM,Melton,VIC,10,185518454,R10 2240m Pace M,185518455,Harness,2240,Pace,38320391,3,Onwatch,LOSER,7.7,LOSER,2.99,678.19,11.5,8,8.2,8.72,732.15,560,5.8,560,16.65,169.76,255.91,2.82,2.38,2.82,2.42,0.93,8.6,9,1.02,0.99
23/07/2021,9:30:00 PM,9:31:27 PM,Melton,VIC,10,185518454,R10 2240m Pace M,185518455,Harness,2240,Pace,40272102,4,Roll With Eunice,LOSER,9.4,WINNER,2.74,467.21,14,8.2,8.6,9.58,1059.39,560,2.68,560,8.45,275.41,281.69,2.66,2.6,2.62,2.61,63.84,9.8,10.5,1.02,0.99
23/07/2021,9:30:00 PM,9:31:27 PM,Melton,VIC,10,185518454,R10 2240m Pace M,185518455,Harness,2240,Pace,40272103,5,Priddy Sublime,LOSER,57.21,LOSER,16.99,126.97,95,42,44,63.76,162.96,870,27,870,76.03,44.47,99.26,11,9.4,9.4,9.75,23.55,55,60,1.02,0.99
23/07/2021,9:30:00 PM,9:31:27 PM,Melton,VIC,10,185518454,R10 2240m Pace M,185518455,Harness,2240,Pace,40272104,6,Captain Wilson,LOSER,3.14,LOSER,1.66,2844.53,3.85,2.9,3.25,3.31,8405.59,560,2.84,490,6.47,593.8,858.35,1.7,1.65,1.69,1.67,315.64,3.3,3.35,1.02,0.99
23/07/2021,9:30:00 PM,9:31:27 PM,Melton,VIC,10,185518454,R10 2240m Pace M,185518455,Harness,2240,Pace,40272105,7,Kurun Express,WINNER,9.03,WINNER,2.61,511.89,9.8,5,9,7.21,2034.49,10,1.01,1.01,1.72,3140.8,628.15,2.08,2.08,2.08,2.08,0.17,7.4,7.6,1.02,0.99
23/07/2021,9:30:00 PM,9:31:27 PM,Melton,VIC,10,185518454,R10 2240m Pace M,185518455,Harness,2240,Pace,28596467,8,Treacherous Saint,LOSER,32.3,WINNER,15.43,209.68,48,22,34,34.76,141.76,170,1.5,120,19.42,186.26,109.62,21,10.5,10.5,15.3,0.27,30,32,1.02,0.99
23/07/2021,9:30:00 PM,9:31:27 PM,Melton,VIC,10,185518454,R10 2240m Pace M,185518455,Harness,2240,Pace,39498516,9,Yapper,LOSER,8.49,LOSER,2.4,551.79,10.5,7,8.6,8.24,1229.25,560,4.5,560,29.7,104.95,812.1,2.8,2.28,2.42,2.34,113.81,7.4,7.6,1.02,0.99
23/07/2021,10:06:00 PM,10:06:59 PM,Melton,VIC,11,185518456,R11 1720m Pace M,185518457,Harness,1720,Pace,40272106,1,Prickle Patch,WINNER,26,WINNER,4.57,236.83,26,13,25,19.27,559.59,26,1.01,1.01,1.67,1363.2,382.7,6.4,3.2,4.6,3.49,778.79,23,27,1.03,0.97
23/07/2021,10:06:00 PM,10:06:59 PM,Melton,VIC,11,185518456,R11 1720m Pace M,185518457,Harness,1720,Pace,11044696,2,Aussiepride,LOSER,3.75,WINNER,1.57,2654.3,4.8,2.52,3.8,3.98,11874.87,100,1.2,55,3.1,1018.65,1557.62,1.7,1.4,1.59,1.57,274.43,4,4.1,1.03,0.97
23/07/2021,10:06:00 PM,10:06:59 PM,Melton,VIC,11,185518456,R11 1720m Pace M,185518457,Harness,1720,Pace,39519152,3,Whata Roller,LOSER,10.56,WINNER,2.93,643.17,16.5,10,11,11.63,1057.15,560,8.2,560,29.54,52.11,528.9,3.1,2.82,2.86,2.86,279.44,11.5,12.5,1.03,0.97
23/07/2021,10:06:00 PM,10:06:59 PM,Melton,VIC,11,185518456,R11 1720m Pace M,185518457,Harness,1720,Pace,28551721,4,Lizzadro,LOSER,2.61,LOSER,1.33,2228.54,4.3,2.54,2.58,2.83,13686.45,560,2.48,560,4.62,684.23,1662.28,1.37,1.32,1.37,1.35,87.5,2.62,2.68,1.03,0.97
23/07/2021,10:06:00 PM,10:06:59 PM,Melton,VIC,11,185518456,R11 1720m Pace M,185518457,Harness,1720,Pace,18849493,5,Shawami Lass,LOSER,9.45,LOSER,2.24,799.29,10.5,7,9.8,8.09,1667.62,560,9.2,420,36.73,79.68,945.5,2.66,2.18,2.26,2.21,280.63,7,8.2,1.03,0.97
23/07/2021,10:06:00 PM,10:06:59 PM,Melton,VIC,11,185518456,R11 1720m Pace M,185518457,Harness,1720,Pace,10513881,6,Feel The Buzz,LOSER,29.99,LOSER,5.1,210.12,130,24,30,31.65,174.66,300,40,300,56.67,21.02,331.39,15,5.1,5.2,7.76,130.89,25,30,1.03,0.97
23/07/2021,10:06:00 PM,10:06:59 PM,Melton,VIC,11,185518456,R11 1720m Pace M,185518457,Harness,1720,Pace,19051974,7,Trent From Punchy,LOSER,55,LOSER,7.2,81.77,100,44,55,57.87,112.9,300,21,300,50.01,31.31,107.72,7.8,7.2,7.8,7.54,41.72,70,85,1.03,0.97
23/07/2021,10:06:00 PM,10:06:59 PM,Melton,VIC,11,185518456,R11 1720m Pace M,185518457,Harness,1720,Pace,23104834,8,Pinnacle Hope,LOSER,14,LOSER,3.05,482.45,19.5,11,13,12.5,554.86,490,5.9,420,18.06,144.78,505.68,3.15,2.72,3.05,3.03,31.19,13.5,15,1.03,0.97
23/07/2021,10:40:00 PM,10:41:12 PM,Melton,VIC,12,185518458,R12 2240m Pace M,185518459,Harness,2240,Pace,40272107,1,Scotts Rain,LOSER,4.08,WINNER,2.34,1058.67,5.4,3.6,3.95,4.25,5575.63,110,4,100,7.92,278.48,231.79,2.22,2.16,2.22,2.19,53.07,4.2,4.3,1.03,0.98
23/07/2021,10:40:00 PM,10:41:12 PM,Melton,VIC,12,185518458,R12 2240m Pace M,185518459,Harness,2240,Pace,28459669,2,Tipofthetongue,WINNER,5.9,WINNER,2.79,1242.6,8,5.4,6.4,6.01,1430.45,6,1.01,1.01,1.72,3099.44,475.69,3,2.58,2.66,2.71,136.08,5.7,6,1.03,0.98
23/07/2021,10:40:00 PM,10:41:12 PM,Melton,VIC,12,185518458,R12 2240m Pace M,185518459,Harness,2240,Pace,40272108,3,Cantseeme,LOSER,39.48,LOSER,10.5,196.75,36,23,36,29.39,88.82,180,8.8,180,44.32,43.84,110.89,,,,,,25,28,1.03,0.98
23/07/2021,10:40:00 PM,10:41:12 PM,Melton,VIC,12,185518458,R12 2240m Pace M,185518459,Harness,2240,Pace,28396454,4,Marcys Star,LOSER,29.27,LOSER,7.69,286.19,34,23,28,25.06,110.88,730,15,730,66.2,41.44,207.08,,,,,,22,23,1.03,0.98
23/07/2021,10:40:00 PM,10:41:12 PM,Melton,VIC,12,185518458,R12 2240m Pace M,185518459,Harness,2240,Pace,40129458,5,Ajays Racer,LOSER,2.47,LOSER,1.61,3250.19,3.25,2.16,2.52,2.73,8580.33,900,1.69,120,7.22,1176.44,1065.72,1.84,1.47,1.74,1.8,306.09,2.84,2.9,1.03,0.98
23/07/2021,10:40:00 PM,10:41:12 PM,Melton,VIC,12,185518458,R12 2240m Pace M,185518459,Harness,2240,Pace,40272109,6,Kalkadoon Warrior,LOSER,14.92,LOSER,5.45,482.64,13.5,6.4,13.5,10.25,370.45,1000,4.2,1000,24.63,286.57,146.64,4.9,4.4,4.9,4.52,58.85,10.5,11.5,1.03,0.98
23/07/2021,10:40:00 PM,10:41:12 PM,Melton,VIC,12,185518458,R12 2240m Pace M,185518459,Harness,2240,Pace,40272110,7,Gilardi,LOSER,16.87,LOSER,6.9,296.44,17,8.4,16.5,11.15,1237.14,490,5.2,490,23.31,84.71,133.51,5.2,3.95,5.2,5,47.65,12.5,14,1.03,0.98
23/07/2021,8:04:00 PM,8:05:25 PM,Narrogin,WA,1,185525447,R1 1823m Pace M,185525448,Harness,1823,Pace,40272364,1,Never Forget Adda,WINNER,4.2,WINNER,2.07,1426.07,4.6,3.2,4,3.73,3306.2,6.4,1.01,1.01,1.66,1997.13,805.72,2.18,1.94,1.94,1.95,25.06,3.65,3.75,1.02,0.97
23/07/2021,8:04:00 PM,8:05:25 PM,Narrogin,WA,1,185525447,R1 1823m Pace M,185525448,Harness,1823,Pace,40129506,2,First Airborne,LOSER,25.31,LOSER,11.83,236.24,46,24,26,29.64,191.63,510,15,510,34.09,35.64,200.79,8.4,8.4,8.4,8.4,0.02,28,29,1.02,0.97
23/07/2021,8:04:00 PM,8:05:25 PM,Narrogin,WA,1,185525447,R1 1823m Pace M,185525448,Harness,1823,Pace,1130222,3,Regimental Star,LOSER,3.5,LOSER,1.98,713.8,4,2.96,3.5,3.35,5523.53,600,2.12,590,9.19,344.07,264.85,2.14,1.81,1.86,1.87,137.08,3.8,3.95,1.02,0.97
23/07/2021,8:04:00 PM,8:05:25 PM,Narrogin,WA,1,185525447,R1 1823m Pace M,185525448,Harness,1823,Pace,40040658,4,Pacific Eagle,LOSER,90,LOSER,64.21,130.49,200,100,110,127.2,29.67,300,55,300,89.49,27.3,20,,,,,,120,140,1.02,0.97
23/07/2021,8:04:00 PM,8:05:25 PM,Narrogin,WA,1,185525447,R1 1823m Pace M,185525448,Harness,1823,Pace,40272365,5,Carla Mila,LOSER,44.24,LOSER,29.75,162.16,90,22,46,49.95,105.8,300,20,200,52.17,22.86,48.52,,,,,,46,65,1.02,0.97
23/07/2021,8:04:00 PM,8:05:25 PM,Narrogin,WA,1,185525447,R1 1823m Pace M,185525448,Harness,1823,Pace,40272366,6,Follow The Ark,LOSER,2.96,WINNER,1.79,1186.15,5.2,2.88,3.1,3.14,4302.37,550,1.61,550,21.02,198.46,971.44,1.85,1.65,1.85,1.82,124.87,2.92,3.05,1.02,0.97
23/07/2021,8:04:00 PM,8:05:25 PM,Narrogin,WA,1,185525447,R1 1823m Pace M,185525448,Harness,1823,Pace,40272367,7,Cullen Star,LOSER,12.99,LOSER,4.95,247.19,17.5,5.9,11.5,12.89,605.7,560,8,560,25.07,44.06,233.6,5,4.8,4.9,4.91,124.61,14,14.5,1.02,0.97
23/07/2021,8:34:00 PM,8:34:40 PM,Narrogin,WA,2,185525449,R2 1823m Pace M,185525450,Harness,1823,Pace,40272368,1,Immachulate,LOSER,28.47,WINNER,7.05,120.08,32,20,30,23.29,25.22,560,24,560,105.44,5.87,255.93,,,,,,23,29,1.07,0.95
23/07/2021,8:34:00 PM,8:34:40 PM,Narrogin,WA,2,185525449,R2 1823m Pace M,185525450,Harness,1823,Pace,39967770,2,Classnsmart,LOSER,30.88,LOSER,6.8,81.65,34,22,32,23.55,57.71,300,12.5,50,26.52,39.73,131.6,,,,,,23,34,1.07,0.95
23/07/2021,8:34:00 PM,8:34:40 PM,Narrogin,WA,2,185525449,R2 1823m Pace M,185525450,Harness,1823,Pace,2041456,3,Humdinger,LOSER,4.46,LOSER,1.79,919.69,4.7,2.52,4.3,4.17,906.27,1000,7,1000,60.92,166.43,964.89,1.97,1.52,1.65,1.55,62.57,4.2,4.9,1.07,0.95
23/07/2021,8:34:00 PM,8:34:40 PM,Narrogin,WA,2,185525449,R2 1823m Pace M,185525450,Harness,1823,Pace,40272369,4,Straylya,LOSER,26.97,WINNER,11.45,150.82,190,26,27,33.02,59.16,300,2,55,40.21,107.89,130.41,,,,,,29,34,1.07,0.95
23/07/2021,8:34:00 PM,8:34:40 PM,Narrogin,WA,2,185525449,R2 1823m Pace M,185525450,Harness,1823,Pace,40112067,5,Silent Reaction,LOSER,37.45,LOSER,10.55,131.08,85,36,38,42.42,32.97,300,24,300,81.35,15.56,177.9,,,,,,44,46,1.07,0.95
23/07/2021,8:34:00 PM,8:34:40 PM,Narrogin,WA,2,185525449,R2 1823m Pace M,185525450,Harness,1823,Pace,40272370,6,Flash Mob,LOSER,13.63,LOSER,4.38,336.13,21,13.5,13.5,15.84,177.23,490,5.8,190,18.58,64.34,344.19,,,,,,15,16,1.07,0.95
23/07/2021,8:34:00 PM,8:34:40 PM,Narrogin,WA,2,185525449,R2 1823m Pace M,185525450,Harness,1823,Pace,40272371,7,Something Super,LOSER,39.93,LOSER,8.15,82.61,44,27,38,33.35,10.59,300,9.4,300,53.74,15.15,208.67,,,,,,28,36,1.07,0.95
23/07/2021,8:34:00 PM,8:34:40 PM,Narrogin,WA,2,185525449,R2 1823m Pace M,185525450,Harness,1823,Pace,36620931,8,Mega Mach,WINNER,6.8,WINNER,2.08,626.33,9.2,6.2,6.8,7.29,644.49,7.2,1.01,1.01,1.42,1884.81,768.05,2.58,2.58,2.58,2.58,0.03,7,7.4,1.07,0.95
23/07/2021,8:34:00 PM,8:34:40 PM,Narrogin,WA,2,185525449,R2 1823m Pace M,185525450,Harness,1823,Pace,40272372,9,Kolisi,LOSER,2.52,LOSER,1.38,1098.49,3.1,2.34,2.52,2.66,4151.1,560,2.06,560,5.54,399.71,1323.94,,,,,,2.48,2.64,1.07,0.95
23/07/2021,8:34:00 PM,8:34:40 PM,Narrogin,WA,2,185525449,R2 1823m Pace M,185525450,Harness,1823,Pace,40272373,10,Our Glowing Star,LOSER,39.49,LOSER,6.95,82.21,40,25,40,31.83,10.22,300,10.5,300,53.96,10.4,269.01,,,,,,24,34,1.07,0.95
23/07/2021,9:04:00 PM,9:04:43 PM,Narrogin,WA,3,185525451,R3 2242m Pace M,185525452,Harness,2242,Pace,4878463,1,Freyja,WINNER,2.02,WINNER,1.19,2231.03,2.28,1.86,2.02,2.02,12589.31,2.02,1.01,1.01,1.42,3285.63,1450.11,1.2,1.13,1.2,1.18,519.81,2,2.06,1.03,0.97
23/07/2021,9:04:00 PM,9:04:43 PM,Narrogin,WA,3,185525451,R3 2242m Pace M,185525452,Harness,2242,Pace,22282196,2,Rather Sentimental,LOSER,352.1,LOSER,50,36.94,780,220,690,338.24,6.43,780,36,780,249.33,14.52,48.58,17,16.5,16.5,16.97,5,320,690,1.03,0.97
23/07/2021,9:04:00 PM,9:04:43 PM,Narrogin,WA,3,185525451,R3 2242m Pace M,185525452,Harness,2242,Pace,23485231,3,Illawong Mustang,LOSER,5.7,LOSER,1.65,634.42,6.4,3.6,5.6,5.55,2902.48,600,5.6,600,22.59,204.99,988.85,1.73,1.58,1.73,1.58,20.72,5.2,5.7,1.03,0.97
23/07/2021,9:04:00 PM,9:04:43 PM,Narrogin,WA,3,185525451,R3 2242m Pace M,185525452,Harness,2242,Pace,6272476,4,Changingoftheguard,LOSER,15.5,LOSER,2.73,331.34,21,10.5,15,13.26,325.73,490,12,490,26.24,55.64,628.64,3.5,3.5,3.5,3.5,0.94,13,14,1.03,0.97
23/07/2021,9:04:00 PM,9:04:43 PM,Narrogin,WA,3,185525451,R3 2242m Pace M,185525452,Harness,2242,Pace,28672141,5,Riverina Flash,LOSER,5,WINNER,1.52,735.19,9.2,4.5,4.9,5.41,2654.74,140,3.75,140,6.95,332.27,982.72,1.56,1.54,1.55,1.56,80.65,4.9,5.3,1.03,0.97
23/07/2021,9:04:00 PM,9:04:43 PM,Narrogin,WA,3,185525451,R3 2242m Pace M,185525452,Harness,2242,Pace,27848989,6,Navajo Outawagga,LOSER,101.8,LOSER,12.9,61.38,110,75,100,102.37,36.83,940,100,940,269.77,4.36,128.77,,,,,,100,110,1.03,0.97
23/07/2021,9:04:00 PM,9:04:43 PM,Narrogin,WA,3,185525451,R3 2242m Pace M,185525452,Harness,2242,Pace,26411716,7,Rollyourown,LOSER,100,LOSER,21.2,46.47,170,32,90,92.13,25.02,920,17,750,104.21,55.32,90.14,5.8,5.8,5.8,5.8,5,110,160,1.03,0.97
23/07/2021,9:04:00 PM,9:04:43 PM,Narrogin,WA,3,185525451,R3 2242m Pace M,185525452,Harness,2242,Pace,17131400,9,Raging Romeo,LOSER,52.1,WINNER,492.6,99.69,60,26,44,44.94,58.14,730,17,730,55.59,28.57,,,,,,,40,55,1.03,0.97
23/07/2021,9:04:00 PM,9:04:43 PM,Narrogin,WA,3,185525451,R3 2242m Pace M,185525452,Harness,2242,Pace,28776870,10,The Batmobile,LOSER,58.27,LOSER,10.04,77.2,140,44,60,76.84,34.55,930,55,930,340.4,3.92,179.7,5.8,5.8,5.8,5.8,5,70,100,1.03,0.97
23/07/2021,9:37:00 PM,9:39:04 PM,Narrogin,WA,4,185525453,R4 2242m Pace M,185525454,Harness,2242,Pace,39810905,1,No Pips Given,LOSER,241.26,LOSER,3.8,21.38,230,32,190,138.71,81.92,760,240,760,370.23,2.75,117.61,4.4,3.2,3.8,3.77,635.71,110,140,1.03,0.99
23/07/2021,9:37:00 PM,9:39:04 PM,Narrogin,WA,4,185525453,R4 2242m Pace M,185525454,Harness,2242,Pace,40272374,2,Cowboys N Bandits,WINNER,1.09,WINNER,1.01,7313.37,1.27,1.06,1.08,1.1,49035.75,1.11,1.01,1.01,1.05,8624.07,,1.05,1.02,1.02,1.02,1925.48,1.1,1.11,1.03,0.99
23/07/2021,9:37:00 PM,9:39:04 PM,Narrogin,WA,4,185525453,R4 2242m Pace M,185525454,Harness,2242,Pace,27857972,3,Stride Like A Star,LOSER,97.72,LOSER,4.55,94.19,130,20,85,72.58,92.13,740,90,740,109.76,18.44,422.57,3.55,2.92,3.55,3.03,106.22,60,80,1.03,0.99
23/07/2021,9:37:00 PM,9:39:04 PM,Narrogin,WA,4,185525453,R4 2242m Pace M,185525454,Harness,2242,Pace,6668843,4,Captain Casual,LOSER,46,WINNER,4.67,161.33,100,28,50,52.16,258.42,740,46,740,115.59,12.39,251.12,4.6,2.62,3.4,3.1,71.76,40,48,1.03,0.99
23/07/2021,9:37:00 PM,9:39:04 PM,Narrogin,WA,4,185525453,R4 2242m Pace M,185525454,Harness,2242,Pace,40186694,5,Alfa Prince,LOSER,65.99,WINNER,2.6,92.05,100,25,60,66.8,146.64,740,110,740,195.91,3.98,319.65,3.2,2.44,2.44,2.68,240.85,55,70,1.03,0.99
23/07/2021,9:37:00 PM,9:39:04 PM,Narrogin,WA,4,185525453,R4 2242m Pace M,185525454,Harness,2242,Pace,28170544,6,Alta Camino,LOSER,42.73,LOSER,2.24,187.9,95,16.5,48,49.81,192.41,170,60,170,98.53,5.48,458.39,2.44,2.02,2.12,2.2,162.83,30,42,1.03,0.99
23/07/2021,9:37:00 PM,9:39:04 PM,Narrogin,WA,4,185525453,R4 2242m Pace M,185525454,Harness,2242,Pace,25009593,7,Star In Art,LOSER,190,LOSER,2.96,39.77,300,46,200,140.4,122.73,940,190,940,510.34,2.45,379.67,3.55,2.82,3,3.04,1468.29,170,210,1.03,0.99
23/07/2021,9:37:00 PM,9:39:04 PM,Narrogin,WA,4,185525453,R4 2242m Pace M,185525454,Harness,2242,Pace,31736523,8,Fifo,LOSER,712.52,LOSER,13.5,7.96,760,200,570,304.51,64.81,740,600,720,712.54,7.36,74.58,18.5,8.8,13.5,15.01,34.06,220,250,1.03,0.99
23/07/2021,9:37:00 PM,9:39:04 PM,Narrogin,WA,4,185525453,R4 2242m Pace M,185525454,Harness,2242,Pace,9535647,9,Beware Of Darkness,LOSER,762.93,LOSER,42,7.06,740,240,500,357.8,48.22,900,710,710,719.07,6.48,54.11,100,8,42,36.64,16.2,240,250,1.03,0.99
23/07/2021,10:15:00 PM,10:15:31 PM,Narrogin,WA,5,185525455,R5 2636m Pace S,185525456,Harness,2636,Pace,19187167,1,How Gouda She,LOSER,132.17,LOSER,8.3,51.37,290,90,210,173.89,27.15,940,22,930,88.71,36.77,147.84,6,6,6,6,5,210,260,1.01,0.98
23/07/2021,10:15:00 PM,10:15:31 PM,Narrogin,WA,5,185525455,R5 2636m Pace S,185525456,Harness,2636,Pace,24239489,2,Celebrity Chef,LOSER,47.43,WINNER,2.99,133.73,60,22,50,41.45,42.28,720,11,720,39.9,56.92,609.87,3.1,2.98,3.1,3.04,33.41,48,50,1.01,0.98
23/07/2021,10:15:00 PM,10:15:31 PM,Narrogin,WA,5,185525455,R5 2636m Pace S,185525456,Harness,2636,Pace,27341074,3,Miracle Max,LOSER,115.6,LOSER,7.4,58.67,170,75,150,113.32,10.41,780,70,780,135.14,31.68,243.82,5.3,5.3,5.3,5.3,10,120,160,1.01,0.98
23/07/2021,10:15:00 PM,10:15:31 PM,Narrogin,WA,5,185525455,R5 2636m Pace S,185525456,Harness,2636,Pace,11686573,4,Eyes On The Money,LOSER,17.94,LOSER,2.08,209.34,24,11,18.5,18.42,330.81,560,17.5,560,40.65,17.45,651.39,2.24,1.88,1.91,1.9,129.97,20,23,1.01,0.98
23/07/2021,10:15:00 PM,10:15:31 PM,Narrogin,WA,5,185525455,R5 2636m Pace S,185525456,Harness,2636,Pace,21570816,5,Perlee Gates,LOSER,15.5,WINNER,1.86,203.47,20,14,16,17.69,263.08,560,15.5,560,50.19,11.79,434.04,2.2,1.79,1.81,1.82,89.13,17,20,1.01,0.98
23/07/2021,10:15:00 PM,10:15:31 PM,Narrogin,WA,5,185525455,R5 2636m Pace S,185525456,Harness,2636,Pace,36255473,6,The Code Breaker,WINNER,1.24,WINNER,1.03,3349.14,1.54,1.19,1.23,1.23,14505.16,1.32,1.01,1.01,1.12,6313.95,12542.77,1.09,1.03,1.05,1.04,15706.14,1.2,1.21,1.01,0.98
23/07/2021,10:15:00 PM,10:15:31 PM,Narrogin,WA,5,185525455,R5 2636m Pace S,185525456,Harness,2636,Pace,11101157,7,Thejewelinhereye,LOSER,49.38,LOSER,3.52,102.21,46,25,40,32.27,99.78,740,46,740,78.08,12.32,446.21,,,,,,38,40,1.01,0.98
23/07/2021,10:15:00 PM,10:15:31 PM,Narrogin,WA,5,185525455,R5 2636m Pace S,185525456,Harness,2636,Pace,24237671,8,Bountiful Reactor,LOSER,70.33,LOSER,6.33,81.46,130,75,75,97.11,21.28,790,70,790,137.15,6.23,285.26,5.3,5.3,5.3,5.3,9,95,110,1.01,0.98
23/07/2021,10:51:00 PM,10:51:49 PM,Narrogin,WA,6,185525457,R6 2242m Pace M,185525458,Harness,2242,Pace,27408243,1,Our Burling,LOSER,5.92,WINNER,1.79,661.92,7.4,4.7,5.2,5.17,1272.18,490,1.85,490,4.8,374.76,668.14,1.97,1.67,1.71,1.74,84.34,5,5.5,1.05,0.98
23/07/2021,10:51:00 PM,10:51:49 PM,Narrogin,WA,6,185525457,R6 2242m Pace M,185525458,Harness,2242,Pace,25011264,2,Allwood Glow,WINNER,7,WINNER,1.92,500.47,9,5.7,6.8,6.74,988.71,21,1.01,1.01,2.18,1201.65,396.74,1.93,1.78,1.92,1.79,107.65,6,6.6,1.05,0.98
23/07/2021,10:51:00 PM,10:51:49 PM,Narrogin,WA,6,185525457,R6 2242m Pace M,185525458,Harness,2242,Pace,35920999,3,The Situation,LOSER,28.6,LOSER,5.08,217.75,50,29,36,32.63,73.95,140,14,120,32.67,75.21,278.32,,,,,,32,36,1.05,0.98
23/07/2021,10:51:00 PM,10:51:49 PM,Narrogin,WA,6,185525457,R6 2242m Pace M,185525458,Harness,2242,Pace,35372166,4,Nuclear Poker,LOSER,106.77,LOSER,23.22,80.64,210,80,140,99.66,31.17,700,32,700,110.62,20.94,48.78,24,11,24,13.2,6.1,80,110,1.05,0.98
23/07/2021,10:51:00 PM,10:51:49 PM,Narrogin,WA,6,185525457,R6 2242m Pace M,185525458,Harness,2242,Pace,27767790,5,Star Of The Class,LOSER,11.76,LOSER,3,276.62,21,10.5,11,11.98,1110.31,560,8.4,480,31.79,45.94,488.05,3.35,2.76,3,2.87,99.07,11.5,12.5,1.05,0.98
23/07/2021,10:51:00 PM,10:51:49 PM,Narrogin,WA,6,185525457,R6 2242m Pace M,185525458,Harness,2242,Pace,6281841,6,Disco Spirit,LOSER,150,LOSER,15.79,49.32,310,140,140,185.31,25.71,900,380,700,493.51,1.89,101.02,,,,,,150,180,1.05,0.98
23/07/2021,10:51:00 PM,10:51:49 PM,Narrogin,WA,6,185525457,R6 2242m Pace M,185525458,Harness,2242,Pace,12945058,7,Call Me Ernie,LOSER,307.2,LOSER,90.78,42.39,650,240,650,381.42,2.74,700,150,700,319.88,3.39,28.1,95,17,95,20.64,5.26,240,510,1.05,0.98
23/07/2021,10:51:00 PM,10:51:49 PM,Narrogin,WA,6,185525457,R6 2242m Pace M,185525458,Harness,2242,Pace,36781765,8,Miss Limelight,LOSER,2,WINNER,1.27,2801.95,2.36,1.85,2.1,2.08,19695.05,560,1.64,560,2.34,1511.35,1174.42,1.3,1.18,1.26,1.27,1013.68,2.18,2.24,1.05,0.98
23/07/2021,10:51:00 PM,10:51:49 PM,Narrogin,WA,6,185525457,R6 2242m Pace M,185525458,Harness,2242,Pace,18983799,9,Allwoods Rocknroll,LOSER,30,LOSER,8.1,194.81,65,29,32,33.36,84.92,300,30,300,75.28,14.93,237.02,,,,,,32,36,1.05,0.98
23/07/2021,10:51:00 PM,10:51:49 PM,Narrogin,WA,6,185525457,R6 2242m Pace M,185525458,Harness,2242,Pace,8517976,10,Just Barney,LOSER,25.69,LOSER,4.62,257.19,27,19.5,27,21.76,178.84,490,30,490,57.61,17,201.17,3.85,3.8,3.8,3.81,23.74,20,23,1.05,0.98
23/07/2021,11:25:00 PM,11:26:35 PM,Narrogin,WA,7,185525459,R7 2242m Pace M,185525460,Harness,2242,Pace,27341176,1,Yanaha Navajo,WINNER,40,WINNER,5.8,137.86,40,24,38,27.89,215.95,46,1.01,1.02,1.32,1921.32,83.6,5.8,4.3,4.5,4.94,194.39,28,29,1.07,0.95
23/07/2021,11:25:00 PM,11:26:35 PM,Narrogin,WA,7,185525459,R7 2242m Pace M,185525460,Harness,2242,Pace,37047761,2,Galactic Lioness,LOSER,6.57,WINNER,2.39,502.52,8.8,3.55,6.4,6.07,2251.72,560,2,560,5.68,464.75,700.06,2.6,1.93,2.44,2.18,220.94,7,8.8,1.07,0.95
23/07/2021,11:25:00 PM,11:26:35 PM,Narrogin,WA,7,185525459,R7 2242m Pace M,185525460,Harness,2242,Pace,39528273,3,Kay Jay Ar,LOSER,30,LOSER,8.3,242.5,70,30,34,38.28,195.15,930,29,140,104.07,19.39,111.46,6.8,6.6,6.6,6.73,5,50,60,1.07,0.95
23/07/2021,11:25:00 PM,11:26:35 PM,Narrogin,WA,7,185525459,R7 2242m Pace M,185525460,Harness,2242,Pace,7184967,4,Courage To Dance,LOSER,5.49,LOSER,2.38,815.67,24,5.3,5.3,8.12,2217.96,560,3.85,560,9.41,394.05,662.82,,,,,,6.8,7.2,1.07,0.95
23/07/2021,11:25:00 PM,11:26:35 PM,Narrogin,WA,7,185525459,R7 2242m Pace M,185525460,Harness,2242,Pace,24138969,5,Miss Pocket Rocket,LOSER,8.37,LOSER,2.93,500.58,9.8,6.2,8.2,7.31,1239.3,560,8.8,560,42.98,41.15,405.05,3.2,3,3.2,3.2,5.04,6.4,7.6,1.07,0.95
23/07/2021,11:25:00 PM,11:26:35 PM,Narrogin,WA,7,185525459,R7 2242m Pace M,185525460,Harness,2242,Pace,9140460,6,Cordoring Road,LOSER,7.02,LOSER,3.12,1073.61,14,7.8,8.8,10.24,794.42,560,5.1,560,21.92,252.48,458.5,,,,,,9.8,10.5,1.07,0.95
23/07/2021,11:25:00 PM,11:26:35 PM,Narrogin,WA,7,185525459,R7 2242m Pace M,185525460,Harness,2242,Pace,616701,7,Royal Order,LOSER,6.04,WINNER,2.14,672.84,6.4,2.96,6,4.73,2698.78,560,3.9,560,10.19,208.37,430.52,2.22,1.51,2.22,2.08,153.93,4.9,5.6,1.07,0.95
23/07/2021,11:25:00 PM,11:26:35 PM,Narrogin,WA,7,185525459,R7 2242m Pace M,185525460,Harness,2242,Pace,28368681,8,Sweetdream Trunkey,LOSER,10.33,LOSER,3.14,489.09,10,6.2,9,7.16,2216.18,560,7,560,37.55,44.53,421.84,2.7,2.5,2.7,2.57,248.21,7,7.6,1.07,0.95
23/07/2021,11:25:00 PM,11:26:35 PM,Narrogin,WA,7,185525459,R7 2242m Pace M,185525460,Harness,2242,Pace,39877292,9,Thats So Fetch,LOSER,74.25,LOSER,15,126.04,260,65,75,81.94,82.96,890,70,300,90.69,14.5,73.44,11.5,11,11,11.16,10,120,150,1.07,0.95
23/07/2021,11:25:00 PM,11:26:35 PM,Narrogin,WA,7,185525459,R7 2242m Pace M,185525460,Harness,2242,Pace,38123497,10,Told You Twice,LOSER,9.57,LOSER,3,778.26,11.5,9.2,10.5,9.97,742.16,560,9.4,560,25.02,49.92,642.46,3.35,3,3,3,44.9,9.4,9.8,1.07,0.95
23/07/2021,5:17:00 PM,5:17:26 PM,Newcastle,NSW,1,185518261,R1 2030m Pace M,185518262,Harness,2030,Pace,28161316,1,Duastar,LOSER,30.4,LOSER,,144.3,50,16,32,27.77,160.5,910,17.5,910,78.16,39.04,,6.8,3.4,5.7,5.14,148.69,34,36,1.03,0.97
23/07/2021,5:17:00 PM,5:17:26 PM,Newcastle,NSW,1,185518261,R1 2030m Pace M,185518262,Harness,2030,Pace,9525856,2,Sky Operative,LOSER,48.71,LOSER,,194.61,75,16.5,50,37.93,154.78,920,26,920,67.69,37.75,,7.6,4.4,7.6,5.42,86.55,50,60,1.03,0.97
23/07/2021,5:17:00 PM,5:17:26 PM,Newcastle,NSW,1,185518261,R1 2030m Pace M,185518262,Harness,2030,Pace,28407293,3,Favouritehighlight,LOSER,28.37,LOSER,,235.29,80,17.5,30,30.72,409.27,920,16.5,920,46.56,49.36,,8.4,6,6.6,6.63,95,29,32,1.03,0.97
23/07/2021,5:17:00 PM,5:17:26 PM,Newcastle,NSW,1,185518261,R1 2030m Pace M,185518262,Harness,2030,Pace,19647715,4,A Paradigm Shift,LOSER,7.47,WINNER,,529.75,11,5.9,7.2,7.47,790.25,600,2.3,600,6.36,831.86,,3,2.58,2.64,2.71,80.05,7.6,8,1.03,0.97
23/07/2021,5:17:00 PM,5:17:26 PM,Newcastle,NSW,1,185518261,R1 2030m Pace M,185518262,Harness,2030,Pace,13542891,5,Misterfire,LOSER,8.23,LOSER,,468.81,12,5.7,8.6,8.16,727.62,880,5,880,22.85,136.55,,2.76,2.66,2.76,2.71,11,8.6,9,1.03,0.97
23/07/2021,5:17:00 PM,5:17:26 PM,Newcastle,NSW,1,185518261,R1 2030m Pace M,185518262,Harness,2030,Pace,20414156,6,Our Chance Todream,LOSER,7.43,WINNER,,650.07,8.2,5.5,6.6,6.35,584.24,560,4.9,560,8.85,547.9,,3,2.14,2.58,2.62,90.31,5.8,6.4,1.03,0.97
23/07/2021,5:17:00 PM,5:17:26 PM,Newcastle,NSW,1,185518261,R1 2030m Pace M,185518262,Harness,2030,Pace,573424,7,Sky Diamond,WINNER,8.29,WINNER,,666.63,12,6.6,7.6,7.46,1157.45,16,1.01,1.01,1.86,3956.4,,2.64,2.42,2.42,2.44,135.53,6.8,7,1.03,0.97
23/07/2021,5:17:00 PM,5:17:26 PM,Newcastle,NSW,1,185518261,R1 2030m Pace M,185518262,Harness,2030,Pace,24324769,8,Bettor B Nice,LOSER,92.64,LOSER,,102.16,180,50,140,105.26,115.7,940,30,940,111.4,46.42,,10.5,10.5,10.5,10.5,15,120,150,1.03,0.97
23/07/2021,5:17:00 PM,5:17:26 PM,Newcastle,NSW,1,185518261,R1 2030m Pace M,185518262,Harness,2030,Pace,38686823,9,Grosestar,LOSER,3.3,LOSER,,1975.76,9.4,3,3.45,3.62,5136.14,560,3.2,560,4.59,1491.34,,1.73,1.61,1.65,1.68,113.87,3.6,3.7,1.03,0.97
23/07/2021,5:17:00 PM,5:17:26 PM,Newcastle,NSW,1,185518261,R1 2030m Pace M,185518262,Harness,2030,Pace,26748112,10,Yesnomaybeso,LOSER,8.17,LOSER,,409.53,13,5,8.4,8.66,1442.11,880,4.2,880,19.9,316.3,,2.64,2.64,2.64,2.64,10,10.5,12.5,1.03,0.97
23/07/2021,5:45:00 PM,5:45:33 PM,Newcastle,NSW,2,185518263,R2 2030m Pace M,185518264,Harness,2030,Pace,5046283,1,Eagle Falls,LOSER,25.88,LOSER,,213.87,46,22,25,30.29,295.32,1000,15.5,1000,44.97,43.08,,5.2,4.1,4.2,4.78,142.19,32,34,1.04,0.99
23/07/2021,5:45:00 PM,5:45:33 PM,Newcastle,NSW,2,185518263,R2 2030m Pace M,185518264,Harness,2030,Pace,40272085,2,Shezabluechip,LOSER,18.64,LOSER,,286.51,25,17,19.5,20.5,274.21,1000,6.4,1000,22.55,277.46,,4.1,3.1,4.1,3.51,49.72,20,23,1.04,0.99
23/07/2021,5:45:00 PM,5:45:33 PM,Newcastle,NSW,2,185518263,R2 2030m Pace M,185518264,Harness,2030,Pace,27616877,3,Harms Lowana,LOSER,19.19,LOSER,,268.39,40,15,19.5,18.41,331.82,1000,20,1000,75.15,44.17,,3.8,3.1,3.75,3.67,45,18,20,1.04,0.99
23/07/2021,5:45:00 PM,5:45:33 PM,Newcastle,NSW,2,185518263,R2 2030m Pace M,185518264,Harness,2030,Pace,13179463,4,Buddy Claydon,LOSER,13.22,WINNER,,381.3,24,10.5,13,13.1,830.32,1000,7.2,1000,34.49,51.98,,3.3,2.9,2.9,3.16,100.61,10.5,11,1.04,0.99
23/07/2021,5:45:00 PM,5:45:33 PM,Newcastle,NSW,2,185518263,R2 2030m Pace M,185518264,Harness,2030,Pace,23054193,5,Marika Springfield,LOSER,6.71,LOSER,,492.26,30,6.4,7,9.7,1561.64,1000,5,560,18.91,254.74,,2.7,2.52,2.52,2.62,32.59,7.8,8.8,1.04,0.99
23/07/2021,5:45:00 PM,5:45:33 PM,Newcastle,NSW,2,185518263,R2 2030m Pace M,185518264,Harness,2030,Pace,28286707,6,Baby Ginnie,LOSER,60.42,LOSER,,135.11,90,44,60,66.72,127.45,1000,80,1000,175.37,9.39,,8.4,8.4,8.4,8.4,10,70,80,1.04,0.99
23/07/2021,5:45:00 PM,5:45:33 PM,Newcastle,NSW,2,185518263,R2 2030m Pace M,185518264,Harness,2030,Pace,21530600,7,Cc Jones,LOSER,18.5,LOSER,,297.1,25,12.5,19.5,15.97,359.91,1000,20,1000,53.48,28.18,,3.55,3.5,3.55,3.53,5,15.5,16.5,1.04,0.99
23/07/2021,5:45:00 PM,5:45:33 PM,Newcastle,NSW,2,185518263,R2 2030m Pace M,185518264,Harness,2030,Pace,26101002,8,Touche,LOSER,48,LOSER,,120.28,65,15.5,48,40.55,80.32,1000,55,1000,112.34,15.17,,5.8,5.8,5.8,5.8,5,46,50,1.04,0.99
23/07/2021,5:45:00 PM,5:45:33 PM,Newcastle,NSW,2,185518263,R2 2030m Pace M,185518264,Harness,2030,Pace,28672004,9,Blazing Shannon,LOSER,9.52,WINNER,,476.57,17.5,6.6,10,8.31,2207.82,560,5.2,90,13.73,313.59,,2.72,2.06,2.38,2.28,51.46,8.6,9.4,1.04,0.99
23/07/2021,5:45:00 PM,5:45:33 PM,Newcastle,NSW,2,185518263,R2 2030m Pace M,185518264,Harness,2030,Pace,40040639,10,Miss Verstappen,WINNER,2.1,WINNER,,1898.73,2.44,1.35,2.12,2.1,13058.17,2.5,1.01,1.01,1.39,8692.54,,1.29,1.18,1.27,1.24,852.85,2.16,2.18,1.04,0.99
23/07/2021,6:10:00 PM,6:10:46 PM,Newcastle,NSW,3,185518265,R3 2030m Pace M,185518266,Harness,2030,Pace,22941413,1,La La Bron,LOSER,5.48,WINNER,,918.95,7.6,4,5.5,5.77,2897.27,850,5.3,850,47.07,197.84,,2.3,1.93,1.94,2.04,716.88,6,6.2,1.04,0.98
23/07/2021,6:10:00 PM,6:10:46 PM,Newcastle,NSW,3,185518265,R3 2030m Pace M,185518266,Harness,2030,Pace,801213,2,Ultimate Force,WINNER,4.2,WINNER,,1415.56,8.8,4.1,4.2,4.61,2199.38,6.4,1.01,1.01,1.67,5071.8,,2.14,1.81,1.88,2.06,111.81,4.1,4.2,1.04,0.98
23/07/2021,6:10:00 PM,6:10:46 PM,Newcastle,NSW,3,185518265,R3 2030m Pace M,185518266,Harness,2030,Pace,20944037,3,Brie,LOSER,45.19,LOSER,,147.23,60,32,46,42.3,129.65,740,18,140,46.38,44.42,,7.6,7,7.4,7.43,67.84,42,46,1.04,0.98
23/07/2021,6:10:00 PM,6:10:46 PM,Newcastle,NSW,3,185518265,R3 2030m Pace M,185518266,Harness,2030,Pace,18039737,4,Brexitt,LOSER,14.79,LOSER,,300.76,16,9.8,15,13.56,486.92,890,12.5,700,62.06,56.93,,,,,,,14,14.5,1.04,0.98
23/07/2021,6:10:00 PM,6:10:46 PM,Newcastle,NSW,3,185518265,R3 2030m Pace M,185518266,Harness,2030,Pace,24035667,5,A Gift From Heaven,LOSER,9.56,LOSER,,454.41,14,8.6,9.4,10.54,594.87,560,9.6,560,36.34,86.78,,,,,,,10,10.5,1.04,0.98
23/07/2021,6:10:00 PM,6:10:46 PM,Newcastle,NSW,3,185518265,R3 2030m Pace M,185518266,Harness,2030,Pace,24190771,6,Mammals Riddle,LOSER,9.8,LOSER,,477.89,11,7.2,9.8,8.65,625.63,560,4.1,560,13.32,337.12,,3,2.8,2.8,2.8,10.05,7.6,8.2,1.04,0.98
23/07/2021,6:10:00 PM,6:10:46 PM,Newcastle,NSW,3,185518265,R3 2030m Pace M,185518266,Harness,2030,Pace,26518304,7,Mels Ace,LOSER,12.5,LOSER,,335.1,15,7,12.5,11.09,565.38,560,5.8,560,68.62,55.82,,3.85,3.05,3.8,3.43,40.45,13.5,15.5,1.04,0.98
23/07/2021,6:10:00 PM,6:10:46 PM,Newcastle,NSW,3,185518265,R3 2030m Pace M,185518266,Harness,2030,Pace,31196804,8,Rocknroll Swinger,LOSER,7.6,LOSER,,602.53,8.6,5,7.6,7.04,1314.94,880,2.5,880,6.41,2948.5,,2.8,2.28,2.8,2.51,222.44,7.8,8.4,1.04,0.98
23/07/2021,6:10:00 PM,6:10:46 PM,Newcastle,NSW,3,185518265,R3 2030m Pace M,185518266,Harness,2030,Pace,23495388,9,Showem Simon,LOSER,130.15,LOSER,,74.5,140,38,110,64.96,52.26,700,85,700,183.61,4.76,,13,13,13,13,10,80,95,1.04,0.98
23/07/2021,6:10:00 PM,6:10:46 PM,Newcastle,NSW,3,185518265,R3 2030m Pace M,185518266,Harness,2030,Pace,11741004,10,Lightning Bob,LOSER,9.8,WINNER,,464.51,18.5,9.4,9.8,11.12,1097.7,600,1.33,490,6.13,872.79,,3.65,2.92,3,2.96,622.68,11.5,12,1.04,0.98
23/07/2021,6:40:00 PM,6:40:24 PM,Newcastle,NSW,4,185518267,R4 1609m Pace M,185518268,Harness,1609,Pace,12632917,1,Miss Ciriello,LOSER,15.08,LOSER,,250.3,24,12,15,14.66,1439.17,780,6.2,480,34.07,110.63,,4.1,2.98,3.25,3.35,709.68,18,21,1.02,0.97
23/07/2021,6:40:00 PM,6:40:24 PM,Newcastle,NSW,4,185518267,R4 1609m Pace M,185518268,Harness,1609,Pace,27067832,2,Yoha,LOSER,7,WINNER,,662.23,7.8,4,7,5.67,1310.17,490,1.96,110,4.8,940.55,,2.36,1.33,2.36,2.2,315.23,7.4,7.6,1.02,0.97
23/07/2021,6:40:00 PM,6:40:24 PM,Newcastle,NSW,4,185518267,R4 1609m Pace M,185518268,Harness,1609,Pace,17684511,3,Que Sera,WINNER,12,WINNER,,379.48,26,11,12,13.51,605.35,26,1.01,1.01,1.98,2233.64,,4,3.15,3.15,3.52,17.05,11.5,12,1.02,0.97
23/07/2021,6:40:00 PM,6:40:24 PM,Newcastle,NSW,4,185518267,R4 1609m Pace M,185518268,Harness,1609,Pace,8121899,4,Rich Virgin,LOSER,150,LOSER,,54.86,190,15.5,190,72.33,64.02,700,150,700,199.68,10.01,,14.5,11.5,14.5,12.09,25.88,120,130,1.02,0.97
23/07/2021,6:40:00 PM,6:40:24 PM,Newcastle,NSW,4,185518267,R4 1609m Pace M,185518268,Harness,1609,Pace,13210314,5,Its Allabout Alice,LOSER,3.21,LOSER,,1700.06,6.4,2.72,3.05,3.23,6891.69,560,3,560,4.55,1203.8,,1.91,1.45,1.58,1.51,252.83,2.74,2.84,1.02,0.97
23/07/2021,6:40:00 PM,6:40:24 PM,Newcastle,NSW,4,185518267,R4 1609m Pace M,185518268,Harness,1609,Pace,38461629,6,For The Bettor,LOSER,18,LOSER,,251.92,18,9.2,18,13.63,354.74,780,6.6,480,26.7,67.07,,3.25,3,3.2,3.09,50,15.5,17,1.02,0.97
23/07/2021,6:40:00 PM,6:40:24 PM,Newcastle,NSW,4,185518267,R4 1609m Pace M,185518268,Harness,1609,Pace,10760137,7,The Big Cheese,LOSER,213.6,LOSER,,93.47,220,11,190,107.89,203.27,950,200,950,232.56,23.3,,14.5,5,14.5,7.52,18.89,160,170,1.02,0.97
23/07/2021,6:40:00 PM,6:40:24 PM,Newcastle,NSW,4,185518267,R4 1609m Pace M,185518268,Harness,1609,Pace,23585337,8,Platinum Revolution,LOSER,16.86,LOSER,,413.7,17,3.4,16.5,10.89,644.68,600,16.5,600,49.33,29.58,,3.5,2.16,2.8,2.59,39.62,14.5,15.5,1.02,0.97
23/07/2021,6:40:00 PM,6:40:24 PM,Newcastle,NSW,4,185518267,R4 1609m Pace M,185518268,Harness,1609,Pace,13443086,9,Mondooley Heaven,LOSER,16.5,WINNER,,254.62,24,12.5,17,14.99,935.71,480,1.97,100,12.84,96.97,,,,,,,15,15.5,1.02,0.97
23/07/2021,6:40:00 PM,6:40:24 PM,Newcastle,NSW,4,185518267,R4 1609m Pace M,185518268,Harness,1609,Pace,4718686,10,Giddy Heights,LOSER,5.09,LOSER,,1116.14,7.6,4.9,5.3,6.11,1946.55,560,3.65,560,6.48,532.59,,2.58,1.9,2,2.03,130.01,6.2,6.6,1.02,0.97
23/07/2021,7:07:00 PM,7:07:22 PM,Newcastle,NSW,5,185518269,R5 1609m Pace M,185518270,Harness,1609,Pace,5757073,1,Regal Rock,LOSER,108.35,LOSER,,77.62,140,55,140,83.12,45.26,700,75,700,312.25,3.63,,12.5,7,7,8.36,37.95,100,120,1.03,0.97
23/07/2021,7:07:00 PM,7:07:22 PM,Newcastle,NSW,5,185518269,R5 1609m Pace M,185518270,Harness,1609,Pace,16824375,2,Itz Georgiaonmymind,LOSER,9.74,WINNER,,533.68,11.5,5.3,10.5,8.86,881.39,560,9,560,22.64,144.29,,2.34,1.81,1.83,1.86,313.85,9.8,11,1.03,0.97
23/07/2021,7:07:00 PM,7:07:22 PM,Newcastle,NSW,5,185518269,R5 1609m Pace M,185518270,Harness,1609,Pace,5453318,3,The Bachelor,LOSER,66.65,LOSER,,78.68,110,38,75,56.95,100.14,480,1.82,2.1,25.83,64.83,,6.2,5,6.2,5.39,19.15,70,80,1.03,0.97
23/07/2021,7:07:00 PM,7:07:22 PM,Newcastle,NSW,5,185518269,R5 1609m Pace M,185518270,Harness,1609,Pace,18529333,4,Our Dream To Reality,LOSER,95,LOSER,,110.72,210,60,110,94.07,96.95,950,85,950,182.51,8.53,,9.6,8.4,9.6,8.97,0.55,95,100,1.03,0.97
23/07/2021,7:07:00 PM,7:07:22 PM,Newcastle,NSW,5,185518269,R5 1609m Pace M,185518270,Harness,1609,Pace,12792228,5,Master Catch,LOSER,2.22,LOSER,,2630.44,3.25,2.08,2.2,2.31,7610.58,600,1.98,600,5.59,1242.68,,1.5,1.19,1.26,1.27,224.29,2.14,2.2,1.03,0.97
23/07/2021,7:07:00 PM,7:07:22 PM,Newcastle,NSW,5,185518269,R5 1609m Pace M,185518270,Harness,1609,Pace,13179470,6,Ashark,LOSER,9.6,WINNER,,475.17,9.2,4.2,9,6.63,887.86,140,1.97,140,6.02,948.74,,2.14,1.74,1.82,1.82,9.4,8,8.8,1.03,0.97
23/07/2021,7:07:00 PM,7:07:22 PM,Newcastle,NSW,5,185518269,R5 1609m Pace M,185518270,Harness,1609,Pace,8315015,7,Exterminate,LOSER,114.94,LOSER,,108.01,95,29,95,58.3,78.21,700,30,700,80.34,39.1,,,,,,,75,90,1.03,0.97
23/07/2021,7:07:00 PM,7:07:22 PM,Newcastle,NSW,5,185518269,R5 1609m Pace M,185518270,Harness,1609,Pace,16806948,8,Shannonstheman,WINNER,3.5,WINNER,,1342.52,3.95,3.4,3.4,3.61,2906.3,3.5,1.01,1.01,1.87,5571.49,,1.62,1.41,1.43,1.43,22.98,3.45,3.75,1.03,0.97
23/07/2021,7:37:00 PM,7:38:07 PM,Newcastle,NSW,6,185518271,R6 2030m Pace M,185518272,Harness,2030,Pace,19830433,1,Wallaroy Boy,LOSER,10.46,WINNER,,511.78,15,8.4,11,10.63,539.26,1000,4.5,1000,19.25,167.15,,2.94,2.58,2.94,2.76,238.66,10,10.5,1.05,0.98
23/07/2021,7:37:00 PM,7:38:07 PM,Newcastle,NSW,6,185518271,R6 2030m Pace M,185518272,Harness,2030,Pace,12790452,2,American Kestrel,LOSER,60.87,LOSER,,118.58,90,30,50,47.58,98.61,1000,23,300,84.27,25.66,,7,7,7,7,0.22,36,55,1.05,0.98
23/07/2021,7:37:00 PM,7:38:07 PM,Newcastle,NSW,6,185518271,R6 2030m Pace M,185518272,Harness,2030,Pace,23707075,3,Sunny Town,WINNER,3.34,WINNER,,2193.39,4.4,3,3.25,3.87,2829.53,3.7,1.01,1.01,1.44,7437.89,,1.93,1.5,1.8,1.81,161.29,4.2,4.3,1.05,0.98
23/07/2021,7:37:00 PM,7:38:07 PM,Newcastle,NSW,6,185518271,R6 2030m Pace M,185518272,Harness,2030,Pace,13738602,4,Icspots,LOSER,5.83,LOSER,,887.79,14,5.8,5.8,7.95,2392.75,1000,4,1000,11.75,292.28,,2.86,2.4,2.86,2.81,67.67,7.6,8.2,1.05,0.98
23/07/2021,7:37:00 PM,7:38:07 PM,Newcastle,NSW,6,185518271,R6 2030m Pace M,185518272,Harness,2030,Pace,17888454,5,Miss Trocadero,LOSER,11,LOSER,,428.18,15.5,8.6,11,9.09,3456.36,1000,14,100,64.34,37.32,,,,,,,9,10,1.05,0.98
23/07/2021,7:37:00 PM,7:38:07 PM,Newcastle,NSW,6,185518271,R6 2030m Pace M,185518272,Harness,2030,Pace,19132981,6,Nifty Studleigh,LOSER,10.13,LOSER,,394.94,11,5.1,10,8.7,1482.72,1000,7,1000,55.43,46.49,,3.35,2.7,2.7,2.9,63.38,8.6,9,1.05,0.98
23/07/2021,7:37:00 PM,7:38:07 PM,Newcastle,NSW,6,185518271,R6 2030m Pace M,185518272,Harness,2030,Pace,38461632,7,My Classy Mate,LOSER,27.61,LOSER,,198.17,50,25,25,31.06,259.26,300,23,120,61.37,33.28,,6.8,6.8,6.8,6.8,5,28,34,1.05,0.98
23/07/2021,7:37:00 PM,7:38:07 PM,Newcastle,NSW,6,185518271,R6 2030m Pace M,185518272,Harness,2030,Pace,27346296,8,Rocknroll Tony,LOSER,11.39,LOSER,,507.26,11.5,5.5,11,8.54,463.59,1000,6.6,1000,30.79,105.33,,3.1,2.5,3.1,2.99,30.61,9.2,9.8,1.05,0.98
23/07/2021,7:37:00 PM,7:38:07 PM,Newcastle,NSW,6,185518271,R6 2030m Pace M,185518272,Harness,2030,Pace,39465381,9,Roll With Annie,LOSER,8.4,WINNER,,574.54,14.5,8,8.4,9.4,2024.91,1000,6,110,19.32,156.23,,3.3,2.64,2.64,3.03,308.64,8.8,9.4,1.05,0.98
23/07/2021,7:37:00 PM,7:38:07 PM,Newcastle,NSW,6,185518271,R6 2030m Pace M,185518272,Harness,2030,Pace,28646705,10,Louth Park Watch,LOSER,19.32,LOSER,,278.34,21,7,21,13.22,249.31,1000,4,80,38.79,65.47,,4,3.05,4,3.54,45,14.5,16.5,1.05,0.98
23/07/2021,8:07:00 PM,8:07:44 PM,Newcastle,NSW,7,185518273,R7 2030m Pace M,185518274,Harness,2030,Pace,23202305,1,Robyn Taylor,LOSER,67.83,LOSER,,89.67,85,34,60,46.47,50.32,940,20,940,57.76,43.72,,7,7,7,7,15.9,44,60,1.1,0.97
23/07/2021,8:07:00 PM,8:07:44 PM,Newcastle,NSW,7,185518273,R7 2030m Pace M,185518274,Harness,2030,Pace,25284494,2,Sweet Creation,LOSER,27.87,LOSER,,154.72,28,12,27,17.74,167.51,900,5.1,900,22.61,160.71,,4.3,4.3,4.3,4.3,6.02,17.5,25,1.1,0.97
23/07/2021,8:07:00 PM,8:07:44 PM,Newcastle,NSW,7,185518273,R7 2030m Pace M,185518274,Harness,2030,Pace,12693358,3,Write About Her,WINNER,7.95,WINNER,,422.87,10.5,7.4,7.6,8.29,2771.76,8,1.01,1.01,2.01,3064.24,,3.8,3.8,3.8,3.8,0.8,8.6,9,1.1,0.97
23/07/2021,8:07:00 PM,8:07:44 PM,Newcastle,NSW,7,185518273,R7 2030m Pace M,185518274,Harness,2030,Pace,12675281,4,Casual River,LOSER,21.14,LOSER,,316.38,28,15,22,18.36,333.7,140,2.22,140,37.3,89.63,,,,,,,16,18.5,1.1,0.97
23/07/2021,8:07:00 PM,8:07:44 PM,Newcastle,NSW,7,185518273,R7 2030m Pace M,185518274,Harness,2030,Pace,11529326,5,Cloudin Up,LOSER,30.18,LOSER,,192.88,46,27,32,33.97,123.75,300,13.5,300,44.57,29.97,,6.2,6,6,6.11,92.67,32,44,1.1,0.97
23/07/2021,8:07:00 PM,8:07:44 PM,Newcastle,NSW,7,185518273,R7 2030m Pace M,185518274,Harness,2030,Pace,20387398,6,Shes Heavenly,LOSER,40.28,LOSER,,85.54,48,23,34,31.07,103,850,32,850,69.52,13.08,,,,,,,26,46,1.1,0.97
23/07/2021,8:07:00 PM,8:07:44 PM,Newcastle,NSW,7,185518273,R7 2030m Pace M,185518274,Harness,2030,Pace,21677957,7,Sunday Sesh,LOSER,35.71,LOSER,,360.17,46,20,36,33.08,100.93,290,4.8,140,35,298.95,,,,,,,29,34,1.1,0.97
23/07/2021,8:07:00 PM,8:07:44 PM,Newcastle,NSW,7,185518273,R7 2030m Pace M,185518274,Harness,2030,Pace,21755526,8,Fantasy Money,LOSER,3.85,LOSER,,906.12,4.1,2.92,3.5,3.65,1470.36,600,3.2,490,14.78,198.03,,1.55,1.51,1.55,1.53,51.76,3.4,3.85,1.1,0.97
23/07/2021,8:07:00 PM,8:07:44 PM,Newcastle,NSW,7,185518273,R7 2030m Pace M,185518274,Harness,2030,Pace,36010274,9,Rosarito Rock,LOSER,4.03,WINNER,,670.73,4.4,3.05,3.45,3.29,2900.83,600,3.05,600,6.9,626.01,,1.65,1.5,1.5,1.52,148.85,3.3,3.45,1.1,0.97
23/07/2021,8:07:00 PM,8:07:44 PM,Newcastle,NSW,7,185518273,R7 2030m Pace M,185518274,Harness,2030,Pace,25328690,10,Allfourbeers,LOSER,8.5,WINNER,,392.84,9,6.6,7.8,7.9,505.34,560,4,560,9.38,361.23,,2.3,2.1,2.3,2.28,44.84,7.2,8,1.1,0.97
23/07/2021,8:37:00 PM,8:37:45 PM,Newcastle,NSW,8,185518275,R8 1609m Pace M,185518276,Harness,1609,Pace,28596392,1,Major Noah William,LOSER,50.05,LOSER,,124.42,90,23,90,47.18,70.28,1000,32,1000,114.72,28.99,,5.6,3.55,3.8,3.92,117.04,48,65,1.04,0.99
23/07/2021,8:37:00 PM,8:37:45 PM,Newcastle,NSW,8,185518275,R8 1609m Pace M,185518276,Harness,1609,Pace,39000695,2,Elles Choice,LOSER,1.34,WINNER,,4454.15,2.56,1.37,1.37,1.5,8998.84,1000,1.21,600,2.59,6119.32,,1.17,1.1,1.1,1.1,993.87,1.47,1.5,1.04,0.99
23/07/2021,8:37:00 PM,8:37:45 PM,Newcastle,NSW,8,185518275,R8 1609m Pace M,185518276,Harness,1609,Pace,40186650,3,Peaksart,LOSER,68.45,LOSER,,106.42,110,40,110,55.5,82.9,1000,32,1000,152.8,36.25,,5.3,5.2,5.2,5.25,10.17,50,65,1.04,0.99
23/07/2021,8:37:00 PM,8:37:45 PM,Newcastle,NSW,8,185518275,R8 1609m Pace M,185518276,Harness,1609,Pace,40272086,4,Our Tempo,LOSER,31.68,LOSER,,131.17,40,9.8,40,22.99,162.63,780,11,350,50.48,45.54,,,,,,,25,28,1.04,0.99
23/07/2021,8:37:00 PM,8:37:45 PM,Newcastle,NSW,8,185518275,R8 1609m Pace M,185518276,Harness,1609,Pace,40112112,5,Hurrikaani,LOSER,112.65,LOSER,,99.18,160,70,120,96.36,48.66,1000,110,1000,679.91,2.86,,8.8,7,8.8,7.53,28.78,85,150,1.04,0.99
23/07/2021,8:37:00 PM,8:37:45 PM,Newcastle,NSW,8,185518275,R8 1609m Pace M,185518276,Harness,1609,Pace,37515959,6,Melati Boy,LOSER,11,WINNER,,440.87,11,8,10.5,8.97,660.47,1000,3.4,1000,26.78,374.44,,2.56,1.79,1.83,1.81,125.99,9.8,10,1.04,0.99
23/07/2021,8:37:00 PM,8:37:45 PM,Newcastle,NSW,8,185518275,R8 1609m Pace M,185518276,Harness,1609,Pace,10877669,7,Cathartic,LOSER,74.4,LOSER,,115.04,120,44,120,56.74,63.08,1000,65,1000,209.84,19.28,,,,,,,55,65,1.04,0.99
23/07/2021,8:37:00 PM,8:37:45 PM,Newcastle,NSW,8,185518275,R8 1609m Pace M,185518276,Harness,1609,Pace,39508112,8,Wicklow Warrior,LOSER,38.55,LOSER,,142.53,70,16,65,29.75,155.39,1000,9.6,1000,82.5,80.43,,4.7,3.65,4.7,4.66,13.91,32,42,1.04,0.99
23/07/2021,8:37:00 PM,8:37:45 PM,Newcastle,NSW,8,185518275,R8 1609m Pace M,185518276,Harness,1609,Pace,40272087,9,Feral Frankie,WINNER,10.3,WINNER,,465.92,10.5,6,9.8,8.59,551,23,1.01,1.01,1.66,2070.9,,2,1.74,1.78,1.78,87.35,8.8,9,1.04,0.99
23/07/2021,9:07:00 PM,9:07:42 PM,Newcastle,NSW,9,185518277,R9 1609m Pace M,185518278,Harness,1609,Pace,40112106,1,Our Lucille,LOSER,102.38,LOSER,,65.81,190,50,140,77.43,53.92,700,36,700,157.27,18.47,,8,8,8,8,20,85,100,1.03,0.97
23/07/2021,9:07:00 PM,9:07:42 PM,Newcastle,NSW,9,185518277,R9 1609m Pace M,185518278,Harness,1609,Pace,33024027,2,Ultimate Chance,LOSER,2.76,LOSER,,2090.73,3.4,2.18,2.76,2.48,8182.09,600,2.5,600,5.72,2094.64,,1.41,1.41,1.41,1.41,17.14,2.38,2.52,1.03,0.97
23/07/2021,9:07:00 PM,9:07:42 PM,Newcastle,NSW,9,185518277,R9 1609m Pace M,185518278,Harness,1609,Pace,40272088,3,Artful Babe,LOSER,8.29,LOSER,,542.47,9.2,6,8.4,7.68,968.87,560,4.1,560,11.89,91.78,,2.34,1.99,2.34,2.16,200.24,7.8,8.2,1.03,0.97
23/07/2021,9:07:00 PM,9:07:42 PM,Newcastle,NSW,9,185518277,R9 1609m Pace M,185518278,Harness,1609,Pace,39539512,4,Spirit Inside,LOSER,5.4,WINNER,,809.87,7,5.1,5.4,6.22,1601.64,4.8,1.04,1.06,2.15,1337.95,,1.82,1.74,1.81,1.8,218.59,5.9,6.2,1.03,0.97
23/07/2021,9:07:00 PM,9:07:42 PM,Newcastle,NSW,9,185518277,R9 1609m Pace M,185518278,Harness,1609,Pace,22136835,5,Ladyfeelgood,LOSER,326.15,LOSER,,45.28,610,50,180,165.74,101.66,610,420,590,470.44,3.45,,,,,,,110,120,1.03,0.97
23/07/2021,9:07:00 PM,9:07:42 PM,Newcastle,NSW,9,185518277,R9 1609m Pace M,185518278,Harness,1609,Pace,38196907,6,Takeme Tothe Beach,LOSER,21.8,WINNER,,176.86,34,15.5,23,23.49,151.56,250,10,250,38.04,36.91,,4,3.85,4,4,5,25,27,1.03,0.97
23/07/2021,9:07:00 PM,9:07:42 PM,Newcastle,NSW,9,185518277,R9 1609m Pace M,185518278,Harness,1609,Pace,39967768,7,Jelignite Jack,LOSER,70,LOSER,,72.75,100,32,70,49.9,114.24,110,19.5,110,48.81,12.64,,4,4,4,4,15,50,70,1.03,0.97
23/07/2021,9:07:00 PM,9:07:42 PM,Newcastle,NSW,9,185518277,R9 1609m Pace M,185518278,Harness,1609,Pace,40186646,8,Chatherup,WINNER,4.57,WINNER,,1542.48,6.4,3.95,4.5,5.31,1751.51,44,2.26,22,3.96,657.89,,2.02,1.67,1.67,1.71,31.46,5,5.3,1.03,0.97
23/07/2021,9:07:00 PM,9:07:42 PM,Newcastle,NSW,9,185518277,R9 1609m Pace M,185518278,Harness,1609,Pace,40272089,9,Codeblue,LOSER,23.12,LOSER,,268.01,44,19,24,27.6,141.12,440,10.5,440,19.81,42.48,,,,,,,28,30,1.03,0.97
23/07/2021,1:21:00 PM,1:21:23 PM,Wagga,NSW,1,185519106,R1 2270m Pace M,185519107,Harness,2270,Pace,24902035,1,Auckland Star,LOSER,44.28,LOSER,,154.13,90,38,42,50.46,104.42,1000,23,1000,61.68,37.51,,11,5,5,6.02,462.48,46,50,1.03,0.96
23/07/2021,1:21:00 PM,1:21:23 PM,Wagga,NSW,1,185519106,R1 2270m Pace M,185519107,Harness,2270,Pace,22208093,2,Sedso,LOSER,15.57,LOSER,,339.56,15.5,9,14,12.73,468.99,1000,10,1000,21.95,120.2,,3.25,2.72,3.25,2.92,90.07,13.5,14,1.03,0.96
23/07/2021,1:21:00 PM,1:21:23 PM,Wagga,NSW,1,185519106,R1 2270m Pace M,185519107,Harness,2270,Pace,20366122,3,Just Smokin,LOSER,30.12,WINNER,,114.6,44,13.5,25,30.02,284.82,1000,21,1000,39.84,33.26,,5.1,5.1,5.1,5.1,5,29,40,1.03,0.96
23/07/2021,1:21:00 PM,1:21:23 PM,Wagga,NSW,1,185519106,R1 2270m Pace M,185519107,Harness,2270,Pace,24327115,4,Impertinent Writer,LOSER,6,LOSER,,807.75,8.6,4.7,6.2,6.17,1395.89,1000,2.24,1000,11.58,606.06,,2.72,1.85,2.12,2.2,11.96,7,7.4,1.03,0.96
23/07/2021,1:21:00 PM,1:21:23 PM,Wagga,NSW,1,185519106,R1 2270m Pace M,185519107,Harness,2270,Pace,28507048,5,Charlie Studleigh,LOSER,51.98,LOSER,,101.36,120,42,42,57.2,84.3,1000,4,1000,72.88,45.8,,6.6,6.6,6.6,6.6,6,46,50,1.03,0.96
23/07/2021,1:21:00 PM,1:21:23 PM,Wagga,NSW,1,185519106,R1 2270m Pace M,185519107,Harness,2270,Pace,13434605,6,Nifty Jolt,WINNER,7.73,WINNER,,516.12,10,6.4,7,7.55,428,15.5,1.01,1.12,2.6,1403.14,,2.36,2,2.12,2.09,24.99,7.2,8.2,1.03,0.96
23/07/2021,1:21:00 PM,1:21:23 PM,Wagga,NSW,1,185519106,R1 2270m Pace M,185519107,Harness,2270,Pace,10948633,7,Louie Finn,LOSER,7.2,WINNER,,741.95,9.2,4.3,6.6,7.12,992.83,75,1.21,11,5.91,493.23,,2.18,1.76,2.08,1.81,91.7,7.6,8,1.03,0.96
23/07/2021,1:21:00 PM,1:21:23 PM,Wagga,NSW,1,185519106,R1 2270m Pace M,185519107,Harness,2270,Pace,19710414,9,Majoress Jujon,LOSER,2.6,LOSER,,2311.32,3.15,2.04,2.62,2.48,10411.11,1000,2.1,1000,5.74,968.23,,1.37,1.25,1.3,1.32,159.36,2.14,2.26,1.03,0.96
23/07/2021,2:03:00 PM,2:03:41 PM,Wagga,NSW,2,185519108,R2 2270m Pace M,185519109,Harness,2270,Pace,23184076,1,Glamors Symbol,LOSER,19.02,LOSER,,219.16,21,8,17,16.53,126.18,280,5,80,23.67,82.89,,2.98,2.5,2.52,2.59,321.36,19,21,1.04,0.98
23/07/2021,2:03:00 PM,2:03:41 PM,Wagga,NSW,2,185519108,R2 2270m Pace M,185519109,Harness,2270,Pace,36120649,2,Run Viv Run,LOSER,43.19,LOSER,,143.41,70,27,46,43.4,67.83,300,14.5,300,46.67,37.33,,4.6,4.6,4.6,4.6,36.74,50,80,1.04,0.98
23/07/2021,2:03:00 PM,2:03:41 PM,Wagga,NSW,2,185519108,R2 2270m Pace M,185519109,Harness,2270,Pace,22862327,3,Mcdreamy Guy,LOSER,29,LOSER,,244.02,90,26,30,37.44,210.74,300,5,75,65.32,28.2,,4.4,4.4,4.4,4.4,4.64,36,50,1.04,0.98
23/07/2021,2:03:00 PM,2:03:41 PM,Wagga,NSW,2,185519108,R2 2270m Pace M,185519109,Harness,2270,Pace,35441538,4,Master Of Illusion,LOSER,130,LOSER,,87.21,130,90,120,99.3,65.98,1000,9.6,690,42.51,141.7,,,,,,,95,110,1.04,0.98
23/07/2021,2:03:00 PM,2:03:41 PM,Wagga,NSW,2,185519108,R2 2270m Pace M,185519109,Harness,2270,Pace,7407310,5,Smokin Tally,WINNER,8.31,WINNER,,460.55,8.4,6,8.2,7.29,735.96,17,1.02,1.23,2.46,1119.98,,1.88,1.53,1.84,1.58,275.48,7,7.4,1.04,0.98
23/07/2021,2:03:00 PM,2:03:41 PM,Wagga,NSW,2,185519108,R2 2270m Pace M,185519109,Harness,2270,Pace,37454803,6,Artimos,LOSER,55,LOSER,,107.21,80,25,70,53.95,57.22,350,36,300,73.88,19.71,,5.8,4.7,5.3,4.93,127.26,65,70,1.04,0.98
23/07/2021,2:03:00 PM,2:03:41 PM,Wagga,NSW,2,185519108,R2 2270m Pace M,185519109,Harness,2270,Pace,19308083,7,Fastestgirlintown,LOSER,15.21,WINNER,,325.89,14.5,8.4,14,11.49,348.53,280,3.05,30,19.18,105.41,,2.28,2.28,2.28,2.28,0.03,12,13,1.04,0.98
23/07/2021,2:03:00 PM,2:03:41 PM,Wagga,NSW,2,185519108,R2 2270m Pace M,185519109,Harness,2270,Pace,6656423,9,Flaneur,LOSER,1.46,WINNER,,3938.51,1.85,1.47,1.51,1.57,15771.55,75,1.4,75,1.76,6309.55,,1.15,1.12,1.14,1.13,1081.8,1.46,1.51,1.04,0.98
23/07/2021,2:37:00 PM,2:37:32 PM,Wagga,NSW,3,185519110,R3 2270m Pace M,185519111,Harness,2270,Pace,10120430,1,Dawn Ofa New Brew,LOSER,5.2,LOSER,,1141.12,7.8,5,5.4,5.67,742.76,560,2.2,560,4.45,1729.67,,2.18,1.9,2.04,2.09,382.29,5.8,5.9,1.02,0.98
23/07/2021,2:37:00 PM,2:37:32 PM,Wagga,NSW,3,185519110,R3 2270m Pace M,185519111,Harness,2270,Pace,25634324,2,Chubbs,LOSER,48.19,LOSER,,170.35,90,36,48,46.56,335.01,300,28,300,75.11,26.26,,7.6,7,7.6,7.31,38,42,46,1.02,0.98
23/07/2021,2:37:00 PM,2:37:32 PM,Wagga,NSW,3,185519110,R3 2270m Pace M,185519111,Harness,2270,Pace,26608805,3,Heavenly Wisdom,WINNER,3.55,WINNER,,2141.04,5.6,3.2,3.55,3.67,6020.03,3.95,1.01,1.01,1.72,4686.34,,1.7,1.52,1.58,1.6,925.3,3.5,3.55,1.02,0.98
23/07/2021,2:37:00 PM,2:37:32 PM,Wagga,NSW,3,185519110,R3 2270m Pace M,185519111,Harness,2270,Pace,38338834,4,Mastablasta,LOSER,8.4,WINNER,,651.68,13.5,7,8.6,8.48,1353.23,560,1.52,200,13.16,265.61,,2.58,2.58,2.58,2.58,20,8.4,8.6,1.02,0.98
23/07/2021,2:37:00 PM,2:37:32 PM,Wagga,NSW,3,185519110,R3 2270m Pace M,185519111,Harness,2270,Pace,20948240,5,Light Up Billy,LOSER,12.28,LOSER,,441.21,16,9,12.5,13.21,362.87,560,12,420,28.46,161.37,,3.55,3.15,3.4,3.22,152.27,14,15,1.02,0.98
23/07/2021,2:37:00 PM,2:37:32 PM,Wagga,NSW,3,185519110,R3 2270m Pace M,185519111,Harness,2270,Pace,38706944,6,Napoli Nights,LOSER,14.5,LOSER,,360.82,20,12,14,13.75,438.63,830,12,830,30.36,74.05,,3.65,3.5,3.65,3.54,177.55,12,14,1.02,0.98
23/07/2021,2:37:00 PM,2:37:32 PM,Wagga,NSW,3,185519110,R3 2270m Pace M,185519111,Harness,2270,Pace,16053375,7,Hard To Love,LOSER,19.45,LOSER,,351.04,44,15.5,22,26.1,267.51,420,19,420,49.24,45.54,,4.6,4.5,4.5,4.53,15,23,25,1.02,0.98
23/07/2021,2:37:00 PM,2:37:32 PM,Wagga,NSW,3,185519110,R3 2270m Pace M,185519111,Harness,2270,Pace,38629268,8,Tashs Mate,LOSER,25,LOSER,,248.7,32,23,28,27.85,257.5,300,44,300,83.22,19.81,,5.9,4.8,5.6,5.37,108.96,27,30,1.02,0.98
23/07/2021,2:37:00 PM,2:37:32 PM,Wagga,NSW,3,185519110,R3 2270m Pace M,185519111,Harness,2270,Pace,38858915,9,Glenfield Grey,LOSER,5.52,WINNER,,1024.35,6.2,3.25,6.2,4.73,2111.62,290,3.6,85,7.3,501.16,,2.22,1.31,2.06,1.95,287.72,5.4,5.6,1.02,0.98
23/07/2021,3:15:00 PM,3:15:32 PM,Wagga,NSW,4,185519112,R4 2270m Pace M,185519113,Harness,2270,Pace,40272080,1,Charlotte Caslick,LOSER,10.28,WINNER,,713.35,10.5,3.95,10,6.52,1843.08,75,2.62,75,5.68,1209.09,,3.3,1.74,3.1,2.4,342.15,9.2,9.6,1.04,0.98
23/07/2021,3:15:00 PM,3:15:32 PM,Wagga,NSW,4,185519112,R4 2270m Pace M,185519113,Harness,2270,Pace,38946607,2,Treacheroustimes,LOSER,30.07,LOSER,,245.94,60,21,30,32.23,239.45,470,17.5,470,39.65,28.15,,8.6,6.2,8.6,7.38,53.42,27,32,1.04,0.98
23/07/2021,3:15:00 PM,3:15:32 PM,Wagga,NSW,4,185519112,R4 2270m Pace M,185519113,Harness,2270,Pace,40272081,3,Lightning Bay,LOSER,14,LOSER,,391.3,16,6.4,13.5,9.89,1959.63,880,7.4,880,31.2,98.36,,3.3,2.76,3.3,3.03,319.96,14,15,1.04,0.98
23/07/2021,3:15:00 PM,3:15:32 PM,Wagga,NSW,4,185519112,R4 2270m Pace M,185519113,Harness,2270,Pace,40272082,4,Heza Blaster,WINNER,5.4,WINNER,,877.06,5.8,3.5,5.2,5.11,1507.57,8.2,1.01,1.01,1.81,2912.66,,1.99,1.66,1.99,1.71,61.99,5,5.1,1.04,0.98
23/07/2021,3:15:00 PM,3:15:32 PM,Wagga,NSW,4,185519112,R4 2270m Pace M,185519113,Harness,2270,Pace,40272083,5,Louthario,LOSER,4.59,LOSER,,1143.34,5.6,3.45,4.5,4.44,3646.89,600,4,590,11.5,490.92,,1.94,1.56,1.79,1.81,776.07,4.6,4.7,1.04,0.98
23/07/2021,3:15:00 PM,3:15:32 PM,Wagga,NSW,4,185519112,R4 2270m Pace M,185519113,Harness,2270,Pace,28587484,6,Roll Play,LOSER,33.84,LOSER,,235.57,70,28,30,36.01,369.68,1000,12,1000,61.93,43.58,,13,13,13,13,26.73,29,30,1.04,0.98
23/07/2021,3:15:00 PM,3:15:32 PM,Wagga,NSW,4,185519112,R4 2270m Pace M,185519113,Harness,2270,Pace,28093414,7,Rocco Variety,LOSER,38,LOSER,,206.67,110,29,34,49.69,318.31,320,38,320,88.15,17.99,,7.4,5.9,7.4,6.79,5,30,34,1.04,0.98
23/07/2021,3:15:00 PM,3:15:32 PM,Wagga,NSW,4,185519112,R4 2270m Pace M,185519113,Harness,2270,Pace,29907414,8,Valley Of Terror,LOSER,120,LOSER,,69.6,310,80,120,123.83,55.85,900,80,900,433.84,1.72,,7.8,7.8,7.8,7.8,5,100,120,1.04,0.98
23/07/2021,3:15:00 PM,3:15:32 PM,Wagga,NSW,4,185519112,R4 2270m Pace M,185519113,Harness,2270,Pace,35523833,9,Shark Dancer,LOSER,11.2,WINNER,,545.74,21,9,9.8,11.22,1923.55,560,7.2,560,30.15,166.82,,3.65,2.74,2.78,3.11,338.65,10,11,1.04,0.98
23/07/2021,3:15:00 PM,3:15:32 PM,Wagga,NSW,4,185519112,R4 2270m Pace M,185519113,Harness,2270,Pace,26237602,10,Isntthatright,LOSER,4.5,LOSER,,1124.96,12.5,4,4.8,6.28,4119.23,600,1.3,110,6.08,1061.65,,2.38,1.73,1.84,2.14,168.5,4.4,4.8,1.04,0.98
23/07/2021,3:47:00 PM,3:47:50 PM,Wagga,NSW,5,185519114,R5 1740m Pace M,185519115,Harness,1740,Pace,31371653,1,Betterthantheboyz,LOSER,72.48,LOSER,,130.87,440,44,85,57.43,119.43,1000,14,1000,66.67,29.89,,,,,,,50,65,1.03,0.97
23/07/2021,3:47:00 PM,3:47:50 PM,Wagga,NSW,5,185519114,R5 1740m Pace M,185519115,Harness,1740,Pace,2464930,2,Crystal Tiara,LOSER,5.53,WINNER,,1487,10,5.3,5.4,6.57,1595.95,1000,4.4,550,20.2,107.83,,2.2,1.72,1.73,1.92,551.89,6.2,6.4,1.03,0.97
23/07/2021,3:47:00 PM,3:47:50 PM,Wagga,NSW,5,185519114,R5 1740m Pace M,185519115,Harness,1740,Pace,25067397,3,Reibey Beach,LOSER,27.26,LOSER,,327.02,170,18,29,25.15,309.43,1000,10.5,1000,46.66,55.88,,6.2,4.7,4.7,4.88,58.05,26,28,1.03,0.97
23/07/2021,3:47:00 PM,3:47:50 PM,Wagga,NSW,5,185519114,R5 1740m Pace M,185519115,Harness,1740,Pace,24327109,4,Grinforawin,LOSER,62.85,LOSER,,233.71,440,40,55,50.84,207.98,1000,23,1000,65.57,67.04,,7.8,7.4,7.4,7.46,50,42,44,1.03,0.97
23/07/2021,3:47:00 PM,3:47:50 PM,Wagga,NSW,5,185519114,R5 1740m Pace M,185519115,Harness,1740,Pace,40112175,5,Rockin In Chelsea,LOSER,65,LOSER,,189.36,65,25,55,42.6,212.28,1000,30,680,80.17,26.3,,,,,,,38,42,1.03,0.97
23/07/2021,3:47:00 PM,3:47:50 PM,Wagga,NSW,5,185519114,R5 1740m Pace M,185519115,Harness,1740,Pace,20302783,6,I Am Speed,LOSER,2.95,WINNER,,3897.78,3.25,1.77,3.05,2.77,8891.54,1000,2,490,4.01,2127.27,,1.57,1.2,1.57,1.37,927.4,2.94,2.96,1.03,0.97
23/07/2021,3:47:00 PM,3:47:50 PM,Wagga,NSW,5,185519114,R5 1740m Pace M,185519115,Harness,1740,Pace,37258848,7,Playa Blanca,LOSER,53.44,LOSER,,189.76,250,32,50,38.3,330.95,1000,50,1000,120.86,10.97,,,,,,,36,40,1.03,0.97
23/07/2021,3:47:00 PM,3:47:50 PM,Wagga,NSW,5,185519114,R5 1740m Pace M,185519115,Harness,1740,Pace,40112179,8,Sunnywithachance,LOSER,90,LOSER,,100.13,680,70,100,81.02,85.49,1000,100,530,254.09,6.99,,7.8,7.8,7.8,7.8,10,65,70,1.03,0.97
23/07/2021,3:47:00 PM,3:47:50 PM,Wagga,NSW,5,185519114,R5 1740m Pace M,185519115,Harness,1740,Pace,40040664,9,Redbank Molly,LOSER,12.3,LOSER,,652.45,23,2.16,14,12.71,1102.21,1000,5.2,780,34.8,108.36,,3.3,2.3,2.38,2.74,403.94,12.5,15.5,1.03,0.97
23/07/2021,3:47:00 PM,3:47:50 PM,Wagga,NSW,5,185519114,R5 1740m Pace M,185519115,Harness,1740,Pace,3960391,10,Ab Fab,WINNER,3.03,WINNER,,3766.57,7.2,3.1,3.15,3.41,7882.07,3.2,1.01,1.01,1.57,3738.68,,1.59,1.49,1.59,1.56,224.8,3.4,3.7,1.03,0.97
23/07/2021,4:25:00 PM,4:25:55 PM,Wagga,NSW,6,185519116,R6 1740m Pace M,185519117,Harness,1740,Pace,9391014,1,Hilly,LOSER,13.54,LOSER,,672.47,15,9,13.5,11.61,1286.74,780,10,410,28.16,52.23,,4.5,2.36,2.56,2.58,1545.36,12.5,13.5,1.04,0.99
23/07/2021,4:25:00 PM,4:25:55 PM,Wagga,NSW,6,185519116,R6 1740m Pace M,185519117,Harness,1740,Pace,38108293,2,Tingiringi,LOSER,3,LOSER,,1689.71,3.4,1.82,3,2.94,7884.31,600,2.82,600,11.92,397.96,,1.68,1.21,1.57,1.59,312.39,2.68,2.74,1.04,0.99
23/07/2021,4:25:00 PM,4:25:55 PM,Wagga,NSW,6,185519116,R6 1740m Pace M,185519117,Harness,1740,Pace,21411258,3,Sir Macs Man,LOSER,110,LOSER,,98.73,150,80,140,102.63,61.84,700,24,700,77.41,28.85,,,,,,,110,130,1.04,0.99
23/07/2021,4:25:00 PM,4:25:55 PM,Wagga,NSW,6,185519116,R6 1740m Pace M,185519117,Harness,1740,Pace,9230464,4,Dust To Diamonds,LOSER,20,LOSER,,231.86,44,20,21,29.86,275.69,280,10.5,270,40.83,51.93,,6.8,5.6,6,6.04,125.46,30,34,1.04,0.99
23/07/2021,4:25:00 PM,4:25:55 PM,Wagga,NSW,6,185519116,R6 1740m Pace M,185519117,Harness,1740,Pace,24169537,5,Angelic Miss,LOSER,9.2,LOSER,,503.83,17,8.8,9.4,10.99,2566.33,1000,8.8,1000,27.65,133.97,,3.05,2.6,2.96,2.85,244.18,9.2,10.5,1.04,0.99
23/07/2021,4:25:00 PM,4:25:55 PM,Wagga,NSW,6,185519116,R6 1740m Pace M,185519117,Harness,1740,Pace,19506116,6,Imapest,LOSER,82.98,LOSER,,203.34,80,40,75,61.08,101.44,300,42,300,87.29,19.78,,,,,,,65,70,1.04,0.99
23/07/2021,4:25:00 PM,4:25:55 PM,Wagga,NSW,6,185519116,R6 1740m Pace M,185519117,Harness,1740,Pace,8159701,7,Procurement,LOSER,4.92,WINNER,,965.33,8.4,4.4,5.2,5.68,2159.26,600,1.12,140,13.35,604.86,,2.6,2.12,2.22,2.24,373.4,5.9,6,1.04,0.99
23/07/2021,4:25:00 PM,4:25:55 PM,Wagga,NSW,6,185519116,R6 1740m Pace M,185519117,Harness,1740,Pace,611265,8,Cassius,WINNER,30.01,WINNER,,242.12,60,25,34,38.93,205.91,44,1.01,1.01,1.38,5543.99,,7.2,6.4,7.2,6.65,67,40,42,1.04,0.99
23/07/2021,4:25:00 PM,4:25:55 PM,Wagga,NSW,6,185519116,R6 1740m Pace M,185519117,Harness,1740,Pace,22213133,9,Rise Above This,LOSER,11,LOSER,,775.54,13,6.6,11.5,8.74,2060.17,560,9.8,560,34.3,62.22,,3.35,1.95,2.42,2.33,1695.24,9.2,9.6,1.04,0.99
23/07/2021,4:25:00 PM,4:25:55 PM,Wagga,NSW,6,185519116,R6 1740m Pace M,185519117,Harness,1740,Pace,40272084,10,Marianna Bromac,LOSER,8.69,WINNER,,854.88,9.4,5.6,9,7.51,2176.35,600,2.86,590,15,207.62,,2.62,2.18,2.6,2.27,567.89,8.6,9.2,1.04,0.99
23/07/2021,5:00:00 PM,5:00:52 PM,Wagga,NSW,7,185519118,R7 1740m Pace M,185519119,Harness,1740,Pace,24730038,1,Bently Bullet,LOSER,8.6,LOSER,,707.38,16.5,7.8,8.2,9.44,1006.41,550,4.3,490,10.26,112.33,,2.04,1.64,1.64,1.82,858.19,9.2,11,1.04,1
23/07/2021,5:00:00 PM,5:00:52 PM,Wagga,NSW,7,185519118,R7 1740m Pace M,185519119,Harness,1740,Pace,36499837,2,Killara Missile,LOSER,1.63,LOSER,,2290.82,1.99,1.57,1.63,1.66,5564.56,560,1.4,560,2.59,1118.49,,1.2,1.14,1.14,1.16,304.28,1.6,1.62,1.04,1
23/07/2021,5:00:00 PM,5:00:52 PM,Wagga,NSW,7,185519118,R7 1740m Pace M,185519119,Harness,1740,Pace,39847878,3,Shame To Fame,LOSER,119.13,LOSER,,99.73,340,150,200,188.31,24.19,700,9.2,680,82.26,42.01,,,,,,,160,200,1.04,1
23/07/2021,5:00:00 PM,5:00:52 PM,Wagga,NSW,7,185519118,R7 1740m Pace M,185519119,Harness,1740,Pace,24051055,4,Shadow Sign,LOSER,86.75,WINNER,,110.75,220,85,220,144.99,18.32,860,23,130,80.26,44.7,,,,,,,85,170,1.04,1
23/07/2021,5:00:00 PM,5:00:52 PM,Wagga,NSW,7,185519118,R7 1740m Pace M,185519119,Harness,1740,Pace,14535254,5,Tungsten Terror,LOSER,10.12,WINNER,,443.87,11.5,6,10,8.93,363.98,75,3.1,75,14.01,88.74,,2.32,2.32,2.32,2.32,1.42,9.6,8.6,1.04,1
23/07/2021,5:00:00 PM,5:00:52 PM,Wagga,NSW,7,185519118,R7 1740m Pace M,185519119,Harness,1740,Pace,16468346,6,Tygerphinn,LOSER,60,LOSER,,178.83,170,70,100,97.83,22.04,300,50,300,72.21,44.88,,,,,,,80,170,1.04,1
23/07/2021,5:00:00 PM,5:00:52 PM,Wagga,NSW,7,185519118,R7 1740m Pace M,185519119,Harness,1740,Pace,7155465,7,Norms Courage,LOSER,83.91,LOSER,,145.88,140,75,110,98.22,50.86,130,38,130,79.67,61.17,,,,,,,95,110,1.04,1
23/07/2021,5:00:00 PM,5:00:52 PM,Wagga,NSW,7,185519118,R7 1740m Pace M,185519119,Harness,1740,Pace,9035388,8,Redbank Harry,LOSER,85.81,LOSER,,143.16,340,100,180,154.6,20.85,270,10,70,58.79,93.08,,,,,,,110,180,1.04,1
23/07/2021,5:00:00 PM,5:00:52 PM,Wagga,NSW,7,185519118,R7 1740m Pace M,185519119,Harness,1740,Pace,38284929,10,Western Style,WINNER,7.16,WINNER,,611.21,7.4,4.3,7.4,6.26,832.46,10,1.02,1.02,1.75,1883.43,,1.6,1.49,1.5,1.5,459.58,6.4,6.8,1.04,1
23/07/2021,5:31:00 PM,5:31:45 PM,Wagga,NSW,8,185519120,R8 2270m Pace M,185519121,Harness,2270,Pace,11415554,1,Dashofluck,LOSER,65,LOSER,,152.56,140,55,110,82.42,125.97,930,55,930,133.23,16.32,,9.4,8,8,8.52,33.06,80,110,1.04,0.98
23/07/2021,5:31:00 PM,5:31:45 PM,Wagga,NSW,8,185519120,R8 2270m Pace M,185519121,Harness,2270,Pace,9620039,2,Duke Jujon,LOSER,127.59,LOSER,,89.34,400,100,210,177.91,42.54,700,55,700,108.47,24.24,,,,,,,230,240,1.04,0.98
23/07/2021,5:31:00 PM,5:31:45 PM,Wagga,NSW,8,185519120,R8 2270m Pace M,185519121,Harness,2270,Pace,22361358,3,Roll Out,LOSER,91.79,LOSER,,112.9,130,36,120,90.22,97.27,950,65,950,142.05,20.57,,17.5,5,12.5,10.09,107.64,80,90,1.04,0.98
23/07/2021,5:31:00 PM,5:31:45 PM,Wagga,NSW,8,185519120,R8 2270m Pace M,185519121,Harness,2270,Pace,27223775,4,Philandering Chef,WINNER,24.3,WINNER,,297.05,32,8.6,30,14.23,948.03,65,1.07,1.07,6.6,462.23,,4.5,2.9,4.3,4.23,132.5,21,25,1.04,0.98
23/07/2021,5:31:00 PM,5:31:45 PM,Wagga,NSW,8,185519120,R8 2270m Pace M,185519121,Harness,2270,Pace,13334017,5,Heavens Hurricane,LOSER,30.75,LOSER,,209.43,48,22,46,29.62,196.03,720,5.9,720,21.41,186.91,,4.3,3.55,4.3,3.98,124.17,26,28,1.04,0.98
23/07/2021,5:31:00 PM,5:31:45 PM,Wagga,NSW,8,185519120,R8 2270m Pace M,185519121,Harness,2270,Pace,26695108,6,Dancing Chick,LOSER,12.04,LOSER,,458.84,22,12.5,13,15.24,653.34,420,7,420,17.03,189.67,,3.4,3.15,3.15,3.24,93.52,13.5,15,1.04,0.98
23/07/2021,5:31:00 PM,5:31:45 PM,Wagga,NSW,8,185519120,R8 2270m Pace M,185519121,Harness,2270,Pace,36418799,7,B K Swy,LOSER,2.84,WINNER,,1612.13,3.4,2.32,2.84,2.94,5111.88,75,1.12,75,2.88,2177.14,,1.64,1.43,1.44,1.51,45,2.96,3.05,1.04,0.98
23/07/2021,5:31:00 PM,5:31:45 PM,Wagga,NSW,8,185519120,R8 2270m Pace M,185519121,Harness,2270,Pace,25201450,8,Sarah Anne,LOSER,18.27,LOSER,,371.65,18.5,8.6,18,12.85,538.44,490,6,280,21.11,83.46,,2.88,2.68,2.88,2.77,56.36,11.5,12,1.04,0.98
23/07/2021,5:31:00 PM,5:31:45 PM,Wagga,NSW,8,185519120,R8 2270m Pace M,185519121,Harness,2270,Pace,39326254,9,Cloudlet,LOSER,3.27,LOSER,,1800.68,5.8,2.84,3,3.4,3965.87,75,2.1,75,3.49,1646.31,,1.87,1.5,1.51,1.56,299.11,3.4,3.5,1.04,0.98
23/07/2021,5:31:00 PM,5:31:45 PM,Wagga,NSW,8,185519120,R8 2270m Pace M,185519121,Harness,2270,Pace,28171830,10,Louis Litt,LOSER,9.87,WINNER,,834.65,10,5.1,8.6,7.75,1135.02,75,1.73,75,7.9,513.77,,2.26,2,2.24,2.02,1083.87,7.8,8.6,1.04,0.98
24/07/2021,5:15:00 PM,5:15:54 PM,Albion Park,QLD,1,185547799,R1 1660m Pace M,185547800,Harness,1660,Pace,39150282,1,Fairy Tinkabell,LOSER,9.59,WINNER,1.75,554.39,11,4.3,9.6,8.45,2967.41,420,2.52,190,8.43,372.05,1334.59,1.86,1.56,1.76,1.74,779.84,9.8,10,1.02,0.99
24/07/2021,5:15:00 PM,5:15:54 PM,Albion Park,QLD,1,185547799,R1 1660m Pace M,185547800,Harness,1660,Pace,24525179,2,Tommy Lincoln,WINNER,3.8,WINNER,1.61,1986.97,5,3.15,3.75,3.9,12403.35,3.8,1.01,1.01,1.66,6436.56,1149.34,1.73,1.46,1.6,1.6,1079.02,3.8,3.9,1.02,0.99
24/07/2021,5:15:00 PM,5:15:54 PM,Albion Park,QLD,1,185547799,R1 1660m Pace M,185547800,Harness,1660,Pace,27078520,3,Mach Da Vinci,LOSER,4.55,LOSER,1.61,1509.76,7.4,4.2,4.3,4.76,6871.09,700,2,100,5.1,723.65,652.94,1.9,1.45,1.62,1.55,872.95,4.4,4.6,1.02,0.99
24/07/2021,5:15:00 PM,5:15:54 PM,Albion Park,QLD,1,185547799,R1 1660m Pace M,185547800,Harness,1660,Pace,10491134,4,Crunch Time,LOSER,2.78,WINNER,1.38,1933.01,4.6,2.34,2.78,2.66,31735.44,120,2.3,120,6.32,1259.93,1372.57,1.63,1.27,1.41,1.39,1593.62,2.62,2.64,1.02,0.99
24/07/2021,5:15:00 PM,5:15:54 PM,Albion Park,QLD,1,185547799,R1 1660m Pace M,185547800,Harness,1660,Pace,12990651,5,Make Mine Heaven,LOSER,78.9,LOSER,6.47,152.49,80,26,70,51.31,350.67,930,26,930,100.31,33.25,299.2,7,4.9,6.2,6.01,211.37,60,65,1.02,0.99
24/07/2021,5:15:00 PM,5:15:54 PM,Albion Park,QLD,1,185547799,R1 1660m Pace M,185547800,Harness,1660,Pace,24324812,6,Shady Azz,LOSER,420.1,LOSER,22.88,47.3,320,85,320,175.79,64.13,990,70,990,409.78,15.53,83.75,20,10.5,20,13.84,0.27,220,270,1.02,0.99
24/07/2021,5:15:00 PM,5:15:54 PM,Albion Park,QLD,1,185547799,R1 1660m Pace M,185547800,Harness,1660,Pace,20945852,7,The Croupier,LOSER,300,LOSER,32.25,47.74,390,95,320,238.25,56.32,700,65,700,300.26,3.82,59.85,,,,,,260,310,1.02,0.99
24/07/2021,5:15:00 PM,5:15:54 PM,Albion Park,QLD,1,185547799,R1 1660m Pace M,185547800,Harness,1660,Pace,24888151,8,Fond Memories,LOSER,239.65,LOSER,14.5,59.31,360,110,290,177.34,100.41,700,85,700,282.2,6.67,62.23,15.5,11.5,14,14.07,125.28,200,220,1.02,0.99
24/07/2021,5:15:00 PM,5:15:54 PM,Albion Park,QLD,1,185547799,R1 1660m Pace M,185547800,Harness,1660,Pace,31375108,9,Bombadier Jujon,LOSER,140,LOSER,10,98.51,150,75,140,105.94,116.64,700,55,700,164.78,9.84,161.78,11,7,10.5,9.99,60.57,110,120,1.02,0.99
24/07/2021,5:15:00 PM,5:15:54 PM,Albion Park,QLD,1,185547799,R1 1660m Pace M,185547800,Harness,1660,Pace,24117444,10,Miss Ruby Sunshine,LOSER,258.41,LOSER,20,68.69,260,100,200,166.97,83.3,790,80,780,273.48,16.46,71.05,20,15,20,16.01,13.02,140,150,1.02,0.99
24/07/2021,5:45:00 PM,5:45:50 PM,Albion Park,QLD,2,185547801,R2 2680m Pace M,185547802,Harness,2680,Pace,15708514,1,Ellmers Image,LOSER,3.01,LOSER,1.44,2425.27,4,2.6,2.8,2.82,30231.28,230,2.36,160,3.1,4494.34,778.21,1.64,1.38,1.46,1.41,4558.68,2.66,2.72,1.04,0.98
24/07/2021,5:45:00 PM,5:45:50 PM,Albion Park,QLD,2,185547801,R2 2680m Pace M,185547802,Harness,2680,Pace,36342252,2,Iolanta,LOSER,22,WINNER,4.8,354.69,26,15.5,22,19.6,1021.58,700,2.1,490,13.64,223.36,363.99,5.1,4.7,4.9,4.88,50.91,21,25,1.04,0.98
24/07/2021,5:45:00 PM,5:45:50 PM,Albion Park,QLD,2,185547801,R2 2680m Pace M,185547802,Harness,2680,Pace,4027405,3,Balraj,LOSER,9.53,LOSER,3.56,766.15,11,5,9.6,9.1,2668.24,700,4,700,9.27,452.81,1010.04,44,2.8,5.6,3.2,265.88,10,10.5,1.04,0.98
24/07/2021,5:45:00 PM,5:45:50 PM,Albion Park,QLD,2,185547801,R2 2680m Pace M,185547802,Harness,2680,Pace,12980272,4,Sam Is Perfection,LOSER,74.48,LOSER,14.34,158.91,120,38,90,63.85,428.21,950,28,120,64.49,44.43,68.55,,,,,,95,100,1.04,0.98
24/07/2021,5:45:00 PM,5:45:50 PM,Albion Park,QLD,2,185547801,R2 2680m Pace M,185547802,Harness,2680,Pace,19976613,5,Kash Us Back,LOSER,28.42,LOSER,7,268.81,32,16.5,28,26.5,317.79,700,1.9,120,5.27,784,143.74,6,6,6,6,12.17,27,28,1.04,0.98
24/07/2021,5:45:00 PM,5:45:50 PM,Albion Park,QLD,2,185547801,R2 2680m Pace M,185547802,Harness,2680,Pace,28315980,6,Send It,WINNER,6,WINNER,2.27,1032.27,8.2,5.9,5.9,6.68,5903.66,12.5,1.02,1.02,2.19,3576.33,974.23,2.72,2.18,2.34,2.35,405.95,6,6.4,1.04,0.98
24/07/2021,5:45:00 PM,5:45:50 PM,Albion Park,QLD,2,185547801,R2 2680m Pace M,185547802,Harness,2680,Pace,10693010,7,Smooth Sailor,LOSER,42.18,LOSER,9.98,235.38,46,16.5,46,34.14,207.1,920,38,920,92.41,36.43,121.03,,,,,,42,44,1.04,0.98
24/07/2021,5:45:00 PM,5:45:50 PM,Albion Park,QLD,2,185547801,R2 2680m Pace M,185547802,Harness,2680,Pace,11160591,8,Our Uncle Sam,LOSER,7.4,LOSER,2.16,1327.58,8.4,5.6,7.2,6.63,4730.84,870,7.4,870,23.36,100.51,867.16,2.36,2.02,2.14,2.12,709.27,6.2,6.6,1.04,0.98
24/07/2021,5:45:00 PM,5:45:50 PM,Albion Park,QLD,2,185547801,R2 2680m Pace M,185547802,Harness,2680,Pace,22527443,9,Kid Montana,LOSER,44,LOSER,9.8,266.01,60,23,48,45.47,230.08,700,42,700,75.92,18.26,211.17,12,6.8,8.8,7.02,267.51,48,50,1.04,0.98
24/07/2021,5:45:00 PM,5:45:50 PM,Albion Park,QLD,2,185547801,R2 2680m Pace M,185547802,Harness,2680,Pace,20707673,10,Cardlesfromheaven,LOSER,21.72,LOSER,6.46,314.66,24,9.2,21,17.05,577.04,880,5.2,880,33.23,126,273.73,4.9,3.45,4.7,4.13,147.83,21,24,1.04,0.98
24/07/2021,5:45:00 PM,5:45:50 PM,Albion Park,QLD,2,185547801,R2 2680m Pace M,185547802,Harness,2680,Pace,40284858,11,Uncle Jord,LOSER,114.7,WINNER,41.39,110.75,170,100,140,129.04,134.07,690,1.5,580,4.69,367.19,65.56,300,32,38,33.66,35.26,120,130,1.04,0.98
24/07/2021,5:45:00 PM,5:45:50 PM,Albion Park,QLD,2,185547801,R2 2680m Pace M,185547802,Harness,2680,Pace,22834513,12,Fame Assured,LOSER,25.56,LOSER,6.57,353,44,24,29,31.12,915.73,910,8,910,46.43,63.62,280.73,5.8,5.6,5.6,5.64,36,26,28,1.04,0.98
24/07/2021,6:15:00 PM,6:16:01 PM,Albion Park,QLD,3,185547803,R3 1660m Pace M,185547804,Harness,1660,Pace,40284859,1,Uncle Shank,WINNER,3.3,WINNER,1.56,1980.7,6.4,3.05,3.3,3.56,15995.27,6.8,1.27,6.8,2.86,3333.31,1343.97,1.57,1.39,1.5,1.44,974.88,3.2,3.3,1.04,0.98
24/07/2021,6:15:00 PM,6:16:01 PM,Albion Park,QLD,3,185547803,R3 1660m Pace M,185547804,Harness,1660,Pace,39722655,2,Nicks Pick,LOSER,40.53,LOSER,4.79,132.19,70,32,40,47.31,418.51,510,8,510,61.07,32.47,222.03,6.2,3.75,3.8,5.06,723.87,55,70,1.04,0.98
24/07/2021,6:15:00 PM,6:16:01 PM,Albion Park,QLD,3,185547803,R3 1660m Pace M,185547804,Harness,1660,Pace,40284860,3,The Rocknroll King,LOSER,33.28,LOSER,4.1,166.08,40,23,27,28.63,645.67,700,29,700,45.76,73.21,237.86,4.4,3.65,4.4,4.12,25.41,25,29,1.04,0.98
24/07/2021,6:15:00 PM,6:16:01 PM,Albion Park,QLD,3,185547803,R3 1660m Pace M,185547804,Harness,1660,Pace,40284861,4,Sweet Jemma,LOSER,111.36,LOSER,9.27,74.65,160,75,80,104.02,140.42,700,60,700,266.1,5.11,84.42,9.6,7.8,9.6,8.71,42.24,100,110,1.04,0.98
24/07/2021,6:15:00 PM,6:16:01 PM,Albion Park,QLD,3,185547803,R3 1660m Pace M,185547804,Harness,1660,Pace,2474676,5,Virgil,LOSER,140,LOSER,9.61,70.52,220,90,130,143.57,113.88,860,55,860,414.92,2.41,179.88,16.5,8.6,9,10.68,333.12,140,150,1.04,0.98
24/07/2021,6:15:00 PM,6:16:01 PM,Albion Park,QLD,3,185547803,R3 1660m Pace M,185547804,Harness,1660,Pace,23708970,6,Adam Crocker,LOSER,56.16,WINNER,6.95,127.08,120,38,75,65.34,287.99,300,7.2,300,19.22,110.3,66.32,9,7,7.8,7.56,96,75,85,1.04,0.98
24/07/2021,6:15:00 PM,6:16:01 PM,Albion Park,QLD,3,185547803,R3 1660m Pace M,185547804,Harness,1660,Pace,24706601,8,Rocks Or Diamonds,LOSER,72.69,LOSER,4.25,103.52,95,20,55,51.83,526.06,700,30,700,91.78,33.19,328.71,5.7,4,4.7,4.44,1131.49,60,80,1.04,0.98
24/07/2021,6:15:00 PM,6:16:01 PM,Albion Park,QLD,3,185547803,R3 1660m Pace M,185547804,Harness,1660,Pace,39395785,10,Ilikemebettor,LOSER,3.96,LOSER,1.68,2102.35,3.95,2.64,3.8,3.26,13862.22,700,2.44,700,8.33,558.99,433.49,1.45,1.33,1.45,1.38,282.37,3.25,3.5,1.04,0.98
24/07/2021,6:15:00 PM,6:16:01 PM,Albion Park,QLD,3,185547803,R3 1660m Pace M,185547804,Harness,1660,Pace,28499127,11,Kowalski Analysis,LOSER,3.1,WINNER,1.58,1824.81,3.65,2.2,3.1,3.21,13027.92,4.7,1.17,1.17,2.19,2083.4,468.33,1.66,1.31,1.6,1.56,1155.54,3.2,3.3,1.04,0.98
24/07/2021,6:42:00 PM,6:43:40 PM,Albion Park,QLD,4,185547805,R4 2138m Trot M,185547806,Harness,2138,Trot,40284863,1,Majestic Simon,LOSER,8.7,LOSER,2.18,473.8,10.5,7,8.2,8.4,3727.02,890,5,890,16.49,334.54,541,2.46,2.1,2.2,2.34,1068.24,8.2,9,1.01,0.98
24/07/2021,6:42:00 PM,6:43:40 PM,Albion Park,QLD,4,185547805,R4 2138m Trot M,185547806,Harness,2138,Trot,28454269,2,Sir Fahrenheit,LOSER,55.59,LOSER,7.2,197.25,110,46,65,75.54,307.41,950,18.5,700,72.36,30.38,194.33,10,6.6,9.8,8.66,35.69,75,85,1.01,0.98
24/07/2021,6:42:00 PM,6:43:40 PM,Albion Park,QLD,4,185547805,R4 2138m Trot M,185547806,Harness,2138,Trot,13388437,3,Northern Muscle,LOSER,83.23,LOSER,12.98,86.22,170,75,75,103.89,214.81,1000,80,1000,163.65,15.84,67.06,10,10,10,10,3.73,85,90,1.01,0.98
24/07/2021,6:42:00 PM,6:43:40 PM,Albion Park,QLD,4,185547805,R4 2138m Trot M,185547806,Harness,2138,Trot,19150490,4,Godofthunder,LOSER,192.51,LOSER,14.43,77.46,250,95,180,164.88,39.18,890,13,700,99.98,9.54,259.93,15.5,12,15.5,14.15,45.82,200,220,1.01,0.98
24/07/2021,6:42:00 PM,6:43:40 PM,Albion Park,QLD,4,185547805,R4 2138m Trot M,185547806,Harness,2138,Trot,2480617,5,Kingdom Come,LOSER,710,LOSER,79.53,23.23,640,190,360,287.4,14.66,1000,360,1000,466.11,13.92,28.34,80,65,75,69.14,10.43,300,340,1.01,0.98
24/07/2021,6:42:00 PM,6:43:40 PM,Albion Park,QLD,4,185547805,R4 2138m Trot M,185547806,Harness,2138,Trot,1204548,6,Aladdin Sane,LOSER,120,LOSER,17,91.59,200,100,180,137.04,57.47,1000,80,1000,166.85,22.29,37.9,17,10.5,17,11.52,10.67,110,120,1.01,0.98
24/07/2021,6:42:00 PM,6:43:40 PM,Albion Park,QLD,4,185547805,R4 2138m Trot M,185547806,Harness,2138,Trot,36105229,7,Humble Ladd,LOSER,5.9,WINNER,1.91,1129.52,6.8,4.2,5.7,5.22,4212.87,700,1.99,360,5.34,595.18,481.49,1.95,1.7,1.86,1.88,134.24,5.6,5.7,1.01,0.98
24/07/2021,6:42:00 PM,6:43:40 PM,Albion Park,QLD,4,185547805,R4 2138m Trot M,185547806,Harness,2138,Trot,1065834,9,Gold Chain,LOSER,18,LOSER,4.5,524.96,30,17,19,20.52,1145.15,900,8,900,29.91,115.36,148.77,4.5,4,4.5,4.23,241.06,22,24,1.01,0.98
24/07/2021,6:42:00 PM,6:43:40 PM,Albion Park,QLD,4,185547805,R4 2138m Trot M,185547806,Harness,2138,Trot,37467838,10,Red Castleton,LOSER,81.03,LOSER,9.65,102.6,130,46,90,88.08,127.34,950,55,790,159.06,14.89,118.92,11.5,8,9.4,9.87,35,110,130,1.01,0.98
24/07/2021,6:42:00 PM,6:43:40 PM,Albion Park,QLD,4,185547805,R4 2138m Trot M,185547806,Harness,2138,Trot,25279027,11,Pink Galahs,LOSER,2.69,WINNER,1.39,2223.39,3.35,2.6,2.66,2.92,19606.32,490,1.73,100,3.63,1960.87,1461.41,1.55,1.19,1.38,1.44,1277.05,2.84,2.88,1.01,0.98
24/07/2021,6:42:00 PM,6:43:40 PM,Albion Park,QLD,4,185547805,R4 2138m Trot M,185547806,Harness,2138,Trot,9252882,12,Our Overanova,LOSER,49.36,LOSER,5.91,153.28,48,29,48,35.82,436.79,700,15.5,700,38.42,100.71,337.1,6,5.7,6,5.94,72.88,40,42,1.01,0.98
24/07/2021,6:42:00 PM,6:43:40 PM,Albion Park,QLD,4,185547805,R4 2138m Trot M,185547806,Harness,2138,Trot,36023631,13,Tough Monarch,WINNER,5.12,WINNER,1.78,1252.97,4.9,3.4,4.9,4.19,5986.99,8,1.01,1.01,1.48,7637.57,873.54,1.86,1.65,1.84,1.73,456.5,4.2,4.3,1.01,0.98
24/07/2021,7:13:00 PM,7:13:49 PM,Albion Park,QLD,5,185547807,R5 2680m Pace M,185547808,Harness,2680,Pace,40284864,1,Bondi Lockdown,LOSER,11.5,LOSER,2.12,565.21,16,8,11.5,12.13,3483.13,890,10.5,890,36.86,126.38,551.17,2.96,2.06,2.14,2.47,1700.31,14,15,1.03,0.98
24/07/2021,7:13:00 PM,7:13:49 PM,Albion Park,QLD,5,185547807,R5 2680m Pace M,185547808,Harness,2680,Pace,28015115,2,American Dealer,WINNER,2.65,WINNER,1.37,2714.94,4.2,2.68,2.78,3.08,14273.21,5.4,1.01,1.01,1.57,7401.49,1021.03,1.67,1.35,1.35,1.48,821.48,2.98,3.1,1.03,0.98
24/07/2021,7:13:00 PM,7:13:49 PM,Albion Park,QLD,5,185547807,R5 2680m Pace M,185547808,Harness,2680,Pace,35421226,3,Lamandier,LOSER,42.21,LOSER,9.43,212.87,100,44,46,65.97,382.92,940,19.5,940,94.92,29.79,96.97,10.5,7.2,10.5,9.53,7.49,65,70,1.03,0.98
24/07/2021,7:13:00 PM,7:13:49 PM,Albion Park,QLD,5,185547807,R5 2680m Pace M,185547808,Harness,2680,Pace,40119286,4,Delightful Dude,LOSER,879,LOSER,73.69,26.81,520,180,520,290.09,34.25,1000,170,1000,379.6,14.32,30.62,55,55,55,55,7.47,250,400,1.03,0.98
24/07/2021,7:13:00 PM,7:13:49 PM,Albion Park,QLD,5,185547807,R5 2680m Pace M,185547808,Harness,2680,Pace,39803072,5,Bar Room Banta,LOSER,76.89,LOSER,6.96,126.99,65,24,65,31.36,432.35,930,16.5,930,80.65,29.83,180.79,5.5,4.1,5.4,4.59,128.25,26,28,1.03,0.98
24/07/2021,7:13:00 PM,7:13:49 PM,Albion Park,QLD,5,185547807,R5 2680m Pace M,185547808,Harness,2680,Pace,36201133,6,Kashed Up,LOSER,26.03,LOSER,5.5,386.17,36,14.5,32,25.17,634.21,700,25,300,37.78,93.65,286.8,4.9,4.1,4.9,4.4,16,24,26,1.03,0.98
24/07/2021,7:13:00 PM,7:13:49 PM,Albion Park,QLD,5,185547807,R5 2680m Pace M,185547808,Harness,2680,Pace,40284865,7,Watts Up Sunshine,LOSER,605.33,LOSER,643.91,35.93,420,160,420,232.46,37.38,980,420,580,604.71,5.95,0.07,990,120,320,468.57,0.06,160,190,1.03,0.98
24/07/2021,7:13:00 PM,7:13:49 PM,Albion Park,QLD,5,185547807,R5 2680m Pace M,185547808,Harness,2680,Pace,28400807,9,Big Wheels,LOSER,85.95,LOSER,6.82,110.81,150,46,140,82.32,124.17,790,70,790,151.09,13.77,124.07,8.2,6.6,8,7.07,51.26,60,90,1.03,0.98
24/07/2021,7:13:00 PM,7:13:49 PM,Albion Park,QLD,5,185547807,R5 2680m Pace M,185547808,Harness,2680,Pace,40284866,10,Krug,LOSER,2.34,WINNER,1.33,4054.2,2.58,1.72,2.44,2.37,27544.36,1000,1.48,1000,3.57,3658.14,1481.57,1.4,1.24,1.33,1.33,1135.33,2.4,2.46,1.03,0.98
24/07/2021,7:13:00 PM,7:13:49 PM,Albion Park,QLD,5,185547807,R5 2680m Pace M,185547808,Harness,2680,Pace,35533364,11,Chamonix,LOSER,236.32,LOSER,21.42,125.73,380,200,380,268.48,66.61,890,100,880,227.61,45.9,98.23,18.5,18,18.5,18.16,18,240,260,1.03,0.98
24/07/2021,7:13:00 PM,7:13:49 PM,Albion Park,QLD,5,185547807,R5 2680m Pace M,185547808,Harness,2680,Pace,38923613,12,Bettor Call Me,LOSER,37.79,LOSER,5.2,289.7,90,27,55,39.23,696.5,700,3,140,21.5,310.36,87.49,6.8,5,5.2,5.77,24.36,34,38,1.03,0.98
24/07/2021,7:13:00 PM,7:13:49 PM,Albion Park,QLD,5,185547807,R5 2680m Pace M,185547808,Harness,2680,Pace,40284867,13,Captain Crusader,LOSER,25.77,WINNER,3.47,314.66,44,20,28,24.34,1042.28,700,4.2,700,30.03,144.1,753.56,4.6,3.4,3.75,3.84,286.4,21,22,1.03,0.98
24/07/2021,7:41:00 PM,7:41:56 PM,Albion Park,QLD,6,185547809,R6 2138m Pace M,185547810,Harness,2138,Pace,35382024,1,Soho Broadway,LOSER,3.93,WINNER,1.51,1068.53,6.2,3.25,3.9,3.78,11718.75,280,3.65,34,8.31,781.95,1361.12,1.83,1.48,1.56,1.55,1123.32,3.65,3.8,1.02,0.97
24/07/2021,7:41:00 PM,7:41:56 PM,Albion Park,QLD,6,185547809,R6 2138m Pace M,185547810,Harness,2138,Pace,40284869,2,Nina Simone,LOSER,473.18,LOSER,55,31.98,420,140,380,207.32,20.97,840,140,700,472.03,10.18,30.01,60,23,60,28.34,20.23,210,340,1.02,0.97
24/07/2021,7:41:00 PM,7:41:56 PM,Albion Park,QLD,6,185547809,R6 2138m Pace M,185547810,Harness,2138,Pace,38544631,3,Chrissy Chic,LOSER,14.19,LOSER,3.38,435.79,20,10.5,13,12.98,1309.75,900,5.3,890,12.86,444.54,558.46,3.3,3.1,3.3,3.2,124.86,12,13,1.02,0.97
24/07/2021,7:41:00 PM,7:41:56 PM,Albion Park,QLD,6,185547809,R6 2138m Pace M,185547810,Harness,2138,Pace,40284870,4,Lady Avana,LOSER,203.69,LOSER,26.55,43.65,290,120,200,181.21,60.78,700,100,700,198,34.77,52.25,15.5,14,14,14.35,23,180,230,1.02,0.97
24/07/2021,7:41:00 PM,7:41:56 PM,Albion Park,QLD,6,185547809,R6 2138m Pace M,185547810,Harness,2138,Pace,40284871,6,Momentslikethese,WINNER,4.82,WINNER,1.88,2145.37,8.8,5,5.3,5.97,5269.74,6.6,1.01,1.03,1.35,10871.12,719.01,2.34,1.87,1.88,2.02,305.05,5.2,5.4,1.02,0.97
24/07/2021,7:41:00 PM,7:41:56 PM,Albion Park,QLD,6,185547809,R6 2138m Pace M,185547810,Harness,2138,Pace,40284872,7,Dance In The Sun,LOSER,120.49,LOSER,16.5,65.09,220,50,150,130.14,42.03,930,21,770,133.39,63.98,7.46,16.5,15.5,16.5,16.47,2.61,180,210,1.02,0.97
24/07/2021,7:41:00 PM,7:41:56 PM,Albion Park,QLD,6,185547809,R6 2138m Pace M,185547810,Harness,2138,Pace,40284873,8,Sporty Dancer,LOSER,3.69,WINNER,1.5,1338.99,4.1,2.8,3.5,3.3,16496.87,1000,2.3,1000,4.82,3695.23,1080.8,1.58,1.31,1.5,1.52,1158.77,3.45,3.65,1.02,0.97
24/07/2021,7:41:00 PM,7:41:56 PM,Albion Park,QLD,6,185547809,R6 2138m Pace M,185547810,Harness,2138,Pace,39911558,9,Island Fire Dance,LOSER,7.94,LOSER,2.77,1443.78,11.5,6.8,8.4,8.85,2828.85,880,7.6,700,43.09,117.35,402.51,3.35,2.44,2.72,2.68,421.23,10.5,11,1.02,0.97
24/07/2021,7:41:00 PM,7:41:56 PM,Albion Park,QLD,6,185547809,R6 2138m Pace M,185547810,Harness,2138,Pace,40198174,10,Jasper,LOSER,40.38,LOSER,8.35,221.04,80,46,50,56.84,123.13,770,32,770,51.62,81.1,94.27,7,6.4,7,6.69,45.23,55,70,1.02,0.97
24/07/2021,7:41:00 PM,7:41:56 PM,Albion Park,QLD,6,185547809,R6 2138m Pace M,185547810,Harness,2138,Pace,40284874,11,Talent To Spare,LOSER,42,LOSER,6.18,176.37,42,18.5,38,29.42,430.16,730,16.5,730,93.1,19.83,204.71,6.2,4.8,6.2,5.15,37.2,28,30,1.02,0.97
24/07/2021,7:41:00 PM,7:41:56 PM,Albion Park,QLD,6,185547809,R6 2138m Pace M,185547810,Harness,2138,Pace,9526198,12,Shes Miss Devine,LOSER,69.7,LOSER,8.88,211.7,90,40,75,72.42,168.55,940,26,610,113,30.48,201.14,9.8,8.4,9.8,9.46,45.31,75,85,1.02,0.97
24/07/2021,7:41:00 PM,7:41:56 PM,Albion Park,QLD,6,185547809,R6 2138m Pace M,185547810,Harness,2138,Pace,40284875,13,Mullum Flo,LOSER,140,LOSER,13.5,66.48,190,85,140,143.48,126.69,900,100,890,117.37,17.73,78.32,14,12,14,13.38,26.81,150,180,1.02,0.97
24/07/2021,8:14:00 PM,8:15:23 PM,Albion Park,QLD,7,185547811,R7 2680m Pace M,185547812,Harness,2680,Pace,14384296,1,King Of Swing,LOSER,1.38,WINNER,1.09,8424.39,1.39,1.22,1.36,1.31,118941.94,230,1.33,160,5.4,7563.82,27.14,1.12,1.07,1.09,1.08,4814.95,1.33,1.35,1.02,0.98
24/07/2021,8:14:00 PM,8:15:23 PM,Albion Park,QLD,7,185547811,R7 2680m Pace M,185547812,Harness,2680,Pace,23519738,2,Jeradas Delight,LOSER,670,LOSER,35.94,40.65,880,130,840,393.44,38.48,1000,95,620,356.02,7.54,38.81,55,13,55,49.88,45.67,440,740,1.02,0.98
24/07/2021,8:14:00 PM,8:15:23 PM,Albion Park,QLD,7,185547811,R7 2680m Pace M,185547812,Harness,2680,Pace,25766357,3,Spirit Of St Louis,LOSER,80,LOSER,5.66,120.16,100,32,70,64.37,371.97,300,4.5,300,26.5,69.53,167.36,6.8,4,5.8,5.78,198.74,70,80,1.02,0.98
24/07/2021,8:14:00 PM,8:15:23 PM,Albion Park,QLD,7,185547811,R7 2680m Pace M,185547812,Harness,2680,Pace,8009992,4,Amazing Dream,WINNER,216.5,WINNER,11.5,74.38,180,38,180,98.01,127.31,280,1.04,1.04,2.88,2694.11,102.02,17,5,11,8.76,157.27,100,130,1.02,0.98
24/07/2021,8:14:00 PM,8:15:23 PM,Albion Park,QLD,7,185547811,R7 2680m Pace M,185547812,Harness,2680,Pace,2306782,5,Copy That,LOSER,6.31,LOSER,1.58,1956,14,5.8,6,7.58,6432.65,490,1.5,7.4,3.36,3780.49,680.53,1.84,1.48,1.6,1.63,2724.19,6,6.2,1.02,0.98
24/07/2021,8:14:00 PM,8:15:23 PM,Albion Park,QLD,7,185547811,R7 2680m Pace M,185547812,Harness,2680,Pace,38948821,6,Rockin Marty,LOSER,164.53,WINNER,8.81,76.59,250,65,180,150.72,99.79,900,3.7,29,12.92,157.44,122.33,18.5,8,12.5,9.86,154.38,160,170,1.02,0.98
24/07/2021,8:14:00 PM,8:15:23 PM,Albion Park,QLD,7,185547811,R7 2680m Pace M,185547812,Harness,2680,Pace,5056890,8,Turn It Up,LOSER,81.01,LOSER,2.43,132.5,85,21,65,51.5,516.15,920,14,340,98.82,58.41,704.42,2.74,2.1,2.54,2.36,4301.22,65,75,1.02,0.98
24/07/2021,8:14:00 PM,8:15:23 PM,Albion Park,QLD,7,185547811,R7 2680m Pace M,185547812,Harness,2680,Pace,13488543,9,Colt Thirty One,LOSER,45.35,LOSER,2.82,284.95,150,34,36,45.82,468.49,750,9.8,750,31.13,113.12,299.41,4.9,2.82,3.15,3.24,2562.17,60,70,1.02,0.98
24/07/2021,8:14:00 PM,8:15:23 PM,Albion Park,QLD,7,185547811,R7 2680m Pace M,185547812,Harness,2680,Pace,38123592,10,Expensive Ego,LOSER,58,LOSER,3.79,215.43,60,21,50,38.21,805.77,700,5.7,700,22.7,169.39,338.14,4.6,2.48,4.2,3.6,1959.45,40,65,1.02,0.98
24/07/2021,8:14:00 PM,8:15:23 PM,Albion Park,QLD,7,185547811,R7 2680m Pace M,185547812,Harness,2680,Pace,37454619,11,L L Cool J,LOSER,179.91,LOSER,12.88,115.75,270,95,170,170.19,257.38,990,65,990,188.38,56.18,86.98,12.5,10,12.5,11.02,118.85,180,210,1.02,0.98
24/07/2021,8:14:00 PM,8:15:23 PM,Albion Park,QLD,7,185547811,R7 2680m Pace M,185547812,Harness,2680,Pace,27200147,12,Bundoran,LOSER,164.74,LOSER,12,128.35,430,140,160,221.75,130.99,700,6,700,46.96,143.69,138.48,20,8.4,19,13.18,68.46,340,360,1.02,0.98
24/07/2021,8:14:00 PM,8:15:23 PM,Albion Park,QLD,7,185547811,R7 2680m Pace M,185547812,Harness,2680,Pace,37454618,13,Bright Energy,LOSER,657.31,LOSER,662.18,64.84,980,350,970,670.99,7.28,990,55,990,560.56,11.46,4.44,990,15,160,197,19.3,440,780,1.02,0.98
24/07/2021,8:45:00 PM,8:46:12 PM,Albion Park,QLD,8,185547813,R8 1660m Pace M,185547814,Harness,1660,Pace,39232183,1,Class To The Max,LOSER,8.2,LOSER,2.54,470.92,10.5,6.8,8.6,8.48,1574.16,700,8.2,690,38.99,87.85,376.11,2.64,2.28,2.56,2.48,137.51,8.4,8.6,1.03,0.98
24/07/2021,8:45:00 PM,8:46:12 PM,Albion Park,QLD,8,185547813,R8 1660m Pace M,185547814,Harness,1660,Pace,40284876,3,Torque Tothe Music,LOSER,170.23,LOSER,24.67,38.61,190,42,190,100.01,86.47,950,38,700,137.61,16.62,49.62,12,12,12,12,0.17,120,150,1.03,0.98
24/07/2021,8:45:00 PM,8:46:12 PM,Albion Park,QLD,8,185547813,R8 1660m Pace M,185547814,Harness,1660,Pace,39009512,4,My Ultimate Levi,LOSER,7.08,LOSER,2.27,435.5,8,4,7,6.17,3847.75,48,1.28,44,2.76,2037.07,421.77,2.28,2,2.12,2.01,5.81,7.2,7.8,1.03,0.98
24/07/2021,8:45:00 PM,8:46:12 PM,Albion Park,QLD,8,185547813,R8 1660m Pace M,185547814,Harness,1660,Pace,40284877,5,Future Assured,LOSER,11.38,LOSER,3.81,280.86,21,7.6,12.5,13.8,729.24,220,3.2,170,6.67,527.78,161.19,3.95,3.4,3.85,3.48,401.63,15.5,17,1.03,0.98
24/07/2021,8:45:00 PM,8:46:12 PM,Albion Park,QLD,8,185547813,R8 1660m Pace M,185547814,Harness,1660,Pace,1194733,6,Speak The Truth,LOSER,20.22,WINNER,3.71,351.18,42,14,20,21.69,1084.22,300,6.8,95,20.45,138.22,459.4,5.6,3.65,3.8,4.72,231.19,23,26,1.03,0.98
24/07/2021,8:45:00 PM,8:46:12 PM,Albion Park,QLD,8,185547813,R8 1660m Pace M,185547814,Harness,1660,Pace,39879780,7,Teddy Disco,LOSER,3.49,LOSER,1.55,1266.32,4.9,3.15,3.45,3.46,8237.7,870,2.64,870,4.17,2953.37,464.51,1.61,1.47,1.52,1.54,348.51,3.15,3.4,1.03,0.98
24/07/2021,8:45:00 PM,8:46:12 PM,Albion Park,QLD,8,185547813,R8 1660m Pace M,185547814,Harness,1660,Pace,40284878,8,Dangerzone,LOSER,4.37,WINNER,1.67,1110.98,5,3.65,4.2,4.05,15273.44,380,3.9,280,8.04,616.36,773.73,1.88,1.61,1.68,1.65,1396.25,3.8,3.9,1.03,0.98
24/07/2021,8:45:00 PM,8:46:12 PM,Albion Park,QLD,8,185547813,R8 1660m Pace M,185547814,Harness,1660,Pace,40284879,9,Misty Creek,LOSER,658.46,LOSER,62.41,41.8,430,210,400,282.21,25.83,990,23,990,265.73,44.72,26.79,,,,,,230,440,1.03,0.98
24/07/2021,8:45:00 PM,8:46:12 PM,Albion Park,QLD,8,185547813,R8 1660m Pace M,185547814,Harness,1660,Pace,40284880,10,Awaywego,WINNER,13.43,WINNER,3.35,208.35,22,12,14,14.68,680.31,36,1.03,1.04,2.47,1824.42,146.4,3.6,3.3,3.5,3.42,63.08,16.5,14.5,1.03,0.98
24/07/2021,8:45:00 PM,8:46:12 PM,Albion Park,QLD,8,185547813,R8 1660m Pace M,185547814,Harness,1660,Pace,40284881,11,I Am Sparta,LOSER,159.85,LOSER,16.88,68.87,200,140,200,168.29,83.47,930,18,100,159.42,37.93,246.47,19.5,16,19.5,17.83,28.86,150,160,1.03,0.98
24/07/2021,9:17:00 PM,9:17:42 PM,Albion Park,QLD,9,185547815,R9 1660m Pace M,185547816,Harness,1660,Pace,40284882,1,Mystical Charm,LOSER,531.32,LOSER,9.79,20.45,430,160,400,269.22,18.18,1000,210,990,366.39,3.22,36.69,8.6,7.2,7.2,7.78,147.54,280,340,1.02,0.99
24/07/2021,9:17:00 PM,9:17:42 PM,Albion Park,QLD,9,185547815,R9 1660m Pace M,185547816,Harness,1660,Pace,40284883,2,Racy Roxy,LOSER,11.68,WINNER,1.47,794.21,16,8,10.5,11.25,2340.07,780,6.8,220,13.06,229.87,1174.62,1.73,1.39,1.46,1.45,1974.75,10,10.5,1.02,0.99
24/07/2021,9:17:00 PM,9:17:42 PM,Albion Park,QLD,9,185547815,R9 1660m Pace M,185547816,Harness,1660,Pace,2228834,3,Cat King Cole,WINNER,1.22,WINNER,1.05,5383.31,1.27,1.18,1.21,1.21,74534.94,1.22,1.01,1.01,1.13,8995.77,9.86,1.07,1.04,1.05,1.06,1946.31,1.2,1.23,1.02,0.99
24/07/2021,9:17:00 PM,9:17:42 PM,Albion Park,QLD,9,185547815,R9 1660m Pace M,185547816,Harness,1660,Pace,40284884,4,Blackjack Shaz,LOSER,390,LOSER,11.83,22.76,350,85,290,180.7,45.56,960,390,500,527.58,6.15,107.88,8,5.6,7.2,6.75,44,210,240,1.02,0.99
24/07/2021,9:17:00 PM,9:17:42 PM,Albion Park,QLD,9,185547815,R9 1660m Pace M,185547816,Harness,1660,Pace,38936332,5,Shadys Cullect,LOSER,429.88,LOSER,12.95,25.17,400,60,390,226.57,15.24,730,150,150,406.05,7.67,127.11,9.6,5.4,9.6,7.4,35,320,390,1.02,0.99
24/07/2021,9:17:00 PM,9:17:42 PM,Albion Park,QLD,9,185547815,R9 1660m Pace M,185547816,Harness,1660,Pace,40284885,6,Harley Blue,LOSER,292.14,LOSER,6.7,61.85,250,110,170,184.9,34.07,950,210,950,306.11,39.44,256.73,7.2,4.3,6,5.61,39.31,170,210,1.02,0.99
24/07/2021,9:17:00 PM,9:17:42 PM,Albion Park,QLD,9,185547815,R9 1660m Pace M,185547816,Harness,1660,Pace,1372096,7,Meribel,LOSER,590,LOSER,22.22,31.23,580,150,580,260.49,19.8,890,95,890,629.78,2.7,32.44,12,9.8,10,10.03,12,390,430,1.02,0.99
24/07/2021,9:17:00 PM,9:17:42 PM,Albion Park,QLD,9,185547815,R9 1660m Pace M,185547816,Harness,1660,Pace,40284886,9,Roses Are Sweet,LOSER,13.76,LOSER,1.55,862.43,30,14.5,16,19.94,733.03,780,12,780,24.86,150.62,770.92,2.22,1.5,1.65,1.66,2099.4,17,19.5,1.02,0.99
24/07/2021,9:17:00 PM,9:17:42 PM,Albion Park,QLD,9,185547815,R9 1660m Pace M,185547816,Harness,1660,Pace,40284887,10,Goldies A Delight,LOSER,177.73,WINNER,6.98,69.88,170,65,150,116.11,50.41,940,160,940,243.61,14.61,104.48,6,5.4,5.4,5.6,28.69,120,160,1.02,0.99
24/07/2021,9:17:00 PM,9:17:42 PM,Albion Park,QLD,9,185547815,R9 1660m Pace M,185547816,Harness,1660,Pace,40284888,11,Gotta Beauty,LOSER,419.69,LOSER,15.5,29.62,410,220,370,312.22,22.28,890,50,890,209.13,16.34,93.85,15,15,15,15,0.86,300,330,1.02,0.99
24/07/2021,9:49:00 PM,9:49:33 PM,Albion Park,QLD,10,185547817,R10 2138m Pace M,185547818,Harness,2138,Pace,27938144,1,Ohoka Chopper,LOSER,3.01,LOSER,1.67,3102.39,3.5,1.82,3.05,2.77,20337.02,1000,1.42,290,2.6,3522.29,856.69,1.66,1.44,1.66,1.55,897.46,3.05,3.1,1.03,0.98
24/07/2021,9:49:00 PM,9:49:33 PM,Albion Park,QLD,10,185547817,R10 2138m Pace M,185547818,Harness,2138,Pace,24916460,2,Good As It Gets,LOSER,19.93,LOSER,4.1,463.1,28,14,18,18.7,606.16,490,7.2,480,18.45,108.9,349.52,4.6,3.65,3.65,4,76.61,15.5,16.5,1.03,0.98
24/07/2021,9:49:00 PM,9:49:33 PM,Albion Park,QLD,10,185547817,R10 2138m Pace M,185547818,Harness,2138,Pace,159034,3,Blue Moon Rising,LOSER,15.86,LOSER,3.75,538.2,19,9.8,15.5,12.96,1001.43,700,9.6,480,21.24,130.23,538.87,3.75,2.8,3.75,3.55,15.75,14,14.5,1.03,0.98
24/07/2021,9:49:00 PM,9:49:33 PM,Albion Park,QLD,10,185547817,R10 2138m Pace M,185547818,Harness,2138,Pace,40284890,4,Crazy Shippo,LOSER,18.87,LOSER,4.95,404.09,28,15,16.5,18.81,1241.25,700,18,480,35.49,66.39,266.97,5.2,5.2,5.2,5.2,10.8,14.5,17,1.03,0.98
24/07/2021,9:49:00 PM,9:49:33 PM,Albion Park,QLD,10,185547817,R10 2138m Pace M,185547818,Harness,2138,Pace,18953344,5,Make Mine Memphis,LOSER,9.18,WINNER,3.22,934.57,12,8.6,9.6,10.39,753.59,290,2.52,220,12.88,242.04,411.85,3.35,2.8,2.9,2.84,235.25,10,10.5,1.03,0.98
24/07/2021,9:49:00 PM,9:49:33 PM,Albion Park,QLD,10,185547817,R10 2138m Pace M,185547818,Harness,2138,Pace,14535205,6,The Hervey Bay,LOSER,9,LOSER,2.43,1147.09,8,5.5,6.8,6.24,3022.79,780,5.3,780,16.52,325.33,491.29,2.5,1.98,2.5,2.35,140.11,6.2,6.4,1.03,0.98
24/07/2021,9:49:00 PM,9:49:33 PM,Albion Park,QLD,10,185547817,R10 2138m Pace M,185547818,Harness,2138,Pace,24795454,7,Rock Fisherman,LOSER,67.17,LOSER,12.11,145.04,85,36,65,61.61,136.99,940,65,300,240.48,13.4,130.47,12,9.8,9.8,10.87,7.46,55,60,1.03,0.98
24/07/2021,9:49:00 PM,9:49:33 PM,Albion Park,QLD,10,185547817,R10 2138m Pace M,185547818,Harness,2138,Pace,38858883,8,Sporty Azz,LOSER,35.54,LOSER,4.24,169.61,38,13,30,27.02,323.28,1000,26,1000,74.17,19.71,405.59,5.4,2.42,4.8,4.45,232.98,30,32,1.03,0.98
24/07/2021,9:49:00 PM,9:49:33 PM,Albion Park,QLD,10,185547817,R10 2138m Pace M,185547818,Harness,2138,Pace,7572542,9,Our Lady Lara,LOSER,29.16,LOSER,6.1,263.41,85,18.5,34,32.02,255.59,700,28,700,67.59,18.69,270.63,6.4,5.7,6.4,5.87,30.67,34,36,1.03,0.98
24/07/2021,9:49:00 PM,9:49:33 PM,Albion Park,QLD,10,185547817,R10 2138m Pace M,185547818,Harness,2138,Pace,26721352,10,Ajay Breezy Rose,LOSER,57.19,WINNER,14.78,139.7,70,42,48,49.39,262.04,700,24,700,66.67,22.47,108.47,18,5.3,9,8.72,58.17,55,60,1.03,0.98
24/07/2021,9:49:00 PM,9:49:33 PM,Albion Park,QLD,10,185547817,R10 2138m Pace M,185547818,Harness,2138,Pace,36423491,11,Black Hawk Joe,WINNER,6.02,WINNER,2.56,1350.48,11.5,6.4,6.4,8.51,3965.96,20,1.01,1.01,1.81,2401.82,289.43,2.98,2.38,2.4,2.52,436.56,7.6,8,1.03,0.98
24/07/2021,9:49:00 PM,9:49:33 PM,Albion Park,QLD,10,185547817,R10 2138m Pace M,185547818,Harness,2138,Pace,23495374,12,Blissfulday,LOSER,277.12,LOSER,34,37.99,360,130,240,192.12,67.2,850,240,850,280.58,9.84,63.73,22,20,22,20.25,30,200,230,1.03,0.98
24/07/2021,5:00:00 PM,5:00:46 PM,Kilmore,VIC,1,185547754,R1 1690m Pace M,185547755,Harness,1690,Pace,16040071,1,Ideal Suspect,LOSER,61.14,WINNER,4.37,124.81,100,26,70,54.73,289.3,740,23,590,100.79,30.2,283.07,7,3.45,5,4.82,337.95,50,55,1.03,0.99
24/07/2021,5:00:00 PM,5:00:46 PM,Kilmore,VIC,1,185547754,R1 1690m Pace M,185547755,Harness,1690,Pace,27447167,3,Jemstone Glory,LOSER,70,WINNER,7.8,131.23,110,44,110,64.12,207.73,700,16,560,55.57,86.72,132.6,7.8,5.9,6.8,6.69,81.74,70,80,1.03,0.99
24/07/2021,5:00:00 PM,5:00:46 PM,Kilmore,VIC,1,185547754,R1 1690m Pace M,185547755,Harness,1690,Pace,25475496,4,Mister Jimaringle,LOSER,110,LOSER,9.46,47.62,160,70,130,105.1,102.81,780,70,780,116.63,31.14,148.38,12,7,11.5,8.32,26.69,95,100,1.03,0.99
24/07/2021,5:00:00 PM,5:00:46 PM,Kilmore,VIC,1,185547754,R1 1690m Pace M,185547755,Harness,1690,Pace,25977440,5,Im No Outlaw,WINNER,2.52,WINNER,1.24,2047.22,3.1,2.28,2.44,2.43,20010.05,2.82,1.01,1.01,1.65,8793.85,974.34,1.27,1.21,1.26,1.24,210.29,2.38,2.42,1.03,0.99
24/07/2021,5:00:00 PM,5:00:46 PM,Kilmore,VIC,1,185547754,R1 1690m Pace M,185547755,Harness,1690,Pace,21269541,6,Bao Nien,LOSER,110,LOSER,8.43,67.97,130,36,130,99.15,116.02,1000,50,700,119.65,36.49,141.01,11.5,7.8,7.8,9.09,46.08,90,95,1.03,0.99
24/07/2021,5:00:00 PM,5:00:46 PM,Kilmore,VIC,1,185547754,R1 1690m Pace M,185547755,Harness,1690,Pace,11164886,7,Hard Rock Shannon,LOSER,444.23,LOSER,563.41,33.62,470,190,470,312.09,41.49,700,300,320,447.77,15.2,0.09,990,13.5,140,22.56,6.34,230,320,1.03,0.99
24/07/2021,5:00:00 PM,5:00:46 PM,Kilmore,VIC,1,185547754,R1 1690m Pace M,185547755,Harness,1690,Pace,13313917,8,Toby Ogara,LOSER,85,LOSER,16.5,93.91,140,38,85,62.07,187.38,930,80,930,166.56,13.82,75.56,26,8.2,15,10.86,10.26,65,90,1.03,0.99
24/07/2021,5:00:00 PM,5:00:46 PM,Kilmore,VIC,1,185547754,R1 1690m Pace M,185547755,Harness,1690,Pace,39000774,9,La Puddie,LOSER,10.7,LOSER,1.89,522.09,12.5,6.8,10,10.05,1398.56,700,6.6,480,20.62,232.22,928.63,2.14,1.88,2.04,1.94,294.49,9.8,11,1.03,0.99
24/07/2021,5:00:00 PM,5:00:46 PM,Kilmore,VIC,1,185547754,R1 1690m Pace M,185547755,Harness,1690,Pace,40284914,10,Kissmelvis,LOSER,23.21,LOSER,3.75,221.74,42,17,24,27.54,638.83,700,10.5,480,37.78,75.9,247.44,4.9,3.75,3.75,4.05,41.91,27,29,1.03,0.99
24/07/2021,5:00:00 PM,5:00:46 PM,Kilmore,VIC,1,185547754,R1 1690m Pace M,185547755,Harness,1690,Pace,34985078,11,Sheffield Sparky,LOSER,2.47,LOSER,1.2,2281.56,3.1,2.34,2.4,2.59,6934.65,700,2.4,180,4.3,1027.33,1384.43,1.38,1.2,1.2,1.24,163.81,2.56,2.62,1.03,0.99
24/07/2021,5:33:00 PM,5:34:27 PM,Kilmore,VIC,2,185547756,R2 2180m Trot M,185547757,Harness,2180,Trot,28578965,1,Little Yankee,LOSER,3.5,LOSER,1.68,1916.56,5.7,3.45,3.7,4.03,9621.32,1000,2.06,860,8.93,1498.53,657.2,2.1,1.63,1.88,1.78,428.1,3.95,4.1,1.03,0.97
24/07/2021,5:33:00 PM,5:34:27 PM,Kilmore,VIC,2,185547756,R2 2180m Trot M,185547757,Harness,2180,Trot,24228953,2,Majestic Hurricane,LOSER,7.75,LOSER,2.68,730.59,8.4,3.3,7.2,5.89,2157.34,880,3,700,8.88,467.17,791.58,2.86,2.04,2.84,2.44,181.92,5.9,6.2,1.03,0.97
24/07/2021,5:33:00 PM,5:34:27 PM,Kilmore,VIC,2,185547756,R2 2180m Trot M,185547757,Harness,2180,Trot,12050929,4,Garshaway,LOSER,50,LOSER,11.5,232.82,180,50,50,64.35,277.1,700,26,700,37.23,57.57,115.64,16,10,10,13.19,143.94,55,60,1.03,0.97
24/07/2021,5:33:00 PM,5:34:27 PM,Kilmore,VIC,2,185547756,R2 2180m Trot M,185547757,Harness,2180,Trot,24730163,5,Is That A Bid,LOSER,8.86,WINNER,2.55,399.48,11,8,8.6,9,1352.9,140,2.38,29,6.43,547.99,673.68,2.92,2.52,2.64,2.74,97.27,9,10.5,1.03,0.97
24/07/2021,5:33:00 PM,5:34:27 PM,Kilmore,VIC,2,185547756,R2 2180m Trot M,185547757,Harness,2180,Trot,18759660,6,Gunning,LOSER,64.54,LOSER,9.5,134.75,75,29,50,43.85,195.86,920,8.4,100,89.37,34.69,78.28,8,8,8,8,5.15,40,44,1.03,0.97
24/07/2021,5:33:00 PM,5:34:27 PM,Kilmore,VIC,2,185547756,R2 2180m Trot M,185547757,Harness,2180,Trot,10830798,7,Daquiri,LOSER,36.12,LOSER,6.06,210.24,50,22,44,37.81,171.2,740,8.2,740,54.46,45.65,458.28,6.4,6,6.2,6.16,42.03,38,46,1.03,0.97
24/07/2021,5:33:00 PM,5:34:27 PM,Kilmore,VIC,2,185547756,R2 2180m Trot M,185547757,Harness,2180,Trot,19282717,8,Kyvalley Finn,LOSER,34,LOSER,5.03,190.78,42,22,34,29.25,393.59,700,8,700,49.39,39.34,173.73,5.5,3.7,4,4.67,308.26,32,34,1.03,0.97
24/07/2021,5:33:00 PM,5:34:27 PM,Kilmore,VIC,2,185547756,R2 2180m Trot M,185547757,Harness,2180,Trot,23055525,9,Robbie Royale,WINNER,7.05,WINNER,2.35,678.36,8.6,5,7.2,6.91,2791.57,27,1.01,1.01,1.95,2739.5,454.53,2.2,2.04,2.12,2.1,1012.88,7,7.2,1.03,0.97
24/07/2021,5:33:00 PM,5:34:27 PM,Kilmore,VIC,2,185547756,R2 2180m Trot M,185547757,Harness,2180,Trot,23826358,10,Brandlo Prince,LOSER,4.27,WINNER,1.71,891.47,5.9,3.6,4.2,4.11,8610.41,990,1.96,990,4.74,970.78,995.4,1.85,1.63,1.71,1.77,252.31,4,4.2,1.03,0.97
24/07/2021,6:03:00 PM,6:04:04 PM,Kilmore,VIC,3,185547758,R3 2180m Trot M,185547759,Harness,2180,Trot,28339009,1,Scruffy Doolan,LOSER,7.6,WINNER,2.09,871.82,10.5,7.2,8,8.62,1908.23,1000,5,1000,12.62,351.43,320.19,2.7,2.06,2.18,2.24,376.64,8.8,9.4,1.03,0.99
24/07/2021,6:03:00 PM,6:04:04 PM,Kilmore,VIC,3,185547758,R3 2180m Trot M,185547759,Harness,2180,Trot,19951132,2,Zarem,WINNER,2.94,WINNER,1.39,1820.19,7,2.64,2.86,3.06,13469.62,30,1.01,1.02,2.44,1757.72,1635.89,2.22,1.39,1.39,1.51,648.17,3,3.1,1.03,0.99
24/07/2021,6:03:00 PM,6:04:04 PM,Kilmore,VIC,3,185547758,R3 2180m Trot M,185547759,Harness,2180,Trot,18040141,3,Morgan Mylee,LOSER,17.12,LOSER,4.88,351.74,18.5,13.5,16.5,15.72,755.6,1000,12,1000,50.67,72.83,48.09,3.4,2.98,3.4,3.36,134.5,14,14,1.03,0.99
24/07/2021,6:03:00 PM,6:04:04 PM,Kilmore,VIC,3,185547758,R3 2180m Trot M,185547759,Harness,2180,Trot,22833362,4,Imsettogo,LOSER,3.62,WINNER,1.62,1577.66,3.6,2.16,3.35,3.14,7459.21,110,1.04,110,1.95,4238.83,680,1.58,1.48,1.55,1.55,284.4,3.15,3.2,1.03,0.99
24/07/2021,6:03:00 PM,6:04:04 PM,Kilmore,VIC,3,185547758,R3 2180m Trot M,185547759,Harness,2180,Trot,18953292,5,Kyvalley Clichy,LOSER,53.45,LOSER,6.57,72.7,65,29,46,45.11,166.84,1000,15,1000,56.34,59.27,179.13,7,5.1,7,5.9,22.46,44,48,1.03,0.99
24/07/2021,6:03:00 PM,6:04:04 PM,Kilmore,VIC,3,185547758,R3 2180m Trot M,185547759,Harness,2180,Trot,11978947,6,Imperial Whiz,LOSER,21,LOSER,6.43,301.7,44,20,21,23.21,485.4,1000,7,700,11.95,689.12,290.68,,,,,,21,24,1.03,0.99
24/07/2021,6:03:00 PM,6:04:04 PM,Kilmore,VIC,3,185547758,R3 2180m Trot M,185547759,Harness,2180,Trot,19085704,7,Moonshine Linda,LOSER,40.64,LOSER,11.78,154.85,65,30,44,42.73,160.67,1000,26,1000,84.79,37.15,65.98,4.6,4.4,4.5,4.45,30,42,44,1.03,0.99
24/07/2021,6:03:00 PM,6:04:04 PM,Kilmore,VIC,3,185547758,R3 2180m Trot M,185547759,Harness,2180,Trot,17131356,9,Lunchwitharthur,LOSER,42,LOSER,10.55,126.55,48,21,27,29.56,580.47,1000,50,1000,248.25,20.64,126.13,,,,,,42,44,1.03,0.99
24/07/2021,6:03:00 PM,6:04:04 PM,Kilmore,VIC,3,185547758,R3 2180m Trot M,185547759,Harness,2180,Trot,21820540,10,Aleppo Murphy,LOSER,15.82,LOSER,3.54,381.15,18.5,6.6,16,14.18,797.72,1000,7,1000,32.21,201.31,215.2,3.8,3.8,3.8,3.8,5,14,14.5,1.03,0.99
24/07/2021,6:33:00 PM,6:34:46 PM,Kilmore,VIC,4,185547760,R4 2180m Pace M,185547761,Harness,2180,Pace,3167228,1,Sofala,LOSER,19.15,LOSER,5.4,320.31,30,9.2,23,17.1,1066.64,900,5.2,280,25.73,185.98,98.05,7.6,3.9,6,5.71,136.35,22,24,1.03,0.98
24/07/2021,6:33:00 PM,6:34:46 PM,Kilmore,VIC,4,185547760,R4 2180m Pace M,185547761,Harness,2180,Pace,40284916,2,Struve,LOSER,3.01,LOSER,1.92,2727.75,3.5,2.4,2.88,2.83,10589.23,1000,2.52,1000,5.1,1577.58,736.18,1.86,1.61,1.8,1.72,678.03,2.82,2.92,1.03,0.98
24/07/2021,6:33:00 PM,6:34:46 PM,Kilmore,VIC,4,185547760,R4 2180m Pace M,185547761,Harness,2180,Pace,2710658,3,Check In,LOSER,12.5,LOSER,4.2,372.59,14.5,5.5,12,12.68,975.21,980,1.92,980,15.61,558.77,285.71,4.4,3.95,4.4,4.16,33.67,12,13,1.03,0.98
24/07/2021,6:33:00 PM,6:34:46 PM,Kilmore,VIC,4,185547760,R4 2180m Pace M,185547761,Harness,2180,Pace,17774199,4,Diamonds N Cash,LOSER,31.96,LOSER,8.6,354.16,42,26,42,31.92,291.3,920,12.5,730,48.14,90.49,181.22,10,8.2,8.6,9.55,53.6,28,30,1.03,0.98
24/07/2021,6:33:00 PM,6:34:46 PM,Kilmore,VIC,4,185547760,R4 2180m Pace M,185547761,Harness,2180,Pace,24021194,5,Boy From Bondi,WINNER,5.96,WINNER,2.42,897.67,8.4,5.3,6.2,6.17,3872.78,7.2,1.01,1.01,2.01,3337.95,962.59,2.72,2.4,2.54,2.55,458.88,5.5,5.6,1.03,0.98
24/07/2021,6:33:00 PM,6:34:46 PM,Kilmore,VIC,4,185547760,R4 2180m Pace M,185547761,Harness,2180,Pace,19187144,6,Vandanta,LOSER,2.84,WINNER,1.82,1627.29,3.6,2.62,2.84,2.93,8653.83,1000,2.06,1000,6.23,972.47,601.85,2.08,1.76,1.78,1.85,192.84,3.05,3.25,1.03,0.98
24/07/2021,7:03:00 PM,7:03:46 PM,Kilmore,VIC,5,185547762,R5 1690m Pace M,185547763,Harness,1690,Pace,11078062,1,Zuberi,LOSER,54.24,LOSER,17.75,175.83,170,55,95,93.41,155.53,1000,48,1000,91.11,30.38,99.38,13,11,13,11.79,17,95,120,1.03,0.97
24/07/2021,7:03:00 PM,7:03:46 PM,Kilmore,VIC,5,185547762,R5 1690m Pace M,185547763,Harness,1690,Pace,24008089,2,Young Rooster,LOSER,3.82,LOSER,1.82,1114.8,6.8,4,4,4.77,4308.91,1000,2.58,1000,5.52,920.52,868.69,2.16,1.71,1.74,1.81,320.1,5,5.4,1.03,0.97
24/07/2021,7:03:00 PM,7:03:46 PM,Kilmore,VIC,5,185547762,R5 1690m Pace M,185547763,Harness,1690,Pace,11903667,3,Jacks Command,LOSER,186.07,LOSER,75.16,62.98,360,140,360,246.32,9.55,1000,130,1000,219.7,19.94,30.14,48,46,46,46.6,11.2,180,250,1.03,0.97
24/07/2021,7:03:00 PM,7:03:46 PM,Kilmore,VIC,5,185547762,R5 1690m Pace M,185547763,Harness,1690,Pace,4488182,4,The Last Chance,LOSER,10.49,WINNER,3.09,518.06,15,9.8,11,11.82,1027.37,1000,8,1000,17.48,269.78,574.43,2.9,2.82,2.9,2.89,16.38,11.5,12,1.03,0.97
24/07/2021,7:03:00 PM,7:03:46 PM,Kilmore,VIC,5,185547762,R5 1690m Pace M,185547763,Harness,1690,Pace,27399039,5,Sanday,LOSER,2.94,WINNER,1.49,2385.79,3.65,2.2,3.15,3.08,8193.53,170,1.34,170,2.5,4411.79,1550,1.61,1.27,1.51,1.52,93.49,3.25,3.45,1.03,0.97
24/07/2021,7:03:00 PM,7:03:46 PM,Kilmore,VIC,5,185547762,R5 1690m Pace M,185547763,Harness,1690,Pace,36241388,6,Soextra,LOSER,13.32,WINNER,3.45,394.02,25,12.5,14.5,14.8,777.92,1000,13,300,33.51,99.7,437.99,4.1,2.94,2.96,3.51,68.92,13.5,14,1.03,0.97
24/07/2021,7:03:00 PM,7:03:46 PM,Kilmore,VIC,5,185547762,R5 1690m Pace M,185547763,Harness,1690,Pace,20137422,7,Huli Nien,WINNER,15.47,WINNER,5.75,372.3,25,11,25,15.09,412.05,60,1.01,1.02,2.97,2046.75,41.88,,,,,,12.5,13,1.03,0.97
24/07/2021,7:03:00 PM,7:03:46 PM,Kilmore,VIC,5,185547762,R5 1690m Pace M,185547763,Harness,1690,Pace,28658212,8,Major Meister,LOSER,8.35,LOSER,2.78,718.94,9,7,8.8,7.85,1162.54,1000,3.55,1000,7.32,469.99,611.49,8.4,2.26,8.4,2.4,38.57,7.4,7.8,1.03,0.97
24/07/2021,7:03:00 PM,7:03:46 PM,Kilmore,VIC,5,185547762,R5 1690m Pace M,185547763,Harness,1690,Pace,27139779,9,Cool Rocking Daddy,LOSER,9.4,LOSER,2.34,608.09,11,7.4,9.4,8.32,1199.32,1000,4.6,1000,12.99,314.2,831.31,2.46,2.22,2.36,2.41,74.61,7.8,8.2,1.03,0.97
24/07/2021,7:32:00 PM,7:32:58 PM,Kilmore,VIC,6,185547764,R6 2180m Pace M,185547765,Harness,2180,Pace,24515890,1,Batman Barry,LOSER,9.99,WINNER,2.66,357.54,11.5,6.4,9.8,9.47,1280.89,120,1.44,120,18.08,369.04,177.82,2.9,2.3,2.5,2.5,457.72,10,11.5,0.99,0.98
24/07/2021,7:32:00 PM,7:32:58 PM,Kilmore,VIC,6,185547764,R6 2180m Pace M,185547765,Harness,2180,Pace,26397867,2,Stingray Tara,LOSER,15.62,LOSER,4.03,248.66,19.5,11,16,15.51,410.36,1000,10,1000,47.7,83.35,366.78,3.4,3.4,3.4,3.4,13.55,15,17,0.99,0.98
24/07/2021,7:32:00 PM,7:32:58 PM,Kilmore,VIC,6,185547764,R6 2180m Pace M,185547765,Harness,2180,Pace,28392572,3,Wotdidusaaay,LOSER,96.02,LOSER,16,120.53,130,80,110,96.44,78.93,700,44,700,150.05,15.99,40.25,16,12.5,16,13.7,146.46,100,110,0.99,0.98
24/07/2021,7:32:00 PM,7:32:58 PM,Kilmore,VIC,6,185547764,R6 2180m Pace M,185547765,Harness,2180,Pace,7953925,4,Concealment,LOSER,100,LOSER,33.5,76,130,75,100,100.22,18.72,930,100,930,201.71,4.56,,,,,,,95,100,0.99,0.98
24/07/2021,7:32:00 PM,7:32:58 PM,Kilmore,VIC,6,185547764,R6 2180m Pace M,185547765,Harness,2180,Pace,26898278,5,Mach Le More,LOSER,7.25,LOSER,2.48,485.74,14.5,7.2,7.2,8.15,1780.8,700,7,290,19.5,489.28,576.72,2.66,2.22,2.48,2.36,151.71,9,9.4,0.99,0.98
24/07/2021,7:32:00 PM,7:32:58 PM,Kilmore,VIC,6,185547764,R6 2180m Pace M,185547765,Harness,2180,Pace,40119260,6,Denis William,LOSER,15.18,LOSER,3.4,425.44,14,5.6,14,10.19,2010.17,1000,6.6,1000,24.98,107.38,447.54,3.45,2.4,3.45,2.82,479.5,10.5,11,0.99,0.98
24/07/2021,7:32:00 PM,7:32:58 PM,Kilmore,VIC,6,185547764,R6 2180m Pace M,185547765,Harness,2180,Pace,35620876,7,Soho Bollinger,WINNER,7.03,WINNER,2.32,457.9,8.6,4.5,7,6.86,1967.42,8.6,1.01,1.02,2.08,2411.27,399.23,2.86,2.16,2.32,2.3,979.58,6.8,7,0.99,0.98
24/07/2021,7:32:00 PM,7:32:58 PM,Kilmore,VIC,6,185547764,R6 2180m Pace M,185547765,Harness,2180,Pace,7077193,8,Regulus,LOSER,42.22,LOSER,9.72,157.35,85,36,50,60,155.99,700,40,580,63.89,48.48,181.45,8.8,8.2,8.6,8.51,60,75,80,0.99,0.98
24/07/2021,7:32:00 PM,7:32:58 PM,Kilmore,VIC,6,185547764,R6 2180m Pace M,185547765,Harness,2180,Pace,25295639,9,Yianni,LOSER,32,WINNER,7.3,93.09,42,12,32,24.87,301.88,700,22,280,87.29,15.35,136.26,,,,,,30,32,0.99,0.98
24/07/2021,7:32:00 PM,7:32:58 PM,Kilmore,VIC,6,185547764,R6 2180m Pace M,185547765,Harness,2180,Pace,11500915,10,Carload,LOSER,176.74,LOSER,22,91.66,250,120,170,163.53,23.95,860,170,860,357.25,3.31,54.61,42,16.5,22,26.23,165.42,150,200,0.99,0.98
24/07/2021,7:32:00 PM,7:32:58 PM,Kilmore,VIC,6,185547764,R6 2180m Pace M,185547765,Harness,2180,Pace,22501031,12,Arocknatthepark,LOSER,130,LOSER,22.49,51.91,130,65,120,92,36.32,700,55,700,323.51,9.35,85.26,,,,,,90,95,0.99,0.98
24/07/2021,7:32:00 PM,7:32:58 PM,Kilmore,VIC,6,185547764,R6 2180m Pace M,185547765,Harness,2180,Pace,35909483,13,Tango Tara,LOSER,2.38,LOSER,1.36,2205.22,3.9,2.34,2.36,2.57,16173.51,1000,2.38,1000,12.48,614.62,1113.6,1.51,1.35,1.35,1.39,4101.4,2.58,2.4,0.99,0.98
24/07/2021,8:00:00 PM,8:01:22 PM,Kilmore,VIC,7,185547766,R7 1690m Pace M,185547767,Harness,1690,Pace,23047282,1,Torrid Saint,WINNER,2.13,WINNER,1.26,2366.85,3.4,1.95,2.18,2.32,22228.23,2.16,1.01,1.01,1.34,7883.23,1360.48,1.4,1.23,1.32,1.28,1366.53,2.52,2.56,1.02,0.98
24/07/2021,8:00:00 PM,8:01:22 PM,Kilmore,VIC,7,185547766,R7 1690m Pace M,185547767,Harness,1690,Pace,21861664,2,Malcolms Rhythm,LOSER,7.4,WINNER,1.77,647.49,7.2,3.85,6.6,5.34,3387.35,1000,5.5,110,17.93,146.84,528.79,1.92,1.53,1.83,1.83,190.73,6.4,6.8,1.02,0.98
24/07/2021,8:00:00 PM,8:01:22 PM,Kilmore,VIC,7,185547766,R7 1690m Pace M,185547767,Harness,1690,Pace,11659692,3,Bettor Be The Bomb,LOSER,11,LOSER,2.32,441.97,13,7.2,11,10.08,856.54,1000,7,140,20.55,47.19,839.97,2.46,2.2,2.32,2.31,20.11,8.6,9.2,1.02,0.98
24/07/2021,8:00:00 PM,8:01:22 PM,Kilmore,VIC,7,185547766,R7 1690m Pace M,185547767,Harness,1690,Pace,39000743,4,I Cast No Shadow,LOSER,42,LOSER,5.8,123.59,60,24,40,37.49,304.13,700,24,300,89.28,14.4,183.95,7.2,5.1,7,5.62,28.86,30,32,1.02,0.98
24/07/2021,8:00:00 PM,8:01:22 PM,Kilmore,VIC,7,185547766,R7 1690m Pace M,185547767,Harness,1690,Pace,13127213,5,Boncel Benjamin,LOSER,14.66,WINNER,3.07,305.38,28,9.2,13.5,13.57,1232.3,380,11.5,300,35.09,45.74,156.61,3.35,2.88,3.3,3.16,131.56,11,12,1.02,0.98
24/07/2021,8:00:00 PM,8:01:22 PM,Kilmore,VIC,7,185547766,R7 1690m Pace M,185547767,Harness,1690,Pace,20587391,7,Always Fast,LOSER,5.3,LOSER,1.8,797.82,10.5,4.8,5.5,5.39,3067.98,1000,5.3,1000,11.63,179.79,275.19,1.87,1.7,1.83,1.77,185.7,5,5.1,1.02,0.98
24/07/2021,8:00:00 PM,8:01:22 PM,Kilmore,VIC,7,185547766,R7 1690m Pace M,185547767,Harness,1690,Pace,12708923,8,Somebeachshadow,LOSER,58.12,LOSER,8.2,132.88,85,17.5,80,46.58,271.5,1000,18,1000,51.51,50.19,227.86,7,7,7,7,23.12,55,65,1.02,0.98
24/07/2021,8:00:00 PM,8:01:22 PM,Kilmore,VIC,7,185547766,R7 1690m Pace M,185547767,Harness,1690,Pace,19861987,9,Rackemup Tigerpie,LOSER,90.96,LOSER,15.03,175.71,140,60,110,105.65,136.99,1000,34,1000,121.96,23.12,27.03,18.5,11,12.5,14.12,94.81,100,110,1.02,0.98
24/07/2021,8:33:00 PM,8:34:29 PM,Kilmore,VIC,8,185547768,R8 2180m Pace M,185547769,Harness,2180,Pace,5716090,1,Just As Well,LOSER,34.53,LOSER,5.8,271.33,44,10,29,25.76,796.34,1000,11,1000,51.52,80.93,105.26,6,4.9,5.8,5.41,232.37,29,36,1.02,0.97
24/07/2021,8:33:00 PM,8:34:29 PM,Kilmore,VIC,8,185547768,R8 2180m Pace M,185547769,Harness,2180,Pace,40284918,2,Lopez,LOSER,363.59,LOSER,38,50.02,420,140,420,257.03,33.45,1000,100,1000,293.97,6.17,30.81,,,,,,270,330,1.02,0.97
24/07/2021,8:33:00 PM,8:34:29 PM,Kilmore,VIC,8,185547768,R8 2180m Pace M,185547769,Harness,2180,Pace,40284919,3,Leer,WINNER,8,WINNER,2.35,1258,11,6.6,8.2,9.07,1425.14,9.6,1.01,1.01,1.92,2687.88,760.58,2.84,2.08,2.4,2.47,306.11,9.8,11,1.02,0.97
24/07/2021,8:33:00 PM,8:34:29 PM,Kilmore,VIC,8,185547768,R8 2180m Pace M,185547769,Harness,2180,Pace,28485675,4,Delightful Nikky,LOSER,158.58,LOSER,16.5,59.53,160,65,160,111.22,69.87,1000,220,1000,463.03,2.71,62.57,16.5,11.5,16.5,14.3,8.41,100,110,1.02,0.97
24/07/2021,8:33:00 PM,8:34:29 PM,Kilmore,VIC,8,185547768,R8 2180m Pace M,185547769,Harness,2180,Pace,38911809,5,Bonnie Belle,LOSER,8.94,LOSER,2.59,605.2,12,8.4,9.4,9.63,1602.44,1000,6.6,1000,24.34,165.59,652.49,2.88,2.56,2.66,2.71,160.37,10,10.5,1.02,0.97
24/07/2021,8:33:00 PM,8:34:29 PM,Kilmore,VIC,8,185547768,R8 2180m Pace M,185547769,Harness,2180,Pace,2342268,6,Pray Tell,LOSER,6.07,WINNER,1.9,1307.83,7.4,4,5.8,5.29,5803.01,1000,4.8,1000,8.84,836.74,565.51,1.98,1.61,1.87,1.9,143.42,4.5,4.7,1.02,0.97
24/07/2021,8:33:00 PM,8:34:29 PM,Kilmore,VIC,8,185547768,R8 2180m Pace M,185547769,Harness,2180,Pace,40284920,7,Ruby Wingate,LOSER,36.96,LOSER,7.2,148.92,70,16,38,37.66,650.74,1000,15.5,1000,94.05,52.29,75.23,7.2,6.6,7,6.7,346.08,42,50,1.02,0.97
24/07/2021,8:33:00 PM,8:34:29 PM,Kilmore,VIC,8,185547768,R8 2180m Pace M,185547769,Harness,2180,Pace,40284921,8,Farady Hanover,LOSER,11.15,LOSER,2.58,641.04,15.5,8.8,12.5,11.36,1234.09,1000,11,1000,29.59,190.97,761.55,2.8,2.54,2.64,2.63,466.57,11,12,1.02,0.97
24/07/2021,8:33:00 PM,8:34:29 PM,Kilmore,VIC,8,185547768,R8 2180m Pace M,185547769,Harness,2180,Pace,40284922,9,Platinum Sparkle,LOSER,2.27,WINNER,1.4,4123.91,3,2.14,2.34,2.41,16462.78,1000,1.37,1000,3.71,2922.94,919.47,1.52,1.29,1.44,1.38,1550.26,2.48,2.5,1.02,0.97
24/07/2021,8:33:00 PM,8:34:29 PM,Kilmore,VIC,8,185547768,R8 2180m Pace M,185547769,Harness,2180,Pace,37081798,10,Outa The Blue,LOSER,38,LOSER,5.6,189.84,80,25,34,34.47,321.15,1000,10.5,1000,36.54,110.74,65.02,8,4.7,5.6,5.68,235.43,29,32,1.02,0.97
24/07/2021,9:07:00 PM,9:08:15 PM,Kilmore,VIC,9,185547770,R9 2180m Trot M,185547771,Harness,2180,Trot,23052100,1,Emerald Stride,LOSER,16.23,LOSER,10.02,451.58,34,5.1,21,8.37,1721.38,1000,15,1000,48.93,144.37,127,7.4,2.08,7.4,3.13,367.36,6,6.2,1.04,0.99
24/07/2021,9:07:00 PM,9:08:15 PM,Kilmore,VIC,9,185547770,R9 2180m Trot M,185547771,Harness,2180,Trot,11378463,2,Prosthesis,LOSER,8.44,LOSER,2.41,380.02,11,6.2,8.6,8.77,757.75,880,4.4,880,11.79,236.79,287.94,2.84,2.06,2.06,2.44,162.85,8.4,9.2,1.04,0.99
24/07/2021,9:07:00 PM,9:08:15 PM,Kilmore,VIC,9,185547770,R9 2180m Trot M,185547771,Harness,2180,Trot,27047270,3,Rules Dont Apply,LOSER,11.14,LOSER,3.13,298.38,14,8.8,9.8,10.88,894.51,1000,3.55,550,20.34,324.65,245.78,3.2,2.74,2.8,2.87,33.29,10.5,11,1.04,0.99
24/07/2021,9:07:00 PM,9:08:15 PM,Kilmore,VIC,9,185547770,R9 2180m Trot M,185547771,Harness,2180,Trot,8048221,4,Norquay,LOSER,24.98,WINNER,4.55,278.89,24,13,22,18.87,590.23,140,1.27,100,7.13,844.17,175,4.6,3.9,4.1,4.32,36.77,18,19,1.04,0.99
24/07/2021,9:07:00 PM,9:08:15 PM,Kilmore,VIC,9,185547770,R9 2180m Trot M,185547771,Harness,2180,Trot,21411252,5,Royal Charlotte,LOSER,6.78,WINNER,2.47,1030.71,9.8,6.8,7.4,7.7,1174.68,890,4.2,890,8.43,581.09,646.96,3.2,2.44,2.5,2.54,110.07,7.8,8.4,1.04,0.99
24/07/2021,9:07:00 PM,9:08:15 PM,Kilmore,VIC,9,185547770,R9 2180m Trot M,185547771,Harness,2180,Trot,26397757,6,Cyclone S Adams,LOSER,11.82,LOSER,3.15,291.49,14.5,7.6,10,11.47,1071.84,890,2.08,700,15.31,256.53,273.6,3.15,2.92,2.92,3.04,49.08,12,12.5,1.04,0.99
24/07/2021,9:07:00 PM,9:08:15 PM,Kilmore,VIC,9,185547770,R9 2180m Trot M,185547771,Harness,2180,Trot,14381041,7,Armchair Drive,LOSER,352.03,LOSER,65,18.37,320,170,290,212.67,33.07,1000,100,1000,182.78,22.79,27.33,65,18,65,19.73,4.31,180,210,1.04,0.99
24/07/2021,9:07:00 PM,9:08:15 PM,Kilmore,VIC,9,185547770,R9 2180m Trot M,185547771,Harness,2180,Trot,23826368,8,Chief Runningcloud,LOSER,166.37,LOSER,20.91,72.87,200,130,200,159.44,54.29,900,130,900,220.69,11.82,96.67,20,17.5,17.5,18.82,9.39,130,140,1.04,0.99
24/07/2021,9:07:00 PM,9:08:15 PM,Kilmore,VIC,9,185547770,R9 2180m Trot M,185547771,Harness,2180,Trot,37258125,9,Kyvalley Chief,WINNER,2.92,WINNER,1.67,2324.67,5.7,2.88,2.88,3.65,9517.41,5.5,1.01,1.01,1.77,3102.28,833.37,1.9,1.62,1.69,1.76,400.6,3.9,3.95,1.04,0.99
24/07/2021,9:07:00 PM,9:08:15 PM,Kilmore,VIC,9,185547770,R9 2180m Trot M,185547771,Harness,2180,Trot,12944872,10,Stress Factor,LOSER,8.45,LOSER,2.34,531.71,12,8,8.8,9.63,851.08,890,4.1,890,10.89,296.62,1068.98,2.9,2.28,2.62,2.59,226.54,8.4,9.2,1.04,0.99
24/07/2021,9:40:00 PM,9:40:43 PM,Kilmore,VIC,10,185547772,R10 2180m Pace M,185547773,Harness,2180,Pace,27714197,1,Nikki Louise,WINNER,1.7,WINNER,1.22,5025.41,1.84,1.34,1.71,1.69,42385.2,1.78,1.01,1.01,1.31,10871.97,1072.23,1.24,1.12,1.22,1.16,1838.93,1.74,1.75,1.01,0.99
24/07/2021,9:40:00 PM,9:40:43 PM,Kilmore,VIC,10,185547772,R10 2180m Pace M,185547773,Harness,2180,Pace,38196902,2,Shesmybaby,LOSER,60,LOSER,5.5,109.6,60,23,55,38.93,176.86,700,30,700,75.25,22.67,253.47,5.5,3.85,5.5,4.67,90.89,34,36,1.01,0.99
24/07/2021,9:40:00 PM,9:40:43 PM,Kilmore,VIC,10,185547772,R10 2180m Pace M,185547773,Harness,2180,Pace,21319270,3,Yannarie,LOSER,8.58,WINNER,1.8,529.61,38,7.4,8.4,8.97,3026.97,880,5.3,880,16.83,192.16,938.29,2.16,1.79,1.81,1.87,274.04,8.6,8.8,1.01,0.99
24/07/2021,9:40:00 PM,9:40:43 PM,Kilmore,VIC,10,185547772,R10 2180m Pace M,185547773,Harness,2180,Pace,22747329,4,Belladonna Girl,LOSER,45.95,WINNER,5.11,104.62,75,27,34,36.82,207.65,700,22,580,56.8,68.55,327.82,4.4,4,4.3,4.23,118.32,32,38,1.01,0.99
24/07/2021,9:40:00 PM,9:40:43 PM,Kilmore,VIC,10,185547772,R10 2180m Pace M,185547773,Harness,2180,Pace,17399091,5,Sheer Modern,LOSER,204.03,LOSER,13.43,35.88,240,75,130,151.42,58.32,930,26,930,196.28,12.91,112.41,12,11,12,11.57,8.73,130,140,1.01,0.99
24/07/2021,9:40:00 PM,9:40:43 PM,Kilmore,VIC,10,185547772,R10 2180m Pace M,185547773,Harness,2180,Pace,19976585,6,Larajay Macray,LOSER,21,LOSER,3.37,355.99,40,18,20,21.5,529.54,700,13.5,700,31.36,84.8,499.84,3.7,3,3.3,3.13,115.8,19,19.5,1.01,0.99
24/07/2021,9:40:00 PM,9:40:43 PM,Kilmore,VIC,10,185547772,R10 2180m Pace M,185547773,Harness,2180,Pace,28540531,7,Orbie,LOSER,37.83,LOSER,5,196.03,60,23,36,36.48,164.98,1000,34,1000,78.41,48.85,263.74,5,4.7,5,4.84,27.99,32,38,1.01,0.99
24/07/2021,9:40:00 PM,9:40:43 PM,Kilmore,VIC,10,185547772,R10 2180m Pace M,185547773,Harness,2180,Pace,28300704,8,Shes A Hovercraft,LOSER,6.3,LOSER,1.51,889.08,8.8,4.7,6,5.55,3369.1,880,3.25,880,9.48,509.15,880.98,1.54,1.41,1.52,1.46,1987.1,5.9,6,1.01,0.99
24/07/2021,10:12:00 PM,10:13:08 PM,Kilmore,VIC,11,185547774,R11 2180m Pace M,185547775,Harness,2180,Pace,11067361,1,High Profile,LOSER,1.6,WINNER,1.24,4630.44,1.72,1.35,1.66,1.57,21814.11,100,1.43,30,1.73,3292.27,1544.34,1.27,1.12,1.23,1.2,613.46,1.59,1.6,1.01,1
24/07/2021,10:12:00 PM,10:13:08 PM,Kilmore,VIC,11,185547774,R11 2180m Pace M,185547775,Harness,2180,Pace,40284924,3,Be My Girl,LOSER,11.57,LOSER,3.35,292.05,24,9.6,11.5,14.24,1549.66,700,4.1,490,28.87,139.81,211.37,3.6,2.98,3.45,3.51,158.95,21,22,1.01,1
24/07/2021,10:12:00 PM,10:13:08 PM,Kilmore,VIC,11,185547774,R11 2180m Pace M,185547775,Harness,2180,Pace,40284926,5,Symphony Stride,LOSER,17.49,LOSER,4.54,193.88,25,12,17.5,18.26,732.07,700,10.5,700,30.5,112.8,369.75,3.85,3.55,3.85,3.85,3.75,17,19.5,1.01,1
24/07/2021,10:12:00 PM,10:13:08 PM,Kilmore,VIC,11,185547774,R11 2180m Pace M,185547775,Harness,2180,Pace,39657705,6,Ozzie Joy,WINNER,3.82,WINNER,1.42,822.75,8.6,3.35,4,3.75,8613.56,11.5,1.01,1.01,1.9,2319.22,877.23,1.72,1.4,1.42,1.54,1924.44,3.6,3.65,1.01,1
24/07/2021,10:45:00 PM,10:45:49 PM,Kilmore,VIC,12,185547776,R12 2180m Trot M,185547777,Harness,2180,Trot,40284927,1,Columbias Deecee,LOSER,113.79,LOSER,18.75,94.76,180,40,75,96.09,76.67,700,190,700,325.07,2.28,,14.5,10.5,10.5,13.97,61.96,95,100,1.05,0.98
24/07/2021,10:45:00 PM,10:45:49 PM,Kilmore,VIC,12,185547776,R12 2180m Trot M,185547777,Harness,2180,Trot,40284928,2,Sugar High,LOSER,217.08,LOSER,38,44.91,290,65,110,147.71,49.3,700,40,700,131.37,12.44,20.53,17,9.4,9.4,14.77,3.58,140,210,1.05,0.98
24/07/2021,10:45:00 PM,10:45:49 PM,Kilmore,VIC,12,185547776,R12 2180m Trot M,185547777,Harness,2180,Trot,26493296,3,Tip Top Grandpa,LOSER,26.01,LOSER,4.85,303.68,80,17,17.5,28.28,436.61,700,7.8,690,41.89,50.95,287.78,7.4,3.85,4.1,6.54,122.69,22,23,1.05,0.98
24/07/2021,10:45:00 PM,10:45:49 PM,Kilmore,VIC,12,185547776,R12 2180m Trot M,185547777,Harness,2180,Trot,40284929,4,Shezagem,LOSER,9.76,LOSER,3.27,840.78,16.5,7.8,10,10.46,1239.34,700,3.95,230,19.09,78.61,298.58,3,2.86,2.86,2.9,40.64,10,11.5,1.05,0.98
24/07/2021,10:45:00 PM,10:45:49 PM,Kilmore,VIC,12,185547776,R12 2180m Trot M,185547777,Harness,2180,Trot,36037024,5,Savvy Kyvalley,LOSER,17.37,WINNER,4.2,428.04,20,12.5,13,15.95,586.66,700,5.3,690,15.24,98.8,153.37,3.65,3.1,3.4,3.42,100.73,14.5,16.5,1.05,0.98
24/07/2021,10:45:00 PM,10:45:49 PM,Kilmore,VIC,12,185547776,R12 2180m Trot M,185547777,Harness,2180,Trot,28329794,6,Rymes,LOSER,41.08,LOSER,11.95,196.34,75,30,30,51.02,290.81,930,19.5,740,64.65,55.29,43.12,8.4,6.4,6.4,7.79,11.64,50,65,1.05,0.98
24/07/2021,10:45:00 PM,10:45:49 PM,Kilmore,VIC,12,185547776,R12 2180m Trot M,185547777,Harness,2180,Trot,6413582,7,Sun Of Sonoko,LOSER,10.29,LOSER,5.11,1955.59,42,3.25,42,6.71,9240.83,1000,3.85,420,29.74,462.9,123.16,9.8,1.59,9.6,2.08,1978.3,3.9,4.1,1.05,0.98
24/07/2021,10:45:00 PM,10:45:49 PM,Kilmore,VIC,12,185547776,R12 2180m Trot M,185547777,Harness,2180,Trot,28370328,8,Here Comes Kyvalley,LOSER,4.19,WINNER,1.81,2712.34,8.6,4.3,4.4,5.06,4145.54,110,1.67,48,4.46,1052.43,1014.13,2.04,1.77,1.77,1.88,236.08,4.8,5,1.05,0.98
24/07/2021,10:45:00 PM,10:45:49 PM,Kilmore,VIC,12,185547776,R12 2180m Trot M,185547777,Harness,2180,Trot,40284930,9,Free Starr,WINNER,3.83,WINNER,1.49,2485.03,7.4,3.3,3.3,4.4,5146.38,4.1,1.01,1.01,1.85,2210.52,803.85,2.08,1.49,1.52,1.64,504.82,4.3,4.4,1.05,0.98
24/07/2021,10:45:00 PM,10:45:49 PM,Kilmore,VIC,12,185547776,R12 2180m Trot M,185547777,Harness,2180,Trot,40284931,10,Sunny Spider,LOSER,6.66,LOSER,2.76,1753.84,13.5,4.8,6.8,9.05,2245.54,700,2.82,210,7.69,328.22,481.69,3.9,2.64,2.7,2.85,65.57,10,11,1.05,0.98
24/07/2021,5:23:00 PM,5:23:51 PM,Menangle,NSW,1,185549696,R1 1609m Pace M,185549697,Harness,1609,Pace,38936327,1,Our Madiba,LOSER,19.7,WINNER,,217.98,19.5,12,19.5,14.29,355.29,1000,5.5,530,29.18,195.89,,3.4,3,3.1,3.17,348.76,14.5,15.5,1.07,0.96
24/07/2021,5:23:00 PM,5:23:51 PM,Menangle,NSW,1,185549696,R1 1609m Pace M,185549697,Harness,1609,Pace,10712794,2,Mister Magic Man,LOSER,12.5,LOSER,,202.47,12.5,5.8,12.5,9.96,624.95,1000,2.02,420,17.34,698.35,,4.6,2.48,2.54,3.21,551.51,7.8,9.8,1.07,0.96
24/07/2021,5:23:00 PM,5:23:51 PM,Menangle,NSW,1,185549696,R1 1609m Pace M,185549697,Harness,1609,Pace,22397919,3,Ziggy Rocks,LOSER,4.12,WINNER,,1034.2,7.2,4,4.1,4.48,1916.32,1000,3.3,1000,15.42,259.76,,2.1,1.73,1.74,1.74,319.98,4.3,4.7,1.07,0.96
24/07/2021,5:23:00 PM,5:23:51 PM,Menangle,NSW,1,185549696,R1 1609m Pace M,185549697,Harness,1609,Pace,18953335,4,Dance For Glory,LOSER,97.6,LOSER,,52.01,120,65,120,99.19,9.25,1000,140,1000,447.46,6.44,,16,16,16,16,22.4,70,90,1.07,0.96
24/07/2021,5:23:00 PM,5:23:51 PM,Menangle,NSW,1,185549696,R1 1609m Pace M,185549697,Harness,1609,Pace,12898917,5,Maximus Red,LOSER,40,LOSER,,73.32,50,30,44,37.2,161.19,1000,24,1000,146.71,22.25,,7.2,5.8,7,7.16,267.49,40,44,1.07,0.96
24/07/2021,5:23:00 PM,5:23:51 PM,Menangle,NSW,1,185549696,R1 1609m Pace M,185549697,Harness,1609,Pace,12287463,6,Pump The Brakes,LOSER,16.16,LOSER,,337.98,24,16.5,17.5,18.52,242.78,1000,8.8,1000,35.18,132.06,,3.25,3.2,3.2,3.25,36.16,18.5,20,1.07,0.96
24/07/2021,5:23:00 PM,5:23:51 PM,Menangle,NSW,1,185549696,R1 1609m Pace M,185549697,Harness,1609,Pace,11831832,7,Hickstead,LOSER,39.99,LOSER,,72,44,17.5,44,28.61,165.66,1000,20,1000,73.45,60.02,,5.7,5.3,5.3,5.51,73,28,30,1.07,0.96
24/07/2021,5:23:00 PM,5:23:51 PM,Menangle,NSW,1,185549696,R1 1609m Pace M,185549697,Harness,1609,Pace,9343283,8,Rays Choice,WINNER,5.31,WINNER,,561.17,5.8,4.5,5.3,5.08,1518.63,8.2,1.01,1.01,2.06,6411.45,,2.16,1.87,2.1,1.98,1800.89,4.9,5.6,1.07,0.96
24/07/2021,5:23:00 PM,5:23:51 PM,Menangle,NSW,1,185549696,R1 1609m Pace M,185549697,Harness,1609,Pace,20503020,9,Jimmy Locke,LOSER,3.3,LOSER,,1479.45,4.2,3.1,3.2,3.4,3528.61,1000,2.38,1000,7.75,1644.32,,1.82,1.57,1.57,1.7,96.68,3.4,3.6,1.07,0.96
24/07/2021,5:23:00 PM,5:23:51 PM,Menangle,NSW,1,185549696,R1 1609m Pace M,185549697,Harness,1609,Pace,9780455,11,Brocks Territory,LOSER,104.95,LOSER,,63.4,140,44,130,87.35,47.78,1000,16.5,1000,270.01,19.51,,30,30,30,30,18.67,95,140,1.07,0.96
24/07/2021,5:53:00 PM,5:57:23 PM,Menangle,NSW,2,185549698,R2 1609m Pace M,185549699,Harness,1609,Pace,40284842,1,Rock Of Delight,LOSER,62.3,LOSER,,150.54,75,10.5,60,45.39,185.87,780,75,780,307.79,4.33,,3.95,2.9,3.95,3.54,67.46,40,44,1.04,0.98
24/07/2021,5:53:00 PM,5:57:23 PM,Menangle,NSW,2,185549698,R2 1609m Pace M,185549699,Harness,1609,Pace,23046944,2,Vincenzina,LOSER,9,WINNER,,574.86,10,4.6,9,7.73,2493.26,700,8.4,700,40.73,35.4,,2.1,1.5,1.51,1.56,844.42,8.2,8.8,1.04,0.98
24/07/2021,5:53:00 PM,5:57:23 PM,Menangle,NSW,2,185549698,R2 1609m Pace M,185549699,Harness,1609,Pace,13178359,3,Pay Me Overs,LOSER,26.62,WINNER,,246.19,32,13.5,23,19.72,774.67,790,34,780,140.92,10.72,,3,2.18,2.3,2.49,1197.52,20,24,1.04,0.98
24/07/2021,5:53:00 PM,5:57:23 PM,Menangle,NSW,2,185549698,R2 1609m Pace M,185549699,Harness,1609,Pace,13535691,4,Christmas Toyboy,LOSER,150,LOSER,,61.48,160,48,150,91.29,42.69,930,30,750,189.17,12.75,,,,,,,60,65,1.04,0.98
24/07/2021,5:53:00 PM,5:57:23 PM,Menangle,NSW,2,185549698,R2 1609m Pace M,185549699,Harness,1609,Pace,39133112,5,Old Luke,LOSER,60,LOSER,,178.39,60,22,60,33.61,245.09,740,65,740,275.36,5.04,,3.5,3.35,3.5,3.49,3.9,29,34,1.04,0.98
24/07/2021,5:53:00 PM,5:57:23 PM,Menangle,NSW,2,185549698,R2 1609m Pace M,185549699,Harness,1609,Pace,37582453,6,Mighty Flying Art,WINNER,1.38,WINNER,,3494.33,2.18,1.32,1.38,1.43,29913.1,1.25,1.01,1.01,1.06,4628.56,,1.26,1.1,1.12,1.12,5796.45,1.43,1.46,1.04,0.98
24/07/2021,5:53:00 PM,5:57:23 PM,Menangle,NSW,2,185549698,R2 1609m Pace M,185549699,Harness,1609,Pace,7118722,7,Jedi Mind,LOSER,120,LOSER,,106.37,230,55,100,91.21,78.57,940,260,940,531.24,2.51,,,,,,,65,90,1.04,0.98
24/07/2021,5:53:00 PM,5:57:23 PM,Menangle,NSW,2,185549698,R2 1609m Pace M,185549699,Harness,1609,Pace,17494682,8,Volando Denario,LOSER,51.3,LOSER,,197.88,75,16,50,43.88,391.61,910,30,120,136.81,24.03,,80,3.2,5.7,7.49,204.78,21,24,1.04,0.98
24/07/2021,5:53:00 PM,5:57:23 PM,Menangle,NSW,2,185549698,R2 1609m Pace M,185549699,Harness,1609,Pace,19750813,9,Alta Downs,LOSER,65,LOSER,,123.19,100,18.5,55,63.7,141.58,780,80,780,228.45,7.86,,,,,,,60,90,1.04,0.98
24/07/2021,5:53:00 PM,5:57:23 PM,Menangle,NSW,2,185549698,R2 1609m Pace M,185549699,Harness,1609,Pace,27193298,10,Shadow Eclipse,LOSER,218.98,LOSER,,47.23,220,60,220,117.47,70.81,940,290,940,578.19,2.31,,9.4,8.8,9.2,9.26,19.79,90,100,1.04,0.98
24/07/2021,6:23:00 PM,6:24:39 PM,Menangle,NSW,3,185549700,R3 1609m Pace M,185549701,Harness,1609,Pace,880436,2,Always Rockin,WINNER,2.55,WINNER,,2853.01,2.98,2.16,2.66,2.54,11266.44,7.4,1.48,1.77,2.17,3302.57,,1.44,1.27,1.43,1.41,148.79,2.58,2.66,1.04,0.99
24/07/2021,6:23:00 PM,6:24:39 PM,Menangle,NSW,3,185549700,R3 1609m Pace M,185549701,Harness,1609,Pace,22970864,3,Eye Can Run,LOSER,17.37,LOSER,,170.24,19,9.6,15.5,16.26,246.62,1000,8,1000,39.55,245.14,,3.35,3.15,3.2,3.19,159.99,17,17.5,1.04,0.99
24/07/2021,6:23:00 PM,6:24:39 PM,Menangle,NSW,3,185549700,R3 1609m Pace M,185549701,Harness,1609,Pace,39098042,4,Major Obahma,LOSER,14.5,LOSER,,286.26,20,14,14.5,17.6,561.31,190,7.8,190,21.96,87.25,,2.98,2.64,2.64,2.86,257.11,15,14.5,1.04,0.99
24/07/2021,6:23:00 PM,6:24:39 PM,Menangle,NSW,3,185549700,R3 1609m Pace M,185549701,Harness,1609,Pace,1326654,5,Bankers Gold,LOSER,35.86,WINNER,,151.98,32,10,32,25.66,138.89,95,3.85,95,27.35,119.57,,,,,,,26,30,1.04,0.99
24/07/2021,6:23:00 PM,6:24:39 PM,Menangle,NSW,3,185549700,R3 1609m Pace M,185549701,Harness,1609,Pace,28364563,6,Harry Ovens,LOSER,13,LOSER,,236.95,13.5,8.8,12.5,11.73,637.76,280,12.5,280,24.71,120.11,,2.6,2.6,2.6,2.6,5,12,14,1.04,0.99
24/07/2021,6:23:00 PM,6:24:39 PM,Menangle,NSW,3,185549700,R3 1609m Pace M,185549701,Harness,1609,Pace,17550315,7,Bronski Belle,LOSER,97.73,WINNER,,89.26,110,55,110,73.22,40.68,240,1.3,3,7.25,346.45,,,,,,,60,65,1.04,0.99
24/07/2021,6:23:00 PM,6:24:39 PM,Menangle,NSW,3,185549700,R3 1609m Pace M,185549701,Harness,1609,Pace,18740287,8,True Confessions,LOSER,70,LOSER,,124.56,70,42,65,50.62,118.97,690,65,690,107.49,22.33,,6.8,6.8,6.8,6.8,2.18,42,46,1.04,0.99
24/07/2021,6:23:00 PM,6:24:39 PM,Menangle,NSW,3,185549700,R3 1609m Pace M,185549701,Harness,1609,Pace,28161255,9,Smooth Baht,LOSER,30.97,LOSER,,205.88,34,20,34,28.67,113.47,90,12.5,90,25.6,101.65,,,,,,,27,30,1.04,0.99
24/07/2021,6:23:00 PM,6:24:39 PM,Menangle,NSW,3,185549700,R3 1609m Pace M,185549701,Harness,1609,Pace,17773876,10,Masons Delight,LOSER,2.76,LOSER,,2956.75,4.6,2.98,2.98,3.34,5497.43,690,2.36,690,3.63,1876.94,,1.6,1.49,1.49,1.54,315.04,3.05,3.15,1.04,0.99
24/07/2021,6:53:00 PM,6:53:46 PM,Menangle,NSW,4,185549702,R4 1609m Pace M,185549703,Harness,1609,Pace,23681686,1,Ball Of Art,LOSER,20,LOSER,,185.93,27,12.5,26,18.51,310.65,780,5.5,700,23.91,215.2,,4.2,4,4.1,4.08,85,17.5,19.5,1.01,0.96
24/07/2021,6:53:00 PM,6:53:46 PM,Menangle,NSW,4,185549702,R4 1609m Pace M,185549703,Harness,1609,Pace,23185277,2,Rocky Creed,LOSER,11,LOSER,,434.95,11.5,7.6,11,9.22,575.97,780,9,480,19.9,128.03,,4.9,2.42,2.76,2.7,309.3,8.6,9.4,1.01,0.96
24/07/2021,6:53:00 PM,6:53:46 PM,Menangle,NSW,4,185549702,R4 1609m Pace M,185549703,Harness,1609,Pace,27550792,3,Forever Yin,LOSER,4.8,WINNER,,1367.62,7.4,4,5.1,5.54,2294.49,700,2.3,700,4.14,1329.57,,2.56,2,2.1,2.21,144.2,6.2,6.4,1.01,0.96
24/07/2021,6:53:00 PM,6:53:46 PM,Menangle,NSW,4,185549702,R4 1609m Pace M,185549703,Harness,1609,Pace,21923000,4,Court On The Edge,LOSER,94.44,LOSER,,95.8,180,70,70,93.03,93.5,700,2,700,8.11,382.96,,25,13,18.5,16.64,74.82,100,110,1.01,0.96
24/07/2021,6:53:00 PM,6:53:46 PM,Menangle,NSW,4,185549702,R4 1609m Pace M,185549703,Harness,1609,Pace,23390438,5,Katchar Shoobee,LOSER,19.83,WINNER,,362.38,18,11,13.5,13.03,561.87,780,6.4,480,14.26,337.31,,3.25,3,3,3.13,535.31,13,14,1.01,0.96
24/07/2021,6:53:00 PM,6:53:46 PM,Menangle,NSW,4,185549702,R4 1609m Pace M,185549703,Harness,1609,Pace,12418328,6,I Am Serengeti,LOSER,3.99,LOSER,,1613.47,4.5,2.74,4,3.57,7996.3,700,2.74,700,4.52,2510.36,,1.86,1.52,1.76,1.71,340.98,4,4.1,1.01,0.96
24/07/2021,6:53:00 PM,6:53:46 PM,Menangle,NSW,4,185549702,R4 1609m Pace M,185549703,Harness,1609,Pace,17550238,7,Never Been Said,WINNER,5.2,WINNER,,800.29,7.4,4.8,5,5.33,3422.67,15.5,1.01,1.02,2.03,2205.87,,2.2,1.81,2,1.98,275.32,5.2,5.3,1.01,0.96
24/07/2021,6:53:00 PM,6:53:46 PM,Menangle,NSW,4,185549702,R4 1609m Pace M,185549703,Harness,1609,Pace,9569441,8,Gottashopearly,LOSER,50,LOSER,,174.15,110,36,65,65.82,160.07,1000,32,780,157.22,39.5,,12.5,9.2,9.2,9.78,107.53,75,80,1.01,0.96
24/07/2021,6:53:00 PM,6:53:46 PM,Menangle,NSW,4,185549702,R4 1609m Pace M,185549703,Harness,1609,Pace,38206488,9,Balducci,LOSER,8.33,LOSER,,368.89,10.5,7.2,7.2,8.73,983.8,700,2.74,490,8.45,443.58,,2.8,2.58,2.58,2.62,127.66,8.6,9.6,1.01,0.96
24/07/2021,6:53:00 PM,6:53:46 PM,Menangle,NSW,4,185549702,R4 1609m Pace M,185549703,Harness,1609,Pace,18740912,10,Madazalways,LOSER,84.41,LOSER,,98.16,100,60,80,71.23,71.68,780,32,780,77.68,23.03,,,,,,,60,65,1.01,0.96
24/07/2021,7:20:00 PM,7:20:58 PM,Menangle,NSW,5,185549704,R5 1609m Pace M,185549705,Harness,1609,Pace,12050923,2,Makoa,LOSER,40.45,LOSER,,151.25,55,32,42,40.88,76.51,1000,44,1000,80.91,23.59,,6.6,6.6,6.6,6.6,31.34,48,55,1.05,0.97
24/07/2021,7:20:00 PM,7:20:58 PM,Menangle,NSW,5,185549704,R5 1609m Pace M,185549705,Harness,1609,Pace,10425078,3,Power Of Red,LOSER,33.21,WINNER,,154.52,46,17.5,44,34.7,191.28,1000,5.8,1000,23.53,125.74,,7.4,5.8,7.4,6.05,245.71,32,44,1.05,0.97
24/07/2021,7:20:00 PM,7:20:58 PM,Menangle,NSW,5,185549704,R5 1609m Pace M,185549705,Harness,1609,Pace,7142001,4,Pitch Perfect,LOSER,37.06,LOSER,,111.45,48,24,46,36.86,94.89,1000,10,770,51.01,40.78,,7.4,5.8,7.4,6.57,33.57,40,44,1.05,0.97
24/07/2021,7:20:00 PM,7:20:58 PM,Menangle,NSW,5,185549704,R5 1609m Pace M,185549705,Harness,1609,Pace,8245757,5,Mafuta Vautin,LOSER,36.7,LOSER,,127.88,50,34,38,39.83,122.86,1000,21,1000,46.49,71.65,,7.4,6.6,6.6,6.87,21.08,42,44,1.05,0.97
24/07/2021,7:20:00 PM,7:20:58 PM,Menangle,NSW,5,185549704,R5 1609m Pace M,185549705,Harness,1609,Pace,11669413,6,Rusty Crackers,LOSER,72.98,LOSER,,109.03,150,55,60,72.01,60.22,1000,100,1000,251.67,2.89,,,,,,,75,80,1.05,0.97
24/07/2021,7:20:00 PM,7:20:58 PM,Menangle,NSW,5,185549704,R5 1609m Pace M,185549705,Harness,1609,Pace,12242854,7,Double Encounter,WINNER,3.96,WINNER,,1062,13,3.85,4,4.52,3113.26,6.2,1.01,1.01,1.6,2674.18,,2.2,1.85,1.85,1.97,319.98,4.4,4.9,1.05,0.97
24/07/2021,7:20:00 PM,7:20:58 PM,Menangle,NSW,5,185549704,R5 1609m Pace M,185549705,Harness,1609,Pace,28339008,8,Majestic Cruiser,LOSER,4.03,LOSER,,1327.56,5,3.45,3.85,3.94,4509.46,700,2,530,3.67,1339.2,,1.68,1.56,1.68,1.59,119.93,3.6,3.7,1.05,0.97
24/07/2021,7:20:00 PM,7:20:58 PM,Menangle,NSW,5,185549704,R5 1609m Pace M,185549705,Harness,1609,Pace,12862773,9,Hidden Courage,LOSER,15.65,LOSER,,238.6,19.5,6.2,16.5,13.93,274.79,1000,16,1000,52.18,24.31,,3.1,2.84,3.05,2.93,33.62,15,16.5,1.05,0.97
24/07/2021,7:20:00 PM,7:20:58 PM,Menangle,NSW,5,185549704,R5 1609m Pace M,185549705,Harness,1609,Pace,27370734,10,Burnham Boy,LOSER,4.77,WINNER,,1301.72,5.3,3.15,4.8,4.68,3326.29,1000,4.7,1000,9.23,243.57,,1.56,1.56,1.56,1.56,4.11,4.8,5.1,1.05,0.97
24/07/2021,7:20:00 PM,7:20:58 PM,Menangle,NSW,5,185549704,R5 1609m Pace M,185549705,Harness,1609,Pace,12741243,11,Pocket Of Terror,LOSER,8.63,LOSER,,478.79,8.4,5.8,7.6,7.21,767.95,1000,4.6,140,9.26,269.49,,2.68,1.95,2.24,2.18,95.51,6.6,7.2,1.05,0.97
24/07/2021,7:48:00 PM,7:49:09 PM,Menangle,NSW,6,185549706,R6 1609m Pace M,185549707,Harness,1609,Pace,22185955,1,Benalong Valley,LOSER,14,WINNER,,372.92,16.5,9,14,11.77,760.69,780,2.72,490,16.06,291.15,,2.74,2.68,2.74,2.72,40,12,12.5,1.04,0.97
24/07/2021,7:48:00 PM,7:49:09 PM,Menangle,NSW,6,185549706,R6 1609m Pace M,185549707,Harness,1609,Pace,40284843,2,Viva Las Vegas,WINNER,12,WINNER,,398.24,19.5,11,12.5,12.19,621.77,60,1.01,1.02,1.7,1048.12,,3.95,2.98,3.05,3.13,1413.93,12,14,1.04,0.97
24/07/2021,7:48:00 PM,7:49:09 PM,Menangle,NSW,6,185549706,R6 1609m Pace M,185549707,Harness,1609,Pace,17080584,3,Major Generaljujon,LOSER,100,LOSER,,74.65,130,50,130,80.48,31.25,700,12,700,77.27,23.87,,,,,,,65,80,1.04,0.97
24/07/2021,7:48:00 PM,7:49:09 PM,Menangle,NSW,6,185549706,R6 1609m Pace M,185549707,Harness,1609,Pace,23485017,4,He Bettor Step Aside,LOSER,18.72,WINNER,,146.14,21,9.6,21,13.44,306.16,140,1.26,110,5.47,202.31,,3,2.7,2.92,2.95,262,13.5,14.5,1.04,0.97
24/07/2021,7:48:00 PM,7:49:09 PM,Menangle,NSW,6,185549706,R6 1609m Pace M,185549707,Harness,1609,Pace,7887777,5,Don Boston,LOSER,98.12,LOSER,,66.89,120,23,110,87.49,54.42,780,50,780,85.61,30.06,,14.5,11,14.5,11.83,81.99,80,130,1.04,0.97
24/07/2021,7:48:00 PM,7:49:09 PM,Menangle,NSW,6,185549706,R6 1609m Pace M,185549707,Harness,1609,Pace,19583083,6,Lets Go To Brazil,LOSER,17.5,LOSER,,225.14,17.5,7.8,17.5,13.22,242.33,790,15,420,71.92,20.67,,3.25,3.15,3.15,3.22,14.94,12,15.5,1.04,0.97
24/07/2021,7:48:00 PM,7:49:09 PM,Menangle,NSW,6,185549706,R6 1609m Pace M,185549707,Harness,1609,Pace,11294456,7,Rockabella Starz,LOSER,94.8,LOSER,,63.57,130,22,130,76.01,30.68,700,90,700,138.39,6.66,,12,10,11,11.12,20,70,85,1.04,0.97
24/07/2021,7:48:00 PM,7:49:09 PM,Menangle,NSW,6,185549706,R6 1609m Pace M,185549707,Harness,1609,Pace,35523906,8,Chubby Checker,LOSER,2.67,LOSER,,2648.01,3.2,2.58,2.8,2.88,9223.34,700,2.4,700,3.71,1341.15,,1.64,1.37,1.5,1.53,625.45,2.82,2.9,1.04,0.97
24/07/2021,7:48:00 PM,7:49:09 PM,Menangle,NSW,6,185549706,R6 1609m Pace M,185549707,Harness,1609,Pace,23914068,9,Prosecution Witness,LOSER,21.39,LOSER,,230.19,24,7.8,24,16.45,248.07,780,7.4,780,44.57,15.1,,3.9,3,3.9,3.09,123.21,15.5,16,1.04,0.97
24/07/2021,7:48:00 PM,7:49:09 PM,Menangle,NSW,6,185549706,R6 1609m Pace M,185549707,Harness,1609,Pace,7929521,10,Ronaldo,LOSER,3.36,LOSER,,1556.78,4.9,3.25,3.25,3.74,3942.41,700,2.5,270,3.77,797.14,,1.71,1.63,1.64,1.69,185.66,3.95,4,1.04,0.97
24/07/2021,8:21:00 PM,8:22:17 PM,Menangle,NSW,7,185549708,R7 1609m Pace M,185549709,Harness,1609,Pace,40100039,1,Cherishthememories,LOSER,72.21,LOSER,,76.34,160,19.5,160,49.49,76.11,480,13,480,115.26,18.83,,9.6,5.5,9.6,5.55,9.45,38,50,1.03,0.99
24/07/2021,8:21:00 PM,8:22:17 PM,Menangle,NSW,7,185549708,R7 1609m Pace M,185549709,Harness,1609,Pace,38923634,2,Ardens Ace,LOSER,93.28,LOSER,,54.41,130,38,110,65.75,51.75,300,50,50,160.85,9.52,,8.4,5.5,8,6.64,27.87,50,65,1.03,0.99
24/07/2021,8:21:00 PM,8:22:17 PM,Menangle,NSW,7,185549708,R7 1609m Pace M,185549709,Harness,1609,Pace,28587471,3,Machs Legacy,LOSER,17,LOSER,,107.44,21,11.5,17,13.82,656.26,140,9.6,9.6,34.64,34.62,,2.88,2.62,2.66,2.67,683.66,14,15,1.03,0.99
24/07/2021,8:21:00 PM,8:22:17 PM,Menangle,NSW,7,185549708,R7 1609m Pace M,185549709,Harness,1609,Pace,28290736,4,Titian Raider,WINNER,11.22,WINNER,,249.6,14,8,9.8,9.36,748.29,23,2.1,2.1,11.24,237.12,,2.54,2.06,2.14,2.24,1347.53,8.6,9,1.03,0.99
24/07/2021,8:21:00 PM,8:22:17 PM,Menangle,NSW,7,185549708,R7 1609m Pace M,185549709,Harness,1609,Pace,38533708,5,Surfers Delight,LOSER,151.05,LOSER,,58.55,180,22,120,92.97,37.82,700,120,210,212.9,11.45,,17,17,17,17,0.06,65,85,1.03,0.99
24/07/2021,8:21:00 PM,8:22:17 PM,Menangle,NSW,7,185549708,R7 1609m Pace M,185549709,Harness,1609,Pace,27850891,6,Tasty Delight,LOSER,1.19,WINNER,,4502.28,1.55,1.19,1.21,1.29,17130.61,3.15,1.08,1.19,1.13,7939.47,,1.13,1.08,1.08,1.11,1347.1,1.28,1.3,1.03,0.99
24/07/2021,8:53:00 PM,8:54:02 PM,Menangle,NSW,8,185549710,R8 2300m Trot S,185549711,Harness,2300,Trot,8688210,1,Kyvalley Boomerang,LOSER,39.39,WINNER,,121.42,50,28,36,38.34,273.64,140,5,140,17.55,175.88,,6.4,5.8,6,6.1,124.27,36,40,1.03,0.97
24/07/2021,8:53:00 PM,8:54:02 PM,Menangle,NSW,8,185549710,R8 2300m Trot S,185549711,Harness,2300,Trot,28417708,2,Super Fast Pat,LOSER,14.58,LOSER,,384.48,15.5,9.4,15,12.29,797.87,900,2.58,710,14.79,464.23,,3.25,3.25,3.25,3.25,5,13.5,14,1.03,0.97
24/07/2021,8:53:00 PM,8:54:02 PM,Menangle,NSW,8,185549710,R8 2300m Trot S,185549711,Harness,2300,Trot,25102750,3,Major Thomas,WINNER,2.99,WINNER,,2117.78,4.8,2.66,3.05,3.02,10178.97,3.05,1.01,1.01,1.57,2835.59,,1.69,1.49,1.49,1.57,2290.07,2.78,2.82,1.03,0.97
24/07/2021,8:53:00 PM,8:54:02 PM,Menangle,NSW,8,185549710,R8 2300m Trot S,185549711,Harness,2300,Trot,8704750,4,Agent Maori,LOSER,21,WINNER,,198.81,38,20,23,26.16,367.49,700,10,700,22.36,34.41,,5.2,4.2,4.3,4.77,38.67,27,30,1.03,0.97
24/07/2021,8:53:00 PM,8:54:02 PM,Menangle,NSW,8,185549710,R8 2300m Trot S,185549711,Harness,2300,Trot,40061872,5,Sekkie Monkey,LOSER,8.8,LOSER,,407.26,13,5.8,8.6,8.99,872.61,1000,8.8,1000,83.07,95.31,,3,2.5,2.56,2.54,553.63,8.8,9.8,1.03,0.97
24/07/2021,8:53:00 PM,8:54:02 PM,Menangle,NSW,8,185549710,R8 2300m Trot S,185549711,Harness,2300,Trot,8753329,6,In The Valley,LOSER,5.59,LOSER,,952.05,7.6,5.9,6.2,6.37,1204.05,1000,4.7,1000,26.5,366.96,,2.8,1.99,1.99,2.13,99.32,6.8,7.2,1.03,0.97
24/07/2021,8:53:00 PM,8:54:02 PM,Menangle,NSW,8,185549710,R8 2300m Trot S,185549711,Harness,2300,Trot,26597007,7,Champagne Prince,LOSER,11.01,LOSER,,363.04,17.5,5.1,11,11.02,1235.17,490,6.2,490,14.53,80.61,,3.45,1.53,3.2,2.5,69.79,12.5,13.5,1.03,0.97
24/07/2021,8:53:00 PM,8:54:02 PM,Menangle,NSW,8,185549710,R8 2300m Trot S,185549711,Harness,2300,Trot,18112975,8,Ymbro Wasted,LOSER,6.6,LOSER,,590.47,6.8,4,6.6,5.78,2555.11,880,8,880,51.56,59.25,,1.92,1.92,1.92,1.92,47,5.3,5.8,1.03,0.97
24/07/2021,7:45:00 PM,7:53:24 PM,Northam,WA,1,185551358,R1 2190m Pace M,185551359,Harness,2190,Pace,2029383,2,The Mercenary,LOSER,2.37,WINNER,1.49,2854.86,2.58,1.26,2.38,1.73,10723.59,50,1.03,50,1.69,3809.8,646.25,1.5,1.17,1.5,1.31,210.96,1.56,1.58,1.02,0.98
24/07/2021,7:45:00 PM,7:53:24 PM,Northam,WA,1,185551358,R1 2190m Pace M,185551359,Harness,2190,Pace,40284845,3,Hoppys Way,WINNER,3.76,WINNER,1.69,882.57,9.4,3,3.2,3.79,5237.41,40,1.01,1.09,2.8,1315.99,826.43,2.08,1.43,1.64,1.81,171.08,5,5.5,1.02,0.98
24/07/2021,7:45:00 PM,7:53:24 PM,Northam,WA,1,185551358,R1 2190m Pace M,185551359,Harness,2190,Pace,40284846,4,Hope,LOSER,9.43,LOSER,3.73,301.82,24,9.4,10,13.54,579.81,1000,9.2,1000,59.95,155,332.41,3.95,3.15,3.75,3.71,38.07,16,17.5,1.02,0.98
24/07/2021,7:45:00 PM,7:53:24 PM,Northam,WA,1,185551358,R1 2190m Pace M,185551359,Harness,2190,Pace,38858893,5,Path Of Gold,LOSER,5.03,LOSER,2.41,1230.37,15,5.2,5.4,7.64,986.22,700,4.4,140,6.73,435.32,485.73,2.86,2.36,2.52,2.51,119.74,9.2,9.8,1.02,0.98
24/07/2021,7:45:00 PM,7:53:24 PM,Northam,WA,1,185551358,R1 2190m Pace M,185551359,Harness,2190,Pace,40040659,6,Hilo Louisa,LOSER,153.28,LOSER,51,45.39,190,70,120,106.86,45.48,1000,140,1000,453.85,4.96,,19,18,19,18.93,0.6,95,170,1.02,0.98
24/07/2021,8:26:00 PM,8:26:38 PM,Northam,WA,2,185551360,R2 2190m Pace M,185551361,Harness,2190,Pace,13275006,1,Wilkins Medinahall,LOSER,22.1,LOSER,2.87,228.7,29,15,22,19.55,382.78,710,14,710,45.01,22.77,516.05,3,2.78,2.78,2.84,311.03,20,24,1.04,0.97
24/07/2021,8:26:00 PM,8:26:38 PM,Northam,WA,2,185551360,R2 2190m Pace M,185551361,Harness,2190,Pace,12580943,2,Murihiku Miss,LOSER,432.88,LOSER,85,24.97,420,160,420,296.83,31.75,900,150,900,429.48,8.17,9.99,,,,,,300,350,1.04,0.97
24/07/2021,8:26:00 PM,8:26:38 PM,Northam,WA,2,185551360,R2 2190m Pace M,185551361,Harness,2190,Pace,13179460,3,Seven Demerits,LOSER,32.4,LOSER,6.22,222.86,50,20,36,27.62,117.76,920,6.4,22,33.5,57.21,320.7,,,,,,25,32,1.04,0.97
24/07/2021,8:26:00 PM,8:26:38 PM,Northam,WA,2,185551360,R2 2190m Pace M,185551361,Harness,2190,Pace,35608587,4,Adda Spoilt Major,LOSER,4.3,WINNER,1.54,612.65,4.7,2.98,4.4,3.84,1896.2,490,1.46,140,2.51,1591.34,1023.73,1.56,1.34,1.43,1.4,144.17,4,4.3,1.04,0.97
24/07/2021,8:26:00 PM,8:26:38 PM,Northam,WA,2,185551360,R2 2190m Pace M,185551361,Harness,2190,Pace,23938764,5,Hilo Tyson,LOSER,190.44,LOSER,488.5,35.4,220,40,220,102.36,60.29,950,50,700,345.26,4.09,,12,7.8,7.8,8.9,25.63,95,140,1.04,0.97
24/07/2021,8:26:00 PM,8:26:38 PM,Northam,WA,2,185551360,R2 2190m Pace M,185551361,Harness,2190,Pace,27078548,6,Sagatious,WINNER,2.29,WINNER,1.32,1648.67,2.82,1.97,2.16,2.17,11770.99,4.4,1.01,1.01,1.91,2229.82,827.39,1.39,1.23,1.3,1.27,920.35,2.08,2.16,1.04,0.97
24/07/2021,8:26:00 PM,8:26:38 PM,Northam,WA,2,185551360,R2 2190m Pace M,185551361,Harness,2190,Pace,36709701,7,Bazza Mac,LOSER,5.3,WINNER,1.61,872.62,11,5.2,5.5,6.38,1614.65,860,4.6,700,13.42,185.87,775.15,1.97,1.48,1.49,1.58,145.26,6.2,6.6,1.04,0.97
24/07/2021,8:26:00 PM,8:26:38 PM,Northam,WA,2,185551360,R2 2190m Pace M,185551361,Harness,2190,Pace,25178844,8,Ocean Beach,LOSER,28.94,LOSER,5.47,169.79,38,15.5,38,24.94,170.06,910,13,910,38.15,34.74,331.38,3.75,3.2,3.2,3.48,16.37,23,28,1.04,0.97
24/07/2021,9:00:00 PM,9:00:48 PM,Northam,WA,3,185551362,R3 2620m Pace M,185551363,Harness,2620,Pace,1226774,1,Make It Quick,WINNER,5.72,WINNER,1.66,343.69,7.8,4.6,5.2,5.4,2838.27,27,1.04,1.06,3.77,707.99,555.83,1.71,1.57,1.59,1.69,102.55,4.8,5.3,1.04,0.97
24/07/2021,9:00:00 PM,9:00:48 PM,Northam,WA,3,185551362,R3 2620m Pace M,185551363,Harness,2620,Pace,37467862,2,The Monies On,LOSER,32.51,WINNER,8.85,95.58,50,29,34,35.31,85.14,65,6.6,60,12.03,221.21,201.78,,,,,,34,50,1.04,0.97
24/07/2021,9:00:00 PM,9:00:48 PM,Northam,WA,3,185551362,R3 2620m Pace M,185551363,Harness,2620,Pace,1004461,3,Bells Fool,LOSER,110,LOSER,14.35,59.29,140,70,75,90.82,41.55,570,85,550,167.84,15.39,44.33,8.6,8.6,8.6,8.6,20,85,110,1.04,0.97
24/07/2021,9:00:00 PM,9:00:48 PM,Northam,WA,3,185551362,R3 2620m Pace M,185551363,Harness,2620,Pace,35264706,4,Our Shelley Beach,LOSER,3.8,LOSER,1.43,626.35,3.95,3.15,3.3,3.38,4428.15,700,3.35,700,6.99,462.95,1202.94,1.57,1.42,1.5,1.48,246.07,3.3,3.5,1.04,0.97
24/07/2021,9:00:00 PM,9:00:48 PM,Northam,WA,3,185551362,R3 2620m Pace M,185551363,Harness,2620,Pace,40284848,5,Magic Matteo,LOSER,23,LOSER,4.44,146.15,27,15.5,22,21.46,631.59,100,3.25,100,27.11,78.51,355.45,,,,,,20,22,1.04,0.97
24/07/2021,9:00:00 PM,9:00:48 PM,Northam,WA,3,185551362,R3 2620m Pace M,185551363,Harness,2620,Pace,19575637,6,Our Virtuoso,LOSER,3.55,WINNER,1.62,662.58,4.6,3,3.5,3.33,5929.81,30,1.4,12.5,2.25,2887.52,611.57,1.52,1.41,1.52,1.47,250.15,3.2,3.3,1.04,0.97
24/07/2021,9:00:00 PM,9:00:48 PM,Northam,WA,3,185551362,R3 2620m Pace M,185551363,Harness,2620,Pace,27355813,7,Tenacious George,LOSER,39.94,LOSER,9.4,131.6,65,15.5,42,41.89,61.91,700,38,300,66.69,28.86,59.34,11.5,4.9,4.9,6.24,84.22,48,65,1.04,0.97
24/07/2021,9:00:00 PM,9:00:48 PM,Northam,WA,3,185551362,R3 2620m Pace M,185551363,Harness,2620,Pace,38475069,8,Soho Gigolo,LOSER,8.49,LOSER,2.13,585.55,11,5.6,8.2,7.54,2362.22,700,5.6,290,19.3,69.83,1111.29,2.36,2.04,2.22,2.24,227.4,9.6,10,1.04,0.97
24/07/2021,9:24:00 PM,9:24:43 PM,Northam,WA,4,185551364,R4 2190m Pace M,185551365,Harness,2190,Pace,40284849,1,I Am Pink,LOSER,55,LOSER,8.91,62.61,70,38,70,49.54,56.46,700,18,700,35.95,55.13,160.8,6,5.2,6,5.97,50.17,46,55,1.05,0.97
24/07/2021,9:24:00 PM,9:24:43 PM,Northam,WA,4,185551364,R4 2190m Pace M,185551365,Harness,2190,Pace,40284850,2,Cluster Star,LOSER,6.15,LOSER,1.78,477.86,8.6,5.6,5.8,6.42,2082.89,700,2.42,700,4.77,623.88,701.41,2.18,1.79,1.79,1.83,423.1,6,6.4,1.05,0.97
24/07/2021,9:24:00 PM,9:24:43 PM,Northam,WA,4,185551364,R4 2190m Pace M,185551365,Harness,2190,Pace,23399773,3,Major Dazzler,LOSER,210.84,LOSER,22.47,26.61,320,110,190,195.31,77.07,880,80,310,189.47,13.67,87.01,,,,,,120,130,1.05,0.97
24/07/2021,9:24:00 PM,9:24:43 PM,Northam,WA,4,185551364,R4 2190m Pace M,185551365,Harness,2190,Pace,37467859,4,Patrikiar,LOSER,3.52,WINNER,1.46,754.5,4.1,2.68,3.45,3.53,1662.31,700,3.35,700,5.73,761.43,1069.52,1.52,1.33,1.41,1.42,195.65,3.45,3.9,1.05,0.97
24/07/2021,9:24:00 PM,9:24:43 PM,Northam,WA,4,185551364,R4 2190m Pace M,185551365,Harness,2190,Pace,23814207,6,Rockin The Trend,LOSER,11.22,LOSER,2.54,307.67,19.5,10.5,10.5,12.73,902.54,140,2.4,140,6.03,262.64,534.47,2.98,2.32,2.36,2.38,22.19,11,12,1.05,0.97
24/07/2021,9:24:00 PM,9:24:43 PM,Northam,WA,4,185551364,R4 2190m Pace M,185551365,Harness,2190,Pace,27223769,7,Madam Of Mischief,LOSER,48,LOSER,10.9,81.83,50,29,46,37.52,72.56,700,23,700,74.38,32.2,69.49,,,,,,32,34,1.05,0.97
24/07/2021,9:24:00 PM,9:24:43 PM,Northam,WA,4,185551364,R4 2190m Pace M,185551365,Harness,2190,Pace,36331362,8,Mary Joe,WINNER,3,WINNER,1.34,1490.87,3.05,2.2,2.64,2.53,3741.63,3.75,1.01,1.01,1.57,4337.28,1161.84,1.34,1.29,1.34,1.32,249.12,2.46,2.58,1.05,0.97
24/07/2021,9:24:00 PM,9:24:43 PM,Northam,WA,4,185551364,R4 2190m Pace M,185551365,Harness,2190,Pace,19866078,9,Girlfromdandalup,LOSER,39.21,WINNER,5.55,102.35,38,22,38,28.02,121.64,700,17.5,700,55.01,29.83,303.82,3.7,3.7,3.7,3.7,0.24,27,30,1.05,0.97
24/07/2021,9:57:00 PM,9:57:24 PM,Northam,WA,5,185551366,R5 2190m Pace M,185551367,Harness,2190,Pace,26225509,1,Star Of Madonna,LOSER,12.5,WINNER,1.77,399.12,27,10.5,12,12.37,1252,140,11.5,140,18.19,71.74,744.9,2.1,1.71,1.71,1.79,508.09,12,12.5,1.02,0.97
24/07/2021,9:57:00 PM,9:57:24 PM,Northam,WA,5,185551366,R5 2190m Pace M,185551367,Harness,2190,Pace,27355661,2,Magical Mysty,LOSER,192.61,LOSER,15,40.47,330,120,230,185.72,20.73,900,50,900,118.03,13.4,,8.6,7.4,8.6,8,7.46,210,300,1.02,0.97
24/07/2021,9:57:00 PM,9:57:24 PM,Northam,WA,5,185551366,R5 2190m Pace M,185551367,Harness,2190,Pace,27943967,3,Mybrotherskeeper,LOSER,98.09,LOSER,11.65,40.29,300,90,100,143.28,25.24,700,170,480,285.23,2.88,,6.6,6.6,6.6,6.6,3.73,100,160,1.02,0.97
24/07/2021,9:57:00 PM,9:57:24 PM,Northam,WA,5,185551366,R5 2190m Pace M,185551367,Harness,2190,Pace,39133909,4,Miss Serenade,WINNER,1.39,WINNER,1.22,2670.86,1.44,1.2,1.43,1.33,22341.76,1.41,1.01,1.01,1.18,6418.4,1572.82,1.14,1.04,1.14,1.07,3484.1,1.35,1.39,1.02,0.97
24/07/2021,9:57:00 PM,9:57:24 PM,Northam,WA,5,185551366,R5 2190m Pace M,185551367,Harness,2190,Pace,27131666,5,Areu Talkin,LOSER,46.13,LOSER,4.63,99.9,70,29,40,39.29,151.76,700,18,230,50.62,24.28,358.24,3.55,3.55,3.55,3.55,0.49,42,44,1.02,0.97
24/07/2021,9:57:00 PM,9:57:24 PM,Northam,WA,5,185551366,R5 2190m Pace M,185551367,Harness,2190,Pace,2868592,6,Diamond Daze,LOSER,25.96,LOSER,4.2,146.12,46,24,26,28.35,188.12,700,21,700,51.69,36.52,459.48,3,2.76,2.9,2.83,63.52,25,28,1.02,0.97
24/07/2021,9:57:00 PM,9:57:24 PM,Northam,WA,5,185551366,R5 2190m Pace M,185551367,Harness,2190,Pace,39087927,7,Testarudo,LOSER,24.08,WINNER,2,150.17,40,19.5,20,28.47,183.2,700,16,700,41.05,30.03,1020.04,2.62,1.96,2.04,2.17,1570.14,21,23,1.02,0.97
24/07/2021,9:57:00 PM,9:57:24 PM,Northam,WA,5,185551366,R5 2190m Pace M,185551367,Harness,2190,Pace,22955694,9,Innocent Oscar,LOSER,453.03,LOSER,28.95,37.63,460,190,260,240.92,17.1,700,330,700,465.88,12.41,73.7,11,11,11,11,3.73,250,300,1.02,0.97
24/07/2021,9:57:00 PM,9:57:24 PM,Northam,WA,5,185551366,R5 2190m Pace M,185551367,Harness,2190,Pace,40208901,10,Strauny,LOSER,12.5,LOSER,1.85,421.04,29,11.5,13,15.17,494.04,690,13,690,29.23,30.22,781.27,2.1,1.95,2,2,1728.68,15,16.5,1.02,0.97
24/07/2021,10:24:00 PM,10:24:46 PM,Northam,WA,6,185551368,R6 2190m Pace M,185551369,Harness,2190,Pace,14910021,1,Phar From Kalahari,LOSER,9.71,WINNER,1.91,447.76,9.8,4.5,9.6,6.9,1776.03,480,6,480,24.8,74.68,1004.6,2.08,1.5,1.91,1.74,86.63,8.2,8.2,1.03,1
24/07/2021,10:24:00 PM,10:24:46 PM,Northam,WA,6,185551368,R6 2190m Pace M,185551369,Harness,2190,Pace,22844573,2,Batavia Silverline,LOSER,39.2,LOSER,5.59,102.71,80,13,38,31.08,152.77,910,14.5,560,31.45,126.22,268.68,4.5,3.4,4.4,3.82,22.41,32,36,1.03,1
24/07/2021,10:24:00 PM,10:24:46 PM,Northam,WA,6,185551368,R6 2190m Pace M,185551369,Harness,2190,Pace,24441945,3,Toto Picasso,LOSER,42,LOSER,4.14,188.84,46,26,42,32.09,206.79,690,50,690,99.36,15.18,501.21,4.9,4,4.9,4.54,16.26,27,32,1.03,1
24/07/2021,10:24:00 PM,10:24:46 PM,Northam,WA,6,185551368,R6 2190m Pace M,185551369,Harness,2190,Pace,24718293,4,Hotfoot It,WINNER,1.58,WINNER,1.15,2716.94,2.06,1.58,1.58,1.76,10624.59,1.71,1.01,1.01,1.12,7786.84,1650.06,1.21,1.14,1.18,1.17,400.96,1.68,1.7,1.03,1
24/07/2021,10:24:00 PM,10:24:46 PM,Northam,WA,6,185551368,R6 2190m Pace M,185551369,Harness,2190,Pace,12863205,5,Kennys Revenge,LOSER,279.65,LOSER,21.03,13.84,280,140,270,204.24,48.64,700,380,700,514.22,1.78,99.48,32,10.5,32,12.88,10.91,200,220,1.03,1
24/07/2021,10:24:00 PM,10:24:46 PM,Northam,WA,6,185551368,R6 2190m Pace M,185551369,Harness,2190,Pace,28342588,6,Tiza New Day,LOSER,238.1,LOSER,19.76,18.61,250,140,240,177.98,30.69,900,380,900,533.77,1.73,97.06,27,12.5,27,13,11.18,160,170,1.03,1
24/07/2021,10:24:00 PM,10:24:46 PM,Northam,WA,6,185551368,R6 2190m Pace M,185551369,Harness,2190,Pace,21950654,7,Ideal Charm,LOSER,10.06,LOSER,1.99,522.37,18,9.6,10.5,12.02,746.52,280,13.5,280,39.88,37.95,283.74,2.42,1.78,1.78,2.13,2402.15,12.5,13,1.03,1
24/07/2021,10:24:00 PM,10:24:46 PM,Northam,WA,6,185551368,R6 2190m Pace M,185551369,Harness,2190,Pace,25101809,8,Yo Te Amo Haitch,LOSER,179.19,LOSER,15,24.91,240,110,200,142.22,24.73,700,40,680,141,15.38,125.42,18.5,10.5,18.5,11.09,7.8,120,130,1.03,1
24/07/2021,10:24:00 PM,10:24:46 PM,Northam,WA,6,185551368,R6 2190m Pace M,185551369,Harness,2190,Pace,28170342,9,Another Snag,LOSER,8.16,WINNER,1.99,458.67,10,6.8,8.4,7.9,1840.84,480,9.4,480,36.54,77.75,790.57,2.22,1.9,2,2.03,144.93,7.2,7.6,1.03,1
24/07/2021,10:24:00 PM,10:24:46 PM,Northam,WA,6,185551368,R6 2190m Pace M,185551369,Harness,2190,Pace,16053426,10,Glowing Report,LOSER,233.97,LOSER,17.11,30.72,240,120,240,166.59,60.19,840,260,840,392.42,2.63,108.1,24,12,24,12.55,14.32,140,170,1.03,1
24/07/2021,10:50:00 PM,10:50:13 PM,Northam,WA,7,185551370,R7 2150m Pace S,185551371,Harness,2150,Pace,28170334,1,Jill Mach,LOSER,15.17,LOSER,2.7,305.52,16,9.8,14.5,12.42,443.2,700,11,700,36.56,82.74,544.9,,,,,,11.5,12,1.03,0.99
24/07/2021,10:50:00 PM,10:50:13 PM,Northam,WA,7,185551370,R7 2150m Pace S,185551371,Harness,2150,Pace,26721236,3,Hesacharmer,LOSER,117.41,LOSER,10.99,58.78,160,95,120,118.1,21.24,960,130,960,350.31,2.76,161.19,10,10,10,10,5,95,120,1.03,0.99
24/07/2021,10:50:00 PM,10:50:13 PM,Northam,WA,7,185551370,R7 2150m Pace S,185551371,Harness,2150,Pace,27870668,4,Cheddar Is Better,LOSER,2.02,WINNER,1.24,1996.09,3.35,2,2.02,2.25,3240.33,110,1.47,110,1.83,2080.89,1451.55,1.41,1.21,1.24,1.26,69.22,2.1,2.12,1.03,0.99
24/07/2021,10:50:00 PM,10:50:13 PM,Northam,WA,7,185551370,R7 2150m Pace S,185551371,Harness,2150,Pace,13191899,5,Thewizard,LOSER,14,LOSER,2.62,300.38,14.5,11,13.5,12.42,421.96,700,10.5,700,43.61,66.04,621.06,2.4,2.4,2.4,2.4,5,11,11.5,1.03,0.99
24/07/2021,10:50:00 PM,10:50:13 PM,Northam,WA,7,185551370,R7 2150m Pace S,185551371,Harness,2150,Pace,22257494,6,The Tiger Army,WINNER,5.04,WINNER,1.77,639.42,5.5,3.05,5.3,4.81,891.06,12.5,1.01,1.01,2.46,1973.26,941.5,1.93,1.7,1.93,1.76,6.96,5,5.3,1.03,0.99
24/07/2021,10:50:00 PM,10:50:13 PM,Northam,WA,7,185551370,R7 2150m Pace S,185551371,Harness,2150,Pace,17684889,7,Sammy Strikes,LOSER,90,LOSER,11.41,57.86,100,55,100,76.13,19.28,930,110,930,298.53,4.79,169.41,7.8,7.8,7.8,7.8,7,80,100,1.03,0.99
24/07/2021,10:50:00 PM,10:50:13 PM,Northam,WA,7,185551370,R7 2150m Pace S,185551371,Harness,2150,Pace,21207936,8,The Party Boy,LOSER,114.32,LOSER,20.74,21.79,230,95,210,143.59,39.92,700,100,700,350.6,3.71,86.9,,,,,,160,180,1.03,0.99
24/07/2021,10:50:00 PM,10:50:13 PM,Northam,WA,7,185551370,R7 2150m Pace S,185551371,Harness,2150,Pace,15708511,9,Hit The Sky,LOSER,6.48,WINNER,1.91,485.84,7.6,2.86,6.8,4.83,1431.03,700,3.15,140,7.71,335.53,717.94,1.8,1.72,1.8,1.79,99.84,7,7.4,1.03,0.99
24/07/2021,11:15:00 PM,11:15:26 PM,Northam,WA,8,185551372,R8 2190m Pace M,185551373,Harness,2190,Pace,39087994,1,Miracle Mary,LOSER,55.82,LOSER,5.32,79.49,65,34,34,40.73,58.61,930,25,700,102.29,9.02,350.12,,,,,,36,48,1.03,0.96
24/07/2021,11:15:00 PM,11:15:26 PM,Northam,WA,8,185551372,R8 2190m Pace M,185551373,Harness,2190,Pace,6700582,2,Knight Fury,LOSER,5.82,WINNER,1.66,659.51,11,4.8,5,5.55,643.96,480,2.84,200,12.64,69.96,897.02,1.92,1.56,1.56,1.61,41.98,4.9,5.5,1.03,0.96
24/07/2021,11:15:00 PM,11:15:26 PM,Northam,WA,8,185551372,R8 2190m Pace M,185551373,Harness,2190,Pace,40284852,3,Second Amendment,LOSER,25.23,LOSER,4.5,216.34,44,25,32,32.77,52.87,910,24,910,60.43,22.57,163.18,3.6,3.45,3.45,3.5,300,32,38,1.03,0.96
24/07/2021,11:15:00 PM,11:15:26 PM,Northam,WA,8,185551372,R8 2190m Pace M,185551373,Harness,2190,Pace,40284853,4,Time To Be Me,LOSER,22.88,LOSER,3.06,209.27,22,11,19,16.56,206.86,910,4.8,910,21.67,138.73,549.1,3,2.92,3,2.94,5,20,21,1.03,0.96
24/07/2021,11:15:00 PM,11:15:26 PM,Northam,WA,8,185551372,R8 2190m Pace M,185551373,Harness,2190,Pace,37425528,5,Goodealehmaddie,WINNER,1.78,WINNER,1.13,1439.3,1.81,1.45,1.76,1.65,7137.29,3.6,1.01,1.01,1.37,3958.16,1846.71,1.16,1.13,1.16,1.14,121.15,1.67,1.73,1.03,0.96
24/07/2021,11:15:00 PM,11:15:26 PM,Northam,WA,8,185551372,R8 2190m Pace M,185551373,Harness,2190,Pace,37467873,6,Batavia Fusion,LOSER,40.81,WINNER,4.48,128.25,44,19,44,25.8,12.47,230,5.3,230,21.8,62.82,308.22,3.55,3.25,3.55,3.4,10,28,40,1.03,0.96
24/07/2021,11:15:00 PM,11:15:26 PM,Northam,WA,8,185551372,R8 2190m Pace M,185551373,Harness,2190,Pace,40284854,7,Clear Springs,LOSER,12.53,LOSER,2.61,403.04,23,13.5,13.5,18.24,587.99,700,11,480,22.79,68.84,619.55,3,3,3,3,8.13,15.5,16.5,1.03,0.96
24/07/2021,11:15:00 PM,11:15:26 PM,Northam,WA,8,185551372,R8 2190m Pace M,185551373,Harness,2190,Pace,40284855,8,Daring Ridge,LOSER,70,LOSER,5.53,83.39,85,46,46,57.74,89.36,940,50,700,101.74,12.62,251.86,,,,,,48,50,1.03,0.96
24/07/2021,11:40:00 PM,11:40:44 PM,Northam,WA,9,185551374,R9 2190m Pace M,185551375,Harness,2190,Pace,40284856,1,Oh Gee Lyn,LOSER,13.15,LOSER,4.81,298.9,24,8.6,14.5,14.91,316.12,880,6.4,880,14.9,270.47,213.01,,,,,,16,16.5,1.04,0.96
24/07/2021,11:40:00 PM,11:40:44 PM,Northam,WA,9,185551374,R9 2190m Pace M,185551375,Harness,2190,Pace,36036911,2,Gladys Gugman,LOSER,57.19,LOSER,13.42,107.37,65,25,60,40.54,86.39,920,70,740,237.7,8.76,92.53,8.6,6.2,8.6,8.52,5.3,42,55,1.04,0.96
24/07/2021,11:40:00 PM,11:40:44 PM,Northam,WA,9,185551374,R9 2190m Pace M,185551375,Harness,2190,Pace,181733,3,Octavia,LOSER,81.12,LOSER,48.59,92.83,100,50,95,66.16,47.8,700,110,700,181.5,3.7,32.75,60,19.5,60,48.41,0.47,50,65,1.04,0.96
24/07/2021,11:40:00 PM,11:40:44 PM,Northam,WA,9,185551374,R9 2190m Pace M,185551375,Harness,2190,Pace,40284857,4,Silver Star Lombo,LOSER,2.05,WINNER,1.44,2082.62,2.68,1.94,2.1,2.14,10790.83,700,1.5,700,4.08,689.06,1114.64,1.44,1.35,1.44,1.42,211.07,2.12,2.28,1.04,0.96
24/07/2021,11:40:00 PM,11:40:44 PM,Northam,WA,9,185551374,R9 2190m Pace M,185551375,Harness,2190,Pace,30101184,5,Yellowroseoftexas,LOSER,2.6,LOSER,1.43,1216.71,2.94,2.48,2.6,2.62,4947.71,100,1.09,100,2.8,738.18,1427.59,1.63,1.38,1.43,1.4,425.93,2.52,2.74,1.04,0.96
24/07/2021,11:40:00 PM,11:40:44 PM,Northam,WA,9,185551374,R9 2190m Pace M,185551375,Harness,2190,Pace,33045707,7,Follow My Stride,WINNER,20,WINNER,5.15,280.07,22,11.5,21,15.06,446.3,110,1.01,1.01,1.36,1513.86,55.58,4.6,3.7,4.6,4.07,70.18,15,17,1.04,0.96
25/07/2021,10:30:00 AM,10:30:33 AM,Addington,NZ,1,185580847,R1 1980m Pace M,185580848,Harness,1980,Pace,9493424,1,Flamboyant,LOSER,,WINNER,,,15,11.5,15,12.92,108.84,,,,,,,,,,,,12.5,14.5,1.03,0.88
25/07/2021,10:30:00 AM,10:30:33 AM,Addington,NZ,1,185580847,R1 1980m Pace M,185580848,Harness,1980,Pace,36514081,2,Reinimin Patron,LOSER,,WINNER,,,4.6,3.7,4.4,4.1,511.41,,,,,,,,,,,,3.8,3.85,1.03,0.88
25/07/2021,10:30:00 AM,10:30:33 AM,Addington,NZ,1,185580847,R1 1980m Pace M,185580848,Harness,1980,Pace,19561952,3,Motoring Major,LOSER,,LOSER,,,19,15,19,16.87,15.14,,,,,,,,,,,,19,28,1.03,0.88
25/07/2021,10:30:00 AM,10:30:33 AM,Addington,NZ,1,185580847,R1 1980m Pace M,185580848,Harness,1980,Pace,18984323,4,Dismara,LOSER,,LOSER,,,36,32,32,32.84,0.2,,,,,,,,,,,,32,100,1.03,0.88
25/07/2021,10:30:00 AM,10:30:33 AM,Addington,NZ,1,185580847,R1 1980m Pace M,185580848,Harness,1980,Pace,28776861,5,Shes A Dagg,LOSER,,LOSER,,,4.1,3.1,3.5,3.54,267.91,3.5,3.5,3.5,3.5,3.58,,1.42,1.42,1.42,1.42,10,3.8,3.9,1.03,0.88
25/07/2021,10:30:00 AM,10:30:33 AM,Addington,NZ,1,185580847,R1 1980m Pace M,185580848,Harness,1980,Pace,27408931,6,Wee Ring The Changes,LOSER,,LOSER,,,10.5,7,9,9.02,156.83,,,,,,,,,,,,9,9.8,1.03,0.88
25/07/2021,10:30:00 AM,10:30:33 AM,Addington,NZ,1,185580847,R1 1980m Pace M,185580848,Harness,1980,Pace,1105622,7,The Optimist,WINNER,,WINNER,,,10.5,9,10,9.9,161.4,,,,,,,,,,,,9.4,10.5,1.03,0.88
25/07/2021,10:30:00 AM,10:30:33 AM,Addington,NZ,1,185580847,R1 1980m Pace M,185580848,Harness,1980,Pace,2216049,8,Bolzano,LOSER,,LOSER,,,38,22,34,26.56,10.44,,,,,,,,,,,,36,120,1.03,0.88
25/07/2021,10:30:00 AM,10:30:33 AM,Addington,NZ,1,185580847,R1 1980m Pace M,185580848,Harness,1980,Pace,9349092,9,Four Starzzz Shiraz,LOSER,,LOSER,,,13,13,13,13,5.46,,,,,,,2.62,2.62,2.62,2.62,5,13,25,1.03,0.88
25/07/2021,10:30:00 AM,10:30:33 AM,Addington,NZ,1,185580847,R1 1980m Pace M,185580848,Harness,1980,Pace,38321272,10,Edge Sheeran,LOSER,,LOSER,,,400,44,400,126.89,7.06,,,,,,,,,,,,65,440,1.03,0.88
25/07/2021,10:55:00 AM,10:55:25 AM,Addington,NZ,2,185580849,R2 2600m Trot S,185580850,Harness,2600,Trot,26709600,2,Random Spur,LOSER,,LOSER,,,32,19,32,21.49,34,,,,,,,,,,,,30,32,1.09,0.93
25/07/2021,10:55:00 AM,10:55:25 AM,Addington,NZ,2,185580849,R2 2600m Trot S,185580850,Harness,2600,Trot,39454729,3,Myshout,LOSER,,LOSER,,,100,24,100,41.03,49.18,,,,,,,8,4.6,8,5.77,7.62,50,75,1.09,0.93
25/07/2021,10:55:00 AM,10:55:25 AM,Addington,NZ,2,185580849,R2 2600m Trot S,185580850,Harness,2600,Trot,40281131,4,Galleons Devotion,WINNER,,WINNER,,,4,2.94,3,3.24,862.75,,,,,,,1.42,1.42,1.42,1.42,30,3,3.45,1.09,0.93
25/07/2021,10:55:00 AM,10:55:25 AM,Addington,NZ,2,185580849,R2 2600m Trot S,185580850,Harness,2600,Trot,40281133,6,Rush,LOSER,,LOSER,,,30,14.5,29,19.66,57.47,,,,,,,,,,,,22,30,1.09,0.93
25/07/2021,10:55:00 AM,10:55:25 AM,Addington,NZ,2,185580849,R2 2600m Trot S,185580850,Harness,2600,Trot,37535381,7,Shiffty,LOSER,,LOSER,,,8.8,5.3,5.9,6.57,276.18,,,,,,,1.89,1.89,1.89,1.89,5.5,5.4,6.4,1.09,0.93
25/07/2021,10:55:00 AM,10:55:25 AM,Addington,NZ,2,185580849,R2 2600m Trot S,185580850,Harness,2600,Trot,40281134,8,Millies Gift,LOSER,,WINNER,,,3.25,2.24,2.98,2.71,1770.55,,,,,,,1.54,1.18,1.4,1.37,438.05,2.96,3.15,1.09,0.93
25/07/2021,10:55:00 AM,10:55:25 AM,Addington,NZ,2,185580849,R2 2600m Trot S,185580850,Harness,2600,Trot,27399286,9,See It Thru,LOSER,,LOSER,,,25,12,25,12.52,85.44,,,,,,,,,,,,12,15,1.09,0.93
25/07/2021,10:55:00 AM,10:55:25 AM,Addington,NZ,2,185580849,R2 2600m Trot S,185580850,Harness,2600,Trot,38936685,10,Top Hat And Tails,LOSER,,WINNER,,,50,17,44,20.52,16.27,,,,,,,,,,,,19.5,48,1.09,0.93
25/07/2021,11:20:00 AM,11:21:32 AM,Addington,NZ,3,185580851,R3 1980m Pace M,185580852,Harness,1980,Pace,7855417,1,Alexy,LOSER,,LOSER,,,40,17.5,21,21.3,27.99,,,,,,,,,,,,21,40,1.12,0.76
25/07/2021,11:20:00 AM,11:21:32 AM,Addington,NZ,3,185580851,R3 1980m Pace M,185580852,Harness,1980,Pace,35102421,2,Von Art,LOSER,,WINNER,,,8.4,4.9,5.2,5.17,120.66,,,,,,,,,,,,5.3,7.6,1.12,0.76
25/07/2021,11:20:00 AM,11:21:32 AM,Addington,NZ,3,185580851,R3 1980m Pace M,185580852,Harness,1980,Pace,18373496,3,Petes Dash,LOSER,,LOSER,,,15.5,10,10.5,11.73,16.01,,,,,,,,,,,,10,16,1.12,0.76
25/07/2021,11:20:00 AM,11:21:32 AM,Addington,NZ,3,185580851,R3 1980m Pace M,185580852,Harness,1980,Pace,11287622,4,Donegal Carrickfin,LOSER,,LOSER,,,100,27,38,52.86,18.03,,,,,,,,,,,,38,100,1.12,0.76
25/07/2021,11:20:00 AM,11:21:32 AM,Addington,NZ,3,185580851,R3 1980m Pace M,185580852,Harness,1980,Pace,40281135,5,Hello Adele,WINNER,,WINNER,,,15.5,14,14,14.7,15.23,,,,,,,3.45,3.4,3.4,3.43,5,14,20,1.12,0.76
25/07/2021,11:20:00 AM,11:21:32 AM,Addington,NZ,3,185580851,R3 1980m Pace M,185580852,Harness,1980,Pace,16564288,6,Allandale,LOSER,,LOSER,,,8.6,8.6,8.6,8.6,5.38,,,,,,,,,,,,8.6,21,1.12,0.76
25/07/2021,11:20:00 AM,11:21:32 AM,Addington,NZ,3,185580851,R3 1980m Pace M,185580852,Harness,1980,Pace,11170179,7,Hes Fast And Furious,LOSER,,LOSER,,,5.9,3.7,3.95,3.93,581.1,,,,,,,1.62,1.62,1.62,1.62,205.77,3.8,5.3,1.12,0.76
25/07/2021,11:20:00 AM,11:21:32 AM,Addington,NZ,3,185580851,R3 1980m Pace M,185580852,Harness,1980,Pace,15191491,8,Rin Tin Tin,LOSER,,LOSER,,,10.5,8.6,10,10.26,8.04,,,,,,,,,,,,8.8,11,1.12,0.76
25/07/2021,11:20:00 AM,11:21:32 AM,Addington,NZ,3,185580851,R3 1980m Pace M,185580852,Harness,1980,Pace,21284708,9,Shards Fury,LOSER,,WINNER,,,6.4,4.8,5.5,5.28,26.1,,,,,,,2.28,2.28,2.28,2.28,1.34,5.2,6.6,1.12,0.76
25/07/2021,11:45:00 AM,11:45:54 AM,Addington,NZ,4,185580853,R4 2600m Pace S,185580854,Harness,2600,Pace,40281136,1,All Together Now,LOSER,,LOSER,,,4.5,3.35,3.75,3.69,845.47,,,,,,,1.93,1.37,1.93,1.8,506.28,3.8,4.4,1.14,0.88
25/07/2021,11:45:00 AM,11:45:54 AM,Addington,NZ,4,185580853,R4 2600m Pace S,185580854,Harness,2600,Pace,28540666,2,Sheezagoldengirl,LOSER,,LOSER,,,34,19,23,21.88,21.14,,,,,,,5.2,5,5.2,5.09,11,22,34,1.14,0.88
25/07/2021,11:45:00 AM,11:45:54 AM,Addington,NZ,4,185580853,R4 2600m Pace S,185580854,Harness,2600,Pace,2292288,3,Archie,LOSER,,LOSER,,,80,38,50,46.53,5.72,,,,,,,,,,,,46,50,1.14,0.88
25/07/2021,11:45:00 AM,11:45:54 AM,Addington,NZ,4,185580853,R4 2600m Pace S,185580854,Harness,2600,Pace,40281137,4,Miss Markle,LOSER,,LOSER,,,15.5,9.8,11.5,10.82,35.47,,,,,,,2.98,2.98,2.98,2.98,0.17,10.5,15.5,1.14,0.88
25/07/2021,11:45:00 AM,11:45:54 AM,Addington,NZ,4,185580853,R4 2600m Pace S,185580854,Harness,2600,Pace,40281138,5,Glitz And Glam,LOSER,,LOSER,,,21,10,12,13.79,253.98,,,,,,,3.9,3.9,3.9,3.9,0.17,13,13.5,1.14,0.88
25/07/2021,11:45:00 AM,11:45:54 AM,Addington,NZ,4,185580853,R4 2600m Pace S,185580854,Harness,2600,Pace,39133911,6,Searing Light,LOSER,,LOSER,,,190,75,180,188.07,5.04,,,,,,,,,,,,75,190,1.14,0.88
25/07/2021,11:45:00 AM,11:45:54 AM,Addington,NZ,4,185580853,R4 2600m Pace S,185580854,Harness,2600,Pace,40281139,7,Get Outta Town,LOSER,,LOSER,,,13,7.8,12.5,10.4,65.41,,,,,,,,,,,,8.4,13,1.14,0.88
25/07/2021,11:45:00 AM,11:45:54 AM,Addington,NZ,4,185580853,R4 2600m Pace S,185580854,Harness,2600,Pace,40281140,8,White Shark,LOSER,,LOSER,,,95,50,75,65.36,7.44,,,,,,,,,,,,48,80,1.14,0.88
25/07/2021,11:45:00 AM,11:45:54 AM,Addington,NZ,4,185580853,R4 2600m Pace S,185580854,Harness,2600,Pace,10561586,9,Rocknroll Diva,LOSER,,WINNER,,,9.2,5.7,6.2,6.83,408.25,,,,,,,2.42,2.28,2.28,2.31,12.18,6,8.6,1.14,0.88
25/07/2021,11:45:00 AM,11:45:54 AM,Addington,NZ,4,185580853,R4 2600m Pace S,185580854,Harness,2600,Pace,40047467,10,Watching Our Coin,LOSER,,WINNER,,,6.4,5.3,5.5,5.5,125.53,,,,,,,2.06,1.84,2.06,1.92,63.13,5.4,6,1.14,0.88
25/07/2021,11:45:00 AM,11:45:54 AM,Addington,NZ,4,185580853,R4 2600m Pace S,185580854,Harness,2600,Pace,40281141,11,Asian Elvis,WINNER,,WINNER,,,14,9,13,10.54,94.49,,,,,,,,,,,,9,13,1.14,0.88
25/07/2021,11:45:00 AM,11:45:54 AM,Addington,NZ,4,185580853,R4 2600m Pace S,185580854,Harness,2600,Pace,39085668,12,Pure Courage,LOSER,,LOSER,,,80,55,80,62.93,9.43,,,,,,,,,,,,55,80,1.14,0.88
25/07/2021,12:14:00 PM,12:14:50 PM,Addington,NZ,5,185580855,R5 2600m Pace M,185580856,Harness,2600,Pace,22153319,1,Frosty Reception,LOSER,,LOSER,,,120,55,90,84.68,1.88,,,,,,,10.5,10.5,10.5,10.5,48.59,60,85,1.09,0.88
25/07/2021,12:14:00 PM,12:14:50 PM,Addington,NZ,5,185580855,R5 2600m Pace M,185580856,Harness,2600,Pace,15051226,2,Kansas City Jim,LOSER,,LOSER,,,140,38,130,87.24,14.99,,,,,,,11.5,11.5,11.5,11.5,48.58,70,150,1.09,0.88
25/07/2021,12:14:00 PM,12:14:50 PM,Addington,NZ,5,185580855,R5 2600m Pace M,185580856,Harness,2600,Pace,9526378,3,Leconte,LOSER,,LOSER,,,12,8.4,8.4,9.64,279.29,,,,,,,3.1,2.76,3,2.98,87.68,11,11.5,1.09,0.88
25/07/2021,12:14:00 PM,12:14:50 PM,Addington,NZ,5,185580855,R5 2600m Pace M,185580856,Harness,2600,Pace,23306661,4,Its Me,LOSER,,LOSER,,,20,14,16,14.74,5.76,,,,,,,4.2,4.1,4.2,4.16,5,15.5,20,1.09,0.88
25/07/2021,12:14:00 PM,12:14:50 PM,Addington,NZ,5,185580855,R5 2600m Pace M,185580856,Harness,2600,Pace,36590699,5,Tiger Lou,LOSER,,WINNER,,,5,3.55,3.55,3.96,424.55,,,,,,,1.66,1.64,1.64,1.64,142.73,3.9,4.4,1.09,0.88
25/07/2021,12:14:00 PM,12:14:50 PM,Addington,NZ,5,185580855,R5 2600m Pace M,185580856,Harness,2600,Pace,27399198,6,Honour Before Glory,LOSER,,WINNER,,,21,14.5,17.5,17.01,28.26,,,,,,,4.2,4.2,4.2,4.2,6,17.5,23,1.09,0.88
25/07/2021,12:14:00 PM,12:14:50 PM,Addington,NZ,5,185580855,R5 2600m Pace M,185580856,Harness,2600,Pace,26585542,7,Kingsdown Atom,LOSER,,LOSER,,,27,27,27,27,0.01,,,,,,,,,,,,27,60,1.09,0.88
25/07/2021,12:14:00 PM,12:14:50 PM,Addington,NZ,5,185580855,R5 2600m Pace M,185580856,Harness,2600,Pace,38869206,8,Belles Boy,LOSER,,LOSER,,,6.8,4.6,5.9,5.04,93.41,,,,,,,,,,,,5,6.2,1.09,0.88
25/07/2021,12:14:00 PM,12:14:50 PM,Addington,NZ,5,185580855,R5 2600m Pace M,185580856,Harness,2600,Pace,40281143,9,Lincoln Skipper,LOSER,,LOSER,,,17.5,11.5,17.5,15.02,41.82,,,,,,,3.7,3.05,3.65,3.66,6.17,15.5,25,1.09,0.88
25/07/2021,12:14:00 PM,12:14:50 PM,Addington,NZ,5,185580855,R5 2600m Pace M,185580856,Harness,2600,Pace,35818926,10,Auchtercairn,LOSER,,LOSER,,,20,12.5,20,13.4,65.19,,,,,,,3.2,3.2,3.2,3.2,24,13,13.5,1.09,0.88
25/07/2021,12:14:00 PM,12:14:50 PM,Addington,NZ,5,185580855,R5 2600m Pace M,185580856,Harness,2600,Pace,38155389,11,Magic Sign,LOSER,,LOSER,,,21,14,14.5,14.49,10.65,,,,,,,3.75,3.7,3.7,3.71,11,14.5,24,1.09,0.88
25/07/2021,12:14:00 PM,12:14:50 PM,Addington,NZ,5,185580855,R5 2600m Pace M,185580856,Harness,2600,Pace,11408615,12,El Dorado,WINNER,,WINNER,,,10,6.2,6.6,7.13,310.42,,,,,,,2.4,2.4,2.4,2.4,0.17,7.6,9,1.09,0.88
25/07/2021,12:14:00 PM,12:14:50 PM,Addington,NZ,5,185580855,R5 2600m Pace M,185580856,Harness,2600,Pace,38343754,13,Myrcella,LOSER,,LOSER,,,110,46,46,63.49,12.84,,,,,,,7,7,7,7,5,65,90,1.09,0.88
25/07/2021,12:45:00 PM,12:45:27 PM,Addington,NZ,6,185580857,R6 2600m Pace M,185580858,Harness,2600,Pace,38104737,1,Artatac,WINNER,,WINNER,,,1.96,1.69,1.93,1.82,1478.7,,,,,,,,,,,,1.84,1.87,1.08,0.95
25/07/2021,12:45:00 PM,12:45:27 PM,Addington,NZ,6,185580857,R6 2600m Pace M,185580858,Harness,2600,Pace,39867306,2,Pro Surfer,LOSER,,WINNER,,,5,3.6,4.5,4.32,372.49,,,,,,,1.52,1.5,1.51,1.51,6.84,4.1,4.4,1.08,0.95
25/07/2021,12:45:00 PM,12:45:27 PM,Addington,NZ,6,185580857,R6 2600m Pace M,185580858,Harness,2600,Pace,739242,3,Refine,LOSER,,LOSER,,,50,32,50,39.5,11.44,,,,,,,,,,,,38,46,1.08,0.95
25/07/2021,12:45:00 PM,12:45:27 PM,Addington,NZ,6,185580857,R6 2600m Pace M,185580858,Harness,2600,Pace,10899911,4,Martin John,LOSER,,LOSER,,,38,27,38,30.08,6.84,,,,,,,3.7,3.65,3.65,3.69,18.68,27,36,1.08,0.95
25/07/2021,12:45:00 PM,12:45:27 PM,Addington,NZ,6,185580857,R6 2600m Pace M,185580858,Harness,2600,Pace,7286804,5,Aveross Rustler,LOSER,,LOSER,,,36,15,34,21.46,7.59,,,,,,,3.35,3.3,3.3,3.34,18.68,22,34,1.08,0.95
25/07/2021,12:45:00 PM,12:45:27 PM,Addington,NZ,6,185580857,R6 2600m Pace M,185580858,Harness,2600,Pace,28124552,6,Evidently,LOSER,,LOSER,,,310,50,310,134.07,9.34,,,,,,,,,,,,60,300,1.08,0.95
25/07/2021,12:45:00 PM,12:45:27 PM,Addington,NZ,6,185580857,R6 2600m Pace M,185580858,Harness,2600,Pace,19167435,7,The Naenae Express,LOSER,,WINNER,,,22,11,22,15.87,30.32,16,15.5,15.5,15.51,5,,,,,,,15,21,1.08,0.95
25/07/2021,12:45:00 PM,12:45:27 PM,Addington,NZ,6,185580857,R6 2600m Pace M,185580858,Harness,2600,Pace,28224225,8,Beeps,LOSER,,LOSER,,,150,42,46,48.69,16.51,,,,,,,,,,,,46,140,1.08,0.95
25/07/2021,12:45:00 PM,12:45:27 PM,Addington,NZ,6,185580857,R6 2600m Pace M,185580858,Harness,2600,Pace,23926624,9,The Greenkeeper,LOSER,,LOSER,,,19.5,10,13,12.23,129.81,,,,,,,2.38,2.38,2.38,2.38,0.22,13.5,18,1.08,0.95
25/07/2021,1:19:00 PM,1:19:41 PM,Addington,NZ,7,185580859,R7 2600m Trot S,185580860,Harness,2600,Trot,27212928,1,Sally Lindenny,LOSER,,LOSER,,,10.5,7,8.6,8.5,32.56,,,,,,,,,,,,8.2,11,1.11,0.92
25/07/2021,1:19:00 PM,1:19:41 PM,Addington,NZ,7,185580859,R7 2600m Trot S,185580860,Harness,2600,Trot,28540628,2,Greenbank Betty,WINNER,,WINNER,,,9.2,6.6,7.6,7.16,21.12,,,,,,,,,,,,7.8,9,1.11,0.92
25/07/2021,1:19:00 PM,1:19:41 PM,Addington,NZ,7,185580859,R7 2600m Trot S,185580860,Harness,2600,Trot,39218528,3,Monaro Mako,LOSER,,LOSER,,,16.5,11,11.5,11.99,31.82,,,,,,,,,,,,12,16,1.11,0.92
25/07/2021,1:19:00 PM,1:19:41 PM,Addington,NZ,7,185580859,R7 2600m Trot S,185580860,Harness,2600,Trot,5760889,4,Beyond The Horizon,LOSER,,LOSER,,,5.9,4.8,4.9,5.25,230.77,,,,,,,1.86,1.86,1.86,1.86,46.7,5.1,5.8,1.11,0.92
25/07/2021,1:19:00 PM,1:19:41 PM,Addington,NZ,7,185580859,R7 2600m Trot S,185580860,Harness,2600,Trot,38218052,5,Kenny Keko,LOSER,,LOSER,,,14,13,13.5,13.69,24.1,,,,,,,,,,,,13.5,19,1.11,0.92
25/07/2021,1:19:00 PM,1:19:41 PM,Addington,NZ,7,185580859,R7 2600m Trot S,185580860,Harness,2600,Trot,11155950,6,Gotta Ticket,LOSER,,LOSER,,,75,50,70,67.18,15.73,,,,,,,,,,,,65,70,1.11,0.92
25/07/2021,1:19:00 PM,1:19:41 PM,Addington,NZ,7,185580859,R7 2600m Trot S,185580860,Harness,2600,Trot,9399502,7,Alvira Hest,LOSER,,LOSER,,,90,48,50,58.22,12.31,,,,,,,,,,,,50,90,1.11,0.92
25/07/2021,1:19:00 PM,1:19:41 PM,Addington,NZ,7,185580859,R7 2600m Trot S,185580860,Harness,2600,Trot,17774170,8,Tequila Sunset,LOSER,,LOSER,,,5.7,4.7,4.7,5.1,312.99,,,,,,,2,2,2,2,5.07,4.7,5.1,1.11,0.92
25/07/2021,1:19:00 PM,1:19:41 PM,Addington,NZ,7,185580859,R7 2600m Trot S,185580860,Harness,2600,Trot,17439546,9,South Park,LOSER,,LOSER,,,90,60,90,64.47,5.9,70,70,70,70,4.56,,,,,,,70,90,1.11,0.92
25/07/2021,1:19:00 PM,1:19:41 PM,Addington,NZ,7,185580859,R7 2600m Trot S,185580860,Harness,2600,Trot,13083598,10,Unique Rose,LOSER,,LOSER,,,38,25,38,26.79,10.28,,,,,,,,,,,,30,38,1.11,0.92
25/07/2021,1:19:00 PM,1:19:41 PM,Addington,NZ,7,185580859,R7 2600m Trot S,185580860,Harness,2600,Trot,5203175,11,Michelle,LOSER,,LOSER,,,18.5,17.5,18.5,17.63,22.66,,,,,,,4.2,4.2,4.2,4.2,7.18,17.5,26,1.11,0.92
25/07/2021,1:19:00 PM,1:19:41 PM,Addington,NZ,7,185580859,R7 2600m Trot S,185580860,Harness,2600,Trot,27500264,12,Make My Sundon,LOSER,,WINNER,,,30,22,24,22.65,7.71,,,,,,,,,,,,23,32,1.11,0.92
25/07/2021,1:19:00 PM,1:19:41 PM,Addington,NZ,7,185580859,R7 2600m Trot S,185580860,Harness,2600,Trot,38936701,13,Listen Easy,LOSER,,WINNER,,,95,55,95,69.17,15.63,,,,,,,,,,,,65,95,1.11,0.92
25/07/2021,1:19:00 PM,1:19:41 PM,Addington,NZ,7,185580859,R7 2600m Trot S,185580860,Harness,2600,Trot,5489860,14,Faith No More,LOSER,,LOSER,,,12,8,12,9,151.18,,,,,,,,,,,,11,11.5,1.11,0.92
25/07/2021,1:44:00 PM,1:45:02 PM,Addington,NZ,8,185580861,R8 2600m Pace M,185580862,Harness,2600,Pace,40119313,1,Unchanged Memory,LOSER,,LOSER,,,21,19,19.5,19.6,38.31,,,,,,,3.7,3.7,3.7,3.7,33,20,40,1.11,0.89
25/07/2021,1:44:00 PM,1:45:02 PM,Addington,NZ,8,185580861,R8 2600m Pace M,185580862,Harness,2600,Pace,9185895,2,Moody River,LOSER,,WINNER,,,4.7,3.45,3.9,3.81,172.84,,,,,,,1.51,1.51,1.51,1.51,6.52,3.55,4.7,1.11,0.89
25/07/2021,1:44:00 PM,1:45:02 PM,Addington,NZ,8,185580861,R8 2600m Pace M,185580862,Harness,2600,Pace,11251942,3,Greenback Boogie,LOSER,,LOSER,,,13.5,11.5,13,12.78,49.96,,,,,,,,,,,,13,20,1.11,0.89
25/07/2021,1:44:00 PM,1:45:02 PM,Addington,NZ,8,185580861,R8 2600m Pace M,185580862,Harness,2600,Pace,35536797,4,Justace,LOSER,,LOSER,,,3.5,2.44,2.94,2.8,973.97,,,,,,,1.5,1.32,1.32,1.36,8.53,2.66,2.7,1.11,0.89
25/07/2021,1:44:00 PM,1:45:02 PM,Addington,NZ,8,185580861,R8 2600m Pace M,185580862,Harness,2600,Pace,37451625,5,Classie Washington,WINNER,,WINNER,,,30,27,30,28.67,13.37,,,,,,,,,,,,28,46,1.11,0.89
25/07/2021,1:44:00 PM,1:45:02 PM,Addington,NZ,8,185580861,R8 2600m Pace M,185580862,Harness,2600,Pace,689694,6,Conquistador,LOSER,,LOSER,,,420,80,85,128.04,6.04,,,,,,,,,,,,85,420,1.11,0.89
25/07/2021,1:44:00 PM,1:45:02 PM,Addington,NZ,8,185580861,R8 2600m Pace M,185580862,Harness,2600,Pace,39388327,7,Adhara,LOSER,,LOSER,,,7,6,6.4,6.56,94.32,,,,,,,,,,,,6.8,8.8,1.11,0.89
25/07/2021,1:44:00 PM,1:45:02 PM,Addington,NZ,8,185580861,R8 2600m Pace M,185580862,Harness,2600,Pace,711485,8,King Arthur,LOSER,,LOSER,,,40,23,38,34.78,39.44,,,,,,,6.6,6.6,6.6,6.6,5,40,70,1.11,0.89
25/07/2021,1:44:00 PM,1:45:02 PM,Addington,NZ,8,185580861,R8 2600m Pace M,185580862,Harness,2600,Pace,40281144,9,Corfu Bromac,LOSER,,LOSER,,,75,48,75,66.76,15.9,,,,,,,,,,,,65,300,1.11,0.89
25/07/2021,1:44:00 PM,1:45:02 PM,Addington,NZ,8,185580861,R8 2600m Pace M,185580862,Harness,2600,Pace,40281145,11,Rozha,LOSER,,LOSER,,,65,65,65,65,10,,,,,,,,,,,,65,300,1.11,0.89
25/07/2021,1:44:00 PM,1:45:02 PM,Addington,NZ,8,185580861,R8 2600m Pace M,185580862,Harness,2600,Pace,40281146,12,Carrera Lucia,LOSER,,WINNER,,,14.5,12.5,13,13.04,89.74,,,,,,,,,,,,13,14,1.11,0.89
25/07/2021,2:13:00 PM,2:14:28 PM,Addington,NZ,9,185580863,R9 2000m Pace S,185580864,Harness,2000,Pace,6773546,1,Mr Asia,LOSER,,LOSER,,,109.84,45.77,85,65.22,12.74,,,,,,,7.82,7.82,7.82,7.82,5,65,110,1.15,0.85
25/07/2021,2:13:00 PM,2:14:28 PM,Addington,NZ,9,185580863,R9 2000m Pace S,185580864,Harness,2000,Pace,6484977,2,Royal Jester,LOSER,,LOSER,,,320.38,59.5,68.65,102.48,11.37,,,,,,,,,,,,85,340,1.15,0.85
25/07/2021,2:13:00 PM,2:14:28 PM,Addington,NZ,9,185580863,R9 2000m Pace S,185580864,Harness,2000,Pace,39454773,3,Zia Bromac,LOSER,,WINNER,,,17.39,10.98,11.9,11.38,23.28,,,,,,,3.1,3.1,3.1,3.1,0.25,12.5,16.5,1.15,0.85
25/07/2021,2:13:00 PM,2:14:28 PM,Addington,NZ,9,185580863,R9 2000m Pace S,185580864,Harness,2000,Pace,36484231,4,Little Gee,LOSER,,LOSER,,,274.61,50.35,64.08,60.43,10.03,,,,,,,,,,,,75,300,1.15,0.85
25/07/2021,2:13:00 PM,2:14:28 PM,Addington,NZ,9,185580863,R9 2000m Pace S,185580864,Harness,2000,Pace,1053243,6,Kennedy,LOSER,,WINNER,,,36.61,16.02,20,20.84,41.3,,,,,,,,,,,,24,40,1.15,0.85
25/07/2021,2:13:00 PM,2:14:28 PM,Addington,NZ,9,185580863,R9 2000m Pace S,185580864,Harness,2000,Pace,3705983,7,Proteus,LOSER,,LOSER,,,7.69,4.85,6.2,6.19,148.9,,,,,,,1.83,1.83,1.83,1.83,6.2,5.9,6.2,1.15,0.85
25/07/2021,2:13:00 PM,2:14:28 PM,Addington,NZ,9,185580863,R9 2000m Pace S,185580864,Harness,2000,Pace,22845312,8,Vesnina,LOSER,,LOSER,,,2.79,2.01,2.68,2.22,1265.69,,,,,,,1.55,1.33,1.33,1.5,73.23,2.36,2.68,1.15,0.85
25/07/2021,2:13:00 PM,2:14:28 PM,Addington,NZ,9,185580863,R9 2000m Pace S,185580864,Harness,2000,Pace,40281147,9,A Rocknroll Star,LOSER,,LOSER,,,6.04,5.03,5.31,5.3,32.64,,,,,,,2.26,2.26,2.26,2.26,0.17,5.6,12,1.15,0.85
25/07/2021,2:13:00 PM,2:14:28 PM,Addington,NZ,9,185580863,R9 2000m Pace S,185580864,Harness,2000,Pace,28091491,11,Jenabella,LOSER,,LOSER,,,23.8,13.73,16.48,15.83,12.05,,,,,,,3.45,3.45,3.45,3.45,5,17.5,26,1.15,0.85
25/07/2021,2:13:00 PM,2:14:28 PM,Addington,NZ,9,185580863,R9 2000m Pace S,185580864,Harness,2000,Pace,9104653,12,Pay Me Visa,WINNER,,WINNER,,,25.63,17.39,21.05,21.06,20.39,,,,,,,,,,,,14.5,23,1.15,0.85
25/07/2021,2:13:00 PM,2:14:28 PM,Addington,NZ,9,185580863,R9 2000m Pace S,185580864,Harness,2000,Pace,40281148,13,Boulton Home,LOSER,,LOSER,,,192.23,43.94,73.23,62.09,12.1,,,,,,,,,,,,55,210,1.15,0.85
25/07/2021,2:13:00 PM,2:14:28 PM,Addington,NZ,9,185580863,R9 2000m Pace S,185580864,Harness,2000,Pace,40281149,14,Safe Zone,LOSER,,LOSER,,,54.92,32.95,54.92,43.19,35.45,,,,,,,6.24,6.24,6.24,6.24,0.17,46,60,1.15,0.85
25/07/2021,2:13:00 PM,2:14:28 PM,Addington,NZ,9,185580863,R9 2000m Pace S,185580864,Harness,2000,Pace,40281150,15,Take After Me,LOSER,,LOSER,,,34.78,16.02,34.78,17.55,33.84,,,,,,,4.58,4.5,4.5,4.51,25,19.5,38,1.15,0.85
25/07/2021,5:07:00 PM,5:07:39 PM,Launceston,TAS,1,185580827,R1 2200m Pace M,185580828,Harness,2200,Pace,40284932,1,Northern Stride,LOSER,19.32,LOSER,4.02,335.27,18.5,7.8,18,15.8,351.45,500,14,340,78.58,139.81,305.23,3.55,3.2,3.55,3.5,56.24,16,17.5,1.02,0.97
25/07/2021,5:07:00 PM,5:07:39 PM,Launceston,TAS,1,185580827,R1 2200m Pace M,185580828,Harness,2200,Pace,40284933,2,My Ultimate Beauty,LOSER,76.25,LOSER,20.08,88.11,95,55,65,67.78,37.77,950,75,950,105.41,10.3,95.48,27,18.5,27,20.63,0.08,60,70,1.02,0.97
25/07/2021,5:07:00 PM,5:07:39 PM,Launceston,TAS,1,185580827,R1 2200m Pace M,185580828,Harness,2200,Pace,40284934,3,Tactic Stride,LOSER,92.98,LOSER,12.55,97.68,85,27,85,68.72,98.88,1000,65,610,200.35,38.35,139.54,,,,,,70,85,1.02,0.97
25/07/2021,5:07:00 PM,5:07:39 PM,Launceston,TAS,1,185580827,R1 2200m Pace M,185580828,Harness,2200,Pace,39161153,4,Fury Dan,LOSER,9.8,LOSER,2.56,338.47,13.5,7,9.2,8.69,505.38,780,4,780,17.46,182.84,675.5,2.62,2.36,2.62,2.52,88.24,9.4,9.8,1.02,0.97
25/07/2021,5:07:00 PM,5:07:39 PM,Launceston,TAS,1,185580827,R1 2200m Pace M,185580828,Harness,2200,Pace,28286675,5,Emrites,LOSER,5.23,WINNER,1.96,806.43,7.4,4.6,5,5.43,3043.88,170,1.05,21,2.8,976.43,1076.25,2.66,1.82,1.96,1.94,51.62,5.4,5.6,1.02,0.97
25/07/2021,5:07:00 PM,5:07:39 PM,Launceston,TAS,1,185580827,R1 2200m Pace M,185580828,Harness,2200,Pace,28903781,6,Written In Silk,LOSER,15.93,LOSER,2.94,448.54,19.5,10,14,11.91,739.27,690,9.2,690,17.6,150.37,719.19,3.05,2.8,3.05,2.96,36.29,11,12,1.02,0.97
25/07/2021,5:07:00 PM,5:07:39 PM,Launceston,TAS,1,185580827,R1 2200m Pace M,185580828,Harness,2200,Pace,32829397,7,Stormy Sanz,WINNER,4.04,WINNER,1.64,1127.44,9.2,3.85,3.95,4.25,2430.41,48,1.01,1.06,1.58,1802.38,989.4,1.59,1.55,1.55,1.56,87.03,3.95,4,1.02,0.97
25/07/2021,5:07:00 PM,5:07:39 PM,Launceston,TAS,1,185580827,R1 2200m Pace M,185580828,Harness,2200,Pace,40284935,8,Itz Montana Jet,LOSER,3.35,WINNER,1.43,1231.37,3.8,2.42,3.4,3.25,8823.44,460,2.02,460,5.59,596.93,1507.38,1.57,1.34,1.5,1.46,508.97,3.4,3.6,1.02,0.97
25/07/2021,5:37:00 PM,5:37:36 PM,Launceston,TAS,2,185580829,R2 2200m Pace M,185580830,Harness,2200,Pace,18234962,1,Coveffe Hustler,LOSER,79.41,LOSER,16.64,78.23,70,30,70,57.66,45.53,690,70,690,105.49,8.64,100.58,28,4.9,19,6.79,13.41,55,65,1.02,0.98
25/07/2021,5:37:00 PM,5:37:36 PM,Launceston,TAS,2,185580829,R2 2200m Pace M,185580830,Harness,2200,Pace,23293314,2,Jo Dina,LOSER,203.68,LOSER,19.5,33.26,260,130,180,207.23,85.3,700,190,700,214.96,24.46,97.04,,,,,,180,190,1.02,0.98
25/07/2021,5:37:00 PM,5:37:36 PM,Launceston,TAS,2,185580829,R2 2200m Pace M,185580830,Harness,2200,Pace,28658378,4,Juniper,LOSER,13.5,LOSER,2.55,351.97,18,9.8,12.5,11.76,672.73,880,7,690,29.94,51.16,670.8,2.46,2.4,2.4,2.42,23.9,13,13.5,1.02,0.98
25/07/2021,5:37:00 PM,5:37:36 PM,Launceston,TAS,2,185580829,R2 2200m Pace M,185580830,Harness,2200,Pace,23294874,5,Toanui Spirit,LOSER,20,LOSER,3.93,230.39,29,15.5,18.5,21.79,402.41,910,20,720,81.74,54.33,310.55,4.1,3.35,3.4,3.64,7.89,26,29,1.02,0.98
25/07/2021,5:37:00 PM,5:37:36 PM,Launceston,TAS,2,185580829,R2 2200m Pace M,185580830,Harness,2200,Pace,24429710,6,Iden Gorgeous,WINNER,1.67,WINNER,1.16,2814.77,2.28,1.59,1.66,1.69,19801.53,1.9,1.01,1.01,1.23,3878.69,1596.31,1.26,1.14,1.17,1.19,368.06,1.6,1.62,1.02,0.98
25/07/2021,5:37:00 PM,5:37:36 PM,Launceston,TAS,2,185580829,R2 2200m Pace M,185580830,Harness,2200,Pace,40284936,7,Vivid Stride,LOSER,55.4,LOSER,6.8,152.09,44,9.4,42,28.56,298.65,920,42,230,87.4,38.5,117.66,5.7,5.2,5.4,5.37,31.08,40,42,1.02,0.98
25/07/2021,5:37:00 PM,5:37:36 PM,Launceston,TAS,2,185580829,R2 2200m Pace M,185580830,Harness,2200,Pace,22650465,8,Aussie Rock,LOSER,8.8,WINNER,2.22,522.07,10,6,9,8.56,1717.27,280,6.6,280,24.14,84.93,928.25,2.28,1.88,2.2,2.06,177.02,9.2,9.8,1.02,0.98
25/07/2021,5:37:00 PM,5:37:36 PM,Launceston,TAS,2,185580829,R2 2200m Pace M,185580830,Harness,2200,Pace,36593132,9,Jobells Image,LOSER,66.16,LOSER,8.45,101.84,70,42,65,56.59,82.26,690,20,680,57.33,40.12,195.05,7.2,7,7,7.08,8.76,55,60,1.02,0.98
25/07/2021,5:37:00 PM,5:37:36 PM,Launceston,TAS,2,185580829,R2 2200m Pace M,185580830,Harness,2200,Pace,24608803,10,Gipsy Treasure,LOSER,30,LOSER,5.2,233.08,40,22,32,31.16,170.3,690,8,690,26.86,30.49,289.55,5,4.9,5,4.98,5,30,34,1.02,0.98
25/07/2021,5:37:00 PM,5:37:36 PM,Launceston,TAS,2,185580829,R2 2200m Pace M,185580830,Harness,2200,Pace,12741235,11,Rockinfeelgood,LOSER,53.84,WINNER,10.75,151.17,75,30,70,59.31,41.53,170,4.8,140,32.71,67.3,,,,,,,55,65,1.02,0.98
25/07/2021,5:37:00 PM,5:37:36 PM,Launceston,TAS,2,185580829,R2 2200m Pace M,185580830,Harness,2200,Pace,17296645,12,Machs Mareta,LOSER,21.39,LOSER,4.1,191.88,38,19,21,22.75,386.62,120,7.2,120,21.77,85.33,384.5,5.5,3.45,3.45,4.25,45.19,19,24,1.02,0.98
25/07/2021,6:07:00 PM,6:07:49 PM,Launceston,TAS,3,185580831,R3 1680m Pace M,185580832,Harness,1680,Pace,40050670,1,Notlaughinow,LOSER,53.33,LOSER,7.95,178.77,95,40,48,59.26,178.04,690,30,690,62.95,12.81,180.47,8.2,4,8.2,5.81,15.67,70,75,1.03,0.98
25/07/2021,6:07:00 PM,6:07:49 PM,Launceston,TAS,3,185580831,R3 1680m Pace M,185580832,Harness,1680,Pace,40284937,2,Western Maggy,LOSER,82,LOSER,30.25,109.6,220,70,90,110.07,99.14,690,170,690,239.61,1.25,58.56,,,,,,90,150,1.03,0.98
25/07/2021,6:07:00 PM,6:07:49 PM,Launceston,TAS,3,185580831,R3 1680m Pace M,185580832,Harness,1680,Pace,39296467,3,Lorimertyrrell,LOSER,4.38,WINNER,1.54,1428.53,5.6,3.2,4.4,4.48,3482.07,460,1.61,150,5.32,429.44,752.34,1.69,1.2,1.65,1.57,389.94,5.1,5.3,1.03,0.98
25/07/2021,6:07:00 PM,6:07:49 PM,Launceston,TAS,3,185580831,R3 1680m Pace M,185580832,Harness,1680,Pace,40284938,4,Outlaw Sammy,LOSER,139.77,LOSER,16.7,86.17,200,75,110,100.36,113.53,960,260,640,536.31,2.21,99.88,,,,,,140,180,1.03,0.98
25/07/2021,6:07:00 PM,6:07:49 PM,Launceston,TAS,3,185580831,R3 1680m Pace M,185580832,Harness,1680,Pace,40284939,5,Rocknroll Wizard,LOSER,137.7,LOSER,18.4,61.35,130,42,120,87.33,36.16,700,120,700,154.16,10.6,87.59,,,,,,85,110,1.03,0.98
25/07/2021,6:07:00 PM,6:07:49 PM,Launceston,TAS,3,185580831,R3 1680m Pace M,185580832,Harness,1680,Pace,40284940,6,Mayleejae Eagle,LOSER,11,LOSER,2.87,604.46,19,9,10.5,10.55,1126.7,690,6.6,690,21.33,132.26,430.39,3.1,2.12,2.62,2.52,95.77,9.2,9.6,1.03,0.98
25/07/2021,6:07:00 PM,6:07:49 PM,Launceston,TAS,3,185580831,R3 1680m Pace M,185580832,Harness,1680,Pace,40284941,7,Left On Cue,LOSER,41.01,LOSER,8.5,267.25,70,24,44,41.1,311.96,690,50,690,134.65,9.71,189.71,10.5,9.8,10.5,10.36,9.99,38,42,1.03,0.98
25/07/2021,6:07:00 PM,6:07:49 PM,Launceston,TAS,3,185580831,R3 1680m Pace M,185580832,Harness,1680,Pace,40284942,8,Maebee,LOSER,12.04,LOSER,3.12,716.05,40,12.5,13,16.28,951.24,690,11.5,690,21.78,83.24,583.24,,,,,,12.5,14,1.03,0.98
25/07/2021,6:07:00 PM,6:07:49 PM,Launceston,TAS,3,185580831,R3 1680m Pace M,185580832,Harness,1680,Pace,40284943,9,My Ultimate Danny,LOSER,83.15,LOSER,22.68,92.99,140,70,100,86.53,45.39,690,80,690,96.07,15.04,59.4,,,,,,80,95,1.03,0.98
25/07/2021,6:07:00 PM,6:07:49 PM,Launceston,TAS,3,185580831,R3 1680m Pace M,185580832,Harness,1680,Pace,40284944,10,Mays Place,LOSER,14.17,WINNER,3.1,399.12,23,8.4,14.5,14.37,751.2,350,6.6,280,20.3,67.74,590.95,3,2.84,3,2.97,75.82,14.5,16,1.03,0.98
25/07/2021,6:07:00 PM,6:07:49 PM,Launceston,TAS,3,185580831,R3 1680m Pace M,185580832,Harness,1680,Pace,40284945,11,Magic Feeling,WINNER,2.17,WINNER,1.26,1679.37,2.76,1.89,2.12,2.06,11176.35,3.3,1.01,1.01,1.27,2043.96,1217.62,1.28,1.19,1.23,1.2,326.21,2.02,2.08,1.03,0.98
25/07/2021,6:37:00 PM,6:37:33 PM,Launceston,TAS,4,185580833,R4 1680m Pace M,185580834,Harness,1680,Pace,40284946,1,All About Paisley,LOSER,153.81,LOSER,63.06,66.66,170,70,160,119.15,17.18,940,140,940,184.38,20.16,36.18,,,,,,150,320,1.04,0.97
25/07/2021,6:37:00 PM,6:37:33 PM,Launceston,TAS,4,185580833,R4 1680m Pace M,185580834,Harness,1680,Pace,40284947,3,Karalta Invader,WINNER,5,WINNER,2.42,868.31,5.6,3.4,5.3,4.64,2285.55,7.4,1.01,1.01,1.85,3028.44,517.9,2.14,1.54,2.02,1.98,40.91,5.2,5.3,1.04,0.97
25/07/2021,6:37:00 PM,6:37:33 PM,Launceston,TAS,4,185580833,R4 1680m Pace M,185580834,Harness,1680,Pace,24429708,4,Vonns Angel,LOSER,19,WINNER,5.85,228.79,19,8.8,17.5,14.68,76.22,690,7,490,18.6,101.4,307.7,,,,,,17.5,19,1.04,0.97
25/07/2021,6:37:00 PM,6:37:33 PM,Launceston,TAS,4,185580833,R4 1680m Pace M,185580834,Harness,1680,Pace,40284948,5,Kikkimi,LOSER,6.87,WINNER,2.78,618.58,6.8,5,6.6,6.1,350.33,460,4.2,460,7.48,230.07,560.23,,,,,,6.4,6.8,1.04,0.97
25/07/2021,6:37:00 PM,6:37:33 PM,Launceston,TAS,4,185580833,R4 1680m Pace M,185580834,Harness,1680,Pace,38397648,6,Starofremembrance,LOSER,12.96,LOSER,4.62,373.89,36,12,13,19.52,222.91,900,10.5,900,35.62,43.48,408.3,5.6,5.6,5.6,5.6,7.62,12,13,1.04,0.97
25/07/2021,6:37:00 PM,6:37:33 PM,Launceston,TAS,4,185580833,R4 1680m Pace M,185580834,Harness,1680,Pace,19976568,7,Boulder City,LOSER,12.01,LOSER,3.55,394.58,18,11,12,12.02,190.43,690,6.2,690,13.21,190.26,237.76,3.45,3.15,3.15,3.21,112,11,11.5,1.04,0.97
25/07/2021,6:37:00 PM,6:37:33 PM,Launceston,TAS,4,185580833,R4 1680m Pace M,185580834,Harness,1680,Pace,23697704,8,Brighton Prince,LOSER,26,LOSER,12.25,217.33,36,21,26,29.74,74.43,780,26,780,66.13,16.94,127.14,6.8,6.8,6.8,6.8,14.27,28,30,1.04,0.97
25/07/2021,6:37:00 PM,6:37:33 PM,Launceston,TAS,4,185580833,R4 1680m Pace M,185580834,Harness,1680,Pace,27392312,9,Major Davvin,LOSER,7.11,LOSER,2.53,689.95,26,6.2,6.8,7.06,569.85,460,7,460,14.43,109.69,747.94,2.34,2.34,2.34,2.34,0.26,6.2,6.6,1.04,0.97
25/07/2021,6:37:00 PM,6:37:33 PM,Launceston,TAS,4,185580833,R4 1680m Pace M,185580834,Harness,1680,Pace,25165288,10,Somehowsomeway,LOSER,13.21,LOSER,4.13,266.68,29,12,12.5,14.15,125.15,690,2.16,490,14.03,86.51,439.24,,,,,,12,14,1.04,0.97
25/07/2021,6:37:00 PM,6:37:33 PM,Launceston,TAS,4,185580833,R4 1680m Pace M,185580834,Harness,1680,Pace,12852350,11,Smile Lyle,LOSER,72.68,LOSER,26.75,110.9,90,55,80,74.35,50.83,940,70,940,110.18,14.31,67.54,13.5,11,13.5,12.18,8.1,75,80,1.04,0.97
25/07/2021,6:37:00 PM,6:37:33 PM,Launceston,TAS,4,185580833,R4 1680m Pace M,185580834,Harness,1680,Pace,25651411,12,Rowley,LOSER,20.34,LOSER,5.8,297.08,28,19.5,23,24.7,58.26,780,18,780,36,71.48,287.9,,,,,,22,26,1.04,0.97
25/07/2021,6:37:00 PM,6:37:33 PM,Launceston,TAS,4,185580833,R4 1680m Pace M,185580834,Harness,1680,Pace,40284949,13,Shady Story,LOSER,8.71,LOSER,2.68,470.94,9.2,7,8.8,8.32,362.43,170,2.76,110,8.3,151.7,728.66,2.86,2.44,2.86,2.6,142.6,8.4,9,1.04,0.97
25/07/2021,7:07:00 PM,7:07:31 PM,Launceston,TAS,5,185580835,R5 2200m Pace M,185580836,Harness,2200,Pace,12986573,1,Cardinal Ringo,LOSER,140.56,LOSER,17.26,67.85,100,48,100,72.66,8.28,930,100,930,264.89,7.13,107.62,19.5,14.5,19.5,16.7,0.12,80,85,1.04,0.99
25/07/2021,7:07:00 PM,7:07:31 PM,Launceston,TAS,5,185580835,R5 2200m Pace M,185580836,Harness,2200,Pace,11669771,2,Kardesler,LOSER,95,LOSER,16.57,77.51,95,26,90,55.61,29.43,930,34,930,210.84,6.77,115.58,19.5,14.5,14.5,16.32,0.11,60,85,1.04,0.99
25/07/2021,7:07:00 PM,7:07:31 PM,Launceston,TAS,5,185580835,R5 2200m Pace M,185580836,Harness,2200,Pace,10950087,3,Offthetopofmyhead,LOSER,42,LOSER,10.05,104.85,75,34,42,45.04,100.25,920,42,920,73.66,29.32,148.1,6.4,6.4,6.4,6.4,7,48,50,1.04,0.99
25/07/2021,7:07:00 PM,7:07:31 PM,Launceston,TAS,5,185580835,R5 2200m Pace M,185580836,Harness,2200,Pace,22126364,4,Gotta Good Reason,LOSER,22.31,LOSER,4.5,179.96,24,15,20,20.83,110.42,910,5.7,910,15.48,419.6,420.24,,,,,,21,23,1.04,0.99
25/07/2021,7:07:00 PM,7:07:31 PM,Launceston,TAS,5,185580835,R5 2200m Pace M,185580836,Harness,2200,Pace,9518620,5,Earl Jujon,LOSER,11.79,LOSER,3.31,474.01,15,8.8,12,10.49,859.1,700,11.5,700,63.41,23.25,379.14,2.64,2.56,2.64,2.58,303.24,13,14.5,1.04,0.99
25/07/2021,7:07:00 PM,7:07:31 PM,Launceston,TAS,5,185580835,R5 2200m Pace M,185580836,Harness,2200,Pace,13528022,6,Deadly Assassin,LOSER,13.9,LOSER,2.82,289.05,20,12,12.5,15.08,405.18,910,8.2,910,18.73,184.71,382.7,2.98,2.98,2.98,2.98,1.82,15,16,1.04,0.99
25/07/2021,7:07:00 PM,7:07:31 PM,Launceston,TAS,5,185580835,R5 2200m Pace M,185580836,Harness,2200,Pace,9406771,7,Blackbird Power,LOSER,52.67,LOSER,7.85,129.2,60,30,55,42.86,62.62,930,24,930,191.24,6.49,212.22,,,,,,44,60,1.04,0.99
25/07/2021,7:07:00 PM,7:07:31 PM,Launceston,TAS,5,185580835,R5 2200m Pace M,185580836,Harness,2200,Pace,35596713,8,Yorkshire,LOSER,7.02,WINNER,2.2,1336.34,7.2,3.15,7.2,5.64,713.78,690,3.65,490,8.97,441.21,233.01,1.81,1.55,1.81,1.74,108.43,5.2,5.6,1.04,0.99
25/07/2021,7:07:00 PM,7:07:31 PM,Launceston,TAS,5,185580835,R5 2200m Pace M,185580836,Harness,2200,Pace,22361369,9,Harjeet,WINNER,1.92,WINNER,1.24,2196.28,2.8,1.85,1.93,1.96,9016.48,2.5,1.01,1.01,1.22,3515.46,1019.85,1.31,1.21,1.21,1.24,370.3,1.85,1.86,1.04,0.99
25/07/2021,7:07:00 PM,7:07:31 PM,Launceston,TAS,5,185580835,R5 2200m Pace M,185580836,Harness,2200,Pace,9803688,10,No Spring Secrets,LOSER,15.26,WINNER,3.83,240.55,24,12.5,13.5,17.64,364.72,910,10,910,20.15,117.88,235.24,,,,,,22,24,1.04,0.99
25/07/2021,7:40:00 PM,7:43:01 PM,Launceston,TAS,6,185580837,R6 2200m Pace M,185580838,Harness,2200,Pace,24810537,1,Bold Centurian,LOSER,168.97,LOSER,39.42,144.15,290,46,140,125.11,117.01,690,160,690,277.6,2.63,47.51,40,13,38,16.04,25.91,170,290,1.02,0.99
25/07/2021,7:40:00 PM,7:43:01 PM,Launceston,TAS,6,185580837,R6 2200m Pace M,185580838,Harness,2200,Pace,22747503,2,Dollarsign,LOSER,45.57,LOSER,8.7,274.02,130,34,46,58.62,217.7,930,44,930,97.8,19.41,140.15,8.4,7,7,7.98,32.74,50,55,1.02,0.99
25/07/2021,7:40:00 PM,7:43:01 PM,Launceston,TAS,6,185580837,R6 2200m Pace M,185580838,Harness,2200,Pace,38858934,3,Gopati,LOSER,76.6,LOSER,11.43,199.68,120,42,110,96.52,154.26,960,75,300,205.94,1.78,136.22,,,,,,90,110,1.02,0.99
25/07/2021,7:40:00 PM,7:43:01 PM,Launceston,TAS,6,185580837,R6 2200m Pace M,185580838,Harness,2200,Pace,36620960,4,Lorimermajor,LOSER,7.66,WINNER,1.94,646.1,9.6,5.8,7.4,7.28,1247.02,460,4,460,24.1,180.85,1091.04,2.06,1.79,2.04,2.02,63.84,7.8,8.2,1.02,0.99
25/07/2021,7:40:00 PM,7:43:01 PM,Launceston,TAS,6,185580837,R6 2200m Pace M,185580838,Harness,2200,Pace,27392309,5,Better Amour,LOSER,12.2,LOSER,2.92,605.21,17,8,12,11.59,628.87,890,12.5,690,113.45,28.65,219.92,2.7,2.64,2.7,2.69,30.49,12.5,13,1.02,0.99
25/07/2021,7:40:00 PM,7:43:01 PM,Launceston,TAS,6,185580837,R6 2200m Pace M,185580838,Harness,2200,Pace,36682306,6,Kuyomi,LOSER,1.8,LOSER,1.21,3492.16,3.6,1.76,1.82,1.92,14133.36,690,1.77,490,4.88,562.91,1482.1,1.3,1.14,1.22,1.17,4426.96,1.77,1.78,1.02,0.99
25/07/2021,7:40:00 PM,7:43:01 PM,Launceston,TAS,6,185580837,R6 2200m Pace M,185580838,Harness,2200,Pace,28290674,8,Endeavour Stride,WINNER,42,WINNER,6.31,233.23,65,27,44,44.26,104.7,90,1.01,1.01,1.8,1830.35,245.32,5.7,5.7,5.7,5.7,5,46,48,1.02,0.99
25/07/2021,7:40:00 PM,7:43:01 PM,Launceston,TAS,6,185580837,R6 2200m Pace M,185580838,Harness,2200,Pace,38014146,9,Raining On Ringo,LOSER,37.85,LOSER,6.45,222.42,75,25,38,42.2,92.38,690,17.5,280,57.62,9.4,281.66,,,,,,36,38,1.02,0.99
25/07/2021,7:40:00 PM,7:43:01 PM,Launceston,TAS,6,185580837,R6 2200m Pace M,185580838,Harness,2200,Pace,28540534,10,Kosimo,LOSER,8.8,WINNER,2.1,611.95,9.6,4.4,8.8,8,1663.96,120,1.3,100,5.03,228.41,643.65,2.12,1.68,2.1,2.02,769.22,9.2,9.4,1.02,0.99
25/07/2021,7:40:00 PM,7:43:01 PM,Launceston,TAS,6,185580837,R6 2200m Pace M,185580838,Harness,2200,Pace,38416652,11,Booker Bay,LOSER,49.25,LOSER,9.4,229.08,55,19.5,50,43.08,168.03,690,46,380,58.91,20.98,64.72,6.8,6.8,6.8,6.8,18.68,42,44,1.02,0.99
25/07/2021,7:40:00 PM,7:43:01 PM,Launceston,TAS,6,185580837,R6 2200m Pace M,185580838,Harness,2200,Pace,26411933,12,Raffas Ace,LOSER,98.73,LOSER,15.25,117.96,110,34,100,78.72,84.47,690,85,300,141.51,4.78,74.11,,,,,,80,85,1.02,0.99
25/07/2021,7:40:00 PM,7:43:01 PM,Launceston,TAS,6,185580837,R6 2200m Pace M,185580838,Harness,2200,Pace,36686629,13,Mozasu,LOSER,100,LOSER,13.23,193.75,130,19,110,73.03,157.67,690,75,690,129.63,10.74,172.94,,,,,,90,120,1.02,0.99
25/07/2021,8:15:00 PM,8:16:17 PM,Launceston,TAS,7,185580839,R7 2200m Pace M,185580840,Harness,2200,Pace,28646727,1,Sports Candy,LOSER,3,WINNER,1.47,2623.27,4.6,2.9,3.1,3.1,4208.85,690,2.94,690,4.32,755.1,1803.75,1.57,1.46,1.47,1.49,283.92,3.15,3.2,1.03,0.99
25/07/2021,8:15:00 PM,8:16:17 PM,Launceston,TAS,7,185580839,R7 2200m Pace M,185580840,Harness,2200,Pace,27342298,2,Son Of Rayson,LOSER,17.27,LOSER,3.99,295.87,24,12,16.5,15.01,645.25,900,7.8,900,36.82,154,574.98,5.4,3.6,3.95,4.36,233.98,16,16.5,1.03,0.99
25/07/2021,8:15:00 PM,8:16:17 PM,Launceston,TAS,7,185580839,R7 2200m Pace M,185580840,Harness,2200,Pace,12858629,3,Iden Forest,LOSER,24,LOSER,5.63,259.31,26,17.5,24,19.51,373.3,910,8,910,30.03,112.06,277.49,4.8,4.5,4.8,4.55,131.82,22,25,1.03,0.99
25/07/2021,8:15:00 PM,8:16:17 PM,Launceston,TAS,7,185580839,R7 2200m Pace M,185580840,Harness,2200,Pace,8759311,5,Karalta Dazzler,LOSER,230,LOSER,71.76,127.55,320,95,290,197.62,26.68,700,50,700,80.76,22.6,44.61,980,46,55,51.95,42.02,240,270,1.03,0.99
25/07/2021,8:15:00 PM,8:16:17 PM,Launceston,TAS,7,185580839,R7 2200m Pace M,185580840,Harness,2200,Pace,27270921,6,Montana Lad,WINNER,3.72,WINNER,1.71,1341.8,4.4,3.15,3.95,3.8,2556.63,4.8,1.01,1.01,1.27,3070.33,934.75,1.68,1.61,1.68,1.63,33.36,3.75,3.85,1.03,0.99
25/07/2021,8:15:00 PM,8:16:17 PM,Launceston,TAS,7,185580839,R7 2200m Pace M,185580840,Harness,2200,Pace,35462275,7,Boston Busker,LOSER,12.65,LOSER,3.51,377.78,16,10.5,12.5,12.61,526.43,710,6,690,25.18,53.34,555.26,3.45,2.64,3.45,3.12,13.52,12,13.5,1.03,0.99
25/07/2021,8:15:00 PM,8:16:17 PM,Launceston,TAS,7,185580839,R7 2200m Pace M,185580840,Harness,2200,Pace,8543254,8,Hez The One,LOSER,52.53,LOSER,9.11,151.53,75,38,65,56.59,209.3,920,42,920,88.12,16.72,173.75,8,6.8,8,7.28,159.61,60,65,1.03,0.99
25/07/2021,8:15:00 PM,8:16:17 PM,Launceston,TAS,7,185580839,R7 2200m Pace M,185580840,Harness,2200,Pace,178018,9,Full Speed Ahead,LOSER,62.25,LOSER,13.1,191.03,85,50,60,68.28,139.49,930,90,670,342.64,16.25,94.6,,,,,,70,75,1.03,0.99
25/07/2021,8:15:00 PM,8:16:17 PM,Launceston,TAS,7,185580839,R7 2200m Pace M,185580840,Harness,2200,Pace,21151173,10,Aha Reaction,LOSER,8.15,LOSER,2.72,582.02,11.5,7.4,8,8.72,1071.94,780,7.8,490,21.26,120.04,940.74,2.92,2.6,2.72,2.74,604.51,8.4,9,1.03,0.99
25/07/2021,8:15:00 PM,8:16:17 PM,Launceston,TAS,7,185580839,R7 2200m Pace M,185580840,Harness,2200,Pace,12954045,11,Taurisi,LOSER,27.18,LOSER,5.78,203.61,27,20,26,23.17,201.21,910,27,910,43.47,47.73,272.85,4.9,4.7,4.8,4.82,21.79,20,22,1.03,0.99
25/07/2021,8:15:00 PM,8:16:17 PM,Launceston,TAS,7,185580839,R7 2200m Pace M,185580840,Harness,2200,Pace,12200224,12,Somedan,LOSER,26.58,WINNER,7.5,253.3,29,21,29,26.1,143.58,910,18,690,45.79,48.21,,,,,,,25,27,1.03,0.99
25/07/2021,8:15:00 PM,8:16:17 PM,Launceston,TAS,7,185580839,R7 2200m Pace M,185580840,Harness,2200,Pace,23585447,13,The Dude,LOSER,61.68,LOSER,11.88,179.21,85,26,85,51.49,145.13,930,22,750,137.03,10.33,128.63,13,7.8,13,8.3,14.35,65,75,1.03,0.99
25/07/2021,8:50:00 PM,8:50:59 PM,Launceston,TAS,8,185580841,R8 2200m Pace M,185580842,Harness,2200,Pace,9104445,1,Pockets Of Courage,LOSER,18.62,LOSER,4.6,236.57,20,15,16,15.55,678.99,690,15,680,21.39,139.32,423.4,,,,,,15.5,16.5,1.04,0.98
25/07/2021,8:50:00 PM,8:50:59 PM,Launceston,TAS,8,185580841,R8 2200m Pace M,185580842,Harness,2200,Pace,10887444,2,Christian Jaz,WINNER,7.6,WINNER,2.92,628.89,8.6,5,7.6,6.51,393.42,7.6,1.01,1.01,2.06,2436.55,384.78,2.8,1.98,2.8,2.35,45.94,8,8.2,1.04,0.98
25/07/2021,8:50:00 PM,8:50:59 PM,Launceston,TAS,8,185580841,R8 2200m Pace M,185580842,Harness,2200,Pace,4097693,3,Aitutaki,LOSER,32.73,LOSER,12.55,190.52,40,19.5,34,31.45,43.76,690,14,690,75.99,34.28,,,,,,,34,36,1.04,0.98
25/07/2021,8:50:00 PM,8:50:59 PM,Launceston,TAS,8,185580841,R8 2200m Pace M,185580842,Harness,2200,Pace,36105111,4,Turquoise Stride,LOSER,8.7,WINNER,3.35,678.55,17,8,8.4,10.31,801.27,170,2.92,100,10.14,111.91,416.16,3.2,3.15,3.15,3.15,110,9.6,10.5,1.04,0.98
25/07/2021,8:50:00 PM,8:50:59 PM,Launceston,TAS,8,185580841,R8 2200m Pace M,185580842,Harness,2200,Pace,12479755,5,Captain Cosmonaut,LOSER,9.93,LOSER,3.6,617.02,18,8.2,9.4,9.65,541.94,780,4.3,780,30.49,122.01,337.46,3.05,3.05,3.05,3.05,13.07,9.2,9.8,1.04,0.98
25/07/2021,8:50:00 PM,8:50:59 PM,Launceston,TAS,8,185580841,R8 2200m Pace M,185580842,Harness,2200,Pace,22952944,6,Brian Who,LOSER,18.69,LOSER,5.8,308.84,55,15.5,16,24.62,297.96,910,18,910,49.37,60.38,306.98,,,,,,16.5,18,1.04,0.98
25/07/2021,8:50:00 PM,8:50:59 PM,Launceston,TAS,8,185580841,R8 2200m Pace M,185580842,Harness,2200,Pace,13224852,7,Northview Dave,LOSER,45.18,LOSER,14.25,196.61,85,24,50,49.52,59.54,910,42,910,84.29,30.26,117.66,,,,,,48,50,1.04,0.98
25/07/2021,8:50:00 PM,8:50:59 PM,Launceston,TAS,8,185580841,R8 2200m Pace M,185580842,Harness,2200,Pace,16140168,8,One Off,LOSER,6,WINNER,2.56,863.29,7.8,6,6,6.29,1224.5,280,3,280,8.49,228.82,699.01,2.58,2.34,2.52,2.45,577.63,6.2,6.4,1.04,0.98
25/07/2021,8:50:00 PM,8:50:59 PM,Launceston,TAS,8,185580841,R8 2200m Pace M,185580842,Harness,2200,Pace,11689609,9,Scotlynn Beach,LOSER,16.29,LOSER,2.84,376.52,16.5,5.1,16.5,8.88,1090.98,880,15.5,700,30.1,140.77,75.33,5.3,2.18,5.3,2.8,74.94,7.8,8.2,1.04,0.98
25/07/2021,8:50:00 PM,8:50:59 PM,Launceston,TAS,8,185580841,R8 2200m Pace M,185580842,Harness,2200,Pace,9427444,11,The Black Assassin,LOSER,18,LOSER,5.95,247.92,23,8.4,15.5,17.89,368.8,690,8.2,410,15.56,83.67,287.94,,,,,,20,21,1.04,0.98
25/07/2021,8:50:00 PM,8:50:59 PM,Launceston,TAS,8,185580841,R8 2200m Pace M,185580842,Harness,2200,Pace,2196402,12,Black Ops,LOSER,12.36,LOSER,3.64,378.72,14.5,12,12,13.22,209.84,690,8.6,390,32.53,22.24,530.35,4.1,3.05,3.4,3.53,315.84,13,13.5,1.04,0.98
25/07/2021,8:50:00 PM,8:50:59 PM,Launceston,TAS,8,185580841,R8 2200m Pace M,185580842,Harness,2200,Pace,39242385,13,Rambleon,LOSER,9.6,LOSER,3.54,472.16,10,7,9.2,9.15,387.63,870,6.4,870,12.65,107.37,472.2,3.4,2.18,3.15,3.17,43.41,9.4,10,1.04,0.98
25/07/2021,9:20:00 PM,9:20:54 PM,Launceston,TAS,9,185580843,R9 2200m Pace M,185580844,Harness,2200,Pace,37049149,1,Lily Rocks,LOSER,12.32,LOSER,3.22,402.75,12,7.2,10.5,10.18,604.19,880,5.8,880,22.15,182.52,128.52,2.84,2.78,2.82,2.82,26.16,10,10.5,1.02,0.99
25/07/2021,9:20:00 PM,9:20:54 PM,Launceston,TAS,9,185580843,R9 2200m Pace M,185580844,Harness,2200,Pace,26801324,3,Stavros The Terror,LOSER,2.88,WINNER,1.61,2206.68,3.7,2.8,2.94,2.99,6491.94,3.95,1.3,3.95,2.72,2052.64,1373.45,1.65,1.55,1.62,1.62,383.37,2.9,2.92,1.02,0.99
25/07/2021,9:20:00 PM,9:20:54 PM,Launceston,TAS,9,185580843,R9 2200m Pace M,185580844,Harness,2200,Pace,16233347,4,The Deal,LOSER,38.44,LOSER,7.6,166.25,46,32,36,36.37,120.55,690,38,690,202.48,18.89,248.18,7.4,6.8,6.8,7.03,33.42,34,36,1.02,0.99
25/07/2021,9:20:00 PM,9:20:54 PM,Launceston,TAS,9,185580843,R9 2200m Pace M,185580844,Harness,2200,Pace,22638318,5,Emjays Black Chip,WINNER,13.51,WINNER,4.07,266.23,17,11.5,12,13.03,444.27,36,1.34,1.34,3.27,449.05,324.14,3.85,3.75,3.85,3.81,9.41,15,15.5,1.02,0.99
25/07/2021,9:20:00 PM,9:20:54 PM,Launceston,TAS,9,185580843,R9 2200m Pace M,185580844,Harness,2200,Pace,23519724,6,Sir Jujon,LOSER,135.58,LOSER,33.38,67.51,200,75,180,127.15,14.42,700,25,700,147.23,13.12,56.92,,,,,,160,200,1.02,0.99
25/07/2021,9:20:00 PM,9:20:54 PM,Launceston,TAS,9,185580843,R9 2200m Pace M,185580844,Harness,2200,Pace,40284950,7,Wave The Hat,LOSER,158.53,LOSER,28.42,85.67,150,42,150,123.34,56.42,700,220,700,435.48,1.48,72.04,,,,,,120,130,1.02,0.99
25/07/2021,9:20:00 PM,9:20:54 PM,Launceston,TAS,9,185580843,R9 2200m Pace M,185580844,Harness,2200,Pace,27550812,8,Stone Cracker,LOSER,16.09,LOSER,5,635.8,21,9.8,18,18.21,139.17,890,11,890,32.76,138.64,337.81,4.5,4.2,4.5,4.28,30.74,17.5,19,1.02,0.99
25/07/2021,9:20:00 PM,9:20:54 PM,Launceston,TAS,9,185580843,R9 2200m Pace M,185580844,Harness,2200,Pace,26993889,9,My Celebrity,LOSER,11.32,LOSER,3.54,690.53,15.5,9.8,12.5,13.05,530.75,690,8,690,18.32,174.52,448.44,,,,,,13.5,14,1.02,0.99
25/07/2021,9:20:00 PM,9:20:54 PM,Launceston,TAS,9,185580843,R9 2200m Pace M,185580844,Harness,2200,Pace,10786992,10,Hez Razor Sharp,LOSER,8.56,LOSER,2.94,538.77,9.4,5,9.2,6.48,2680.71,460,4.6,460,17.07,190.23,293.19,2.88,2.08,2.48,2.3,920.18,7.6,7.8,1.02,0.99
25/07/2021,9:20:00 PM,9:20:54 PM,Launceston,TAS,9,185580843,R9 2200m Pace M,185580844,Harness,2200,Pace,40112085,11,Taxi Meter,LOSER,28,LOSER,6.6,194.97,29,19,25,24,66.33,690,14,500,166.18,49.17,240.12,,,,,,24,25,1.02,0.99
25/07/2021,9:20:00 PM,9:20:54 PM,Launceston,TAS,9,185580843,R9 2200m Pace M,185580844,Harness,2200,Pace,28658354,12,Guido Da Siena,LOSER,6.34,WINNER,2.33,586.72,8.2,5.6,6,6.24,1256.96,460,5.7,460,18.4,132.03,736,,,,,,7,7.2,1.02,0.99
25/07/2021,9:20:00 PM,9:20:54 PM,Launceston,TAS,9,185580843,R9 2200m Pace M,185580844,Harness,2200,Pace,40284951,13,Grizzly Montana,LOSER,94.85,LOSER,19,75.25,85,48,85,62.77,110.75,930,90,690,139.93,7.46,90.22,,,,,,65,75,1.02,0.99
25/07/2021,9:50:00 PM,9:51:01 PM,Launceston,TAS,10,185580845,R10 2200m Pace M,185580846,Harness,2200,Pace,7145722,1,Hear The Call,LOSER,52.9,LOSER,10.7,132.34,95,30,55,55.54,227.79,940,34,690,331.35,17.48,156.97,,,,,,46,48,1.02,0.98
25/07/2021,9:50:00 PM,9:51:01 PM,Launceston,TAS,10,185580845,R10 2200m Pace M,185580846,Harness,2200,Pace,11509868,2,Triple Aitch Fella,LOSER,120,LOSER,43.2,74.78,200,55,100,98.38,77.03,700,5.7,500,187.24,30.85,44.54,95,10.5,48,10.85,9.08,110,170,1.02,0.98
25/07/2021,9:50:00 PM,9:51:01 PM,Launceston,TAS,10,185580845,R10 2200m Pace M,185580846,Harness,2200,Pace,10475140,3,Stylish Trend,LOSER,29,LOSER,6.45,580.85,34,5.3,29,26.65,425.26,910,12.5,900,46.79,64.09,257.78,,,,,,27,30,1.02,0.98
25/07/2021,9:50:00 PM,9:51:01 PM,Launceston,TAS,10,185580845,R10 2200m Pace M,185580846,Harness,2200,Pace,12034186,4,Weerrook Harry,LOSER,120,LOSER,18,87.32,120,34,120,86.94,104.2,940,120,580,246.28,6.97,93.19,,,,,,85,100,1.02,0.98
25/07/2021,9:50:00 PM,9:51:01 PM,Launceston,TAS,10,185580845,R10 2200m Pace M,185580846,Harness,2200,Pace,22153902,5,My Ultimate Major,LOSER,85,LOSER,12.3,116.69,90,34,85,66.78,88.16,930,70,930,186.76,8.79,148.65,,,,,,75,85,1.02,0.98
25/07/2021,9:50:00 PM,9:51:01 PM,Launceston,TAS,10,185580845,R10 2200m Pace M,185580846,Harness,2200,Pace,10959505,6,Mach Charm,LOSER,14,LOSER,3.3,484.08,15.5,6.4,14,12.59,481.32,690,4.1,280,38.36,35.61,423.5,3,2.08,3,2.45,6.26,13.5,14,1.02,0.98
25/07/2021,9:50:00 PM,9:51:01 PM,Launceston,TAS,10,185580845,R10 2200m Pace M,185580846,Harness,2200,Pace,27806789,7,Squatter Shannon,LOSER,25.13,LOSER,5.9,418.71,29,9,26,25.68,176.85,690,11.5,470,46.19,14.54,301.28,,,,,,26,29,1.02,0.98
25/07/2021,9:50:00 PM,9:51:01 PM,Launceston,TAS,10,185580845,R10 2200m Pace M,185580846,Harness,2200,Pace,18849523,8,Keep Playing,LOSER,16,LOSER,3.33,627.11,18,9.2,16,14.42,535.57,700,26,690,308.74,10.24,326.26,3.8,2.98,3.15,3.1,56.15,14.5,15,1.02,0.98
25/07/2021,9:50:00 PM,9:51:01 PM,Launceston,TAS,10,185580845,R10 2200m Pace M,185580846,Harness,2200,Pace,18937652,9,Ozzie Major,LOSER,39,LOSER,5.7,217.32,42,19.5,40,34.24,138.39,900,13,900,112.57,21.65,340.87,6,5.6,5.6,5.78,8.94,38,42,1.02,0.98
25/07/2021,9:50:00 PM,9:51:01 PM,Launceston,TAS,10,185580845,R10 2200m Pace M,185580846,Harness,2200,Pace,40284952,11,Jimi Sanz,LOSER,14.84,WINNER,3.15,505.52,15,10.5,15,13.18,800.72,690,2.12,690,12.65,158.6,587.16,3.05,2.28,2.86,3.02,130.1,12.5,13.5,1.02,0.98
25/07/2021,9:50:00 PM,9:51:01 PM,Launceston,TAS,10,185580845,R10 2200m Pace M,185580846,Harness,2200,Pace,40284953,12,Ifitstobeitsuptome,LOSER,1.91,WINNER,1.18,2699.35,2.98,1.8,1.93,1.96,13548.31,12,1.45,3.2,2.41,921.75,2302.18,1.39,1.17,1.19,1.25,474.86,1.89,1.92,1.02,0.98
25/07/2021,9:50:00 PM,9:51:01 PM,Launceston,TAS,10,185580845,R10 2200m Pace M,185580846,Harness,2200,Pace,38698387,13,Oneofthelads,WINNER,9.42,WINNER,2.56,521.51,16,7.8,9,9.32,1190.38,34,1.06,1.06,1.47,879.83,348.75,2.36,2.36,2.36,2.36,18.66,9,9.4,1.02,0.98
26/07/2021,2:47:00 PM,2:47:49 PM,Globe Derby,SA,1,185624025,R1 2230m Trot M,185624026,Harness,2230,Trot,28506969,2,Quick Quaker,LOSER,50,LOSER,10.63,203.56,80,23,55,50.11,225.18,920,19,920,71.19,48.32,136.33,19,9.2,10.5,11.48,18.95,55,75,1.02,0.98
26/07/2021,2:47:00 PM,2:47:49 PM,Globe Derby,SA,1,185624025,R1 2230m Trot M,185624026,Harness,2230,Trot,23941181,3,Ellies Image,LOSER,55,LOSER,11.3,188.39,65,23,65,43.88,306.31,1000,22,1000,97.27,81.06,201.39,11.5,8.2,11,10.71,28.83,48,55,1.02,0.98
26/07/2021,2:47:00 PM,2:47:49 PM,Globe Derby,SA,1,185624025,R1 2230m Trot M,185624026,Harness,2230,Trot,27400721,4,Super Angus,LOSER,3.33,WINNER,1.62,1470.66,4.4,2.18,3.55,3.45,4550.86,920,2.42,140,3.81,1014.34,985.25,1.75,1.44,1.57,1.58,210.07,3.7,3.85,1.02,0.98
26/07/2021,2:47:00 PM,2:47:49 PM,Globe Derby,SA,1,185624025,R1 2230m Trot M,185624026,Harness,2230,Trot,27550531,5,Winsome Ruby,LOSER,8.3,LOSER,2.24,943.1,34,6,8.4,8.74,2768.38,690,6.2,690,18.14,136.57,774.66,5.2,2.24,2.24,2.55,178.3,6.4,6.8,1.02,0.98
26/07/2021,2:47:00 PM,2:47:49 PM,Globe Derby,SA,1,185624025,R1 2230m Trot M,185624026,Harness,2230,Trot,28368719,6,Romances,WINNER,1.85,WINNER,1.29,3287.35,2.24,1.66,1.77,1.82,10432.77,2.18,1.01,1.01,1.33,3807.15,956.2,1.27,1.2,1.26,1.24,272.59,1.8,1.83,1.02,0.98
26/07/2021,3:22:00 PM,3:22:54 PM,Globe Derby,SA,2,185624027,R2 1800m Pace M,185624028,Harness,1800,Pace,10874928,1,Shadow Hunter,LOSER,22.85,LOSER,7.1,274.91,25,17,22,21.63,281,720,10,720,53.96,41.89,214.28,6.4,6.4,6.4,6.4,0.07,19.5,20,0.94,0.98
26/07/2021,3:22:00 PM,3:22:54 PM,Globe Derby,SA,2,185624027,R2 1800m Pace M,185624028,Harness,1800,Pace,12292176,2,Thebattlesjusbegun,LOSER,15,LOSER,6.88,398.73,23,14.5,15,16.33,388.93,910,5.9,910,20.77,246.76,527.37,7.4,5.5,6.8,6.56,71.76,16.5,17.5,0.94,0.98
26/07/2021,3:22:00 PM,3:22:54 PM,Globe Derby,SA,2,185624027,R2 1800m Pace M,185624028,Harness,1800,Pace,22503152,3,Overpowering,LOSER,3.3,LOSER,2.21,1342.17,5.6,3.2,3.3,3.54,3625.49,880,3.25,690,14.3,382.71,594.82,2.58,2.06,2.08,2.24,59.6,4.5,3.25,0.94,0.98
26/07/2021,3:22:00 PM,3:22:54 PM,Globe Derby,SA,2,185624027,R2 1800m Pace M,185624028,Harness,1800,Pace,12010779,4,Grinfaron,LOSER,23.33,LOSER,8.34,311.48,32,21,26,26.95,109.19,910,20,910,77.99,66.65,163.44,,,,,,27,32,0.94,0.98
26/07/2021,3:22:00 PM,3:22:54 PM,Globe Derby,SA,2,185624027,R2 1800m Pace M,185624028,Harness,1800,Pace,27870685,5,Aces Daughter,WINNER,5.3,WINNER,2.55,1026.59,5.6,3.1,5.4,4.51,2659.67,5.3,1.01,1.01,1.45,4124.99,719.42,2.38,2.32,2.38,2.38,25.11,4.9,5.3,0.94,0.98
26/07/2021,3:22:00 PM,3:22:54 PM,Globe Derby,SA,2,185624027,R2 1800m Pace M,185624028,Harness,1800,Pace,23202363,6,Crowded Reactor,LOSER,3.48,WINNER,1.77,1251.9,3.9,3,3.3,3.17,5378.96,690,2.64,680,4.27,1414.76,595.72,1.86,1.7,1.7,1.76,433.04,3.15,3.25,0.94,0.98
26/07/2021,3:22:00 PM,3:22:54 PM,Globe Derby,SA,2,185624027,R2 1800m Pace M,185624028,Harness,1800,Pace,36894870,7,Her Heart Of Gold,LOSER,18.64,LOSER,6.6,342.68,25,8.4,20,15.42,505.72,690,7.2,680,25.64,104.06,241.67,6.6,5.6,6.6,5.65,10.54,20,24,0.94,0.98
26/07/2021,3:57:00 PM,3:57:37 PM,Globe Derby,SA,3,185624029,R3 1800m Pace M,185624030,Harness,1800,Pace,21754818,1,Our Mate Mick,LOSER,14.44,LOSER,2.67,426.22,23,9.2,12,11.43,1192.3,900,14,900,37.58,109.91,1279.86,3.4,2.36,2.62,2.5,650.45,9.8,10,1.02,0.98
26/07/2021,3:57:00 PM,3:57:37 PM,Globe Derby,SA,3,185624029,R3 1800m Pace M,185624030,Harness,1800,Pace,1494597,2,Tuscan Star,WINNER,17.81,WINNER,3.12,258.68,17,6.4,15,11.41,598.38,18,1.01,1.01,2.03,6850.12,111.94,2.72,2.64,2.72,2.72,9.38,14,15.5,1.02,0.98
26/07/2021,3:57:00 PM,3:57:37 PM,Globe Derby,SA,3,185624029,R3 1800m Pace M,185624030,Harness,1800,Pace,24138875,3,Justabitofheaven,LOSER,3.23,WINNER,1.56,1539.25,4,1.9,3.3,3.18,6740.98,690,2.04,560,7.41,808.61,1241.38,1.75,1.26,1.51,1.54,233.81,3,3.1,1.02,0.98
26/07/2021,3:57:00 PM,3:57:37 PM,Globe Derby,SA,3,185624029,R3 1800m Pace M,185624030,Harness,1800,Pace,17793847,4,Georgie Mae,LOSER,21.43,LOSER,3.78,310.83,22,12.5,20,17.8,677.15,690,3.8,120,34.93,181.67,385.85,4.1,3.3,4.1,3.63,12.41,18.5,19,1.02,0.98
26/07/2021,3:57:00 PM,3:57:37 PM,Globe Derby,SA,3,185624029,R3 1800m Pace M,185624030,Harness,1800,Pace,20137421,5,Tidal Surge,LOSER,4.29,WINNER,1.52,1200.91,6.4,4.1,4.3,4.74,2794.79,690,2.06,40,7.57,261.71,826.83,1.99,1.59,1.6,1.63,182.63,4.9,5.1,1.02,0.98
26/07/2021,3:57:00 PM,3:57:37 PM,Globe Derby,SA,3,185624029,R3 1800m Pace M,185624030,Harness,1800,Pace,925524,7,Speak Easy,LOSER,3.3,LOSER,1.67,2912.74,5,3.65,3.7,4.01,3110.4,690,2.5,490,4.05,870.94,1446.66,2.54,1.56,1.66,1.63,210.28,3.95,4.1,1.02,0.98
26/07/2021,3:57:00 PM,3:57:37 PM,Globe Derby,SA,3,185624029,R3 1800m Pace M,185624030,Harness,1800,Pace,21808618,8,Urella Fella,LOSER,211.21,LOSER,32.44,21.59,250,110,230,173.3,27.07,700,50,700,128.69,22.31,10,29,20,29,20.24,1.32,220,230,1.02,0.98
26/07/2021,4:32:00 PM,4:33:24 PM,Globe Derby,SA,4,185667108,R4 1800m Pace M,185667109,Harness,1800,Pace,442753,1,Final Round,LOSER,4.78,LOSER,1.88,763.9,7.2,4.4,4.4,4.96,2168.94,1000,3,1000,11.14,254.29,238.94,1.81,1.72,1.77,1.78,100.28,5,5.3,1.05,0.97
26/07/2021,4:32:00 PM,4:33:24 PM,Globe Derby,SA,4,185667108,R4 1800m Pace M,185624032,Harness,1800,Pace,442753,1,Final Round,LOSER,4.78,,,763.9,7.2,4.4,4.4,4.96,2168.94,1000,3,1000,11.14,254.29,,,,,,,5,5.3,1.05,0.97
26/07/2021,4:32:00 PM,4:33:24 PM,Globe Derby,SA,4,185667108,R4 1800m Pace M,185624032,Harness,1800,Pace,39689759,2,Jaydes Terror,LOSER,7.32,,,616.52,17,7.4,7.4,9.82,1572.18,1000,4.9,1000,16.19,207.55,,,,,,,9.8,10,1.05,0.97
26/07/2021,4:32:00 PM,4:33:24 PM,Globe Derby,SA,4,185667108,R4 1800m Pace M,185667109,Harness,1800,Pace,39689759,2,Jaydes Terror,LOSER,7.32,LOSER,2.61,616.52,17,7.4,7.4,9.82,1572.18,1000,4.9,1000,16.19,207.55,643.91,2.36,2.18,2.18,2.23,400.52,9.8,10,1.05,0.97
26/07/2021,4:32:00 PM,4:33:24 PM,Globe Derby,SA,4,185667108,R4 1800m Pace M,185624032,Harness,1800,Pace,27850952,3,Trappertwo,LOSER,29.89,,,127.14,400,22,23,31.93,270,1000,44,1000,233.64,12.2,,,,,,,32,42,1.05,0.97
26/07/2021,4:32:00 PM,4:33:24 PM,Globe Derby,SA,4,185667108,R4 1800m Pace M,185667109,Harness,1800,Pace,27850952,3,Trappertwo,LOSER,29.89,LOSER,6.95,127.14,400,22,23,31.93,270,1000,44,1000,233.64,12.2,216.02,16.5,5.5,5.5,10.36,46.49,32,42,1.05,0.97
26/07/2021,4:32:00 PM,4:33:24 PM,Globe Derby,SA,4,185667108,R4 1800m Pace M,185667109,Harness,1800,Pace,40297181,4,Mary Mcardle,LOSER,190,LOSER,58.65,18.45,580,130,170,189.16,17.77,1000,85,1000,479.38,1.46,33.93,32,32,32,32,10,130,180,1.05,0.97
26/07/2021,4:32:00 PM,4:33:24 PM,Globe Derby,SA,4,185667108,R4 1800m Pace M,185624032,Harness,1800,Pace,40297181,4,Mary Mcardle,LOSER,190,,,18.45,580,130,170,189.16,17.77,1000,85,1000,479.38,1.46,,,,,,,130,180,1.05,0.97
26/07/2021,4:32:00 PM,4:33:24 PM,Globe Derby,SA,4,185667108,R4 1800m Pace M,185667109,Harness,1800,Pace,40297182,5,Security System,LOSER,80,LOSER,19.09,69.2,580,55,65,70.11,155.54,1000,80,1000,196.65,7.9,54.61,9.2,8.6,9,8.92,20,65,75,1.05,0.97
26/07/2021,4:32:00 PM,4:33:24 PM,Globe Derby,SA,4,185667108,R4 1800m Pace M,185624032,Harness,1800,Pace,40297182,5,Security System,LOSER,80,,,69.2,580,55,65,70.11,155.54,1000,80,1000,196.65,7.9,,,,,,,65,75,1.05,0.97
26/07/2021,4:32:00 PM,4:33:24 PM,Globe Derby,SA,4,185667108,R4 1800m Pace M,185667109,Harness,1800,Pace,26825412,6,Miss Heston,WINNER,5.48,WINNER,1.96,668.25,6.2,3.9,5.2,5.31,3874.32,50,1.01,1.01,1.34,6755.3,573.36,2.12,1.74,1.95,2.07,80.44,4.9,5.5,1.05,0.97
26/07/2021,4:32:00 PM,4:33:24 PM,Globe Derby,SA,4,185667108,R4 1800m Pace M,185624032,Harness,1800,Pace,26825412,6,Miss Heston,WINNER,5.48,,,668.25,6.2,3.9,5.2,5.31,3874.32,50,1.01,1.01,1.34,6755.3,,,,,,,4.9,5.5,1.05,0.97
26/07/2021,4:32:00 PM,4:33:24 PM,Globe Derby,SA,4,185667108,R4 1800m Pace M,185624032,Harness,1800,Pace,40129419,7,Shelby Grace,LOSER,3.09,,,2266.41,7.2,3.45,3.45,4.09,1793.46,1000,2.2,1000,9.92,770.84,,,,,,,4,4.2,1.05,0.97
26/07/2021,4:32:00 PM,4:33:24 PM,Globe Derby,SA,4,185667108,R4 1800m Pace M,185667109,Harness,1800,Pace,40129419,7,Shelby Grace,LOSER,3.09,WINNER,1.59,2266.41,7.2,3.45,3.45,4.09,1793.46,1000,2.2,1000,9.92,770.84,920.36,1.78,1.63,1.63,1.7,312.23,4,4.2,1.05,0.97
26/07/2021,4:32:00 PM,4:33:24 PM,Globe Derby,SA,4,185667108,R4 1800m Pace M,185624032,Harness,1800,Pace,8220750,8,Letting Go,LOSER,39.33,,,105.31,180,38,38,43.11,115.91,1000,34,1000,63.02,23.99,,,,,,,40,42,1.05,0.97
26/07/2021,4:32:00 PM,4:33:24 PM,Globe Derby,SA,4,185667108,R4 1800m Pace M,185667109,Harness,1800,Pace,8220750,8,Letting Go,LOSER,39.33,LOSER,10.45,105.31,180,38,38,43.11,115.91,1000,34,1000,63.02,23.99,183.8,7,6.4,7,6.75,12.23,40,42,1.05,0.97
26/07/2021,4:32:00 PM,4:33:24 PM,Globe Derby,SA,4,185667108,R4 1800m Pace M,185624032,Harness,1800,Pace,38352160,9,Regal Breeze,LOSER,170,,,29.89,370,110,280,185.35,64.82,700,1.12,100,7.25,646.12,,,,,,,120,170,1.05,0.97
26/07/2021,4:32:00 PM,4:33:24 PM,Globe Derby,SA,4,185667108,R4 1800m Pace M,185667109,Harness,1800,Pace,38352160,9,Regal Breeze,LOSER,170,WINNER,508.5,29.89,370,110,280,185.35,64.82,700,1.12,100,7.25,646.12,,,,,,,120,170,1.05,0.97
26/07/2021,4:32:00 PM,4:33:24 PM,Globe Derby,SA,4,185667108,R4 1800m Pace M,185667109,Harness,1800,Pace,40297183,10,Hughey Heffner,LOSER,14.76,LOSER,3,647.26,16,2.54,16,5.34,3945.72,1000,4.9,1000,18.99,336.64,232.23,3.4,1.6,3,2.29,711.79,4.9,5.2,1.05,0.97
26/07/2021,4:32:00 PM,4:33:24 PM,Globe Derby,SA,4,185667108,R4 1800m Pace M,185624032,Harness,1800,Pace,40297183,10,Hughey Heffner,LOSER,14.76,,,647.26,16,2.54,16,5.34,3945.72,1000,4.9,1000,18.99,336.64,,,,,,,4.9,5.2,1.05,0.97
26/07/2021,5:07:00 PM,5:08:02 PM,Globe Derby,SA,5,185624033,R5 1800m Pace M,185624034,Harness,1800,Pace,16324367,1,Althegirlsinmylife,LOSER,131.93,LOSER,73.6,69.64,320,130,130,183.36,43.67,700,100,700,153.99,11,27.45,,,,,,140,180,1.01,0.99
26/07/2021,5:07:00 PM,5:08:02 PM,Globe Derby,SA,5,185624033,R5 1800m Pace M,185624034,Harness,1800,Pace,10673241,2,Im The Mighty Judd,LOSER,111.7,LOSER,40.76,61.39,170,80,85,106.9,59.74,730,10,700,57.61,34.59,28.33,,,,,,90,110,1.01,0.99
26/07/2021,5:07:00 PM,5:08:02 PM,Globe Derby,SA,5,185624033,R5 1800m Pace M,185624034,Harness,1800,Pace,18405097,3,Chenoa Princess,LOSER,100,LOSER,16,74.24,160,90,95,98.4,33.28,850,55,850,193.27,7.04,70.72,10.5,10.5,10.5,10.5,12,90,110,1.01,0.99
26/07/2021,5:07:00 PM,5:08:02 PM,Globe Derby,SA,5,185624033,R5 1800m Pace M,185624034,Harness,1800,Pace,9783389,4,Snapper Rocks,LOSER,14.54,LOSER,3.25,387.72,27,15.5,17,19.15,351.85,690,5.7,690,23.35,120.06,354.04,3.55,3.25,3.3,3.39,35.27,19,21,1.01,0.99
26/07/2021,5:07:00 PM,5:08:02 PM,Globe Derby,SA,5,185624033,R5 1800m Pace M,185624034,Harness,1800,Pace,13224965,5,Childers Road,LOSER,1.82,WINNER,1.18,2990.27,2.46,1.67,1.8,1.89,9994.42,690,1.72,680,3.9,2637.11,1604.12,1.26,1.17,1.17,1.2,83.38,1.89,1.9,1.01,0.99
26/07/2021,5:07:00 PM,5:08:02 PM,Globe Derby,SA,5,185624033,R5 1800m Pace M,185624034,Harness,1800,Pace,7601046,6,Sutter Man,WINNER,7.87,WINNER,1.93,486.47,7.8,5,7.6,5.8,1456.48,8,1.01,1.01,1.42,4216.32,895.96,1.94,1.51,1.94,1.77,114.76,5.8,5.9,1.01,0.99
26/07/2021,5:07:00 PM,5:08:02 PM,Globe Derby,SA,5,185624033,R5 1800m Pace M,185624034,Harness,1800,Pace,25372047,7,Alimonie,LOSER,7.09,WINNER,1.89,1187.78,10,6.2,8,8.58,1186.91,690,1.93,490,6.24,681.58,929.55,2.22,1.9,1.99,2.02,50.21,8,8.2,1.01,0.99
26/07/2021,5:07:00 PM,5:08:02 PM,Globe Derby,SA,5,185624033,R5 1800m Pace M,185624034,Harness,1800,Pace,7783343,8,Prince Of Whitby,LOSER,90,LOSER,15.38,82.17,110,38,95,66.2,145.63,750,70,750,206.27,8.19,99.98,27,11.5,27,13.34,5.02,80,110,1.01,0.99
26/07/2021,5:07:00 PM,5:08:02 PM,Globe Derby,SA,5,185624033,R5 1800m Pace M,185624034,Harness,1800,Pace,27560169,9,Areuohkay,LOSER,110,LOSER,37.85,58.3,190,55,140,98.43,27.08,700,6.6,700,58.62,22.91,48.02,,,,,,95,120,1.01,0.99
26/07/2021,5:07:00 PM,5:08:02 PM,Globe Derby,SA,5,185624033,R5 1800m Pace M,185624034,Harness,1800,Pace,28092144,10,Northern Terror,LOSER,13.24,LOSER,2.34,542.13,17,6.4,14,12.98,2394.51,690,7,470,15.51,427.58,1326.02,2.96,2.1,2.68,2.39,310.87,12,12.5,1.01,0.99
26/07/2021,5:35:00 PM,5:35:57 PM,Globe Derby,SA,6,185624035,R6 1800m Pace M,185624036,Harness,1800,Pace,39529012,1,Summerdays,LOSER,4.64,WINNER,1.67,1367.18,6.4,3.7,4.3,4.14,5339.83,690,2.1,380,4.39,747.28,2408.1,1.91,1.65,1.67,1.67,757.24,4.1,4.2,1.03,0.98
26/07/2021,5:35:00 PM,5:35:57 PM,Globe Derby,SA,6,185624035,R6 1800m Pace M,185624036,Harness,1800,Pace,38284982,2,Champagne Legacy,LOSER,219.82,LOSER,19.27,47.34,250,100,210,133.14,54.77,890,46,890,152.05,17.42,27.94,15,12.5,15,13.94,10,130,140,1.03,0.98
26/07/2021,5:35:00 PM,5:35:57 PM,Globe Derby,SA,6,185624035,R6 1800m Pace M,185624036,Harness,1800,Pace,35383002,3,Quadricep,LOSER,7.31,WINNER,2.31,1522.56,19.5,7.8,8.2,10.08,1061.73,1000,5.8,690,12.47,774.78,378.99,3.3,2.4,2.4,2.88,315.51,9.6,10.5,1.03,0.98
26/07/2021,5:35:00 PM,5:35:57 PM,Globe Derby,SA,6,185624035,R6 1800m Pace M,185624036,Harness,1800,Pace,31579443,4,Stylish Heaven,LOSER,5.45,LOSER,1.99,1252.44,9,5,5.4,5.42,2664.8,870,4.1,690,31.29,120.56,711.61,2.28,1.8,1.93,1.93,74.89,5.1,5.3,1.03,0.98
26/07/2021,5:35:00 PM,5:35:57 PM,Globe Derby,SA,6,185624035,R6 1800m Pace M,185624036,Harness,1800,Pace,28290694,5,Blacktop Rock,WINNER,4,WINNER,1.82,1470.85,4.2,2.04,4.1,3.5,5616.83,6.4,1.01,1.01,1.15,3617.68,1100.74,5.6,1.51,1.8,1.68,261.9,3.65,3.8,1.03,0.98
26/07/2021,5:35:00 PM,5:35:57 PM,Globe Derby,SA,6,185624035,R6 1800m Pace M,185624036,Harness,1800,Pace,10125553,6,Dashingthruthefire,LOSER,298.11,LOSER,44.66,37.36,490,130,270,191.66,45.82,880,270,880,333.94,7.04,49.84,17.5,17.5,17.5,17.5,30,170,190,1.03,0.98
26/07/2021,5:35:00 PM,5:35:57 PM,Globe Derby,SA,6,185624035,R6 1800m Pace M,185624036,Harness,1800,Pace,37705243,7,Whistle On By,LOSER,34.3,LOSER,6.55,115.07,60,29,32,35.66,196.23,690,20,510,45.74,63.83,132.95,7,5.1,5.5,6.3,33.17,30,36,1.03,0.98
26/07/2021,5:35:00 PM,5:35:57 PM,Globe Derby,SA,6,185624035,R6 1800m Pace M,185624036,Harness,1800,Pace,15328747,8,Ymbro Bump,LOSER,10.29,LOSER,2.57,895.09,16.5,6.2,11,11.03,881.52,690,5,690,17.96,145.77,508.75,2.78,2.46,2.48,2.57,78.86,12.5,13.5,1.03,0.98
26/07/2021,5:35:00 PM,5:35:57 PM,Globe Derby,SA,6,185624035,R6 1800m Pace M,185624036,Harness,1800,Pace,40297184,9,Lillyshelaine,LOSER,29.86,LOSER,6.65,196.31,46,18.5,28,28.86,197.36,690,13,680,32.74,73.35,286.69,6,6,6,6,10,30,32,1.03,0.98
26/07/2021,5:35:00 PM,5:35:57 PM,Globe Derby,SA,6,185624035,R6 1800m Pace M,185624036,Harness,1800,Pace,40297185,10,Major Mad,LOSER,18.51,LOSER,6.02,213.38,29,15.5,18.5,19.29,457.37,1000,8.4,1000,28.77,113.78,39.36,,,,,,18.5,19.5,1.03,0.98
26/07/2021,11:35:00 AM,11:36:40 AM,Maryborough,VIC,1,185621674,R1 2190m Trot M,185621675,Harness,2190,Trot,40297446,1,Blondies Blis,LOSER,376.68,LOSER,25.42,26.13,394.78,28.89,385.15,275.68,56.03,900,308.12,900,397.95,18.04,7.48,16.07,16.07,16.07,16.07,3.64,160,220,1.01,0.96
26/07/2021,11:35:00 AM,11:36:40 AM,Maryborough,VIC,1,185621674,R1 2190m Trot M,185621675,Harness,2190,Trot,40297447,2,My Jerry,LOSER,15.85,LOSER,4.07,245.43,18.78,8.28,12.52,11.63,761.23,710,14.44,550,73.02,42.01,351.85,2.87,2.83,2.87,2.85,25.68,11,12,1.01,0.96
26/07/2021,11:35:00 AM,11:36:40 AM,Maryborough,VIC,1,185621674,R1 2190m Trot M,185621675,Harness,2190,Trot,40297448,3,Aldebaran Vera,LOSER,5.81,WINNER,5.68,533.8,5.68,4.81,5.39,5.08,1263.84,460,4,460,24.52,123.41,,4.65,2.31,2.5,3.94,291.89,5,5.3,1.01,0.96
26/07/2021,11:35:00 AM,11:36:40 AM,Maryborough,VIC,1,185621674,R1 2190m Trot M,185621675,Harness,2190,Trot,40297449,4,Aldebaran Boyd,LOSER,11.71,LOSER,2.8,324.01,14.44,7.7,11.07,10.02,554.45,1000,11.55,1000,44.8,74.57,352.69,2.41,2.33,2.41,2.37,45.21,9.6,10.5,1.01,0.96
26/07/2021,11:35:00 AM,11:36:40 AM,Maryborough,VIC,1,185621674,R1 2190m Trot M,185621675,Harness,2190,Trot,40297450,5,Aussie Muscle,LOSER,3.74,LOSER,1.54,572.66,4.53,2.89,3.51,3.61,4989.43,690,1.58,680,4.5,1569.41,1022.11,1.77,1.47,1.47,1.53,127.2,3.75,3.85,1.01,0.96
26/07/2021,11:35:00 AM,11:36:40 AM,Maryborough,VIC,1,185621674,R1 2190m Trot M,185621675,Harness,2190,Trot,3941242,6,Constant,LOSER,238.2,LOSER,58.07,25.7,259.98,28.89,250.35,195.71,60.21,700,221.46,700,458.25,6.81,,27.48,22,25.66,26.04,83.84,200,240,1.01,0.96
26/07/2021,11:35:00 AM,11:36:40 AM,Maryborough,VIC,1,185621674,R1 2190m Trot M,185621675,Harness,2190,Trot,40297451,7,Sir Eros,WINNER,7.88,WINNER,2.7,402.42,8.09,5.3,7.13,6.67,1414.09,12,1.01,1.01,1.33,758.58,141.05,2.72,1.89,1.89,2.22,194.02,7,7.2,1.01,0.96
26/07/2021,11:35:00 AM,11:36:40 AM,Maryborough,VIC,1,185621674,R1 2190m Trot M,185621675,Harness,2190,Trot,40297452,8,Alfie Always,LOSER,37.68,LOSER,6.09,82.4,48.14,13.96,32.74,28.53,343.79,720,19,690,169.2,8.53,253.06,6.11,5.93,5.93,6.07,29.88,34,44,1.01,0.96
26/07/2021,11:35:00 AM,11:36:40 AM,Maryborough,VIC,1,185621674,R1 2190m Trot M,185621675,Harness,2190,Trot,40297453,9,Keayang Chucky,LOSER,5.92,WINNER,2.04,597.66,6.74,4.62,5.3,5.48,750.82,60,4.1,50,6.29,111.57,388.48,2.11,1.79,1.88,1.85,47.1,5.9,6.2,1.01,0.96
26/07/2021,12:10:00 PM,12:11:10 PM,Maryborough,VIC,2,185621676,R2 1690m Pace M,185621677,Harness,1690,Pace,2353953,1,Inclement,LOSER,37.22,LOSER,3.75,93.82,40,11.5,36,22.23,536.24,1000,44,1000,163.93,23.03,438.2,4,2.82,3.75,3.42,271.97,32,34,1.02,0.99
26/07/2021,12:10:00 PM,12:11:10 PM,Maryborough,VIC,2,185621676,R2 1690m Pace M,185621677,Harness,1690,Pace,40297454,2,Trumpys Legend,LOSER,54.28,LOSER,5.55,64.87,60,30,48,39.96,160.11,690,10.5,690,245.85,11.02,201.33,4.4,4.4,4.4,4.4,4.01,32,36,1.02,0.99
26/07/2021,12:10:00 PM,12:11:10 PM,Maryborough,VIC,2,185621676,R2 1690m Pace M,185621677,Harness,1690,Pace,40249152,3,Ashford Shark,LOSER,19.23,LOSER,3.3,183.67,32,19,20,22.26,667.12,1000,11.5,1000,194.28,41.51,440.36,3,3,3,3,14.36,22,25,1.02,0.99
26/07/2021,12:10:00 PM,12:11:10 PM,Maryborough,VIC,2,185621676,R2 1690m Pace M,185621677,Harness,1690,Pace,40297455,4,Borntoboom,LOSER,1.35,LOSER,1.18,2531.54,1.72,1.35,1.36,1.43,16265.58,690,1.34,270,5.44,597.16,1335.38,1.53,1.09,1.12,1.14,4658.35,1.4,1.42,1.02,0.99
26/07/2021,12:10:00 PM,12:11:10 PM,Maryborough,VIC,2,185621676,R2 1690m Pace M,185621677,Harness,1690,Pace,40297456,5,Ittakesluv,LOSER,75,WINNER,5.14,64.45,95,30,60,62.94,256.02,690,8.6,690,34.5,148,147.86,5.3,4.7,4.9,4.92,520.99,48,50,1.02,0.99
26/07/2021,12:10:00 PM,12:11:10 PM,Maryborough,VIC,2,185621676,R2 1690m Pace M,185621677,Harness,1690,Pace,40297457,6,Maywyn Rockfield,LOSER,18.93,WINNER,3.77,218.43,34,17,20,19.45,224.33,690,16.5,680,37.67,24.86,486.59,3.4,2.88,3.15,3.04,69.31,19.5,20,1.02,0.99
26/07/2021,12:10:00 PM,12:11:10 PM,Maryborough,VIC,2,185621676,R2 1690m Pace M,185621677,Harness,1690,Pace,40297458,7,Ima Charma,LOSER,38.16,LOSER,3.85,98.28,55,23,38,38.66,135,690,11.5,210,48.28,24.8,448.74,3.6,3.4,3.6,3.46,40,30,32,1.02,0.99
26/07/2021,12:10:00 PM,12:11:10 PM,Maryborough,VIC,2,185621676,R2 1690m Pace M,185621677,Harness,1690,Pace,10056858,8,District Attorney,WINNER,12.5,WINNER,1.92,186.07,12,5.9,12,9.99,1156.15,14.5,1.01,1.01,1.53,1032,1437.33,2.04,1.77,2.04,1.88,360.77,11,11.5,1.02,0.99
26/07/2021,12:47:00 PM,12:47:58 PM,Maryborough,VIC,3,185621678,R3 1690m Pace M,185621679,Harness,1690,Pace,10779645,1,Crafty Old Fox,WINNER,132.72,WINNER,23.51,44.28,160,1.14,120,91.9,42.75,180,1.02,1.02,1.91,911.15,81.68,,,,,,100,110,1.03,0.99
26/07/2021,12:47:00 PM,12:47:58 PM,Maryborough,VIC,3,185621678,R3 1690m Pace M,185621679,Harness,1690,Pace,36154758,2,Billabong Madi,LOSER,563.06,LOSER,113.55,7.66,400,30,400,238.88,6.48,690,400,690,563.88,6.05,22.76,110,110,110,110,0.01,280,400,1.03,0.99
26/07/2021,12:47:00 PM,12:47:58 PM,Maryborough,VIC,3,185621678,R3 1690m Pace M,185621679,Harness,1690,Pace,24730198,3,Sport Dreamer,LOSER,15.54,LOSER,3.51,358.11,17,1.15,14.5,12.82,1187.62,690,3,690,7.63,392.92,500.99,3.1,2.4,3.05,2.84,31.47,12,12.5,1.03,0.99
26/07/2021,12:47:00 PM,12:47:58 PM,Maryborough,VIC,3,185621678,R3 1690m Pace M,185621679,Harness,1690,Pace,14736324,4,Oscar Bravo,LOSER,36,LOSER,7,98.86,40,1.15,36,30.44,98.2,690,36,690,57.69,40.84,255.99,6.8,5,6.8,6.76,9.51,34,38,1.03,0.99
26/07/2021,12:47:00 PM,12:47:58 PM,Maryborough,VIC,3,185621678,R3 1690m Pace M,185621679,Harness,1690,Pace,25166027,5,Jak Magic,LOSER,38,LOSER,5.61,127.84,60,1.19,32,29.45,122.48,690,34,110,46.76,30.68,279.12,4,4,4,4,31.83,28,32,1.03,0.99
26/07/2021,12:47:00 PM,12:47:58 PM,Maryborough,VIC,3,185621678,R3 1690m Pace M,185621679,Harness,1690,Pace,23331409,6,Reddy Major,LOSER,4.81,WINNER,1.77,725.52,5.6,1.14,4.6,4.58,3278.97,690,2.1,690,11.39,251.05,1078.32,1.84,1.63,1.73,1.84,32.63,4.7,4.9,1.03,0.99
26/07/2021,12:47:00 PM,12:47:58 PM,Maryborough,VIC,3,185621678,R3 1690m Pace M,185621679,Harness,1690,Pace,38677515,7,Wingate Guy,LOSER,3.5,LOSER,1.57,1051.21,5.2,1.14,3.65,3.68,3932.46,110,1.51,110,5.92,191.58,1468.83,1.82,1.48,1.66,1.63,24.12,3.7,3.8,1.03,0.99
26/07/2021,12:47:00 PM,12:47:58 PM,Maryborough,VIC,3,185621678,R3 1690m Pace M,185621679,Harness,1690,Pace,12272699,8,Ferocious Son,LOSER,6.4,WINNER,2.13,712.28,15.5,6.2,6.4,7.72,1825.36,110,6.4,110,11.03,109.77,858.88,3.05,1.7,1.9,2.13,102.96,6.4,6.6,1.03,0.99
26/07/2021,12:47:00 PM,12:47:58 PM,Maryborough,VIC,3,185621678,R3 1690m Pace M,185621679,Harness,1690,Pace,40297459,9,Bigjimvalentine,LOSER,4.71,LOSER,1.82,1139,4.9,3.3,4.5,4.34,9580.42,460,1.45,90,7.56,233.54,823.87,1.87,1.55,1.86,1.67,813.11,4.4,4.5,1.03,0.99
26/07/2021,1:22:00 PM,1:22:40 PM,Maryborough,VIC,4,185621680,R4 1690m Trot M,185621681,Harness,1690,Trot,25055039,1,Black And Gold,LOSER,4.1,WINNER,1.74,1005.17,5.2,3.55,4.1,3.9,4319.63,110,3.85,110,6.39,303.11,1564.58,1.96,1.59,1.61,1.67,1719.84,3.7,3.8,1.01,0.98
26/07/2021,1:22:00 PM,1:22:40 PM,Maryborough,VIC,4,185621680,R4 1690m Trot M,185621681,Harness,1690,Trot,18855465,2,Mumstheword,LOSER,44,WINNER,11.1,112.78,48,28,38,41.05,111.03,680,12.5,110,32.46,48.76,213.53,,,,,,40,42,1.01,0.98
26/07/2021,1:22:00 PM,1:22:40 PM,Maryborough,VIC,4,185621680,R4 1690m Trot M,185621681,Harness,1690,Trot,9325204,4,A Nip Will Do,LOSER,17.18,LOSER,4.12,343.13,21,6.8,19,13.69,396.35,690,7,690,20.14,92.23,156.5,3.4,3.4,3.4,3.4,0.36,18,21,1.01,0.98
26/07/2021,1:22:00 PM,1:22:40 PM,Maryborough,VIC,4,185621680,R4 1690m Trot M,185621681,Harness,1690,Trot,12700036,5,Dellsun,LOSER,2.72,LOSER,1.46,2219.1,3.4,2.7,2.76,2.87,7361.74,460,2.12,70,3.54,1346.24,636.53,1.58,1.4,1.45,1.44,206.03,2.84,2.88,1.01,0.98
26/07/2021,1:22:00 PM,1:22:40 PM,Maryborough,VIC,4,185621680,R4 1690m Trot M,185621681,Harness,1690,Trot,11649295,6,Uncle Al,LOSER,7.8,LOSER,2.44,552.47,13,7.6,7.8,9.42,1324.4,890,5.9,690,41,390.36,344.03,3,2.2,2.34,2.36,71.08,9.6,9.8,1.01,0.98
26/07/2021,1:22:00 PM,1:22:40 PM,Maryborough,VIC,4,185621680,R4 1690m Trot M,185621681,Harness,1690,Trot,40297460,7,Jordans Mate,WINNER,14.01,WINNER,3.21,419.11,16,10,14.5,11.16,695.93,14.5,1.01,1.01,2.55,1490.04,434.49,3.4,2.74,3.25,2.97,61.6,11.5,12,1.01,0.98
26/07/2021,1:22:00 PM,1:22:40 PM,Maryborough,VIC,4,185621680,R4 1690m Trot M,185621681,Harness,1690,Trot,25521975,8,Highway Huntsman,LOSER,19,LOSER,3.98,310.52,21,11,18.5,17.94,167.29,690,14.5,280,43.96,31.76,561.14,5,3.95,4.3,4.25,29.15,18,18.5,1.01,0.98
26/07/2021,1:22:00 PM,1:22:40 PM,Maryborough,VIC,4,185621680,R4 1690m Trot M,185621681,Harness,1690,Trot,38902170,9,Ellen Ruval,LOSER,120.55,LOSER,34.19,45.65,160,30,120,120.82,40.58,700,120,700,186.28,5.59,54.11,,,,,,120,130,1.01,0.98
26/07/2021,1:22:00 PM,1:22:40 PM,Maryborough,VIC,4,185621680,R4 1690m Trot M,185621681,Harness,1690,Trot,13715321,10,Coconut Sunrise,LOSER,364.26,LOSER,82.92,20.86,370,30,370,207.49,7.82,700,360,690,454.62,2.19,10,80,80,80,80,0.01,250,360,1.01,0.98
26/07/2021,1:22:00 PM,1:22:40 PM,Maryborough,VIC,4,185621680,R4 1690m Trot M,185621681,Harness,1690,Trot,40208967,11,Kaylasister,LOSER,16.76,LOSER,4.34,330.38,28,13.5,18.5,21.39,174.22,280,8.2,280,23.22,45.25,493.09,4.8,4.8,4.8,4.8,33.04,19.5,22,1.01,0.98
26/07/2021,1:57:00 PM,1:58:11 PM,Maryborough,VIC,5,185621682,R5 2190m Pace M,185621683,Harness,2190,Pace,25114051,1,Im Jollygood,LOSER,75,LOSER,9.2,68.95,90,42,70,61.26,33.78,690,65,690,147.32,8.84,5,9.2,9.2,9.2,9.2,5,50,60,1.03,0.97
26/07/2021,1:57:00 PM,1:58:11 PM,Maryborough,VIC,5,185621682,R5 2190m Pace M,185621683,Harness,2190,Pace,8881446,2,Our Pontiac,LOSER,38,LOSER,7.97,133.06,48,32,38,38.82,78.79,690,3.6,350,14.68,192.24,83.44,7.6,6.8,6.8,7.14,49.61,38,42,1.03,0.97
26/07/2021,1:57:00 PM,1:58:11 PM,Maryborough,VIC,5,185621682,R5 2190m Pace M,185621683,Harness,2190,Pace,973755,3,Oh So Easy,LOSER,8.2,LOSER,2.98,498.31,8.8,6.8,8.2,7.71,246.24,690,5.3,690,24.06,159.78,221.25,2.56,2.56,2.56,2.56,0.41,7.8,8.6,1.03,0.97
26/07/2021,1:57:00 PM,1:58:11 PM,Maryborough,VIC,5,185621682,R5 2190m Pace M,185621683,Harness,2190,Pace,39395744,4,Kiwi Kalahari,LOSER,73.11,LOSER,23.5,68.65,100,55,75,69.92,29.31,690,60,690,85.74,32.44,,,,,,,60,75,1.03,0.97
26/07/2021,1:57:00 PM,1:58:11 PM,Maryborough,VIC,5,185621682,R5 2190m Pace M,185621683,Harness,2190,Pace,13434604,5,Forest Force,LOSER,6.47,WINNER,2.5,583.7,9.2,5.9,6.4,6.51,1363.59,690,2.76,490,6.4,850.34,674.54,2.28,2.22,2.28,2.24,0.58,7,7.4,1.03,0.97
26/07/2021,1:57:00 PM,1:58:11 PM,Maryborough,VIC,5,185621682,R5 2190m Pace M,185621683,Harness,2190,Pace,35818963,6,Courts Bliss,LOSER,24.81,LOSER,7.4,170.87,48,26,29,34.51,121.9,690,24,690,56.96,48.51,161.43,7,6.4,6.4,6.83,46.99,27,29,1.03,0.97
26/07/2021,1:57:00 PM,1:58:11 PM,Maryborough,VIC,5,185621682,R5 2190m Pace M,185621683,Harness,2190,Pace,18129808,7,Rocknroll Opal,LOSER,10,LOSER,3.08,525.62,12,6.8,10,9.77,287.81,690,6.4,690,19.32,156.71,693.13,3.1,2.56,3.1,2.56,10.06,10.5,11,1.03,0.97
26/07/2021,1:57:00 PM,1:58:11 PM,Maryborough,VIC,5,185621682,R5 2190m Pace M,185621683,Harness,2190,Pace,28304093,8,Snazola,LOSER,31.64,LOSER,8,148.35,42,25,34,33.69,136.26,690,25,690,54.04,17.09,45.71,7.4,5.9,7.2,6.24,138.16,38,42,1.03,0.97
26/07/2021,1:57:00 PM,1:58:11 PM,Maryborough,VIC,5,185621682,R5 2190m Pace M,185621683,Harness,2190,Pace,23924984,9,Crime Boss,WINNER,8.08,WINNER,2.76,514.65,9.6,7.2,7.4,8.03,640.07,38,1.01,1.01,1.55,1596.97,379.21,2.64,2.56,2.56,2.6,22.32,8,8.2,1.03,0.97
26/07/2021,1:57:00 PM,1:58:11 PM,Maryborough,VIC,5,185621682,R5 2190m Pace M,185621683,Harness,2190,Pace,40061892,10,Nai Harn Bay,LOSER,5.5,LOSER,2.41,513.07,5.8,4.5,5.3,5.22,738.92,690,4.1,680,10.84,252.55,1206.86,2.46,2,2.46,2.32,81.49,5.2,5.6,1.03,0.97
26/07/2021,1:57:00 PM,1:58:11 PM,Maryborough,VIC,5,185621682,R5 2190m Pace M,185621683,Harness,2190,Pace,38629292,11,Jong Ang,LOSER,5.55,WINNER,1.98,642.59,5.4,3.9,5.4,4.45,1505.57,460,1.12,460,6.4,264.51,765.22,2.02,1.75,2.02,1.8,1185.52,4.5,4.7,1.03,0.97
26/07/2021,2:32:00 PM,2:32:54 PM,Maryborough,VIC,6,185621684,R6 2190m Trot M,185621685,Harness,2190,Trot,36154650,1,Queen Invasion,WINNER,9.64,WINNER,2.25,651.49,11,8,10.5,9.32,1596.15,40,1.12,1.14,4.71,282.78,829.79,2.58,2.08,2.2,2.19,534.94,9.8,10.5,1.02,0.98
26/07/2021,2:32:00 PM,2:32:54 PM,Maryborough,VIC,6,185621684,R6 2190m Trot M,185621685,Harness,2190,Trot,39602814,2,Lady In The Sky,LOSER,2.2,WINNER,1.34,3655.12,2.5,2.06,2.24,2.3,9965.35,490,1.65,140,3.43,1888.91,786.24,1.41,1.26,1.34,1.3,903.19,2.34,2.4,1.02,0.98
26/07/2021,2:32:00 PM,2:32:54 PM,Maryborough,VIC,6,185621684,R6 2190m Trot M,185621685,Harness,2190,Trot,37618533,3,Silent Reverie,LOSER,13.48,LOSER,3.6,648.54,27,13.5,14,17.17,1685.16,110,13,28,19.11,100.37,425.5,3.8,3.05,3.4,3.32,80.42,17,18.5,1.02,0.98
26/07/2021,2:32:00 PM,2:32:54 PM,Maryborough,VIC,6,185621684,R6 2190m Trot M,185621685,Harness,2190,Trot,40297461,4,Keayang Xena,LOSER,7.6,LOSER,2.02,923.68,8.2,5.2,7.6,6.97,1432.24,290,2.38,4.7,7.09,288.65,751.17,2.04,1.99,1.99,2,26.39,6.8,7.2,1.02,0.98
26/07/2021,2:32:00 PM,2:32:54 PM,Maryborough,VIC,6,185621684,R6 2190m Trot M,185621685,Harness,2190,Trot,40297462,5,Paramount Princess,LOSER,5.8,LOSER,2.06,997.37,8.8,5.2,5.8,6,5721.04,70,5.8,60,12.37,230.13,696.62,2.1,1.87,2.1,2.04,1646.94,5.3,5.4,1.02,0.98
26/07/2021,2:32:00 PM,2:32:54 PM,Maryborough,VIC,6,185621684,R6 2190m Trot M,185621685,Harness,2190,Trot,40297463,6,Evas Image,LOSER,15.57,LOSER,3.35,379.31,21,13.5,16,17.38,411.25,190,2.2,2.2,22.89,70.79,370.4,3.45,3.35,3.35,3.41,198.41,17.5,18,1.02,0.98
26/07/2021,2:32:00 PM,2:32:54 PM,Maryborough,VIC,6,185621684,R6 2190m Trot M,185621685,Harness,2190,Trot,36255282,7,Tictok,LOSER,55,LOSER,9.95,145.61,70,26,65,43.1,255.64,110,38,38,47.19,4.69,97.76,,,,,,46,60,1.02,0.98
26/07/2021,2:32:00 PM,2:32:54 PM,Maryborough,VIC,6,185621684,R6 2190m Trot M,185621685,Harness,2190,Trot,40297464,8,Riley Moment,LOSER,35.68,WINNER,10.66,218.18,70,28,48,46.56,280.96,300,8,8,40.4,40.87,182.72,10.5,10.5,10.5,10.5,0.11,55,65,1.02,0.98
26/07/2021,3:07:00 PM,3:07:49 PM,Maryborough,VIC,7,185621686,R7 1690m Pace M,185621687,Harness,1690,Pace,18833896,1,Masake,LOSER,70,LOSER,9.24,183.35,95,42,65,73.91,443.16,690,70,290,81.01,16.1,77.52,,,,,,65,70,1.03,0.99
26/07/2021,3:07:00 PM,3:07:49 PM,Maryborough,VIC,7,185621686,R7 1690m Pace M,185621687,Harness,1690,Pace,3894310,2,Wanted Lady,LOSER,110.86,LOSER,34.09,92.4,190,65,190,82.04,66.63,780,30,780,72.32,39.17,56.14,46,19,28,34.86,0.21,100,110,1.03,0.99
26/07/2021,3:07:00 PM,3:07:49 PM,Maryborough,VIC,7,185621686,R7 1690m Pace M,185621687,Harness,1690,Pace,4469411,3,Rock The Nation,LOSER,4.9,LOSER,1.87,2362.94,5.9,3.9,4.6,4.51,3635.53,690,4,690,12.37,253.18,1127.94,1.92,1.53,1.57,1.62,87.14,4.5,4.7,1.03,0.99
26/07/2021,3:07:00 PM,3:07:49 PM,Maryborough,VIC,7,185621686,R7 1690m Pace M,185621687,Harness,1690,Pace,25191724,4,Ultimate Me,LOSER,11.6,WINNER,2.72,989.7,15,5.2,13,11.71,869.73,640,1.16,120,22.43,373.76,417.69,2.82,2.42,2.46,2.51,167.79,13.5,14.5,1.03,0.99
26/07/2021,3:07:00 PM,3:07:49 PM,Maryborough,VIC,7,185621686,R7 1690m Pace M,185621687,Harness,1690,Pace,10475142,5,Dallas Nikolay,LOSER,73.31,LOSER,10,180.6,140,60,70,72.58,172.4,690,90,330,112.38,8.66,5,10,10,10,10,5,60,65,1.03,0.99
26/07/2021,3:07:00 PM,3:07:49 PM,Maryborough,VIC,7,185621686,R7 1690m Pace M,185621687,Harness,1690,Pace,20259715,6,Dealmaker,LOSER,3.56,LOSER,1.46,1490.25,3.75,2.7,3.45,3.2,10003.45,690,2.98,680,6.66,609.97,1222.64,1.54,1.41,1.52,1.48,358.43,3.05,3.15,1.03,0.99
26/07/2021,3:07:00 PM,3:07:49 PM,Maryborough,VIC,7,185621686,R7 1690m Pace M,185621687,Harness,1690,Pace,28286705,7,Blue Vein Fitz,LOSER,44,WINNER,7.74,223.5,46,23,44,31.54,122.18,690,44,680,82.6,8.66,75.46,,,,,,38,40,1.03,0.99
26/07/2021,3:07:00 PM,3:07:49 PM,Maryborough,VIC,7,185621686,R7 1690m Pace M,185621687,Harness,1690,Pace,621426,8,Tropical Storm,LOSER,21.9,LOSER,4.5,264.81,60,22,24,29.59,399.12,990,21,690,50.01,26.31,233.37,4.5,4.4,4.4,4.46,8.74,27,29,1.03,0.99
26/07/2021,3:07:00 PM,3:07:49 PM,Maryborough,VIC,7,185621686,R7 1690m Pace M,185621687,Harness,1690,Pace,27341226,9,Major Watson,WINNER,3.25,WINNER,1.57,1892.87,5.3,3.1,3.15,3.46,7135.27,4.8,1.01,1.01,1.38,3507.82,1218.33,1.68,1.55,1.55,1.57,274.98,3.35,3.45,1.03,0.99
26/07/2021,3:42:00 PM,3:42:36 PM,Maryborough,VIC,8,185621688,R8 1690m Pace M,185621689,Harness,1690,Pace,22954616,1,Silver Domino,WINNER,6.02,WINNER,2.1,931.51,7.2,5.3,5.7,5.7,1594.36,85,1.03,1.05,2.52,2162.28,245.58,2.22,1.99,2,2.02,479.64,5.5,5.9,1.03,0.97
26/07/2021,3:42:00 PM,3:42:36 PM,Maryborough,VIC,8,185621688,R8 1690m Pace M,185621689,Harness,1690,Pace,13262288,2,Rose Cooper,LOSER,56.48,LOSER,7.09,175.53,100,22,80,44.63,182.53,740,55,740,271.63,14.18,195.67,8.4,6.2,8.4,7.35,25.27,50,55,1.03,0.97
26/07/2021,3:42:00 PM,3:42:36 PM,Maryborough,VIC,8,185621688,R8 1690m Pace M,185621689,Harness,1690,Pace,25505901,3,Trent From Punchy,LOSER,77.08,LOSER,16.2,110.55,110,29,100,53.47,118.14,920,75,920,299.67,6.97,109.64,,,,,,50,60,1.03,0.97
26/07/2021,3:42:00 PM,3:42:36 PM,Maryborough,VIC,8,185621688,R8 1690m Pace M,185621689,Harness,1690,Pace,36526733,4,Clarenden Envoy,LOSER,6.31,WINNER,2.38,651.73,13,5.5,5.7,6.53,4133.68,60,1.36,28,5.03,643.84,528.22,2.72,2.1,2.1,2.15,8.89,6.2,6.6,1.03,0.97
26/07/2021,3:42:00 PM,3:42:36 PM,Maryborough,VIC,8,185621688,R8 1690m Pace M,185621689,Harness,1690,Pace,16125177,5,Sassyola,LOSER,45.98,LOSER,6.19,154.82,46,27,42,32.61,311.94,690,14.5,300,66.85,16.88,221.01,7,6,7,6.27,52.94,30,32,1.03,0.97
26/07/2021,3:42:00 PM,3:42:36 PM,Maryborough,VIC,8,185621688,R8 1690m Pace M,185621689,Harness,1690,Pace,27559857,6,Van Niekerk,LOSER,17.09,LOSER,4.6,342.87,24,13,16.5,16.27,423.56,690,4.9,690,15.61,273.23,433.24,3.9,3.7,3.75,3.76,179.78,14.5,15.5,1.03,0.97
26/07/2021,3:42:00 PM,3:42:36 PM,Maryborough,VIC,8,185621688,R8 1690m Pace M,185621689,Harness,1690,Pace,11120500,7,Stunning I Am,LOSER,57.12,LOSER,6.38,170.86,60,20,50,44.73,155.7,690,25,690,88.98,13.34,341.64,7.4,5,5,6.38,57.08,50,55,1.03,0.97
26/07/2021,3:42:00 PM,3:42:36 PM,Maryborough,VIC,8,185621688,R8 1690m Pace M,185621689,Harness,1690,Pace,40297465,8,Matts Delight,LOSER,9.8,LOSER,2.85,1299.99,12.5,5.1,10,9.35,1384.28,280,3.2,190,8.77,539,721.49,3.4,2.02,3.1,2.85,171.47,11,11.5,1.03,0.97
26/07/2021,3:42:00 PM,3:42:36 PM,Maryborough,VIC,8,185621688,R8 1690m Pace M,185621689,Harness,1690,Pace,11953558,9,Hard Rock Shannon,LOSER,4.95,LOSER,2,1316.38,7.8,4.4,4.8,5.13,4403.07,290,1.69,40,3.31,874.55,349.24,2.36,1.86,1.86,1.99,220.13,5,5.2,1.03,0.97
26/07/2021,3:42:00 PM,3:42:36 PM,Maryborough,VIC,8,185621688,R8 1690m Pace M,185621689,Harness,1690,Pace,10614285,10,Return Soldier,LOSER,5,WINNER,1.72,1706.26,4.9,2.92,4.4,4.04,6631.08,110,3.15,110,5.11,1160.62,746.12,1.86,1.54,1.72,1.74,911.9,4.3,4.5,1.03,0.97
26/07/2021,4:17:00 PM,4:17:59 PM,Maryborough,VIC,9,185621690,R9 2190m Trot M,185621691,Harness,2190,Trot,36781780,1,Whose Me Mum,WINNER,4.4,WINNER,1.9,2058.23,8.2,4,4.7,4.6,3702.21,48,1.08,1.36,2.55,1781.54,442.31,2.3,1.71,1.72,1.76,103.06,4.1,4.4,1.03,0.98
26/07/2021,4:17:00 PM,4:17:59 PM,Maryborough,VIC,9,185621690,R9 2190m Trot M,185621691,Harness,2190,Trot,39859010,2,Cohen Road Kate,LOSER,34.96,LOSER,17.39,117.4,50,24,40,36.79,250.87,300,17.5,300,31.91,37.53,98.03,6.8,6.8,6.8,6.8,0.04,40,42,1.03,0.98
26/07/2021,4:17:00 PM,4:17:59 PM,Maryborough,VIC,9,185621690,R9 2190m Trot M,185621691,Harness,2190,Trot,40297466,3,Hidden Fire,LOSER,105.64,LOSER,69.27,57.3,150,65,150,91.13,33.72,690,50,270,97.11,11.27,27.64,130,36,130,68.8,0.07,75,80,1.03,0.98
26/07/2021,4:17:00 PM,4:17:59 PM,Maryborough,VIC,9,185621690,R9 2190m Trot M,185621691,Harness,2190,Trot,40100023,4,Roshambo,LOSER,3.66,LOSER,1.67,1969.45,4.3,3.3,3.65,3.78,3989.67,1000,3.4,1000,39.49,238.99,1090.04,1.8,1.5,1.61,1.64,397.17,3.75,3.8,1.03,0.98
26/07/2021,4:17:00 PM,4:17:59 PM,Maryborough,VIC,9,185621690,R9 2190m Trot M,185621691,Harness,2190,Trot,37467477,5,Orlandos Gift,LOSER,6.2,WINNER,2.02,1684.07,6.2,3.7,6.2,5.27,2063.45,44,1.36,10,3.06,470.75,475.5,2.1,1.82,1.83,1.88,1516.71,5.3,5.6,1.03,0.98
26/07/2021,4:17:00 PM,4:17:59 PM,Maryborough,VIC,9,185621690,R9 2190m Trot M,185621691,Harness,2190,Trot,40297467,7,Will Patrick,LOSER,160.29,LOSER,1001,33.31,240,60,240,114.01,34.13,700,27,280,154.05,10.32,,,,,,,110,120,1.03,0.98
26/07/2021,4:17:00 PM,4:17:59 PM,Maryborough,VIC,9,185621690,R9 2190m Trot M,185621691,Harness,2190,Trot,40297468,8,Maori Mayhem,LOSER,84.72,WINNER,9.2,85.55,120,55,90,70.33,130.16,48,1.36,23,9.13,101.45,9.68,9.2,9.2,9.2,9.2,0.32,55,70,1.03,0.98
26/07/2021,4:17:00 PM,4:17:59 PM,Maryborough,VIC,9,185621690,R9 2190m Trot M,185621691,Harness,2190,Trot,36087606,9,Cronk,LOSER,25.23,LOSER,8.15,240.68,60,25,25,36.73,369.67,1000,8.8,660,58.29,42.65,235.64,8.4,8.4,8.4,8.4,3.21,50,60,1.03,0.98
26/07/2021,4:17:00 PM,4:17:59 PM,Maryborough,VIC,9,185621690,R9 2190m Trot M,185621691,Harness,2190,Trot,37199425,11,Leotardandlace,LOSER,6.46,LOSER,2.48,817.16,12,6.4,6.6,7.65,1881.94,170,6.2,85,21.53,79.41,442.92,2.98,2.34,2.38,2.56,623.21,8.4,9,1.03,0.98
26/07/2021,4:17:00 PM,4:17:59 PM,Maryborough,VIC,9,185621690,R9 2190m Trot M,185621691,Harness,2190,Trot,40297469,12,Buslin Brody,LOSER,7.44,LOSER,2.7,951.34,25,5.9,8.2,9.41,1294.06,690,4.9,690,20.12,59.86,556.06,3.05,2.7,2.7,2.74,73.41,9.2,10,1.03,0.98
26/07/2021,4:17:00 PM,4:17:59 PM,Maryborough,VIC,9,185621690,R9 2190m Trot M,185621691,Harness,2190,Trot,38320318,13,Mynamesgraham,LOSER,53.34,LOSER,479.6,120.11,60,42,55,50.94,65.52,730,21,300,56.71,24.34,,9.2,8.6,9.2,8.85,5.48,48,50,1.03,0.98
26/07/2021,4:52:00 PM,4:52:56 PM,Maryborough,VIC,10,185621692,R10 2190m Pace M,185621693,Harness,2190,Pace,40297470,1,An Fella Mor,LOSER,327.87,LOSER,980,20.15,480,160,320,221.75,42.99,700,320,700,570.85,1.13,0.07,980,20,980,107.67,1.1,180,200,1.03,0.98
26/07/2021,4:52:00 PM,4:52:56 PM,Maryborough,VIC,10,185621692,R10 2190m Pace M,185621693,Harness,2190,Pace,40297471,2,Strawberry Delight,LOSER,23.22,LOSER,6.32,464.16,80,10.5,23,19.23,862.96,1000,30,1000,394.29,34.79,136.36,4.7,4.7,4.7,4.7,45,21,23,1.03,0.98
26/07/2021,4:52:00 PM,4:52:56 PM,Maryborough,VIC,10,185621692,R10 2190m Pace M,185621693,Harness,2190,Pace,37376852,3,Isitwrongtobexcited,LOSER,126.49,LOSER,12,62.09,200,70,120,88.5,58.72,1000,48,1000,138.13,12.26,,14,8.6,9.8,11.1,72.72,70,85,1.03,0.98
26/07/2021,4:52:00 PM,4:52:56 PM,Maryborough,VIC,10,185621692,R10 2190m Pace M,185621693,Harness,2190,Pace,40297472,4,Jilliby Fernando,WINNER,2.52,WINNER,1.31,2840.85,2.88,1.9,2.52,2.48,15389.63,2.52,1.01,1.01,1.35,4071.62,953.06,1.36,1.31,1.35,1.32,956.61,2.46,2.54,1.03,0.98
26/07/2021,4:52:00 PM,4:52:56 PM,Maryborough,VIC,10,185621692,R10 2190m Pace M,185621693,Harness,2190,Pace,36430685,5,Covered Kylie,LOSER,180,LOSER,15,30.32,200,65,150,118.31,24.75,700,220,700,307.46,3.75,7.73,15,9.8,15,11.3,10.27,120,140,1.03,0.98
26/07/2021,4:52:00 PM,4:52:56 PM,Maryborough,VIC,10,185621692,R10 2190m Pace M,185621693,Harness,2190,Pace,36672749,6,Captain Maastricht,LOSER,4.53,LOSER,1.68,1418.12,6.8,3.9,4.5,4.98,5394.38,690,3.55,690,11.54,165.07,698.44,1.96,1.64,1.68,1.69,216.47,5.4,5.7,1.03,0.98
26/07/2021,4:52:00 PM,4:52:56 PM,Maryborough,VIC,10,185621692,R10 2190m Pace M,185621693,Harness,2190,Pace,40297473,7,Miso Miso,LOSER,19.14,WINNER,4.4,449.35,38,17,19,23.33,533.35,1000,2.1,1000,58.57,109.61,132.46,5.1,4.1,4.2,4.15,163.38,22,23,1.03,0.98
26/07/2021,4:52:00 PM,4:52:56 PM,Maryborough,VIC,10,185621692,R10 2190m Pace M,185621693,Harness,2190,Pace,40186688,8,Atreacherous,LOSER,97.73,LOSER,12.56,86.59,140,32,100,80.23,99.25,690,110,690,197.34,3.93,113.04,11.5,6.8,7.8,8.34,8.62,95,120,1.03,0.98
26/07/2021,4:52:00 PM,4:52:56 PM,Maryborough,VIC,10,185621692,R10 2190m Pace M,185621693,Harness,2190,Pace,40297474,9,Tino Tere Maori,LOSER,276.63,LOSER,382.25,23.64,480,110,270,171.17,40.47,990,120,120,442.98,1.55,,12,12,12,12,2,140,190,1.03,0.98
26/07/2021,4:52:00 PM,4:52:56 PM,Maryborough,VIC,10,185621692,R10 2190m Pace M,185621693,Harness,2190,Pace,36341795,10,Giveitatry,LOSER,6.48,LOSER,1.76,1533.56,8.8,4.8,5.9,5.68,4184.28,690,5,690,16.17,171.95,1497.62,2.16,1.71,1.87,1.76,173.79,5.1,5.3,1.03,0.98
26/07/2021,4:52:00 PM,4:52:56 PM,Maryborough,VIC,10,185621692,R10 2190m Pace M,185621693,Harness,2190,Pace,35430251,11,Mauries Bonus,LOSER,10,WINNER,2.77,819.39,15,9.4,10,10.88,809.65,1000,6.4,990,29.46,65.01,398.11,2.96,2.96,2.96,2.96,0.14,10.5,11,1.03,0.98
26/07/2021,4:52:00 PM,4:52:56 PM,Maryborough,VIC,10,185621692,R10 2190m Pace M,185621693,Harness,2190,Pace,40297475,12,Merolamagic,LOSER,314.22,LOSER,1000,22.82,470,170,300,258.24,51.61,1000,100,1000,872.47,5.39,0.09,1000,90,180,398.24,0.07,230,280,1.03,0.98
26/07/2021,2:55:00 PM,2:55:37 PM,Pinjarra,WA,1,185629042,R1 2185m Pace M,185629043,Harness,2185,Pace,40297501,1,Bushbelle,LOSER,28.27,LOSER,7.6,248.38,70,19.5,28,27.61,426.14,1000,29,1000,127.79,22.99,216.61,6,6,6,6,3.97,26,29,1.02,0.98
26/07/2021,2:55:00 PM,2:55:37 PM,Pinjarra,WA,1,185629042,R1 2185m Pace M,185629043,Harness,2185,Pace,40297502,2,Wall Street Girl,WINNER,2.46,WINNER,1.44,2297.06,2.98,1.6,2.2,1.95,24262.32,2.98,1.01,1.01,1.32,5711.33,1169.74,1.47,1.17,1.47,1.35,210.32,2.02,2.08,1.02,0.98
26/07/2021,2:55:00 PM,2:55:37 PM,Pinjarra,WA,1,185629042,R1 2185m Pace M,185629043,Harness,2185,Pace,39989761,3,Hokulani,LOSER,19.35,WINNER,5.01,354.14,50,13.5,18.5,17.87,772.77,690,7.4,680,22.74,146.97,400.95,4.5,4.5,4.5,4.5,0.06,14.5,15.5,1.02,0.98
26/07/2021,2:55:00 PM,2:55:37 PM,Pinjarra,WA,1,185629042,R1 2185m Pace M,185629043,Harness,2185,Pace,40297503,4,Navy Street,LOSER,3.65,LOSER,1.86,1306,4.8,2.8,3.65,3.92,4668.27,690,3.15,680,14.18,149.09,919.48,2.06,1.65,1.8,1.89,45.44,4.1,4.2,1.02,0.98
26/07/2021,2:55:00 PM,2:55:37 PM,Pinjarra,WA,1,185629042,R1 2185m Pace M,185629043,Harness,2185,Pace,40297504,5,Haywire,LOSER,8.66,LOSER,4.93,857.67,36,6.4,10,14.34,2230.3,690,5.6,680,52.56,190.57,289.57,6,3.9,3.95,5.32,22.41,11.5,12.5,1.02,0.98
26/07/2021,2:55:00 PM,2:55:37 PM,Pinjarra,WA,1,185629042,R1 2185m Pace M,185629043,Harness,2185,Pace,38415659,7,Dardy Boy,LOSER,10.92,LOSER,3.97,571.59,23,10,11,12.68,1210.95,690,12,680,39.05,63.12,234.9,4.2,3.75,3.75,4.02,60.77,11.5,12,1.02,0.98
26/07/2021,3:30:00 PM,3:31:00 PM,Pinjarra,WA,2,185629044,R2 2185m Pace M,185629045,Harness,2185,Pace,28425151,1,Bettor Be Artful,LOSER,9.8,LOSER,3.15,649.96,12.5,9.6,10,10.7,659.41,1000,9.8,1000,76.84,101.21,316.65,3,2.6,2.78,2.76,48.04,11,10,1.03,0.99
26/07/2021,3:30:00 PM,3:31:00 PM,Pinjarra,WA,2,185629044,R2 2185m Pace M,185629045,Harness,2185,Pace,39456238,2,Fleur Du Maquis,LOSER,40,LOSER,6.66,154.84,50,30,38,39.38,135.81,690,14,690,73.69,65.95,250.64,6,5.9,5.9,5.97,19.66,38,42,1.03,0.99
26/07/2021,3:30:00 PM,3:31:00 PM,Pinjarra,WA,2,185629044,R2 2185m Pace M,185629045,Harness,2185,Pace,28658214,3,Moolah Magnet,LOSER,36,LOSER,5.23,214.44,44,34,36,39.33,144.48,690,26,300,149.81,7.36,110.02,5.7,5.2,5.4,5.44,33.23,42,44,1.03,0.99
26/07/2021,3:30:00 PM,3:31:00 PM,Pinjarra,WA,2,185629044,R2 2185m Pace M,185629045,Harness,2185,Pace,40297506,4,Happy Dayz,LOSER,14.5,LOSER,3.65,353.59,17.5,8.2,13.5,14.06,606.46,1000,5.9,420,80.28,100.02,327.41,,,,,,13,15,1.03,0.99
26/07/2021,3:30:00 PM,3:31:00 PM,Pinjarra,WA,2,185629044,R2 2185m Pace M,185629045,Harness,2185,Pace,35460749,5,Petrafied,LOSER,53.42,LOSER,11.6,98.09,65,38,55,50.83,131.78,1000,15,1000,208.79,11.19,165.58,,,,,,55,60,1.03,0.99
26/07/2021,3:30:00 PM,3:31:00 PM,Pinjarra,WA,2,185629044,R2 2185m Pace M,185629045,Harness,2185,Pace,40297507,6,Wait For The Bell,WINNER,2.54,WINNER,2.96,2951.39,2.66,1.91,2.56,2.21,13644.27,4.9,1.01,1.01,2.07,4753.44,649.98,5.4,1.27,1.74,1.96,501.75,2.3,2.34,1.03,0.99
26/07/2021,3:30:00 PM,3:31:00 PM,Pinjarra,WA,2,185629044,R2 2185m Pace M,185629045,Harness,2185,Pace,27870813,7,Just Roc,LOSER,11.87,LOSER,3.41,484.31,27,11,11,13.9,576.76,910,14,490,62.91,69.68,428.44,4.4,3.05,4.3,3.05,404.83,11.5,12.5,1.03,0.99
26/07/2021,3:30:00 PM,3:31:00 PM,Pinjarra,WA,2,185629044,R2 2185m Pace M,185629045,Harness,2185,Pace,40297508,8,Lewis William,LOSER,15.36,LOSER,3.13,335.59,29,13.5,14,16.95,408.62,690,5.3,490,26.03,50.99,165.39,3.55,3.2,3.5,3.4,326.05,15,15.5,1.03,0.99
26/07/2021,3:30:00 PM,3:31:00 PM,Pinjarra,WA,2,185629044,R2 2185m Pace M,185629045,Harness,2185,Pace,37081841,9,Roll Of Honour,LOSER,5.7,WINNER,2.02,881.69,8.2,5.5,5.5,6.5,1392.65,870,2.24,490,5.09,598.09,551.14,2.1,1.75,1.75,1.86,869.54,6,6.2,1.03,0.99
26/07/2021,3:30:00 PM,3:31:00 PM,Pinjarra,WA,2,185629044,R2 2185m Pace M,185629045,Harness,2185,Pace,38553676,10,Lil Delight,LOSER,292.5,LOSER,1001,55.83,360,180,320,232.66,20.62,980,100,980,312.44,12.04,,,,,,,280,320,1.03,0.99
26/07/2021,3:30:00 PM,3:31:00 PM,Pinjarra,WA,2,185629044,R2 2185m Pace M,185629045,Harness,2185,Pace,7003976,11,Vergara,LOSER,210,LOSER,55,47.59,320,160,310,268.31,39.68,1000,2.52,1000,167.41,37.89,9.96,,,,,,260,320,1.03,0.99
26/07/2021,3:30:00 PM,3:31:00 PM,Pinjarra,WA,2,185629044,R2 2185m Pace M,185629045,Harness,2185,Pace,40297509,12,Sonic Chip,LOSER,38,WINNER,10.45,173.14,44,16,34,32.68,169.72,690,6.2,690,22.43,70.11,183.76,,,,,,32,42,1.03,0.99
26/07/2021,4:05:00 PM,4:05:45 PM,Pinjarra,WA,3,185629046,R3 2692m Trot M,185629047,Harness,2692,Trot,12177579,1,Goodtime Pe Rabbit,LOSER,8.43,WINNER,2.36,446.57,8.8,4.6,8.6,7.24,2785.45,870,6.8,870,42.98,92.08,259.92,2.02,1.83,2.02,1.92,422.73,8.4,9,1.04,0.96
26/07/2021,4:05:00 PM,4:05:45 PM,Pinjarra,WA,3,185629046,R3 2692m Trot M,185629047,Harness,2692,Trot,16564261,2,Horse Of Course,LOSER,18.77,LOSER,3.73,269.68,19,10.5,18,14.95,642.08,890,22,270,201.39,30.38,227.97,3.2,3.2,3.2,3.2,0.04,14,16,1.04,0.96
26/07/2021,4:05:00 PM,4:05:45 PM,Pinjarra,WA,3,185629046,R3 2692m Trot M,185629047,Harness,2692,Trot,13369763,3,One Bid Buys,LOSER,186.78,LOSER,44.7,20.26,230,110,180,155.02,42.61,900,11,730,46.88,134.66,,,,,,,140,150,1.04,0.96
26/07/2021,4:05:00 PM,4:05:45 PM,Pinjarra,WA,3,185629046,R3 2692m Trot M,185629047,Harness,2692,Trot,12128034,4,Malabar Spur,LOSER,100,LOSER,23.25,83.69,160,80,110,99.37,81.85,690,55,690,156.15,5.03,,,,,,,90,95,1.04,0.96
26/07/2021,4:05:00 PM,4:05:45 PM,Pinjarra,WA,3,185629046,R3 2692m Trot M,185629047,Harness,2692,Trot,10610846,5,Dark Secret,LOSER,12,LOSER,2.55,379.76,34,11.5,11.5,15.26,1263.81,920,4.1,80,21.78,489.41,906.4,3.1,2.54,2.84,2.67,53.59,13,15,1.04,0.96
26/07/2021,4:05:00 PM,4:05:45 PM,Pinjarra,WA,3,185629046,R3 2692m Trot M,185629047,Harness,2692,Trot,40297510,6,Luvaflair,LOSER,85,LOSER,18.56,76.7,110,50,85,79.06,71.53,690,80,580,125.11,22.23,103.36,29,14.5,29,18.4,0.14,80,90,1.04,0.96
26/07/2021,4:05:00 PM,4:05:45 PM,Pinjarra,WA,3,185629046,R3 2692m Trot M,185629047,Harness,2692,Trot,24368835,7,Peachee,LOSER,38,LOSER,9.98,113.21,75,32,38,39.88,198.23,750,6.8,210,43.86,75.21,142.26,7,5.8,5.8,6.44,10.44,38,40,1.04,0.96
26/07/2021,4:05:00 PM,4:05:45 PM,Pinjarra,WA,3,185629046,R3 2692m Trot M,185629047,Harness,2692,Trot,40297511,8,Tricky Ric,LOSER,2.2,WINNER,1.32,3666.69,2.82,2.34,2.36,2.5,15125.02,690,1.48,490,3.65,3251.84,1848.69,1.38,1.27,1.33,1.31,878.07,2.42,2.52,1.04,0.96
26/07/2021,4:05:00 PM,4:05:45 PM,Pinjarra,WA,3,185629046,R3 2692m Trot M,185629047,Harness,2692,Trot,9343103,9,Lansbury,LOSER,160,LOSER,729.57,38.01,230,120,190,151.7,53.87,780,44,780,194.87,14.16,0.06,210,55,210,148.67,0.07,140,190,1.04,0.96
26/07/2021,4:05:00 PM,4:05:45 PM,Pinjarra,WA,3,185629046,R3 2692m Trot M,185629047,Harness,2692,Trot,40297512,10,Princess Mila,WINNER,3.8,WINNER,1.58,1166.17,4.8,3.45,3.75,3.73,4186.54,4.9,1.01,1.01,1.34,6258.06,1631.46,1.65,1.44,1.54,1.55,192.94,3.4,3.75,1.04,0.96
26/07/2021,4:40:00 PM,4:41:08 PM,Pinjarra,WA,4,185629048,R4 2185m Pace M,185629049,Harness,2185,Pace,40297513,1,Gregarmy,LOSER,46,LOSER,5.5,120.82,50,19,46,32.07,199.89,910,34,910,165.8,53.87,125.84,3.95,3.95,3.95,3.95,55,42,48,1.02,0.99
26/07/2021,4:40:00 PM,4:41:08 PM,Pinjarra,WA,4,185629048,R4 2185m Pace M,185629049,Harness,2185,Pace,25011254,2,Remarkable Star,LOSER,95,LOSER,10.75,66.28,200,75,95,125.01,98.04,940,32,940,128.05,25,,11,8.8,10.5,9.03,111.67,150,160,1.02,0.99
26/07/2021,4:40:00 PM,4:41:08 PM,Pinjarra,WA,4,185629048,R4 2185m Pace M,185629049,Harness,2185,Pace,40297514,3,Bettor Times,LOSER,2.27,WINNER,1.23,2581.89,2.78,1.69,2.16,1.83,29692.14,120,1.8,120,4.27,2474.88,1267.7,1.3,1.16,1.23,1.26,333.85,1.72,1.75,1.02,0.99
26/07/2021,4:40:00 PM,4:41:08 PM,Pinjarra,WA,4,185629048,R4 2185m Pace M,185629049,Harness,2185,Pace,40198189,4,Mach Freeway,LOSER,4.88,LOSER,1.61,1082.2,5.8,2.74,4.9,4.99,2936.65,880,4.9,880,12.38,358.48,1212.03,1.62,1.27,1.61,1.5,452.27,5.6,5.8,1.02,0.99
26/07/2021,4:40:00 PM,4:41:08 PM,Pinjarra,WA,4,185629048,R4 2185m Pace M,185629049,Harness,2185,Pace,39150269,5,Robo Reactor,LOSER,148.95,WINNER,22.5,46.76,230,130,150,181.47,63.74,700,65,700,360.34,1.69,67.68,,,,,,180,230,1.02,0.99
26/07/2021,4:40:00 PM,4:41:08 PM,Pinjarra,WA,4,185629048,R4 2185m Pace M,185629049,Harness,2185,Pace,4245183,6,Call To Arms,WINNER,5.77,WINNER,1.7,759.57,24,5.7,5.7,8.76,2354.12,4.3,1.01,1.03,1.27,5887.97,1417.76,5.1,1.7,1.8,1.82,646.74,7,7.2,1.02,0.99
26/07/2021,4:40:00 PM,4:41:08 PM,Pinjarra,WA,4,185629048,R4 2185m Pace M,185629049,Harness,2185,Pace,27355826,7,Ark Of Rock,LOSER,672.8,LOSER,741,10.58,800,140,580,226.32,38.57,1000,580,1000,964.62,0.26,0.09,1000,90,180,398.24,0.07,440,790,1.02,0.99
26/07/2021,4:40:00 PM,4:41:08 PM,Pinjarra,WA,4,185629048,R4 2185m Pace M,185629049,Harness,2185,Pace,38405947,8,Just A Saint,LOSER,429.88,LOSER,901,17.42,500,130,440,240.97,38.8,880,440,690,805.19,1.04,0.09,1000,90,180,398.24,0.07,350,460,1.02,0.99
26/07/2021,4:40:00 PM,4:41:08 PM,Pinjarra,WA,4,185629048,R4 2185m Pace M,185629049,Harness,2185,Pace,27850883,9,Domande,LOSER,25.46,LOSER,4,158.49,34,13,24,24.39,428.57,710,8.2,480,39.48,38.18,223.95,4.5,3,3.95,3.36,230.51,30,32,1.02,0.99
26/07/2021,4:40:00 PM,4:41:08 PM,Pinjarra,WA,4,185629048,R4 2185m Pace M,185629049,Harness,2185,Pace,37017032,10,Ocean Eve,LOSER,54.07,LOSER,4.6,145.02,60,28,55,44.13,232.62,740,30,740,157.48,22.58,326.21,5.1,3.95,4.8,4.36,24.59,44,60,1.02,0.99
26/07/2021,4:40:00 PM,4:41:08 PM,Pinjarra,WA,4,185629048,R4 2185m Pace M,185629049,Harness,2185,Pace,40297515,11,Jovovich,LOSER,161.55,LOSER,29.8,36.14,170,55,160,104.26,63.6,700,60,700,408.91,2.19,,10,9.8,9.8,9.82,22.12,140,150,1.02,0.99
26/07/2021,4:40:00 PM,4:41:08 PM,Pinjarra,WA,4,185629048,R4 2185m Pace M,185629049,Harness,2185,Pace,28866574,12,Bettor Look,LOSER,83.92,LOSER,12.65,93.57,95,36,85,61.35,142.23,750,42,590,152.58,6.29,,11,11,11,11,2.62,65,70,1.02,0.99
26/07/2021,5:27:00 PM,5:28:15 PM,Redcliffe,QLD,1,185624037,R1 1780m Pace M,185624038,Harness,1780,Pace,10911370,1,Lettucefirestar,LOSER,4.53,LOSER,1.68,1170.53,10.5,4.1,4.5,5.11,5978.21,790,4.4,680,12.91,254.14,1161.64,2.16,1.65,1.69,1.7,253.45,4.5,4.6,1.03,0.98
26/07/2021,5:27:00 PM,5:28:15 PM,Redcliffe,QLD,1,185624037,R1 1780m Pace M,185624038,Harness,1780,Pace,27139785,2,Ale Ale Kai,WINNER,5.4,WINNER,2.04,946.55,11.5,4.5,5.1,5.81,2565.93,29,1.01,1.03,1.3,5291.77,1198.77,9,1.76,9,1.86,662.73,4.8,5.2,1.03,0.98
26/07/2021,5:27:00 PM,5:28:15 PM,Redcliffe,QLD,1,185624037,R1 1780m Pace M,185624038,Harness,1780,Pace,21064478,3,Beef City Blaze,LOSER,13.71,WINNER,3.55,731.09,20,10.5,15.5,13.87,580.44,1000,1.76,1000,12.6,347.28,508.31,3.55,2.26,3.55,3.31,11.7,14.5,15,1.03,0.98
26/07/2021,5:27:00 PM,5:28:15 PM,Redcliffe,QLD,1,185624037,R1 1780m Pace M,185624038,Harness,1780,Pace,12785391,4,El Gran Senor,LOSER,40.91,LOSER,7.5,202.72,100,25,40,38.53,232.85,930,16.5,690,51.93,94.01,230.59,9,6,6,8.03,31.01,28,30,1.03,0.98
26/07/2021,5:27:00 PM,5:28:15 PM,Redcliffe,QLD,1,185624037,R1 1780m Pace M,185624038,Harness,1780,Pace,9554624,5,Jumping Jack Jimmy,LOSER,4.76,WINNER,1.98,1419.09,5.4,1.78,4.9,3.76,9019.61,180,1.39,110,2.3,7804.87,346.93,2.28,1.18,1.98,1.83,3734.37,5,5.1,1.03,0.98
26/07/2021,5:27:00 PM,5:28:15 PM,Redcliffe,QLD,1,185624037,R1 1780m Pace M,185624038,Harness,1780,Pace,14116531,6,Midnight Man,LOSER,34.35,LOSER,7.2,215.91,40,20,34,29.07,251.24,900,34,900,101.42,38.41,163.92,6.6,5.7,6.4,6.49,43.97,32,34,1.03,0.98
26/07/2021,5:27:00 PM,5:28:15 PM,Redcliffe,QLD,1,185624037,R1 1780m Pace M,185624038,Harness,1780,Pace,10463743,7,Little Change,LOSER,4.45,LOSER,1.72,1431.61,9.2,3.7,4.5,4.39,3588.95,790,4.1,140,14.42,155.51,1473.82,1.79,1.66,1.72,1.69,341.93,4.3,4.5,1.03,0.98
26/07/2021,5:27:00 PM,5:28:15 PM,Redcliffe,QLD,1,185624037,R1 1780m Pace M,185624038,Harness,1780,Pace,11431617,8,Arthur Lowe,LOSER,65.29,LOSER,8.22,164.41,100,25,85,64.13,137.01,690,28,690,88.78,28.92,201.67,8.4,8,8.2,8.26,38.56,55,60,1.03,0.98
26/07/2021,5:27:00 PM,5:28:15 PM,Redcliffe,QLD,1,185624037,R1 1780m Pace M,185624038,Harness,1780,Pace,12124121,9,Jumping Jolt,LOSER,243.42,LOSER,25.97,55.82,250,50,170,145.43,57.32,700,130,700,318.05,5.22,94.62,32,21,21,28.44,46.26,100,160,1.03,0.98
26/07/2021,5:56:00 PM,5:56:44 PM,Redcliffe,QLD,2,185624039,R2 1780m Pace M,185624040,Harness,1780,Pace,37017071,1,Its Super Easy,WINNER,2.95,WINNER,1.39,1647.51,3.5,2.18,2.68,3.02,7070.49,8.8,1.01,1.01,1.25,7360.79,1004.39,1.51,1.28,1.42,1.46,230.88,3.15,3.2,1.01,0.97
26/07/2021,5:56:00 PM,5:56:44 PM,Redcliffe,QLD,2,185624039,R2 1780m Pace M,185624040,Harness,1780,Pace,27047250,2,Hot Embers,LOSER,10.5,LOSER,2.77,863,17.5,9.8,11,12.37,351.44,1000,6.8,1000,42.8,67.73,502.66,3.45,2.7,2.8,2.89,25.31,12.5,13.5,1.01,0.97
26/07/2021,5:56:00 PM,5:56:44 PM,Redcliffe,QLD,2,185624039,R2 1780m Pace M,185624040,Harness,1780,Pace,14062443,3,Precious Cullen,LOSER,101.39,LOSER,48,73.13,190,70,170,115.88,61.69,700,38,700,87.86,44.96,0.99,48,48,48,48,0.99,110,150,1.01,0.97
26/07/2021,5:56:00 PM,5:56:44 PM,Redcliffe,QLD,2,185624039,R2 1780m Pace M,185624040,Harness,1780,Pace,18405223,4,Lady Swiss,LOSER,17.39,LOSER,4.55,238.04,60,14,15.5,19.46,386.96,1000,16.5,700,35.05,78.59,194.95,3.35,3.3,3.3,3.33,7,15,16,1.01,0.97
26/07/2021,5:56:00 PM,5:56:44 PM,Redcliffe,QLD,2,185624039,R2 1780m Pace M,185624040,Harness,1780,Pace,17773878,5,Our Stella Rose,LOSER,14.84,WINNER,3.95,328.33,23,15.5,17,18.4,305.22,770,6.4,140,26.27,121.71,388.39,3.85,3.4,3.85,3.75,36.33,17.5,18.5,1.01,0.97
26/07/2021,5:56:00 PM,5:56:44 PM,Redcliffe,QLD,2,185624039,R2 1780m Pace M,185624040,Harness,1780,Pace,24690080,6,Our Ridgy Didge,LOSER,8.2,LOSER,2.26,780.95,9.8,4.4,8.2,6.93,1375.47,780,7.2,680,26.44,78.7,849.94,2.48,2.48,2.48,2.48,0.04,7.2,7.8,1.01,0.97
26/07/2021,5:56:00 PM,5:56:44 PM,Redcliffe,QLD,2,185624039,R2 1780m Pace M,185624040,Harness,1780,Pace,12822284,7,Rum Delight,LOSER,15.41,LOSER,3.1,511.34,24,8.4,16,15.14,313.73,780,9,780,23.47,140.05,776.06,3.35,2.78,3.2,3.1,117.88,15.5,16,1.01,0.97
26/07/2021,5:56:00 PM,5:56:44 PM,Redcliffe,QLD,2,185624039,R2 1780m Pace M,185624040,Harness,1780,Pace,10399207,8,Heez Perfect,LOSER,112.15,LOSER,16.65,78.83,160,75,100,95.39,42.41,700,90,700,148.17,14.12,94.84,17,9.2,12,13.03,84.05,70,85,1.01,0.97
26/07/2021,5:56:00 PM,5:56:44 PM,Redcliffe,QLD,2,185624039,R2 1780m Pace M,185624040,Harness,1780,Pace,38262314,9,Sport Mental,LOSER,4.19,WINNER,1.69,1593.44,5.2,3.4,4.1,3.93,1577.81,780,1.32,770,5.03,660.06,1629.58,1.87,1.58,1.71,1.61,92.04,3.75,3.85,1.01,0.97
26/07/2021,6:31:00 PM,6:31:54 PM,Redcliffe,QLD,3,185624041,R3 1780m Pace M,185624042,Harness,1780,Pace,5139127,1,Gangbuster,LOSER,9.53,WINNER,2.61,462.4,16,10,11,11.12,1049.02,1000,2,90,8.8,301.06,322.74,2.5,2.3,2.42,2.42,70.24,10.5,11.5,1.02,0.98
26/07/2021,6:31:00 PM,6:31:54 PM,Redcliffe,QLD,3,185624041,R3 1780m Pace M,185624042,Harness,1780,Pace,24429786,2,Nesters Hill,LOSER,12.75,LOSER,3.24,533.93,11.5,4,8.4,6.65,1818.46,880,4.8,870,14.78,502.62,237.64,2.88,1.72,2.86,2.27,120.47,8.8,9.8,1.02,0.98
26/07/2021,6:31:00 PM,6:31:54 PM,Redcliffe,QLD,3,185624041,R3 1780m Pace M,185624042,Harness,1780,Pace,21934692,4,Miss Mia,LOSER,2.44,LOSER,1.27,1748.19,4.8,2.34,2.5,2.61,5314.59,690,2.34,690,10.34,500.74,1150.72,1.29,1.23,1.29,1.26,921.78,2.46,2.52,1.02,0.98
26/07/2021,6:31:00 PM,6:31:54 PM,Redcliffe,QLD,3,185624041,R3 1780m Pace M,185624042,Harness,1780,Pace,16124579,5,Feeling The Love,LOSER,15.5,LOSER,3.44,173.65,21,10,15,14.68,474.11,920,7.8,780,50.57,24.25,395.66,3.55,3.5,3.5,3.54,4.18,13,14.5,1.02,0.98
26/07/2021,6:31:00 PM,6:31:54 PM,Redcliffe,QLD,3,185624041,R3 1780m Pace M,185624042,Harness,1780,Pace,18428643,6,Moresco,WINNER,6.6,WINNER,1.98,652.2,6.6,4.4,6.4,5.68,3967.08,10,1.01,1.01,1.38,6397.39,926.38,2.02,1.79,1.98,1.92,317.29,5.8,5.9,1.02,0.98
26/07/2021,6:31:00 PM,6:31:54 PM,Redcliffe,QLD,3,185624041,R3 1780m Pace M,185624042,Harness,1780,Pace,25054304,7,Maywyns Jewel,LOSER,6.74,WINNER,2.16,742.6,13,7.2,7.2,8.43,818.27,120,3.05,75,12.02,347.59,566.97,2.76,1.97,1.97,2.04,482.36,8,8.4,1.02,0.98
26/07/2021,6:31:00 PM,6:31:54 PM,Redcliffe,QLD,3,185624041,R3 1780m Pace M,185624042,Harness,1780,Pace,22539009,9,My Secret Beach,LOSER,40,LOSER,4.9,155.73,80,21,36,39.66,382.97,690,11,690,34.09,102.54,190.13,6.2,4.9,5,5.3,190.12,29,30,1.02,0.98
26/07/2021,7:09:00 PM,7:09:45 PM,Redcliffe,QLD,4,185624043,R4 1780m Pace M,185624044,Harness,1780,Pace,8078329,1,No Confession,LOSER,7.89,LOSER,2.41,485.27,27,7.2,7.4,8.33,2286.14,780,5,780,16.1,252.11,653.78,2.9,2.4,2.52,2.56,538.19,10,8.4,1,0.98
26/07/2021,7:09:00 PM,7:09:45 PM,Redcliffe,QLD,4,185624043,R4 1780m Pace M,185624044,Harness,1780,Pace,7954663,2,Adrenaline Rush,LOSER,3.6,WINNER,1.64,1446.55,4.8,3.35,3.55,3.87,5312.11,140,1.3,70,3.48,778.78,847.35,1.7,1.58,1.64,1.66,506.99,3.9,4,1,0.98
26/07/2021,7:09:00 PM,7:09:45 PM,Redcliffe,QLD,4,185624043,R4 1780m Pace M,185624044,Harness,1780,Pace,24730225,3,Ima Beach Babe,LOSER,8.51,LOSER,2.88,1102.17,24,9.2,9.4,11.39,539.81,880,4.6,880,13.87,384.15,573.88,3.15,2.52,2.72,2.92,6.48,9.6,9.8,1,0.98
26/07/2021,7:09:00 PM,7:09:45 PM,Redcliffe,QLD,4,185624043,R4 1780m Pace M,185624044,Harness,1780,Pace,17733235,4,Blues Terror,LOSER,20.3,WINNER,5.75,367.23,34,19.5,22,23.98,525.84,1000,1.88,1000,42.2,64.58,263.98,,,,,,25,27,1,0.98
26/07/2021,7:09:00 PM,7:09:45 PM,Redcliffe,QLD,4,185624043,R4 1780m Pace M,185624044,Harness,1780,Pace,24138870,5,Juddy Douglas,LOSER,7.11,LOSER,2.04,867.81,7.2,5.2,6.8,6.12,1115.33,780,5.8,780,17.55,235.14,1122.18,2.26,2.02,2.24,2.03,110.54,6,6.2,1,0.98
26/07/2021,7:09:00 PM,7:09:45 PM,Redcliffe,QLD,4,185624043,R4 1780m Pace M,185624044,Harness,1780,Pace,13023676,6,Ifoundthebeach,LOSER,23.69,LOSER,4.79,281.65,23,11.5,23,16.47,263.1,700,15,700,48.17,51.91,309.97,3.8,3.75,3.75,3.78,5,16.5,18,1,0.98
26/07/2021,7:09:00 PM,7:09:45 PM,Redcliffe,QLD,4,185624043,R4 1780m Pace M,185624044,Harness,1780,Pace,21050930,7,Cool Scooter,LOSER,27.32,LOSER,5.55,368.18,32,11.5,32,24.09,264.05,690,8,470,25.45,135.82,196.98,4.9,4.3,4.8,4.51,114,24,27,1,0.98
26/07/2021,7:09:00 PM,7:09:45 PM,Redcliffe,QLD,4,185624043,R4 1780m Pace M,185624044,Harness,1780,Pace,24415783,8,Simon,WINNER,4.8,WINNER,1.83,1133.82,4.8,2.62,4.7,4.11,5684.42,5.2,1.01,1.01,1.2,10167.36,864.65,1.96,1.77,1.94,1.86,135.16,4.3,4.5,1,0.98
26/07/2021,7:37:00 PM,7:37:52 PM,Redcliffe,QLD,5,185624045,R5 1780m Pace M,185624046,Harness,1780,Pace,22360914,1,Prince Joy,LOSER,4.95,WINNER,1.95,855.43,8.6,4.8,4.9,5.45,1758.95,780,4.2,780,12.84,153.02,378.14,2.2,1.7,2.08,1.83,628.47,4.9,5.2,1.03,0.98
26/07/2021,7:37:00 PM,7:37:52 PM,Redcliffe,QLD,5,185624045,R5 1780m Pace M,185624046,Harness,1780,Pace,11632704,2,Pacific Coin,LOSER,7.36,LOSER,2.44,695.99,7.2,4.6,7.2,6.48,2054.25,780,4.7,780,12,323.51,510.77,2.68,2.46,2.56,2.62,89.83,7,7.2,1.03,0.98
26/07/2021,7:37:00 PM,7:37:52 PM,Redcliffe,QLD,5,185624045,R5 1780m Pace M,185624046,Harness,1780,Pace,22598710,3,Maywyn A Jug Ortwo,LOSER,7.6,LOSER,2.48,970.85,18.5,7,7.8,7.89,1282.04,770,2.82,690,11.81,142.79,698.55,2.68,2.42,2.48,2.43,8.72,7.2,7.6,1.03,0.98
26/07/2021,7:37:00 PM,7:37:52 PM,Redcliffe,QLD,5,185624045,R5 1780m Pace M,185624046,Harness,1780,Pace,24914338,4,Kwasii,LOSER,4,LOSER,1.77,1080.53,4.6,3,3.95,4.09,3727.1,780,2.28,690,4.23,1334.56,824.56,1.89,1.63,1.72,1.84,607.75,4.1,4.3,1.03,0.98
26/07/2021,7:37:00 PM,7:37:52 PM,Redcliffe,QLD,5,185624045,R5 1780m Pace M,185624046,Harness,1780,Pace,39208260,5,My Ultimate Clippa,LOSER,13.4,WINNER,3.21,334.13,25,9.6,13.5,12.43,682.62,50,1.2,24,3.89,2822.17,398.35,,,,,,11.5,12,1.03,0.98
26/07/2021,7:37:00 PM,7:37:52 PM,Redcliffe,QLD,5,185624045,R5 1780m Pace M,185624046,Harness,1780,Pace,9671826,6,La Safron,WINNER,108.11,WINNER,17.52,107.11,180,65,90,101.6,218.7,380,1.01,1.03,1.82,4824.28,86.57,20,8.4,16,14.66,196.06,65,75,1.03,0.98
26/07/2021,7:37:00 PM,7:37:52 PM,Redcliffe,QLD,5,185624045,R5 1780m Pace M,185624046,Harness,1780,Pace,38185204,7,Western Showgirl,LOSER,6.6,LOSER,2.25,860.97,7.2,5,6.6,6.3,1321.51,780,7,770,22.58,67.16,862.83,2.28,1.97,2.28,2.12,136.3,6.4,6.6,1.03,0.98
26/07/2021,7:37:00 PM,7:37:52 PM,Redcliffe,QLD,5,185624045,R5 1780m Pace M,185624046,Harness,1780,Pace,25102110,8,Rollonx,LOSER,63.62,LOSER,12.1,89.23,110,48,48,64.05,152.9,690,3.7,300,38.3,104.48,98.06,,,,,,75,80,1.03,0.98
26/07/2021,7:37:00 PM,7:37:52 PM,Redcliffe,QLD,5,185624045,R5 1780m Pace M,185624046,Harness,1780,Pace,28253120,9,Aunty Frances,LOSER,41.53,LOSER,6.81,112.15,46,20,40,32.72,247.73,920,18.5,920,95.24,77.1,272.4,6.2,3.75,6.2,5.4,67.24,36,40,1.03,0.98
26/07/2021,8:05:00 PM,8:06:18 PM,Redcliffe,QLD,6,185624047,R6 1780m Pace M,185624048,Harness,1780,Pace,18986223,1,Allstar Sea,LOSER,5.6,WINNER,2.46,721.19,5.8,3.05,5.8,4.55,3752.77,170,1.2,170,2.23,2487.98,338.35,2.52,1.74,2.48,2.08,331.08,5.2,5.5,1.05,0.97
26/07/2021,8:05:00 PM,8:06:18 PM,Redcliffe,QLD,6,185624047,R6 1780m Pace M,185624048,Harness,1780,Pace,20948124,2,Itsmegs,LOSER,13.5,LOSER,4.53,331.99,28,13,13.5,18.97,700.24,1000,8.4,1000,55.12,77.02,232.34,4.4,4.2,4.2,4.29,62.72,16.5,19,1.05,0.97
26/07/2021,8:05:00 PM,8:06:18 PM,Redcliffe,QLD,6,185624047,R6 1780m Pace M,185624048,Harness,1780,Pace,10779662,3,Our Pepperjack,LOSER,18.88,LOSER,3.99,388.99,44,20,20,26.71,280.38,690,11,690,24.86,98.79,266.33,6,4,4.1,4.59,235.95,24,26,1.05,0.97
26/07/2021,8:05:00 PM,8:06:18 PM,Redcliffe,QLD,6,185624047,R6 1780m Pace M,185624048,Harness,1780,Pace,38388173,4,Hollywood Rooki,LOSER,45.05,LOSER,14.98,126.48,100,36,55,57.13,170.45,690,14,690,54.4,38.52,38.98,16.5,8,8,11.49,39.19,48,60,1.05,0.97
26/07/2021,8:05:00 PM,8:06:18 PM,Redcliffe,QLD,6,185624047,R6 1780m Pace M,185624048,Harness,1780,Pace,23977129,5,Bonnies Cam,LOSER,6.2,WINNER,2.45,692.82,7.4,5.1,6.2,5.71,1700.91,780,2.08,780,4.28,958.12,333.61,2.46,2,2.44,2.19,63.09,5.4,5.9,1.05,0.97
26/07/2021,8:05:00 PM,8:06:18 PM,Redcliffe,QLD,6,185624047,R6 1780m Pace M,185624048,Harness,1780,Pace,11583777,6,Forgive Me,LOSER,18,LOSER,4.18,178.99,18,5.7,17.5,12.64,709.74,780,11.5,780,51.37,76.6,295.82,4,1.64,4,3.4,198.83,15.5,16.5,1.05,0.97
26/07/2021,8:05:00 PM,8:06:18 PM,Redcliffe,QLD,6,185624047,R6 1780m Pace M,185624048,Harness,1780,Pace,12381720,7,Misterriodejaneiro,LOSER,8.05,LOSER,2.59,465.78,21,8,8.6,9.17,852.71,490,8,480,20.92,52.98,640.51,2.68,2.58,2.68,2.66,43.56,8.2,9,1.05,0.97
26/07/2021,8:05:00 PM,8:06:18 PM,Redcliffe,QLD,6,185624047,R6 1780m Pace M,185624048,Harness,1780,Pace,20591717,8,Rocknroll Da Gama,WINNER,5.3,WINNER,2.16,804.05,10,5.3,5.5,6.03,1513.42,32,1.01,1.01,1.23,8879.32,1010.87,2.3,2.1,2.2,2.21,251.55,5.9,6.4,1.05,0.97
26/07/2021,8:05:00 PM,8:06:18 PM,Redcliffe,QLD,6,185624047,R6 1780m Pace M,185624048,Harness,1780,Pace,24914342,9,Ginatiano,LOSER,6.2,LOSER,2.38,557.27,7.8,5.1,6.2,5.79,1630.17,780,3.9,780,13.57,113.91,601.96,2.52,2.32,2.32,2.34,0.32,5.2,5.5,1.05,0.97
26/07/2021,8:33:00 PM,8:34:01 PM,Redcliffe,QLD,7,185624049,R7 1780m Pace M,185624050,Harness,1780,Pace,2064337,1,Country Run,LOSER,5.9,LOSER,1.8,671.02,7.2,3.85,5.4,4.79,3546.06,1000,2.18,1000,5.71,1475.42,535.58,1.85,1.51,1.81,1.71,66.79,5,5.3,1.03,0.96
26/07/2021,8:33:00 PM,8:34:01 PM,Redcliffe,QLD,7,185624049,R7 1780m Pace M,185624050,Harness,1780,Pace,21100781,2,Little Arrows,LOSER,53.83,LOSER,12,116.66,290,48,50,64.83,84.54,940,19.5,940,104.66,32.81,68.31,15,7.6,11,11.15,75.12,65,70,1.03,0.96
26/07/2021,8:33:00 PM,8:34:01 PM,Redcliffe,QLD,7,185624049,R7 1780m Pace M,185624050,Harness,1780,Pace,13072822,3,Ritchie Bee,LOSER,6.61,LOSER,2.35,661.92,6.6,4.8,6.2,5.93,723.67,780,4,280,10.07,213.64,741.02,2,1.95,1.95,1.95,26.74,5.6,5.9,1.03,0.96
26/07/2021,8:33:00 PM,8:34:01 PM,Redcliffe,QLD,7,185624049,R7 1780m Pace M,185624050,Harness,1780,Pace,18697143,4,Non Passare,WINNER,2.93,WINNER,1.46,1853.47,3.95,2.9,2.96,3.18,3352.26,4.4,1.01,1.01,1.48,6079.97,1062.29,1.54,1.42,1.42,1.49,75.86,3.2,3.4,1.03,0.96
26/07/2021,8:33:00 PM,8:34:01 PM,Redcliffe,QLD,7,185624049,R7 1780m Pace M,185624050,Harness,1780,Pace,39601839,5,Reduced To Ashes,LOSER,37.92,LOSER,12.98,81.76,450,26,40,42.33,230.92,690,20,290,51.31,51.5,36.19,6.6,6,6,6.18,23.36,44,55,1.03,0.96
26/07/2021,8:33:00 PM,8:34:01 PM,Redcliffe,QLD,7,185624049,R7 1780m Pace M,185624050,Harness,1780,Pace,9617574,7,Purple Shades,LOSER,4.41,LOSER,1.57,1812.02,4.9,2.78,4.5,4.19,1978.22,690,3.85,120,7.32,325.41,792.7,1.7,1.5,1.5,1.56,259.98,4.3,4.5,1.03,0.96
26/07/2021,8:33:00 PM,8:34:01 PM,Redcliffe,QLD,7,185624049,R7 1780m Pace M,185624050,Harness,1780,Pace,9234441,8,Nolonga Your Choice,LOSER,95.85,WINNER,42.43,72.1,470,75,95,105.71,68.29,690,32,690,56.6,27.9,48.04,44,40,44,42.13,0.07,75,100,1.03,0.96
26/07/2021,8:33:00 PM,8:34:01 PM,Redcliffe,QLD,7,185624049,R7 1780m Pace M,185624050,Harness,1780,Pace,1238834,9,Jet Force,LOSER,19.77,WINNER,3.44,201.62,60,17.5,20,21.51,339.29,1000,5.7,1000,18.95,89.86,328.84,4.6,3,3.55,3.17,295.63,18.5,21,1.03,0.96
26/07/2021,9:01:00 PM,9:01:53 PM,Redcliffe,QLD,8,185624051,R8 1780m Pace M,185624052,Harness,1780,Pace,25390588,1,Somewhereinheaven,WINNER,6.37,WINNER,2.05,876.85,8.2,3.6,6.6,6.12,2111.3,23,1.01,1.01,1.24,5589.3,470.38,2.2,1.7,2.04,1.95,494.47,7,7.2,1.03,0.98
26/07/2021,9:01:00 PM,9:01:53 PM,Redcliffe,QLD,8,185624051,R8 1780m Pace M,185624052,Harness,1780,Pace,24539955,2,Johnrod,LOSER,8.03,LOSER,3.09,657.78,17.5,6.6,8,8,808.36,780,6,780,19.02,72.89,606.01,,,,,,7.6,7.8,1.03,0.98
26/07/2021,9:01:00 PM,9:01:53 PM,Redcliffe,QLD,8,185624051,R8 1780m Pace M,185624052,Harness,1780,Pace,9316154,3,Writeaboutchelsea,LOSER,9.99,WINNER,3.65,395.49,19,8,9.6,13.07,741.66,780,2.1,490,4.81,661.79,395.64,3.65,3.65,3.65,3.65,12.77,16,17.5,1.03,0.98
26/07/2021,9:01:00 PM,9:01:53 PM,Redcliffe,QLD,8,185624051,R8 1780m Pace M,185624052,Harness,1780,Pace,11186826,4,Private Jujon,LOSER,35.5,LOSER,8.2,135.8,48,20,36,32.6,243.26,920,25,740,105.51,24.43,203.71,,,,,,36,40,1.03,0.98
26/07/2021,9:01:00 PM,9:01:53 PM,Redcliffe,QLD,8,185624051,R8 1780m Pace M,185624052,Harness,1780,Pace,35595126,5,Ally Pink,LOSER,3.15,LOSER,1.57,1406.47,4.3,2.82,3.15,3.56,3477.41,690,2.42,270,6.51,393.8,1156.81,1.71,1.29,1.59,1.58,99.04,3.4,3.55,1.03,0.98
26/07/2021,9:01:00 PM,9:01:53 PM,Redcliffe,QLD,8,185624051,R8 1780m Pace M,185624052,Harness,1780,Pace,24690749,6,Highmoralground,LOSER,54.31,LOSER,6.62,138.97,55,26,50,39.28,100.59,690,6.6,300,14.93,127.35,228,,,,,,42,48,1.03,0.98
26/07/2021,9:01:00 PM,9:01:53 PM,Redcliffe,QLD,8,185624051,R8 1780m Pace M,185624052,Harness,1780,Pace,23783467,7,Hurrikane Special,LOSER,6.48,WINNER,2,452.48,7.8,5.1,6.6,5.66,1296.44,110,2.56,110,5.69,623.09,973.46,2.52,1.9,2.52,1.94,7.15,5.5,5.8,1.03,0.98
26/07/2021,9:01:00 PM,9:01:53 PM,Redcliffe,QLD,8,185624051,R8 1780m Pace M,185624052,Harness,1780,Pace,19663800,8,Dontch See It,LOSER,22,LOSER,4.74,153.95,27,15.5,27,20.11,256.07,700,22,700,133.59,7.01,189.85,4.6,3,4.4,4.05,12.69,20,21,1.03,0.98
26/07/2021,9:01:00 PM,9:01:53 PM,Redcliffe,QLD,8,185624051,R8 1780m Pace M,185624052,Harness,1780,Pace,6889896,9,Its All Torque,LOSER,9.59,LOSER,2.61,294.21,29,8.4,10.5,10,1424.41,970,9.6,970,29.96,70.56,724.69,3.2,2.56,2.66,2.7,188.32,8.8,9.4,1.03,0.98
26/07/2021,9:29:00 PM,9:30:01 PM,Redcliffe,QLD,9,185624053,R9 1780m Pace M,185624054,Harness,1780,Pace,24074942,1,Milwaukee Sunrise,LOSER,66.48,LOSER,8.02,101.45,90,34,75,52.02,97.35,690,65,690,120.48,4.72,131.26,8.4,6.4,7.4,7.46,87.22,65,100,1.03,0.98
26/07/2021,9:29:00 PM,9:30:01 PM,Redcliffe,QLD,9,185624053,R9 1780m Pace M,185624054,Harness,1780,Pace,9477262,2,Many Delights,LOSER,60,LOSER,12,92.42,320,46,70,66.96,96,690,60,690,155.46,8.75,,,,,,,48,55,1.03,0.98
26/07/2021,9:29:00 PM,9:30:01 PM,Redcliffe,QLD,9,185624053,R9 1780m Pace M,185624054,Harness,1780,Pace,19726012,3,Dartesian,LOSER,28.74,WINNER,9.15,111.33,70,22,40,33.36,414.54,1000,14.5,200,46.25,17.44,,,,,,,28,30,1.03,0.98
26/07/2021,9:29:00 PM,9:30:01 PM,Redcliffe,QLD,9,185624053,R9 1780m Pace M,185624054,Harness,1780,Pace,12283444,4,Maghera Maggie,LOSER,11.86,LOSER,3.02,433.42,12,4.7,12,8.99,741.02,770,10,770,33.27,35.08,602.27,3.15,2.38,2.94,2.73,393.69,10.5,11.5,1.03,0.98
26/07/2021,9:29:00 PM,9:30:01 PM,Redcliffe,QLD,9,185624053,R9 1780m Pace M,185624054,Harness,1780,Pace,27759666,5,Calculated Risk,LOSER,3.83,LOSER,1.48,1368.23,4.2,2.9,3.8,3.72,2438.48,990,1.81,990,5.51,1238.03,1691.5,1.66,1.39,1.51,1.54,443.88,3.9,4,1.03,0.98
26/07/2021,9:29:00 PM,9:30:01 PM,Redcliffe,QLD,9,185624053,R9 1780m Pace M,185624054,Harness,1780,Pace,28313751,6,Littledee,WINNER,3.24,WINNER,1.55,1874.13,4.8,3,3.2,3.38,2775.94,3.9,1.01,1.01,1.32,3975.92,794.85,1.63,1.32,1.45,1.47,325.81,3.25,3.3,1.03,0.98
26/07/2021,9:29:00 PM,9:30:01 PM,Redcliffe,QLD,9,185624053,R9 1780m Pace M,185624054,Harness,1780,Pace,12693384,7,Traces Of Tara,LOSER,27.26,LOSER,5.85,230.69,38,19.5,27,28.13,130.65,690,16.5,270,38.35,46.48,224.68,4.7,3.15,4.7,4.55,20.17,28,30,1.03,0.98
26/07/2021,9:29:00 PM,9:30:01 PM,Redcliffe,QLD,9,185624053,R9 1780m Pace M,185624054,Harness,1780,Pace,8805802,8,Trentleigh,LOSER,25.76,LOSER,6.75,202.54,100,25,27,36.11,209.08,690,38,300,81.06,32.17,271.53,,,,,,25,30,1.03,0.98
26/07/2021,9:29:00 PM,9:30:01 PM,Redcliffe,QLD,9,185624053,R9 1780m Pace M,185624054,Harness,1780,Pace,8322462,9,Ghost Gum,LOSER,4.4,WINNER,1.64,939.29,8,4.2,4.4,4.85,1960.74,1000,2.92,1000,14.63,130.33,596.98,2.08,1.64,1.64,1.69,49.13,4.5,4.7,1.03,0.98
26/07/2021,9:56:00 PM,9:56:51 PM,Redcliffe,QLD,10,185624055,R10 1780m Pace M,185624056,Harness,1780,Pace,23707386,1,The Last Starfire,LOSER,34.68,LOSER,15.98,238.79,36,16,36,26.73,276.07,690,10.5,690,39.81,42.05,108.64,21,10.5,21,15.69,0.29,30,34,1.03,0.98
26/07/2021,9:56:00 PM,9:56:51 PM,Redcliffe,QLD,10,185624055,R10 1780m Pace M,185624056,Harness,1780,Pace,25249592,2,Artistic Humma,LOSER,37.05,LOSER,20.35,124.36,42,25,36,31.48,190.77,690,30,690,100.56,10.83,94.22,32,15.5,15.5,19.86,0.14,30,32,1.03,0.98
26/07/2021,9:56:00 PM,9:56:51 PM,Redcliffe,QLD,10,185624055,R10 1780m Pace M,185624056,Harness,1780,Pace,28719452,3,Mustang Dude,LOSER,33.54,LOSER,6.7,146.82,38,24,34,30.69,170.7,690,5.8,320,19.77,106.07,216.86,,,,,,24,26,1.03,0.98
26/07/2021,9:56:00 PM,9:56:51 PM,Redcliffe,QLD,10,185624055,R10 1780m Pace M,185624056,Harness,1780,Pace,17669778,4,Leaping Leo,LOSER,5.56,WINNER,1.98,1117.98,7.6,5,5.5,5.54,1255.66,780,2.88,780,13.01,417.64,671.18,2.4,1.94,1.95,1.99,27.59,5.1,5.2,1.03,0.98
26/07/2021,9:56:00 PM,9:56:51 PM,Redcliffe,QLD,10,185624055,R10 1780m Pace M,185624056,Harness,1780,Pace,5632963,5,Weasel,LOSER,5.72,LOSER,1.91,926.11,5.7,4.4,5,4.99,669.77,690,5.1,690,13.3,210.75,844.55,2.12,1.59,1.83,1.79,53.93,4.8,5.2,1.03,0.98
26/07/2021,9:56:00 PM,9:56:51 PM,Redcliffe,QLD,10,185624055,R10 1780m Pace M,185624056,Harness,1780,Pace,13029176,6,Aroona,LOSER,6.2,LOSER,2.35,991.9,8.2,5.9,6.4,6.73,1510.94,780,3.5,690,9.67,254.3,811.37,2.28,2.28,2.28,2.28,19.41,6.2,6.4,1.03,0.98
26/07/2021,9:56:00 PM,9:56:51 PM,Redcliffe,QLD,10,185624055,R10 1780m Pace M,185624056,Harness,1780,Pace,24704756,7,Chasin Dreamz,WINNER,6.43,WINNER,2.1,646.05,6.6,3.8,6.4,5.9,2000.27,8.2,1.01,1.01,1.34,5226.32,907.73,2.24,1.64,2.16,1.93,207.31,6.2,6.4,1.03,0.98
26/07/2021,9:56:00 PM,9:56:51 PM,Redcliffe,QLD,10,185624055,R10 1780m Pace M,185624056,Harness,1780,Pace,13072541,8,Aurora Rose,LOSER,4.09,WINNER,1.65,1475.41,6.8,4,4.2,4.69,2624.28,100,1.2,100,2.74,1927.59,1589.42,1.8,1.54,1.72,1.7,208.09,5.2,5.3,1.03,0.98
27/07/2021,1:07:00 PM,1:07:23 PM,Albion Park,QLD,1,185663587,R1 1660m Pace M,185663588,Harness,1660,Pace,4420555,1,Alberio,LOSER,3.49,WINNER,1.35,1462.46,4.3,3.1,3.35,3.67,4533.67,690,2.9,690,11.97,343.83,1530.31,1.51,1.3,1.35,1.35,377.15,3.7,3.75,1.01,0.98
27/07/2021,1:07:00 PM,1:07:23 PM,Albion Park,QLD,1,185663587,R1 1660m Pace M,185663588,Harness,1660,Pace,35586001,2,Digyourheelsin,LOSER,30,LOSER,4.32,166.9,48,20,29,30.34,90.26,690,10.5,300,33.41,29.53,263.18,4,3.95,4,3.95,5.25,30,34,1.01,0.98
27/07/2021,1:07:00 PM,1:07:23 PM,Albion Park,QLD,1,185663587,R1 1660m Pace M,185663588,Harness,1660,Pace,26254010,4,Shez Got Bling,LOSER,2.14,WINNER,1.2,3091.25,3.65,2.06,2.28,2.2,10480.12,690,1.47,690,2.62,2331.15,1329.45,1.24,1.18,1.19,1.2,229.42,2.1,2.14,1.01,0.98
27/07/2021,1:07:00 PM,1:07:23 PM,Albion Park,QLD,1,185663587,R1 1660m Pace M,185663588,Harness,1660,Pace,28578983,5,Maywyn Troubadour,WINNER,9.58,WINNER,2.05,932.89,9.8,5.6,8.8,7.7,1263.05,9,1.01,1.01,1.54,6056.73,1003.32,2.32,1.94,2.14,2.05,70.2,8.6,8.8,1.01,0.98
27/07/2021,1:07:00 PM,1:07:23 PM,Albion Park,QLD,1,185663587,R1 1660m Pace M,185663588,Harness,1660,Pace,12396345,6,Rowdys Ace,LOSER,27.75,LOSER,6.07,169.42,42,26,26,31.89,178.39,920,13.5,920,93.02,35.25,254.16,5.6,4.1,5.5,5.19,103.17,27,30,1.01,0.98
27/07/2021,1:07:00 PM,1:07:23 PM,Albion Park,QLD,1,185663587,R1 1660m Pace M,185663588,Harness,1660,Pace,21165715,7,Nevaevabend,LOSER,159.72,LOSER,18.5,21.41,170,100,130,127.07,113.57,900,60,900,374.59,10.34,97.7,18.5,9.6,18.5,17.44,0.92,110,140,1.01,0.98
27/07/2021,1:07:00 PM,1:07:23 PM,Albion Park,QLD,1,185663587,R1 1660m Pace M,185663588,Harness,1660,Pace,26635997,8,Yankee Dancer,LOSER,19.06,LOSER,3.09,393.24,24,9.4,19.5,14.65,713.11,1000,10.5,1000,55.78,145.63,338.3,6.6,2.64,3.1,3.03,237.52,20,23,1.01,0.98
27/07/2021,1:07:00 PM,1:07:23 PM,Albion Park,QLD,1,185663587,R1 1660m Pace M,185663588,Harness,1660,Pace,22677063,9,Tactfilly Magic,LOSER,60,LOSER,7.19,122.1,150,46,55,60.43,98.66,690,19,380,81.35,32.49,226.59,10.5,6,6.6,8.66,218.9,55,60,1.01,0.98
27/07/2021,1:42:00 PM,1:42:28 PM,Albion Park,QLD,2,185663589,R2 2138m Trot S,185663590,Harness,2138,Trot,19728757,1,Spiders Devil,LOSER,8.4,LOSER,1.86,538.85,14,8,8,9.14,691.72,140,2.18,140,4.37,2769.48,860.52,2.26,1.8,1.86,1.93,470.25,8.8,9.4,1.02,0.98
27/07/2021,1:42:00 PM,1:42:28 PM,Albion Park,QLD,2,185663589,R2 2138m Trot S,185663590,Harness,2138,Trot,36036905,2,Hattie,LOSER,121.31,LOSER,16.25,30.09,200,85,130,134.68,10.59,1000,120,900,501.57,6.03,93.82,11,8.8,10.5,9.58,15,140,150,1.02,0.98
27/07/2021,1:42:00 PM,1:42:28 PM,Albion Park,QLD,2,185663589,R2 2138m Trot S,185663590,Harness,2138,Trot,25796831,3,Steves Star,LOSER,80,WINNER,12.21,72.4,110,60,60,69.21,35.28,80,1.42,11,3.04,506.92,171.76,8.6,8.6,8.6,8.6,1.02,65,80,1.02,0.98
27/07/2021,1:42:00 PM,1:42:28 PM,Albion Park,QLD,2,185663589,R2 2138m Trot S,185663590,Harness,2138,Trot,23427202,4,Tam Oshanter,LOSER,1.93,LOSER,1.25,3212.64,1.97,1.53,1.93,1.72,11196.74,1000,1.55,1000,6.03,2576.91,1284.02,1.26,1.15,1.26,1.23,725.93,1.72,1.73,1.02,0.98
27/07/2021,1:42:00 PM,1:42:28 PM,Albion Park,QLD,2,185663589,R2 2138m Trot S,185663590,Harness,2138,Trot,28389208,5,The Night King,LOSER,13.08,LOSER,2.8,523.15,15.5,5.2,13,11.73,1114.96,100,1.29,90,4.84,230.11,458.8,2.52,1.75,2.52,2.27,197.68,13.5,15,1.02,0.98
27/07/2021,1:42:00 PM,1:42:28 PM,Albion Park,QLD,2,185663589,R2 2138m Trot S,185663590,Harness,2138,Trot,16297561,6,Rosehill Magic,LOSER,68.59,LOSER,10.85,73.11,90,65,65,69.31,20.69,950,28,300,160.67,10.56,140.88,,,,,,70,80,1.02,0.98
27/07/2021,1:42:00 PM,1:42:28 PM,Albion Park,QLD,2,185663589,R2 2138m Trot S,185663590,Harness,2138,Trot,17995757,8,Aveross Don,LOSER,15.12,LOSER,3.2,372.98,29,14,14,18.19,523.45,490,3.3,420,21.65,125.73,575.41,3.5,3.45,3.45,3.46,0.32,15,15.5,1.02,0.98
27/07/2021,1:42:00 PM,1:42:28 PM,Albion Park,QLD,2,185663589,R2 2138m Trot S,185663590,Harness,2138,Trot,792835,9,The Reaper,WINNER,12.56,WINNER,3.09,294.2,25,12,12,16.06,517.67,16,1.17,1.17,2.17,1091.42,524.98,3.3,2.8,2.8,2.83,5.8,14,15,1.02,0.98
27/07/2021,1:42:00 PM,1:42:28 PM,Albion Park,QLD,2,185663589,R2 2138m Trot S,185663590,Harness,2138,Trot,16549236,10,Down Under Rors,LOSER,27.4,WINNER,5.1,174.33,46,24,25,31.63,195.97,100,2.7,3.4,13.67,149.35,347.14,,,,,,30,32,1.02,0.98
27/07/2021,1:42:00 PM,1:42:28 PM,Albion Park,QLD,2,185663589,R2 2138m Trot S,185663590,Harness,2138,Trot,38533855,11,Havana Magic,LOSER,29,LOSER,6.3,176.41,85,27,28,39.36,107.89,100,17,100,37.59,22.4,269.3,,,,,,34,38,1.02,0.98
27/07/2021,1:42:00 PM,1:42:28 PM,Albion Park,QLD,2,185663589,R2 2138m Trot S,185663590,Harness,2138,Trot,40297592,12,Aurora,LOSER,110,LOSER,27.58,43.65,200,95,100,120.08,34.55,920,28,920,44.3,48.69,57.67,,,,,,100,120,1.02,0.98
27/07/2021,2:17:00 PM,2:18:13 PM,Albion Park,QLD,3,185663591,R3 1660m Pace M,185663592,Harness,1660,Pace,10425041,1,Runfortheroses,LOSER,26,LOSER,3.95,349.6,38,25,28,29.31,320.33,910,10,730,34.44,219.7,409.51,4.9,3.75,4.2,4.11,283.63,30,34,1.02,0.99
27/07/2021,2:17:00 PM,2:18:13 PM,Albion Park,QLD,3,185663591,R3 1660m Pace M,185663592,Harness,1660,Pace,22211918,2,Brooklyns Best,LOSER,23.64,LOSER,3.79,439.3,60,16,24,25.89,745.54,920,10.5,920,66.33,36.58,379.26,6.2,3.85,3.85,4.55,334.05,24,26,1.02,0.99
27/07/2021,2:17:00 PM,2:18:13 PM,Albion Park,QLD,3,185663591,R3 1660m Pace M,185663592,Harness,1660,Pace,16747114,3,Life Lavros,WINNER,2.54,WINNER,1.34,2253.48,3.5,2.32,2.5,2.52,20487.64,7.2,1.01,1.01,1.42,12601.95,1546.88,1.52,1.34,1.36,1.42,316.6,2.44,2.38,1.02,0.99
27/07/2021,2:17:00 PM,2:18:13 PM,Albion Park,QLD,3,185663591,R3 1660m Pace M,185663592,Harness,1660,Pace,12586835,4,Pinup Boy,LOSER,47.23,LOSER,9,214,95,42,44,63.14,119.19,950,42,950,96.22,22.55,240.28,12.5,9,9,9.19,58.72,48,55,1.02,0.99
27/07/2021,2:17:00 PM,2:18:13 PM,Albion Park,QLD,3,185663591,R3 1660m Pace M,185663592,Harness,1660,Pace,24056132,5,Wahs Fire Bug,LOSER,3.67,WINNER,1.56,2434.1,4.1,2.82,3.75,3.64,16245.23,690,2.82,380,9.36,274.71,907.47,1.65,1.5,1.56,1.51,2186.3,3.7,3.8,1.02,0.99
27/07/2021,2:17:00 PM,2:18:13 PM,Albion Park,QLD,3,185663591,R3 1660m Pace M,185663592,Harness,1660,Pace,7296978,6,The Banker,LOSER,12.9,WINNER,2.73,927.22,12.5,5.2,12,9.48,1995.9,870,4.2,780,19.2,181.95,658.04,2.58,1.82,2.58,2.29,65.64,10,11,1.02,0.99
27/07/2021,2:17:00 PM,2:18:13 PM,Albion Park,QLD,3,185663591,R3 1660m Pace M,185663592,Harness,1660,Pace,28309609,7,Vouchers,LOSER,12,LOSER,2.83,547.61,19.5,11,11,12.8,1246.65,780,9.8,490,30.59,78.07,338.31,3.05,2.66,2.66,2.71,75.92,12,13,1.02,0.99
27/07/2021,2:17:00 PM,2:18:13 PM,Albion Park,QLD,3,185663591,R3 1660m Pace M,185663592,Harness,1660,Pace,23331650,8,Speed Dial,LOSER,15.48,LOSER,2.82,482.87,22,15,16,16.72,661.14,790,5.4,690,22.62,202.16,832.37,3.15,2.64,2.88,2.8,276.5,17.5,19,1.02,0.99
27/07/2021,2:52:00 PM,2:53:06 PM,Albion Park,QLD,4,185663593,R4 2138m Pace M,185663594,Harness,2138,Pace,19541704,1,Always A Secret,LOSER,7.24,LOSER,2.26,804.16,9.8,5.8,6.8,6.48,2771.94,880,7,880,20.3,259.74,707.41,2.44,2.1,2.16,2.32,157.16,6.6,6.8,1.02,0.98
27/07/2021,2:52:00 PM,2:53:06 PM,Albion Park,QLD,4,185663593,R4 2138m Pace M,185663594,Harness,2138,Pace,24608333,2,Ragnarr,LOSER,4.5,WINNER,1.79,998.41,7.4,4.2,4.5,4.86,7019.95,220,1.66,150,4.34,2297.4,1053.42,1.85,1.72,1.72,1.79,349.57,5.1,5.3,1.02,0.98
27/07/2021,2:52:00 PM,2:53:06 PM,Albion Park,QLD,4,185663593,R4 2138m Pace M,185663594,Harness,2138,Pace,21949863,3,Moreau Drive,LOSER,29.65,LOSER,5.55,255.33,30,12.5,28,24.72,311.84,690,24,690,46.3,51.71,333.1,6,5.1,5.3,5.48,43.24,25,26,1.02,0.98
27/07/2021,2:52:00 PM,2:53:06 PM,Albion Park,QLD,4,185663593,R4 2138m Pace M,185663594,Harness,2138,Pace,16489822,4,Some Excusesomewhere,WINNER,28.72,WINNER,6.51,261.13,34,21,26,26.14,391.38,100,1.01,1.04,2.54,3371.77,184.41,6,5.4,5.9,5.73,50.21,22,26,1.02,0.98
27/07/2021,2:52:00 PM,2:53:06 PM,Albion Park,QLD,4,185663593,R4 2138m Pace M,185663594,Harness,2138,Pace,24417049,5,Kensington Bill,LOSER,6.08,LOSER,2.05,1480.6,8.2,5.1,5.7,5.83,2877.72,690,5.7,480,9.13,447.67,867.33,2.1,1.89,2.1,2.04,149.27,5.4,5.7,1.02,0.98
27/07/2021,2:52:00 PM,2:53:06 PM,Albion Park,QLD,4,185663593,R4 2138m Pace M,185663594,Harness,2138,Pace,21859517,6,Left A Terror,LOSER,48,LOSER,7.65,151.37,55,36,40,39.86,203.86,690,4,690,42.37,85.47,166.49,6.2,6.2,6.2,6.2,5,38,44,1.02,0.98
27/07/2021,2:52:00 PM,2:53:06 PM,Albion Park,QLD,4,185663593,R4 2138m Pace M,185663594,Harness,2138,Pace,17847663,7,The Announcer,LOSER,6.2,LOSER,2.33,1306.42,7,5.2,6.8,6.32,1544.93,690,1.31,480,3.67,1316.37,798.29,2.4,2.28,2.38,2.34,60.05,6.4,6.6,1.02,0.98
27/07/2021,2:52:00 PM,2:53:06 PM,Albion Park,QLD,4,185663593,R4 2138m Pace M,185663594,Harness,2138,Pace,13072823,8,Royal Aurora,LOSER,4.5,WINNER,1.8,3019.23,5.7,2.8,4.5,4.53,6281.55,280,1.05,100,1.81,5484.04,767.82,1.91,1.66,1.8,1.85,229.89,4.6,4.7,1.02,0.98
27/07/2021,3:27:00 PM,3:27:37 PM,Albion Park,QLD,5,185663595,R5 1660m Pace M,185663596,Harness,1660,Pace,25054301,1,Four For Four,LOSER,6.02,WINNER,1.6,1078.23,7.2,4.7,5.5,5.37,3011.84,870,5.5,870,14.06,348.67,1533.55,1.86,1.35,1.6,1.49,910.45,5.4,5.6,1.02,0.99
27/07/2021,3:27:00 PM,3:27:37 PM,Albion Park,QLD,5,185663595,R5 1660m Pace M,185663596,Harness,1660,Pace,40297593,2,A Whole Lotta Rosie,LOSER,28.5,WINNER,3.71,332.45,44,8.2,29,30.8,653.54,900,8.2,690,45.33,119.43,302.2,4.5,3.4,3.5,3.67,118.76,34,36,1.02,0.99
27/07/2021,3:27:00 PM,3:27:37 PM,Albion Park,QLD,5,185663595,R5 1660m Pace M,185663596,Harness,1660,Pace,23084552,3,Clarenden Dazzler,LOSER,55.85,LOSER,8.2,116.6,75,30,55,54.51,229.81,930,85,690,239.58,10.34,139.73,8.2,4.8,8.2,5.39,276.93,70,75,1.02,0.99
27/07/2021,3:27:00 PM,3:27:37 PM,Albion Park,QLD,5,185663595,R5 1660m Pace M,185663596,Harness,1660,Pace,6423213,4,Lancelot Bromac,LOSER,129.55,LOSER,8.6,62.31,120,60,110,86.31,71.27,950,120,950,247.2,8.09,0.1,8.6,8.6,8.6,8.6,0.09,85,95,1.02,0.99
27/07/2021,3:27:00 PM,3:27:37 PM,Albion Park,QLD,5,185663595,R5 1660m Pace M,185663596,Harness,1660,Pace,9462584,5,Ideal Investment,LOSER,34,LOSER,4.88,194.22,90,28,30,35.07,224.27,930,34,930,75.09,22.96,247.54,,,,,,29,32,1.02,0.99
27/07/2021,3:27:00 PM,3:27:37 PM,Albion Park,QLD,5,185663595,R5 1660m Pace M,185663596,Harness,1660,Pace,39133100,6,Iamajoyride,LOSER,14.5,LOSER,2.33,412.71,21,13,15,14.75,614.11,900,14.5,900,77.73,96.01,509.8,2.88,2,2.22,2.27,317.67,13.5,14.5,1.02,0.99
27/07/2021,3:27:00 PM,3:27:37 PM,Albion Park,QLD,5,185663595,R5 1660m Pace M,185663596,Harness,1660,Pace,12781191,7,Hemsworth,WINNER,1.58,WINNER,1.14,2938.64,2.34,1.52,1.57,1.64,33568.12,1.58,1.01,1.01,1.15,15705.79,1689.52,1.18,1.13,1.16,1.16,607.72,1.58,1.6,1.02,0.99
27/07/2021,3:27:00 PM,3:27:37 PM,Albion Park,QLD,5,185663595,R5 1660m Pace M,185663596,Harness,1660,Pace,26596318,9,Favreau,LOSER,197.31,LOSER,13.13,46.98,250,95,230,139.23,87.05,960,190,960,332.49,6.2,138.99,11.5,8,11.5,9.68,27.57,150,220,1.02,0.99
27/07/2021,3:27:00 PM,3:27:37 PM,Albion Park,QLD,5,185663595,R5 1660m Pace M,185663596,Harness,1660,Pace,35620927,10,Aye Aye Captain,LOSER,30,LOSER,3.93,228.27,42,15.5,30,32.71,334.97,900,26,900,67.42,27.22,236.47,6.4,3.95,3.95,3.95,103.93,34,38,1.02,0.99
27/07/2021,4:07:00 PM,4:09:54 PM,Albion Park,QLD,6,185663597,R6 1660m Pace M,185663598,Harness,1660,Pace,40091711,1,Explanation Noted,LOSER,8.68,LOSER,2.56,768.47,11,7.6,8.8,9.08,1550.23,1000,3.75,260,10.03,355.48,609.01,3,2.4,2.64,2.48,154.21,8.8,9.6,1.04,0.96
27/07/2021,4:07:00 PM,4:09:54 PM,Albion Park,QLD,6,185663597,R6 1660m Pace M,185663598,Harness,1660,Pace,40297594,2,Sweet Rippin,LOSER,4.2,LOSER,2.07,2366.2,5.7,3.5,4,4.75,10419.89,1000,2.5,260,4.4,1676.53,321.58,1.88,1.74,1.88,1.83,230.56,4.7,5.3,1.04,0.96
27/07/2021,4:07:00 PM,4:09:54 PM,Albion Park,QLD,6,185663597,R6 1660m Pace M,185663598,Harness,1660,Pace,40297595,3,Copy Writer,LOSER,25.5,WINNER,6.35,282.37,42,24,29,29.71,288.37,1000,2.28,50,30.12,67.97,185.37,8.4,6.6,8.4,7.21,0.33,36,44,1.04,0.96
27/07/2021,4:07:00 PM,4:09:54 PM,Albion Park,QLD,6,185663597,R6 1660m Pace M,185663598,Harness,1660,Pace,39456347,4,Shez Notorious,WINNER,6,WINNER,2.03,909.14,9,5.1,6,5.96,4008.78,55,1.01,1.01,1.23,4039.82,675.99,2.22,1.98,2.18,2.02,210.41,5.6,5.7,1.04,0.96
27/07/2021,4:07:00 PM,4:09:54 PM,Albion Park,QLD,6,185663597,R6 1660m Pace M,185663598,Harness,1660,Pace,40061860,5,Head Noise,LOSER,4,LOSER,1.51,1227.64,4.6,3.15,4,3.57,6887.8,1000,1.73,1000,5.23,585.69,1576.93,1.68,1.41,1.58,1.55,411.32,3.35,3.45,1.04,0.96
27/07/2021,4:07:00 PM,4:09:54 PM,Albion Park,QLD,6,185663597,R6 1660m Pace M,185663598,Harness,1660,Pace,40297596,6,Sheza Chance,LOSER,58.03,LOSER,9,171.81,75,42,60,55.97,197.31,780,24,690,123.62,16.71,9.92,9,9,9,9,0.3,55,70,1.04,0.96
27/07/2021,4:07:00 PM,4:09:54 PM,Albion Park,QLD,6,185663597,R6 1660m Pace M,185663598,Harness,1660,Pace,40297597,7,Indy Jewel,LOSER,23.65,LOSER,5.28,322.88,30,23,26,25.28,447.15,690,23,690,37,74.08,300.36,4.8,4.8,4.8,4.8,12.38,23,26,1.04,0.96
27/07/2021,4:07:00 PM,4:09:54 PM,Albion Park,QLD,6,185663597,R6 1660m Pace M,185663598,Harness,1660,Pace,3347119,8,Happy Snap,LOSER,102.12,LOSER,57.64,101.7,1000,65,130,203.04,378.62,700,100,700,172.88,27.46,102.65,110,23,46,66.15,35.92,70,80,1.04,0.96
27/07/2021,4:07:00 PM,4:09:54 PM,Albion Park,QLD,6,185663597,R6 1660m Pace M,185663598,Harness,1660,Pace,40297598,9,Wonderwoman Jujon,LOSER,65.68,LOSER,17.14,187.71,170,80,90,94.38,123.86,690,50,690,78.33,42.55,85.29,13,12.5,13,12.73,10,85,95,1.04,0.96
27/07/2021,4:07:00 PM,4:09:54 PM,Albion Park,QLD,6,185663597,R6 1660m Pace M,185663598,Harness,1660,Pace,40297599,10,Merge Right,LOSER,7.86,WINNER,2.62,904.57,10.5,5,7.8,7.71,2414.28,170,1.51,170,5.31,373.02,250.43,2.98,2.34,2.38,2.37,107.61,8.6,9.4,1.04,0.96
27/07/2021,4:44:00 PM,4:44:53 PM,Albion Park,QLD,7,185663599,R7 1660m Pace M,185663600,Harness,1660,Pace,40297600,1,Beach On Fire,LOSER,15.08,WINNER,3.1,384.31,16,9.2,15.5,12.36,1204.8,690,7,350,14.85,111.22,550.21,3.15,2.64,3,2.91,595.54,11.5,12,1.02,0.98
27/07/2021,4:44:00 PM,4:44:53 PM,Albion Park,QLD,7,185663599,R7 1660m Pace M,185663600,Harness,1660,Pace,40173386,3,Vodka En Ice,LOSER,36.94,LOSER,9.09,275.76,60,30,46,40.35,276.76,690,34,690,46.85,44.53,133.1,10.5,5.9,10,7.13,155.42,46,50,1.02,0.98
27/07/2021,4:44:00 PM,4:44:53 PM,Albion Park,QLD,7,185663599,R7 1660m Pace M,185663600,Harness,1660,Pace,40297601,4,Midnight Somewhere,WINNER,4.38,WINNER,1.51,1169.59,5.7,3.9,4.3,4.46,4424.12,4.4,1.01,1.01,1.47,8231.35,945.93,1.93,1.51,1.56,1.73,1055.83,4.5,4.6,1.02,0.98
27/07/2021,4:44:00 PM,4:44:53 PM,Albion Park,QLD,7,185663599,R7 1660m Pace M,185663600,Harness,1660,Pace,40297602,5,Gulmarg,LOSER,43.35,LOSER,12,224.06,70,46,60,56.34,135.28,690,34,690,54.67,34.91,8.61,13.5,12,13.5,12.93,4.26,50,55,1.02,0.98
27/07/2021,4:44:00 PM,4:44:53 PM,Albion Park,QLD,7,185663599,R7 1660m Pace M,185663600,Harness,1660,Pace,40297603,6,Mister Cautious,LOSER,15.1,WINNER,3.7,450.04,15.5,11.5,14.5,12.73,737.2,100,2.1,26,6.51,539.64,258.16,3.55,3.25,3.3,3.33,108.05,12.5,13,1.02,0.98
27/07/2021,4:44:00 PM,4:44:53 PM,Albion Park,QLD,7,185663599,R7 1660m Pace M,185663600,Harness,1660,Pace,40208952,7,Trouper Jujon,LOSER,69.07,LOSER,17.5,182.21,110,60,70,72.7,122.37,690,65,690,117.54,11.75,,,,,,,65,70,1.02,0.98
27/07/2021,4:44:00 PM,4:44:53 PM,Albion Park,QLD,7,185663599,R7 1660m Pace M,185663600,Harness,1660,Pace,39456360,8,Ima Chick Magnet,LOSER,7.2,LOSER,2.39,859.62,10.5,6.6,7,7.53,1649.61,690,7.2,680,19.25,75.59,788.44,3,2.32,2.34,2.45,65.87,7,7.2,1.02,0.98
27/07/2021,4:44:00 PM,4:44:53 PM,Albion Park,QLD,7,185663599,R7 1660m Pace M,185663600,Harness,1660,Pace,40297604,9,Going Great Guns,LOSER,4.8,LOSER,1.79,1137.25,5.2,3.1,5,4.18,4934.8,690,6.2,490,20.03,178.78,1303.87,1.9,1.54,1.83,1.75,545.74,4.9,5,1.02,0.98
27/07/2021,4:44:00 PM,4:44:53 PM,Albion Park,QLD,7,185663599,R7 1660m Pace M,185663600,Harness,1660,Pace,40297605,10,Master Charles,LOSER,36.75,LOSER,7.5,230.77,46,22,44,31.56,240.2,690,34,300,52.21,34.83,243.4,5.4,5.4,5.4,5.4,20,36,38,1.02,0.98
27/07/2021,4:44:00 PM,4:44:53 PM,Albion Park,QLD,7,185663599,R7 1660m Pace M,185663600,Harness,1660,Pace,39456363,11,Gotta Go Milking,LOSER,4.71,LOSER,2.23,1382.87,7.6,4.6,4.9,5.63,3372.46,690,2.5,690,7.46,275.21,886.4,2.28,2.12,2.12,2.27,35.29,5.1,5.3,1.02,0.98
27/07/2021,5:18:00 PM,5:18:50 PM,Albion Park,QLD,8,185663601,R8 2138m Pace M,185663602,Harness,2138,Pace,28430628,1,Whatta Good Reason,LOSER,5.43,LOSER,1.83,1222.84,5.9,3.65,5.4,4.85,6352.04,790,4.3,780,20.93,578.1,611.63,2.02,1.66,1.72,1.73,823.96,5,5.2,1.04,0.97
27/07/2021,5:18:00 PM,5:18:50 PM,Albion Park,QLD,8,185663601,R8 2138m Pace M,185663602,Harness,2138,Pace,15058509,2,Ring The Till,LOSER,32,LOSER,7.72,337.91,44,26,32,35.93,276.34,920,44,920,161.47,13.75,244.88,14.5,8.4,8.4,8.77,47.84,38,40,1.04,0.97
27/07/2021,5:18:00 PM,5:18:50 PM,Albion Park,QLD,8,185663601,R8 2138m Pace M,185663602,Harness,2138,Pace,23306630,3,Lorimer Lady,LOSER,80.23,LOSER,19.75,170.59,150,55,85,94.28,153.96,900,85,270,279.96,3.36,66.74,13,12.5,12.5,12.8,5,120,130,1.04,0.97
27/07/2021,5:18:00 PM,5:18:50 PM,Albion Park,QLD,8,185663601,R8 2138m Pace M,185663602,Harness,2138,Pace,40297606,4,Remember Me Now,LOSER,22.94,LOSER,5.31,368.07,40,19,19,22.86,452.15,910,6.2,910,39,198.21,16,5.7,5.2,5.7,5.45,38.81,23,25,1.04,0.97
27/07/2021,5:18:00 PM,5:18:50 PM,Albion Park,QLD,8,185663601,R8 2138m Pace M,185663602,Harness,2138,Pace,9399521,5,Recipe For Dreaming,LOSER,23,WINNER,8.75,398.57,30,14,24,20.87,1140.7,690,2.94,690,16.06,157.71,220.28,,,,,,16.5,21,1.04,0.97
27/07/2021,5:18:00 PM,5:18:50 PM,Albion Park,QLD,8,185663601,R8 2138m Pace M,185663602,Harness,2138,Pace,25114049,6,Raani,LOSER,8.6,LOSER,3.02,849.51,11,7.8,8.6,8.79,1081.38,880,5.1,880,26.73,138.17,406.58,3.15,2.74,2.74,2.74,204.13,8,9,1.04,0.97
27/07/2021,5:18:00 PM,5:18:50 PM,Albion Park,QLD,8,185663601,R8 2138m Pace M,185663602,Harness,2138,Pace,40297607,7,Frontliner,LOSER,23,WINNER,5.68,407.37,30,16.5,23,23.49,475.59,920,11,920,128.8,14.76,279.52,6.4,5.4,6.2,5.74,31.31,24,26,1.04,0.97
27/07/2021,5:18:00 PM,5:18:50 PM,Albion Park,QLD,8,185663601,R8 2138m Pace M,185663602,Harness,2138,Pace,27346261,8,Hot N Gold,LOSER,8.22,LOSER,2.22,839.05,10,6.4,7.8,7.72,2139.2,890,3.7,890,19.15,166.28,393.59,3.45,2.16,2.34,2.27,1116.72,6.8,7.2,1.04,0.97
27/07/2021,5:18:00 PM,5:18:50 PM,Albion Park,QLD,8,185663601,R8 2138m Pace M,185663602,Harness,2138,Pace,40297608,9,Ginger Micky,LOSER,10,LOSER,14.41,980.37,12,6.8,10,9.76,1384.98,890,2.98,890,10.12,390.57,83.11,30,2.82,5.8,3.2,58.49,10,10.5,1.04,0.97
27/07/2021,5:18:00 PM,5:18:50 PM,Albion Park,QLD,8,185663601,R8 2138m Pace M,185663602,Harness,2138,Pace,39539682,10,Luvhavinfun,WINNER,5.38,WINNER,2.3,1283.32,7.6,4.7,5.3,5.19,5243.12,7.6,1.01,1.01,1.27,12389.4,346.48,2.44,2.02,2.3,2.24,1209.69,5.2,5.4,1.04,0.97
27/07/2021,5:18:00 PM,5:18:50 PM,Albion Park,QLD,8,185663601,R8 2138m Pace M,185663602,Harness,2138,Pace,38629768,11,Charm Offensive,LOSER,24.66,LOSER,5.4,382.16,30,21,26,23.72,642.09,920,34,920,153.82,16.86,316.87,5.9,5.1,5.1,5.4,348.92,26,27,1.04,0.97
27/07/2021,5:18:00 PM,5:18:50 PM,Albion Park,QLD,8,185663601,R8 2138m Pace M,185663602,Harness,2138,Pace,40297609,12,Shez Grinin,LOSER,21.77,LOSER,7,782.7,28,12,22,17.82,982.91,900,18.5,820,203.8,25.86,269.76,,,,,,18,20,1.04,0.97
27/07/2021,5:52:00 PM,5:52:53 PM,Albion Park,QLD,9,185663603,R9 1660m Pace M,185663604,Harness,1660,Pace,18428074,1,Bitcoin,LOSER,2.38,WINNER,1.37,2546.96,3.25,2.2,2.32,2.65,7031.33,140,1.67,100,3.58,2717.1,1284.62,1.45,1.32,1.35,1.38,278.31,2.82,2.98,1.03,0.98
27/07/2021,5:52:00 PM,5:52:53 PM,Albion Park,QLD,9,185663603,R9 1660m Pace M,185663604,Harness,1660,Pace,24169541,2,Black Hawk Joe,LOSER,5,LOSER,1.7,1085.61,4.7,2.7,4.1,3.68,3221.2,1000,3.15,1000,9.98,357.44,514.13,1.59,1.47,1.57,1.57,113.17,3.6,3.65,1.03,0.98
27/07/2021,5:52:00 PM,5:52:53 PM,Albion Park,QLD,9,185663603,R9 1660m Pace M,185663604,Harness,1660,Pace,21317253,3,Islas Joy,LOSER,76.21,LOSER,13.55,113.15,160,65,110,96.44,145.23,930,36,930,147.66,38.25,76.56,10.5,8.8,10,9.15,38.08,95,100,1.03,0.98
27/07/2021,5:52:00 PM,5:52:53 PM,Albion Park,QLD,9,185663603,R9 1660m Pace M,185663604,Harness,1660,Pace,19193883,4,Roll With Rocky,LOSER,97.08,LOSER,13.26,52.98,130,55,120,79.69,221.44,690,48,540,217.49,4.57,144.49,,,,,,70,80,1.03,0.98
27/07/2021,5:52:00 PM,5:52:53 PM,Albion Park,QLD,9,185663603,R9 1660m Pace M,185663604,Harness,1660,Pace,24129693,5,Mister Diamond,LOSER,32,WINNER,3.95,165.2,38,19.5,38,28.3,324.4,690,5.9,690,19.47,91.59,145.22,6.2,3.95,3.95,4.28,180.75,23,25,1.03,0.98
27/07/2021,5:52:00 PM,5:52:53 PM,Albion Park,QLD,9,185663603,R9 1660m Pace M,185663604,Harness,1660,Pace,22360859,6,Jay Tee Tyron,LOSER,130,LOSER,102.18,49.28,140,65,130,93.29,126.25,950,50,700,106.97,13.15,0.48,46,19,46,37.79,0.28,100,110,1.03,0.98
27/07/2021,5:52:00 PM,5:52:53 PM,Albion Park,QLD,9,185663603,R9 1660m Pace M,185663604,Harness,1660,Pace,5313954,7,King Triton,LOSER,13.38,LOSER,3.05,309.5,17,7.6,17,9.81,1227.12,780,3.85,780,18.92,96.05,376.63,2.94,2.34,2.94,2.44,25.33,8.2,8.6,1.03,0.98
27/07/2021,5:52:00 PM,5:52:53 PM,Albion Park,QLD,9,185663603,R9 1660m Pace M,185663604,Harness,1660,Pace,27850948,9,Chasing The Wind,LOSER,10.96,LOSER,2.36,729.41,19,10,12.5,11.82,1237.27,1000,4.1,1000,14.19,164.11,449.61,2.7,2.06,2.08,2.32,741.17,12.5,14,1.03,0.98
27/07/2021,5:52:00 PM,5:52:53 PM,Albion Park,QLD,9,185663603,R9 1660m Pace M,185663604,Harness,1660,Pace,27933014,10,Major Fernco,WINNER,8.48,WINNER,2.9,670.84,11.5,8.4,8.8,9.22,1183.71,16.5,1.01,1.01,1.37,4769.47,413.49,2.84,2.36,2.36,2.49,50.62,8.4,9,1.03,0.98
27/07/2021,6:17:00 PM,6:18:14 PM,Albion Park,QLD,10,185663605,R10 1660m Pace M,185663606,Harness,1660,Pace,11309544,1,Whiskey Blaze,LOSER,29,LOSER,6.47,182.8,50,24,28,31,229.25,920,12.5,920,38.93,33.14,198.22,9.2,6,6,7.1,65.25,23,30,1.03,0.95
27/07/2021,6:17:00 PM,6:18:14 PM,Albion Park,QLD,10,185663605,R10 1660m Pace M,185663606,Harness,1660,Pace,3283940,2,Squire,LOSER,6.6,WINNER,2.58,835.33,7.4,5.7,6.6,6.41,1894.08,270,2.08,60,5.19,1485.98,360.28,2.88,2.18,2.34,2.31,132.24,6.6,7,1.03,0.95
27/07/2021,6:17:00 PM,6:18:14 PM,Albion Park,QLD,10,185663605,R10 1660m Pace M,185663606,Harness,1660,Pace,11435981,3,Just Rokin,LOSER,14.06,LOSER,3.15,465.09,13.5,8.4,13,10.44,461.86,880,10,880,55.41,69.76,184.12,3.25,2.72,3.15,3.13,64.03,9.8,10.5,1.03,0.95
27/07/2021,6:17:00 PM,6:18:14 PM,Albion Park,QLD,10,185663605,R10 1660m Pace M,185663606,Harness,1660,Pace,5769946,4,Key Largo,LOSER,5.95,LOSER,2.45,907.28,9.2,5.1,5.2,6.72,1600.96,1000,3.7,1000,20.18,239.02,167.6,3,1.95,2.32,2.63,264.65,7.8,8.2,1.03,0.95
27/07/2021,6:17:00 PM,6:18:14 PM,Albion Park,QLD,10,185663605,R10 1660m Pace M,185663606,Harness,1660,Pace,21207981,5,Montana Chief,LOSER,4.43,LOSER,1.95,820.17,5.8,4,4.3,4.72,3491.68,880,3.55,240,7.59,407,1158.38,2,1.81,1.96,1.93,801.1,4.7,5,1.03,0.95
27/07/2021,6:17:00 PM,6:18:14 PM,Albion Park,QLD,10,185663605,R10 1660m Pace M,185663606,Harness,1660,Pace,8655919,6,Admiral Bronski,LOSER,27.21,WINNER,6.54,197.81,40,20,28,29.25,714.12,690,9.6,690,42.81,28.46,225.4,6.4,4.7,6.4,4.71,38.32,23,38,1.03,0.95
27/07/2021,6:17:00 PM,6:18:14 PM,Albion Park,QLD,10,185663605,R10 1660m Pace M,185663606,Harness,1660,Pace,13224482,7,Our Wall Street Wolf,LOSER,29.53,LOSER,11.07,262.42,34,18,27,22.18,491.34,910,5.6,490,55.92,32.44,177.61,18,9.4,9.4,11.73,0.22,19.5,21,1.03,0.95
27/07/2021,6:17:00 PM,6:18:14 PM,Albion Park,QLD,10,185663605,R10 1660m Pace M,185663606,Harness,1660,Pace,5296884,8,Vinny Chase,WINNER,11.39,WINNER,2.48,492.51,12.5,5.9,11,9.64,2208.32,24,1.01,1.01,1.36,6423.77,981.48,2.7,2.46,2.54,2.53,182.21,8.2,8.8,1.03,0.95
27/07/2021,6:17:00 PM,6:18:14 PM,Albion Park,QLD,10,185663605,R10 1660m Pace M,185663606,Harness,1660,Pace,13535808,9,Watch Pulp Fiction,LOSER,6.35,LOSER,2.13,616.77,7.2,5.1,6.2,5.72,3445.02,880,1.65,870,5.78,635.56,829.58,2.44,2.06,2.08,2.1,321.56,5.6,5.8,1.03,0.95
27/07/2021,5:37:00 PM,5:37:40 PM,Albury,NSW,1,185661463,R1 1770m Pace M,185661464,Harness,1770,Pace,26790730,1,Harpers Spirit,WINNER,1.42,WINNER,,3732.33,1.9,1.41,1.42,1.5,22672.53,1.4,1.01,1.01,1.13,4264.98,,1.24,1.13,1.13,1.21,2233.25,1.45,1.5,1.04,0.98
27/07/2021,5:37:00 PM,5:37:40 PM,Albury,NSW,1,185661463,R1 1770m Pace M,185661464,Harness,1770,Pace,7449998,2,Indiana Angel,LOSER,20.44,WINNER,,366.59,32,15.5,23,19.67,327.02,1000,11,680,31.81,57.03,,3.5,2.6,2.6,2.61,60.28,19.5,21,1.04,0.98
27/07/2021,5:37:00 PM,5:37:40 PM,Albury,NSW,1,185661463,R1 1770m Pace M,185661464,Harness,1770,Pace,12586053,4,Family Tree,LOSER,12.5,LOSER,,422.6,17,10.5,13.5,13.36,1074.98,690,12.5,690,29.46,44.58,,2.54,2.2,2.2,2.21,20,12.5,13.5,1.04,0.98
27/07/2021,5:37:00 PM,5:37:40 PM,Albury,NSW,1,185661463,R1 1770m Pace M,185661464,Harness,1770,Pace,26612203,5,Rollwithpriscilla,LOSER,17.89,WINNER,,350.5,29,12.5,19,20.2,196.99,690,13.5,490,34.57,24.96,,2.44,2.44,2.44,2.44,0.29,19.5,20,1.04,0.98
27/07/2021,5:37:00 PM,5:37:40 PM,Albury,NSW,1,185661463,R1 1770m Pace M,185661464,Harness,1770,Pace,6949121,6,Conrod Kenze,LOSER,55,LOSER,,147.42,130,42,60,71,72.67,690,55,690,83.72,13.31,,6.6,6.6,6.6,6.6,5,65,75,1.04,0.98
27/07/2021,5:37:00 PM,5:37:40 PM,Albury,NSW,1,185661463,R1 1770m Pace M,185661464,Harness,1770,Pace,19500653,7,Eastbro Tex,LOSER,52.62,LOSER,,206.56,260,8.2,230,30.83,509.14,1000,42,870,184.32,53.99,,13,2.24,12,3.32,706.34,16,17.5,1.04,0.98
27/07/2021,5:37:00 PM,5:37:40 PM,Albury,NSW,1,185661463,R1 1770m Pace M,185661464,Harness,1770,Pace,9351281,8,Winsome Moolah,LOSER,61.7,LOSER,,69.17,180,36,55,83.96,86.2,1000,60,1000,101.7,9.33,,4.5,4.4,4.4,4.41,50,110,140,1.04,0.98
27/07/2021,5:37:00 PM,5:37:40 PM,Albury,NSW,1,185661463,R1 1770m Pace M,185661464,Harness,1770,Pace,25751187,9,Fullon,LOSER,16.85,LOSER,,308.91,19,9.6,16,14.92,341.38,690,10.5,690,80.53,7.84,,2.96,2.58,2.8,2.71,97.18,15.5,18.5,1.04,0.98
27/07/2021,5:37:00 PM,5:37:40 PM,Albury,NSW,1,185661463,R1 1770m Pace M,185661464,Harness,1770,Pace,28453006,10,Charlie Studleigh,LOSER,63.18,LOSER,,103.08,130,34,100,62.52,106.65,690,50,690,91.68,9.22,,,,,,,65,80,1.04,0.98
27/07/2021,6:10:00 PM,6:10:36 PM,Albury,NSW,2,185661465,R2 1770m Pace M,185661466,Harness,1770,Pace,17399050,1,Uroc Baby,WINNER,3.91,WINNER,,1012.4,4.7,2.88,4.1,3.75,2795.95,3.9,1.01,1.01,1.88,3582.05,,1.88,1.51,1.64,1.6,35.56,3.75,3.9,1.03,0.96
27/07/2021,6:10:00 PM,6:10:36 PM,Albury,NSW,2,185661465,R2 1770m Pace M,185661466,Harness,1770,Pace,19861988,2,First Prize,LOSER,66.62,LOSER,,68.01,160,44,60,64.18,82.94,930,85,620,242.24,19.22,,,,,,,55,65,1.03,0.96
27/07/2021,6:10:00 PM,6:10:36 PM,Albury,NSW,2,185661465,R2 1770m Pace M,185661466,Harness,1770,Pace,7440346,3,Postal Express,LOSER,16.1,WINNER,,347.15,29,10.5,18.5,19,212.88,140,1.76,120,8.92,235.28,,4.5,3.2,4.3,3.53,164.72,20,23,1.03,0.96
27/07/2021,6:10:00 PM,6:10:36 PM,Albury,NSW,2,185661465,R2 1770m Pace M,185661466,Harness,1770,Pace,4759381,4,Tromso,LOSER,7.2,LOSER,,551.78,7.8,3.65,7.4,6.48,1501.69,690,4.2,690,11.12,388.04,,2,1.67,1.96,1.95,121.03,6.4,7.2,1.03,0.96
27/07/2021,6:10:00 PM,6:10:36 PM,Albury,NSW,2,185661465,R2 1770m Pace M,185661466,Harness,1770,Pace,8414667,5,London Lady,LOSER,164.38,LOSER,,30.09,250,100,150,164.07,72.81,850,310,700,636.27,2.28,,21,21,21,21,7,130,140,1.03,0.96
27/07/2021,6:10:00 PM,6:10:36 PM,Albury,NSW,2,185661465,R2 1770m Pace M,185661466,Harness,1770,Pace,24444029,6,Golden Zara,LOSER,9.84,LOSER,,391.42,19.5,9.6,9.8,11.99,403.94,1000,6.6,1000,163.47,28.91,,3.55,3.35,3.35,3.44,11,11,12,1.03,0.96
27/07/2021,6:10:00 PM,6:10:36 PM,Albury,NSW,2,185661465,R2 1770m Pace M,185661466,Harness,1770,Pace,37536537,7,Bated Breath,LOSER,8.6,LOSER,,698.32,13,9,9.4,10.57,725.35,690,4.5,690,13.11,208.05,,3.1,2.62,2.84,2.67,303.43,11,11.5,1.03,0.96
27/07/2021,6:10:00 PM,6:10:36 PM,Albury,NSW,2,185661465,R2 1770m Pace M,185661466,Harness,1770,Pace,11044647,8,Soho Beijing,LOSER,7.8,WINNER,,433.51,8.4,5.7,7.2,7.29,984.13,900,3.25,490,38.85,155.72,,2.56,2.1,2.56,2.34,135.4,7.2,7.6,1.03,0.96
27/07/2021,6:10:00 PM,6:10:36 PM,Albury,NSW,2,185661465,R2 1770m Pace M,185661466,Harness,1770,Pace,9221871,9,Sir Macs Man,LOSER,5.86,LOSER,,686.24,13.5,5,5.6,5.99,1176.52,690,5.9,690,14.47,121,,2.46,1.93,1.93,2.02,15.46,5.1,5.5,1.03,0.96
27/07/2021,6:10:00 PM,6:10:36 PM,Albury,NSW,2,185661465,R2 1770m Pace M,185661466,Harness,1770,Pace,40297543,10,Confuse Me,LOSER,55.83,LOSER,,154.04,100,23,60,61.35,139.16,690,55,580,162.49,6.69,,17,10.5,10.5,10.79,2.58,70,75,1.03,0.96
27/07/2021,6:47:00 PM,6:47:24 PM,Albury,NSW,3,185661467,R3 2170m Trot M,185661468,Harness,2170,Trot,28430499,1,Papela,LOSER,87.54,LOSER,,74.48,130,36,110,79,116.01,940,65,100,184.93,15.32,,50,50,50,50,0.04,65,130,1.05,0.98
27/07/2021,6:47:00 PM,6:47:24 PM,Albury,NSW,3,185661467,R3 2170m Trot M,185661468,Harness,2170,Trot,39465391,2,Count Your Eyes,WINNER,10.31,WINNER,,484.51,11.5,6,10,8.36,826.69,44,1.13,2.18,6.74,587.23,,2.98,2.36,2.76,2.87,75.78,8.4,10,1.05,0.98
27/07/2021,6:47:00 PM,6:47:24 PM,Albury,NSW,3,185661467,R3 2170m Trot M,185661468,Harness,2170,Trot,28507065,3,Sally Em,LOSER,19.82,LOSER,,171.01,27,12,20,19.77,377.35,420,5,420,23.35,198.27,,8,4.5,4.8,4.56,27.76,22,25,1.05,0.98
27/07/2021,6:47:00 PM,6:47:24 PM,Albury,NSW,3,185661467,R3 2170m Trot M,185661468,Harness,2170,Trot,17344780,4,Lucky Eyes,LOSER,3.17,LOSER,,1224.7,6.4,3,3.1,3.35,2857.17,30,2.92,22,6.87,318.74,,1.92,1.51,1.55,1.6,32.16,3,3.25,1.05,0.98
27/07/2021,6:47:00 PM,6:47:24 PM,Albury,NSW,3,185661467,R3 2170m Trot M,185661468,Harness,2170,Trot,22833363,6,Orlando Storm,LOSER,1.98,WINNER,,1676.29,2.26,1.45,1.97,1.96,10515.96,17.5,1.18,7,1.54,3134.22,,1.4,1.31,1.32,1.37,119.7,1.9,1.91,1.05,0.98
27/07/2021,6:47:00 PM,6:47:24 PM,Albury,NSW,3,185661467,R3 2170m Trot M,185661468,Harness,2170,Trot,36241509,7,Jet Eyes,LOSER,74.03,LOSER,,55.99,230,34,85,73.12,115.36,930,65,770,226.99,9.45,,50,14,14,14.59,2.55,90,220,1.05,0.98
27/07/2021,7:17:00 PM,7:17:34 PM,Albury,NSW,4,185661469,R4 2170m Pace M,185661470,Harness,2170,Pace,18373490,1,Marianna Bromac,LOSER,2.87,WINNER,,1139.35,3.15,1.92,2.74,2.8,7243.14,690,1.72,680,3.01,1848.96,,1.36,1.23,1.28,1.34,104.86,2.82,2.98,1.03,0.98
27/07/2021,7:17:00 PM,7:17:34 PM,Albury,NSW,4,185661469,R4 2170m Pace M,185661470,Harness,2170,Pace,40297544,2,Most Delightful,LOSER,130.3,LOSER,,48.44,180,27,180,81.22,94.66,950,55,940,248.83,32.64,,10.5,10.5,10.5,10.5,0.19,75,95,1.03,0.98
27/07/2021,7:17:00 PM,7:17:34 PM,Albury,NSW,4,185661469,R4 2170m Pace M,185661470,Harness,2170,Pace,26895273,3,Uroc Skinny Jeans,WINNER,2.28,WINNER,,1520.89,4.8,1.99,2.22,2.23,9906.06,3.95,1.01,1.01,1.45,10904.97,,1.24,1.15,1.19,1.2,337,2.2,2.26,1.03,0.98
27/07/2021,7:17:00 PM,7:17:34 PM,Albury,NSW,4,185661469,R4 2170m Pace M,185661470,Harness,2170,Pace,21744781,4,Tact Bess,LOSER,22.39,LOSER,,390.9,30,17.5,22,22.2,323.07,730,10.5,730,47.73,91.08,,3.9,2.96,3.15,3.59,25.48,18.5,20,1.03,0.98
27/07/2021,7:17:00 PM,7:17:34 PM,Albury,NSW,4,185661469,R4 2170m Pace M,185661470,Harness,2170,Pace,16892426,5,Mangochililime,LOSER,43.96,LOSER,,186.67,65,36,60,49.83,273.48,930,25,770,82.36,55.32,,,,,,,44,55,1.03,0.98
27/07/2021,7:17:00 PM,7:17:34 PM,Albury,NSW,4,185661469,R4 2170m Pace M,185661470,Harness,2170,Pace,28453010,6,Nobbys Clock,LOSER,16.19,WINNER,,270.76,26,12.5,19.5,17.66,313.43,780,10.5,780,37.66,96.11,,3.25,2.54,2.76,2.56,575.34,15.5,17.5,1.03,0.98
27/07/2021,7:17:00 PM,7:17:34 PM,Albury,NSW,4,185661469,R4 2170m Pace M,185661470,Harness,2170,Pace,24154836,7,Tygerphinn,LOSER,12.77,LOSER,,376.6,26,15,16,18.01,364.97,910,7.6,900,32.45,237.37,,2.82,1.91,2.3,2.36,892.19,18.5,19.5,1.03,0.98
27/07/2021,7:17:00 PM,7:17:34 PM,Albury,NSW,4,185661469,R4 2170m Pace M,185661470,Harness,2170,Pace,8761812,8,Duke Jujon,LOSER,86.59,LOSER,,105.7,95,46,95,68.32,103.83,950,32,950,111.17,50.58,,23,11.5,16.5,14.04,3.75,65,75,1.03,0.98
27/07/2021,7:51:00 PM,7:51:25 PM,Albury,NSW,5,185661471,R5 2170m Pace M,185661472,Harness,2170,Pace,21649472,1,Baker Creek,WINNER,1.36,WINNER,,3136.95,1.7,1.24,1.33,1.33,16348.08,1.58,1.01,1.01,1.18,6126.15,,1.15,1.06,1.15,1.13,209.7,1.34,1.37,1.02,0.99
27/07/2021,7:51:00 PM,7:51:25 PM,Albury,NSW,5,185661471,R5 2170m Pace M,185661472,Harness,2170,Pace,40063010,2,Better Harley,LOSER,41.39,LOSER,,193.33,65,9.2,60,24.25,313.33,690,20,690,45.72,74.14,,7.2,3.65,6.2,5.22,75.75,50,60,1.02,0.99
27/07/2021,7:51:00 PM,7:51:25 PM,Albury,NSW,5,185661471,R5 2170m Pace M,185661472,Harness,2170,Pace,21733021,3,Imapest,LOSER,33.42,WINNER,,195.25,55,15,38,32.92,188.62,1000,25,1000,108.63,52.61,,7.2,4.9,6.8,5.37,10.26,38,40,1.02,0.99
27/07/2021,7:51:00 PM,7:51:25 PM,Albury,NSW,5,185661471,R5 2170m Pace M,185661472,Harness,2170,Pace,35441545,4,Hanover Sunshine,LOSER,41.83,LOSER,,135.88,90,42,50,58.51,151.96,760,38,760,69.59,79.3,,13.5,13,13,13.13,1.21,55,65,1.02,0.99
27/07/2021,7:51:00 PM,7:51:25 PM,Albury,NSW,5,185661471,R5 2170m Pace M,185661472,Harness,2170,Pace,27203725,5,With Revenge,LOSER,111.64,LOSER,,193.35,150,19,90,76.34,136.17,920,55,920,102.42,14.7,,32,19,29,28.68,0.55,75,90,1.02,0.99
27/07/2021,7:51:00 PM,7:51:25 PM,Albury,NSW,5,185661471,R5 2170m Pace M,185661472,Harness,2170,Pace,13146446,6,Heavens Hurricane,LOSER,6.6,LOSER,,735.31,24,6,6.4,7.77,1704.34,690,6.4,690,13.43,192.08,,3.3,1.84,1.87,2.08,169.52,5.9,6.2,1.02,0.99
27/07/2021,7:51:00 PM,7:51:25 PM,Albury,NSW,5,185661471,R5 2170m Pace M,185661472,Harness,2170,Pace,39446951,7,Lombo Eye Watch,LOSER,29.54,LOSER,,161.85,65,16.5,29,29.19,357.57,690,26,690,41.06,38.61,,5.4,3.5,5.4,4.52,780.86,32,36,1.02,0.99
27/07/2021,8:24:00 PM,8:24:35 PM,Albury,NSW,6,185661473,R6 1770m Pace M,185661474,Harness,1770,Pace,28737126,1,Wongalea Penny,LOSER,15.31,WINNER,,262.5,17,6.6,12.5,11.55,530.24,150,1.85,150,6.18,989.56,,2.04,1.62,1.84,1.73,1419.75,14,16,1.02,0.98
27/07/2021,8:24:00 PM,8:24:35 PM,Albury,NSW,6,185661473,R6 1770m Pace M,185661474,Harness,1770,Pace,28216453,2,Trevnjude,LOSER,135.3,LOSER,,46.53,190,80,130,116.89,21.07,700,48,580,273.62,10.7,,12.5,10,10,10.61,37.37,100,120,1.02,0.98
27/07/2021,8:24:00 PM,8:24:35 PM,Albury,NSW,6,185661473,R6 1770m Pace M,185661474,Harness,1770,Pace,35727440,3,Smooth Rolling,WINNER,1.31,WINNER,,4391.79,1.68,1.3,1.32,1.38,15375.2,2.46,1.01,1.01,1.4,7390.42,,1.16,1.06,1.11,1.11,674.18,1.31,1.33,1.02,0.98
27/07/2021,8:24:00 PM,8:24:35 PM,Albury,NSW,6,185661473,R6 1770m Pace M,185661474,Harness,1770,Pace,24153747,4,Well Said Harps,LOSER,65,WINNER,,79.76,70,25,48,44.38,62.62,990,6.8,160,63.31,47.66,,,,,,,46,60,1.02,0.98
27/07/2021,8:24:00 PM,8:24:35 PM,Albury,NSW,6,185661473,R6 1770m Pace M,185661474,Harness,1770,Pace,24051147,5,Falling Shards,LOSER,18.28,LOSER,,272.71,24,13,16,16.43,274.18,900,4.2,900,30.54,240.49,,2.8,2.14,2.3,2.3,67.66,17.5,18,1.02,0.98
27/07/2021,8:24:00 PM,8:24:35 PM,Albury,NSW,6,185661473,R6 1770m Pace M,185661474,Harness,1770,Pace,39594465,6,Our Modern Minnie,LOSER,35.15,LOSER,,135.98,40,17.5,34,29.24,150.24,910,11.5,910,33.44,61.76,,4,3.55,3.95,3.88,63.79,26,30,1.02,0.98
27/07/2021,8:24:00 PM,8:24:35 PM,Albury,NSW,6,185661473,R6 1770m Pace M,185661474,Harness,1770,Pace,39967699,7,Justrollingaround,LOSER,102.68,LOSER,,36.04,160,40,160,97.72,36.37,720,10,720,58.26,73.05,,7.6,4.9,5.7,5.76,99.93,120,130,1.02,0.98
27/07/2021,8:24:00 PM,8:24:35 PM,Albury,NSW,6,185661473,R6 1770m Pace M,185661474,Harness,1770,Pace,1017777,8,Complicated,LOSER,39.05,LOSER,,170.29,48,23,38,31.16,74.23,690,13.5,300,88.52,32.54,,4.6,4.6,4.6,4.6,7.29,32,36,1.02,0.98
27/07/2021,8:24:00 PM,8:24:35 PM,Albury,NSW,6,185661473,R6 1770m Pace M,185661474,Harness,1770,Pace,40297546,9,Rolla Rocket,LOSER,85,LOSER,,60.83,120,29,85,89.15,54.14,940,48,85,88.89,23.42,,11,7.2,7.2,9.71,22.04,90,95,1.02,0.98
27/07/2021,8:24:00 PM,8:24:35 PM,Albury,NSW,6,185661473,R6 1770m Pace M,185661474,Harness,1770,Pace,40297547,10,Dancing River,LOSER,101.32,LOSER,,54.75,110,38,95,70.43,30.47,1000,55,1000,155.28,42.74,,,,,,,90,100,1.02,0.98
27/07/2021,8:57:00 PM,8:59:12 PM,Albury,NSW,7,185661475,R7 2170m Pace M,185661476,Harness,2170,Pace,28093416,1,Corryong Cool,LOSER,12.45,WINNER,,653.84,15.5,8.8,13,10.79,1239.38,80,1.12,10.5,6.42,704.36,,3.65,3.1,3.65,3.33,91.09,9.8,12.5,1.08,0.95
27/07/2021,8:57:00 PM,8:59:12 PM,Albury,NSW,7,185661475,R7 2170m Pace M,185661476,Harness,2170,Pace,28230713,2,Left In The Wind,WINNER,5.14,WINNER,,1170.05,9,4.3,5.5,6.09,1838.22,7.2,1.09,1.12,2.46,2748.54,,2.36,1.97,2.36,2.14,75.04,5.5,6.2,1.08,0.95
27/07/2021,8:57:00 PM,8:59:12 PM,Albury,NSW,7,185661475,R7 2170m Pace M,185661476,Harness,2170,Pace,8852891,3,Some Stone,LOSER,10,LOSER,,559.6,12,6.6,9.8,9.74,1282.58,880,10,550,28.02,176.05,,2.8,2.78,2.8,2.78,23,9.2,11,1.08,0.95
27/07/2021,8:57:00 PM,8:59:12 PM,Albury,NSW,7,185661475,R7 2170m Pace M,185661476,Harness,2170,Pace,38790095,4,Rozy Soma,LOSER,89.61,LOSER,,91.96,250,60,65,87.59,127.86,790,85,340,180,9.62,,,,,,,110,120,1.08,0.95
27/07/2021,8:57:00 PM,8:59:12 PM,Albury,NSW,7,185661475,R7 2170m Pace M,185661476,Harness,2170,Pace,12991991,5,Sports Bounty,LOSER,4.91,LOSER,,1103.16,10.5,4.1,4.7,4.52,2502.69,690,4.6,680,8.24,354.57,,2.72,1.71,1.85,2.19,65.96,4.2,4.5,1.08,0.95
27/07/2021,8:57:00 PM,8:59:12 PM,Albury,NSW,7,185661475,R7 2170m Pace M,185661476,Harness,2170,Pace,20042943,6,Our Sams Home,LOSER,7.14,WINNER,,773,10.5,4.1,7,7.25,834.95,690,4,490,6.33,678.71,,2.8,2.22,2.32,2.29,380.34,6.8,7.8,1.08,0.95
27/07/2021,8:57:00 PM,8:59:12 PM,Albury,NSW,7,185661475,R7 2170m Pace M,185661476,Harness,2170,Pace,10256712,7,Million Dollar Art,LOSER,12.09,LOSER,,662.63,29,11.5,13.5,14.94,791.86,690,6.2,140,22.59,121.08,,3.15,3.15,3.15,3.15,1.45,14,16.5,1.08,0.95
27/07/2021,8:57:00 PM,8:59:12 PM,Albury,NSW,7,185661475,R7 2170m Pace M,185661476,Harness,2170,Pace,10831134,8,Fastestgirlintown,LOSER,5.02,LOSER,,1386.57,6.4,3.5,5.2,4.88,3332.38,690,3.6,490,6.61,391.97,,1.97,1.6,1.85,1.85,1369.33,4.9,5.6,1.08,0.95
27/07/2021,8:57:00 PM,8:59:12 PM,Albury,NSW,7,185661475,R7 2170m Pace M,185661476,Harness,2170,Pace,16489927,9,Hard To Love,LOSER,48,LOSER,,183.56,95,46,48,57.21,168.05,940,48,690,64.63,38.15,,10,6.6,10,9.9,5.82,55,60,1.08,0.95
27/07/2021,6:34:00 PM,6:34:30 PM,Globe Derby,SA,1,185667009,R1 1800m Pace M,185667010,Harness,1800,Pace,14028388,1,Captain Mannering,LOSER,4.56,LOSER,2.92,1073.04,6.2,3.45,4.4,4.92,1263.45,1000,1.5,1000,15.22,292.21,466.88,2.86,2.46,2.46,2.48,17.55,5.7,6,1.03,0.98
27/07/2021,6:34:00 PM,6:34:30 PM,Globe Derby,SA,1,185667009,R1 1800m Pace M,185667010,Harness,1800,Pace,19662984,2,Uncle Leo,LOSER,6.47,LOSER,2.88,657.49,9,5,6.2,6.66,960.88,890,2.94,700,24.94,217.56,520.55,3.5,2.98,3,3,11.73,6,6.4,1.03,0.98
27/07/2021,6:34:00 PM,6:34:30 PM,Globe Derby,SA,1,185667009,R1 1800m Pace M,185667010,Harness,1800,Pace,16980404,3,Dont Tell Alice,LOSER,21.77,LOSER,8.4,181.06,44,17,23,24.78,189.91,1000,16,1000,65.26,42.54,157.42,,,,,,23,26,1.03,0.98
27/07/2021,6:34:00 PM,6:34:30 PM,Globe Derby,SA,1,185667009,R1 1800m Pace M,185667010,Harness,1800,Pace,10767133,4,Stars Of Courage,WINNER,3.29,WINNER,1.95,983.74,3.95,2.74,3.2,2.99,2407.29,18.5,1.01,1.01,1.69,4814.69,880.99,1.97,1.72,1.79,1.83,14.74,2.82,2.98,1.03,0.98
27/07/2021,6:34:00 PM,6:34:30 PM,Globe Derby,SA,1,185667009,R1 1800m Pace M,185667010,Harness,1800,Pace,26070321,5,Sabreur,LOSER,84.75,LOSER,44.02,67.92,220,70,95,82.9,67.99,860,29,860,237.77,28.59,48.37,48,19.5,19.5,19.95,2.54,75,85,1.03,0.98
27/07/2021,6:34:00 PM,6:34:30 PM,Globe Derby,SA,1,185667009,R1 1800m Pace M,185667010,Harness,1800,Pace,12827766,6,Lochinvar Hugo,LOSER,4.2,WINNER,2.24,709.45,4.6,2.56,4.3,4.03,1217.7,100,1.12,100,3.5,1005.44,317.23,2.2,1.72,2.14,2.04,116.78,4.1,4.2,1.03,0.98
27/07/2021,6:34:00 PM,6:34:30 PM,Globe Derby,SA,1,185667009,R1 1800m Pace M,185667010,Harness,1800,Pace,16373699,7,Clarenden Hustler,LOSER,29.52,LOSER,13.55,223.59,110,26,30,34.9,270.4,690,29,690,47.29,57.2,129.96,17,8.6,17,8.71,8.44,29,30,1.03,0.98
27/07/2021,7:07:00 PM,7:07:47 PM,Globe Derby,SA,2,185667011,R2 1800m Pace M,185667012,Harness,1800,Pace,26123460,1,Charming Major,LOSER,5.32,LOSER,1.61,1009.61,7.6,5.3,5.4,5.77,1622.62,880,3.1,880,12.62,687.9,1238.32,2.12,1.59,1.62,1.75,275.67,5.6,5.9,1.03,0.98
27/07/2021,7:07:00 PM,7:07:47 PM,Globe Derby,SA,2,185667011,R2 1800m Pace M,185667012,Harness,1800,Pace,11278394,2,Smackwater Jack,LOSER,140,LOSER,19,36.72,210,75,180,126.65,67.59,690,55,690,85.53,15.81,35.56,19,9.2,19,9.25,52.58,95,100,1.03,0.98
27/07/2021,7:07:00 PM,7:07:47 PM,Globe Derby,SA,2,185667011,R2 1800m Pace M,185667012,Harness,1800,Pace,18406398,3,Crookwell Jake,WINNER,2.54,WINNER,1.35,1780.86,2.7,1.91,2.54,2.39,7429.92,3.3,1.01,1.01,1.52,2888.37,1137.68,1.55,1.25,1.34,1.32,325.79,2.52,2.58,1.03,0.98
27/07/2021,7:07:00 PM,7:07:47 PM,Globe Derby,SA,2,185667011,R2 1800m Pace M,185667012,Harness,1800,Pace,8471650,4,Tulhurst Ace,LOSER,27.34,WINNER,5.8,200.68,42,25,27,30.97,179.32,690,6.8,690,23.52,60.48,285.95,,,,,,27,30,1.03,0.98
27/07/2021,7:07:00 PM,7:07:47 PM,Globe Derby,SA,2,185667011,R2 1800m Pace M,185667012,Harness,1800,Pace,10835082,5,Canada Bay,LOSER,38,LOSER,7.45,171.8,70,30,38,43.44,426.9,690,32,280,48.37,36.59,66.45,5.4,5.3,5.4,5.35,4.69,30,34,1.03,0.98
27/07/2021,7:07:00 PM,7:07:47 PM,Globe Derby,SA,2,185667011,R2 1800m Pace M,185667012,Harness,1800,Pace,12485428,6,Dennis,LOSER,4.86,LOSER,1.76,890.01,9.4,4.3,4.8,5.65,2471.77,970,3.5,320,76.01,165.64,883,2.38,1.96,1.96,1.96,76.48,5.7,5.9,1.03,0.98
27/07/2021,7:07:00 PM,7:07:47 PM,Globe Derby,SA,2,185667011,R2 1800m Pace M,185667012,Harness,1800,Pace,9506366,7,Futurist,LOSER,6.89,LOSER,2.15,646.73,7.2,4.7,7,5.98,1586.99,690,5,690,19.03,212.01,552.31,2.2,1.63,2.2,2.02,70.88,6,6.4,1.03,0.98
27/07/2021,7:07:00 PM,7:07:47 PM,Globe Derby,SA,2,185667011,R2 1800m Pace M,185667012,Harness,1800,Pace,9535565,8,Star Writer,LOSER,96.09,LOSER,28.94,69.27,130,55,100,96.56,59.21,690,8.4,690,63.75,49.83,44.88,55,8.4,34,9.32,52.32,110,130,1.03,0.98
27/07/2021,7:07:00 PM,7:07:47 PM,Globe Derby,SA,2,185667011,R2 1800m Pace M,185667012,Harness,1800,Pace,10899969,9,Julius Franco,LOSER,45.2,WINNER,16.52,104.02,65,30,42,46.95,66.56,690,5.9,690,63.01,71.86,116.62,19.5,14.5,14.5,16.24,0.11,40,55,1.03,0.98
27/07/2021,7:41:00 PM,7:41:51 PM,Globe Derby,SA,3,185667013,R3 1800m Pace M,185667014,Harness,1800,Pace,5388093,1,Above Average,LOSER,9,LOSER,2.54,694.44,10.5,5.1,8.6,8.3,685.19,1000,3.85,1000,16.98,643.3,239.15,2.58,2.2,2.56,2.23,332.58,8,8.8,1.04,0.96
27/07/2021,7:41:00 PM,7:41:51 PM,Globe Derby,SA,3,185667013,R3 1800m Pace M,185667014,Harness,1800,Pace,28647104,2,Delightful Gnp,LOSER,4.8,WINNER,1.74,1039.1,6.2,4.7,4.8,4.94,1370.08,1000,1.63,1000,10.04,527.21,843.85,1.76,1.73,1.76,1.75,323.77,4.8,5.3,1.04,0.96
27/07/2021,7:41:00 PM,7:41:51 PM,Globe Derby,SA,3,185667013,R3 1800m Pace M,185667014,Harness,1800,Pace,5211611,3,Cavalryman,LOSER,15.28,WINNER,3.44,471.73,19,11,15,14.02,356.74,1000,2.68,1000,15.88,339.78,475.82,,,,,,12.5,15,1.04,0.96
27/07/2021,7:41:00 PM,7:41:51 PM,Globe Derby,SA,3,185667013,R3 1800m Pace M,185667014,Harness,1800,Pace,27408950,4,Bottle Rock,WINNER,13,WINNER,3.14,419.13,12.5,7.2,11.5,10.85,320.78,17,1.01,1.04,1.6,2878.88,411.03,2.78,2.66,2.78,2.69,8.98,11,12,1.04,0.96
27/07/2021,7:41:00 PM,7:41:51 PM,Globe Derby,SA,3,185667013,R3 1800m Pace M,185667014,Harness,1800,Pace,18718610,5,Masonjon,LOSER,5.08,LOSER,1.9,860.55,13,4.5,5,5.81,2536.45,890,5,890,16.66,274.64,671.37,2.24,1.71,2.08,2.02,108.79,5,5.3,1.04,0.96
27/07/2021,7:41:00 PM,7:41:51 PM,Globe Derby,SA,3,185667013,R3 1800m Pace M,185667014,Harness,1800,Pace,8115838,6,Midnight Prowler,LOSER,119.03,LOSER,14.72,57.72,160,85,120,103.42,61.23,810,6.2,420,66.66,50.67,124.21,15,13,14.5,14.09,13.77,95,110,1.04,0.96
27/07/2021,7:41:00 PM,7:41:51 PM,Globe Derby,SA,3,185667013,R3 1800m Pace M,185667014,Harness,1800,Pace,39978484,7,Wolf Of West Bay,LOSER,32.81,LOSER,7.32,248.75,95,40,40,46.85,117.76,1000,29,1000,72.89,48.95,127.7,7.4,5.8,6.8,7.01,60.51,44,46,1.04,0.96
27/07/2021,7:41:00 PM,7:41:51 PM,Globe Derby,SA,3,185667013,R3 1800m Pace M,185667014,Harness,1800,Pace,21521103,8,Gordon Girl,LOSER,3.26,LOSER,1.52,1957.19,3.9,2.12,3.35,3.12,3506.79,690,2,680,4.35,1537.82,866.7,1.59,1.35,1.56,1.48,146.7,3.3,3.45,1.04,0.96
27/07/2021,8:11:00 PM,8:12:08 PM,Globe Derby,SA,4,185667015,R4 2230m Pace M,185667016,Harness,2230,Pace,12585993,1,I Wanna Rocknroll,LOSER,18.41,LOSER,5.68,254.16,30,9,19,20.92,292.86,1000,13.5,150,43.62,143.51,221.19,5.3,3.4,5.1,4.43,104.72,24,28,1.02,0.98
27/07/2021,8:11:00 PM,8:12:08 PM,Globe Derby,SA,4,185667015,R4 2230m Pace M,185667016,Harness,2230,Pace,22553158,2,Shardonant,LOSER,3.6,LOSER,2.04,1248.94,4.1,3,3.7,3.61,3244.64,690,3.6,690,10.36,180.79,433.54,2.18,1.82,1.83,1.89,266.48,3.75,3.8,1.02,0.98
27/07/2021,8:11:00 PM,8:12:08 PM,Globe Derby,SA,4,185667015,R4 2230m Pace M,185667016,Harness,2230,Pace,28051067,4,Ammicchi,WINNER,1.94,WINNER,1.38,2727.45,3.8,1.94,1.95,2.18,9656.86,1.96,1.01,1.01,1.2,8897.1,1432.68,1.62,1.34,1.37,1.44,339.72,2,2.02,1.02,0.98
27/07/2021,8:11:00 PM,8:12:08 PM,Globe Derby,SA,4,185667015,R4 2230m Pace M,185667016,Harness,2230,Pace,27956440,5,Twobobjack,LOSER,102.65,LOSER,81.25,119.41,400,19,400,84.3,245,920,80,920,123.65,61.73,,48,14,48,31.8,20.23,38,42,1.02,0.98
27/07/2021,8:11:00 PM,8:12:08 PM,Globe Derby,SA,4,185667015,R4 2230m Pace M,185667016,Harness,2230,Pace,26237587,6,Rocknroll Yankee,LOSER,22.87,LOSER,7.8,181.2,34,17,21,23,427.08,910,25,690,106.27,18.22,211.7,9.6,9.6,9.6,9.6,11.06,22,25,1.02,0.98
27/07/2021,8:11:00 PM,8:12:08 PM,Globe Derby,SA,4,185667015,R4 2230m Pace M,185667016,Harness,2230,Pace,18508596,7,On The Case,LOSER,28.47,LOSER,7.2,313.01,38,17.5,27,25.27,255.74,730,27,130,45.1,58.68,221.72,9.8,6.6,7,7.89,30.48,22,23,1.02,0.98
27/07/2021,8:11:00 PM,8:12:08 PM,Globe Derby,SA,4,185667015,R4 2230m Pace M,185667016,Harness,2230,Pace,27744225,8,Easy Rolling,LOSER,13,WINNER,5.13,490.8,14,5.1,14,10.65,1304.53,690,7,680,13.08,190.74,297.84,,,,,,11,12,1.02,0.98
27/07/2021,8:47:00 PM,8:47:43 PM,Globe Derby,SA,5,185667017,R5 2230m Trot S,185667018,Harness,2230,Trot,39610803,1,Aldebaran Dianna,WINNER,1.33,WINNER,1.12,5188.03,1.62,1.31,1.34,1.41,16901.52,1.36,1.01,1.01,1.14,3521.97,1740.62,1.16,1.11,1.13,1.13,2868.37,1.34,1.36,1.02,0.99
27/07/2021,8:47:00 PM,8:47:43 PM,Globe Derby,SA,5,185667017,R5 2230m Trot S,185667018,Harness,2230,Trot,17845546,3,My Little Comet,LOSER,46,LOSER,6.04,100.71,250,34,46,42.85,77.02,1000,32,1000,75.65,12.79,146.98,6.2,4.6,6,4.83,86.39,36,40,1.02,0.99
27/07/2021,8:47:00 PM,8:47:43 PM,Globe Derby,SA,5,185667017,R5 2230m Trot S,185667018,Harness,2230,Trot,26993893,4,Bacardi Bindi,LOSER,11.51,LOSER,3.43,304.63,13,9,12,10.46,874.31,680,7,680,21.42,267.96,726.81,3.55,2.62,3.5,3.35,170.64,9.6,10.5,1.02,0.99
27/07/2021,8:47:00 PM,8:47:43 PM,Globe Derby,SA,5,185667017,R5 2230m Trot S,185667018,Harness,2230,Trot,22210948,5,Kyvalley Kid,LOSER,18.05,LOSER,4.27,244.35,24,8.8,18.5,14.67,640.61,1000,6.2,1000,83.52,104.7,405.56,4,2.94,4,3.41,85.08,16,17,1.02,0.99
27/07/2021,8:47:00 PM,8:47:43 PM,Globe Derby,SA,5,185667017,R5 2230m Trot S,185667018,Harness,2230,Trot,23294159,6,Ceejay Success,LOSER,12.42,WINNER,3.4,283.83,17,9.6,12.5,13.93,524.52,490,9.2,490,23.37,90.04,544.98,3.9,2.88,3.3,3.03,108.66,15,16,1.02,0.99
27/07/2021,8:47:00 PM,8:47:43 PM,Globe Derby,SA,5,185667017,R5 2230m Trot S,185667018,Harness,2230,Trot,9530674,8,Springbank Eden,LOSER,70.45,LOSER,11.17,85.05,250,46,70,62.24,79.83,690,22,170,62.14,55.36,100.85,11.5,9.8,10.5,10.76,32.02,65,75,1.02,0.99
27/07/2021,9:23:00 PM,9:23:54 PM,Globe Derby,SA,6,185667019,R6 1800m Pace M,185667020,Harness,1800,Pace,19830581,1,Power Pass,LOSER,121.79,LOSER,61.65,65.99,370,100,120,141.37,63.24,1000,120,1000,539.53,6.64,24.33,,,,,,110,150,1.05,0.97
27/07/2021,9:23:00 PM,9:23:54 PM,Globe Derby,SA,6,185667019,R6 1800m Pace M,185667020,Harness,1800,Pace,27701694,2,Springfield Affair,LOSER,2.84,LOSER,1.64,1653.69,3.8,2.46,2.78,3.16,5334.18,1000,2.48,690,17.77,507.11,1051.1,1.78,1.63,1.65,1.7,378.83,3.15,3.4,1.05,0.97
27/07/2021,9:23:00 PM,9:23:54 PM,Globe Derby,SA,6,185667019,R6 1800m Pace M,185667020,Harness,1800,Pace,23926966,3,Bronski Macarena,LOSER,19,LOSER,10.12,233.45,22,10.5,20,14.35,439.47,1000,7.4,490,178.94,38.5,50.31,10,4.4,10,7.46,71.2,12.5,14,1.05,0.97
27/07/2021,9:23:00 PM,9:23:54 PM,Globe Derby,SA,6,185667019,R6 1800m Pace M,185667020,Harness,1800,Pace,6111440,4,Premonition,LOSER,2.96,WINNER,1.56,1787.5,3.85,2.46,2.76,2.71,4678.42,490,2.16,220,3.43,484.94,937.08,1.98,1.54,1.57,1.64,141.72,2.76,2.86,1.05,0.97
27/07/2021,9:23:00 PM,9:23:54 PM,Globe Derby,SA,6,185667019,R6 1800m Pace M,185667020,Harness,1800,Pace,6737609,5,Artillery,WINNER,6.19,WINNER,2.47,580.48,5.5,3.5,5.5,4.52,1403.08,6.6,1.01,1.01,2.84,4634.74,408.19,2.72,2.4,2.72,2.47,0.24,4.3,4.8,1.05,0.97
27/07/2021,9:23:00 PM,9:23:54 PM,Globe Derby,SA,6,185667019,R6 1800m Pace M,185667020,Harness,1800,Pace,27703167,6,Mota Mate,LOSER,27.39,LOSER,12.95,218.87,28,14,27,21.42,258.44,770,11.5,770,30.27,70.47,98.28,,,,,,20,23,1.05,0.97
27/07/2021,9:53:00 PM,9:54:06 PM,Globe Derby,SA,7,185667021,R7 1800m Trot M,185667022,Harness,1800,Trot,9891853,1,Muscletonian,LOSER,35.49,LOSER,4.64,124.1,36,16,36,26.98,134.78,690,16.5,690,65.39,33.29,724.38,4.4,3.95,3.95,4.1,94.02,27,32,1.03,0.96
27/07/2021,9:53:00 PM,9:54:06 PM,Globe Derby,SA,7,185667021,R7 1800m Trot M,185667022,Harness,1800,Trot,22723038,2,Gatesys Alley,LOSER,20.3,LOSER,4.06,156.53,24,7.8,23,15.75,396.09,880,10.5,880,40.94,85.56,344.86,4.4,2.5,3.7,3.26,203.35,17.5,20,1.03,0.96
27/07/2021,9:53:00 PM,9:54:06 PM,Globe Derby,SA,7,185667021,R7 1800m Trot M,185667022,Harness,1800,Trot,9598735,3,Enrolled,LOSER,58.53,LOSER,7.12,70.32,100,22,46,38.73,112.08,690,10,560,19.62,66.16,197.16,7.8,7.8,7.8,7.8,8.37,42,50,1.03,0.96
27/07/2021,9:53:00 PM,9:54:06 PM,Globe Derby,SA,7,185667021,R7 1800m Trot M,185667022,Harness,1800,Trot,19647754,4,Southern Alps,LOSER,12.89,WINNER,2.89,257.37,23,12,14,14.23,218.54,680,7.2,680,34.4,272.7,542.46,2.88,2.74,2.88,2.83,264.56,13.5,15.5,1.03,0.96
27/07/2021,9:53:00 PM,9:54:06 PM,Globe Derby,SA,7,185667021,R7 1800m Trot M,185667022,Harness,1800,Trot,10855819,5,Miracle Rising,LOSER,42.69,LOSER,6.77,86.34,250,38,48,43.15,90.07,940,7,940,41.33,102.99,232.49,,,,,,36,40,1.03,0.96
27/07/2021,9:53:00 PM,9:54:06 PM,Globe Derby,SA,7,185667021,R7 1800m Trot M,185667022,Harness,1800,Trot,16921113,6,Galleons Victory,WINNER,1.22,WINNER,1.13,3947.55,1.4,1.21,1.23,1.27,10723.76,1.44,1.01,1.01,1.19,3461.44,1701.28,1.13,1.1,1.13,1.12,1273.02,1.24,1.3,1.03,0.96
27/07/2021,7:24:00 PM,7:25:02 PM,Gloucester Park,WA,1,185666663,R1 1730m Pace M,185666664,Harness,1730,Pace,36794921,1,Allwood Wizard,LOSER,11.09,LOSER,3.24,461.74,17.5,9.2,10.5,11.22,1313.87,1000,5.2,1000,19.38,314.08,509.88,3.4,2.74,2.98,3.15,347.44,10,11,1.02,0.98
27/07/2021,7:24:00 PM,7:25:02 PM,Gloucester Park,WA,1,185666663,R1 1730m Pace M,185666664,Harness,1730,Pace,37258172,2,Rocknroll Elliot,LOSER,10.35,WINNER,3.71,416.86,18,9,10.5,11.66,1038.56,100,3.85,100,12.56,243.96,351.01,4.8,3.5,3.55,3.6,77.82,13,15,1.02,0.98
27/07/2021,7:24:00 PM,7:25:02 PM,Gloucester Park,WA,1,185666663,R1 1730m Pace M,185666664,Harness,1730,Pace,40297557,3,Silent Reaction,LOSER,110,LOSER,50.03,73.44,400,85,140,112.36,99.18,1000,19,1000,102.03,23.19,32.87,20,20,20,20,0.09,100,120,1.02,0.98
27/07/2021,7:24:00 PM,7:25:02 PM,Gloucester Park,WA,1,185666663,R1 1730m Pace M,185666664,Harness,1730,Pace,36682178,4,Under The Alta,WINNER,2.39,WINNER,1.51,2182.24,2.78,1.91,2.46,2.48,8931.85,4.7,1.01,1.01,1.56,4900.44,959.28,1.58,1.38,1.46,1.51,443.17,2.58,2.64,1.02,0.98
27/07/2021,7:24:00 PM,7:25:02 PM,Gloucester Park,WA,1,185666663,R1 1730m Pace M,185666664,Harness,1730,Pace,2172012,5,Humdinger,LOSER,100.93,LOSER,185,83.67,480,85,120,140.59,119.37,1000,36,1000,244.98,6.8,,50,24,50,24.27,3.81,140,160,1.02,0.98
27/07/2021,7:24:00 PM,7:25:02 PM,Gloucester Park,WA,1,185666663,R1 1730m Pace M,185666664,Harness,1730,Pace,28658216,6,Squeezeme Pleaseme,LOSER,59.78,LOSER,965.18,137.04,95,44,80,61.06,282.66,1000,36,1000,127.03,39.37,0.08,970,26,970,495.5,0.16,55,60,1.02,0.98
27/07/2021,7:24:00 PM,7:25:02 PM,Gloucester Park,WA,1,185666663,R1 1730m Pace M,185666664,Harness,1730,Pace,3594945,7,Cachinnation,LOSER,2.68,LOSER,1.64,1707.94,2.96,2.32,2.66,2.46,6269.08,1000,1.79,1000,5.1,904.28,829.99,1.65,1.5,1.65,1.6,535.78,2.4,2.44,1.02,0.98
27/07/2021,7:58:00 PM,7:59:18 PM,Gloucester Park,WA,2,185666665,R2 2130m Pace M,185666666,Harness,2130,Pace,15449411,1,Moonlightsshadow,LOSER,68.86,LOSER,18.98,119.84,170,44,140,88.61,151.46,960,20,960,52.7,118.67,99.4,18,10.5,16,15.45,71.2,65,80,1.02,0.98
27/07/2021,7:58:00 PM,7:59:18 PM,Gloucester Park,WA,2,185666665,R2 2130m Pace M,185666666,Harness,2130,Pace,38707012,2,Our Star Watch,WINNER,2.41,WINNER,1.47,2602.27,2.9,2.3,2.42,2.52,9133.6,6.6,1.01,1.01,1.6,4380.25,987.46,1.96,1.38,1.42,1.44,731.01,2.46,2.52,1.02,0.98
27/07/2021,7:58:00 PM,7:59:18 PM,Gloucester Park,WA,2,185666665,R2 2130m Pace M,185666666,Harness,2130,Pace,28290632,3,Ollie Oliver,LOSER,52.54,LOSER,17.34,163.3,95,29,95,50.04,288.89,920,38,920,121.28,37.04,84.55,26,6.2,26,9.08,8.78,60,70,1.02,0.98
27/07/2021,7:58:00 PM,7:59:18 PM,Gloucester Park,WA,2,185666665,R2 2130m Pace M,185666666,Harness,2130,Pace,10958838,4,Glowing Report,LOSER,89.04,LOSER,690.73,115.56,200,65,130,97.6,169.53,950,60,950,151.01,13.25,0.11,990,14.5,280,34.46,3.77,80,100,1.02,0.98
27/07/2021,7:58:00 PM,7:59:18 PM,Gloucester Park,WA,2,185666665,R2 2130m Pace M,185666666,Harness,2130,Pace,1317272,5,Euphoria,LOSER,2.44,WINNER,1.42,2071.51,2.84,2.2,2.44,2.44,7912.87,690,1.55,130,3.83,850.48,1274.81,1.82,1.37,1.42,1.45,830.86,2.44,2.48,1.02,0.98
27/07/2021,7:58:00 PM,7:59:18 PM,Gloucester Park,WA,2,185666665,R2 2130m Pace M,185666666,Harness,2130,Pace,8803025,6,Seeknyoushallfind,LOSER,94.93,LOSER,838.87,102.36,200,70,140,102.94,149.83,690,55,690,108.69,40.92,0.26,980,20,180,67.43,4.09,95,110,1.02,0.98
27/07/2021,7:58:00 PM,7:59:18 PM,Gloucester Park,WA,2,185666665,R2 2130m Pace M,185666666,Harness,2130,Pace,28507009,7,Sidstrepo,LOSER,6.6,LOSER,2.5,744.97,10.5,5.1,6.6,6.64,4504.62,1000,2,1000,10.95,889,516.66,2.96,2.22,2.22,2.39,154.25,6.8,7.6,1.02,0.98
27/07/2021,8:34:00 PM,8:34:45 PM,Gloucester Park,WA,3,185666667,R3 2130m Pace M,185666668,Harness,2130,Pace,37993112,1,The Bands Playing,LOSER,22.07,LOSER,1.95,282.25,38,11,20,16.61,512.56,690,11.5,680,43.15,127.1,894.24,2.46,2,2,2.08,674.76,18,19.5,1.01,0.98
27/07/2021,8:34:00 PM,8:34:45 PM,Gloucester Park,WA,3,185666667,R3 2130m Pace M,185666668,Harness,2130,Pace,27857707,2,All Black Rain,LOSER,153.55,LOSER,10.24,33.92,230,70,210,126.66,45.43,850,150,850,263.02,4.71,36.44,12.5,8.2,11.5,11.6,67.11,170,200,1.01,0.98
27/07/2021,8:34:00 PM,8:34:45 PM,Gloucester Park,WA,3,185666667,R3 2130m Pace M,185666668,Harness,2130,Pace,2295962,3,Ashima,LOSER,269.84,LOSER,22.82,36.86,610,190,240,253.34,30.55,700,260,700,437.73,2.19,71.23,27,16.5,27,19.38,36.24,220,310,1.01,0.98
27/07/2021,8:34:00 PM,8:34:45 PM,Gloucester Park,WA,3,185666667,R3 2130m Pace M,185666668,Harness,2130,Pace,38721651,4,White Lightning,LOSER,1.61,LOSER,1.21,3619.53,2.1,1.5,1.61,1.77,24549.13,690,1.19,690,1.92,3492.67,1291.48,1.26,1.17,1.23,1.2,1905.64,1.62,1.66,1.01,0.98
27/07/2021,8:34:00 PM,8:34:45 PM,Gloucester Park,WA,3,185666667,R3 2130m Pace M,185666668,Harness,2130,Pace,12118492,5,Dwayne,LOSER,260,LOSER,30.53,41.78,380,110,230,242.75,16.68,700,260,700,331.43,5,50.71,29,29,29,29,0.04,210,250,1.01,0.98
27/07/2021,8:34:00 PM,8:34:45 PM,Gloucester Park,WA,3,185666667,R3 2130m Pace M,185666668,Harness,2130,Pace,39601846,6,Justlike Turbo,LOSER,11.12,WINNER,2.04,563.03,18,8,11,9.8,1074.08,140,1.12,130,9.61,261.48,964.45,2.24,1.83,2.16,1.93,3425.2,10.5,11,1.01,0.98
27/07/2021,8:34:00 PM,8:34:45 PM,Gloucester Park,WA,3,185666667,R3 2130m Pace M,185666668,Harness,2130,Pace,27956271,7,Hengheng,LOSER,5.35,WINNER,1.52,1219.57,5.8,3.05,5.6,4.58,3586.28,990,1.18,980,5.93,609.78,1156.72,1.68,1.34,1.55,1.5,111.51,5.5,5.6,1.01,0.98
27/07/2021,8:34:00 PM,8:34:45 PM,Gloucester Park,WA,3,185666667,R3 2130m Pace M,185666668,Harness,2130,Pace,39010446,8,Pontevivo,WINNER,77.94,WINNER,6.98,232.28,95,30,44,41.28,253.02,590,1.01,1.01,2.03,5067.86,162.63,4.9,4.8,4.9,4.82,23.77,36,38,1.01,0.98
27/07/2021,8:34:00 PM,8:34:45 PM,Gloucester Park,WA,3,185666667,R3 2130m Pace M,185666668,Harness,2130,Pace,27627475,9,Jedrek,LOSER,313.31,LOSER,23.39,33.37,590,100,240,238.51,27.82,700,270,700,370.09,5.22,62.84,24,24,24,24,0.04,230,240,1.01,0.98
27/07/2021,8:34:00 PM,8:34:45 PM,Gloucester Park,WA,3,185666667,R3 2130m Pace M,185666668,Harness,2130,Pace,30463803,10,Hes Thunder,LOSER,120,LOSER,7.4,82.58,290,85,120,125.89,121.61,940,6.2,940,160.39,72.97,261.98,8,7,8,7.6,89.34,100,120,1.01,0.98
27/07/2021,8:34:00 PM,8:34:45 PM,Gloucester Park,WA,3,185666667,R3 2130m Pace M,185666668,Harness,2130,Pace,39446975,11,Swanbourne Spunk,LOSER,166.4,LOSER,15.91,27.85,400,100,140,152.62,69.19,700,160,700,342.92,6.35,63.81,21,11,19.5,14.36,39.73,130,140,1.01,0.98
27/07/2021,9:10:00 PM,9:10:25 PM,Gloucester Park,WA,4,185666669,R4 2536m Pace M,185666670,Harness,2536,Pace,23178501,1,Nigel Ernest,LOSER,10.02,WINNER,1.82,476.64,10.5,4.4,9.2,6.86,1408.97,120,2.18,120,5.53,396.12,917.19,2,1.81,1.86,1.96,568.8,7,7.4,1.04,0.99
27/07/2021,9:10:00 PM,9:10:25 PM,Gloucester Park,WA,4,185666669,R4 2536m Pace M,185666670,Harness,2536,Pace,27341386,2,La Suleiman,LOSER,60.57,LOSER,8.1,89.23,95,48,65,66.41,101.14,690,15.5,140,32.16,104.75,217.63,10,7.2,7.2,9.29,72.02,60,80,1.04,0.99
27/07/2021,9:10:00 PM,9:10:25 PM,Gloucester Park,WA,4,185666669,R4 2536m Pace M,185666670,Harness,2536,Pace,15327925,3,Tepelo Star,LOSER,340,LOSER,47.23,34.09,340,180,340,217.59,22.66,630,23,200,150.99,40.04,47.84,19.5,19.5,19.5,19.5,5,210,240,1.04,0.99
27/07/2021,9:10:00 PM,9:10:25 PM,Gloucester Park,WA,4,185666669,R4 2536m Pace M,185666670,Harness,2536,Pace,14035593,4,Tahi,LOSER,10.51,LOSER,2.48,455.26,11,4.2,10.5,7.64,745.73,270,4.2,270,7.44,424.93,520.94,2.22,2.1,2.22,2.13,101.52,8,8.4,1.04,0.99
27/07/2021,9:10:00 PM,9:10:25 PM,Gloucester Park,WA,4,185666669,R4 2536m Pace M,185666670,Harness,2536,Pace,16905072,7,Rocky The Outlaw,LOSER,29.21,WINNER,7.46,198.35,110,28,30,46.93,229.72,130,16,130,34.9,42.06,226.37,11,6.2,6.4,9.81,35.16,30,34,1.04,0.99
27/07/2021,9:10:00 PM,9:10:25 PM,Gloucester Park,WA,4,185666669,R4 2536m Pace M,185666670,Harness,2536,Pace,23938766,8,Rockinthebox,LOSER,282.34,LOSER,26.8,34.12,340,150,330,221.06,33.57,700,75,700,167.29,27.52,87.01,17,17,17,17,5,200,220,1.04,0.99
27/07/2021,9:10:00 PM,9:10:25 PM,Gloucester Park,WA,4,185666669,R4 2536m Pace M,185666670,Harness,2536,Pace,22549266,9,The Tiger Army,LOSER,8.36,LOSER,2.39,644.82,11,6,8.6,6.83,4191.54,290,6,270,29.82,73.21,653.95,,,,,,6.6,7,1.04,0.99
27/07/2021,9:10:00 PM,9:10:25 PM,Gloucester Park,WA,4,185666669,R4 2536m Pace M,185666670,Harness,2536,Pace,9795758,10,Mister Ardee,LOSER,3.94,LOSER,1.58,1895.71,5,3.65,3.9,4.28,1896.4,260,3,260,4.63,420.22,1637.38,1.98,1.56,1.98,1.58,51.21,4.1,4.3,1.04,0.99
27/07/2021,9:10:00 PM,9:10:25 PM,Gloucester Park,WA,4,185666669,R4 2536m Pace M,185666670,Harness,2536,Pace,16249749,11,Cracka Tinny,LOSER,230,LOSER,25.67,30.93,340,95,170,182.83,59.45,700,100,700,199.98,6.82,79.41,16.5,16.5,16.5,16.5,5,170,280,1.04,0.99
27/07/2021,9:10:00 PM,9:10:25 PM,Gloucester Park,WA,4,185666669,R4 2536m Pace M,185666670,Harness,2536,Pace,15208109,12,Mcardles Gem,WINNER,2.76,WINNER,1.49,1693.24,5.7,2.74,2.76,3.41,5848.1,5.5,1.04,1.06,2.02,2465.01,1308.22,1.58,1.47,1.5,1.52,79.95,3.2,3.3,1.04,0.99
27/07/2021,9:37:00 PM,9:37:56 PM,Gloucester Park,WA,5,185666671,R5 2130m Pace M,185666672,Harness,2130,Pace,27056423,1,Miss Pocket Rocket,LOSER,140.64,LOSER,34.48,61.97,210,29,150,100.33,81.65,950,210,950,310.18,5.24,50.5,,,,,,140,170,1.02,0.98
27/07/2021,9:37:00 PM,9:37:56 PM,Gloucester Park,WA,5,185666671,R5 2130m Pace M,185666672,Harness,2130,Pace,24730178,3,Miss Eerie,LOSER,6.48,WINNER,1.83,992.32,16,6.4,6.4,8,1401.32,880,5.3,880,16.2,140.8,703.48,2.36,1.72,1.72,1.81,1533.81,6.6,7,1.02,0.98
27/07/2021,9:37:00 PM,9:37:56 PM,Gloucester Park,WA,5,185666671,R5 2130m Pace M,185666672,Harness,2130,Pace,40297558,4,Alta Cinderella,LOSER,2.14,LOSER,1.38,2651.95,2.6,1.81,2.14,2.32,25083.06,690,1.27,490,2.17,2787.4,1342.76,1.59,1.18,1.4,1.33,397.71,2.4,2.42,1.02,0.98
27/07/2021,9:37:00 PM,9:37:56 PM,Gloucester Park,WA,5,185666671,R5 2130m Pace M,185666672,Harness,2130,Pace,28286726,5,Alta Louisa,WINNER,6.58,WINNER,1.88,944.46,7.4,2.8,6.2,4.24,2960.82,13.5,1.01,1.01,1.5,4046.98,466.33,2,1.6,1.93,1.81,394.71,4.9,5.1,1.02,0.98
27/07/2021,9:37:00 PM,9:37:56 PM,Gloucester Park,WA,5,185666671,R5 2130m Pace M,185666672,Harness,2130,Pace,27038910,6,Southern Belle,LOSER,32,LOSER,5.75,213.5,80,26,32,32.9,301.34,780,50,780,116.3,15.33,262.22,5.2,5.2,5.2,5.2,20,29,30,1.02,0.98
27/07/2021,9:37:00 PM,9:37:56 PM,Gloucester Park,WA,5,185666671,R5 2130m Pace M,185666672,Harness,2130,Pace,39820929,7,Altas Angel,LOSER,18.94,LOSER,4.35,304,90,18,18,24.88,338.34,920,25,920,69.01,27.54,294.26,4.1,4,4.1,4,423.36,19,20,1.02,0.98
27/07/2021,9:37:00 PM,9:37:56 PM,Gloucester Park,WA,5,185666671,R5 2130m Pace M,185666672,Harness,2130,Pace,15723125,8,Miss Camouflage,LOSER,177.25,LOSER,29,63.64,210,29,210,92.87,46.33,950,100,690,473.45,3.73,53.79,,,,,,100,120,1.02,0.98
27/07/2021,9:37:00 PM,9:37:56 PM,Gloucester Park,WA,5,185666671,R5 2130m Pace M,185666672,Harness,2130,Pace,28110314,10,Stormyskyes,LOSER,30,WINNER,3.86,229.02,80,25,30,32.57,337.84,610,2.1,75,31.79,73.6,569.8,4.1,3.5,4.1,3.86,65.09,26,27,1.02,0.98
27/07/2021,9:37:00 PM,9:37:56 PM,Gloucester Park,WA,5,185666671,R5 2130m Pace M,185666672,Harness,2130,Pace,40297559,11,Kirsten,LOSER,28.48,LOSER,5.1,271.35,44,24,28,31.3,248.78,780,40,780,103.14,18.14,378.3,,,,,,29,32,1.02,0.98
27/07/2021,9:37:00 PM,9:37:56 PM,Gloucester Park,WA,5,185666671,R5 2130m Pace M,185666672,Harness,2130,Pace,28658191,12,Kiwi Jewel,LOSER,17.64,LOSER,3.55,410.76,21,12.5,17.5,15.22,387.32,710,23,710,55.95,30.86,470,3.7,2.8,3.2,3.03,8.67,14,15,1.02,0.98
27/07/2021,10:10:00 PM,10:11:13 PM,Gloucester Park,WA,6,185666673,R6 1730m Pace M,185666674,Harness,1730,Pace,27885705,1,Icanbolt,LOSER,5.84,WINNER,2.1,762.32,5.6,3.85,5.5,4.71,4782.46,100,2.6,100,6.02,378.53,415.37,2,1.92,2,2,168.87,4.8,4.9,1.02,0.99
27/07/2021,10:10:00 PM,10:11:13 PM,Gloucester Park,WA,6,185666673,R6 1730m Pace M,185666674,Harness,1730,Pace,36663050,2,Makaila,LOSER,100.23,LOSER,61.03,39.34,230,55,160,85.73,102.29,930,95,930,338.06,7.86,20.57,17.5,13.5,17.5,15.53,6.71,140,220,1.02,0.99
27/07/2021,10:10:00 PM,10:11:13 PM,Gloucester Park,WA,6,185666673,R6 1730m Pace M,185666674,Harness,1730,Pace,39989769,3,Velvet Shadow,LOSER,200.34,LOSER,111.82,29.27,500,44,300,124.9,126.56,930,200,930,332.71,5.75,19.81,130,30,130,34.54,3.99,210,280,1.02,0.99
27/07/2021,10:10:00 PM,10:11:13 PM,Gloucester Park,WA,6,185666673,R6 1730m Pace M,185666674,Harness,1730,Pace,28230728,4,Jukebox Girl,LOSER,151.09,LOSER,86.2,29.95,480,80,290,124.38,150.73,700,75,690,226.05,4.35,21.68,25,25,25,25,3.77,120,270,1.02,0.99
27/07/2021,10:10:00 PM,10:11:13 PM,Gloucester Park,WA,6,185666673,R6 1730m Pace M,185666674,Harness,1730,Pace,39877291,5,The Monies On,LOSER,23,LOSER,7.4,282.62,65,19.5,32,28.48,388.97,720,8,720,28.29,100.29,146.18,13,6.2,6.8,8.87,64.82,24,27,1.02,0.99
27/07/2021,10:10:00 PM,10:11:13 PM,Gloucester Park,WA,6,185666673,R6 1730m Pace M,185666674,Harness,1730,Pace,40129530,6,Orlando Blue,WINNER,1.66,WINNER,1.2,2970.85,2.36,1.6,1.68,1.8,17377.57,2.2,1.01,1.01,1.32,3182.98,1200.88,1.34,1.21,1.21,1.26,359.35,1.78,1.8,1.02,0.99
27/07/2021,10:10:00 PM,10:11:13 PM,Gloucester Park,WA,6,185666673,R6 1730m Pace M,185666674,Harness,1730,Pace,36852552,7,Per Ardua Ad Astra,LOSER,5.9,LOSER,2.01,771.79,7.2,4.8,5.7,5.88,2526.52,880,2.1,140,7.11,293.92,1088.67,2.52,1.9,2.18,2.06,70.09,5.3,5.6,1.02,0.99
27/07/2021,12:20:00 PM,12:20:46 PM,Menangle,NSW,1,185658565,R1 2300m Trot M,185658566,Harness,2300,Trot,39611576,1,Come On Gino,LOSER,66.38,LOSER,,113.31,90,18,65,60.28,74.76,710,17,710,56.34,33.49,,8,8,8,8,5,70,90,1.03,0.97
27/07/2021,12:20:00 PM,12:20:46 PM,Menangle,NSW,1,185658565,R1 2300m Trot M,185658566,Harness,2300,Trot,36154668,2,Dont Touch This,LOSER,8.49,WINNER,,738.16,11,3.6,8,6.26,790.44,490,3.05,150,34.71,28.54,,2.36,1.84,1.9,1.87,16.46,7,7.6,1.03,0.97
27/07/2021,12:20:00 PM,12:20:46 PM,Menangle,NSW,1,185658565,R1 2300m Trot M,185658566,Harness,2300,Trot,348630,3,Universal Pegasus,LOSER,38.61,LOSER,,169.44,75,29,38,47.95,107.94,720,28,720,80.24,13.68,,9.8,5.2,9.8,5.29,5.09,50,55,1.03,0.97
27/07/2021,12:20:00 PM,12:20:46 PM,Menangle,NSW,1,185658565,R1 2300m Trot M,185658566,Harness,2300,Trot,23955023,4,Strong Desire,LOSER,6.8,LOSER,,938.82,9.6,6.4,6.6,7.53,1234.06,690,4.4,490,51.68,46.43,,2.06,1.74,1.86,1.9,708.07,7.6,8.2,1.03,0.97
27/07/2021,12:20:00 PM,12:20:46 PM,Menangle,NSW,1,185658565,R1 2300m Trot M,185658566,Harness,2300,Trot,167715,5,Fancy,WINNER,2.12,WINNER,,2212.46,3.3,1.99,2.1,2.15,9804.05,2.88,1.01,1.02,1.35,2444.62,,1.42,1.21,1.24,1.25,351.13,2.02,2.1,1.03,0.97
27/07/2021,12:20:00 PM,12:20:46 PM,Menangle,NSW,1,185658565,R1 2300m Trot M,185658566,Harness,2300,Trot,27200847,6,Young Son,LOSER,9.66,WINNER,,486.7,13,7.6,9.8,9.45,504.39,490,7.4,490,21.69,27.06,,2.08,1.85,1.87,1.98,265.71,9,9.4,1.03,0.97
27/07/2021,12:20:00 PM,12:20:46 PM,Menangle,NSW,1,185658565,R1 2300m Trot M,185658566,Harness,2300,Trot,40297587,7,Streetcafe,LOSER,90,LOSER,,58.56,110,30,90,61.96,35.56,920,110,900,489.22,3.69,,,,,,,80,110,1.03,0.97
27/07/2021,12:20:00 PM,12:20:46 PM,Menangle,NSW,1,185658565,R1 2300m Trot M,185658566,Harness,2300,Trot,32353764,8,Alpine Retreat,LOSER,11,LOSER,,506.5,20,9.8,11,11.35,763.62,890,3.5,100,25.78,250.26,,4.6,2.32,2.36,2.36,45.22,10,11,1.03,0.97
27/07/2021,12:52:00 PM,12:53:02 PM,Menangle,NSW,2,185658567,R2 2300m Trot M,185658568,Harness,2300,Trot,12462660,1,Gold Sovereign,WINNER,3.96,WINNER,,1119.59,7.8,3.95,4.1,4.31,3064.01,100,1.01,1.11,2.01,2156.67,,1.87,1.41,1.66,1.63,212.32,4.1,4.5,1.06,0.98
27/07/2021,12:52:00 PM,12:53:02 PM,Menangle,NSW,2,185658567,R2 2300m Trot M,185658568,Harness,2300,Trot,8615755,2,Valley Ess Jay,LOSER,51.78,LOSER,,91.96,60,21,50,34.84,76.43,920,13.5,580,42.45,94.16,,5.7,3.8,5.7,4.35,0.61,36,44,1.06,0.98
27/07/2021,12:52:00 PM,12:53:02 PM,Menangle,NSW,2,185658567,R2 2300m Trot M,185658568,Harness,2300,Trot,10634510,3,Hellbound,LOSER,115.76,LOSER,,48.95,190,24,190,113.4,20.69,1000,95,1000,164.66,27.05,,11.5,6.6,9.6,9.39,2.11,80,130,1.06,0.98
27/07/2021,12:52:00 PM,12:53:02 PM,Menangle,NSW,2,185658567,R2 2300m Trot M,185658568,Harness,2300,Trot,8704750,4,Agent Maori,LOSER,5.5,WINNER,,825.01,7.2,4.5,5.6,5.33,1543.61,100,1.04,100,3.03,506.37,,1.79,1.49,1.65,1.68,95.85,4.5,4.9,1.06,0.98
27/07/2021,12:52:00 PM,12:53:02 PM,Menangle,NSW,2,185658567,R2 2300m Trot M,185658568,Harness,2300,Trot,8955896,5,Sonetto,LOSER,60,LOSER,,73.11,70,26,55,52.34,131.09,850,17.5,850,64.18,19.13,,7.6,5.7,6.8,5.84,155.75,50,65,1.06,0.98
27/07/2021,12:52:00 PM,12:53:02 PM,Menangle,NSW,2,185658567,R2 2300m Trot M,185658568,Harness,2300,Trot,626867,6,Indefensible,LOSER,4.11,WINNER,,1132.97,5.1,3.85,3.85,4.09,3398.46,690,3,530,8.34,150.29,,1.8,1.48,1.63,1.61,180.13,4.3,4.5,1.06,0.98
27/07/2021,12:52:00 PM,12:53:02 PM,Menangle,NSW,2,185658567,R2 2300m Trot M,185658568,Harness,2300,Trot,35441769,7,Inherent Royal,LOSER,3.35,LOSER,,1440.64,3.85,2.32,3.35,3.17,2316.63,690,1.19,690,2.52,1633.38,,1.64,1.37,1.49,1.52,361.95,3.35,3.55,1.06,0.98
27/07/2021,1:27:00 PM,1:27:52 PM,Menangle,NSW,3,185658569,R3 1609m Pace M,185658570,Harness,1609,Pace,40297588,1,All Night Long,LOSER,38.29,LOSER,,163.09,55,12.5,38,38.97,161.92,1000,12,1000,54.07,49.7,,3.85,3.75,3.75,3.8,55.68,38,48,1.03,0.98
27/07/2021,1:27:00 PM,1:27:52 PM,Menangle,NSW,3,185658569,R3 1609m Pace M,185658570,Harness,1609,Pace,35934398,2,Winners Yarn,LOSER,91.75,LOSER,,98.29,140,60,140,96.41,56.92,940,60,790,241.82,9.89,,10.5,6.6,6.6,6.86,49.26,100,110,1.03,0.98
27/07/2021,1:27:00 PM,1:27:52 PM,Menangle,NSW,3,185658569,R3 1609m Pace M,185658570,Harness,1609,Pace,40297589,3,Belongtolou,LOSER,2.98,WINNER,,1238.91,3.35,1.95,2.94,2.81,7035.05,22,2.2,2.28,3.23,559.62,,1.37,1.19,1.28,1.31,186.05,3.15,3.35,1.03,0.98
27/07/2021,1:27:00 PM,1:27:52 PM,Menangle,NSW,3,185658569,R3 1609m Pace M,185658570,Harness,1609,Pace,19167465,4,Jenesaisquoi,LOSER,43.62,LOSER,,100.99,85,28,42,41.58,238.51,790,42,780,117.88,17.8,,4.8,3.85,4,3.96,7.66,38,42,1.03,0.98
27/07/2021,1:27:00 PM,1:27:52 PM,Menangle,NSW,3,185658569,R3 1609m Pace M,185658570,Harness,1609,Pace,4487097,5,Lady Allegra,LOSER,78.93,LOSER,,90.48,95,34,85,61.72,109.11,750,36,580,239.17,8.73,,,,,,,55,60,1.03,0.98
27/07/2021,1:27:00 PM,1:27:52 PM,Menangle,NSW,3,185658569,R3 1609m Pace M,185658570,Harness,1609,Pace,23103588,6,Shes All Star,LOSER,130,LOSER,,51.11,160,44,150,98.06,53.22,690,65,690,273.71,3.16,,,,,,,70,80,1.03,0.98
27/07/2021,1:27:00 PM,1:27:52 PM,Menangle,NSW,3,185658569,R3 1609m Pace M,185658570,Harness,1609,Pace,40208993,7,American Dagger,LOSER,70.38,LOSER,,104.22,110,27,100,54.92,139.18,690,110,690,262.3,3.84,,,,,,,50,60,1.03,0.98
27/07/2021,1:27:00 PM,1:27:52 PM,Menangle,NSW,3,185658569,R3 1609m Pace M,185658570,Harness,1609,Pace,28737131,8,Blue Ocean,WINNER,1.84,WINNER,,2918.86,2.74,1.72,1.89,1.84,18222.49,2,1.05,1.05,1.52,1560.41,,1.17,1.11,1.12,1.13,1214.09,1.75,1.78,1.03,0.98
27/07/2021,1:27:00 PM,1:27:52 PM,Menangle,NSW,3,185658569,R3 1609m Pace M,185658570,Harness,1609,Pace,27616880,9,Ghostly Courage,LOSER,126.54,WINNER,,53.41,160,44,140,76.91,95.93,690,180,690,322.98,3.09,,8,8,8,8,0.13,75,90,1.03,0.98
27/07/2021,1:27:00 PM,1:27:52 PM,Menangle,NSW,3,185658569,R3 1609m Pace M,185658570,Harness,1609,Pace,38790099,10,Canonlybeonesir,LOSER,203.7,LOSER,,23.42,240,16.5,240,109.6,50.72,960,160,700,603.43,1.3,,,,,,,110,190,1.03,0.98
27/07/2021,2:02:00 PM,2:02:41 PM,Menangle,NSW,4,185658571,R4 1609m Pace M,185658572,Harness,1609,Pace,27355811,2,Matai Reactor,LOSER,36,LOSER,,178.58,48,12,40,35.17,138.05,780,23,780,44.83,63.56,,7,5.5,7,5.76,36.15,42,48,1.03,0.98
27/07/2021,2:02:00 PM,2:02:41 PM,Menangle,NSW,4,185658571,R4 1609m Pace M,185658572,Harness,1609,Pace,40268635,3,A Chip Of Impala,WINNER,23,WINNER,,191.33,42,17,25,25.19,470.15,100,1.06,1.1,2.51,1089.62,,,,,,,23,26,1.03,0.98
27/07/2021,2:02:00 PM,2:02:41 PM,Menangle,NSW,4,185658571,R4 1609m Pace M,185658572,Harness,1609,Pace,40100038,4,Im Bills Last,LOSER,12.5,LOSER,,435.08,15,8.4,13,12.03,542.09,780,4.4,490,31.33,135.09,,2.54,2.54,2.54,2.54,3.05,12,14,1.03,0.98
27/07/2021,2:02:00 PM,2:02:41 PM,Menangle,NSW,4,185658571,R4 1609m Pace M,185658572,Harness,1609,Pace,28863280,5,Feels Lika Boss,LOSER,2.24,WINNER,,1853.6,2.6,1.94,2.16,2.27,10124.26,690,1.21,55,2.33,2052.92,,1.54,1.26,1.32,1.31,292.84,2.12,2.14,1.03,0.98
27/07/2021,2:02:00 PM,2:02:41 PM,Menangle,NSW,4,185658571,R4 1609m Pace M,185658572,Harness,1609,Pace,35994336,6,Mi Furioso Toro,LOSER,31.03,LOSER,,170.75,50,20,28,25.92,122.33,250,3.6,110,26.82,75.89,,4,4,4,4,5,23,26,1.03,0.98
27/07/2021,2:02:00 PM,2:02:41 PM,Menangle,NSW,4,185658571,R4 1609m Pace M,185658572,Harness,1609,Pace,17773854,7,Artistic Cowboy,LOSER,6.17,WINNER,,1128.33,5.4,3.65,5.1,4.77,1601.4,85,1.6,18,4.15,1170.29,,1.54,1.54,1.54,1.54,15,4.7,4.9,1.03,0.98
27/07/2021,2:02:00 PM,2:02:41 PM,Menangle,NSW,4,185658571,R4 1609m Pace M,185658572,Harness,1609,Pace,8772344,8,To Infinitynbeyond,LOSER,29.1,LOSER,,203.7,44,25,32,31.05,76.92,780,32,150,72.55,29.94,,4,4,4,4,5,32,36,1.03,0.98
27/07/2021,2:02:00 PM,2:02:41 PM,Menangle,NSW,4,185658571,R4 1609m Pace M,185658572,Harness,1609,Pace,15920926,9,Panacias Seal,LOSER,8,LOSER,,805.79,13,7.4,7.8,8.99,1295.99,690,8,110,11.32,266.16,,2.98,2.16,2.18,2.29,385.12,10,10.5,1.03,0.98
27/07/2021,2:02:00 PM,2:02:41 PM,Menangle,NSW,4,185658571,R4 1609m Pace M,185658572,Harness,1609,Pace,8483319,10,Nitro Lad,LOSER,50,LOSER,,84.82,65,34,50,44.49,86.11,690,65,250,124.27,14.87,,11,11,11,11,0.09,48,60,1.03,0.98
27/07/2021,2:37:00 PM,2:37:52 PM,Menangle,NSW,5,185658573,R5 1609m Pace M,185658574,Harness,1609,Pace,36580799,1,Old English,LOSER,9.3,LOSER,,475.24,9.8,5.7,9,7.28,303.84,690,3.5,690,12.47,118.54,,2.78,2.2,2.2,2.24,45.36,7.2,7.6,1.06,0.98
27/07/2021,2:37:00 PM,2:37:52 PM,Menangle,NSW,5,185658573,R5 1609m Pace M,185658574,Harness,1609,Pace,39989831,2,Loui,LOSER,14.58,LOSER,,374.99,19.5,11,14.5,14.47,549.32,420,9.6,280,49.21,16.14,,4.2,3.7,3.7,3.72,7.74,13.5,14.5,1.06,0.98
27/07/2021,2:37:00 PM,2:37:52 PM,Menangle,NSW,5,185658573,R5 1609m Pace M,185658574,Harness,1609,Pace,40173367,3,Fear The Eagle,LOSER,12,LOSER,,486.07,15,7,12,10.85,156.72,280,5,110,11.12,72.36,,3.35,3,3,3.02,5.3,10.5,12,1.06,0.98
27/07/2021,2:37:00 PM,2:37:52 PM,Menangle,NSW,5,185658573,R5 1609m Pace M,185658574,Harness,1609,Pace,25797100,4,Phil Bromac,LOSER,42.99,LOSER,,140.41,46,25,38,32.27,139.8,780,44,300,144.51,3.08,,,,,,,30,36,1.06,0.98
27/07/2021,2:37:00 PM,2:37:52 PM,Menangle,NSW,5,185658573,R5 1609m Pace M,185658574,Harness,1609,Pace,3308115,5,Hot Wire,LOSER,20.65,LOSER,,266.96,34,18.5,22,26.63,131.08,780,44,300,126.52,7.47,,,,,,,28,32,1.06,0.98
27/07/2021,2:37:00 PM,2:37:52 PM,Menangle,NSW,5,185658573,R5 1609m Pace M,185658574,Harness,1609,Pace,28373354,6,The Maharani,LOSER,27.02,LOSER,,143.93,34,23,27,26.84,99.1,770,44,490,140.32,4.56,,4.3,4.3,4.3,4.3,5,23,26,1.06,0.98
27/07/2021,2:37:00 PM,2:37:52 PM,Menangle,NSW,5,185658573,R5 1609m Pace M,185658574,Harness,1609,Pace,28467484,7,Pikarso,LOSER,9.87,WINNER,,394.37,11,6.8,9.6,8.39,926.83,280,5,110,15.34,60.99,,2.82,2.82,2.82,2.82,26.39,8.6,10,1.06,0.98
27/07/2021,2:37:00 PM,2:37:52 PM,Menangle,NSW,5,185658573,R5 1609m Pace M,185658574,Harness,1609,Pace,22822388,8,Jackbkwik,LOSER,102.73,LOSER,,47.98,120,60,110,99.99,8.87,700,65,700,391.22,1.14,,,,,,,70,95,1.06,0.98
27/07/2021,2:37:00 PM,2:37:52 PM,Menangle,NSW,5,185658573,R5 1609m Pace M,185658574,Harness,1609,Pace,22043498,9,Southbound Train,LOSER,9.87,WINNER,,378.09,10.5,5.4,10.5,8.12,422.74,110,4.1,100,22.28,22.29,,2.4,2.36,2.4,2.38,54.13,7.8,9.2,1.06,0.98
27/07/2021,2:37:00 PM,2:37:52 PM,Menangle,NSW,5,185658573,R5 1609m Pace M,185658574,Harness,1609,Pace,39078510,10,Valencia,WINNER,2.7,WINNER,,1815.95,3.5,2.3,2.8,2.61,5455.26,4.8,1.01,1.04,1.63,1893.3,,1.5,1.4,1.42,1.45,63.74,2.62,2.64,1.06,0.98
27/07/2021,3:12:00 PM,3:12:45 PM,Menangle,NSW,6,185658575,R6 1609m Pace M,185658576,Harness,1609,Pace,26529709,1,American Flyer,WINNER,9.2,WINNER,,520.58,11.5,4.1,8.6,8.96,1441.33,9.4,1.03,1.04,2.19,1455.01,,2.26,1.69,1.69,1.82,658.98,10,11,1.04,0.95
27/07/2021,3:12:00 PM,3:12:45 PM,Menangle,NSW,6,185658575,R6 1609m Pace M,185658576,Harness,1609,Pace,39911554,2,Vivid Hanover,LOSER,115.67,LOSER,,76.79,180,27,140,99.52,87.83,700,40,700,130.63,9.95,,8.8,8,8.2,8.05,12.75,140,180,1.04,0.95
27/07/2021,3:12:00 PM,3:12:45 PM,Menangle,NSW,6,185658575,R6 1609m Pace M,185658576,Harness,1609,Pace,21630951,3,Alta Dream Lover,LOSER,141.97,LOSER,,41.98,230,44,170,104.17,62.06,700,11,700,48.78,23.48,,,,,,,120,140,1.04,0.95
27/07/2021,3:12:00 PM,3:12:45 PM,Menangle,NSW,6,185658575,R6 1609m Pace M,185658576,Harness,1609,Pace,35510506,4,Im Presi Belle,LOSER,7.8,WINNER,,696.65,7.6,4,7.6,6.51,1907.09,490,1.22,80,5.66,319,,1.82,1.5,1.82,1.62,626.1,6.4,7.2,1.04,0.95
27/07/2021,3:12:00 PM,3:12:45 PM,Menangle,NSW,6,185658575,R6 1609m Pace M,185658576,Harness,1609,Pace,28091432,5,Heavenly Belle,LOSER,1.54,LOSER,,3914.61,2.88,1.5,1.58,1.66,20784.05,690,1.4,690,3.31,2225.15,,1.28,1.14,1.17,1.15,329.51,1.57,1.65,1.04,0.95
27/07/2021,3:12:00 PM,3:12:45 PM,Menangle,NSW,6,185658575,R6 1609m Pace M,185658576,Harness,1609,Pace,36672742,6,Cathy Brown,LOSER,75.98,LOSER,,106.54,110,16,110,52.45,145.38,690,17,690,78.36,20.8,,5.8,5.6,5.6,5.73,5,60,70,1.04,0.95
27/07/2021,3:12:00 PM,3:12:45 PM,Menangle,NSW,6,185658575,R6 1609m Pace M,185658576,Harness,1609,Pace,39657545,7,Miss Mach,LOSER,15.5,LOSER,,343.77,22,11,15,17.08,1083.51,190,6.2,190,20.95,127.45,,2.84,2.74,2.76,2.8,50.91,11.5,15.5,1.04,0.95
27/07/2021,3:12:00 PM,3:12:45 PM,Menangle,NSW,6,185658575,R6 1609m Pace M,185658576,Harness,1609,Pace,40297590,8,Pippa Maguire,LOSER,220,LOSER,,52.11,300,11,300,90.33,82.93,700,85,700,228.53,12.26,,11.5,9.8,11.5,10.07,59.98,160,260,1.04,0.95
27/07/2021,3:12:00 PM,3:12:45 PM,Menangle,NSW,6,185658575,R6 1609m Pace M,185658576,Harness,1609,Pace,1235695,9,Money Honey,LOSER,90,WINNER,,94.89,150,28,100,87.62,73.52,690,10.5,690,50.29,16.58,,,,,,,95,110,1.04,0.95
27/07/2021,3:12:00 PM,3:12:45 PM,Menangle,NSW,6,185658575,R6 1609m Pace M,185658576,Harness,1609,Pace,40297591,10,Topsky,LOSER,61.42,LOSER,,125.61,120,38,60,62.92,223.57,690,24,690,78.7,13.68,,,,,,,65,85,1.04,0.95
27/07/2021,3:52:00 PM,3:52:55 PM,Menangle,NSW,7,185658577,R7 1609m Pace M,185658578,Harness,1609,Pace,21317259,2,Stick Man,LOSER,1.87,WINNER,,2577.28,2.2,1.61,1.81,1.8,27817.35,5.7,1.05,1.96,1.63,2007.3,,1.3,1.17,1.25,1.26,348.33,1.89,1.95,1.02,0.97
27/07/2021,3:52:00 PM,3:52:55 PM,Menangle,NSW,7,185658577,R7 1609m Pace M,185658578,Harness,1609,Pace,18111572,3,Crossfirehall,LOSER,82.22,LOSER,,112.74,280,55,90,78.26,135.83,690,8.4,450,61.95,24.3,,14.5,3.3,4.7,5.19,985.26,80,85,1.02,0.97
27/07/2021,3:52:00 PM,3:52:55 PM,Menangle,NSW,7,185658577,R7 1609m Pace M,185658578,Harness,1609,Pace,26790717,4,Has The Courage,LOSER,14.19,LOSER,,550.27,17,8.4,14,14,1206.4,270,10,270,66.14,41.6,,3.3,2.3,2.68,2.62,152.07,15,16.5,1.02,0.97
27/07/2021,3:52:00 PM,3:52:55 PM,Menangle,NSW,7,185658577,R7 1609m Pace M,185658578,Harness,1609,Pace,27850941,5,Mustang Milly,LOSER,7.91,WINNER,,745.49,12,6.4,7.8,7.6,1560.87,690,5.9,690,20.85,99.41,,2.4,1.74,1.91,1.96,237.2,6.8,7,1.02,0.97
27/07/2021,3:52:00 PM,3:52:55 PM,Menangle,NSW,7,185658577,R7 1609m Pace M,185658578,Harness,1609,Pace,2363239,6,Rocknroll Rhythm,LOSER,49.03,LOSER,,232.96,65,32,38,40.26,348.25,790,24,270,80.37,24.36,,5.9,4.8,5.9,4.84,5.17,30,36,1.02,0.97
27/07/2021,3:52:00 PM,3:52:55 PM,Menangle,NSW,7,185658577,R7 1609m Pace M,185658578,Harness,1609,Pace,23414426,7,Long Weekend,WINNER,7.14,WINNER,,1079.91,9,6.2,6.8,6.74,1145.83,30,1.21,1.57,3.68,965.47,,1.8,1.76,1.77,1.78,108.47,6.2,6.4,1.02,0.97
27/07/2021,3:52:00 PM,3:52:55 PM,Menangle,NSW,7,185658577,R7 1609m Pace M,185658578,Harness,1609,Pace,23379655,8,Aalesund,LOSER,41.48,LOSER,,163.66,110,40,46,60.18,145.35,780,34,780,86.4,28.99,,5.8,5.5,5.8,5.59,7,44,50,1.02,0.97
27/07/2021,3:52:00 PM,3:52:55 PM,Menangle,NSW,7,185658577,R7 1609m Pace M,185658578,Harness,1609,Pace,26585551,9,Yuko,LOSER,36.42,LOSER,,208.38,65,25,38,36.92,222.44,780,24,780,57.67,39.49,,6.2,4.3,6.2,4.44,2.17,38,42,1.02,0.97
27/07/2021,3:52:00 PM,3:52:55 PM,Menangle,NSW,7,185658577,R7 1609m Pace M,185658578,Harness,1609,Pace,24984992,10,Smoothe Style,LOSER,41.76,LOSER,,211.25,130,34,48,62.09,153.89,790,30,780,63.22,31.68,,5.8,5.8,5.8,5.8,1.09,50,55,1.02,0.97
27/07/2021,4:32:00 PM,4:32:37 PM,Menangle,NSW,8,185658579,R8 1609m Pace M,185658580,Harness,1609,Pace,12939026,1,Pocket More For Less,LOSER,5.87,LOSER,,791.92,5.9,4.5,5.2,4.96,2267.62,690,5.4,490,10.03,258.25,,2.08,1.78,1.95,1.83,661.22,4.8,5,1.03,0.95
27/07/2021,4:32:00 PM,4:32:37 PM,Menangle,NSW,8,185658579,R8 1609m Pace M,185658580,Harness,1609,Pace,39951846,2,Fantasyreactor,LOSER,85,LOSER,,87.59,130,36,100,70.16,143.99,940,50,940,120.94,18.22,,,,,,,70,75,1.03,0.95
27/07/2021,4:32:00 PM,4:32:37 PM,Menangle,NSW,8,185658579,R8 1609m Pace M,185658580,Harness,1609,Pace,7666760,3,Stronghold,LOSER,34.97,LOSER,,212.87,42,21,36,35.38,112.67,790,30,780,69.06,36.31,,7.2,6.6,7.2,7.14,3.41,38,40,1.03,0.95
27/07/2021,4:32:00 PM,4:32:37 PM,Menangle,NSW,8,185658579,R8 1609m Pace M,185658580,Harness,1609,Pace,28329830,4,Watchmedazzle,LOSER,11.5,WINNER,,435.36,14.5,7.2,12,12.26,713.54,1000,4.2,1000,11.02,372.47,,3.15,2.8,2.98,2.94,87.64,12.5,14.5,1.03,0.95
27/07/2021,4:32:00 PM,4:32:37 PM,Menangle,NSW,8,185658579,R8 1609m Pace M,185658580,Harness,1609,Pace,38352108,5,Kenny Said,LOSER,43.46,LOSER,,124.53,75,21,40,45.52,161.46,790,32,790,64.56,23.64,,10.5,8,9,9.57,79.29,44,48,1.03,0.95
27/07/2021,4:32:00 PM,4:32:37 PM,Menangle,NSW,8,185658579,R8 1609m Pace M,185658580,Harness,1609,Pace,7729183,6,Dragon Tattoo,LOSER,29,WINNER,,236.93,40,19.5,32,31.15,209.08,790,29,270,67,36.48,,5.7,5.7,5.7,5.7,5,29,32,1.03,0.95
27/07/2021,4:32:00 PM,4:32:37 PM,Menangle,NSW,8,185658579,R8 1609m Pace M,185658580,Harness,1609,Pace,35834324,7,Zanadu,LOSER,5.8,LOSER,,771.14,10,5.3,5.9,6.48,2755.08,870,5.3,870,25.32,99.17,,2.72,2,2.6,2.05,33.94,6,6.6,1.03,0.95
27/07/2021,4:32:00 PM,4:32:37 PM,Menangle,NSW,8,185658579,R8 1609m Pace M,185658580,Harness,1609,Pace,26994009,8,Hellofalass,LOSER,12.11,LOSER,,475.62,11.5,5.8,11.5,9.65,808.7,790,9.8,780,35.57,54.2,,2.7,2.54,2.62,2.58,160.57,10,10.5,1.03,0.95
27/07/2021,4:32:00 PM,4:32:37 PM,Menangle,NSW,8,185658579,R8 1609m Pace M,185658580,Harness,1609,Pace,35834321,9,Wow Hes A Rock Star,WINNER,3.05,WINNER,,2263.48,3.75,2.9,3.15,3.24,10763.27,4.2,1.01,1.01,1.54,6413.83,,1.61,1.49,1.5,1.52,215.98,3.3,3.5,1.03,0.95
27/07/2021,4:32:00 PM,4:32:37 PM,Menangle,NSW,8,185658579,R8 1609m Pace M,185658580,Harness,1609,Pace,17869347,10,Ready To Bloom,LOSER,14.82,LOSER,,323.05,27,13.5,16.5,17.01,458.2,1000,11,790,45.82,64.47,,4.4,3.25,4.4,3.48,484.27,14,16.5,1.03,0.95
27/07/2021,5:10:00 PM,5:10:36 PM,Menangle,NSW,9,185658581,R9 1609m Pace M,185658582,Harness,1609,Pace,18428082,1,War Club,LOSER,80.46,LOSER,,183.17,120,42,110,68.01,140.16,780,16.5,780,67.54,36.73,,14.5,14.5,14.5,14.5,0.07,75,95,1.03,0.99
27/07/2021,5:10:00 PM,5:10:36 PM,Menangle,NSW,9,185658581,R9 1609m Pace M,185658582,Harness,1609,Pace,21559947,2,Held To Ransom,LOSER,23.91,LOSER,,305.93,23,12.5,23,17.91,598.84,790,10,790,24.75,181.86,,4,3.1,3.15,3.17,283.1,18.5,20,1.03,0.99
27/07/2021,5:10:00 PM,5:10:36 PM,Menangle,NSW,9,185658581,R9 1609m Pace M,185658582,Harness,1609,Pace,36610755,3,No Nukes Skipper,LOSER,59.98,LOSER,,223.36,90,13.5,70,43.09,172.36,780,48,780,92.5,19.83,,6.2,4.5,6.2,5.86,25,48,55,1.03,0.99
27/07/2021,5:10:00 PM,5:10:36 PM,Menangle,NSW,9,185658581,R9 1609m Pace M,185658582,Harness,1609,Pace,24916436,4,Queenofdance,LOSER,19,WINNER,,520.36,19,4.8,19,13.54,843.18,790,8.2,780,20.44,121.01,,3.65,1.71,3.65,2.51,58.24,16,18,1.03,0.99
27/07/2021,5:10:00 PM,5:10:36 PM,Menangle,NSW,9,185658581,R9 1609m Pace M,185658582,Harness,1609,Pace,21733436,5,Gimmefiveminutesmore,LOSER,35.53,LOSER,,275.65,65,29,42,35.35,379.23,790,11.5,690,42.92,44.5,,9.8,4.8,6,6.49,146.31,30,34,1.03,0.99
27/07/2021,5:10:00 PM,5:10:36 PM,Menangle,NSW,9,185658581,R9 1609m Pace M,185658582,Harness,1609,Pace,26720044,6,Divine Diva,LOSER,8.06,LOSER,,919.04,9.2,6,7.6,7.67,1203.35,870,6.8,870,11.6,307.68,,2.2,1.94,1.94,1.95,58.77,7.4,7.6,1.03,0.99
27/07/2021,5:10:00 PM,5:10:36 PM,Menangle,NSW,9,185658581,R9 1609m Pace M,185658582,Harness,1609,Pace,2976861,7,Cloud Nine,WINNER,1.73,WINNER,,3703.1,2.28,1.73,1.73,1.82,32305.24,2,1.01,1.01,1.25,5016.99,,1.5,1.17,1.5,1.23,617.49,1.78,1.79,1.03,0.99
27/07/2021,5:10:00 PM,5:10:36 PM,Menangle,NSW,9,185658581,R9 1609m Pace M,185658582,Harness,1609,Pace,9493374,8,Bettors Pocket,LOSER,104,WINNER,,144.12,210,120,130,146.81,93.52,780,48,780,132.48,22.1,,16,16,16,16,1.88,130,140,1.03,0.99
27/07/2021,5:10:00 PM,5:10:36 PM,Menangle,NSW,9,185658581,R9 1609m Pace M,185658582,Harness,1609,Pace,28178968,9,Our Money Rocks,LOSER,7.8,LOSER,,1244.18,9,7,7.6,8.13,852.04,690,7,690,18.76,78.85,,5.2,1.88,1.88,2.16,588.52,8.2,8.4,1.03,0.99
27/07/2021,5:10:00 PM,5:10:36 PM,Menangle,NSW,9,185658581,R9 1609m Pace M,185658582,Harness,1609,Pace,18543787,10,Please Shuddup,LOSER,86.55,LOSER,,265.42,95,32,65,64.3,123.72,780,34,780,81.18,108.68,,6.2,6.2,6.2,6.2,5.93,65,70,1.03,0.99
27/07/2021,5:45:00 PM,5:45:39 PM,Menangle,NSW,10,185658583,R10 1609m Pace M,185658584,Harness,1609,Pace,12747202,1,Glengarry Rose,WINNER,60,WINNER,,107.84,60,25,60,38.34,194.01,34,1.01,1.01,1.43,2310.88,,7.6,7.4,7.4,7.45,20,38,42,1,0.99
27/07/2021,5:45:00 PM,5:45:39 PM,Menangle,NSW,10,185658583,R10 1609m Pace M,185658584,Harness,1609,Pace,16325223,2,Bolta,LOSER,100,LOSER,,92.95,150,48,110,92.68,120.74,690,100,390,362.59,13.74,,21,19,19,19.89,4.83,110,120,1,0.99
27/07/2021,5:45:00 PM,5:45:39 PM,Menangle,NSW,10,185658583,R10 1609m Pace M,185658584,Harness,1609,Pace,23721388,3,Ananais,LOSER,13,LOSER,,589.52,26,9.6,14,16.37,405.08,490,7.2,130,20.74,89.9,,3.95,3.65,3.65,3.7,27.05,15,17,1,0.99
27/07/2021,5:45:00 PM,5:45:39 PM,Menangle,NSW,10,185658583,R10 1609m Pace M,185658584,Harness,1609,Pace,10169420,4,Warfare,LOSER,6.55,LOSER,,1064.43,7.2,5.1,6.2,5.6,2122.95,1000,5.9,1000,15.23,203.32,,2.58,2.08,2.36,2.11,67.98,5.7,6,1,0.99
27/07/2021,5:45:00 PM,5:45:39 PM,Menangle,NSW,10,185658583,R10 1609m Pace M,185658584,Harness,1609,Pace,8178985,5,Under Worked,LOSER,11.11,LOSER,,745.73,13,7.6,12,9.94,624.26,490,11,280,42.44,24.53,,2.86,2.52,2.86,2.59,161.27,12,12.5,1,0.99
27/07/2021,5:45:00 PM,5:45:39 PM,Menangle,NSW,10,185658583,R10 1609m Pace M,185658584,Harness,1609,Pace,22675885,6,Taroona Bromac,LOSER,7.62,WINNER,,825.39,13,6.2,7.4,7.93,1473.02,490,1.46,75,4.68,892.28,,2.98,2.38,2.42,2.44,56.18,9.2,6.8,1,0.99
27/07/2021,5:45:00 PM,5:45:39 PM,Menangle,NSW,10,185658583,R10 1609m Pace M,185658584,Harness,1609,Pace,1003826,7,Dance For Glory,LOSER,31.23,LOSER,,676.79,27,12,17,16.88,364.03,900,17,900,44.98,187.03,,3.6,3.05,3.6,3.44,70,16,17.5,1,0.99
27/07/2021,5:45:00 PM,5:45:39 PM,Menangle,NSW,10,185658583,R10 1609m Pace M,185658584,Harness,1609,Pace,10709992,8,Tippitinya,LOSER,4.47,LOSER,,2111.83,5.5,3.6,4.7,4.42,3385.06,690,3.6,420,5.72,539.1,,2.06,1.8,1.94,1.87,672.11,4.8,5.1,1,0.99
27/07/2021,5:45:00 PM,5:45:39 PM,Menangle,NSW,10,185658583,R10 1609m Pace M,185658584,Harness,1609,Pace,31376815,9,Our Madiba,LOSER,5.2,LOSER,,919.98,7.2,4.4,5,5.35,5366.74,690,4,490,12.05,110.46,,2.04,1.85,1.95,1.89,127.78,4.8,5,1,0.99
27/07/2021,5:45:00 PM,5:45:39 PM,Menangle,NSW,10,185658583,R10 1609m Pace M,185658584,Harness,1609,Pace,10469603,10,Beau Cishlom,LOSER,19.5,WINNER,,371.73,25,10.5,19.5,17.97,489.78,350,2.56,200,31.74,91.08,,5.7,4.8,4.9,4.82,241.12,19.5,21,1,0.99
27/07/2021,5:02:00 PM,5:03:20 PM,Swan Hill,VIC,1,185663607,R1 2240m Pace M,185663608,Harness,2240,Pace,37199421,1,Chalkncheddar,LOSER,4.15,LOSER,2.04,1162.29,5,3.65,4.3,4.14,5737.02,1000,3,1000,19.1,444.44,516.1,2.14,1.91,2.04,2,540.14,4.1,4.2,1.02,0.98
27/07/2021,5:02:00 PM,5:03:20 PM,Swan Hill,VIC,1,185663607,R1 2240m Pace M,185663608,Harness,2240,Pace,2003555,2,Jet Jockey,LOSER,10,LOSER,4.6,962.02,10.5,6,9.2,8.46,2265.51,1000,6.2,1000,68.58,136.86,220.68,3.7,3.6,3.65,3.61,200,10,10.5,1.02,0.98
27/07/2021,5:02:00 PM,5:03:20 PM,Swan Hill,VIC,1,185663607,R1 2240m Pace M,185663608,Harness,2240,Pace,36201152,3,Smiles Tell Itall,LOSER,5.1,LOSER,2.55,1160.19,5.7,2.96,5.2,4.88,3839.94,690,2.02,680,5.42,721.89,737.97,2.76,2.68,2.76,2.7,0.5,4.9,5,1.02,0.98
27/07/2021,5:02:00 PM,5:03:20 PM,Swan Hill,VIC,1,185663607,R1 2240m Pace M,185663608,Harness,2240,Pace,390384,4,Chicago Nights,WINNER,2.57,WINNER,1.71,2887.72,7.8,2.8,2.82,3.12,10423.83,4.6,1.01,1.01,1.74,4784.23,1224.6,1.97,1.57,1.75,1.74,377.55,2.98,3.1,1.02,0.98
27/07/2021,5:02:00 PM,5:03:20 PM,Swan Hill,VIC,1,185663607,R1 2240m Pace M,185663608,Harness,2240,Pace,40297560,5,Four Starzzz Ruby,LOSER,25.27,WINNER,8.38,355.8,60,18.5,28,25.31,355.55,140,8,110,36.65,125.13,285.46,11.5,8.2,11.5,8.47,3.01,20,22,1.02,0.98
27/07/2021,5:02:00 PM,5:03:20 PM,Swan Hill,VIC,1,185663607,R1 2240m Pace M,185663608,Harness,2240,Pace,40297561,6,Slim Shadow,LOSER,14.33,LOSER,6.15,481.93,24,10,15.5,14.81,700.59,690,3.6,280,30.2,130.4,280.07,6.8,5.2,5.7,6.1,27.79,14.5,16,1.02,0.98
27/07/2021,5:02:00 PM,5:03:20 PM,Swan Hill,VIC,1,185663607,R1 2240m Pace M,185663608,Harness,2240,Pace,40297562,7,Livin In Maninky,LOSER,65.89,LOSER,83.93,136.46,90,24,80,58.02,138.15,750,32,100,95.76,27.33,24.51,,,,,,65,75,1.02,0.98
27/07/2021,5:29:00 PM,5:29:45 PM,Swan Hill,VIC,2,185663609,R2 2240m Pace M,185663610,Harness,2240,Pace,40297564,2,Miss Hattie,LOSER,1.5,WINNER,1.09,3487.67,1.63,1.33,1.36,1.41,15499.92,1000,1.12,630,1.83,7450.33,0.1,1.15,1.07,1.1,1.11,8469.89,1.39,1.45,1.02,0.97
27/07/2021,5:29:00 PM,5:29:45 PM,Swan Hill,VIC,2,185663609,R2 2240m Pace M,185663610,Harness,2240,Pace,39008259,3,Wemen Bella,LOSER,32.83,LOSER,2.86,218.24,60,30,38,35.72,263.28,690,5,690,34.76,32.49,660.37,3.75,2.86,3.15,2.91,774.97,29,32,1.02,0.97
27/07/2021,5:29:00 PM,5:29:45 PM,Swan Hill,VIC,2,185663609,R2 2240m Pace M,185663610,Harness,2240,Pace,40297565,4,Mon Bel Ange,LOSER,25.55,LOSER,3.54,261.88,40,11.5,27,26.07,293.72,920,15,910,93.55,55.32,513.83,3.8,3.2,3.2,3.63,13.07,26,30,1.02,0.97
27/07/2021,5:29:00 PM,5:29:45 PM,Swan Hill,VIC,2,185663609,R2 2240m Pace M,185663610,Harness,2240,Pace,40297566,5,Asmileandawinx,WINNER,15.16,WINNER,2.17,352.48,17.5,7.4,15.5,13.5,758.86,60,1.01,1.01,1.67,1623.8,633.2,2.2,1.78,2.12,2.07,288.41,16.5,17,1.02,0.97
27/07/2021,5:29:00 PM,5:29:45 PM,Swan Hill,VIC,2,185663609,R2 2240m Pace M,185663610,Harness,2240,Pace,28416894,6,Ire Of The Dragon,LOSER,8.06,WINNER,1.77,554.65,21,7.6,8.2,10.32,1704.02,140,1.18,100,7.49,156.87,983.85,2.48,1.62,1.83,1.98,150.22,7.6,8,1.02,0.97
27/07/2021,5:29:00 PM,5:29:45 PM,Swan Hill,VIC,2,185663609,R2 2240m Pace M,185663610,Harness,2240,Pace,40297567,8,Star Shine,LOSER,60.73,LOSER,4.11,150.53,130,34,80,70.65,72.96,930,23,500,88.17,41.28,331.74,6.6,3.45,3.7,4.14,141.92,55,75,1.02,0.97
27/07/2021,5:29:00 PM,5:29:45 PM,Swan Hill,VIC,2,185663609,R2 2240m Pace M,185663610,Harness,2240,Pace,40297568,9,Whata Journey,LOSER,52.08,LOSER,7.51,139.03,95,34,80,63.72,77.96,690,2.38,540,41.68,37.36,184.66,6,6,6,6,8.77,65,85,1.02,0.97
27/07/2021,5:29:00 PM,5:29:45 PM,Swan Hill,VIC,2,185663609,R2 2240m Pace M,185663610,Harness,2240,Pace,40297569,10,Mamma Kass,LOSER,407.67,LOSER,687.32,54.22,990,44,990,203.48,98.71,1000,80,1000,405.45,23.9,7.52,940,4.4,940,19.77,108.57,180,220,1.02,0.97
27/07/2021,6:00:00 PM,6:00:25 PM,Swan Hill,VIC,3,185663611,R3 2240m Trot S,185663612,Harness,2240,Trot,24702830,1,Vincent Kai,LOSER,13.5,LOSER,3.65,349.85,25,11,12.5,12.89,728.6,380,6.2,380,24.7,120.09,404.26,3.9,3.6,3.65,3.67,484.97,11,12,1.03,1.01
27/07/2021,6:00:00 PM,6:00:25 PM,Swan Hill,VIC,3,185663611,R3 2240m Trot S,185663612,Harness,2240,Trot,24810617,2,Itsallandover,WINNER,3.52,WINNER,2.17,1695.91,22,3.1,3.4,4.02,5798.17,7,1.01,1.01,1.56,6621.05,764.12,2.86,1.89,2.02,2.31,197.82,3.2,3.3,1.03,1.01
27/07/2021,6:00:00 PM,6:00:25 PM,Swan Hill,VIC,3,185663611,R3 2240m Trot S,185663612,Harness,2240,Trot,40297570,3,Partytime,LOSER,15.5,LOSER,4.43,305.11,16.5,6.8,15.5,11.18,852.45,1000,15.5,1000,111.5,39.66,210.77,4.1,3.7,4.1,3.74,110.01,14,16.5,1.03,1.01
27/07/2021,6:00:00 PM,6:00:25 PM,Swan Hill,VIC,3,185663611,R3 2240m Trot S,185663612,Harness,2240,Trot,40297571,4,Dont Care,LOSER,3.41,LOSER,1.85,1875.58,3.8,2.12,3.4,3.03,11678.54,850,1.75,100,7.09,821.9,917.77,1.95,1.54,1.95,1.7,146.29,3.3,3.55,1.03,1.01
27/07/2021,6:00:00 PM,6:00:25 PM,Swan Hill,VIC,3,185663611,R3 2240m Trot S,185663612,Harness,2240,Trot,24540365,5,Wisp Of Smoke,LOSER,26.7,LOSER,8.95,189.94,38,14,24,27.23,271.86,910,4,910,15.17,213.92,182.18,10.5,10.5,10.5,10.5,0.53,29,38,1.03,1.01
27/07/2021,6:00:00 PM,6:00:25 PM,Swan Hill,VIC,3,185663611,R3 2240m Trot S,185663612,Harness,2240,Trot,27290020,6,Namoscar,LOSER,4.31,WINNER,2.18,1265.88,5.9,3.95,4.5,4.46,5587.79,130,1.17,100,3.01,552.48,1092,2.58,2.18,2.24,2.19,39.64,4.6,3.95,1.03,1.01
27/07/2021,6:27:00 PM,6:28:26 PM,Swan Hill,VIC,4,185663613,R4 1750m Pace M,185663614,Harness,1750,Pace,25102496,2,Western Ricki,WINNER,2.71,WINNER,1.59,2589.99,3.65,1.81,2.68,2.7,17281.36,2.72,1.01,1.01,1.44,4857.71,1168.85,1.64,1.38,1.61,1.56,83.97,2.8,2.82,1.01,0.99
27/07/2021,6:27:00 PM,6:28:26 PM,Swan Hill,VIC,4,185663613,R4 1750m Pace M,185663614,Harness,1750,Pace,20261016,3,Elleker Hanover,LOSER,3.21,LOSER,1.79,931.49,4.6,2.86,3,3.11,9918.32,690,3.1,690,8.61,728.56,995.38,2.12,1.66,1.78,1.77,141.18,2.9,2.98,1.01,0.99
27/07/2021,6:27:00 PM,6:28:26 PM,Swan Hill,VIC,4,185663613,R4 1750m Pace M,185663614,Harness,1750,Pace,28290673,7,Awesome Ollie,LOSER,10.91,LOSER,3.78,374.41,13,7.4,10.5,8.86,1617.51,1000,7.6,1000,50.73,177.2,322.85,3.85,3.1,3.35,3.33,13.2,8.6,9.2,1.01,0.99
27/07/2021,6:27:00 PM,6:28:26 PM,Swan Hill,VIC,4,185663613,R4 1750m Pace M,185663614,Harness,1750,Pace,38686748,8,Junior Feelgood,LOSER,5.35,WINNER,2.49,884.15,8.2,5,5.6,5.99,3545.56,140,2.92,130,5.81,253.42,388.23,3,2.14,2.3,2.39,425.38,6.2,6.4,1.01,0.99
27/07/2021,6:27:00 PM,6:28:26 PM,Swan Hill,VIC,4,185663613,R4 1750m Pace M,185663614,Harness,1750,Pace,39498511,11,Yesmissjane,LOSER,32,LOSER,12.65,163.75,34,15.5,32,26.8,683.78,1000,15.5,990,39.3,90.11,106.12,12.5,5.6,12.5,5.82,5.17,29,32,1.01,0.99
27/07/2021,7:00:00 PM,7:01:07 PM,Swan Hill,VIC,5,185663615,R5 2240m Pace M,185663616,Harness,2240,Pace,23633086,1,Bettor Star,LOSER,32,LOSER,12.35,144,90,14.5,36,37.6,300.35,920,32,510,212.18,64.04,89.76,23,11.5,23,12.48,6.29,48,50,1.03,0.98
27/07/2021,7:00:00 PM,7:01:07 PM,Swan Hill,VIC,5,185663615,R5 2240m Pace M,185663616,Harness,2240,Pace,20129468,2,Stylish Gem,LOSER,58.57,LOSER,13.6,135.85,95,42,80,60.76,156.08,940,29,940,69.67,46.64,10.01,,,,,,75,80,1.03,0.98
27/07/2021,7:00:00 PM,7:01:07 PM,Swan Hill,VIC,5,185663615,R5 2240m Pace M,185663616,Harness,2240,Pace,37454774,3,Allset,WINNER,3,WINNER,1.86,2632.8,3.25,1.94,3.05,2.79,4579.38,3.15,1.01,1.01,1.33,5265.73,887.32,1.9,1.65,1.83,1.75,27.42,2.8,2.88,1.03,0.98
27/07/2021,7:00:00 PM,7:01:07 PM,Swan Hill,VIC,5,185663615,R5 2240m Pace M,185663616,Harness,2240,Pace,40297572,4,The Sportz Star,LOSER,14.5,LOSER,5.55,344.69,19.5,11.5,15.5,13.77,251.72,690,11,690,27.99,69.78,315.28,6.4,6.4,6.4,6.4,0.32,14,14.5,1.03,0.98
27/07/2021,7:00:00 PM,7:01:07 PM,Swan Hill,VIC,5,185663615,R5 2240m Pace M,185663616,Harness,2240,Pace,18277165,5,Dot The Eye,LOSER,5.08,LOSER,2.36,665.27,8.8,4.3,4.7,5.22,2893.2,780,4.2,690,12.4,369.8,840.07,2.4,2.36,2.4,2.37,16.49,5,5.4,1.03,0.98
27/07/2021,7:00:00 PM,7:01:07 PM,Swan Hill,VIC,5,185663615,R5 2240m Pace M,185663616,Harness,2240,Pace,27370750,6,Hayden Bromac,LOSER,5.67,LOSER,2.9,714.32,9,5,5.6,5.94,1258.75,690,5.9,490,13.65,184.04,505.61,3.75,2.8,2.82,2.85,16.75,5.1,5.6,1.03,0.98
27/07/2021,7:00:00 PM,7:01:07 PM,Swan Hill,VIC,5,185663615,R5 2240m Pace M,185663616,Harness,2240,Pace,3531922,7,Magic Mike,LOSER,5.88,WINNER,2.81,713.94,8.4,5.3,5.7,5.88,1118.33,470,5.7,470,10.11,313.9,664.07,3.25,2.7,2.74,2.7,40.21,5.7,5.9,1.03,0.98
27/07/2021,7:34:00 PM,7:34:39 PM,Swan Hill,VIC,6,185663617,R6 2240m Pace M,185663618,Harness,2240,Pace,362368,1,Dont Tell Tom,WINNER,7.94,WINNER,2.9,705.37,24,6.4,7.8,8.3,2607.33,24,1.01,1.02,2.01,1465.43,482.8,3.5,2.8,2.82,2.84,155.7,7.8,8.6,1.03,1.03
27/07/2021,7:34:00 PM,7:34:39 PM,Swan Hill,VIC,6,185663617,R6 2240m Pace M,185663618,Harness,2240,Pace,14048690,2,Asharah,LOSER,47.1,LOSER,8.7,206.66,75,46,46,52.66,121.65,690,17,290,45.53,61.77,221.74,,,,,,46,50,1.03,1.03
27/07/2021,7:34:00 PM,7:34:39 PM,Swan Hill,VIC,6,185663617,R6 2240m Pace M,185663618,Harness,2240,Pace,23926380,3,Outside Fighter,LOSER,11,LOSER,2.89,564.71,12.5,7.2,11,10.35,800.91,690,15.5,690,37.64,56.85,668.71,2.98,2.72,2.98,2.88,12.4,9.2,9.8,1.03,1.03
27/07/2021,7:34:00 PM,7:34:39 PM,Swan Hill,VIC,6,185663617,R6 2240m Pace M,185663618,Harness,2240,Pace,23709715,4,Calgary Bay,LOSER,80.78,LOSER,25.82,136.18,130,55,80,73.55,143.7,690,100,300,160.12,8.12,65.84,24,11.5,24,13.47,68.01,50,60,1.03,1.03
27/07/2021,7:34:00 PM,7:34:39 PM,Swan Hill,VIC,6,185663617,R6 2240m Pace M,185663618,Harness,2240,Pace,189428,5,Wild Imagination,LOSER,5,LOSER,2.03,1630.43,11,4.7,5,5.14,2449.31,490,1.25,220,2.61,1809.52,1065.4,2.2,1.93,2.04,2.01,226.14,5,5.1,1.03,1.03
27/07/2021,7:34:00 PM,7:34:39 PM,Swan Hill,VIC,6,185663617,R6 2240m Pace M,185663618,Harness,2240,Pace,40297573,6,Touch Of Terror,LOSER,14.5,LOSER,4.22,360.83,19,10.5,14.5,15.34,562.9,690,11.5,490,35.19,58.07,426.33,3.6,3.6,3.6,3.6,6.19,17,17.5,1.03,1.03
27/07/2021,7:34:00 PM,7:34:39 PM,Swan Hill,VIC,6,185663617,R6 2240m Pace M,185663618,Harness,2240,Pace,28719482,7,Payup Orleave,LOSER,5.7,LOSER,2.1,1101.6,12,5,5.7,6.6,2744.82,990,3.85,780,14.57,493.79,690.18,2.22,2.06,2.06,2.15,5.38,5.7,6.2,1.03,1.03
27/07/2021,7:34:00 PM,7:34:39 PM,Swan Hill,VIC,6,185663617,R6 2240m Pace M,185663618,Harness,2240,Pace,21396996,8,Shaq,LOSER,8.43,LOSER,2.49,574.69,11.5,3.95,7.6,6.37,1563.42,690,3.5,490,9.3,212.85,589.74,2.68,1.68,2.34,2.25,89.55,6.4,6.6,1.03,1.03
27/07/2021,7:34:00 PM,7:34:39 PM,Swan Hill,VIC,6,185663617,R6 2240m Pace M,185663618,Harness,2240,Pace,28424638,9,Onecrowdedhour,LOSER,17.43,WINNER,4,393.18,23,8,17.5,16.92,759.81,490,9.2,490,23.31,94.58,402.71,6,3.85,3.95,4.01,14.38,20,10,1.03,1.03
27/07/2021,7:34:00 PM,7:34:39 PM,Swan Hill,VIC,6,185663617,R6 2240m Pace M,185663618,Harness,2240,Pace,22436850,10,Kolovos,LOSER,8.8,WINNER,3,786.81,11,5.3,8.8,8.2,1346.78,300,1.83,85,12.46,398.05,520.82,3.4,2.2,2.86,2.49,69.43,9,9.6,1.03,1.03
28/07/2021,5:42:00 PM,5:43:02 PM,Bathurst,NSW,1,185692058,R1 1730m Pace M,185692059,Harness,1730,Pace,9346028,1,Manhattan Island,LOSER,6.68,LOSER,,1304.46,12.5,7,7.2,9.35,1240.75,890,5.5,890,15,355.82,,2.76,2.22,2.32,2.37,2061.32,8.8,9.4,1.05,0.97
28/07/2021,5:42:00 PM,5:43:02 PM,Bathurst,NSW,1,185692058,R1 1730m Pace M,185692059,Harness,1730,Pace,27691532,2,Causing Strife,LOSER,157.1,LOSER,,64.79,250,100,190,165.98,96.65,990,140,990,203.78,21.79,,24,19,21,21.68,12.79,220,250,1.05,0.97
28/07/2021,5:42:00 PM,5:43:02 PM,Bathurst,NSW,1,185692058,R1 1730m Pace M,185692059,Harness,1730,Pace,36201142,3,Tom The Curious,LOSER,3.7,LOSER,,2501.64,5.8,3.25,3.7,3.95,6780.48,690,3.2,680,12.16,163.53,,2.06,1.73,1.73,1.78,764.71,4,4.2,1.05,0.97
28/07/2021,5:42:00 PM,5:43:02 PM,Bathurst,NSW,1,185692058,R1 1730m Pace M,185692059,Harness,1730,Pace,27302369,4,Ellen Shannon,LOSER,22.67,WINNER,,334.28,40,18,19.5,21.74,270.74,690,7,680,27.42,82.01,,5.2,4.1,4.4,4.25,257.05,19.5,22,1.05,0.97
28/07/2021,5:42:00 PM,5:43:02 PM,Bathurst,NSW,1,185692058,R1 1730m Pace M,185692059,Harness,1730,Pace,40164915,5,Bridge Coin,LOSER,16.77,WINNER,,358.54,23,12.5,15.5,15.31,732.25,780,3.7,690,9.4,536.2,,4,3.55,3.65,3.75,179.46,13.5,15.5,1.05,0.97
28/07/2021,5:42:00 PM,5:43:02 PM,Bathurst,NSW,1,185692058,R1 1730m Pace M,185692059,Harness,1730,Pace,40091615,6,Desmond,LOSER,19.48,LOSER,,293.89,38,13,16.5,17.66,896.65,780,18.5,690,41.48,86.62,,5.3,4.1,4.2,4.6,21.97,13.5,15.5,1.05,0.97
28/07/2021,5:42:00 PM,5:43:02 PM,Bathurst,NSW,1,185692058,R1 1730m Pace M,185692059,Harness,1730,Pace,8662158,7,Lotta Laughs,LOSER,25.24,LOSER,,296.54,70,26,26,37.88,360.33,690,23,690,61.33,25.66,,8.6,6.2,6.2,7.25,17.65,29,34,1.05,0.97
28/07/2021,5:42:00 PM,5:43:02 PM,Bathurst,NSW,1,185692058,R1 1730m Pace M,185692059,Harness,1730,Pace,2704661,8,Single Shot,LOSER,23.4,LOSER,,775.99,40,5.5,29,9.57,2231.05,1000,16,1000,40.39,314.25,,9,2.08,9,3.36,525.88,7,7.4,1.05,0.97
28/07/2021,5:42:00 PM,5:43:02 PM,Bathurst,NSW,1,185692058,R1 1730m Pace M,185692059,Harness,1730,Pace,13427546,9,Tulhurst Terror,WINNER,4.16,WINNER,,1754.01,6.4,3.6,3.9,4.24,3109.63,5.4,1.01,1.01,1.68,3298.47,,1.8,1.6,1.73,1.7,285.73,4.4,4.7,1.05,0.97
28/07/2021,5:42:00 PM,5:43:02 PM,Bathurst,NSW,1,185692058,R1 1730m Pace M,185692059,Harness,1730,Pace,21746439,10,Im Jimmy James,LOSER,11.98,LOSER,,641.14,18,9,11,12.1,833.41,890,11.5,890,32.7,160.92,,3.25,2.7,2.98,3.02,162.04,12.5,14.5,1.05,0.97
28/07/2021,6:12:00 PM,6:13:21 PM,Bathurst,NSW,2,185692060,R2 1730m Pace M,185692061,Harness,1730,Pace,20302779,1,Bill Shannon,LOSER,67.75,LOSER,,86.52,150,29,75,69.52,146.18,920,12.5,690,53.72,77.24,,6.4,3.5,6.4,4.07,294.13,50,55,1.01,0.98
28/07/2021,6:12:00 PM,6:13:21 PM,Bathurst,NSW,2,185692060,R2 1730m Pace M,185692061,Harness,1730,Pace,36105102,2,Dance Baby Dance,LOSER,96.81,LOSER,,83.69,130,29,90,88.24,88.3,970,12.5,970,63.73,45.8,,7.4,5.6,7,6.72,4.25,55,60,1.01,0.98
28/07/2021,6:12:00 PM,6:13:21 PM,Bathurst,NSW,2,185692060,R2 1730m Pace M,185692061,Harness,1730,Pace,40335452,3,Shifty Nicolosi,LOSER,13.85,WINNER,,221.27,20,12.5,13.5,14.18,774.31,900,7.2,780,18.82,149.65,,2.6,1.88,1.89,1.96,117.54,17,19.5,1.01,0.98
28/07/2021,6:12:00 PM,6:13:21 PM,Bathurst,NSW,2,185692060,R2 1730m Pace M,185692061,Harness,1730,Pace,38204098,5,Road Runner,LOSER,1.4,WINNER,,2127.56,1.67,1.28,1.4,1.42,10042.67,100,1.01,100,1.4,8653.57,,1.14,1.08,1.1,1.11,1409.94,1.43,1.44,1.01,0.98
28/07/2021,6:12:00 PM,6:13:21 PM,Bathurst,NSW,2,185692060,R2 1730m Pace M,185692061,Harness,1730,Pace,20137585,6,Pilch,LOSER,17.37,WINNER,,208.53,24,11.5,18.5,16.63,662.64,900,10,710,32.27,68.66,,2.32,2.06,2.06,2.1,208.07,12,12.5,1.01,0.98
28/07/2021,6:12:00 PM,6:13:21 PM,Bathurst,NSW,2,185692060,R2 1730m Pace M,185692061,Harness,1730,Pace,35500353,7,Wattos Mate,LOSER,91.41,LOSER,,76.56,130,46,90,89.62,110.27,910,60,910,175.62,11.37,,8,5.5,8,7.56,3.29,70,85,1.01,0.98
28/07/2021,6:12:00 PM,6:13:21 PM,Bathurst,NSW,2,185692060,R2 1730m Pace M,185692061,Harness,1730,Pace,40335453,9,Gordons Bay,WINNER,8,WINNER,,324.8,10,4.9,7.6,7.82,1963.27,130,1.01,1.01,3.11,1725.24,,1.72,1.36,1.38,1.45,2056.77,8.6,9.4,1.01,0.98
28/07/2021,6:40:00 PM,6:40:40 PM,Bathurst,NSW,3,185692062,R3 2260m Pace M,185692063,Harness,2260,Pace,28253113,1,Infinity Beach,LOSER,8.57,WINNER,,633.33,15.5,9.2,11.5,11.56,679.04,690,1.12,490,5.56,655.14,,4.8,2.68,2.84,2.86,723.14,12,13.5,1.05,0.97
28/07/2021,6:40:00 PM,6:40:40 PM,Bathurst,NSW,3,185692062,R3 2260m Pace M,185692063,Harness,2260,Pace,9230444,2,Dot Ayou,LOSER,230,LOSER,,27.87,390,110,360,186.52,37.85,690,100,680,194.92,17.14,,20,19,19,19.76,5,200,300,1.05,0.97
28/07/2021,6:40:00 PM,6:40:40 PM,Bathurst,NSW,3,185692062,R3 2260m Pace M,185692063,Harness,2260,Pace,23246963,3,Standandeliver,LOSER,6.16,WINNER,,719.94,11.5,5.3,5.3,5.95,1944.44,120,1.09,29,4.19,982.58,,2.5,1.95,2.2,2.14,276.97,5.7,6.2,1.05,0.97
28/07/2021,6:40:00 PM,6:40:40 PM,Bathurst,NSW,3,185692062,R3 2260m Pace M,185692063,Harness,2260,Pace,22775171,4,Roscommon Rose,LOSER,7.22,LOSER,,716.93,8.2,5.1,6.8,6.08,1703.79,780,2.14,490,4.81,979.44,,2.54,2,2.38,2.35,344.13,6.8,7.2,1.05,0.97
28/07/2021,6:40:00 PM,6:40:40 PM,Bathurst,NSW,3,185692062,R3 2260m Pace M,185692063,Harness,2260,Pace,15948229,5,Topsie Grinner,LOSER,18.31,LOSER,,319.96,22,8.4,22,16.39,447.96,690,9.2,690,31.2,112.52,,3.85,3.5,3.85,3.67,10.39,18,20,1.05,0.97
28/07/2021,6:40:00 PM,6:40:40 PM,Bathurst,NSW,3,185692062,R3 2260m Pace M,185692063,Harness,2260,Pace,13354280,6,Williewa Lightning,LOSER,80.36,LOSER,,74.28,130,65,95,88.24,46.72,950,11.5,950,76.24,101.95,,11.5,8,9.2,9.38,15.99,70,80,1.05,0.97
28/07/2021,6:40:00 PM,6:40:40 PM,Bathurst,NSW,3,185692062,R3 2260m Pace M,185692063,Harness,2260,Pace,38204099,7,Major Bracken,WINNER,5.8,WINNER,,816.2,7,3.4,6.4,5.2,1172.33,85,1.01,1.02,1.83,3984.3,,2.38,1.93,1.99,1.94,113.79,4.9,5.4,1.05,0.97
28/07/2021,6:40:00 PM,6:40:40 PM,Bathurst,NSW,3,185692062,R3 2260m Pace M,185692063,Harness,2260,Pace,10634012,9,Imthevillagestar,LOSER,6.79,LOSER,,1008.29,15,6.4,8.6,10.01,638.66,690,5.4,690,13.32,264.91,,2.64,2.38,2.54,2.46,50,8.6,9.6,1.05,0.97
28/07/2021,6:40:00 PM,6:40:40 PM,Bathurst,NSW,3,185692062,R3 2260m Pace M,185692063,Harness,2260,Pace,22847087,10,Lucky Nutter,LOSER,3.9,LOSER,,1822.34,7.2,3.4,3.85,3.92,3096.43,690,3,490,4.25,1213.28,,1.71,1.52,1.71,1.59,171.64,4,4.2,1.05,0.97
28/07/2021,7:10:00 PM,7:10:51 PM,Bathurst,NSW,4,185692064,R4 2260m Pace M,185692065,Harness,2260,Pace,35533345,1,Misdemeanor,LOSER,26.41,LOSER,,180.05,29,12.5,29,20.54,256.61,690,21,690,45.79,61.13,,3.35,2.7,3.2,2.92,899.15,21,27,1.02,0.98
28/07/2021,7:10:00 PM,7:10:51 PM,Bathurst,NSW,4,185692064,R4 2260m Pace M,185692065,Harness,2260,Pace,22126836,2,So Much Bettor,LOSER,27.42,LOSER,,201.98,95,23,28,31.2,163.83,690,13,460,33.76,64.42,,3.9,3.8,3.8,3.83,15.86,25,27,1.02,0.98
28/07/2021,7:10:00 PM,7:10:51 PM,Bathurst,NSW,4,185692064,R4 2260m Pace M,185692065,Harness,2260,Pace,3582016,3,Lochiel,LOSER,1.6,WINNER,,1807.29,1.84,1.39,1.59,1.54,12084.93,1000,1.43,1000,2.94,4396.84,,1.16,1.08,1.16,1.13,113.6,1.61,1.64,1.02,0.98
28/07/2021,7:10:00 PM,7:10:51 PM,Bathurst,NSW,4,185692064,R4 2260m Pace M,185692065,Harness,2260,Pace,24718288,4,Magnifico To Watch,LOSER,41.02,LOSER,,118.69,55,25,55,40.44,80.09,690,22,460,46.23,44.39,,,,,,,42,46,1.02,0.98
28/07/2021,7:10:00 PM,7:10:51 PM,Bathurst,NSW,4,185692064,R4 2260m Pace M,185692065,Harness,2260,Pace,23814256,5,Myra Dawn,WINNER,6,WINNER,,646.14,11,5.8,5.8,7.13,1295.34,7.2,1.01,1.01,2.02,2890.95,,1.93,1.66,1.87,1.73,61.04,6,6.2,1.02,0.98
28/07/2021,7:10:00 PM,7:10:51 PM,Bathurst,NSW,4,185692064,R4 2260m Pace M,185692065,Harness,2260,Pace,19709894,6,Gabbys Sportstar,LOSER,56.01,WINNER,,89.52,190,60,75,83.34,60.11,940,42,940,76.66,24.83,,9.2,6.8,6.8,8.5,16.37,65,70,1.02,0.98
28/07/2021,7:10:00 PM,7:10:51 PM,Bathurst,NSW,4,185692064,R4 2260m Pace M,185692065,Harness,2260,Pace,27938261,8,Our Antonio Rose,LOSER,27.36,LOSER,,207.02,190,29,30,38.38,166.83,690,3.6,460,46.89,140.88,,,,,,,30,32,1.02,0.98
28/07/2021,7:10:00 PM,7:10:51 PM,Bathurst,NSW,4,185692064,R4 2260m Pace M,185692065,Harness,2260,Pace,24326240,9,Rock Bottom,LOSER,14,LOSER,,250.17,19.5,7.4,14,13.2,1021.73,690,9.8,690,29.98,84.88,,2.24,1.83,1.83,1.94,5321.97,16,16.5,1.02,0.98
28/07/2021,7:10:00 PM,7:10:51 PM,Bathurst,NSW,4,185692064,R4 2260m Pace M,185692065,Harness,2260,Pace,13270078,10,Bradness Eldefuego,LOSER,118.31,LOSER,,39.94,220,48,210,124.78,57.07,800,100,800,177.29,6.05,,,,,,,130,190,1.02,0.98
28/07/2021,7:40:00 PM,7:40:57 PM,Bathurst,NSW,5,185692066,R5 1730m Pace M,185692067,Harness,1730,Pace,16733380,2,Irvine,WINNER,9.77,WINNER,,588.04,18.67,6.53,9.15,8.38,2062.16,30,1.01,1.01,4.77,2051.57,,2.11,1.73,1.75,1.8,1607.92,9.4,9.6,0.94,0.9
28/07/2021,7:40:00 PM,7:40:57 PM,Bathurst,NSW,5,185692066,R5 1730m Pace M,185692067,Harness,1730,Pace,40335454,5,My Ultimate Andy,LOSER,1.67,WINNER,,3707.61,2.58,1.66,1.69,1.86,24441.42,660,1.38,440,2.2,3721.24,,1.27,1.15,1.22,1.2,879,1.97,1.99,0.94,0.9
28/07/2021,7:40:00 PM,7:40:57 PM,Bathurst,NSW,5,185692066,R5 1730m Pace M,185692067,Harness,1730,Pace,27973278,6,Yes You May,LOSER,17.73,LOSER,,451.23,168.01,11.67,15.87,16.76,799.24,790,16.8,790,57.1,53.7,,3.75,2.73,2.81,3,240.39,12.5,13,0.94,0.9
28/07/2021,7:40:00 PM,7:40:57 PM,Bathurst,NSW,5,185692066,R5 1730m Pace M,185692067,Harness,1730,Pace,32448077,7,La La Bron,LOSER,89.59,LOSER,,132.53,233.35,39.2,88.67,60.12,204.37,690,88.67,690,123,10.08,,9.24,5.87,9.24,6.06,19.97,55,65,0.94,0.9
28/07/2021,7:40:00 PM,7:40:57 PM,Bathurst,NSW,5,185692066,R5 1730m Pace M,185692067,Harness,1730,Pace,35454312,9,Hidden Delight,LOSER,56,LOSER,,170.44,93.34,24.27,56,42.18,274.31,690,34,690,77.96,13.88,,4.53,3.2,3.36,3.87,1544.44,48,55,0.94,0.9
28/07/2021,7:40:00 PM,7:40:57 PM,Bathurst,NSW,5,185692066,R5 1730m Pace M,185692067,Harness,1730,Pace,40112180,10,Bosch,LOSER,10.46,LOSER,,375.04,10.27,4.39,10.27,7.91,2553.07,100,3,100,12.58,264.34,,2.05,1.54,1.83,1.76,1488.78,9.2,11,0.94,0.9
28/07/2021,7:40:00 PM,7:40:57 PM,Bathurst,NSW,5,185692066,R5 1730m Pace M,185692067,Harness,1730,Pace,28224179,11,Wattlebank Lass,LOSER,13.62,WINNER,,454.89,12.13,4.48,11.2,8.03,1108.42,690,10,690,23.64,87.71,,2.48,1.71,2.16,1.99,50.38,10.5,11,0.94,0.9
28/07/2021,8:10:00 PM,8:11:07 PM,Bathurst,NSW,6,185692068,R6 1730m Pace M,185692069,Harness,1730,Pace,39880744,1,Stone The Eagle,LOSER,30.76,LOSER,,290.53,60,22,40,36.35,112.82,690,19,690,33.42,77.7,,5.9,5.7,5.9,5.78,8.58,42,50,1.03,0.97
28/07/2021,8:10:00 PM,8:11:07 PM,Bathurst,NSW,6,185692068,R6 1730m Pace M,185692069,Harness,1730,Pace,28181716,2,Sailalong Sinbad,LOSER,28,WINNER,,316.54,42,9.2,30,28.1,215.72,1000,8,55,31.66,70.99,,6.4,4.4,6.4,5.7,11.81,38,42,1.03,0.97
28/07/2021,8:10:00 PM,8:11:07 PM,Bathurst,NSW,6,185692068,R6 1730m Pace M,185692069,Harness,1730,Pace,19172335,3,Kelli Frost,LOSER,227.85,LOSER,,102.3,360,70,250,183.96,50.75,900,95,900,235.8,33.89,,50,18,18,32.21,98.27,230,260,1.03,0.97
28/07/2021,8:10:00 PM,8:11:07 PM,Bathurst,NSW,6,185692068,R6 1730m Pace M,185692069,Harness,1730,Pace,27806784,4,Why Not Surf,LOSER,8.1,LOSER,,860.11,21,8.6,8.6,11.74,636.8,65,2.68,13,6.88,849.16,,4,2.32,2.32,2.62,144.52,11.5,13,1.03,0.97
28/07/2021,8:10:00 PM,8:11:07 PM,Bathurst,NSW,6,185692068,R6 1730m Pace M,185692069,Harness,1730,Pace,39722546,5,Yarramans Shadow,LOSER,68.8,LOSER,,123.02,95,38,80,60.14,79.94,690,26,670,80.64,33.87,,,,,,,55,75,1.03,0.97
28/07/2021,8:10:00 PM,8:11:07 PM,Bathurst,NSW,6,185692068,R6 1730m Pace M,185692069,Harness,1730,Pace,11470940,6,Modern Attitude,LOSER,13.7,LOSER,,453.31,22,7.2,14.5,14.68,216.4,780,11,780,20.75,142.3,,,,,,,16,17,1.03,0.97
28/07/2021,8:10:00 PM,8:11:07 PM,Bathurst,NSW,6,185692068,R6 1730m Pace M,185692069,Harness,1730,Pace,24742740,7,Matamua,WINNER,4.87,WINNER,,1061.29,7.8,3.8,4.4,4.25,3945,24,1.01,1.06,2.06,1912.7,,2.06,1.7,1.92,1.9,84.75,3.9,4.1,1.03,0.97
28/07/2021,8:10:00 PM,8:11:07 PM,Bathurst,NSW,6,185692068,R6 1730m Pace M,185692069,Harness,1730,Pace,18491145,8,Just Won More,LOSER,4.76,LOSER,,1294.48,5.9,3.3,4.8,4.76,1648.64,690,4.7,490,25.06,74.03,,2,1.66,1.7,1.7,1882.04,4.9,5.4,1.03,0.97
28/07/2021,8:10:00 PM,8:11:07 PM,Bathurst,NSW,6,185692068,R6 1730m Pace M,185692069,Harness,1730,Pace,18221427,9,Toro Delago,LOSER,16,LOSER,,373.96,29,14.5,17,18.83,269.85,690,9,26,22.14,63.16,,4.4,3.8,4.4,4.06,57.02,18,19.5,1.03,0.97
28/07/2021,8:10:00 PM,8:11:07 PM,Bathurst,NSW,6,185692068,R6 1730m Pace M,185692069,Harness,1730,Pace,40335455,10,Joes Redemption,LOSER,3.85,WINNER,,1578.82,5.4,3,3.8,3.58,7369.1,690,2.26,490,4.74,465.23,,1.71,1.53,1.58,1.58,136,3.4,3.45,1.03,0.97
28/07/2021,8:37:00 PM,8:42:39 PM,Bathurst,NSW,7,185692070,R7 1730m Pace M,185692071,Harness,1730,Pace,40335456,1,Wattosblazeofglory,LOSER,5.97,LOSER,,1195.64,13,6.2,6.4,7.95,2181.52,490,4.8,490,14.35,191.31,,3.1,2.2,2.24,2.29,928.61,8,8.6,1.06,0.97
28/07/2021,8:37:00 PM,8:42:39 PM,Bathurst,NSW,7,185692070,R7 1730m Pace M,185692071,Harness,1730,Pace,40335457,2,Chilled Captain,LOSER,8.8,LOSER,,651.45,12.5,7,8.2,9.03,2031.4,890,8.8,690,26.06,108.69,,2.9,2.38,2.48,2.44,79,9.4,10,1.06,0.97
28/07/2021,8:37:00 PM,8:42:39 PM,Bathurst,NSW,7,185692070,R7 1730m Pace M,185692071,Harness,1730,Pace,12992027,3,Remember Eve,LOSER,132.18,LOSER,,113.1,360,75,170,140.68,105.55,1000,48,880,128.25,15.81,,15.5,15,15,15.18,13,120,160,1.06,0.97
28/07/2021,8:37:00 PM,8:42:39 PM,Bathurst,NSW,7,185692070,R7 1730m Pace M,185692071,Harness,1730,Pace,25912276,4,Llanfair Rumours,LOSER,71.75,LOSER,,141.45,110,38,70,62.92,156.59,930,10,930,31.61,50.3,,11.5,7.2,11.5,7.92,47.99,60,75,1.06,0.97
28/07/2021,8:37:00 PM,8:42:39 PM,Bathurst,NSW,7,185692070,R7 1730m Pace M,185692071,Harness,1730,Pace,39133102,5,Smiling Shandy,LOSER,78.16,LOSER,,151.12,90,25,90,62.65,136.94,770,75,770,121.55,15.67,,,,,,,50,70,1.06,0.97
28/07/2021,8:37:00 PM,8:42:39 PM,Bathurst,NSW,7,185692070,R7 1730m Pace M,185692071,Harness,1730,Pace,35879901,6,Kalypso Sam,LOSER,14.73,WINNER,,742.45,22,10.5,13.5,13.05,981.63,460,3,330,15.9,131.11,,,,,,,12,15.5,1.06,0.97
28/07/2021,8:37:00 PM,8:42:39 PM,Bathurst,NSW,7,185692070,R7 1730m Pace M,185692071,Harness,1730,Pace,35920979,7,Mendoza Lass,LOSER,26.66,LOSER,,662.47,40,17.5,24,24.59,898.05,920,36,920,101.67,22.21,,4.9,4.2,4.4,4.51,204.1,23,26,1.06,0.97
28/07/2021,8:37:00 PM,8:42:39 PM,Bathurst,NSW,7,185692070,R7 1730m Pace M,185692071,Harness,1730,Pace,40335458,8,Bling It Up,LOSER,8.91,LOSER,,532.03,9.6,4,9.4,6.77,2114.06,490,6.8,460,24.29,41.96,,2.96,2.04,2.96,2.48,71.43,6,6.8,1.06,0.97
28/07/2021,8:37:00 PM,8:42:39 PM,Bathurst,NSW,7,185692070,R7 1730m Pace M,185692071,Harness,1730,Pace,35709984,9,Royalhotshot,WINNER,8,WINNER,,613.73,9,4.5,7.2,7.02,2091.31,8,1.01,1.01,1.64,3509.25,,2.42,2.08,2.08,2.11,1051.38,8,9,1.06,0.97
28/07/2021,8:37:00 PM,8:42:39 PM,Bathurst,NSW,7,185692070,R7 1730m Pace M,185692071,Harness,1730,Pace,40335459,10,Bettor Keppel,LOSER,2.99,WINNER,,2720.2,3.55,2.72,2.9,2.93,12008.17,140,2.7,140,6.67,178.86,,1.58,1.41,1.52,1.51,536.66,2.76,2.82,1.06,0.97
28/07/2021,9:10:00 PM,9:11:07 PM,Bathurst,NSW,8,185692072,R8 1730m Pace M,185692073,Harness,1730,Pace,36568235,1,Hall Stitched Up,LOSER,13.4,LOSER,,486.07,19.5,6.8,17,13.04,912.61,140,8.6,130,16.87,185.17,,3,2.38,2.82,2.66,536.32,15,17,1.02,0.96
28/07/2021,9:10:00 PM,9:11:07 PM,Bathurst,NSW,8,185692072,R8 1730m Pace M,185692073,Harness,1730,Pace,40129380,2,Gracenava,LOSER,80,LOSER,,97.52,200,42,95,104,114.9,690,27,27,103.28,14.5,,15.5,8.2,8.8,12.08,34.77,150,200,1.02,0.96
28/07/2021,9:10:00 PM,9:11:07 PM,Bathurst,NSW,8,185692072,R8 1730m Pace M,185692073,Harness,1730,Pace,36136458,3,Dixiedolittle,LOSER,168.48,LOSER,,31.43,340,85,110,172.95,60.44,960,14,930,308.29,3.95,,19,8.8,9.6,11.15,39.82,220,230,1.02,0.96
28/07/2021,9:10:00 PM,9:11:07 PM,Bathurst,NSW,8,185692072,R8 1730m Pace M,185692073,Harness,1730,Pace,36621013,4,Highly Respected,LOSER,34.59,LOSER,,189.65,80,25,29,47.55,151.54,450,6,450,46.32,39.52,,7.8,5.1,5.1,6.86,83.68,60,70,1.02,0.96
28/07/2021,9:10:00 PM,9:11:07 PM,Bathurst,NSW,8,185692072,R8 1730m Pace M,185692073,Harness,1730,Pace,39133107,5,Ripponlea,LOSER,8.18,LOSER,,430.4,11,5.2,7,7.65,1563.05,690,2.02,690,5.26,1536.83,,2.54,1.94,1.94,1.99,172.42,7.8,8,1.02,0.96
28/07/2021,9:10:00 PM,9:11:07 PM,Bathurst,NSW,8,185692072,R8 1730m Pace M,185692073,Harness,1730,Pace,40335460,7,Mach Brilliance,WINNER,2.14,WINNER,,4590.23,3.4,2.2,2.4,2.68,9852.22,3.3,1.01,1.01,1.9,3704.16,,1.61,1.27,1.28,1.33,388.45,2.74,2.8,1.02,0.96
28/07/2021,9:10:00 PM,9:11:07 PM,Bathurst,NSW,8,185692072,R8 1730m Pace M,185692073,Harness,1730,Pace,39540902,8,Bonnie Grove,LOSER,20.56,WINNER,,318.84,32,19,21,23.42,506.91,450,3.1,450,33.92,102.64,,4.5,3.9,3.9,4.1,178.41,22,24,1.02,0.96
28/07/2021,9:10:00 PM,9:11:07 PM,Bathurst,NSW,8,185692072,R8 1730m Pace M,185692073,Harness,1730,Pace,40164901,9,Yes Eye See,LOSER,25.67,LOSER,,439.99,40,4.7,40,6.63,4967.26,1000,22,1000,47.94,123.81,,20,1.63,14.5,2.85,2489.63,4.9,5.3,1.02,0.96
28/07/2021,9:10:00 PM,9:11:07 PM,Bathurst,NSW,8,185692072,R8 1730m Pace M,185692073,Harness,1730,Pace,24795746,10,Glamour Fox,LOSER,4.51,WINNER,,916.49,9,4.1,4.3,5.37,1561.19,450,4.1,450,7.35,315.15,,2.28,1.63,1.63,1.72,235.72,5.4,5.9,1.02,0.96
28/07/2021,9:42:00 PM,9:42:52 PM,Bathurst,NSW,9,185692074,R9 1730m Pace M,185692075,Harness,1730,Pace,40335461,1,Tulhurst Smoocher,LOSER,44.43,LOSER,,200.98,90,25,40,31.14,220.27,1000,16.5,140,45.93,49.77,,11,7.2,7.6,8.85,79.3,28,32,1.02,0.97
28/07/2021,9:42:00 PM,9:42:52 PM,Bathurst,NSW,9,185692074,R9 1730m Pace M,185692075,Harness,1730,Pace,40112116,2,Shes Lush,LOSER,26.65,LOSER,,208.42,46,24,30,28.8,232.76,1000,10.5,430,110.31,11.91,,10.5,8.8,8.8,9.93,18.55,26,29,1.02,0.97
28/07/2021,9:42:00 PM,9:42:52 PM,Bathurst,NSW,9,185692074,R9 1730m Pace M,185692075,Harness,1730,Pace,40335462,3,Madam Maggie,WINNER,7.48,WINNER,,1005.66,17.5,7.8,8,9.39,676.97,13.5,1.01,1.01,2.19,2217.83,,3.7,3.25,3.25,3.25,10.98,8.2,9,1.02,0.97
28/07/2021,9:42:00 PM,9:42:52 PM,Bathurst,NSW,9,185692074,R9 1730m Pace M,185692075,Harness,1730,Pace,11067319,4,Arena Queen,LOSER,5.09,WINNER,,936.25,4.7,2.62,4.5,3.79,5402.2,490,1.7,490,2.48,2819.11,,2.5,1.94,2.38,2.3,42.96,4.2,4.3,1.02,0.97
28/07/2021,9:42:00 PM,9:42:52 PM,Bathurst,NSW,9,185692074,R9 1730m Pace M,185692075,Harness,1730,Pace,40335463,5,Alliyahs Hope,LOSER,2.5,LOSER,,2145.62,4.5,2.1,2.44,2.56,6456.89,1000,2.44,130,6.57,723.14,,1.67,1.37,1.55,1.47,85,2.5,2.62,1.02,0.97
28/07/2021,9:42:00 PM,9:42:52 PM,Bathurst,NSW,9,185692074,R9 1730m Pace M,185692075,Harness,1730,Pace,40335464,6,Tulhurst Pebbles,LOSER,54.11,LOSER,,141.8,75,36,48,50.13,108.82,750,65,750,127.38,19.32,,11.5,11.5,11.5,11.5,3.07,48,55,1.02,0.97
28/07/2021,9:42:00 PM,9:42:52 PM,Bathurst,NSW,9,185692074,R9 1730m Pace M,185692075,Harness,1730,Pace,40335465,7,Rumblin,LOSER,6.17,LOSER,,889.25,8.4,3.35,6.2,5.92,1840.76,690,3.7,690,12.04,199.43,,3.4,2.58,3.4,2.96,360.57,6,6.2,1.02,0.97
28/07/2021,10:16:00 PM,10:19:25 PM,Bathurst,NSW,10,185692076,R10 1730m Pace M,185692077,Harness,1730,Pace,26609135,1,Litchfield,LOSER,27.1,LOSER,,208.54,95,27,28,42.25,362.51,690,40,42,143.93,15.61,,7,3.55,3.6,4.14,777.24,60,70,1.03,0.97
28/07/2021,10:16:00 PM,10:19:25 PM,Bathurst,NSW,10,185692076,R10 1730m Pace M,185692077,Harness,1730,Pace,40335466,2,Playboi Roy,LOSER,2.14,LOSER,,4373.09,2.64,1.93,2.3,2.1,19591.25,690,1.97,690,3.58,1135.56,,1.54,1.21,1.28,1.27,109.05,1.99,2.02,1.03,0.97
28/07/2021,10:16:00 PM,10:19:25 PM,Bathurst,NSW,10,185692076,R10 1730m Pace M,185692077,Harness,1730,Pace,24226844,3,Adams It,LOSER,17.39,WINNER,,429.09,28,14,17,17.76,608.77,490,12.5,490,46.68,26.69,,3.25,2.88,3.2,3.2,30.24,18,19.5,1.03,0.97
28/07/2021,10:16:00 PM,10:19:25 PM,Bathurst,NSW,10,185692076,R10 1730m Pace M,185692077,Harness,1730,Pace,40091619,4,May Cambo,WINNER,10.75,WINNER,,481.81,23,10.5,11.5,14.7,937.03,32,1.01,1.01,1.74,1335.2,,3.55,2.64,3.55,3,161.11,15.5,17,1.03,0.97
28/07/2021,10:16:00 PM,10:19:25 PM,Bathurst,NSW,10,185692076,R10 1730m Pace M,185692077,Harness,1730,Pace,40335467,5,Sicuramente,LOSER,11.5,LOSER,,528.11,13,7.4,11,10.56,930.92,690,10.5,690,18.36,97.24,,3.3,2.36,3.3,2.36,35.43,11.5,13.5,1.03,0.97
28/07/2021,10:16:00 PM,10:19:25 PM,Bathurst,NSW,10,185692076,R10 1730m Pace M,185692077,Harness,1730,Pace,40335468,6,Jackson Chimes,LOSER,3.98,WINNER,,1195.01,4.9,2.96,3.95,4.08,6533.34,490,1.52,120,2.93,1173.17,,1.85,1.47,1.58,1.7,221.8,3.9,4.2,1.03,0.97
28/07/2021,10:16:00 PM,10:19:25 PM,Bathurst,NSW,10,185692076,R10 1730m Pace M,185692077,Harness,1730,Pace,24645133,7,Elpine Sally,LOSER,78.17,LOSER,,125.94,140,40,140,85.74,201.96,690,75,690,111.23,19.84,,,,,,,100,130,1.03,0.97
28/07/2021,10:16:00 PM,10:19:25 PM,Bathurst,NSW,10,185692076,R10 1730m Pace M,185692077,Harness,1730,Pace,25181971,8,The Donny,LOSER,87.42,LOSER,,114.15,95,34,95,72.46,248.82,750,36,750,309.89,9.85,,,,,,,80,90,1.03,0.97
28/07/2021,10:16:00 PM,10:19:25 PM,Bathurst,NSW,10,185692076,R10 1730m Pace M,185692077,Harness,1730,Pace,5989434,9,The Ringmaster,LOSER,74.59,LOSER,,120,95,36,80,66.96,169.11,690,70,690,107.54,11.64,,,,,,,70,90,1.03,0.97
28/07/2021,10:16:00 PM,10:19:25 PM,Bathurst,NSW,10,185692076,R10 1730m Pace M,185692077,Harness,1730,Pace,40041937,10,The Alfie,LOSER,88.66,LOSER,,159.2,150,34,130,94.46,80.44,690,85,450,113.04,18.51,,,,,,,100,130,1.03,0.97
28/07/2021,1:03:00 PM,1:03:39 PM,Melton,VIC,1,185691994,R1 2760m Trot S,185691995,Harness,2760,Trot,23811071,1,Left Right Andcentre,LOSER,45.14,LOSER,11.75,148.3,60,30,44,47.42,143.86,920,14,46,124.23,56.17,46.41,14,10,11.5,13.41,50.59,40,48,1.03,0.98
28/07/2021,1:03:00 PM,1:03:39 PM,Melton,VIC,1,185691994,R1 2760m Trot S,185691995,Harness,2760,Trot,12847655,2,Xebec,LOSER,2.19,WINNER,1.45,2558.94,2.4,2.08,2.28,2.25,7785.28,130,1.6,50,2.6,2357.74,1219.78,1.61,1.38,1.44,1.46,224.47,2.18,2.28,1.03,0.98
28/07/2021,1:03:00 PM,1:03:39 PM,Melton,VIC,1,185691994,R1 2760m Trot S,185691995,Harness,2760,Trot,35980942,3,Leanne Leeann,LOSER,3.72,LOSER,1.79,1166.82,4.1,3.5,3.6,3.72,2708.39,690,3.5,690,5.25,1106.66,1095.03,2.02,1.77,1.85,1.79,97.74,3.65,3.9,1.03,0.98
28/07/2021,1:03:00 PM,1:03:39 PM,Melton,VIC,1,185691994,R1 2760m Trot S,185691995,Harness,2760,Trot,12741038,4,Imperial Whiz,WINNER,4.18,WINNER,1.89,1548.98,4.9,3.75,4.3,4.25,2872.6,5.8,1.01,1.01,1.73,4112.29,759.91,1.83,1.83,1.83,1.83,16,4.1,4.2,1.03,0.98
28/07/2021,1:03:00 PM,1:03:39 PM,Melton,VIC,1,185691994,R1 2760m Trot S,185691995,Harness,2760,Trot,12050930,5,Armchair Drive,LOSER,49.67,LOSER,19.95,134.81,90,30,55,62.05,69.42,1000,20,1000,64.11,84.89,77.81,,,,,,60,65,1.03,0.98
28/07/2021,1:03:00 PM,1:03:39 PM,Melton,VIC,1,185691994,R1 2760m Trot S,185691995,Harness,2760,Trot,39000741,6,Chief Runningcloud,LOSER,60.75,LOSER,19.5,107.77,120,30,65,65.3,97.39,1000,50,1000,101.95,34.1,82.88,24,20,24,23.41,25.52,60,90,1.03,0.98
28/07/2021,1:38:00 PM,1:39:18 PM,Melton,VIC,2,185691996,R2 1720m Trot M,185691997,Harness,1720,Trot,27355844,1,My Lindy Angels,LOSER,5.03,LOSER,2.3,815.01,7.2,4.5,4.6,5.17,1891.27,690,2,690,4.89,1215.7,800.92,2.56,2.12,2.24,2.32,218.78,4.9,5.2,1.03,0.98
28/07/2021,1:38:00 PM,1:39:18 PM,Melton,VIC,2,185691996,R2 1720m Trot M,185691997,Harness,1720,Trot,40284928,2,Sugar High,WINNER,5,WINNER,2.3,783.38,6.2,4.6,4.6,5.15,1302.16,5.7,1.12,1.89,3.6,1200.42,724.67,2.78,2.42,2.42,2.46,69.73,5.5,5.7,1.03,0.98
28/07/2021,1:38:00 PM,1:39:18 PM,Melton,VIC,2,185691996,R2 1720m Trot M,185691997,Harness,1720,Trot,28638264,3,Maori Mayhem,LOSER,4.62,LOSER,2.36,1017.3,5,3.1,4.4,4.28,2105.29,900,2.98,80,26.18,216.65,745.77,2.4,1.85,2.28,2.16,92.85,3.7,4,1.03,0.98
28/07/2021,1:38:00 PM,1:39:18 PM,Melton,VIC,2,185691996,R2 1720m Trot M,185691997,Harness,1720,Trot,40335469,4,Just Stella Magic,LOSER,21.62,LOSER,5.6,330.08,42,18.5,23,25.94,424.54,1000,21,1000,72.77,74.11,243.36,6.4,4.4,5.4,5.71,105.99,18.5,20,1.03,0.98
28/07/2021,1:38:00 PM,1:39:18 PM,Melton,VIC,2,185691996,R2 1720m Trot M,185691997,Harness,1720,Trot,24826103,6,Ragna Thor,LOSER,19.87,LOSER,6.57,226.92,32,17.5,20,25.73,244.67,1000,21,1000,120.26,38.55,115.93,12.5,6.8,6.8,7.61,117.16,28,30,1.03,0.98
28/07/2021,1:38:00 PM,1:39:18 PM,Melton,VIC,2,185691996,R2 1720m Trot M,185691997,Harness,1720,Trot,24730142,7,Lotta Fuss,LOSER,3.8,WINNER,2.73,1109.32,3.95,2.9,3.85,3.42,4573.28,44,1.64,1.83,3.03,881.34,283.34,2.7,1.99,2.7,2.39,186.09,3.5,3.65,1.03,0.98
28/07/2021,2:13:00 PM,2:15:09 PM,Melton,VIC,3,185691998,R3 2240m Pace M,185691999,Harness,2240,Pace,10569304,1,Ears Ponder,LOSER,14.54,LOSER,2.73,392.68,26,11,14.5,13.6,496.27,690,14,620,67.57,29.23,580.44,2.84,2.52,2.84,2.8,18.71,12.5,13.5,1.02,0.98
28/07/2021,2:13:00 PM,2:15:09 PM,Melton,VIC,3,185691998,R3 2240m Pace M,185691999,Harness,2240,Pace,8250917,2,Blue Chipped,LOSER,10.28,WINNER,2.05,628.67,9,6.4,8.4,7.52,979.77,900,4.4,10,42.25,172.28,440.95,2,1.93,1.93,1.94,129.53,7.2,7.2,1.02,0.98
28/07/2021,2:13:00 PM,2:15:09 PM,Melton,VIC,3,185691998,R3 2240m Pace M,185691999,Harness,2240,Pace,23317823,3,Lotakevi,LOSER,18.56,WINNER,3.75,335.81,34,18,22,20.67,549.86,910,17,910,41.22,137.36,499.32,4.3,3.7,3.75,3.96,50.19,22,23,1.02,0.98
28/07/2021,2:13:00 PM,2:15:09 PM,Melton,VIC,3,185691998,R3 2240m Pace M,185691999,Harness,2240,Pace,37705251,4,Smile With A Grin,LOSER,27.9,LOSER,5.24,211.68,60,26,27,28.62,347.01,910,23,910,54.84,68.28,357.55,,,,,,28,29,1.02,0.98
28/07/2021,2:13:00 PM,2:15:09 PM,Melton,VIC,3,185691998,R3 2240m Pace M,185691999,Harness,2240,Pace,16708720,5,Lets Go Lohi,LOSER,9.41,LOSER,2.29,603.1,9.6,5.7,9.6,7.3,2212.76,780,3.9,380,20.12,380.37,653,2.54,2,2.52,2.29,150.16,7,7.4,1.02,0.98
28/07/2021,2:13:00 PM,2:15:09 PM,Melton,VIC,3,185691998,R3 2240m Pace M,185691999,Harness,2240,Pace,35934777,6,Steele,LOSER,1.87,LOSER,1.27,2346.8,2.58,1.89,1.95,2.11,15294.91,690,1.59,580,3.57,1972.28,1579.86,1.33,1.25,1.28,1.3,420.35,2.1,2.16,1.02,0.98
28/07/2021,2:13:00 PM,2:15:09 PM,Melton,VIC,3,185691998,R3 2240m Pace M,185691999,Harness,2240,Pace,40129397,7,Shady Credit,LOSER,23,LOSER,4.36,176.08,55,11,25,27.46,351.88,690,7,690,40.55,520.93,182.45,4,3.4,4,3.77,13,44,50,1.02,0.98
28/07/2021,2:13:00 PM,2:15:09 PM,Melton,VIC,3,185691998,R3 2240m Pace M,185691999,Harness,2240,Pace,27113083,8,Calypso Mistress,WINNER,13,WINNER,3,323.16,17.5,11.5,14.5,13.96,533.29,15.5,1.01,1.01,2.01,1716.66,384.22,3.2,2.96,3,3.03,118.66,13,15,1.02,0.98
28/07/2021,2:48:00 PM,2:49:11 PM,Melton,VIC,4,185692000,R4 2240m Pace M,185692001,Harness,2240,Pace,40335471,1,Keayang Alex,LOSER,6.2,LOSER,1.66,1115.89,8.4,4.6,5.7,5.48,5469.69,1000,5.8,1000,13.79,452.71,960.62,1.79,1.59,1.79,1.67,549.42,4.9,5,1.03,0.98
28/07/2021,2:48:00 PM,2:49:11 PM,Melton,VIC,4,185692000,R4 2240m Pace M,185692001,Harness,2240,Pace,40335472,2,Tyabb Wonder,LOSER,24,LOSER,4.7,345.99,28,12.5,23,19.43,1034.43,1000,10.5,1000,41.54,111.16,204.71,4.9,3.4,4.5,4.08,67.4,19,21,1.03,0.98
28/07/2021,2:48:00 PM,2:49:11 PM,Melton,VIC,4,185692000,R4 2240m Pace M,185692001,Harness,2240,Pace,28546216,3,Charisma King,LOSER,181.14,LOSER,24.77,81.66,470,180,290,254.09,42.36,1000,27,1000,287.38,36.97,61.33,,,,,,190,260,1.03,0.98
28/07/2021,2:48:00 PM,2:49:11 PM,Melton,VIC,4,185692000,R4 2240m Pace M,185692001,Harness,2240,Pace,24553581,4,Dads My Hero,LOSER,143.57,LOSER,17.23,84.7,390,180,290,263.2,42.8,1000,100,1000,188.14,21.78,69.22,,,,,,270,310,1.03,0.98
28/07/2021,2:48:00 PM,2:49:11 PM,Melton,VIC,4,185692000,R4 2240m Pace M,185692001,Harness,2240,Pace,37616869,5,Gilty By The Beach,LOSER,2.25,WINNER,1.27,3305.75,2.98,2.08,2.28,2.23,15863.34,1000,1.44,490,2.95,2088.71,1687.48,1.3,1.21,1.26,1.25,913.43,2.12,2.2,1.03,0.98
28/07/2021,2:48:00 PM,2:49:11 PM,Melton,VIC,4,185692000,R4 2240m Pace M,185692001,Harness,2240,Pace,27550816,6,Wyattflynn,WINNER,4.74,WINNER,1.63,1627.33,9.2,4.9,5.6,6.63,3037.68,14,1.01,1.01,1.68,4063.24,580.65,1.86,1.62,1.72,1.72,245.94,6.6,7.2,1.03,0.98
28/07/2021,2:48:00 PM,2:49:11 PM,Melton,VIC,4,185692000,R4 2240m Pace M,185692001,Harness,2240,Pace,28036746,7,Hook Eye Joh,LOSER,6.52,WINNER,1.86,608.62,8.4,4,6.4,6.4,3554.15,1000,2.02,1000,9.31,483.78,685.74,2.12,1.7,1.79,1.96,163.14,7.6,8.4,1.03,0.98
28/07/2021,2:48:00 PM,2:49:11 PM,Melton,VIC,4,185692000,R4 2240m Pace M,185692001,Harness,2240,Pace,40335473,8,Surfsup Tigerpie,LOSER,34.71,LOSER,8.32,372.36,120,12.5,90,61.49,302.26,690,12,260,40.9,127.06,154.55,8.4,4.2,8.2,6.48,46.15,75,90,1.03,0.98
28/07/2021,3:23:00 PM,3:23:49 PM,Melton,VIC,5,185692002,R5 1720m Pace M,185692003,Harness,1720,Pace,18543959,1,Blazin Cracker,LOSER,9.46,LOSER,2.89,386.57,9.8,5.9,8.8,9.01,681.39,880,7,880,26.41,138.26,950.23,3.2,2.22,2.82,2.47,1615.78,9,9.6,1.03,0.98
28/07/2021,3:23:00 PM,3:23:49 PM,Melton,VIC,5,185692002,R5 1720m Pace M,185692003,Harness,1720,Pace,15409326,3,Chrissy Divinyl,LOSER,24.95,LOSER,8.18,192.95,34,19,27,26.05,227.08,790,17.5,130,103.75,34.12,204.63,9.6,6.2,9.6,6.69,16.64,26,30,1.03,0.98
28/07/2021,3:23:00 PM,3:23:49 PM,Melton,VIC,5,185692002,R5 1720m Pace M,185692003,Harness,1720,Pace,12827764,4,Idle Times,LOSER,1.64,WINNER,1.34,3329.73,2.04,1.65,1.66,1.73,14187.74,120,1.16,120,2.49,4254.36,1039.46,1.44,1.28,1.33,1.32,1305.71,1.71,1.76,1.03,0.98
28/07/2021,3:23:00 PM,3:23:49 PM,Melton,VIC,5,185692002,R5 1720m Pace M,185692003,Harness,1720,Pace,27342300,5,Sir Roman,LOSER,14.35,LOSER,4.4,256.28,18,8.6,14,13.23,750.41,1000,14,1000,65.76,68.06,422.3,4.6,4.5,4.5,4.53,11.5,12.5,13.5,1.03,0.98
28/07/2021,3:23:00 PM,3:23:49 PM,Melton,VIC,5,185692002,R5 1720m Pace M,185692003,Harness,1720,Pace,39359537,6,Shesmybaby,WINNER,5.7,WINNER,1.88,729.66,5.7,4.4,5.5,5.06,1545.14,12,1.01,1.01,1.53,3808.39,770.61,2.14,1.88,1.89,1.89,527.34,4.7,4.9,1.03,0.98
28/07/2021,3:58:00 PM,3:58:59 PM,Melton,VIC,6,185692004,R6 2240m Trot M,185692005,Harness,2240,Trot,25751048,1,Abitofadreamer,LOSER,85,LOSER,13.9,65.31,180,85,90,106.35,55.85,950,85,950,210.85,5.38,,10,10,10,10,3.88,110,180,1.05,0.96
28/07/2021,3:58:00 PM,3:58:59 PM,Melton,VIC,6,185692004,R6 2240m Trot M,185692005,Harness,2240,Trot,385541,2,Constantinople,LOSER,4.84,WINNER,1.66,756.91,6.2,2.78,4.7,5.34,2293.58,690,3.1,4.3,16.58,457.57,540.83,1.91,1.66,1.66,1.75,730.99,5.5,6.2,1.05,0.96
28/07/2021,3:58:00 PM,3:58:59 PM,Melton,VIC,6,185692004,R6 2240m Trot M,185692005,Harness,2240,Trot,23083391,3,Cork,LOSER,10.29,LOSER,2.73,530.81,16,10.5,10.5,13.11,595.31,890,7,710,18.5,333.22,385.04,3,2.66,2.66,2.74,85.17,13,14,1.05,0.96
28/07/2021,3:58:00 PM,3:58:59 PM,Melton,VIC,6,185692004,R6 2240m Trot M,185692005,Harness,2240,Trot,19382070,4,Claudy An Gus,LOSER,46.17,LOSER,8.48,246.62,100,5.4,100,14.92,1690.49,880,25,880,58.52,196.54,49.42,5.2,2.46,4.2,3.85,75.43,7.6,9,1.05,0.96
28/07/2021,3:58:00 PM,3:58:59 PM,Melton,VIC,6,185692004,R6 2240m Trot M,185692005,Harness,2240,Trot,40335474,5,Rymes,LOSER,93.09,LOSER,10.5,43.7,200,90,130,121.92,108.98,900,90,120,520.68,9.59,9.05,25,10.5,11,20.62,15.01,110,130,1.05,0.96
28/07/2021,3:58:00 PM,3:58:59 PM,Melton,VIC,6,185692004,R6 2240m Trot M,185692005,Harness,2240,Trot,40335475,6,Kar Manor,WINNER,8.55,WINNER,2.38,506.7,22,8,8,10.38,1066.83,10.5,1.03,1.05,2.1,4000.83,643.12,3.1,2.34,2.76,2.78,312.36,10,11,1.05,0.96
28/07/2021,3:58:00 PM,3:58:59 PM,Melton,VIC,6,185692004,R6 2240m Trot M,185692005,Harness,2240,Trot,27047272,7,Goober,LOSER,54.63,LOSER,11,167.55,120,55,60,73.81,150.96,930,50,930,78.55,58.55,98.86,9.8,9.6,9.6,9.63,104.08,70,95,1.05,0.96
28/07/2021,3:58:00 PM,3:58:59 PM,Melton,VIC,6,185692004,R6 2240m Trot M,185692005,Harness,2240,Trot,36841138,8,Saint Calder,LOSER,2.13,WINNER,1.26,1699.49,3.05,2.1,2.14,2.23,8795.36,100,1.1,100,2.1,2211.98,742.08,1.46,1.24,1.24,1.26,525.03,2.1,2.16,1.05,0.96
28/07/2021,3:58:00 PM,3:58:59 PM,Melton,VIC,6,185692004,R6 2240m Trot M,185692005,Harness,2240,Trot,40335476,9,Sunny Spider,LOSER,19.22,LOSER,4.3,513.41,34,9,22,21.64,380.89,1000,6.6,500,66.35,299.24,81.37,4.3,3.9,3.95,3.98,41.03,19.5,24,1.05,0.96
28/07/2021,4:33:00 PM,4:33:57 PM,Melton,VIC,7,185692006,R7 1720m Pace M,185692007,Harness,1720,Pace,13029162,1,Chief Safari,LOSER,121.43,LOSER,10.69,67.04,330,60,150,98.03,128.66,1000,170,1000,299.78,5.38,164.92,12,10,12,10.51,6.72,75,100,1.05,0.97
28/07/2021,4:33:00 PM,4:33:57 PM,Melton,VIC,7,185692006,R7 1720m Pace M,185692007,Harness,1720,Pace,3224073,2,Seaside Sister,LOSER,26,LOSER,3.92,219.29,150,15.5,28,23.37,894.21,1000,6.6,1000,62.91,133.04,399.75,5,3.7,4,3.97,646.38,19.5,22,1.05,0.97
28/07/2021,4:33:00 PM,4:33:57 PM,Melton,VIC,7,185692006,R7 1720m Pace M,185692007,Harness,1720,Pace,20741873,3,Sassyola,LOSER,39.24,LOSER,4.36,247.35,150,21,38,27.51,842.35,1000,27,1000,54.08,51.23,273.71,4.8,3.7,3.9,3.95,447.36,27,30,1.05,0.97
28/07/2021,4:33:00 PM,4:33:57 PM,Melton,VIC,7,185692006,R7 1720m Pace M,185692007,Harness,1720,Pace,6201761,4,Freedom Writer,LOSER,100,LOSER,9.74,77.96,250,42,120,71.39,148.93,1000,100,1000,129.17,19.57,80.39,11.5,7,10.5,11.01,28.07,42,75,1.05,0.97
28/07/2021,4:33:00 PM,4:33:57 PM,Melton,VIC,7,185692006,R7 1720m Pace M,185692007,Harness,1720,Pace,15935164,5,Thumbs Up,LOSER,5.13,LOSER,1.86,2010.58,8,3.8,5.9,5.73,3593.03,1000,3.15,1000,7.2,899.97,845.86,2.14,1.82,1.85,1.83,282.89,5.8,6,1.05,0.97
28/07/2021,4:33:00 PM,4:33:57 PM,Melton,VIC,7,185692006,R7 1720m Pace M,185692007,Harness,1720,Pace,28535651,6,Cashflow Cassie,LOSER,9.2,WINNER,2.17,586.66,11,4.8,9,8.29,1458.62,1000,6.6,1000,26.77,114.59,898.27,2.6,2.2,2.2,2.23,31.26,7.8,8.4,1.05,0.97
28/07/2021,4:33:00 PM,4:33:57 PM,Melton,VIC,7,185692006,R7 1720m Pace M,185692007,Harness,1720,Pace,28389206,7,Ozzie Daybreak,LOSER,46.46,LOSER,6.35,151.74,46,15.5,46,34.56,264.94,1000,40,1000,111.07,29.2,220.12,5.3,5.2,5.2,5.3,5,27,38,1.05,0.97
28/07/2021,4:33:00 PM,4:33:57 PM,Melton,VIC,7,185692006,R7 1720m Pace M,185692007,Harness,1720,Pace,38185195,8,Rueslan,WINNER,12,WINNER,2.46,498.04,38,10,12,11.49,2060.32,14,1.01,1.01,1.81,2741.61,661.7,2.76,2.46,2.52,2.57,203.75,12,13.5,1.05,0.97
28/07/2021,4:33:00 PM,4:33:57 PM,Melton,VIC,7,185692006,R7 1720m Pace M,185692007,Harness,1720,Pace,28416896,9,Ozzie Playboy,LOSER,1.82,WINNER,1.24,3808.03,2.64,1.74,1.85,1.97,17090.65,120,1.34,120,3.81,1769.85,903.11,1.28,1.16,1.21,1.23,969.63,2,2.06,1.05,0.97
28/07/2021,5:04:00 PM,5:04:54 PM,Melton,VIC,8,185692008,R8 2240m Pace M,185692009,Harness,2240,Pace,40335477,1,Duty Bound,WINNER,2.6,WINNER,1.33,2687.85,2.74,2.1,2.52,2.42,22443.35,3.75,1.01,1.01,1.63,6018.02,1240.28,1.35,1.19,1.31,1.28,858.67,2.46,2.52,1.03,0.98
28/07/2021,5:04:00 PM,5:04:54 PM,Melton,VIC,8,185692008,R8 2240m Pace M,185692009,Harness,2240,Pace,36010204,2,Musztang,LOSER,6.18,WINNER,1.75,1622.33,9.6,4.5,5.8,5.43,6567.43,130,4.6,130,7.85,485.79,1075.04,1.77,1.6,1.77,1.7,654.7,5.6,5.9,1.03,0.98
28/07/2021,5:04:00 PM,5:04:54 PM,Melton,VIC,8,185692008,R8 2240m Pace M,185692009,Harness,2240,Pace,18833944,3,Some Change,LOSER,25.93,LOSER,4.93,754.68,48,26,27,30.75,510.1,690,25,670,44.98,108.51,427.33,5.4,4.7,4.7,5.05,49.38,28,32,1.03,0.98
28/07/2021,5:04:00 PM,5:04:54 PM,Melton,VIC,8,185692008,R8 2240m Pace M,185692009,Harness,2240,Pace,40335478,4,Malibu Jack,LOSER,7.8,LOSER,2.24,1006.65,19,7,7.8,10.15,3515.22,1000,7,1000,23.15,318.64,951.72,2.7,2.24,2.26,2.29,207.73,8,8.4,1.03,0.98
28/07/2021,5:04:00 PM,5:04:54 PM,Melton,VIC,8,185692008,R8 2240m Pace M,185692009,Harness,2240,Pace,24742763,5,Hawaiianbeach,LOSER,100,WINNER,12.33,129.13,160,90,110,105.1,116.62,1000,8,1000,96.96,25.18,155.6,12.5,9.8,12.5,11.96,16.48,95,120,1.03,0.98
28/07/2021,5:04:00 PM,5:04:54 PM,Melton,VIC,8,185692008,R8 2240m Pace M,185692009,Harness,2240,Pace,25506866,6,Sew What,LOSER,39.64,LOSER,6.36,341.53,60,34,44,41.22,120.57,690,21,690,49.76,104.81,328.63,6.4,6,6.4,6.3,21.1,36,46,1.03,0.98
28/07/2021,5:04:00 PM,5:04:54 PM,Melton,VIC,8,185692008,R8 2240m Pace M,185692009,Harness,2240,Pace,28277007,7,Iamawingate,LOSER,13,LOSER,3.15,917.46,32,12.5,14,17.56,1629.11,690,12,470,29.74,120.25,639.67,4.1,3.05,3.2,3.38,230.49,12.5,14,1.03,0.98
28/07/2021,5:04:00 PM,5:04:54 PM,Melton,VIC,8,185692008,R8 2240m Pace M,185692009,Harness,2240,Pace,40335479,8,Calf Pen,LOSER,6.65,LOSER,2,1501.9,6.4,3.2,6,5.2,3676.68,780,2.5,700,5.48,2249.21,889.83,2.04,1.47,1.99,1.83,2836.28,5.9,6.2,1.03,0.98
28/07/2021,5:30:00 PM,5:30:56 PM,Melton,VIC,9,185692010,R9 1720m Pace M,185692011,Harness,1720,Pace,16099185,1,Fly Cheval,LOSER,240,LOSER,44,36.94,350,110,240,215.82,27.6,900,60,900,195.63,32.85,45.53,44,26,44,26.2,7.08,240,300,1.05,0.98
28/07/2021,5:30:00 PM,5:30:56 PM,Melton,VIC,9,185692010,R9 1720m Pace M,185692011,Harness,1720,Pace,11036937,2,Runsafarirun,LOSER,19.5,LOSER,3.49,298.58,19.5,7,16,9.88,2134.36,690,8.4,690,27.69,89.97,302.46,3.95,2.38,3.6,3.63,583.3,14.5,18,1.05,0.98
28/07/2021,5:30:00 PM,5:30:56 PM,Melton,VIC,9,185692010,R9 1720m Pace M,185692011,Harness,1720,Pace,17636538,3,Four Lonely Nights,LOSER,101.62,LOSER,15,153.53,510,9.4,200,32.29,1072.32,910,28,850,153.71,80.46,22.03,15.5,3.65,15,7.81,145.1,25,28,1.05,0.98
28/07/2021,5:30:00 PM,5:30:56 PM,Melton,VIC,9,185692010,R9 1720m Pace M,185692011,Harness,1720,Pace,18130498,4,Zaras All Good,WINNER,3.08,WINNER,1.5,3317.66,3.65,2.84,3.15,3.28,6766.92,3.5,1.01,1.01,1.47,4267.86,1099.12,1.75,1.46,1.46,1.65,1828.54,3.1,3.25,1.05,0.98
28/07/2021,5:30:00 PM,5:30:56 PM,Melton,VIC,9,185692010,R9 1720m Pace M,185692011,Harness,1720,Pace,35441532,5,Sonnys Amazing,LOSER,2.81,WINNER,1.42,2758.67,6.2,2.86,2.96,3.42,10774.66,100,1.8,60,2.77,1824,1067.07,1.6,1.41,1.41,1.46,1123.97,3.2,3.25,1.05,0.98
28/07/2021,5:30:00 PM,5:30:56 PM,Melton,VIC,9,185692010,R9 1720m Pace M,185692011,Harness,1720,Pace,28368762,6,Snazola,LOSER,12.78,LOSER,2.94,613.73,14.5,7,11,9.38,2631.53,690,9,690,24.5,94.9,543.29,3,2.6,2.98,2.77,153.02,10,11,1.05,0.98
28/07/2021,5:30:00 PM,5:30:56 PM,Melton,VIC,9,185692010,R9 1720m Pace M,185692011,Harness,1720,Pace,25102786,7,Vallani Magic,LOSER,13.29,LOSER,3.01,615.16,19.5,10,12,11.85,2398.92,690,5.6,690,15.09,480.17,555.16,3.1,2.82,2.86,2.84,161.65,11,11.5,1.05,0.98
28/07/2021,5:30:00 PM,5:30:56 PM,Melton,VIC,9,185692010,R9 1720m Pace M,185692011,Harness,1720,Pace,36864613,8,Aces Jett,LOSER,40,LOSER,6.3,243.39,42,11.5,32,27.34,616.34,690,15,130,50.7,52.28,235.26,5.6,4.9,5.5,5.47,33.02,28,32,1.05,0.98
28/07/2021,5:30:00 PM,5:30:56 PM,Melton,VIC,9,185692010,R9 1720m Pace M,185692011,Harness,1720,Pace,24930130,9,Nuart,LOSER,220,LOSER,38.18,43.04,300,65,220,185.58,81.61,690,75,670,237.59,8.46,67.72,24,24,24,24,5,180,300,1.05,0.98
28/07/2021,5:30:00 PM,5:30:56 PM,Melton,VIC,9,185692010,R9 1720m Pace M,185692011,Harness,1720,Pace,10941776,10,Esspe Supreme,LOSER,13.46,WINNER,3.45,611.5,34,13.5,14,16.22,1156.09,690,13,170,38.03,82.07,396.58,4.2,3.35,3.85,3.71,128.98,15,16,1.05,0.98
28/07/2021,5:19:00 PM,5:19:51 PM,Redcliffe,QLD,1,185690856,R1 1780m Pace M,185690857,Harness,1780,Pace,12581892,2,Colombian Gold,LOSER,4.77,LOSER,1.78,777.94,6.6,4,4.5,4.49,6083.85,780,4,580,6.8,734.19,839.81,1.81,1.66,1.8,1.73,670.7,4.6,4.8,1.04,0.97
28/07/2021,5:19:00 PM,5:19:51 PM,Redcliffe,QLD,1,185690856,R1 1780m Pace M,185690857,Harness,1780,Pace,18491140,3,Ark Me,LOSER,8.91,WINNER,2.65,643.14,11.5,7.4,8.6,8.95,2028.28,780,3.3,780,11.17,244.29,589.19,2.74,2.62,2.66,2.65,188.92,9.6,11,1.04,0.97
28/07/2021,5:19:00 PM,5:19:51 PM,Redcliffe,QLD,1,185690856,R1 1780m Pace M,185690857,Harness,1780,Pace,21483969,4,Ashlee Nitro,LOSER,20,LOSER,4.37,279.33,24,13,21,19.42,265.43,690,7.6,690,31.73,73.93,338.12,,,,,,18,19.5,1.04,0.97
28/07/2021,5:19:00 PM,5:19:51 PM,Redcliffe,QLD,1,185690856,R1 1780m Pace M,185690857,Harness,1780,Pace,11120508,5,Mister Hart,LOSER,16.63,LOSER,4.55,406.1,26,15.5,18,19.77,488.51,1000,9.4,1000,118.24,99.7,313.36,,,,,,15.5,17.5,1.04,0.97
28/07/2021,5:19:00 PM,5:19:51 PM,Redcliffe,QLD,1,185690856,R1 1780m Pace M,185690857,Harness,1780,Pace,9351743,6,Sweet As,LOSER,10.91,LOSER,2.78,570.8,12.5,8.2,9.8,9.7,1181.41,780,6.6,490,12.7,390.23,631.43,3,3,3,3,0.03,8.4,9,1.04,0.97
28/07/2021,5:19:00 PM,5:19:51 PM,Redcliffe,QLD,1,185690856,R1 1780m Pace M,185690857,Harness,1780,Pace,11669414,7,Whostolemypigeon,LOSER,13,LOSER,2.47,347.48,21,9.4,14,14.22,739.7,780,4.2,780,29.08,71.49,296.39,3.15,2.34,2.84,2.99,576.79,13,15.5,1.04,0.97
28/07/2021,5:19:00 PM,5:19:51 PM,Redcliffe,QLD,1,185690856,R1 1780m Pace M,185690857,Harness,1780,Pace,14884548,8,Westar Sam,WINNER,2.9,WINNER,1.55,1365.91,3.3,2.4,2.88,2.8,7344.67,3.7,1.01,1.3,1.27,8769.35,759.63,1.54,1.44,1.54,1.52,165.13,2.92,3,1.04,0.97
28/07/2021,5:19:00 PM,5:19:51 PM,Redcliffe,QLD,1,185690856,R1 1780m Pace M,185690857,Harness,1780,Pace,16098302,9,Rocknroll Dude,LOSER,17.71,WINNER,4.22,282.47,20,11.5,20,17.61,192.16,240,3.1,4.3,13.66,499.96,373.34,,,,,,17,18,1.04,0.97
28/07/2021,5:57:00 PM,5:58:15 PM,Redcliffe,QLD,2,185690858,R2 2040m Pace M,185690859,Harness,2040,Pace,39575141,1,Our Boy Bobby,LOSER,8.2,LOSER,2.64,600.42,9.6,5.2,8,7.19,2613.38,690,6,130,16.49,106.88,655.39,2.56,2.14,2.54,2.37,71.6,7.4,7.8,1.04,0.97
28/07/2021,5:57:00 PM,5:58:15 PM,Redcliffe,QLD,2,185690858,R2 2040m Pace M,185690859,Harness,2040,Pace,11406798,2,Betting Baron,LOSER,6.8,WINNER,2.18,821.9,7.8,5.2,6.8,5.9,1955.59,200,1.23,24,4.25,1907.27,764.45,2.42,2.02,2.12,2.09,38.51,5.6,6,1.04,0.97
28/07/2021,5:57:00 PM,5:58:15 PM,Redcliffe,QLD,2,185690858,R2 2040m Pace M,185690859,Harness,2040,Pace,23429334,3,Torque Is My Girl,LOSER,32.55,WINNER,7.92,281.74,40,21,32,27.98,828.06,690,13,490,43.38,66.86,128.06,,,,,,22,23,1.04,0.97
28/07/2021,5:57:00 PM,5:58:15 PM,Redcliffe,QLD,2,185690858,R2 2040m Pace M,185690859,Harness,2040,Pace,10911359,4,Nikalong Henry,WINNER,13.45,WINNER,2.95,683.97,22,11.5,13,13.34,882.55,19,1.01,1.04,1.63,5996.04,353.87,3.85,2.92,3,3.21,490.58,12,12.5,1.04,0.97
28/07/2021,5:57:00 PM,5:58:15 PM,Redcliffe,QLD,2,185690858,R2 2040m Pace M,185690859,Harness,2040,Pace,40164917,5,Brian Christopher,LOSER,7.2,LOSER,2.49,734,7.4,5.2,7.2,6.41,2308.19,690,8.4,490,20.54,110.27,643.7,2.5,2.2,2.32,2.2,48.05,6.6,7,1.04,0.97
28/07/2021,5:57:00 PM,5:58:15 PM,Redcliffe,QLD,2,185690858,R2 2040m Pace M,185690859,Harness,2040,Pace,26911056,6,Gosling In Flight,LOSER,20.44,LOSER,7.19,423.86,25,12.5,20,21.46,587.03,1000,16,690,58.75,123.7,200.24,5,3.45,5,3.76,16.21,22,25,1.04,0.97
28/07/2021,5:57:00 PM,5:58:15 PM,Redcliffe,QLD,2,185690858,R2 2040m Pace M,185690859,Harness,2040,Pace,9140497,8,Donny Jones,LOSER,4.68,LOSER,1.71,2098.86,6,4.2,4.7,5.28,2834.51,690,5.3,690,15.05,158.81,838.53,1.89,1.64,1.79,1.73,1587.37,5.3,5.6,1.04,0.97
28/07/2021,5:57:00 PM,5:58:15 PM,Redcliffe,QLD,2,185690858,R2 2040m Pace M,185690859,Harness,2040,Pace,5184671,9,Handsome Harry,LOSER,4.53,LOSER,1.84,1217.82,9.6,4.3,4.5,5.04,5291.92,690,2.56,490,5.34,1984.98,828.67,2.2,1.87,1.87,1.93,86.53,4.8,5.2,1.04,0.97
28/07/2021,6:22:00 PM,6:23:28 PM,Redcliffe,QLD,3,185690860,R3 2040m Pace M,185690861,Harness,2040,Pace,19728357,1,Goddess Jujon,LOSER,4.8,WINNER,1.75,839.69,6.6,3.3,5,4.55,3677.46,690,4.4,690,11.81,308.29,1121.56,1.93,1.62,1.79,1.74,205.61,4.5,4.9,0.96,0.96
28/07/2021,6:22:00 PM,6:23:28 PM,Redcliffe,QLD,3,185690860,R3 2040m Pace M,185690861,Harness,2040,Pace,8627153,2,Kurahaupo Gambler,LOSER,15.33,LOSER,3.19,345.02,17,7.2,16,13.23,757.78,890,13.5,890,45.51,49.1,502.75,2.86,2.86,2.86,2.86,0.17,13.5,14,0.96,0.96
28/07/2021,6:22:00 PM,6:23:28 PM,Redcliffe,QLD,3,185690860,R3 2040m Pace M,185690861,Harness,2040,Pace,9370257,3,Riverleigh Rocket,LOSER,21.36,WINNER,5.75,202.26,30,17,27,23.37,299.61,690,3.7,690,11.73,447.03,191.2,5.9,5.1,5.5,5.52,294.86,22,24,0.96,0.96
28/07/2021,6:22:00 PM,6:23:28 PM,Redcliffe,QLD,3,185690860,R3 2040m Pace M,185690861,Harness,2040,Pace,12816261,4,Our Little Digger,LOSER,3.78,LOSER,1.7,2508.14,6.4,3.6,3.95,4.13,5417.29,690,3.5,490,10.41,570.45,747.13,2.04,1.64,1.73,1.7,427.92,5.4,4.1,0.96,0.96
28/07/2021,6:22:00 PM,6:23:28 PM,Redcliffe,QLD,3,185690860,R3 2040m Pace M,185690861,Harness,2040,Pace,11282315,5,Oyster Stride,LOSER,32.84,LOSER,6.6,257.98,50,32,42,36.13,261.99,920,32,920,109.84,60.83,320.49,8.4,6.6,6.8,6.71,11.99,36,38,0.96,0.96
28/07/2021,6:22:00 PM,6:23:28 PM,Redcliffe,QLD,3,185690860,R3 2040m Pace M,185690861,Harness,2040,Pace,36749446,6,Lisa Lincoln,WINNER,4.22,WINNER,1.66,827.6,5.6,3.9,4,4.28,3657.92,4.3,1.01,1.01,1.43,8427.64,378.11,1.97,1.51,1.81,1.74,1015.53,4.3,4.7,0.96,0.96
28/07/2021,6:22:00 PM,6:23:28 PM,Redcliffe,QLD,3,185690860,R3 2040m Pace M,185690861,Harness,2040,Pace,25191410,7,Gleneagle Warrior,LOSER,8.21,LOSER,2.52,324.29,11,4.4,7.4,7.12,2942.36,690,5.8,690,12.49,309.48,645.84,2.74,2.18,2.74,2.6,236.72,8.2,9,0.96,0.96
28/07/2021,6:22:00 PM,6:23:28 PM,Redcliffe,QLD,3,185690860,R3 2040m Pace M,185690861,Harness,2040,Pace,13369761,8,Classie American,LOSER,24,LOSER,4.38,306.23,29,14,23,20.86,450.68,690,23,490,61.5,29.45,430.23,4.4,4.2,4.4,4.38,116.97,18.5,21,0.96,0.96
28/07/2021,6:47:00 PM,6:47:45 PM,Redcliffe,QLD,4,185690862,R4 1780m Pace M,185690863,Harness,1780,Pace,15295189,1,Barboo,LOSER,2.68,WINNER,1.44,2488.06,4.3,2.72,2.84,2.97,8745.95,440,1.9,170,3.85,3577.14,1123.08,1.48,1.38,1.44,1.42,313.27,2.72,2.76,1.03,0.98
28/07/2021,6:47:00 PM,6:47:45 PM,Redcliffe,QLD,4,185690862,R4 1780m Pace M,185690863,Harness,1780,Pace,25506830,2,Illbewatching,LOSER,6.78,WINNER,2.29,1054.37,8.4,6,7.2,7.49,1830.69,780,2.24,480,9.46,518.87,541.44,2.6,2.2,2.22,2.29,122.75,8.2,8.4,1.03,0.98
28/07/2021,6:47:00 PM,6:47:45 PM,Redcliffe,QLD,4,185690862,R4 1780m Pace M,185690863,Harness,1780,Pace,13231568,3,Tuakana,LOSER,6.46,LOSER,2.02,631.47,7.4,4.7,6,6.35,1823.26,1000,3.6,490,21.57,442.78,734.86,2.12,1.78,2,1.98,152.52,7,7.4,1.03,0.98
28/07/2021,6:47:00 PM,6:47:45 PM,Redcliffe,QLD,4,185690862,R4 1780m Pace M,185690863,Harness,1780,Pace,25249541,4,Fortyfive Rock,LOSER,94.45,LOSER,11,73.86,160,70,110,95.01,85.63,1000,85,150,294,32.22,153.49,15.5,10.5,11,13.11,56.23,80,95,1.03,0.98
28/07/2021,6:47:00 PM,6:47:45 PM,Redcliffe,QLD,4,185690862,R4 1780m Pace M,185690863,Harness,1780,Pace,12502267,5,Thankheavnforgirls,LOSER,54.4,LOSER,8.68,68.21,100,38,55,55.37,290.15,690,30,690,64.15,25.4,101.23,13.5,8,8.2,10.88,96.27,46,55,1.03,0.98
28/07/2021,6:47:00 PM,6:47:45 PM,Redcliffe,QLD,4,185690862,R4 1780m Pace M,185690863,Harness,1780,Pace,6827899,6,Regalia,LOSER,40.79,LOSER,10.65,131.26,60,13.5,60,34.15,147.44,1000,28,1000,75.73,66.82,160.12,,,,,,36,46,1.03,0.98
28/07/2021,6:47:00 PM,6:47:45 PM,Redcliffe,QLD,4,185690862,R4 1780m Pace M,185690863,Harness,1780,Pace,36331472,7,Fleeting Feelgood,WINNER,7.2,WINNER,1.95,570.71,7.2,4.2,6.4,5.85,2653.23,11,1.01,1.01,1.28,7391.29,935.14,2.12,1.8,2.02,1.93,380.35,5.7,6.2,1.03,0.98
28/07/2021,6:47:00 PM,6:47:45 PM,Redcliffe,QLD,4,185690862,R4 1780m Pace M,185690863,Harness,1780,Pace,23331637,8,Cannan,LOSER,7.26,LOSER,2.41,1051.02,19,7.4,7.4,8.6,1740.67,780,5.5,490,19.01,204.18,636.23,2.4,2.34,2.34,2.36,30,7.6,8,1.03,0.98
28/07/2021,6:47:00 PM,6:47:45 PM,Redcliffe,QLD,4,185690862,R4 1780m Pace M,185690863,Harness,1780,Pace,11895117,9,Onyajans,LOSER,36.27,LOSER,6.69,300.97,50,25,44,34.23,153.04,690,20,690,38.54,133.6,139.23,5.5,5.5,5.5,5.5,23.77,30,34,1.03,0.98
28/07/2021,7:20:00 PM,7:20:57 PM,Redcliffe,QLD,5,185690864,R5 1780m Pace M,185690865,Harness,1780,Pace,14909310,1,Kettering Girl,LOSER,5.1,WINNER,1.7,1320.09,7.2,4.8,5.2,5.77,3274.95,220,2.4,100,5.69,529.63,873.44,2.12,1.53,1.71,1.84,633.99,6.2,6.4,1.03,0.98
28/07/2021,7:20:00 PM,7:20:57 PM,Redcliffe,QLD,5,185690864,R5 1780m Pace M,185690865,Harness,1780,Pace,36036971,2,Rainbow Jet,LOSER,3.1,WINNER,1.56,2239.86,4.1,2.64,3.1,3.28,6323.27,690,1.92,690,3.9,1669.27,1087.29,1.92,1.38,1.53,1.56,228.42,3.4,3.5,1.03,0.98
28/07/2021,7:20:00 PM,7:20:57 PM,Redcliffe,QLD,5,185690864,R5 1780m Pace M,185690865,Harness,1780,Pace,20591671,3,Holdingno Currency,LOSER,4.29,LOSER,2.02,1555.5,6,3.75,4.5,4.53,3331.85,460,4.8,150,13.55,181.51,1007.17,3.85,1.5,3.25,1.77,342.07,4.5,4.8,1.03,0.98
28/07/2021,7:20:00 PM,7:20:57 PM,Redcliffe,QLD,5,185690864,R5 1780m Pace M,185690865,Harness,1780,Pace,23519744,4,Brilliant Art,LOSER,16,LOSER,4.25,661.71,28,15.5,16,20.67,656.52,780,24,490,67.98,35.35,235.62,4.3,4.2,4.2,4.2,4.1,17,18.5,1.03,0.98
28/07/2021,7:20:00 PM,7:20:57 PM,Redcliffe,QLD,5,185690864,R5 1780m Pace M,185690865,Harness,1780,Pace,38416680,5,Bondi Shake,WINNER,5.45,WINNER,1.76,1083.81,8,4.6,5.7,5.27,2370.95,5.9,1.01,1.01,1.27,4390.86,668.26,2,1.62,1.78,1.69,501.96,5,5.2,1.03,0.98
28/07/2021,7:20:00 PM,7:20:57 PM,Redcliffe,QLD,5,185690864,R5 1780m Pace M,185690865,Harness,1780,Pace,10169427,6,Oliver Winkle,LOSER,25.3,LOSER,6.26,256.51,75,25,26,31.34,339.93,930,26,930,73.2,16.55,231.61,7.2,6.4,6.4,6.87,57.68,30,32,1.03,0.98
28/07/2021,7:20:00 PM,7:20:57 PM,Redcliffe,QLD,5,185690864,R5 1780m Pace M,185690865,Harness,1780,Pace,22258084,7,Jang Pel,LOSER,64.35,LOSER,12.99,197.71,100,38,60,62.36,249.75,930,5,930,45.1,41.16,104.85,8.2,7.6,8.2,7.75,13.39,55,65,1.03,0.98
28/07/2021,7:20:00 PM,7:20:57 PM,Redcliffe,QLD,5,185690864,R5 1780m Pace M,185690865,Harness,1780,Pace,20602852,8,Karaoke Rock,LOSER,20.75,LOSER,4.87,598.48,29,11,21,21.18,828.97,690,3.6,140,11.22,191.96,332.21,4.8,4.7,4.8,4.73,38.77,23,26,1.03,0.98
28/07/2021,7:50:00 PM,7:50:39 PM,Redcliffe,QLD,6,185690866,R6 1780m Pace M,185690867,Harness,1780,Pace,12321546,1,Lifeinheaven,LOSER,3.25,WINNER,1.98,1844.27,4,2.94,3.4,3.52,4593.17,690,2.76,690,5.03,812.63,886.09,2.1,1.65,1.98,2.02,240.17,3.7,3.8,1.02,0.98
28/07/2021,7:50:00 PM,7:50:39 PM,Redcliffe,QLD,6,185690866,R6 1780m Pace M,185690867,Harness,1780,Pace,36568246,2,Bee A Blessing,LOSER,34,LOSER,9.84,200.58,55,10.5,27,30.44,791.01,910,11.5,490,49.62,134.93,185.09,13.5,5,11.5,10.74,113.93,38,44,1.02,0.98
28/07/2021,7:50:00 PM,7:50:39 PM,Redcliffe,QLD,6,185690866,R6 1780m Pace M,185690867,Harness,1780,Pace,37993104,3,Shakatie,LOSER,53.73,LOSER,24.35,110.55,70,40,70,53.98,128.86,930,19,930,66.03,68.72,77.68,,,,,,48,55,1.02,0.98
28/07/2021,7:50:00 PM,7:50:39 PM,Redcliffe,QLD,6,185690866,R6 1780m Pace M,185690867,Harness,1780,Pace,36894763,4,Peppa Bliss,WINNER,6.13,WINNER,2.57,1480.96,21,4.4,5.4,5.35,4560.82,9.6,1.01,1.01,1.35,10299.08,477.69,2.8,2.32,2.66,2.65,113.38,5,5.2,1.02,0.98
28/07/2021,7:50:00 PM,7:50:39 PM,Redcliffe,QLD,6,185690866,R6 1780m Pace M,185690867,Harness,1780,Pace,614063,5,King Of Cool,LOSER,5.7,LOSER,2.54,753.5,7.4,4.7,5.7,5.46,2779.4,780,1.87,690,9.8,868.58,720.93,,,,,,5.3,5.5,1.02,0.98
28/07/2021,7:50:00 PM,7:50:39 PM,Redcliffe,QLD,6,185690866,R6 1780m Pace M,185690867,Harness,1780,Pace,35523850,7,Lets Blaze,LOSER,3.75,LOSER,2,1036.44,4.1,2.7,3.65,3.38,5695.2,690,2.08,490,3.19,1619.61,1053.96,2.08,1.75,2,1.98,91.26,3.55,3.65,1.02,0.98
28/07/2021,7:50:00 PM,7:50:39 PM,Redcliffe,QLD,6,185690866,R6 1780m Pace M,185690867,Harness,1780,Pace,13321699,8,Major Tralee,LOSER,34.37,LOSER,34.5,177.28,60,30,32,39.42,222.99,920,14,790,61.34,71.31,42.63,,,,,,30,34,1.02,0.98
28/07/2021,8:20:00 PM,8:21:10 PM,Redcliffe,QLD,7,185690868,R7 1780m Pace M,185690869,Harness,1780,Pace,36201178,1,Fremarksindi,WINNER,9.71,WINNER,2.9,705.27,24,8.2,8.2,12.42,1416.6,10.5,1.01,1.01,1.25,10566.83,496.25,3.85,2.88,2.88,3.1,291.86,12,14,1.04,0.98
28/07/2021,8:20:00 PM,8:21:10 PM,Redcliffe,QLD,7,185690868,R7 1780m Pace M,185690869,Harness,1780,Pace,12777805,2,Kid Calvert,LOSER,12,LOSER,2.74,547.18,11.5,6.6,11.5,9.83,1418.92,780,12,780,35.57,56.98,638.17,2.72,2.6,2.72,2.66,67.88,9.6,10.5,1.04,0.98
28/07/2021,8:20:00 PM,8:21:10 PM,Redcliffe,QLD,7,185690868,R7 1780m Pace M,185690869,Harness,1780,Pace,38484149,3,Champagne Reactor,LOSER,5.01,LOSER,1.76,848.67,5.8,3.7,5.4,4.97,3591.55,880,3.15,690,13.93,376.84,935.77,2.02,1.74,1.79,1.86,807.27,5.3,5.6,1.04,0.98
28/07/2021,8:20:00 PM,8:21:10 PM,Redcliffe,QLD,7,185690868,R7 1780m Pace M,185690869,Harness,1780,Pace,11427350,4,Wild About Town,LOSER,4.59,LOSER,2,1377.83,7.4,4.5,4.6,5.01,1650.56,880,3.45,780,14.49,288.36,406.28,2.2,1.9,1.9,1.92,142.94,4.9,5,1.04,0.98
28/07/2021,8:20:00 PM,8:21:10 PM,Redcliffe,QLD,7,185690868,R7 1780m Pace M,185690869,Harness,1780,Pace,24444122,5,Jamaican Resort,LOSER,7.6,WINNER,2.51,1014.82,7.6,4.8,7,6.12,1594.62,690,4.9,690,13.42,259.62,505.5,2.46,1.93,2.38,2.15,150.95,5.5,6,1.04,0.98
28/07/2021,8:20:00 PM,8:21:10 PM,Redcliffe,QLD,7,185690868,R7 1780m Pace M,185690869,Harness,1780,Pace,995525,6,Chang,LOSER,58.07,LOSER,12.4,162.79,90,34,75,66.32,138.02,940,50,940,95.63,49.85,103.96,9.6,9.6,9.6,9.6,5,75,80,1.04,0.98
28/07/2021,8:20:00 PM,8:21:10 PM,Redcliffe,QLD,7,185690868,R7 1780m Pace M,185690869,Harness,1780,Pace,25201443,7,Midnight Queen,LOSER,7.55,WINNER,2.38,524.04,8.4,5.6,8,7.29,1486.4,780,2.72,690,5.73,734.61,667.86,2.48,1.81,2.34,2.37,815.98,7,7.2,1.04,0.98
28/07/2021,8:20:00 PM,8:21:10 PM,Redcliffe,QLD,7,185690868,R7 1780m Pace M,185690869,Harness,1780,Pace,38245484,8,Datsinahurri,LOSER,8,LOSER,2.67,705.01,9.2,5.8,8.6,8.11,582.17,780,7.8,780,39.25,80.27,518.62,2.84,2.44,2.5,2.54,302.53,8,8.8,1.04,0.98
28/07/2021,8:50:00 PM,8:52:45 PM,Redcliffe,QLD,8,185690870,R8 1780m Pace M,185690871,Harness,1780,Pace,17234696,1,Poser,LOSER,99.44,LOSER,7.51,108.73,150,26,100,64.96,295.11,950,32,950,244.59,6.91,79.21,6.4,5.9,6,6.1,66.75,75,85,1.04,0.97
28/07/2021,8:50:00 PM,8:52:45 PM,Redcliffe,QLD,8,185690870,R8 1780m Pace M,185690871,Harness,1780,Pace,19951051,2,Schooby,LOSER,96.53,WINNER,8.93,122.68,140,32,120,77.36,257.45,690,15,460,64.09,33.31,135.88,6.2,6.2,6.2,6.2,5,95,100,1.04,0.97
28/07/2021,8:50:00 PM,8:52:45 PM,Redcliffe,QLD,8,185690870,R8 1780m Pace M,185690871,Harness,1780,Pace,35510522,3,Bertils Firefox,LOSER,16.96,LOSER,2.96,465.3,36,11.5,16,20.85,1721.52,780,2.6,130,11.62,636.61,249.18,3.15,2.9,2.9,2.96,78.87,27,32,1.04,0.97
28/07/2021,8:50:00 PM,8:52:45 PM,Redcliffe,QLD,8,185690870,R8 1780m Pace M,185690871,Harness,1780,Pace,14163056,4,Naughtyinheaven,LOSER,16.86,LOSER,2.5,458.31,18.5,6,18.5,11.78,2402.74,780,3.3,490,34.82,52.72,181.59,2.68,1.83,2.68,2.25,293.3,15.5,18,1.04,0.97
28/07/2021,8:50:00 PM,8:52:45 PM,Redcliffe,QLD,8,185690870,R8 1780m Pace M,185690871,Harness,1780,Pace,20302773,5,Cobbity Castle,LOSER,1.58,WINNER,1.12,3628.57,2.44,1.39,1.58,1.61,37479.29,100,1.5,100,2.05,6278.02,1726.92,1.38,1.09,1.14,1.12,1411.4,1.42,1.46,1.04,0.97
28/07/2021,8:50:00 PM,8:52:45 PM,Redcliffe,QLD,8,185690870,R8 1780m Pace M,185690871,Harness,1780,Pace,16721764,6,Caribbean Rocket,LOSER,22.54,LOSER,2.95,244.73,75,15,24,26.59,887.46,690,12.5,690,39.44,60.28,494.17,3.15,2.66,3,2.84,570.51,24,28,1.04,0.97
28/07/2021,8:50:00 PM,8:52:45 PM,Redcliffe,QLD,8,185690870,R8 1780m Pace M,185690871,Harness,1780,Pace,24839827,7,The Last Dragon,WINNER,170.31,WINNER,14.5,53.85,230,40,220,112.41,184.41,460,1.01,1.01,1.54,5724.04,60.77,14,8.4,13.5,13.48,54.96,130,140,1.04,0.97
28/07/2021,8:50:00 PM,8:52:45 PM,Redcliffe,QLD,8,185690870,R8 1780m Pace M,185690871,Harness,1780,Pace,22153130,8,Whata Reactor,LOSER,5.05,LOSER,1.38,1185.83,11.5,3.5,5.2,5.75,6501.11,780,2.06,460,7.74,280.16,1965.43,1.55,1.37,1.4,1.5,1043.51,6.4,7.4,1.04,0.97
28/07/2021,9:20:00 PM,9:20:45 PM,Redcliffe,QLD,9,185690872,R9 1780m Pace M,185690873,Harness,1780,Pace,24888152,1,Caribbean Baby,LOSER,48,LOSER,16.29,97.34,70,40,48,46.27,87.33,760,32,690,114.85,11.12,117.09,17.5,10,17.5,14.44,28.69,48,50,1.02,0.98
28/07/2021,9:20:00 PM,9:20:45 PM,Redcliffe,QLD,9,185690872,R9 1780m Pace M,185690873,Harness,1780,Pace,40031617,2,Lil Miss Breezy,LOSER,4.35,LOSER,2.44,872.53,5.8,3.9,4.6,4.69,2489.21,1000,2.02,1000,7.07,1747.16,648.75,2.58,2.26,2.34,2.31,104.67,4.8,5,1.02,0.98
28/07/2021,9:20:00 PM,9:20:45 PM,Redcliffe,QLD,9,185690872,R9 1780m Pace M,185690873,Harness,1780,Pace,3617195,3,Wedding Night,LOSER,17.83,LOSER,6.83,209.01,60,14,15,21.44,899.54,920,11,920,48.68,95.91,228.15,10.5,6.6,6.8,8.44,26.06,16,17.5,1.02,0.98
28/07/2021,9:20:00 PM,9:20:45 PM,Redcliffe,QLD,9,185690872,R9 1780m Pace M,185690873,Harness,1780,Pace,39296556,4,Slide To Unlock,LOSER,3.65,WINNER,1.96,1085.85,4.8,3.25,3.9,3.91,2513.94,690,2.22,690,5.58,903.41,1139.8,2.2,1.96,1.96,2,383.68,3.8,3.95,1.02,0.98
28/07/2021,9:20:00 PM,9:20:45 PM,Redcliffe,QLD,9,185690872,R9 1780m Pace M,185690873,Harness,1780,Pace,20075738,5,Timstar,LOSER,118.84,LOSER,35.99,36.97,310,85,140,118.46,45.09,720,110,700,296.04,3.03,58.34,,,,,,110,150,1.02,0.98
28/07/2021,9:20:00 PM,9:20:45 PM,Redcliffe,QLD,9,185690872,R9 1780m Pace M,185690873,Harness,1780,Pace,40335480,6,Quick Classic,LOSER,6,LOSER,2.94,887.24,9.6,4.8,5.9,5.31,1834.61,260,2.1,260,24.81,273.31,640.44,2.94,2.48,2.94,2.71,96.5,5.5,5.8,1.02,0.98
28/07/2021,9:20:00 PM,9:20:45 PM,Redcliffe,QLD,9,185690872,R9 1780m Pace M,185690873,Harness,1780,Pace,39859160,7,King Of Kaos,WINNER,3.67,WINNER,1.87,1522.65,4.1,2.58,3.85,3.65,6280.58,15,1.01,1.05,1.37,9236.38,2381.3,1.97,1.41,1.89,1.88,498.01,3.6,3.75,1.02,0.98
28/07/2021,6:05:00 PM,6:06:01 PM,Shepparton,VIC,1,185690838,R1 2190m Pace M,185690839,Harness,2190,Pace,36622507,1,Desire To Live,LOSER,24.69,LOSER,5.17,254.29,28,12.5,25,22.64,473.68,1000,15.5,120,39.88,84.66,225.09,6.6,5.1,5.5,5.94,207.28,25,28,1.02,0.99
28/07/2021,6:05:00 PM,6:06:01 PM,Shepparton,VIC,1,185690838,R1 2190m Pace M,185690839,Harness,2190,Pace,40335481,3,Asante Sana,LOSER,3.27,LOSER,1.78,1355.27,3.7,2.58,3.3,3.18,6397.4,780,2.3,690,6.65,994.45,648.39,1.85,1.7,1.84,1.75,477.02,3.1,3.15,1.02,0.99
28/07/2021,6:05:00 PM,6:06:01 PM,Shepparton,VIC,1,185690838,R1 2190m Pace M,185690839,Harness,2190,Pace,40335482,4,Cutty Sark,LOSER,2.83,WINNER,1.89,2437.14,5,2.78,2.88,2.98,12398.08,690,2.1,690,4.12,1229.39,808.76,1.96,1.68,1.88,1.9,498.76,2.9,2.96,1.02,0.99
28/07/2021,6:05:00 PM,6:06:01 PM,Shepparton,VIC,1,185690838,R1 2190m Pace M,185690839,Harness,2190,Pace,40335483,5,Royal Starzzz,WINNER,6.69,WINNER,3.08,746.89,11.5,5.3,6.8,7.06,2305.4,7,1.01,1.01,1.89,2921.62,166.41,3.55,3.1,3.2,3.18,73.71,6.8,7,1.02,0.99
28/07/2021,6:05:00 PM,6:06:01 PM,Shepparton,VIC,1,185690838,R1 2190m Pace M,185690839,Harness,2190,Pace,1487952,6,Midnight Dancer,LOSER,7.2,LOSER,2.99,638.09,8.4,3.6,7,5.43,2141.32,1000,2.82,630,11.05,378.61,362.25,3.4,2.2,2.82,2.73,32.57,6.6,7.2,1.02,0.99
28/07/2021,6:05:00 PM,6:06:01 PM,Shepparton,VIC,1,185690838,R1 2190m Pace M,185690839,Harness,2190,Pace,40335484,7,Zanzibar Express,LOSER,50,LOSER,27.2,161.77,95,44,55,56.36,155.18,930,46,760,192.11,23.11,56.48,16,14.5,16,15.69,5,55,70,1.02,0.99
28/07/2021,6:33:00 PM,6:34:09 PM,Shepparton,VIC,2,185690840,R2 2190m Pace M,185690841,Harness,2190,Pace,24023332,1,Atlantas,LOSER,6,WINNER,2.2,743.97,11,5.4,6,7.53,1568.51,690,2.02,490,8.95,323.71,611.21,2.64,2.16,2.2,2.26,450.66,8.2,8.8,0.99,0.97
28/07/2021,6:33:00 PM,6:34:09 PM,Shepparton,VIC,2,185690840,R2 2190m Pace M,185690841,Harness,2190,Pace,39326146,2,The Dux,LOSER,7.8,LOSER,3.12,904.95,24,3.3,8,6.09,5624.32,690,4,480,6.64,1385.95,554.5,4.5,1.61,2.32,2.38,909.51,3.6,3.7,0.99,0.97
28/07/2021,6:33:00 PM,6:34:09 PM,Shepparton,VIC,2,185690840,R2 2190m Pace M,185690841,Harness,2190,Pace,11229447,3,Artizz,LOSER,15,LOSER,4.1,247.95,32,15,15,19.47,579.32,690,8.4,490,21.13,158.86,283.64,4.7,3.55,3.6,4.31,53.44,18,19,0.99,0.97
28/07/2021,6:33:00 PM,6:34:09 PM,Shepparton,VIC,2,185690840,R2 2190m Pace M,185690841,Harness,2190,Pace,38388120,4,Gigis Grinner,WINNER,3.6,WINNER,1.67,1117.31,5.4,3.2,3.5,4.04,3666.02,12.5,1.01,1.11,1.62,3282.41,563.45,1.8,1.55,1.58,1.63,83.92,4.5,4.9,0.99,0.97
28/07/2021,6:33:00 PM,6:34:09 PM,Shepparton,VIC,2,185690840,R2 2190m Pace M,185690841,Harness,2190,Pace,28452895,5,Argy Bargy,LOSER,5.07,WINNER,1.84,692.43,7.2,4.3,4.8,4.92,2359.54,1000,1.2,10,3.02,3193.73,329.01,1.93,1.66,1.69,1.73,284.82,5.3,4.6,0.99,0.97
28/07/2021,6:33:00 PM,6:34:09 PM,Shepparton,VIC,2,185690840,R2 2190m Pace M,185690841,Harness,2190,Pace,12691146,6,Our Eduardo Denario,LOSER,32.77,LOSER,17.33,148.62,120,27,44,59,75.69,950,46,900,125.12,27.83,75.35,9.4,8,8,8.34,12.79,90,120,0.99,0.97
28/07/2021,6:33:00 PM,6:34:09 PM,Shepparton,VIC,2,185690840,R2 2190m Pace M,185690841,Harness,2190,Pace,23083406,7,Cracked Pepper,LOSER,11.49,LOSER,3.2,393.39,18.5,7.4,11.5,14.02,954.48,260,10.5,260,73.6,125.88,208.48,3.2,3,3,3.09,26.33,16,17.5,0.99,0.97
28/07/2021,6:33:00 PM,6:34:09 PM,Shepparton,VIC,2,185690840,R2 2190m Pace M,185690841,Harness,2190,Pace,12145202,8,Silky Smooth Excuse,LOSER,19.62,LOSER,5.2,189.23,29,12.5,19.5,18.17,518.56,1000,18,1000,58.15,61.79,78.4,6.4,3.8,3.95,5.7,130.39,21,22,0.99,0.97
28/07/2021,6:57:00 PM,6:57:58 PM,Shepparton,VIC,3,185690842,R3 2190m Pace M,185690843,Harness,2190,Pace,37290427,1,Keepcrackingjokes,LOSER,46.85,LOSER,8.28,122.93,95,16,55,68.33,176.88,770,24,770,68.79,52.04,194.27,14.5,3.65,8.4,6.01,1649.87,50,55,1.02,0.99
28/07/2021,6:57:00 PM,6:57:58 PM,Shepparton,VIC,3,185690842,R3 2190m Pace M,185690843,Harness,2190,Pace,38213950,2,Curly James,LOSER,14.2,WINNER,3.4,340.2,24,6,13.5,13.01,876.02,690,5,220,17.51,170.47,567.01,3.55,2.52,3.4,3.39,136.65,10.5,11,1.02,0.99
28/07/2021,6:57:00 PM,6:57:58 PM,Shepparton,VIC,3,185690842,R3 2190m Pace M,185690843,Harness,2190,Pace,8478643,3,Barnaby,WINNER,1.45,WINNER,1.31,3522.32,1.53,1.18,1.47,1.37,22471.76,2.6,1.01,1.01,1.21,6460.31,1205.14,1.33,1.09,1.3,1.2,921.89,1.5,1.52,1.02,0.99
28/07/2021,6:57:00 PM,6:57:58 PM,Shepparton,VIC,3,185690842,R3 2190m Pace M,185690843,Harness,2190,Pace,40335485,4,Im Eugene,LOSER,6.35,LOSER,2.26,941.57,32,6.2,6.6,9.06,2688.56,690,2.5,490,11.54,298.87,725.18,2.72,2.16,2.16,2.4,207.51,6.6,6.8,1.02,0.99
28/07/2021,6:57:00 PM,6:57:58 PM,Shepparton,VIC,3,185690842,R3 2190m Pace M,185690843,Harness,2190,Pace,38788971,5,Stormboy Star,LOSER,32.71,LOSER,5.06,222.86,150,19,25,24.1,643.8,1000,19,1000,101.35,53.45,318.85,5.5,4.4,5.1,5.39,224.96,20,22,1.02,0.99
28/07/2021,6:57:00 PM,6:57:58 PM,Shepparton,VIC,3,185690842,R3 2190m Pace M,185690843,Harness,2190,Pace,40335486,6,Rolling Remona,LOSER,55,LOSER,9.56,60.21,150,17.5,55,60.62,118.52,990,8.4,990,78.79,73.28,113.43,20,9.4,10.5,11.4,92.43,55,60,1.02,0.99
28/07/2021,6:57:00 PM,6:57:58 PM,Shepparton,VIC,3,185690842,R3 2190m Pace M,185690843,Harness,2190,Pace,40335487,7,Caruso Star,LOSER,60,LOSER,16.49,101.89,210,48,60,84.88,52.15,960,29,960,104.56,21.29,88.84,23,13,13,21.75,7.92,70,75,1.02,0.99
28/07/2021,7:30:00 PM,7:30:42 PM,Shepparton,VIC,4,185690844,R4 2190m Trot M,185690845,Harness,2190,Trot,27379929,1,Majestic Achiever,LOSER,10.2,WINNER,2.04,469.43,11.5,7.8,9.6,9.78,1746.04,690,1.7,690,12.96,395.06,639.51,2.44,1.97,2.06,2.07,358.92,11,11.5,1.02,0.99
28/07/2021,7:30:00 PM,7:30:42 PM,Shepparton,VIC,4,185690844,R4 2190m Trot M,185690845,Harness,2190,Trot,37017014,2,Lucky Serina,LOSER,60.01,LOSER,6.96,133.4,90,22,65,47.52,126.47,920,27,920,90.7,32.24,255.88,8.8,4.3,6.2,5.16,17.74,70,75,1.02,0.99
28/07/2021,7:30:00 PM,7:30:42 PM,Shepparton,VIC,4,185690844,R4 2190m Trot M,185690845,Harness,2190,Trot,28304076,4,Im Miss Royalty,LOSER,85.66,LOSER,7.8,79.03,120,40,90,79.67,127.15,940,85,940,125.89,15.29,233.21,8.2,7.6,7.6,7.76,13.77,90,120,1.02,0.99
28/07/2021,7:30:00 PM,7:30:42 PM,Shepparton,VIC,4,185690844,R4 2190m Trot M,185690845,Harness,2190,Trot,27932703,5,Bellmac Bambi,LOSER,27.1,LOSER,3.7,215.4,46,17.5,29,27.13,688.43,690,26,690,39.42,59.7,155.18,4,3.5,4,3.75,27.97,32,34,1.02,0.99
28/07/2021,7:30:00 PM,7:30:42 PM,Shepparton,VIC,4,185690844,R4 2190m Trot M,185690845,Harness,2190,Trot,22929165,6,Double Dot,LOSER,73.65,LOSER,7.54,99.11,110,23,85,53.23,120.05,1000,65,1000,141.53,16.24,245.34,6,6,6,6,10,70,80,1.02,0.99
28/07/2021,7:30:00 PM,7:30:42 PM,Shepparton,VIC,4,185690844,R4 2190m Trot M,185690845,Harness,2190,Trot,40335488,7,Black Cat Claw,LOSER,201.9,LOSER,27.26,52.86,400,120,220,174.39,46.69,690,50,55,76.11,96.07,69.67,,,,,,210,220,1.02,0.99
28/07/2021,7:30:00 PM,7:30:42 PM,Shepparton,VIC,4,185690844,R4 2190m Trot M,185690845,Harness,2190,Trot,28699496,8,Bad As Now,WINNER,2.86,WINNER,1.27,1733.71,3.5,2.3,2.56,2.52,9708.38,13.5,1.01,1.06,1.87,3900.89,786.09,1.29,1.19,1.28,1.25,680.35,2.38,2.42,1.02,0.99
28/07/2021,7:30:00 PM,7:30:42 PM,Shepparton,VIC,4,185690844,R4 2190m Trot M,185690845,Harness,2190,Trot,40335489,9,Kyvalley Surfrider,LOSER,2.43,WINNER,1.22,1802.42,3.8,2.24,2.38,2.46,17804.25,130,1.08,100,2.44,2173.52,1178.04,1.28,1.17,1.22,1.21,662.46,2.46,2.48,1.02,0.99
28/07/2021,7:30:00 PM,7:30:42 PM,Shepparton,VIC,4,185690844,R4 2190m Trot M,185690845,Harness,2190,Trot,1138402,10,Dances,LOSER,57.27,LOSER,9.55,117.15,130,44,70,69.99,102.9,690,8,690,81.29,36.89,83.12,,,,,,65,70,1.02,0.99
28/07/2021,7:30:00 PM,7:30:42 PM,Shepparton,VIC,4,185690844,R4 2190m Trot M,185690845,Harness,2190,Trot,28161170,11,The Red Warrior,LOSER,106.08,LOSER,14.3,59.6,210,46,110,97.95,95.05,940,90,780,296.38,21.68,113.58,11.5,11.5,11.5,11.5,5,85,120,1.02,0.99
28/07/2021,8:00:00 PM,8:00:49 PM,Shepparton,VIC,5,185690846,R5 1690m Pace M,185690847,Harness,1690,Pace,38388119,1,Driffing,LOSER,515.29,LOSER,105.22,74.83,530,85,390,255.1,77.71,690,240,350,488.72,9.21,28.33,110,32,110,42.71,71.99,270,530,1.02,0.98
28/07/2021,8:00:00 PM,8:00:49 PM,Shepparton,VIC,5,185690846,R5 1690m Pace M,185690847,Harness,1690,Pace,10811848,2,Lagom,LOSER,90,LOSER,9.4,190.42,130,26,100,82.06,251.25,1000,40,1000,103.37,36.63,189.62,8.4,8,8,8.08,100,95,110,1.02,0.98
28/07/2021,8:00:00 PM,8:00:49 PM,Shepparton,VIC,5,185690846,R5 1690m Pace M,185690847,Harness,1690,Pace,25751061,3,Secret Identity,LOSER,12,LOSER,2.56,319.14,20,10,11,12.01,1793.5,1000,7.2,1000,50.6,93.82,515.54,2.8,2.32,2.56,2.45,257.69,12.5,14,1.02,0.98
28/07/2021,8:00:00 PM,8:00:49 PM,Shepparton,VIC,5,185690846,R5 1690m Pace M,185690847,Harness,1690,Pace,14700221,4,Righteously,LOSER,138.89,LOSER,16.6,106.24,350,95,130,133.33,119.01,1000,95,1000,316.26,6.12,90.16,,,,,,100,120,1.02,0.98
28/07/2021,8:00:00 PM,8:00:49 PM,Shepparton,VIC,5,185690846,R5 1690m Pace M,185690847,Harness,1690,Pace,28416889,5,Madam Reactor,WINNER,8.4,WINNER,2.14,440.62,9.2,4.2,8.4,7.37,2712.94,8.8,1.01,1.01,1.58,3694.34,867.92,2.28,1.71,2.14,1.91,508.18,8.6,8.6,1.02,0.98
28/07/2021,8:00:00 PM,8:00:49 PM,Shepparton,VIC,5,185690846,R5 1690m Pace M,185690847,Harness,1690,Pace,13167486,6,Whata Glimpse,LOSER,26,WINNER,2.88,287.01,27,9.8,26,15.53,962.19,1000,12.5,690,71.54,35.95,673.15,2.98,2.56,2.96,2.84,137.38,14.5,16.5,1.02,0.98
28/07/2021,8:00:00 PM,8:00:49 PM,Shepparton,VIC,5,185690846,R5 1690m Pace M,185690847,Harness,1690,Pace,37619863,8,Changeover Girl,LOSER,7.69,WINNER,2.04,530.52,12,6.6,7.8,8.59,1509.75,1000,3.05,220,15.76,203.41,709.74,2.38,2.06,2.06,2.16,80.54,8.8,9.4,1.02,0.98
28/07/2021,8:00:00 PM,8:00:49 PM,Shepparton,VIC,5,185690846,R5 1690m Pace M,185690847,Harness,1690,Pace,4252078,9,Speed Dating,LOSER,18.6,LOSER,2.8,272.47,20,11.5,17,15.81,689.23,1000,21,690,72.23,46.47,1151.17,2.88,2.68,2.86,2.81,123.3,16,17,1.02,0.98
28/07/2021,8:00:00 PM,8:00:49 PM,Shepparton,VIC,5,185690846,R5 1690m Pace M,185690847,Harness,1690,Pace,28360732,10,Dancing With Flo,LOSER,1.79,LOSER,1.21,3869.87,2.84,1.76,1.84,1.92,22392.98,1000,1.77,1000,3.06,5351.95,1390.41,1.29,1.18,1.21,1.22,743.95,1.79,1.82,1.02,0.98
28/07/2021,8:30:00 PM,8:30:51 PM,Shepparton,VIC,6,185690848,R6 2190m Trot M,185690849,Harness,2190,Trot,38707070,1,Tequila Bree,LOSER,39.01,LOSER,11.1,191.61,60,36,40,45.24,203.85,690,22,690,43.94,33,163.72,7.6,7.6,7.6,7.6,50,42,48,1.04,0.97
28/07/2021,8:30:00 PM,8:30:51 PM,Shepparton,VIC,6,185690848,R6 2190m Trot M,185690849,Harness,2190,Trot,23294163,2,Lexington Queen,LOSER,40.31,LOSER,8.9,209.61,75,30,40,40.38,350.73,690,22,690,150.78,21.78,97.96,,,,,,44,48,1.04,0.97
28/07/2021,8:30:00 PM,8:30:51 PM,Shepparton,VIC,6,185690848,R6 2190m Trot M,185690849,Harness,2190,Trot,17428343,3,Queen Of Love,LOSER,8.13,WINNER,2.8,807.3,12,4.2,9,8.87,1962.65,220,1.5,220,14.59,496.45,515.74,3.15,2.72,2.86,3,112.12,10,11.5,1.04,0.97
28/07/2021,8:30:00 PM,8:30:51 PM,Shepparton,VIC,6,185690848,R6 2190m Trot M,185690849,Harness,2190,Trot,24406503,4,Petite Love,LOSER,33.69,LOSER,8.54,185.5,46,13.5,34,32.49,198.25,690,22,330,61.97,47.38,162.67,,,,,,32,38,1.04,0.97
28/07/2021,8:30:00 PM,8:30:51 PM,Shepparton,VIC,6,185690848,R6 2190m Trot M,185690849,Harness,2190,Trot,1222816,5,Birthday Suit,LOSER,8.15,LOSER,2.73,869.97,16,8.4,9,10.25,993.31,690,2.02,490,14.63,345.82,635.81,2.88,2.86,2.88,2.87,8.71,10,11,1.04,0.97
28/07/2021,8:30:00 PM,8:30:51 PM,Shepparton,VIC,6,185690848,R6 2190m Trot M,185690849,Harness,2190,Trot,16249726,6,Fields Of Kyvalley,WINNER,20.36,WINNER,5.95,363.14,25,15.5,21,20.48,405.49,21,1.01,1.01,1.91,2293.27,202.85,5.1,2.86,5.1,4.88,26.68,21,22,1.04,0.97
28/07/2021,8:30:00 PM,8:30:51 PM,Shepparton,VIC,6,185690848,R6 2190m Trot M,185690849,Harness,2190,Trot,12991225,7,Count Bacardi,LOSER,5.38,LOSER,1.89,1466.09,9,3.95,4.9,4.64,4784.17,690,2.98,690,7.45,580.07,964.1,2.36,1.79,1.98,2.02,238.66,4,4.2,1.04,0.97
28/07/2021,8:30:00 PM,8:30:51 PM,Shepparton,VIC,6,185690848,R6 2190m Trot M,185690849,Harness,2190,Trot,19167849,8,Rigondeaux,LOSER,19.63,LOSER,5.25,524.42,190,15.5,26,22.77,703.23,1000,12,1000,49.5,94.15,295.05,5,5,5,5,60.29,16.5,18.5,1.04,0.97
28/07/2021,8:30:00 PM,8:30:51 PM,Shepparton,VIC,6,185690848,R6 2190m Trot M,185690849,Harness,2190,Trot,1351303,9,Builder Bob,LOSER,3.52,LOSER,1.66,1769.69,4.4,2.5,3.6,3.59,11997.23,690,2.2,490,5.26,1100.91,1145.38,1.8,1.58,1.71,1.67,148.77,3.5,3.6,1.04,0.97
28/07/2021,8:30:00 PM,8:30:51 PM,Shepparton,VIC,6,185690848,R6 2190m Trot M,185690849,Harness,2190,Trot,36023679,10,Night Whisperer,LOSER,6.13,WINNER,2.48,1124.45,9.2,4.9,6.4,7.35,2406.03,690,2.2,330,7.27,499.88,433.98,3,2.3,2.3,2.38,43.38,8.4,8.8,1.04,0.97
28/07/2021,9:00:00 PM,9:01:13 PM,Shepparton,VIC,7,185690850,R7 2190m Pace M,185690851,Harness,2190,Pace,13354285,1,Village Encounter,LOSER,48.45,LOSER,7.2,159.97,85,38,70,49.48,177.22,690,20,450,45.9,30.14,235.25,7.6,6.4,7.2,6.86,107.56,44,48,1.04,0.97
28/07/2021,9:00:00 PM,9:01:13 PM,Shepparton,VIC,7,185690850,R7 2190m Pace M,185690851,Harness,2190,Pace,8352549,2,Barnbougle Jack,LOSER,116.01,LOSER,12.05,112.98,130,48,120,79.26,114.53,930,110,670,255.1,8.68,93.49,9.2,8,9.2,8.64,36.92,60,80,1.04,0.97
28/07/2021,9:00:00 PM,9:01:13 PM,Shepparton,VIC,7,185690850,R7 2190m Pace M,185690851,Harness,2190,Pace,25190387,3,Theultimate,LOSER,26.95,WINNER,5.45,253.76,100,25,34,32.78,280.96,1000,14.5,1000,35.88,66.7,197.73,6.8,5.2,5.3,5.67,30.75,28,32,1.04,0.97
28/07/2021,9:00:00 PM,9:01:13 PM,Shepparton,VIC,7,185690850,R7 2190m Pace M,185690851,Harness,2190,Pace,27346152,4,Bring The Flave,LOSER,1.95,WINNER,1.25,3392.3,3.75,1.92,1.97,2.14,17429.54,490,1.71,450,7.35,2561.86,1280.92,1.56,1.22,1.25,1.25,635.14,2.08,2.14,1.04,0.97
28/07/2021,9:00:00 PM,9:01:13 PM,Shepparton,VIC,7,185690850,R7 2190m Pace M,185690851,Harness,2190,Pace,25102775,5,Mea Culpa,LOSER,12.5,LOSER,2.92,540.15,13,7.8,13,10.65,1494.93,890,7.2,690,23.01,321.92,601.65,2.98,2.66,2.96,2.73,99.49,10,11,1.04,0.97
28/07/2021,9:00:00 PM,9:01:13 PM,Shepparton,VIC,7,185690850,R7 2190m Pace M,185690851,Harness,2190,Pace,5169772,6,Stanbyme,LOSER,8.11,LOSER,2.36,669.03,9.4,4.6,8.4,7.37,1735.22,690,2.94,120,17.64,346.07,724.45,2.32,1.98,2.26,2.06,157.68,8.2,9.2,1.04,0.97
28/07/2021,9:00:00 PM,9:01:13 PM,Shepparton,VIC,7,185690850,R7 2190m Pace M,185690851,Harness,2190,Pace,7320780,7,Isolation,LOSER,80,LOSER,9.31,88.95,85,24,75,60.91,153.11,1000,11,50,38.28,70.04,167.11,9,4.8,7.8,7.38,19.09,60,75,1.04,0.97
28/07/2021,9:00:00 PM,9:01:13 PM,Shepparton,VIC,7,185690850,R7 2190m Pace M,185690851,Harness,2190,Pace,30105444,8,Cheddar Valley,LOSER,14.62,LOSER,3.08,358.11,17,10.5,14.5,12.97,1756.24,1000,4.9,12.5,18.61,111.08,483.65,3.05,2.8,3.05,2.9,816.51,12.5,13.5,1.04,0.97
28/07/2021,9:00:00 PM,9:01:13 PM,Shepparton,VIC,7,185690850,R7 2190m Pace M,185690851,Harness,2190,Pace,23378529,9,Spencer,WINNER,6.81,WINNER,2.1,807.1,9.8,5.5,6.8,7.6,2335.46,12,1.01,1.01,1.74,3721.28,1164.99,2.72,2.04,2.18,2.21,1743.15,7.2,7.6,1.04,0.97
28/07/2021,9:00:00 PM,9:01:13 PM,Shepparton,VIC,7,185690850,R7 2190m Pace M,185690851,Harness,2190,Pace,11383404,10,Albarock,LOSER,85,LOSER,13.25,89.37,100,42,85,64.26,160.28,1000,14,90,45.91,28.35,106.41,15,8.4,11.5,12.03,33.41,55,80,1.04,0.97
28/07/2021,9:00:00 PM,9:01:13 PM,Shepparton,VIC,7,185690850,R7 2190m Pace M,185690851,Harness,2190,Pace,12076171,11,Sunrose Master,LOSER,154.48,LOSER,22.75,47.27,180,95,180,119.09,77.78,950,130,690,204.94,11.65,72.71,,,,,,100,110,1.04,0.97
28/07/2021,9:32:00 PM,9:33:03 PM,Shepparton,VIC,8,185690852,R8 1690m Pace M,185690853,Harness,1690,Pace,12272885,1,Hayjoshandco,LOSER,12.58,LOSER,2.96,533,15,7.2,13,12.27,529.25,690,3.25,500,17.19,254.89,340.72,3.2,2.38,2.96,2.75,870.06,13,13,0.95,0.98
28/07/2021,9:32:00 PM,9:33:03 PM,Shepparton,VIC,8,185690852,R8 1690m Pace M,185690853,Harness,1690,Pace,20587396,2,Tweet About It,LOSER,7.6,WINNER,2.49,985.31,13.5,6.6,8.4,8.01,743.5,450,2.82,450,7.43,630.06,841.97,2.96,2.36,2.52,2.43,73.15,8.6,9,0.95,0.98
28/07/2021,9:32:00 PM,9:33:03 PM,Shepparton,VIC,8,185690852,R8 1690m Pace M,185690853,Harness,1690,Pace,21771259,3,Shez Elite,WINNER,6.8,WINNER,2.27,621.91,8,3.15,6.6,5.89,2526.86,22,1.02,1.03,1.91,758.56,689.36,2.52,2.1,2.14,2.22,42.99,6.4,7,0.95,0.98
28/07/2021,9:32:00 PM,9:33:03 PM,Shepparton,VIC,8,185690852,R8 1690m Pace M,185690853,Harness,1690,Pace,19351750,4,Fantasy Beach,LOSER,3.85,LOSER,1.68,1399.61,9,3.65,3.9,4.11,6660.05,450,3.5,130,4.53,447.95,1147.07,2.12,1.66,1.68,1.75,1115.03,5.7,3.95,0.95,0.98
28/07/2021,9:32:00 PM,9:33:03 PM,Shepparton,VIC,8,185690852,R8 1690m Pace M,185690853,Harness,1690,Pace,13715342,6,Danman,LOSER,29,LOSER,6.7,195.48,34,21,30,25.41,274,900,46,900,100.83,20.14,209.2,,,,,,23,24,0.95,0.98
28/07/2021,9:32:00 PM,9:33:03 PM,Shepparton,VIC,8,185690852,R8 1690m Pace M,185690853,Harness,1690,Pace,39170096,8,Allvictory Hanover,LOSER,32,LOSER,8.7,188.38,34,16,32,21.73,332.05,690,17.5,75,48.83,37.6,147.15,,,,,,23,25,0.95,0.98
28/07/2021,9:32:00 PM,9:33:03 PM,Shepparton,VIC,8,185690852,R8 1690m Pace M,185690853,Harness,1690,Pace,35461149,9,My Mate Col,LOSER,125.72,LOSER,18.79,80.77,140,32,130,72.17,135.43,690,150,670,214.28,6.08,65.46,12,12,12,12,9.43,90,110,0.95,0.98
28/07/2021,9:32:00 PM,9:33:03 PM,Shepparton,VIC,8,185690852,R8 1690m Pace M,185690853,Harness,1690,Pace,25404154,10,Bee Gee Cee,LOSER,3.95,WINNER,1.8,1343.15,7,4.1,4.1,4.77,3106.94,450,2.42,450,3.57,737.5,442.59,2.2,1.77,1.79,1.9,202.3,4.5,4.9,0.95,0.98
28/07/2021,9:32:00 PM,9:33:03 PM,Shepparton,VIC,8,185690852,R8 1690m Pace M,185690853,Harness,1690,Pace,24339292,11,Tryna Portray,LOSER,13.71,LOSER,2.98,469.16,12,6.6,12,9.72,473.58,130,10.5,70,22.14,52.35,585.79,2.9,2.7,2.84,2.82,29.04,9.2,9.8,0.95,0.98
28/07/2021,10:00:00 PM,10:01:03 PM,Shepparton,VIC,9,185690854,R9 2190m Pace M,185690855,Harness,2190,Pace,28490986,1,Shady Jess,LOSER,8.9,LOSER,3.36,506.89,9.2,5.2,9.2,7.61,852.99,450,3.3,90,9.26,216.99,529.99,2.7,2.6,2.66,2.63,252.77,7.6,7.8,1.01,0.98
28/07/2021,10:00:00 PM,10:01:03 PM,Shepparton,VIC,9,185690854,R9 2190m Pace M,185690855,Harness,2190,Pace,3340028,2,Hard Road,WINNER,3.29,WINNER,1.7,1292.56,7.41,2.68,3.2,3.15,8056.53,10.5,1.01,1.01,2.66,1482.89,540.87,2.04,1.68,1.72,1.7,117.55,2.8,2.86,1.01,0.98
28/07/2021,10:00:00 PM,10:01:03 PM,Shepparton,VIC,9,185690854,R9 2190m Pace M,185690855,Harness,2190,Pace,40335491,3,Precious Tell,LOSER,24.51,LOSER,19.19,122.57,65,13.5,15,30.93,522.86,690,20,690,53.03,75.46,55.24,11,6.8,8,9.04,8.41,42,50,1.01,0.98
28/07/2021,10:00:00 PM,10:01:03 PM,Shepparton,VIC,9,185690854,R9 2190m Pace M,185690855,Harness,2190,Pace,40129458,5,Ajays Racer,LOSER,3.1,LOSER,1.9,1964.55,3.7,2.1,3.1,2.88,5403.4,690,2.48,690,9.66,584.76,418.32,2,1.46,2,1.97,280.31,3.35,3.55,1.01,0.98
28/07/2021,10:00:00 PM,10:01:03 PM,Shepparton,VIC,9,185690854,R9 2190m Pace M,185690855,Harness,2190,Pace,28737094,6,Lady Olivias Folly,LOSER,4.63,WINNER,2.39,1151.08,6.2,4.4,4.7,4.98,1447.91,130,1.95,100,2.65,2408.98,296.89,2.8,2.18,2.42,2.21,208.3,5,5.1,1.01,0.98
29/07/2021,3:09:00 PM,3:09:38 PM,Addington,NZ,1,185730775,R1 1980m Pace M,185730776,Harness,1980,Pace,6239907,1,Dhaulagiri,LOSER,,LOSER,,,14.5,11.5,14.5,12.75,36.3,,,,,,,,,,,,12,14.5,1.09,0.96
29/07/2021,3:09:00 PM,3:09:38 PM,Addington,NZ,1,185730775,R1 1980m Pace M,185730776,Harness,1980,Pace,40346516,2,Smiffys Terror,LOSER,,WINNER,,,8.4,7.4,8.2,7.65,103.63,,,,,,,2.76,2.3,2.56,2.44,116.06,7.4,8.2,1.09,0.96
29/07/2021,3:09:00 PM,3:09:38 PM,Addington,NZ,1,185730775,R1 1980m Pace M,185730776,Harness,1980,Pace,40346517,3,Blazing Impact,LOSER,,LOSER,,,29,15.5,29,23.69,2.59,,,,,,,,,,,,15.5,30,1.09,0.96
29/07/2021,3:09:00 PM,3:09:38 PM,Addington,NZ,1,185730775,R1 1980m Pace M,185730776,Harness,1980,Pace,26790774,4,Eastwood Isabella,WINNER,,WINNER,,,11,6.8,7.4,8.17,192.24,,,,,,,,,,,,8,8.4,1.09,0.96
29/07/2021,3:09:00 PM,3:09:38 PM,Addington,NZ,1,185730775,R1 1980m Pace M,185730776,Harness,1980,Pace,9192431,5,Pay Me Visa,LOSER,,LOSER,,,44,25,42,27.94,8.09,,,,,,,4.2,4.2,4.2,4.2,5,28,46,1.09,0.96
29/07/2021,3:09:00 PM,3:09:38 PM,Addington,NZ,1,185730775,R1 1980m Pace M,185730776,Harness,1980,Pace,40119309,6,Keisha,LOSER,,LOSER,,,10.5,8.2,10,9.08,114.26,,,,,,,2.94,2.48,2.94,2.5,25.03,8.4,9,1.09,0.96
29/07/2021,3:09:00 PM,3:09:38 PM,Addington,NZ,1,185730775,R1 1980m Pace M,185730776,Harness,1980,Pace,16074044,7,American Sniper,LOSER,,LOSER,,,21,12,18.5,14.54,80.16,,,,,,,,,,,,15,21,1.09,0.96
29/07/2021,3:09:00 PM,3:09:38 PM,Addington,NZ,1,185730775,R1 1980m Pace M,185730776,Harness,1980,Pace,36407598,8,Riveered,LOSER,,LOSER,,,2.74,2.22,2.24,2.37,1889,,,,,,,1.55,1.43,1.46,1.45,107.07,2.3,2.38,1.09,0.96
29/07/2021,3:09:00 PM,3:09:38 PM,Addington,NZ,1,185730775,R1 1980m Pace M,185730776,Harness,1980,Pace,40346518,9,Ashes Of Desire,LOSER,,WINNER,,,95,28,70,55.16,27.66,,,,,,,,,,,,46,75,1.09,0.96
29/07/2021,3:39:00 PM,3:39:30 PM,Addington,NZ,2,185730777,R2 2600m Trot S,185730778,Harness,2600,Trot,27572247,1,Zsahara,LOSER,,LOSER,,,32,32,32,32,5,,,,,,,,,,,,29,55,1.05,0.96
29/07/2021,3:39:00 PM,3:39:30 PM,Addington,NZ,2,185730777,R2 2600m Trot S,185730778,Harness,2600,Trot,35921139,2,Aldebaran Heather,LOSER,,LOSER,,,19,15.5,19,16.35,40.61,,,,,,,3.4,2.84,3.05,3.13,167,15.5,24,1.05,0.96
29/07/2021,3:39:00 PM,3:39:30 PM,Addington,NZ,2,185730777,R2 2600m Trot S,185730778,Harness,2600,Trot,40346519,3,Majesticmite,WINNER,,WINNER,,,3.15,2.48,2.54,2.69,622.83,,,,,,,1.69,1.33,1.36,1.59,71.79,2.62,2.64,1.05,0.96
29/07/2021,3:39:00 PM,3:39:30 PM,Addington,NZ,2,185730777,R2 2600m Trot S,185730778,Harness,2600,Trot,40194398,4,Tyene,LOSER,,WINNER,,,7.6,6.4,7,7,44.74,,,,,,,2.26,1.97,2.26,2.11,1,7,7.6,1.05,0.96
29/07/2021,3:39:00 PM,3:39:30 PM,Addington,NZ,2,185730777,R2 2600m Trot S,185730778,Harness,2600,Trot,23611686,5,Dreamsinthe Mist,LOSER,,LOSER,,,21,14.5,16.5,16.25,50.73,,,,,,,3.75,3.6,3.6,3.72,70.29,16,18,1.05,0.96
29/07/2021,3:39:00 PM,3:39:30 PM,Addington,NZ,2,185730777,R2 2600m Trot S,185730778,Harness,2600,Trot,4190909,6,Shes So Right,LOSER,,LOSER,,,90,48,90,51.84,9.91,,,,,,,,,,,,65,90,1.05,0.96
29/07/2021,3:39:00 PM,3:39:30 PM,Addington,NZ,2,185730777,R2 2600m Trot S,185730778,Harness,2600,Trot,5393809,7,Faith No More,LOSER,,WINNER,,,11,8.8,10.5,10.03,47.68,,,,,,,,,,,,9.4,10.5,1.05,0.96
29/07/2021,3:39:00 PM,3:39:30 PM,Addington,NZ,2,185730777,R2 2600m Trot S,185730778,Harness,2600,Trot,22360866,8,Make My Sundon,LOSER,,LOSER,,,4.5,4,4,4.2,243.47,,,,,,,,,,,,4.1,4.3,1.05,0.96
29/07/2021,4:09:00 PM,4:10:01 PM,Addington,NZ,3,185730779,R3 1980m Pace M,185730780,Harness,1980,Pace,612986,1,Fourth Amendment,LOSER,,LOSER,,,42,34,42,37.65,10,,,,,,,,,,,,36,90,1.04,0.96
29/07/2021,4:09:00 PM,4:10:01 PM,Addington,NZ,3,185730779,R3 1980m Pace M,185730780,Harness,1980,Pace,40346520,2,Kikorangi Blue,LOSER,,LOSER,,,4.9,3.45,4.2,4.05,416.59,,,,,,,2.14,1.77,1.94,1.79,33.09,4.1,4.5,1.04,0.96
29/07/2021,4:09:00 PM,4:10:01 PM,Addington,NZ,3,185730779,R3 1980m Pace M,185730780,Harness,1980,Pace,40346521,3,Bubba Scrub,LOSER,,WINNER,,,13.5,11.5,11.5,12.75,75.03,,,,,,,,,,,,12.5,16.5,1.04,0.96
29/07/2021,4:09:00 PM,4:10:01 PM,Addington,NZ,3,185730779,R3 1980m Pace M,185730780,Harness,1980,Pace,40346522,4,Sir Monty,LOSER,,LOSER,,,24,17,24,21.48,19.99,,,,,,,,,,,,20,24,1.04,0.96
29/07/2021,4:09:00 PM,4:10:01 PM,Addington,NZ,3,185730779,R3 1980m Pace M,185730780,Harness,1980,Pace,9622483,5,Prodigal Son,LOSER,,LOSER,,,25,18,24,20.13,16.21,,,,,,,,,,,,22,25,1.04,0.96
29/07/2021,4:09:00 PM,4:10:01 PM,Addington,NZ,3,185730779,R3 1980m Pace M,185730780,Harness,1980,Pace,40346523,6,Sweet Affinity,WINNER,,WINNER,,,2.04,1.82,1.94,1.93,1906.43,,,,,,,1.57,1.35,1.49,1.53,47.84,1.91,1.95,1.04,0.96
29/07/2021,4:09:00 PM,4:10:01 PM,Addington,NZ,3,185730779,R3 1980m Pace M,185730780,Harness,1980,Pace,40346524,8,Bender,LOSER,,LOSER,,,14,8.8,14,11.94,38.63,,,,,,,,,,,,13.5,14,1.04,0.96
29/07/2021,4:39:00 PM,4:40:39 PM,Addington,NZ,4,185730781,R4 2600m Trot S,185730782,Harness,2600,Trot,554242,1,Rachmaninov,LOSER,,LOSER,,,85,50,70,60.62,16.92,,,,,,,,,,,,65,70,1.13,0.85
29/07/2021,4:39:00 PM,4:40:39 PM,Addington,NZ,4,185730781,R4 2600m Trot S,185730782,Harness,2600,Trot,24051187,2,Dds Super Stuart,LOSER,,LOSER,,,25,19,19,19.82,27.06,,,,,,,,,,,,21,25,1.13,0.85
29/07/2021,4:39:00 PM,4:40:39 PM,Addington,NZ,4,185730781,R4 2600m Trot S,185730782,Harness,2600,Trot,9050225,3,Take After Me,LOSER,,LOSER,,,100,60,100,68.04,5.47,,,,,,,,,,,,80,100,1.13,0.85
29/07/2021,4:39:00 PM,4:40:39 PM,Addington,NZ,4,185730781,R4 2600m Trot S,185730782,Harness,2600,Trot,817710,4,Luminosity,LOSER,,WINNER,,,19.5,18,18.5,18.66,20.48,,,,,,,5,5,5,5,20,19,25,1.13,0.85
29/07/2021,4:39:00 PM,4:40:39 PM,Addington,NZ,4,185730781,R4 2600m Trot S,185730782,Harness,2600,Trot,25503913,6,Boyz Invasion,LOSER,,WINNER,,,60,22,26,36.67,0.53,,,,,,,,,,,,23,70,1.13,0.85
29/07/2021,4:39:00 PM,4:40:39 PM,Addington,NZ,4,185730781,R4 2600m Trot S,185730782,Harness,2600,Trot,22675864,7,Madeleine Stowe,LOSER,,LOSER,,,17,9,11.5,10.78,39.67,,,,,,,2.92,2.92,2.92,2.92,0.17,11.5,17,1.13,0.85
29/07/2021,4:39:00 PM,4:40:39 PM,Addington,NZ,4,185730781,R4 2600m Trot S,185730782,Harness,2600,Trot,503633,8,Excuse My French,LOSER,,LOSER,,,24,15,15,15.83,24.78,,,,,,,4.4,4.4,4.4,4.4,40,15,23,1.13,0.85
29/07/2021,4:39:00 PM,4:40:39 PM,Addington,NZ,4,185730781,R4 2600m Trot S,185730782,Harness,2600,Trot,40346525,9,Phoebe Onyx,LOSER,,LOSER,,,8.8,7.2,7.6,8.01,174.55,8,8,8,8,8.86,,,,,,,8.4,11,1.13,0.85
29/07/2021,4:39:00 PM,,Addington,NZ,4,185730781,R4 2600m Trot S,185730782,Harness,2600,Trot,26312011,10,Show Me The Gray,LOSER,,LOSER,,,,,,,,,,,,,,,,,,,,,,
29/07/2021,4:39:00 PM,4:40:39 PM,Addington,NZ,4,185730781,R4 2600m Trot S,185730782,Harness,2600,Trot,40346526,11,Harry Potter,LOSER,,LOSER,,,23,19,19.5,19.9,27.79,,,,,,,,,,,,19,24,1.13,0.85
29/07/2021,4:39:00 PM,4:40:39 PM,Addington,NZ,4,185730781,R4 2600m Trot S,185730782,Harness,2600,Trot,23390836,12,Fighting Fire,WINNER,,WINNER,,,5.2,3.55,3.85,4.12,471.81,,,,,,,2.18,1.81,1.84,1.92,56.41,3.6,4.3,1.13,0.85
29/07/2021,4:39:00 PM,4:40:39 PM,Addington,NZ,4,185730781,R4 2600m Trot S,185730782,Harness,2600,Trot,28596513,13,Yuri,LOSER,,LOSER,,,22,15.5,21,16.39,49.28,22,22,22,22,2,,,,,,,16,36,1.13,0.85
29/07/2021,4:39:00 PM,4:40:39 PM,Addington,NZ,4,185730781,R4 2600m Trot S,185730782,Harness,2600,Trot,21316701,14,King Cassidy,LOSER,,LOSER,,,11,7.4,11,8.28,212.45,,,,,,,3.4,3.4,3.4,3.4,10,9,13.5,1.13,0.85
29/07/2021,4:39:00 PM,4:40:39 PM,Addington,NZ,4,185730781,R4 2600m Trot S,185730782,Harness,2600,Trot,40346527,15,Springbank Mason,LOSER,,LOSER,,,8.8,6.6,7.8,6.82,441.3,7.4,6.6,7,7.09,56.62,,2.92,2.76,2.76,2.81,63.93,7.6,7.8,1.13,0.85
29/07/2021,5:09:00 PM,5:09:55 PM,Addington,NZ,5,185730783,R5 1980m Pace M,185730784,Harness,1980,Pace,40346528,1,Kowhai Shadow,LOSER,,LOSER,,,50,42,50,45.28,5.13,,,,,,,,,,,,46,130,1.09,0.9
29/07/2021,5:09:00 PM,5:09:55 PM,Addington,NZ,5,185730783,R5 1980m Pace M,185730784,Harness,1980,Pace,22201922,2,Invisible Girl,LOSER,,LOSER,,,25,19,25,20.01,23.44,,,,,,,,,,,,19,25,1.09,0.9
29/07/2021,5:09:00 PM,5:09:55 PM,Addington,NZ,5,185730783,R5 1980m Pace M,185730784,Harness,1980,Pace,40346529,3,Simply Delicious,WINNER,,WINNER,,,140,20,60,57.63,116.65,,,,,,,,,,,,44,70,1.09,0.9
29/07/2021,5:09:00 PM,5:09:55 PM,Addington,NZ,5,185730783,R5 1980m Pace M,185730784,Harness,1980,Pace,5836681,4,Cyrus,LOSER,,LOSER,,,1.92,1.62,1.7,1.73,3961.56,,,,,,,1.37,1.19,1.2,1.25,263.56,1.68,1.73,1.09,0.9
29/07/2021,5:09:00 PM,5:09:55 PM,Addington,NZ,5,185730783,R5 1980m Pace M,185730784,Harness,1980,Pace,27463345,5,Vesnina,LOSER,,WINNER,,,18,12,12.5,14.76,138.28,,,,,,,2.8,2.8,2.8,2.8,5,13,17.5,1.09,0.9
29/07/2021,5:09:00 PM,5:09:55 PM,Addington,NZ,5,185730783,R5 1980m Pace M,185730784,Harness,1980,Pace,11500793,6,Martin John,LOSER,,LOSER,,,130,34,95,48.49,6.34,,,,,,,,,,,,48,55,1.09,0.9
29/07/2021,5:09:00 PM,5:09:55 PM,Addington,NZ,5,185730783,R5 1980m Pace M,185730784,Harness,1980,Pace,3373233,7,Tiger Taylor,LOSER,,WINNER,,,16.5,11.5,11.5,12.97,66.9,,,,,,,3,2.72,3,2.75,42.79,12,16,1.09,0.9
29/07/2021,5:09:00 PM,5:09:55 PM,Addington,NZ,5,185730783,R5 1980m Pace M,185730784,Harness,1980,Pace,40346530,8,Slip The Hundy,LOSER,,LOSER,,,36,14.5,36,22.17,42.25,,,,,,,,,,,,21,60,1.09,0.9
29/07/2021,5:09:00 PM,5:09:55 PM,Addington,NZ,5,185730783,R5 1980m Pace M,185730784,Harness,1980,Pace,28024086,10,Le Tissier,LOSER,,LOSER,,,75,32,75,38.35,10.23,,,,,,,,,,,,42,75,1.09,0.9
29/07/2021,5:09:00 PM,5:09:55 PM,Addington,NZ,5,185730783,R5 1980m Pace M,185730784,Harness,1980,Pace,28596539,11,John James Preston,LOSER,,LOSER,,,24,18.5,20,22.13,54.51,,,,,,,3.45,3.45,3.45,3.45,50,19.5,26,1.09,0.9
29/07/2021,5:09:00 PM,5:09:55 PM,Addington,NZ,5,185730783,R5 1980m Pace M,185730784,Harness,1980,Pace,40346531,12,Itz To The Macs,LOSER,,LOSER,,,22,13,15.5,17.25,65.05,,,,,,,,,,,,13.5,21,1.09,0.9
29/07/2021,5:09:00 PM,5:09:55 PM,Addington,NZ,5,185730783,R5 1980m Pace M,185730784,Harness,1980,Pace,40346532,13,Mark Oronga,LOSER,,LOSER,,,120,65,120,75.29,17.6,,,,,,,8.2,8.2,8.2,8.2,5,65,150,1.09,0.9
29/07/2021,5:40:00 PM,5:40:30 PM,Addington,NZ,6,185730785,R6 1980m Trot M,185730786,Harness,1980,Trot,2490397,1,Sods Law,LOSER,,WINNER,,,75,24,30,37.57,40.62,,,,,,,7.4,6.2,6.8,7.12,195,38,42,1.05,0.96
29/07/2021,5:40:00 PM,5:40:30 PM,Addington,NZ,6,185730785,R6 1980m Trot M,185730786,Harness,1980,Trot,28587389,2,Kowhai Sundown,LOSER,,LOSER,,,14.5,9.6,13.5,12.47,171.76,,,,,,,,,,,,13.5,14,1.05,0.96
29/07/2021,5:40:00 PM,5:40:30 PM,Addington,NZ,6,185730785,R6 1980m Trot M,185730786,Harness,1980,Trot,25876731,3,Spy Da Moment,WINNER,,WINNER,,,19,15.5,18.5,17.63,18.35,,,,,,,,,,,,17.5,19,1.05,0.96
29/07/2021,5:40:00 PM,5:40:30 PM,Addington,NZ,6,185730785,R6 1980m Trot M,185730786,Harness,1980,Trot,17220485,4,Zsa Zoe,LOSER,,LOSER,,,32,32,32,32,0.02,,,,,,,,,,,,20,36,1.05,0.96
29/07/2021,5:40:00 PM,5:40:30 PM,Addington,NZ,6,185730785,R6 1980m Trot M,185730786,Harness,1980,Trot,35621166,5,Majestic Chick,LOSER,,LOSER,,,18.5,11.5,16.5,13.01,103.08,,,,,,,,,,,,11.5,12,1.05,0.96
29/07/2021,5:40:00 PM,5:40:30 PM,Addington,NZ,6,185730785,R6 1980m Trot M,185730786,Harness,1980,Trot,6096787,6,Time In A Bottle,LOSER,,LOSER,,,5.7,4.5,5.5,5.01,617.05,,,,,,,2.04,1.65,2.04,1.81,36.12,5.1,5.3,1.05,0.96
29/07/2021,5:40:00 PM,5:40:30 PM,Addington,NZ,6,185730785,R6 1980m Trot M,185730786,Harness,1980,Trot,13088576,7,Splash Cola,LOSER,,LOSER,,,5.8,5,5.1,5.41,254.32,,,,,,,2.46,2.12,2.12,2.14,386.37,5.1,5.6,1.05,0.96
29/07/2021,5:40:00 PM,5:40:30 PM,Addington,NZ,6,185730785,R6 1980m Trot M,185730786,Harness,1980,Trot,12893790,8,The Dominator,LOSER,,LOSER,,,7.6,6.4,6.4,6.76,120.42,,,,,,,2.78,2.14,2.78,2.23,65.03,6.6,7,1.05,0.96
29/07/2021,5:40:00 PM,5:40:30 PM,Addington,NZ,6,185730785,R6 1980m Trot M,185730786,Harness,1980,Trot,8603246,9,Benchmark,LOSER,,LOSER,,,40,25,36,29.69,5.62,,,,,,,,,,,,34,40,1.05,0.96
29/07/2021,5:40:00 PM,5:40:30 PM,Addington,NZ,6,185730785,R6 1980m Trot M,185730786,Harness,1980,Trot,12897507,10,Woodstone,LOSER,,WINNER,,,5.9,4,5.5,4.5,124.73,,,,,,,2.72,1.73,2.72,1.88,6.86,5.5,5.9,1.05,0.96
29/07/2021,6:10:00 PM,6:10:53 PM,Addington,NZ,7,185730787,R7 1980m Pace M,185730788,Harness,1980,Pace,23795390,1,Im Tough,LOSER,,LOSER,,,18,12.5,18,15.73,21.26,,,,,,,,,,,,15,17.5,1.05,0.96
29/07/2021,6:10:00 PM,6:10:53 PM,Addington,NZ,7,185730787,R7 1980m Pace M,185730788,Harness,1980,Pace,38150442,2,Rockntommy Rulz,LOSER,,LOSER,,,15,11.5,13.5,13.8,28.96,,,,,,,,,,,,14,20,1.05,0.96
29/07/2021,6:10:00 PM,6:10:53 PM,Addington,NZ,7,185730787,R7 1980m Pace M,185730788,Harness,1980,Pace,163132,3,Sugar Me,WINNER,,WINNER,,,2.38,1.61,1.66,1.71,1689.09,,,,,,,1.49,1.29,1.29,1.42,13.63,1.61,1.65,1.05,0.96
29/07/2021,6:10:00 PM,6:10:53 PM,Addington,NZ,7,185730787,R7 1980m Pace M,185730788,Harness,1980,Pace,36105225,4,Hilarious Prince,LOSER,,LOSER,,,38,36,38,36.7,4.76,,,,,,,9.8,9.8,9.8,9.8,5,38,55,1.05,0.96
29/07/2021,6:10:00 PM,6:10:53 PM,Addington,NZ,7,185730787,R7 1980m Pace M,185730788,Harness,1980,Pace,35921177,5,Champagneandwine,LOSER,,LOSER,,,26,18,20,18.46,11.76,,,,,,,,,,,,20,32,1.05,0.96
29/07/2021,6:10:00 PM,6:10:53 PM,Addington,NZ,7,185730787,R7 1980m Pace M,185730788,Harness,1980,Pace,26207038,6,Somekindawonderful,LOSER,,WINNER,,,7.8,3.9,7,6.68,179.92,,,,,,,2.62,2.02,2.6,2.59,33.17,7.2,7.8,1.05,0.96
29/07/2021,6:10:00 PM,6:10:53 PM,Addington,NZ,7,185730787,R7 1980m Pace M,185730788,Harness,1980,Pace,26790784,7,That Alexander Guy,LOSER,,LOSER,,,14.5,9.4,12,12.53,55.18,,,,,,,4.4,3.9,3.95,4.26,17,13,14.5,1.05,0.96
29/07/2021,6:39:00 PM,6:39:42 PM,Addington,NZ,8,185730789,R8 2600m Pace S,185730790,Harness,2600,Pace,39978519,1,Yankee Jay,LOSER,,WINNER,,,4.5,3,4.3,3.78,295.94,,,,,,,1.64,1.34,1.59,1.49,69.92,4.2,4.5,1.05,0.98
29/07/2021,6:39:00 PM,6:39:42 PM,Addington,NZ,8,185730789,R8 2600m Pace S,185730790,Harness,2600,Pace,1062898,2,Archie,LOSER,,LOSER,,,29,17,17,19.87,65.3,,,,,,,3.6,3.55,3.6,3.6,37.74,18.5,20,1.05,0.98
29/07/2021,6:39:00 PM,6:39:42 PM,Addington,NZ,8,185730789,R8 2600m Pace S,185730790,Harness,2600,Pace,1499450,3,Brother John,WINNER,,WINNER,,,4.8,3.9,4.3,4.36,123.55,,,,,,,1.75,1.61,1.61,1.63,3.12,4.2,4.6,1.05,0.98
29/07/2021,6:39:00 PM,6:39:42 PM,Addington,NZ,8,185730789,R8 2600m Pace S,185730790,Harness,2600,Pace,38014313,4,Eloel,LOSER,,LOSER,,,29,16,29,22.26,29.62,,,,,,,,,,,,24,27,1.05,0.98
29/07/2021,6:39:00 PM,6:39:42 PM,Addington,NZ,8,185730789,R8 2600m Pace S,185730790,Harness,2600,Pace,206218,5,Black Lace,LOSER,,LOSER,,,75,38,75,45.22,26.04,,,,,,,,,,,,44,46,1.05,0.98
29/07/2021,6:39:00 PM,6:39:42 PM,Addington,NZ,8,185730789,R8 2600m Pace S,185730790,Harness,2600,Pace,40346533,6,White Shark,LOSER,,LOSER,,,200,38,80,50.11,20.06,,,,,,,,,,,,55,80,1.05,0.98
29/07/2021,6:39:00 PM,6:39:42 PM,Addington,NZ,8,185730789,R8 2600m Pace S,185730790,Harness,2600,Pace,40281139,7,Get Outta Town,LOSER,,LOSER,,,3.85,2.92,3,3.06,1754.5,,,,,,,1.66,1.43,1.43,1.5,296.62,2.96,3.05,1.05,0.98
29/07/2021,6:39:00 PM,6:39:42 PM,Addington,NZ,8,185730789,R8 2600m Pace S,185730790,Harness,2600,Pace,40346534,8,Glitz And Glam,LOSER,,WINNER,,,12.5,9,9.8,10.66,247.71,,,,,,,2.78,2.4,2.7,2.4,58.1,9.6,11,1.05,0.98
29/07/2021,7:11:00 PM,7:11:39 PM,Addington,NZ,9,185730791,R9 1980m Pace M,185730792,Harness,1980,Pace,28091524,1,Markham Eyre,WINNER,,WINNER,,,5.2,3.8,4,4.18,671.34,,,,,,,2.06,2.06,2.06,2.06,0.05,4.2,4.5,1.08,0.98
29/07/2021,7:11:00 PM,7:11:39 PM,Addington,NZ,9,185730791,R9 1980m Pace M,185730792,Harness,1980,Pace,36484229,2,Shards In Manhattan,LOSER,,LOSER,,,7.8,4.7,4.7,5.63,456.41,,,,,,,2.24,1.82,1.82,1.82,24.46,4.9,5.2,1.08,0.98
29/07/2021,7:11:00 PM,7:11:39 PM,Addington,NZ,9,185730791,R9 1980m Pace M,185730792,Harness,1980,Pace,5099999,3,Mucho Macho Man,LOSER,,WINNER,,,11.5,6.4,9.6,9.33,162.62,,,,,,,2.8,2.64,2.68,2.74,40.26,9.8,11,1.08,0.98
29/07/2021,7:11:00 PM,7:11:39 PM,Addington,NZ,9,185730791,R9 1980m Pace M,185730792,Harness,1980,Pace,40346535,4,Sneak A Peek,LOSER,,WINNER,,,32,19.5,26,23.08,33.32,,,,,,,9.8,4.6,9.8,4.62,5.02,19.5,25,1.08,0.98
29/07/2021,7:11:00 PM,7:11:39 PM,Addington,NZ,9,185730791,R9 1980m Pace M,185730792,Harness,1980,Pace,40119308,5,Evangalist,LOSER,,LOSER,,,4.3,3.25,3.9,3.78,644.76,,,,,,,1.72,1.66,1.66,1.67,0.79,3.9,4.2,1.08,0.98
29/07/2021,7:11:00 PM,7:11:39 PM,Addington,NZ,9,185730791,R9 1980m Pace M,185730792,Harness,1980,Pace,19476849,6,Conquer Me,LOSER,,LOSER,,,100,29,40,42.92,29.72,,,,,,,16,16,16,16,0.02,38,40,1.08,0.98
29/07/2021,7:11:00 PM,7:11:39 PM,Addington,NZ,9,185730791,R9 1980m Pace M,185730792,Harness,1980,Pace,5126101,7,Saginaw,LOSER,,LOSER,,,40,15,27,21.98,22.48,,,,,,,9.8,6,9.8,6.04,1.01,21,32,1.08,0.98
29/07/2021,7:11:00 PM,7:11:39 PM,Addington,NZ,9,185730791,R9 1980m Pace M,185730792,Harness,1980,Pace,40346536,8,Sophia Bromac,LOSER,,LOSER,,,30,23,26,25.61,43.4,,,,,,,12.5,12.5,12.5,12.5,0.02,25,30,1.08,0.98
29/07/2021,7:11:00 PM,7:11:39 PM,Addington,NZ,9,185730791,R9 1980m Pace M,185730792,Harness,1980,Pace,9064042,9,Glenthorne,LOSER,,LOSER,,,21,8.4,21,10.81,377.91,,,,,,,5,3.05,5,3.61,7,9,9.4,1.08,0.98
29/07/2021,11:31:00 AM,11:33:05 AM,Albion Park,QLD,1,185730819,R1 1660m Pace M,185730820,Harness,1660,Pace,36297203,1,Doolittle Dexter,LOSER,10,WINNER,1.34,490.24,10.5,5.1,10.5,7.59,546.47,490,6,490,56.14,35.42,1355.76,1.46,1.29,1.35,1.3,52.63,7,7.6,1.02,0.99
29/07/2021,11:31:00 AM,11:33:05 AM,Albion Park,QLD,1,185730819,R1 1660m Pace M,185730820,Harness,1660,Pace,39732976,2,Golden Grin,LOSER,136.59,LOSER,6.59,56.33,150,30,150,129.01,19.45,780,130,690,140.64,12.97,16.91,8.4,6.4,8.4,6.67,3.23,140,150,1.02,0.99
29/07/2021,11:31:00 AM,11:33:05 AM,Albion Park,QLD,1,185730819,R1 1660m Pace M,185730820,Harness,1660,Pace,302063,3,So Much More,WINNER,1.27,WINNER,1.07,2892.84,1.57,1.21,1.21,1.31,21776.49,1.38,1.01,1.01,1.1,3101.71,1.03,1.14,1.06,1.08,1.09,1664.67,1.29,1.3,1.02,0.99
29/07/2021,11:31:00 AM,11:33:05 AM,Albion Park,QLD,1,185730819,R1 1660m Pace M,185730820,Harness,1660,Pace,28252586,4,Game Keeper,LOSER,170,WINNER,7.6,32.3,270,30,240,129.45,10.61,690,12,690,72.6,47.6,181.53,7.8,6,7.8,6.38,20.94,160,210,1.02,0.99
29/07/2021,11:31:00 AM,11:33:05 AM,Albion Park,QLD,1,185730819,R1 1660m Pace M,185730820,Harness,1660,Pace,39647894,5,Melton Killara,LOSER,124.92,LOSER,14.31,36.54,170,30,150,130.74,8.86,690,110,690,127.74,15.65,58.79,29,8.4,29,14.17,4.98,130,140,1.02,0.99
29/07/2021,11:31:00 AM,11:33:05 AM,Albion Park,QLD,1,185730819,R1 1660m Pace M,185730820,Harness,1660,Pace,27602024,6,Shemozzle,LOSER,122.16,LOSER,8.11,29.43,200,30,200,138.66,10.93,720,120,720,278.3,1.15,178.28,8,5.7,8,5.77,57.18,120,160,1.02,0.99
29/07/2021,11:31:00 AM,11:33:05 AM,Albion Park,QLD,1,185730819,R1 1660m Pace M,185730820,Harness,1660,Pace,28210661,7,Valkyrie Hanover,LOSER,140,LOSER,3.94,28.63,260,30,160,138.32,50.94,900,140,900,144.05,13.32,410.53,6,3.25,3.45,4.45,336.43,150,170,1.02,0.99
29/07/2021,11:31:00 AM,11:33:05 AM,Albion Park,QLD,1,185730819,R1 1660m Pace M,185730820,Harness,1660,Pace,40346365,8,Mister Rocktober,LOSER,16.5,LOSER,1.76,176.51,19.5,9.6,18.5,16.7,339.02,780,16.5,780,85.99,45.83,1098.95,1.9,1.65,1.68,1.67,114.6,16,16.5,1.02,0.99
29/07/2021,11:56:00 AM,11:57:03 AM,Albion Park,QLD,2,185730821,R2 1660m Pace M,185730822,Harness,1660,Pace,40021944,1,Outer Change,LOSER,62.55,LOSER,10.86,87.82,140,30,60,72.6,63.6,690,80,670,307.83,3.46,81.09,13.5,8.4,8.6,10.11,118.88,65,70,1.03,0.97
29/07/2021,11:56:00 AM,11:57:03 AM,Albion Park,QLD,2,185730821,R2 1660m Pace M,185730822,Harness,1660,Pace,40346366,2,Shakalakaboomboom,LOSER,29.44,LOSER,4.88,246.97,30,21,28,24.49,171.56,910,29,780,95.43,40.26,463.27,5,4.3,5,4.74,68.35,26,28,1.03,0.97
29/07/2021,11:56:00 AM,11:57:03 AM,Albion Park,QLD,2,185730821,R2 1660m Pace M,185730822,Harness,1660,Pace,40346367,3,Lookingforarainbow,LOSER,80,LOSER,10.5,93.83,110,30,90,80.51,45.58,690,32,690,252.32,12.01,9.06,10.5,10.5,10.5,10.5,0.92,80,95,1.03,0.97
29/07/2021,11:56:00 AM,11:57:03 AM,Albion Park,QLD,2,185730821,R2 1660m Pace M,185730822,Harness,1660,Pace,40346368,4,Rebline,WINNER,28.35,WINNER,5.45,136.31,28,8.2,25,18.51,131.92,44,1.01,1.01,1.41,3825.75,273.56,,,,,,25,28,1.03,0.97
29/07/2021,11:56:00 AM,11:57:03 AM,Albion Park,QLD,2,185730821,R2 1660m Pace M,185730822,Harness,1660,Pace,40346369,5,Always Be A Torque,LOSER,50,LOSER,12.32,64.01,100,30,46,45.11,70.15,930,29,760,160.81,13.06,163.62,,,,,,48,55,1.03,0.97
29/07/2021,11:56:00 AM,11:57:03 AM,Albion Park,QLD,2,185730821,R2 1660m Pace M,185730822,Harness,1660,Pace,39456348,6,Shadys Cullect,LOSER,7.8,WINNER,2.2,428.66,11.5,7,8.2,8.15,961.29,280,4.2,170,12.09,72.49,809.36,2.76,2.2,2.42,2.22,942.18,7.6,8.2,1.03,0.97
29/07/2021,11:56:00 AM,11:57:03 AM,Albion Park,QLD,2,185730821,R2 1660m Pace M,185730822,Harness,1660,Pace,40346370,7,Captain Shuffles,LOSER,11.5,LOSER,3.08,640.36,15.5,11,12,12.13,371.66,690,11,490,17.88,171.54,559.57,3.35,2.98,2.98,3.04,0.81,12,13,1.03,0.97
29/07/2021,11:56:00 AM,11:57:03 AM,Albion Park,QLD,2,185730821,R2 1660m Pace M,185730822,Harness,1660,Pace,1527559,8,Mystical Charm,LOSER,63.19,LOSER,7.7,160.97,46,28,44,37.13,103.64,690,19.5,480,53.4,53.01,210.6,6.8,6.2,6.2,6.71,23.67,38,40,1.03,0.97
29/07/2021,11:56:00 AM,11:57:03 AM,Albion Park,QLD,2,185730821,R2 1660m Pace M,185730822,Harness,1660,Pace,40061863,9,Harley Blue,LOSER,3.61,WINNER,1.53,1056.85,5.1,3.5,3.55,3.75,3016.8,140,1.3,130,4.49,269.65,1447.14,1.73,1.51,1.53,1.52,86.98,3.6,3.8,1.03,0.97
29/07/2021,11:56:00 AM,11:57:03 AM,Albion Park,QLD,2,185730821,R2 1660m Pace M,185730822,Harness,1660,Pace,40346371,10,Goodtime Roy,LOSER,2.96,LOSER,1.4,1732.02,2.92,2.2,2.84,2.47,6450.33,690,1.53,690,3.56,1496.87,1217.3,1.4,1.27,1.36,1.32,389.81,2.58,2.68,1.03,0.97
29/07/2021,12:28:00 PM,12:29:06 PM,Albion Park,QLD,3,185730823,R3 1660m Pace M,185730824,Harness,1660,Pace,6072470,1,Cindarockinrella,LOSER,2.23,LOSER,1.23,1920.31,2.36,1.87,2.04,1.97,12405.33,490,1.8,400,2.79,1413.51,1591.46,1.32,1.21,1.21,1.27,2569.43,1.93,1.95,1.03,0.98
29/07/2021,12:28:00 PM,12:29:06 PM,Albion Park,QLD,3,185730823,R3 1660m Pace M,185730824,Harness,1660,Pace,21530410,2,Tulhurst Lover,LOSER,53.27,WINNER,6.15,83.69,80,30,50,53.78,32.7,930,5.5,930,50.3,19.19,317,,,,,,50,65,1.03,0.98
29/07/2021,12:28:00 PM,12:29:06 PM,Albion Park,QLD,3,185730823,R3 1660m Pace M,185730824,Harness,1660,Pace,21724010,3,Elle Jay,LOSER,40.29,WINNER,5.19,131.51,70,27,38,46.47,78.34,690,50,690,83.18,16.03,446.57,6.2,3.45,5.5,4.53,92.54,40,46,1.03,0.98
29/07/2021,12:28:00 PM,12:29:06 PM,Albion Park,QLD,3,185730823,R3 1660m Pace M,185730824,Harness,1660,Pace,20725666,4,Teachers Pet,LOSER,6.8,LOSER,1.79,626.51,7.2,4.9,6.2,5.97,1448.26,490,2.2,490,4.48,1241.74,1135.91,1.85,1.74,1.85,1.74,601.54,6,6.4,1.03,0.98
29/07/2021,12:28:00 PM,12:29:06 PM,Albion Park,QLD,3,185730823,R3 1660m Pace M,185730824,Harness,1660,Pace,11186828,5,Living Free,LOSER,46,LOSER,8.1,118.3,120,30,46,57.05,98.43,930,4.7,690,9.05,407.92,189.97,12,6.8,6.8,7.95,271.48,48,60,1.03,0.98
29/07/2021,12:28:00 PM,12:29:06 PM,Albion Park,QLD,3,185730823,R3 1660m Pace M,185730824,Harness,1660,Pace,28319117,6,Trump Em Babe,LOSER,6.2,LOSER,2.15,984.56,6.6,4.2,6.2,6.01,685.85,880,1.9,880,14.8,1079,1241.5,2.78,1.89,2.78,1.97,506.37,6.2,6.6,1.03,0.98
29/07/2021,12:28:00 PM,12:29:06 PM,Albion Park,QLD,3,185730823,R3 1660m Pace M,185730824,Harness,1660,Pace,19101746,7,Gina Tarantella,WINNER,35,WINNER,5.45,167.38,50,29,30,35.66,155.18,170,1.01,1.01,1.33,5200.09,181.67,4.9,4.9,4.9,4.9,15,32,40,1.03,0.98
29/07/2021,12:28:00 PM,12:29:06 PM,Albion Park,QLD,3,185730823,R3 1660m Pace M,185730824,Harness,1660,Pace,27259398,8,Fastnflashy,LOSER,16.89,LOSER,3.35,297.29,21,14,17,18,226.04,490,16.5,490,38.22,44.68,536.2,3.9,3.25,3.45,3.6,119.82,19.5,21,1.03,0.98
29/07/2021,12:28:00 PM,12:29:06 PM,Albion Park,QLD,3,185730823,R3 1660m Pace M,185730824,Harness,1660,Pace,28587374,9,Kookaburraprincess,LOSER,28.68,LOSER,7.35,225.08,65,30,30,41.32,122.76,530,12.5,120,54.53,31.5,173.62,,,,,,32,38,1.03,0.98
29/07/2021,12:28:00 PM,12:29:06 PM,Albion Park,QLD,3,185730823,R3 1660m Pace M,185730824,Harness,1660,Pace,27453984,10,Quality Time,LOSER,171.11,LOSER,96.61,24.56,200,30,140,154.65,14.65,1000,7,1000,106.26,14.9,21.96,90,90,90,90,0.01,170,190,1.03,0.98
29/07/2021,1:03:00 PM,1:05:44 PM,Albion Park,QLD,4,185730825,R4 1660m Pace M,185730826,Harness,1660,Pace,8485607,1,Acer Animus,LOSER,64.09,LOSER,9.25,132.6,120,26,120,46.45,117.02,690,4.8,690,60.81,50.6,196.48,10.5,6.8,10.5,9.55,49.65,65,80,1.02,0.99
29/07/2021,1:03:00 PM,1:05:44 PM,Albion Park,QLD,4,185730825,R4 1660m Pace M,185730826,Harness,1660,Pace,36430770,2,Hanover Lecter,LOSER,7.14,LOSER,2.25,650.47,7.8,5.6,7,6.45,1786.1,690,7,300,20.56,89.23,772.52,2.22,2,2.14,2.05,181.21,6.2,6.6,1.02,0.99
29/07/2021,1:03:00 PM,1:05:44 PM,Albion Park,QLD,4,185730825,R4 1660m Pace M,185730826,Harness,1660,Pace,24783724,3,Mac Sweeney,WINNER,2.8,WINNER,1.51,1995.39,3.55,2.62,2.7,3.07,6750.33,2.8,1.01,1.03,1.39,5769.62,1122.82,1.58,1.41,1.45,1.47,57.95,3.3,3.35,1.02,0.99
29/07/2021,1:03:00 PM,1:05:44 PM,Albion Park,QLD,4,185730825,R4 1660m Pace M,185730826,Harness,1660,Pace,40091709,5,Rock Supreme,LOSER,75,LOSER,7.8,88.23,130,46,80,62.31,54.34,690,28,500,117.13,26.75,17.45,7.8,7.8,7.8,7.8,6.08,65,70,1.02,0.99
29/07/2021,1:03:00 PM,1:05:44 PM,Albion Park,QLD,4,185730825,R4 1660m Pace M,185730826,Harness,1660,Pace,40346373,6,Special Meaning,LOSER,8.11,WINNER,2.72,612.39,8.4,5.5,8.2,6.34,1961.52,690,2.8,170,13.94,128.67,374.96,2.74,1.9,2.72,2.48,64.24,5.8,6,1.02,0.99
29/07/2021,1:03:00 PM,1:05:44 PM,Albion Park,QLD,4,185730825,R4 1660m Pace M,185730826,Harness,1660,Pace,39520284,7,Innocent Heaven,LOSER,42,LOSER,6.15,135.44,50,22,48,36.18,160.23,690,42,690,67.73,44.97,150.24,,,,,,34,36,1.02,0.99
29/07/2021,1:03:00 PM,1:05:44 PM,Albion Park,QLD,4,185730825,R4 1660m Pace M,185730826,Harness,1660,Pace,28407303,8,Alex Tee,LOSER,164.8,LOSER,11.87,40.52,200,75,200,132.4,23.58,690,34,690,100.05,40.66,185.28,14,6.8,14,11.47,64.63,150,180,1.02,0.99
29/07/2021,1:03:00 PM,1:05:44 PM,Albion Park,QLD,4,185730825,R4 1660m Pace M,185730826,Harness,1660,Pace,37081751,9,Allmighty Max,LOSER,18.5,LOSER,3.27,250.62,19,9,16,15.12,295.59,780,11,490,37.56,50.52,524.97,3.1,3.05,3.1,3.05,5.47,15,15.5,1.02,0.99
29/07/2021,1:03:00 PM,1:05:44 PM,Albion Park,QLD,4,185730825,R4 1660m Pace M,185730826,Harness,1660,Pace,40346374,10,Barika,LOSER,3.8,WINNER,1.52,995.59,5.8,3.75,3.9,4.05,2567.46,690,3.3,400,10.09,272.56,1358.97,1.59,1.52,1.52,1.58,66.36,4,4.1,1.02,0.99
29/07/2021,1:38:00 PM,1:39:15 PM,Albion Park,QLD,5,185730827,R5 1660m Pace M,185730828,Harness,1660,Pace,16140152,1,Just One Good One,LOSER,24.66,LOSER,4.92,237.58,24,12.5,21,17.22,423.3,1000,4.2,1000,23.69,128.81,119.6,3.7,3.25,3.6,3.43,219.77,16.5,19,1.04,0.98
29/07/2021,1:38:00 PM,1:39:15 PM,Albion Park,QLD,5,185730827,R5 1660m Pace M,185730828,Harness,1660,Pace,10517680,2,Risky Buziness,WINNER,2.31,WINNER,1.5,2602.62,3.6,2.28,2.3,2.83,10572.2,2.74,1.01,1.01,1.4,12592.66,818.79,1.8,1.44,1.44,1.53,224.2,3,3.1,1.04,0.98
29/07/2021,1:38:00 PM,1:39:15 PM,Albion Park,QLD,5,185730827,R5 1660m Pace M,185730828,Harness,1660,Pace,25651761,3,Patchwork Jet,LOSER,11,LOSER,3.35,482.29,16,9,9.4,11.4,2599.34,1000,6.8,1000,41.93,123.84,489.07,2.84,2.84,2.84,2.84,1.96,11,11.5,1.04,0.98
29/07/2021,1:38:00 PM,1:39:15 PM,Albion Park,QLD,5,185730827,R5 1660m Pace M,185730828,Harness,1660,Pace,27185266,4,Todays Hero,LOSER,54.47,LOSER,27.95,149.62,60,38,50,43.36,179.44,1000,50,1000,109.55,15.04,,,,,,,38,42,1.04,0.98
29/07/2021,1:38:00 PM,1:39:15 PM,Albion Park,QLD,5,185730827,R5 1660m Pace M,185730828,Harness,1660,Pace,20169404,5,Beef City Starzzz,LOSER,70.13,LOSER,33.7,97.67,100,26,95,57.15,114.92,1000,60,1000,101.7,29.44,,,,,,,55,85,1.04,0.98
29/07/2021,1:38:00 PM,1:39:15 PM,Albion Park,QLD,5,185730827,R5 1660m Pace M,185730828,Harness,1660,Pace,38533859,6,Looks Just Right,LOSER,130,WINNER,163.77,44.34,250,110,140,157.46,48.29,1000,60,1000,242.34,7.6,0.45,110,110,110,110,0.47,120,220,1.04,0.98
29/07/2021,1:38:00 PM,1:39:15 PM,Albion Park,QLD,5,185730827,R5 1660m Pace M,185730828,Harness,1660,Pace,8495580,7,Altana Blue,LOSER,11.15,LOSER,2.5,472.15,13,8.8,10.5,10.44,1170.05,1000,5.3,490,20.67,182.48,287.02,2.88,2.44,2.88,2.59,115.11,9.6,10,1.04,0.98
29/07/2021,1:38:00 PM,1:39:15 PM,Albion Park,QLD,5,185730827,R5 1660m Pace M,185730828,Harness,1660,Pace,13715505,8,Abercrombie Tab,LOSER,15.42,LOSER,3.76,481.51,17,10.5,16.5,12.94,1810.78,1000,10,1000,46.13,116.25,253.71,4.2,3.7,3.7,4.08,33.16,14,14.5,1.04,0.98
29/07/2021,1:38:00 PM,1:39:15 PM,Albion Park,QLD,5,185730827,R5 1660m Pace M,185730828,Harness,1660,Pace,25440887,9,Faireachdainn,LOSER,7.92,LOSER,2.46,575.95,8,5.7,7.8,6.7,2095.84,1000,5,1000,24.85,181.47,266.37,2.34,2.12,2.12,2.15,16.08,6.2,6.6,1.04,0.98
29/07/2021,1:38:00 PM,1:39:15 PM,Albion Park,QLD,5,185730827,R5 1660m Pace M,185730828,Harness,1660,Pace,40346375,10,Estarday,LOSER,9.09,WINNER,2.35,623.41,8.8,5.6,8.8,6.58,1437.97,1000,2.7,130,11.8,350.79,441.71,2.12,2.12,2.12,2.12,50,6,6.4,1.04,0.98
29/07/2021,2:13:00 PM,2:14:33 PM,Albion Park,QLD,6,185730829,R6 1660m Pace M,185730830,Harness,1660,Pace,10853003,1,Moonlight Butcher,LOSER,30,LOSER,3.71,159.28,38,12.5,32,28.33,124.22,910,30,910,131.14,15.18,358.04,4.3,3.15,3.95,3.74,82.72,34,36,1.02,0.99
29/07/2021,2:13:00 PM,2:14:33 PM,Albion Park,QLD,6,185730829,R6 1660m Pace M,185730830,Harness,1660,Pace,39359456,2,Happy Publicans,WINNER,1.76,WINNER,1.22,1912.89,2,1.67,1.79,1.76,12278.52,3.1,1.01,1.01,1.17,6313.57,1590.04,1.32,1.22,1.22,1.24,369.84,1.74,1.77,1.02,0.99
29/07/2021,2:13:00 PM,2:14:33 PM,Albion Park,QLD,6,185730829,R6 1660m Pace M,185730830,Harness,1660,Pace,27703117,3,Torque In Control,LOSER,48.9,LOSER,5.33,93.03,50,40,46,44.05,39.75,920,48,920,128.39,16.36,349.04,4.1,4,4,4.05,25,42,44,1.02,0.99
29/07/2021,2:13:00 PM,2:14:33 PM,Albion Park,QLD,6,185730829,R6 1660m Pace M,185730830,Harness,1660,Pace,28407300,4,Melton Insulted,LOSER,140,LOSER,16.78,49.05,220,95,140,129.82,51.76,1000,28,680,224.65,8.34,77.09,,,,,,110,120,1.02,0.99
29/07/2021,2:13:00 PM,2:14:33 PM,Albion Park,QLD,6,185730829,R6 1660m Pace M,185730830,Harness,1660,Pace,16112284,5,Watts Up Letsplay,LOSER,170,LOSER,27.37,24.38,220,85,180,115.68,6.89,1000,170,700,451.45,2.64,45,,,,,,150,200,1.02,0.99
29/07/2021,2:13:00 PM,2:14:33 PM,Albion Park,QLD,6,185730829,R6 1660m Pace M,185730830,Harness,1660,Pace,25065799,6,Lets Hustle,LOSER,13,WINNER,2.88,364.14,14.5,6.4,12.5,11.5,360.18,780,3.9,500,9.44,463.81,647.79,3.1,3.1,3.1,3.1,5.04,12.5,13.5,1.02,0.99
29/07/2021,2:13:00 PM,2:14:33 PM,Albion Park,QLD,6,185730829,R6 1660m Pace M,185730830,Harness,1660,Pace,19150509,7,Montana Express,LOSER,14,WINNER,3.03,226.01,23,11.5,12.5,13.64,1893.69,780,6,580,38.46,70.69,421.18,3,2.66,2.9,2.89,21.15,13,13.5,1.02,0.99
29/07/2021,2:13:00 PM,2:14:33 PM,Albion Park,QLD,6,185730829,R6 1660m Pace M,185730830,Harness,1660,Pace,34142236,8,Pago Pago,LOSER,34,LOSER,4.3,155.78,32,22,30,26.82,172.39,920,6,920,67.74,60.74,259.83,4.3,3.95,4.3,3.96,53.64,26,28,1.02,0.99
29/07/2021,2:13:00 PM,2:14:33 PM,Albion Park,QLD,6,185730829,R6 1660m Pace M,185730830,Harness,1660,Pace,28419992,9,Crown Mojo,LOSER,15.93,LOSER,2.77,156.46,18.5,13.5,14,15.69,656.69,780,15.5,690,56.55,43.64,181.83,3.1,2.78,2.98,2.89,207.67,16,16.5,1.02,0.99
29/07/2021,2:13:00 PM,2:14:33 PM,Albion Park,QLD,6,185730829,R6 1660m Pace M,185730830,Harness,1660,Pace,19561914,10,High On Montana,LOSER,8.67,LOSER,2.36,249.69,13,7.8,7.8,8.43,1875.19,690,4.2,490,28.32,87.98,793.98,3.4,2.06,2.26,2.18,1059.93,8.2,8.6,1.02,0.99
29/07/2021,2:48:00 PM,2:49:09 PM,Albion Park,QLD,7,185730831,R7 1660m Pace M,185730832,Harness,1660,Pace,28015114,1,Franco Nandor,LOSER,1.92,LOSER,1.33,4466.95,2.46,1.85,1.85,2.04,13620.87,690,1.41,490,2.17,2416.89,2474.59,1.46,1.27,1.31,1.31,401.97,2.24,2.36,1.05,0.97
29/07/2021,2:48:00 PM,2:49:09 PM,Albion Park,QLD,7,185730831,R7 1660m Pace M,185730832,Harness,1660,Pace,14700219,2,Gwendalion,LOSER,19.58,LOSER,4.01,348.81,25,12.5,22,20.53,484.79,690,19.5,490,61.6,25.9,298.6,3.65,3.6,3.6,3.63,93,20,22,1.05,0.97
29/07/2021,2:48:00 PM,2:49:09 PM,Albion Park,QLD,7,185730831,R7 1660m Pace M,185730832,Harness,1660,Pace,28310964,3,Tinge Of Fear,LOSER,9.65,LOSER,3.07,556.84,18.5,9.6,10.5,11.95,752.39,910,9.6,710,44.92,118.94,421.11,3.25,2.8,2.8,3.1,56.03,12.5,13.5,1.05,0.97
29/07/2021,2:48:00 PM,2:49:09 PM,Albion Park,QLD,7,185730831,R7 1660m Pace M,185730832,Harness,1660,Pace,27788403,4,Typhoon Torque,LOSER,15.31,LOSER,4.55,264.11,27,14.5,18.5,18.44,297.69,690,23,280,71.75,22.11,209.71,4.1,3.65,4,3.91,27.41,21,23,1.05,0.97
29/07/2021,2:48:00 PM,2:49:09 PM,Albion Park,QLD,7,185730831,R7 1660m Pace M,185730832,Harness,1660,Pace,28273745,5,Jaziah,LOSER,8.94,LOSER,2.62,420.85,16.5,7.4,9.8,10.05,1798.98,690,6.2,490,43.25,64.47,398.36,3.4,2.58,2.58,3.03,229.84,9.8,10.5,1.05,0.97
29/07/2021,2:48:00 PM,2:49:09 PM,Albion Park,QLD,7,185730831,R7 1660m Pace M,185730832,Harness,1660,Pace,37454622,6,My Ultimate Heston,LOSER,25.3,WINNER,6.1,163.63,36,17.5,24,24.2,330.56,690,1.28,300,9.28,179.1,141.68,,,,,,23,28,1.05,0.97
29/07/2021,2:48:00 PM,2:49:09 PM,Albion Park,QLD,7,185730831,R7 1660m Pace M,185730832,Harness,1660,Pace,28866598,7,Be Good Benny,LOSER,27,WINNER,5.52,221.98,42,12.5,25,21.83,357.13,690,2,140,18.82,230.44,152.23,3.8,3.8,3.8,3.8,0.17,19.5,23,1.05,0.97
29/07/2021,2:48:00 PM,2:49:09 PM,Albion Park,QLD,7,185730831,R7 1660m Pace M,185730832,Harness,1660,Pace,40346376,8,Flight Crew,LOSER,163.69,LOSER,14.8,241.76,900,5.5,690,22.12,2749.66,1000,90,1000,197.76,179.32,103.66,30,2.1,30,5.47,87.12,6.8,7.4,1.05,0.97
29/07/2021,2:48:00 PM,2:49:09 PM,Albion Park,QLD,7,185730831,R7 1660m Pace M,185730832,Harness,1660,Pace,23476100,9,Jay Dee Be Rollin,WINNER,12.78,WINNER,3.99,321.12,23,10,11,15.29,405.07,16,1.01,1.01,1.31,6635.35,397.78,2.86,2.82,2.84,2.83,183.02,14.5,16.5,1.05,0.97
29/07/2021,2:48:00 PM,2:49:09 PM,Albion Park,QLD,7,185730831,R7 1660m Pace M,185730832,Harness,1660,Pace,20274178,10,La Pistola,LOSER,81.68,LOSER,14.75,118.22,120,50,110,77.83,87.63,690,70,300,102.64,28.79,,10,10,10,10,7,80,95,1.05,0.97
29/07/2021,3:28:00 PM,3:29:38 PM,Albion Park,QLD,8,185730833,R8 1660m Pace M,185730834,Harness,1660,Pace,8467709,1,Cashwrangs Smoker,LOSER,14.23,LOSER,2.68,419.57,29,15.5,16,19.69,499.19,190,12.5,190,20.9,85.43,471.53,2.94,2.68,2.68,2.74,493.73,20,22,1.03,0.99
29/07/2021,3:28:00 PM,3:29:38 PM,Albion Park,QLD,8,185730833,R8 1660m Pace M,185730834,Harness,1660,Pace,26207034,2,Skippys Delight,LOSER,1.82,LOSER,1.25,1518.51,2.1,1.64,1.65,1.8,9988.84,490,1.23,90,2.03,6249.93,1748.47,1.31,1.17,1.22,1.23,741.09,1.77,1.81,1.03,0.99
29/07/2021,3:28:00 PM,3:29:38 PM,Albion Park,QLD,8,185730833,R8 1660m Pace M,185730834,Harness,1660,Pace,4172562,3,Half Moon Beach,LOSER,171.11,LOSER,938.5,32.06,400,120,260,190.31,23.71,220,16,220,91.7,81.07,0.13,1000,50,50,522.22,0.13,140,250,1.03,0.99
29/07/2021,3:28:00 PM,3:29:38 PM,Albion Park,QLD,8,185730833,R8 1660m Pace M,185730834,Harness,1660,Pace,9365114,4,Springfield Spirit,LOSER,70.23,LOSER,11.05,50.01,260,46,85,77.98,67.33,85,2,2,50.58,34.61,,,,,,,65,80,1.03,0.99
29/07/2021,3:28:00 PM,3:29:38 PM,Albion Park,QLD,8,185730833,R8 1660m Pace M,185730834,Harness,1660,Pace,26359905,5,Lanoch Boy,LOSER,19.3,WINNER,4.52,236.6,26,16,25,21.38,220.43,80,1.3,1.3,13.95,116.4,340.89,3.45,3.45,3.45,3.45,0.57,21,22,1.03,0.99
29/07/2021,3:28:00 PM,3:29:38 PM,Albion Park,QLD,8,185730833,R8 1660m Pace M,185730834,Harness,1660,Pace,12847559,7,Theresachance,LOSER,29.47,WINNER,7.25,183.05,50,29,36,38.2,188.14,60,1.28,2.56,5.22,552.28,204.43,,,,,,38,40,1.03,0.99
29/07/2021,3:28:00 PM,3:29:38 PM,Albion Park,QLD,8,185730833,R8 1660m Pace M,185730834,Harness,1660,Pace,9569023,8,Monterey Jack,LOSER,20.37,LOSER,4.19,195.63,36,13.5,28,24.85,188.77,150,5.5,150,28.08,100.03,285.23,3.75,2.82,3.65,3.26,188.77,28,29,1.03,0.99
29/07/2021,3:28:00 PM,3:29:38 PM,Albion Park,QLD,8,185730833,R8 1660m Pace M,185730834,Harness,1660,Pace,12329884,9,Barkway Arnold,WINNER,8.33,WINNER,1.91,571.55,9.8,6.6,8,7.63,1039.65,36,2.94,2.94,11.38,120.59,1091.48,2.04,1.87,2,1.96,73.25,7.2,7.4,1.03,0.99
29/07/2021,3:28:00 PM,3:29:38 PM,Albion Park,QLD,8,185730833,R8 1660m Pace M,185730834,Harness,1660,Pace,17283803,10,Hammertime Harley,LOSER,9.81,LOSER,2.33,434.79,9.4,3.8,8,6.95,954.4,21,2.6,18,5.65,267.11,650.9,2.1,1.55,2.1,1.9,131.51,7,7.6,1.03,0.99
29/07/2021,4:08:00 PM,4:08:38 PM,Albion Park,QLD,9,185730835,R9 1660m Pace M,185730836,Harness,1660,Pace,28081706,1,Vienna Boy,LOSER,5.68,LOSER,2.14,1053.24,6,4.1,5.6,5.42,1446.34,490,2.18,490,5.04,682.05,279.09,2.2,1.93,1.93,2,885.15,5,5.5,1.06,0.97
29/07/2021,4:08:00 PM,4:08:38 PM,Albion Park,QLD,9,185730835,R9 1660m Pace M,185730836,Harness,1660,Pace,949888,2,Notorious,LOSER,6.77,WINNER,2.69,946.91,8.8,5.9,6.6,6.91,1422.16,8.6,1.07,1.17,2.17,3536.87,636.61,2.56,1.83,2.38,2.32,183.91,6.8,7.2,1.06,0.97
29/07/2021,4:08:00 PM,4:08:38 PM,Albion Park,QLD,9,185730835,R9 1660m Pace M,185730836,Harness,1660,Pace,17551401,3,Young Conqueror,WINNER,5.82,WINNER,2.54,1130.19,6.6,5.7,5.9,6.05,842.31,17.5,1.36,17.5,4.37,674.39,489.99,2.4,1.93,2.4,2.17,47.03,6.2,6.6,1.06,0.97
29/07/2021,4:08:00 PM,4:08:38 PM,Albion Park,QLD,9,185730835,R9 1660m Pace M,185730836,Harness,1660,Pace,40256426,4,Frost En Ice,LOSER,7.87,LOSER,2.88,439.04,12,7.4,8,8,1704,690,7.4,490,24.79,96.72,559.29,,,,,,8.6,9.2,1.06,0.97
29/07/2021,4:08:00 PM,4:08:38 PM,Albion Park,QLD,9,185730835,R9 1660m Pace M,185730836,Harness,1660,Pace,21082299,5,Katamach,LOSER,6.6,LOSER,2.49,647.68,8.4,5.7,6.6,6.51,3181.64,690,3.85,490,20.15,177.56,567.77,2.6,2.44,2.5,2.47,45.84,6.2,6.8,1.06,0.97
29/07/2021,4:08:00 PM,4:08:38 PM,Albion Park,QLD,9,185730835,R9 1660m Pace M,185730836,Harness,1660,Pace,15920920,6,Ohoka Jimmy,LOSER,7.95,WINNER,2.71,709.44,24,7.6,7.8,9.32,1155.38,290,3.05,130,15.44,121.17,338.75,2.78,2.68,2.78,2.72,109.09,8.8,10,1.06,0.97
29/07/2021,4:08:00 PM,4:08:38 PM,Albion Park,QLD,9,185730835,R9 1660m Pace M,185730836,Harness,1660,Pace,23131902,7,Kanye Crusader,LOSER,12.61,LOSER,4.44,371.54,15.5,11,12,13.31,489.82,490,12.5,490,45.21,48.14,335.96,3.75,3.75,3.75,3.75,0.57,13.5,15.5,1.06,0.97
29/07/2021,4:08:00 PM,4:08:38 PM,Albion Park,QLD,9,185730835,R9 1660m Pace M,185730836,Harness,1660,Pace,17441061,8,Saint Kilda Beach,LOSER,16.69,LOSER,6.38,299.51,25,16,17.5,19.2,218.44,140,8.2,65,25.11,99.91,165.17,4.5,4.4,4.5,4.47,20.05,17.5,21,1.06,0.97
29/07/2021,4:08:00 PM,4:08:38 PM,Albion Park,QLD,9,185730835,R9 1660m Pace M,185730836,Harness,1660,Pace,12525391,9,Parisian Rockstar,LOSER,30.66,LOSER,10.77,239.66,42,18,30,32.64,184.07,690,29,190,73.63,25.8,188.58,,,,,,32,36,1.06,0.97
29/07/2021,5:17:00 PM,5:26:04 PM,Bendigo,VIC,1,185731142,R1 2150m Trot M,185731143,Harness,2150,Trot,39296458,2,Trixy Nixie,LOSER,14.5,LOSER,1.84,476.27,36.19,10.95,14.5,18.74,2479.63,18,5,5,7.28,53.41,458.04,2.5,1.79,1.8,2.06,274.5,25,27,0.97,0.93
29/07/2021,5:17:00 PM,5:26:04 PM,Bendigo,VIC,1,185731142,R1 2150m Trot M,185731143,Harness,2150,Trot,40346350,3,Ollivici,LOSER,1.31,LOSER,1.08,3807.83,1.41,1.2,1.36,1.29,27839.07,230,1.29,230,4.14,1225.16,2254.93,1.12,1.08,1.1,1.09,2373.53,1.37,1.39,0.97,0.93
29/07/2021,5:17:00 PM,5:26:04 PM,Bendigo,VIC,1,185731142,R1 2150m Trot M,185731143,Harness,2150,Trot,40346351,4,Unspoken Love,LOSER,24.44,WINNER,6.8,501.31,90.48,8.95,28,19.11,7411.44,90,3.1,90,7.82,271.1,140.23,17.72,2.15,3.05,4.39,1143.14,12,13,0.97,0.93
29/07/2021,5:17:00 PM,5:26:04 PM,Bendigo,VIC,1,185731142,R1 2150m Trot M,185731143,Harness,2150,Trot,40346352,5,Jessicas Story,LOSER,86.3,LOSER,7.82,100.08,152.38,32.38,80,87.8,128.79,690,110,600,510.42,4.32,191.5,10,3.79,10,4.49,116.42,65,70,0.97,0.93
29/07/2021,5:17:00 PM,5:26:04 PM,Bendigo,VIC,1,185731142,R1 2150m Trot M,185731143,Harness,2150,Trot,38074586,6,Could Dowitharain,LOSER,45.8,LOSER,3.12,131.42,61.9,32.38,44,42.09,232.63,32,2.68,4,8.43,127.4,261.23,4.4,2.06,2.06,2.8,226.91,42,48,0.97,0.93
29/07/2021,5:17:00 PM,5:26:04 PM,Bendigo,VIC,1,185731142,R1 2150m Trot M,185731143,Harness,2150,Trot,39951925,7,Aldebaran Yahtzee,WINNER,110,WINNER,4.62,90.16,100,30.48,80,61.01,174.95,130,1.01,1.02,1.28,1019.18,366.63,14,2.91,8.8,4.64,112.71,65,80,0.97,0.93
29/07/2021,5:17:00 PM,5:26:04 PM,Bendigo,VIC,1,185731142,R1 2150m Trot M,185731143,Harness,2150,Trot,40198531,8,Aldebaran Lovisa,LOSER,43.39,LOSER,2.35,248.4,95,15.71,36,28.04,1079.55,400,2.1,2.1,35.17,250.12,558.78,4.34,1.88,2.8,2.16,811.02,22,24,0.97,0.93
29/07/2021,5:17:00 PM,5:26:04 PM,Bendigo,VIC,1,185731142,R1 2150m Trot M,185731143,Harness,2150,Trot,40346353,9,Supplanter,LOSER,106.32,WINNER,11.05,68.13,180.95,34.29,100,85.8,77.56,130,1.12,13,5.15,112.24,148.46,14.54,3.71,12.5,8.53,77.01,80,90,0.97,0.93
29/07/2021,5:42:00 PM,5:42:49 PM,Bendigo,VIC,2,185731144,R2 1650m Trot M,185731145,Harness,1650,Trot,25055039,1,Black And Gold,LOSER,55,LOSER,39.52,107.63,70,34,55,54.81,113.13,930,55,930,233.38,22.87,42.52,13,13,13,13,5,55,85,1.02,0.97
29/07/2021,5:42:00 PM,5:42:49 PM,Bendigo,VIC,2,185731144,R2 1650m Trot M,185731145,Harness,1650,Trot,36201157,2,Bacardi Chic,LOSER,70,LOSER,40.57,88.92,85,40,80,66.67,68.62,690,24,690,48.76,70.27,49.93,13.5,13.5,13.5,13.5,5,70,75,1.02,0.97
29/07/2021,5:42:00 PM,5:42:49 PM,Bendigo,VIC,2,185731144,R2 1650m Trot M,185731145,Harness,1650,Trot,18373531,3,Mystic Chip,LOSER,18.82,LOSER,7.64,175.94,30,12.5,19,21.66,279.53,690,12.5,690,35.42,27.96,256.63,6.4,6.4,6.4,6.4,13.51,23,25,1.02,0.97
29/07/2021,5:42:00 PM,5:42:49 PM,Bendigo,VIC,2,185731144,R2 1650m Trot M,185731145,Harness,1650,Trot,39287426,4,Shield Maiden,LOSER,14.24,LOSER,3.95,242.37,18,9.4,14.5,13.54,1056.85,1000,9,1000,67.54,129.95,518.62,4.2,3.4,3.95,3.9,38.87,11.5,12.5,1.02,0.97
29/07/2021,5:42:00 PM,5:42:49 PM,Bendigo,VIC,2,185731144,R2 1650m Trot M,185731145,Harness,1650,Trot,28273769,5,Everysecondcounts,LOSER,34,LOSER,9.4,151.04,42,25,38,36.55,96.15,690,19,690,38.27,44.84,183.84,9.2,9,9,9.04,149.82,36,38,1.02,0.97
29/07/2021,5:42:00 PM,5:42:49 PM,Bendigo,VIC,2,185731144,R2 1650m Trot M,185731145,Harness,1650,Trot,27973235,7,My Honey Dont,LOSER,3.89,WINNER,1.7,940.81,4.9,3.65,3.65,4.14,1636.54,690,3.5,490,16.46,216.48,1862.44,1.75,1.66,1.69,1.71,454.33,4,4.2,1.02,0.97
29/07/2021,5:42:00 PM,5:42:49 PM,Bendigo,VIC,2,185731144,R2 1650m Trot M,185731145,Harness,1650,Trot,30467398,8,Amour Fraternelle,WINNER,1.75,WINNER,1.32,2811.52,2.1,1.66,1.84,1.74,15222.65,1.84,1.01,1.01,1.21,4584.75,847.22,1.33,1.23,1.31,1.31,139.81,1.72,1.77,1.02,0.97
29/07/2021,6:07:00 PM,6:08:11 PM,Bendigo,VIC,3,185731146,R3 2150m Pace M,185731147,Harness,2150,Pace,20591977,1,Glens Of Tekoa,LOSER,50,LOSER,8.35,116.93,80,22,50,56.04,176.29,140,21,130,73.24,41.97,153.79,11,8,8,9.32,110.45,65,70,1.01,0.99
29/07/2021,6:07:00 PM,6:08:11 PM,Bendigo,VIC,3,185731146,R3 2150m Pace M,185731147,Harness,2150,Pace,36037033,2,Better Day,LOSER,22,WINNER,4.21,205.93,29,5.3,21,16.6,1540.51,500,16,500,197.03,62.17,340.13,4.5,2.92,4.5,3.3,343.81,16,17.5,1.01,0.99
29/07/2021,6:07:00 PM,6:08:11 PM,Bendigo,VIC,3,185731146,R3 2150m Pace M,185731147,Harness,2150,Pace,36214375,3,Dessie Gee,WINNER,1.44,WINNER,1.14,2922.18,2.62,1.4,1.44,1.49,20826.76,1.51,1.01,1.01,1.14,5860.73,1538.78,1.23,1.14,1.14,1.15,1065.67,1.43,1.45,1.01,0.99
29/07/2021,6:07:00 PM,6:08:11 PM,Bendigo,VIC,3,185731146,R3 2150m Pace M,185731147,Harness,2150,Pace,13488567,4,The High Roller,LOSER,50,LOSER,10.31,115.13,150,27,50,50.39,200.29,690,50,690,107.25,8.74,123.42,10.5,9.6,9.6,10.19,11.57,48,50,1.01,0.99
29/07/2021,6:07:00 PM,6:08:11 PM,Bendigo,VIC,3,185731146,R3 2150m Pace M,185731147,Harness,2150,Pace,28485680,5,Jets Art,LOSER,37.53,LOSER,6.83,134.75,42,21,32,34.38,349.01,690,36,690,80.04,37.59,200.34,7,6,6.4,6.34,72.08,36,38,1.01,0.99
29/07/2021,6:07:00 PM,6:08:11 PM,Bendigo,VIC,3,185731146,R3 2150m Pace M,185731147,Harness,2150,Pace,24252398,6,Hancocks Hero,LOSER,81.11,LOSER,27,117.45,210,44,100,104.34,91.07,690,40,690,90.63,28.47,60.34,27,27,27,27,3.02,100,120,1.01,0.99
29/07/2021,6:07:00 PM,6:08:11 PM,Bendigo,VIC,3,185731146,R3 2150m Pace M,185731147,Harness,2150,Pace,40346354,7,Animado,LOSER,5.48,LOSER,2.06,543.01,6.6,3.2,5.6,4.95,5028.52,690,4.9,490,16.03,240.3,398.73,2.18,1.35,2.18,2.03,202.7,5.6,5.7,1.01,0.99
29/07/2021,6:32:00 PM,6:32:33 PM,Bendigo,VIC,4,185731148,R4 1650m Trot M,185731149,Harness,1650,Trot,22281492,1,Ima Ziabee,LOSER,8.93,LOSER,1.95,736.41,16,9,9.2,11.1,1523.35,690,3.6,690,11.68,336.51,807.82,2.48,1.88,1.89,2.07,442.05,10,11,1.05,0.97
29/07/2021,6:32:00 PM,6:32:33 PM,Bendigo,VIC,4,185731148,R4 1650m Trot M,185731149,Harness,1650,Trot,9497134,2,A Nip Will Do,LOSER,44,LOSER,4.31,187.37,48,29,38,36.08,320.5,690,25,690,52.91,14.9,244.13,5.2,4.3,4.3,4.46,19.09,29,34,1.05,0.97
29/07/2021,6:32:00 PM,6:32:33 PM,Bendigo,VIC,4,185731148,R4 1650m Trot M,185731149,Harness,1650,Trot,18863932,3,Mulberry Pie,LOSER,13.31,WINNER,2.42,598.92,19.5,11,14,14.16,1233.23,490,12.5,170,61.39,55.37,662.66,2.74,2.38,2.38,2.43,163.66,11,12,1.05,0.97
29/07/2021,6:32:00 PM,6:32:33 PM,Bendigo,VIC,4,185731148,R4 1650m Trot M,185731149,Harness,1650,Trot,35672013,4,Countess Chiron,LOSER,94.54,LOSER,14,83.78,800,32,230,70.25,378.56,1000,75,930,110.02,43.24,6.53,22,5.1,22,10.67,75.28,34,44,1.05,0.97
29/07/2021,6:32:00 PM,6:32:33 PM,Bendigo,VIC,4,185731148,R4 1650m Trot M,185731149,Harness,1650,Trot,14160660,5,Di Li,LOSER,3.6,WINNER,1.49,1572.25,5.4,3.45,3.65,3.79,3329.54,240,1.07,130,4.69,600.73,1097.57,1.75,1.45,1.49,1.51,319.96,3.55,3.7,1.05,0.97
29/07/2021,6:32:00 PM,6:32:33 PM,Bendigo,VIC,4,185731148,R4 1650m Trot M,185731149,Harness,1650,Trot,3381113,6,Tetra,LOSER,22.03,LOSER,3.4,357.72,30,19.5,24,22.59,359.02,690,10,540,27.34,81.6,584.76,3.7,3.05,3.4,3.36,33.15,21,23,1.05,0.97
29/07/2021,6:32:00 PM,6:32:33 PM,Bendigo,VIC,4,185731148,R4 1650m Trot M,185731149,Harness,1650,Trot,2047168,7,Baltica,WINNER,2.07,WINNER,1.29,3549.28,2.34,1.65,2.1,2.06,14259.46,14,1.01,1.01,1.49,5168.1,972.08,1.32,1.2,1.28,1.28,562.06,2.14,2.34,1.05,0.97
29/07/2021,6:59:00 PM,7:00:01 PM,Bendigo,VIC,5,185731150,R5 2150m Pace M,185731151,Harness,2150,Pace,37582028,1,Regality,LOSER,116.61,LOSER,15,70.48,190,70,120,107.26,73.66,1000,50,1000,128.78,13.88,58.64,21,9.8,11.5,11.66,54.6,95,140,1.02,0.97
29/07/2021,6:59:00 PM,7:00:01 PM,Bendigo,VIC,5,185731150,R5 2150m Pace M,185731151,Harness,2150,Pace,40129597,2,Sunrise Ruby,LOSER,11.5,LOSER,3.08,538.57,16,7,12,9.34,2088.75,1000,4.4,1000,17.29,252.12,687.85,3.45,2.48,3.1,2.93,604.05,10,11.5,1.02,0.97
29/07/2021,6:59:00 PM,7:00:01 PM,Bendigo,VIC,5,185731150,R5 2150m Pace M,185731151,Harness,2150,Pace,38848241,3,Madam Auckland,LOSER,44.51,LOSER,7.06,194.23,60,24,48,42.04,141.72,1000,28,1000,132.34,21.62,209.77,8,6.8,6.8,7.29,64.12,40,42,1.02,0.97
29/07/2021,6:59:00 PM,7:00:01 PM,Bendigo,VIC,5,185731150,R5 2150m Pace M,185731151,Harness,2150,Pace,40346356,4,Our Kinky Boots,WINNER,13.96,WINNER,3.55,508.47,24,13.5,15,15.97,489.04,20,1.01,1.01,1.74,3153.97,350.98,3.5,3.35,3.35,3.44,85.09,15,15.5,1.02,0.97
29/07/2021,6:59:00 PM,7:00:01 PM,Bendigo,VIC,5,185731150,R5 2150m Pace M,185731151,Harness,2150,Pace,28223507,6,Southern Burgundy,LOSER,2.71,WINNER,1.65,2438.21,3.1,1.82,2.8,2.65,10034.22,490,1.3,420,3.28,1843.11,1088.31,1.67,1.26,1.58,1.52,642.1,3,3.05,1.02,0.97
29/07/2021,6:59:00 PM,7:00:01 PM,Bendigo,VIC,5,185731150,R5 2150m Pace M,185731151,Harness,2150,Pace,28091433,7,No Motive,LOSER,16.5,LOSER,4.3,465.51,25,14.5,16.5,17.47,444.65,1000,16.5,490,55.12,43.26,289.32,6.4,4.1,4.1,4.21,38.87,15.5,16,1.02,0.97
29/07/2021,6:59:00 PM,7:00:01 PM,Bendigo,VIC,5,185731150,R5 2150m Pace M,185731151,Harness,2150,Pace,28535656,8,Ozzie Playgirl,LOSER,12.76,WINNER,3.31,513.94,17.5,10.5,12,12.23,581.89,1000,5.7,490,19.05,148.13,565.1,3.4,2.62,3.4,2.73,51.1,11,11.5,1.02,0.97
29/07/2021,6:59:00 PM,7:00:01 PM,Bendigo,VIC,5,185731150,R5 2150m Pace M,185731151,Harness,2150,Pace,40346358,9,Matacey Mac,LOSER,130,LOSER,34.75,48.03,170,46,140,100.48,83.76,1000,130,1000,181.14,15.47,,19,19,19,19,0.3,110,120,1.02,0.97
29/07/2021,6:59:00 PM,7:00:01 PM,Bendigo,VIC,5,185731150,R5 2150m Pace M,185731151,Harness,2150,Pace,40346359,10,Deadly Error,LOSER,7.4,LOSER,2.63,813.63,12,6,7.4,8.24,1240.44,1000,5.5,1000,26.85,112.87,599.12,3,2.46,2.46,2.49,49.31,7.6,8,1.02,0.97
29/07/2021,6:59:00 PM,7:00:01 PM,Bendigo,VIC,5,185731150,R5 2150m Pace M,185731151,Harness,2150,Pace,40346360,11,Call Me Diva,LOSER,7.12,LOSER,2.5,1074.59,15.5,7.8,7.8,8.79,1227.32,1000,4.7,690,11.09,470.64,474.18,2.86,2.26,2.56,2.39,80.01,8.2,8.6,1.02,0.97
29/07/2021,6:59:00 PM,7:00:01 PM,Bendigo,VIC,5,185731150,R5 2150m Pace M,185731151,Harness,2150,Pace,40346361,12,Okinawa Beach,LOSER,18.5,LOSER,4.45,395.33,29,13.5,17,17.91,423.34,690,17.5,690,32.66,76.73,360.1,,,,,,15.5,16.5,1.02,0.97
29/07/2021,7:30:00 PM,7:30:35 PM,Bendigo,VIC,6,185731152,R6 2150m Trot S,185731153,Harness,2150,Trot,37224870,1,Aldebaran Belle,WINNER,24.5,WINNER,3.59,229.54,32,16.5,27,25.59,351.03,65,1.01,1.01,2.45,1581.77,514.23,3.8,3.8,3.8,3.8,0.02,26,30,1.03,0.98
29/07/2021,7:30:00 PM,7:30:35 PM,Bendigo,VIC,6,185731152,R6 2150m Trot S,185731153,Harness,2150,Trot,40249215,2,Malhana Muscles,LOSER,180,LOSER,21.9,47.91,480,80,190,242.85,66.03,1000,180,1000,575.53,4.06,48.99,17.5,17,17.5,17.11,20,320,430,1.03,0.98
29/07/2021,7:30:00 PM,7:30:35 PM,Bendigo,VIC,6,185731152,R6 2150m Trot S,185731153,Harness,2150,Trot,24229029,3,Christmas Babe,LOSER,16.13,WINNER,2.66,337.49,24,12,18.5,17.42,660.7,490,6.2,450,11.91,345.58,609.26,3.05,2.64,2.68,2.7,229.82,17.5,20,1.03,0.98
29/07/2021,7:30:00 PM,7:30:35 PM,Bendigo,VIC,6,185731152,R6 2150m Trot S,185731153,Harness,2150,Trot,9586613,4,Hanging On A Dream,LOSER,20.87,LOSER,3.11,324.23,30,13,23,21.51,405.71,720,14,720,32.85,136.44,1092.19,3.7,2.52,3.2,3.21,414.66,25,27,1.03,0.98
29/07/2021,7:30:00 PM,7:30:35 PM,Bendigo,VIC,6,185731152,R6 2150m Trot S,185731153,Harness,2150,Trot,38262339,5,Missucci,LOSER,1.55,LOSER,1.19,3272.84,2.26,1.47,1.55,1.67,22533.04,690,1.51,690,2.14,4552.95,1562.84,1.34,1.16,1.19,1.23,2106.81,1.5,1.53,1.03,0.98
29/07/2021,7:30:00 PM,7:30:35 PM,Bendigo,VIC,6,185731152,R6 2150m Trot S,185731153,Harness,2150,Trot,5259651,6,No Biggie,LOSER,8,WINNER,1.69,667.77,8,4.8,7.8,6.7,2651.35,170,1.67,170,5.11,497.85,1071.73,1.78,1.58,1.72,1.65,422,7,7.4,1.03,0.98
29/07/2021,7:30:00 PM,7:30:35 PM,Bendigo,VIC,6,185731152,R6 2150m Trot S,185731153,Harness,2150,Trot,23914095,7,Madeakillin,LOSER,23,LOSER,3.42,244.44,29,10.5,25,22.69,282.11,690,16,300,49.01,33.09,407.96,3.5,2.88,3.5,3.25,61.76,25,29,1.03,0.98
29/07/2021,7:30:00 PM,7:30:35 PM,Bendigo,VIC,6,185731152,R6 2150m Trot S,185731153,Harness,2150,Trot,789250,8,Ofortuna,LOSER,23.14,LOSER,4.45,324.51,36,11,25,27.47,455.63,690,15.5,300,36.09,40.66,312.54,4.5,4.4,4.4,4.4,88.83,29,32,1.03,0.98
29/07/2021,7:30:00 PM,7:30:35 PM,Bendigo,VIC,6,185731152,R6 2150m Trot S,185731153,Harness,2150,Trot,9118056,10,Sunofatrump,LOSER,180.89,LOSER,28.51,41.49,270,42,250,170.68,40.47,860,100,860,209.98,8.63,50.59,38,24,24,28.67,0.06,220,250,1.03,0.98
29/07/2021,8:00:00 PM,8:01:18 PM,Bendigo,VIC,7,185731154,R7 1650m Pace M,185731155,Harness,1650,Pace,23708799,1,Elenna,LOSER,6.97,LOSER,2.15,726.11,19.5,6.8,7.4,9.76,3199.49,1000,6.6,1000,22.34,183.17,680.33,2.76,2.12,2.3,2.42,546.63,11,11.5,1.02,0.98
29/07/2021,8:00:00 PM,8:01:18 PM,Bendigo,VIC,7,185731154,R7 1650m Pace M,185731155,Harness,1650,Pace,11978909,2,Markleigh Caz,LOSER,55,LOSER,8.8,125.16,100,50,50,67.22,214.35,1000,38,1000,94.35,23.16,108.82,,,,,,50,55,1.02,0.98
29/07/2021,8:00:00 PM,8:01:18 PM,Bendigo,VIC,7,185731154,R7 1650m Pace M,185731155,Harness,1650,Pace,12462183,3,Sassyfeet,LOSER,21.8,LOSER,6.36,263.22,34,16,21,24.5,738.42,1000,8.8,690,32.55,122.26,291.62,8.8,5.7,8.2,8.41,100.83,22,24,1.02,0.98
29/07/2021,8:00:00 PM,8:01:18 PM,Bendigo,VIC,7,185731154,R7 1650m Pace M,185731155,Harness,1650,Pace,30463828,4,Life Gets Better,LOSER,6.59,WINNER,2.76,978.46,20,6.6,6.8,8.1,2263.69,1000,6.4,1000,14.16,221.47,431.98,2.7,2.26,2.3,2.39,83.65,8.2,8.4,1.02,0.98
29/07/2021,8:00:00 PM,8:01:18 PM,Bendigo,VIC,7,185731154,R7 1650m Pace M,185731155,Harness,1650,Pace,40346362,5,No Glitz No Glory,WINNER,3.33,WINNER,1.58,1485.72,3.65,1.65,3.4,2.64,9267.13,3.35,1.01,1.01,1.37,6977.17,1294.18,1.91,1.21,1.88,1.57,583.91,2.84,2.88,1.02,0.98
29/07/2021,8:00:00 PM,8:01:18 PM,Bendigo,VIC,7,185731154,R7 1650m Pace M,185731155,Harness,1650,Pace,24228794,6,Geraldton Wax,LOSER,6.8,LOSER,2.04,635.44,12.5,5,6.6,6.08,1942.89,1000,6.8,490,32.12,66.82,957.52,2.2,1.8,2,1.94,194.95,5.9,6,1.02,0.98
29/07/2021,8:00:00 PM,8:01:18 PM,Bendigo,VIC,7,185731154,R7 1650m Pace M,185731155,Harness,1650,Pace,14700291,7,Shawami Lass,LOSER,95,LOSER,13.45,120.28,110,55,80,70.37,122.14,1000,80,1000,163.7,10.72,63.1,10,9.8,10,9.98,70.19,55,60,1.02,0.98
29/07/2021,8:00:00 PM,8:01:18 PM,Bendigo,VIC,7,185731154,R7 1650m Pace M,185731155,Harness,1650,Pace,28319100,8,Polly Peachum,LOSER,48.06,LOSER,7.55,97.56,60,38,38,44.52,269.1,1000,42,1000,93.42,30.65,142.87,6.8,5.5,5.8,5.76,93.04,42,44,1.02,0.98
29/07/2021,8:00:00 PM,8:01:18 PM,Bendigo,VIC,7,185731154,R7 1650m Pace M,185731155,Harness,1650,Pace,27303024,9,Lilnova,LOSER,23.43,LOSER,5.38,241.58,38,22,24,27.3,238.24,1000,23,1000,59.78,31.25,303.9,,,,,,24,25,1.02,0.98
29/07/2021,8:00:00 PM,8:01:18 PM,Bendigo,VIC,7,185731154,R7 1650m Pace M,185731155,Harness,1650,Pace,40346363,10,Punt For Pleasure,LOSER,7.01,WINNER,3.08,623.32,15.5,7,7.2,8.11,997.41,690,6.4,490,24.36,212.08,166.28,2.66,2.16,2.38,2.33,48.45,7.6,8,1.02,0.98
29/07/2021,8:30:00 PM,8:31:15 PM,Bendigo,VIC,8,185731156,R8 2150m Pace M,185731157,Harness,2150,Pace,39098115,1,Runaway Celebrity,WINNER,1.76,WINNER,1.18,2595.32,2.3,1.55,1.79,1.74,22271.92,1.8,1.01,1.01,1.31,7838.96,1448.83,1.24,1.12,1.19,1.21,3597.07,1.77,1.85,1.02,0.97
29/07/2021,8:30:00 PM,8:31:15 PM,Bendigo,VIC,8,185731156,R8 2150m Pace M,185731157,Harness,2150,Pace,22153248,3,Manassa Sky,LOSER,262.43,LOSER,40.26,32.35,380,85,340,186.06,47.5,1000,200,1000,370.28,9.6,49.66,65,25,25,40.32,1.47,200,210,1.02,0.97
29/07/2021,8:30:00 PM,8:31:15 PM,Bendigo,VIC,8,185731156,R8 2150m Pace M,185731157,Harness,2150,Pace,9363111,4,Herehecomes,LOSER,25,WINNER,3.08,99.75,36,15.5,24,23.75,603.23,1000,18,1000,65.05,49.1,434.72,3.8,3.05,3.2,3.21,327.2,22,24,1.02,0.97
29/07/2021,8:30:00 PM,8:31:15 PM,Bendigo,VIC,8,185731156,R8 2150m Pace M,185731157,Harness,2150,Pace,16921942,5,Roll Along Styx,LOSER,77.73,LOSER,8.13,76.22,130,26,85,61.32,140.73,1000,95,1000,404.55,5.39,220.62,9,9,9,9,0.02,55,60,1.02,0.97
29/07/2021,8:30:00 PM,8:31:15 PM,Bendigo,VIC,8,185731156,R8 2150m Pace M,185731157,Harness,2150,Pace,22307634,6,Where Ya Bin,LOSER,130,LOSER,9.1,52.29,150,60,150,100.8,82.01,1000,130,1000,496.93,3.69,98.78,10,8,8.2,8.23,12.31,85,95,1.02,0.97
29/07/2021,8:30:00 PM,8:31:15 PM,Bendigo,VIC,8,185731156,R8 2150m Pace M,185731157,Harness,2150,Pace,12190949,7,Carl Mattgregor,LOSER,201,LOSER,14.25,20.75,220,85,220,124.39,67.12,1000,85,1000,623.15,3.04,,,,,,,100,110,1.02,0.97
29/07/2021,8:30:00 PM,8:31:15 PM,Bendigo,VIC,8,185731156,R8 2150m Pace M,185731157,Harness,2150,Pace,1178267,8,Untitled,LOSER,6.4,WINNER,1.41,859.56,9.2,4.8,6.8,6.87,3897.84,1000,4.8,1000,17.23,367.75,1627.39,1.69,1.41,1.44,1.52,2645.07,6.2,6.8,1.02,0.97
29/07/2021,8:30:00 PM,8:31:15 PM,Bendigo,VIC,8,185731156,R8 2150m Pace M,185731157,Harness,2150,Pace,11953577,9,Keayang Da Vinci,LOSER,97.26,LOSER,6.44,84.84,110,38,110,70.09,89.75,1000,120,1000,448.58,4.08,271.82,6.2,5.6,6.2,6.08,61.32,50,55,1.02,0.97
29/07/2021,8:30:00 PM,8:31:15 PM,Bendigo,VIC,8,185731156,R8 2150m Pace M,185731157,Harness,2150,Pace,39387773,10,Daylight At Dawn,LOSER,4.66,LOSER,1.42,1296.81,6.4,3.85,4.6,4.9,5482.78,690,4.3,350,19.89,205.52,2703.48,1.67,1.4,1.43,1.48,1388.24,5.4,5.6,1.02,0.97
29/07/2021,9:04:00 PM,9:05:12 PM,Bendigo,VIC,9,185731158,R9 1650m Pace M,185731159,Harness,1650,Pace,14509982,1,Cee Cee Norman,LOSER,41.51,LOSER,11.44,164.53,50,21,42,33.18,422.87,690,5.9,38,52.76,48.19,97.71,12,8.2,12,8.99,15.1,30,32,0.96,0.99
29/07/2021,9:04:00 PM,9:05:12 PM,Bendigo,VIC,9,185731158,R9 1650m Pace M,185731159,Harness,1650,Pace,24368837,2,Lucinda Jamar,LOSER,3.1,WINNER,1.78,1771.49,3.7,2.32,3.1,2.98,10363.68,1000,1.75,490,5.03,2973.12,766.53,1.74,1.67,1.7,1.72,133.73,3.35,2.96,0.96,0.99
29/07/2021,9:04:00 PM,9:05:12 PM,Bendigo,VIC,9,185731158,R9 1650m Pace M,185731159,Harness,1650,Pace,35934770,5,The Blue Wren,LOSER,7.1,LOSER,3.18,568.74,7.6,4,7.2,6.2,2254.13,690,6,690,15.1,176.51,335.17,2.98,2.42,2.96,2.68,72.79,6.6,6.8,0.96,0.99
29/07/2021,9:04:00 PM,9:05:12 PM,Bendigo,VIC,9,185731158,R9 1650m Pace M,185731159,Harness,1650,Pace,20945866,6,Honey Cullen,LOSER,13.56,LOSER,6.35,408.84,95,12.5,13,20.73,636.06,690,10.5,690,61.9,55.55,203.97,7,5.8,7,5.83,40.53,17.5,18.5,0.96,0.99
29/07/2021,9:04:00 PM,9:05:12 PM,Bendigo,VIC,9,185731158,R9 1650m Pace M,185731159,Harness,1650,Pace,23505250,7,Sportifico,WINNER,2.69,WINNER,1.72,1940.64,5.6,2.46,2.7,2.85,11617.75,4.6,1.01,1.01,1.88,6138.42,819.77,1.95,1.65,1.65,1.67,95.51,2.88,2.9,0.96,0.99
29/07/2021,9:04:00 PM,9:05:12 PM,Bendigo,VIC,9,185731158,R9 1650m Pace M,185731159,Harness,1650,Pace,28672016,8,Ardent Bliss,LOSER,12,LOSER,4.5,361.8,24,7.4,12,11.41,2231.62,690,8,490,33.22,92.22,307.43,6.2,3.8,4.2,4.54,115.83,13,13.5,0.96,0.99
29/07/2021,6:14:00 PM,6:14:36 PM,Penrith,NSW,1,185728179,R1 1720m Pace M,185728180,Harness,1720,Pace,28373454,1,Ed Mendes,LOSER,4.37,LOSER,,1387.33,6.8,4.6,5.3,5.16,912.8,100,1.98,46,6.38,309.28,,2.2,1.84,1.84,1.92,56.23,5.3,5.7,1.06,0.98
29/07/2021,6:14:00 PM,6:14:36 PM,Penrith,NSW,1,185728179,R1 1720m Pace M,185728180,Harness,1720,Pace,1012561,2,Chezmac,LOSER,9.14,WINNER,,483.12,7.8,5.6,6.2,6.27,462.07,10.5,1.5,1.52,3.05,1193.27,,2.52,2.1,2.1,2.33,5.23,5.7,6.2,1.06,0.98
29/07/2021,6:14:00 PM,6:14:36 PM,Penrith,NSW,1,185728179,R1 1720m Pace M,185728180,Harness,1720,Pace,32448071,3,Letsplayuni,LOSER,32.88,LOSER,,174.96,85,12,40,40.15,158.2,1000,24,1000,108.91,61.32,,,,,,,40,44,1.06,0.98
29/07/2021,6:14:00 PM,6:14:36 PM,Penrith,NSW,1,185728179,R1 1720m Pace M,185728180,Harness,1720,Pace,27627411,4,Miss Daytona,WINNER,3.4,WINNER,,991.05,4.5,2.94,3.2,3.44,3168.73,12,2.02,3.05,3.07,1159.93,,1.68,1.5,1.53,1.52,23.19,3.35,3.5,1.06,0.98
29/07/2021,6:14:00 PM,6:14:36 PM,Penrith,NSW,1,185728179,R1 1720m Pace M,185728180,Harness,1720,Pace,28249576,5,Art Of Grange,LOSER,32,LOSER,,112.12,40,25,32,30.83,192.36,890,14.5,300,42.82,46.93,,6.2,5,5,5.69,145.09,30,34,1.06,0.98
29/07/2021,6:14:00 PM,6:14:36 PM,Penrith,NSW,1,185728179,R1 1720m Pace M,185728180,Harness,1720,Pace,35510500,6,Mister Armstrong,LOSER,9.31,WINNER,,352.56,9.4,6.6,9,7.82,243.9,38,5,38,9.55,301.79,,2.4,2.4,2.4,2.4,23,7.2,7.6,1.06,0.98
29/07/2021,6:14:00 PM,6:14:36 PM,Penrith,NSW,1,185728179,R1 1720m Pace M,185728180,Harness,1720,Pace,8525168,7,Don Kee,LOSER,15.63,LOSER,,180.81,95,15.5,20,21.16,321.21,130,6.4,80,18.92,92.61,,5,3.35,3.35,4.41,51.31,18,20,1.06,0.98
29/07/2021,6:14:00 PM,6:14:36 PM,Penrith,NSW,1,185728179,R1 1720m Pace M,185728180,Harness,1720,Pace,27193290,8,Oh Daddy,LOSER,16.5,LOSER,,92.86,18,10,15,14.3,366.97,420,11.5,280,26.33,98.03,,4.7,3.25,3.7,4.03,78.55,15,19.5,1.06,0.98
29/07/2021,6:14:00 PM,6:14:36 PM,Penrith,NSW,1,185728179,R1 1720m Pace M,185728180,Harness,1720,Pace,11274868,9,Special Pony,LOSER,79.24,LOSER,,110.09,80,42,80,61.31,72.78,690,70,690,94.15,22.74,,,,,,,60,80,1.06,0.98
29/07/2021,6:14:00 PM,6:14:36 PM,Penrith,NSW,1,185728179,R1 1720m Pace M,185728180,Harness,1720,Pace,28036872,10,Shades Of Heaven,LOSER,15.87,LOSER,,271.22,19.5,8.6,18,14.44,76.27,280,7.6,280,34.07,58.33,,,,,,,16.5,18,1.06,0.98
29/07/2021,6:46:00 PM,6:47:50 PM,Penrith,NSW,2,185728181,R2 1720m Pace M,185728182,Harness,1720,Pace,28210646,1,Little Bliss,WINNER,5.55,WINNER,,1057.51,6.4,4.3,5.9,5.54,3033.19,5.8,1.01,1.02,1.82,2557.58,,2.28,1.85,2.1,1.96,169.57,5.9,6,1.04,0.98
29/07/2021,6:46:00 PM,6:47:50 PM,Penrith,NSW,2,185728181,R2 1720m Pace M,185728182,Harness,1720,Pace,7455119,3,Clementsorrell,LOSER,15.92,WINNER,,270.1,14.5,8,14.5,10.44,513.68,1000,6,140,27.14,106.35,,4.4,4.4,4.4,4.4,0.02,9.4,11,1.04,0.98
29/07/2021,6:46:00 PM,6:47:50 PM,Penrith,NSW,2,185728181,R2 1720m Pace M,185728182,Harness,1720,Pace,12542067,4,Lynnsanity,LOSER,8.8,WINNER,,661.59,24,8.4,9,10.64,1087.57,1000,4.3,1000,25.95,82.49,,3.85,2.38,2.82,2.67,290.08,9.4,10,1.04,0.98
29/07/2021,6:46:00 PM,6:47:50 PM,Penrith,NSW,2,185728181,R2 1720m Pace M,185728182,Harness,1720,Pace,20962657,5,Motu Hot Topic,LOSER,36,LOSER,,103.77,46,16,36,29.75,502.38,1000,40,1000,138.6,20.89,,5.6,5.6,5.6,5.6,5,27,29,1.04,0.98
29/07/2021,6:46:00 PM,6:47:50 PM,Penrith,NSW,2,185728181,R2 1720m Pace M,185728182,Harness,1720,Pace,13580006,6,Flyin Circles,LOSER,82.57,LOSER,,105.86,200,60,90,120.8,161.12,1000,80,900,170.73,14.07,,17,16.5,16.5,16.81,5.94,140,170,1.04,0.98
29/07/2021,6:46:00 PM,6:47:50 PM,Penrith,NSW,2,185728181,R2 1720m Pace M,185728182,Harness,1720,Pace,1093556,7,Flying Pegasus,LOSER,6.2,LOSER,,892.5,8.6,5.3,6.8,7.04,2122.99,1000,2.02,1000,17.25,273.18,,2.28,2.04,2.12,2.14,623.33,7,7.4,1.04,0.98
29/07/2021,6:46:00 PM,6:47:50 PM,Penrith,NSW,2,185728181,R2 1720m Pace M,185728182,Harness,1720,Pace,26981208,8,Reckon Im Smart,LOSER,4.63,LOSER,,1256.16,5.8,2.16,5.2,4.42,4237.63,1000,2,100,9.05,632.91,,2.3,1.51,2.12,2.09,215.27,4.8,5.1,1.04,0.98
29/07/2021,6:46:00 PM,6:47:50 PM,Penrith,NSW,2,185728181,R2 1720m Pace M,185728182,Harness,1720,Pace,17443409,9,Ultimate Ad,LOSER,4.41,LOSER,,1340.3,9.6,4.3,4.6,5.1,2644.97,1000,3.7,1000,13.99,229.3,,2.32,1.94,1.94,2.25,123.3,4.6,4.7,1.04,0.98
29/07/2021,6:46:00 PM,6:47:50 PM,Penrith,NSW,2,185728181,R2 1720m Pace M,185728182,Harness,1720,Pace,8424087,10,Ohoka Royal,LOSER,27.69,LOSER,,188.3,38,18.5,24,25.27,338.51,1000,19.5,1000,67.31,52.19,,4.7,4.4,4.4,4.43,44.63,23,27,1.04,0.98
29/07/2021,7:18:00 PM,7:19:16 PM,Penrith,NSW,3,185728183,R3 1720m Pace M,185728184,Harness,1720,Pace,24075024,1,Miss Serena,LOSER,36.76,LOSER,,175.27,320,36,48,65.31,151.5,930,32,930,94.42,54.04,,8.2,6,6,7.1,310.44,65,90,1.06,0.98
29/07/2021,7:18:00 PM,7:19:16 PM,Penrith,NSW,3,185728183,R3 1720m Pace M,185728184,Harness,1720,Pace,23437913,2,Beiderbecke,WINNER,3.75,WINNER,,1348.78,5.6,3.65,3.8,3.96,2703.38,25,1.01,1.01,1.67,2675.93,,1.65,1.59,1.61,1.61,109.36,3.9,4.1,1.06,0.98
29/07/2021,7:18:00 PM,7:19:16 PM,Penrith,NSW,3,185728183,R3 1720m Pace M,185728184,Harness,1720,Pace,11771812,3,Glenferrie Duster,LOSER,210,LOSER,,49.73,480,130,280,209.35,37.53,700,200,690,224.56,19.15,,21,17.5,17.5,19.07,10,180,280,1.06,0.98
29/07/2021,7:18:00 PM,7:19:16 PM,Penrith,NSW,3,185728183,R3 1720m Pace M,185728184,Harness,1720,Pace,2892650,4,Spock,LOSER,3.79,WINNER,,2245.58,4.5,2.54,4.1,3.45,5077.89,100,1.14,100,2.64,2712.43,,1.66,1.46,1.66,1.59,333.04,3.25,3.4,1.06,0.98
29/07/2021,7:18:00 PM,7:19:16 PM,Penrith,NSW,3,185728183,R3 1720m Pace M,185728184,Harness,1720,Pace,36484042,5,Blazin Beauty,LOSER,15.51,LOSER,,376.79,19,10.5,15.5,13.66,761.92,1000,15.5,1000,121.38,64.25,,3.15,2.76,2.96,2.97,1053.09,13,15.5,1.06,0.98
29/07/2021,7:18:00 PM,7:19:16 PM,Penrith,NSW,3,185728183,R3 1720m Pace M,185728184,Harness,1720,Pace,35896656,6,Major Jarod,LOSER,225.53,LOSER,,41.32,480,95,310,221.64,50.82,700,210,690,308.97,21.08,,22,15,22,15.37,210.84,210,240,1.06,0.98
29/07/2021,7:18:00 PM,7:19:16 PM,Penrith,NSW,3,185728183,R3 1720m Pace M,185728184,Harness,1720,Pace,1373965,7,The Raconteur,LOSER,12.8,LOSER,,535.25,40,13,15,15.93,872.63,910,12,910,35.3,101.16,,3.55,3.2,3.4,3.42,107.13,14,17,1.06,0.98
29/07/2021,7:18:00 PM,7:19:16 PM,Penrith,NSW,3,185728183,R3 1720m Pace M,185728184,Harness,1720,Pace,40346331,8,Boyzhavtime,LOSER,5.24,WINNER,,720.17,5.8,2.96,4.6,4.66,3426.88,690,4,690,11.39,151.13,,2.08,1.72,1.75,1.78,892.27,4.8,5.2,1.06,0.98
29/07/2021,7:18:00 PM,7:19:16 PM,Penrith,NSW,3,185728183,R3 1720m Pace M,185728184,Harness,1720,Pace,12714380,9,Miss Aeyla,LOSER,44.39,LOSER,,199.68,150,30,70,51.27,116.02,900,38,690,59.86,45.82,,11,9,11,9.17,29.96,46,50,1.06,0.98
29/07/2021,7:18:00 PM,7:19:16 PM,Penrith,NSW,3,185728183,R3 1720m Pace M,185728184,Harness,1720,Pace,40173365,10,Scottie Mach,LOSER,9.4,LOSER,,602.71,18.5,8.4,9.4,10.46,1247.05,690,8.2,490,25.64,146.92,,3.2,2.5,2.5,2.59,15.17,11.5,12,1.06,0.98
29/07/2021,7:45:00 PM,7:45:53 PM,Penrith,NSW,4,185728185,R4 1720m Pace M,185728186,Harness,1720,Pace,23632684,1,Kezzamac,LOSER,15.85,WINNER,,419.04,18,11,14,13.43,573.59,48,1.63,3.2,6.08,496.06,,3.25,2.5,2.5,2.58,104.76,13.5,14,1.02,1
29/07/2021,7:45:00 PM,7:45:53 PM,Penrith,NSW,4,185728185,R4 1720m Pace M,185728186,Harness,1720,Pace,25393990,2,Marika Springfield,LOSER,2.46,WINNER,,3277.77,4.5,2.42,2.56,2.73,7923.9,490,2.32,490,3.08,2823.69,,1.5,1.32,1.32,1.38,1261.84,2.56,2.62,1.02,1
29/07/2021,7:45:00 PM,7:45:53 PM,Penrith,NSW,4,185728185,R4 1720m Pace M,185728186,Harness,1720,Pace,22282212,3,Bella Clare,LOSER,93.72,LOSER,,97.98,95,18,90,69.79,126.39,690,20,300,88.98,108.05,,,,,,,60,70,1.02,1
29/07/2021,7:45:00 PM,7:45:53 PM,Penrith,NSW,4,185728185,R4 1720m Pace M,185728186,Harness,1720,Pace,38597258,4,Cherishthememories,LOSER,2.68,LOSER,,1874.88,3.15,2,2.64,2.81,7386.93,690,2.66,690,6.27,1336.23,,1.57,1.21,1.4,1.46,343.61,2.86,2.78,1.02,1
29/07/2021,7:45:00 PM,7:45:53 PM,Penrith,NSW,4,185728185,R4 1720m Pace M,185728186,Harness,1720,Pace,9544523,5,Chronicles,LOSER,46.56,LOSER,,161.66,36,11,34,23.77,355.29,690,9,300,48.23,60.77,,5.4,4.1,4.3,4.37,19.51,28,32,1.02,1
29/07/2021,7:45:00 PM,7:45:53 PM,Penrith,NSW,4,185728185,R4 1720m Pace M,185728186,Harness,1720,Pace,5134727,6,Black Edition,LOSER,15.73,LOSER,,368.49,19,8.2,15.5,14.6,421.38,490,1.69,490,10.07,228.79,,2.98,2.54,2.98,2.82,103.14,16,17,1.02,1
29/07/2021,7:45:00 PM,7:45:53 PM,Penrith,NSW,4,185728185,R4 1720m Pace M,185728186,Harness,1720,Pace,36036827,8,Sadhana,WINNER,25.26,WINNER,,225.84,100,14.5,22,19.21,468.14,26,1.02,1.06,1.46,3749.68,,3.45,2.76,3.4,2.92,56.61,17.5,19,1.02,1
29/07/2021,7:45:00 PM,7:45:53 PM,Penrith,NSW,4,185728185,R4 1720m Pace M,185728186,Harness,1720,Pace,8591092,9,Team Of Starzzz,LOSER,46.77,LOSER,,144.45,55,30,44,37.86,154.17,690,14.5,120,44.75,39.58,,5.8,4,5.8,4.1,5.02,34,42,1.02,1
29/07/2021,7:45:00 PM,7:45:53 PM,Penrith,NSW,4,185728185,R4 1720m Pace M,185728186,Harness,1720,Pace,28775190,10,Petes Naholo,LOSER,260,LOSER,,51.73,280,70,260,159.55,54.76,700,100,700,256.94,4.13,,,,,,,170,210,1.02,1
29/07/2021,8:15:00 PM,8:15:42 PM,Penrith,NSW,5,185728187,R5 2125m Pace M,185728188,Harness,2125,Pace,11128932,2,Rockabella Starz,LOSER,3.47,WINNER,,2003.38,4.1,2.26,3.5,3.47,9745.59,60,2.4,29,3.25,1361.46,,1.75,1.49,1.5,1.56,280.52,3.95,4.1,1.03,0.99
29/07/2021,8:15:00 PM,8:15:42 PM,Penrith,NSW,5,185728187,R5 2125m Pace M,185728188,Harness,2125,Pace,10121516,3,Miss Streisand,LOSER,10.5,LOSER,,620.14,17,8,10.5,9.25,1320.06,890,1.77,690,10.61,573.13,,3.65,2.46,3.35,2.59,127.62,9,9.2,1.03,0.99
29/07/2021,8:15:00 PM,8:15:42 PM,Penrith,NSW,5,185728187,R5 2125m Pace M,185728188,Harness,2125,Pace,17234858,4,Harps,LOSER,16,LOSER,,197.36,30,12.5,16,15.6,560.47,280,13,280,33.05,80.03,,5.9,5.9,5.9,5.9,0.23,13,14,1.03,0.99
29/07/2021,8:15:00 PM,8:15:42 PM,Penrith,NSW,5,185728187,R5 2125m Pace M,185728188,Harness,2125,Pace,15312587,5,Major Petro,LOSER,41.63,LOSER,,162.22,80,19.5,34,29.82,621.64,920,40,920,82.93,50.78,,11,11,11,11,0.11,30,34,1.03,0.99
29/07/2021,8:15:00 PM,8:15:42 PM,Penrith,NSW,5,185728187,R5 2125m Pace M,185728188,Harness,2125,Pace,16824366,6,Redbelly Jack,LOSER,132.36,LOSER,,44.36,200,26,200,127.42,48.21,700,28,700,103.59,23.19,,24,23,24,23.54,9.08,110,140,1.03,0.99
29/07/2021,8:15:00 PM,8:15:42 PM,Penrith,NSW,5,185728187,R5 2125m Pace M,185728188,Harness,2125,Pace,16549382,7,Volando Denario,LOSER,4,LOSER,,1247.04,3.9,2.9,3.85,3.6,2688.26,270,2.76,270,8.24,532.61,,1.56,1.3,1.53,1.52,263.19,3.5,3.55,1.03,0.99
29/07/2021,8:15:00 PM,8:15:42 PM,Penrith,NSW,5,185728187,R5 2125m Pace M,185728188,Harness,2125,Pace,24444045,8,Dee Double You,WINNER,5.6,WINNER,,660.2,11.5,5.3,5.5,5.95,2651.25,9.8,1.04,1.05,3.15,1154.5,,2.36,1.9,1.91,1.99,36.51,5.9,6.2,1.03,0.99
29/07/2021,8:15:00 PM,8:15:42 PM,Penrith,NSW,5,185728187,R5 2125m Pace M,185728188,Harness,2125,Pace,19387210,9,Bettor To Be Tricky,LOSER,24,WINNER,,171.78,24,11.5,22,18.85,296.03,100,1.69,100,18.75,81.6,,3.35,3.3,3.35,3.34,16.47,19,19.5,1.03,0.99
29/07/2021,8:15:00 PM,8:15:42 PM,Penrith,NSW,5,185728187,R5 2125m Pace M,185728188,Harness,2125,Pace,5842631,10,Controversial,LOSER,27.55,LOSER,,136.77,38,13,22,25.63,342.06,300,11,300,35.43,55.02,,6.2,4.3,4.6,4.78,199.16,23,25,1.03,0.99
29/07/2021,8:45:00 PM,8:45:54 PM,Penrith,NSW,6,185728189,R6 1720m Pace M,185728190,Harness,1720,Pace,2664438,1,La Bomba,LOSER,37.76,LOSER,,154.46,65,14,46,35.58,116.66,910,17,720,69.94,70.93,,9,4.2,4.3,5.95,669.31,42,50,1.05,0.98
29/07/2021,8:45:00 PM,8:45:54 PM,Penrith,NSW,6,185728189,R6 1720m Pace M,185728190,Harness,1720,Pace,13904092,2,Lettucefireharvey,LOSER,67.1,LOSER,,93.93,120,40,120,72.21,95.29,950,10,950,73.77,31.88,,,,,,,75,95,1.05,0.98
29/07/2021,8:45:00 PM,8:45:54 PM,Penrith,NSW,6,185728189,R6 1720m Pace M,185728190,Harness,1720,Pace,22153900,3,Humming Top,LOSER,22.73,LOSER,,149.86,22,12,21,16.07,285.99,690,12.5,690,28.45,111.94,,3.8,3.2,3.8,3.34,48.77,14.5,15.5,1.05,0.98
29/07/2021,8:45:00 PM,8:45:54 PM,Penrith,NSW,6,185728189,R6 1720m Pace M,185728190,Harness,1720,Pace,27212792,4,Withoutdoubt,LOSER,20.24,LOSER,,192.34,21,9.2,19,17.13,246.11,690,19.5,690,46.79,55.4,,,,,,,18,19.5,1.05,0.98
29/07/2021,8:45:00 PM,8:45:54 PM,Penrith,NSW,6,185728189,R6 1720m Pace M,185728190,Harness,1720,Pace,25864981,5,Etiz Amodel,LOSER,42.53,LOSER,,137.23,46,16,46,30.33,132.92,910,48,910,120.57,22.93,,7,7,7,7,10,34,36,1.05,0.98
29/07/2021,8:45:00 PM,8:45:54 PM,Penrith,NSW,6,185728189,R6 1720m Pace M,185728190,Harness,1720,Pace,31196809,6,Louisiana Freedom,LOSER,11,LOSER,,352.32,10.5,7.4,10.5,8.9,626.14,490,7.2,490,18.17,209.12,,3,2.42,2.62,2.56,257.5,8.6,9.2,1.05,0.98
29/07/2021,8:45:00 PM,8:45:54 PM,Penrith,NSW,6,185728189,R6 1720m Pace M,185728190,Harness,1720,Pace,33751156,7,Hez All Ticker,LOSER,19.93,LOSER,,204.52,26,17.5,25,20.59,195.5,490,17,490,56.04,23.37,,4.9,4,4.9,4.23,29.78,18,19.5,1.05,0.98
29/07/2021,8:45:00 PM,8:45:54 PM,Penrith,NSW,6,185728189,R6 1720m Pace M,185728190,Harness,1720,Pace,11078021,8,Dont Tell Dorothy,LOSER,5.54,WINNER,,401.62,7.8,3.9,5,4.8,4338.78,490,1.53,490,4.83,908.78,,2.74,1.97,1.99,2.06,329.4,4.6,5.2,1.05,0.98
29/07/2021,8:45:00 PM,8:45:54 PM,Penrith,NSW,6,185728189,R6 1720m Pace M,185728190,Harness,1720,Pace,19941759,9,All Star Magician,WINNER,4.05,WINNER,,1476.28,6.6,4.3,4.3,4.92,3642.3,100,1.01,1.01,1.88,2956.92,,2.2,1.78,1.91,1.97,227.65,5,5.1,1.05,0.98
29/07/2021,8:45:00 PM,8:45:54 PM,Penrith,NSW,6,185728189,R6 1720m Pace M,185728190,Harness,1720,Pace,38344401,10,Sir Richard Lee,LOSER,3.44,WINNER,,1582.28,4.7,3.2,3.6,3.75,3468.89,60,1.99,19.5,3.81,673.98,,1.8,1.68,1.72,1.76,539.1,3.7,3.85,1.05,0.98
29/07/2021,9:16:00 PM,9:17:35 PM,Penrith,NSW,7,185728191,R7 1720m Pace M,185728192,Harness,1720,Pace,22257624,1,Jays Cash,LOSER,26.86,LOSER,,223.98,26,12.5,26,18.6,530.25,490,18.5,490,42.33,58.89,,3.85,3,3.85,3.34,287.48,19.5,22,1.07,0.98
29/07/2021,9:16:00 PM,9:17:35 PM,Penrith,NSW,7,185728191,R7 1720m Pace M,185728192,Harness,1720,Pace,11282415,2,Highview Sadler,LOSER,6.35,LOSER,,628.51,7.6,5.5,6.2,5.89,2058.54,690,2.6,690,8.55,602.51,,2.48,1.75,1.99,2.02,43.27,5.4,5.8,1.07,0.98
29/07/2021,9:16:00 PM,9:17:35 PM,Penrith,NSW,7,185728191,R7 1720m Pace M,185728192,Harness,1720,Pace,28252145,3,Smoking Zak,LOSER,40.43,LOSER,,239.94,38,21,38,26.28,446.48,910,38,910,98.38,34.11,,,,,,,21,25,1.07,0.98
29/07/2021,9:16:00 PM,9:17:35 PM,Penrith,NSW,7,185728191,R7 1720m Pace M,185728192,Harness,1720,Pace,16921947,4,Faiselle,WINNER,38.57,WINNER,,142.08,38,9.2,38,25.84,343.28,48,2.7,2.7,10.42,414.08,,,,,,,29,30,1.07,0.98
29/07/2021,9:16:00 PM,9:17:35 PM,Penrith,NSW,7,185728191,R7 1720m Pace M,185728192,Harness,1720,Pace,22676639,5,Joanandi,LOSER,18.21,LOSER,,264.43,26,13.5,16.5,16.85,712.49,490,10.5,490,41.08,49.39,,4.2,3.9,3.95,4.08,264,16,16.5,1.07,0.98
29/07/2021,9:16:00 PM,9:17:35 PM,Penrith,NSW,7,185728191,R7 1720m Pace M,185728192,Harness,1720,Pace,9228540,6,Cadenza,LOSER,85.08,LOSER,,115.97,90,38,60,51.49,144.85,920,70,920,173.07,12.45,,,,,,,44,48,1.07,0.98
29/07/2021,9:16:00 PM,9:17:35 PM,Penrith,NSW,7,185728191,R7 1720m Pace M,185728192,Harness,1720,Pace,34338340,8,Bettor Keep Rocking,LOSER,5.39,LOSER,,665.32,5.2,3.15,5.1,4.42,3700.72,490,4,250,10.8,247.48,,2.08,1.62,1.71,1.71,173.8,4.4,4.8,1.07,0.98
29/07/2021,9:16:00 PM,9:17:35 PM,Penrith,NSW,7,185728191,R7 1720m Pace M,185728192,Harness,1720,Pace,27385342,9,Only One Don,LOSER,3.05,WINNER,,1742.38,5.6,2.94,3.15,3.45,8996.84,3.6,1.05,1.75,1.71,4011.95,,1.81,1.5,1.5,1.63,287.04,3.25,3.5,1.07,0.98
29/07/2021,9:16:00 PM,9:17:35 PM,Penrith,NSW,7,185728191,R7 1720m Pace M,185728192,Harness,1720,Pace,40346332,10,Sixtythreenotout,LOSER,7.11,WINNER,,599.31,9.8,5.4,6.6,7.59,2136.43,50,2.9,2.9,7.8,587.33,,2.9,2.12,2.12,2.2,875.34,7.8,9.2,1.07,0.98
29/07/2021,9:47:00 PM,9:47:26 PM,Penrith,NSW,8,185728193,R8 1720m Pace M,185728194,Harness,1720,Pace,40346333,1,Justadiva,LOSER,6.9,LOSER,,716.44,24,7,7.4,9.52,1212.18,700,5,690,14.4,519.89,,3.5,2.48,2.48,2.75,170.61,7.2,7.8,1.03,0.98
29/07/2021,9:47:00 PM,9:47:26 PM,Penrith,NSW,8,185728193,R8 1720m Pace M,185728194,Harness,1720,Pace,40100050,2,Gee Ef Cee,LOSER,160,LOSER,,67.29,170,48,160,92.38,56.95,950,18,180,123.33,31.94,,,,,,,100,140,1.03,0.98
29/07/2021,9:47:00 PM,9:47:26 PM,Penrith,NSW,8,185728193,R8 1720m Pace M,185728194,Harness,1720,Pace,27728172,3,Sugar For My Honey,WINNER,2.43,WINNER,,2262.23,2.58,1.75,2.46,2.24,9816.85,4.4,1.01,1.01,1.79,2934.03,,1.51,1.23,1.42,1.37,173.41,2.52,2.56,1.03,0.98
29/07/2021,9:47:00 PM,9:47:26 PM,Penrith,NSW,8,185728193,R8 1720m Pace M,185728194,Harness,1720,Pace,40346334,4,Jalaneel,LOSER,2.5,WINNER,,2154.64,3.9,2.1,2.5,2.43,4535.62,140,1.59,100,2.59,1679.55,,1.45,1.31,1.34,1.34,465.42,2.3,2.38,1.03,0.98
29/07/2021,9:47:00 PM,9:47:26 PM,Penrith,NSW,8,185728193,R8 1720m Pace M,185728194,Harness,1720,Pace,40346335,5,Damiano,LOSER,92.74,LOSER,,58.87,190,48,80,75.25,138.65,940,60,940,184.51,14.5,,12.5,12.5,12.5,12.5,3.77,65,75,1.03,0.98
29/07/2021,9:47:00 PM,9:47:26 PM,Penrith,NSW,8,185728193,R8 1720m Pace M,185728194,Harness,1720,Pace,40346336,6,Warrawee Flyer,LOSER,90,LOSER,,96.71,90,22,90,58.69,140.52,940,24,940,56.7,80.01,,17,17,17,17,0.12,80,90,1.03,0.98
29/07/2021,9:47:00 PM,9:47:26 PM,Penrith,NSW,8,185728193,R8 1720m Pace M,185728194,Harness,1720,Pace,40346337,7,Glance,LOSER,51.65,LOSER,,127.95,160,34,42,54.85,188.84,960,48,960,127.58,14.68,,,,,,,50,75,1.03,0.98
29/07/2021,10:12:00 PM,10:14:24 PM,Penrith,NSW,9,185728195,R9 2125m Pace M,185728196,Harness,2125,Pace,23828389,1,The Crom,LOSER,120,LOSER,,85.93,130,65,130,93.29,138.58,960,110,960,191.51,12.6,,8.4,4.6,4.6,4.64,33.41,90,100,1.04,0.98
29/07/2021,10:12:00 PM,10:14:24 PM,Penrith,NSW,9,185728195,R9 2125m Pace M,185728196,Harness,2125,Pace,40346338,2,Deserta,LOSER,21.24,LOSER,,230.59,25,10.5,21,16.11,1118.44,900,18.5,490,34.84,102.84,,2.46,2.12,2.18,2.2,150.38,16,18,1.04,0.98
29/07/2021,10:12:00 PM,10:14:24 PM,Penrith,NSW,9,185728195,R9 2125m Pace M,185728196,Harness,2125,Pace,28775196,3,Knight Walker,LOSER,200,LOSER,,48.01,300,65,290,128.59,126.78,940,85,940,186.62,23.58,,,,,,,120,220,1.04,0.98
29/07/2021,10:12:00 PM,10:14:24 PM,Penrith,NSW,9,185728195,R9 2125m Pace M,185728196,Harness,2125,Pace,35681946,4,Linxx,LOSER,35.2,WINNER,,153.32,48,14,28,23.35,592.53,690,34,690,63.52,40.23,,3.1,2.06,2.62,2.53,190.71,26,32,1.04,0.98
29/07/2021,10:12:00 PM,10:14:24 PM,Penrith,NSW,9,185728195,R9 2125m Pace M,185728196,Harness,2125,Pace,24930170,5,Winamotza,LOSER,140,LOSER,,29.66,250,85,150,139.25,74.75,690,140,690,371.08,4.58,,11.5,6,7,7.26,22.79,150,170,1.04,0.98
29/07/2021,10:12:00 PM,10:14:24 PM,Penrith,NSW,9,185728195,R9 2125m Pace M,185728196,Harness,2125,Pace,40346339,6,Rubini,WINNER,1.51,WINNER,,3128.25,1.8,1.45,1.51,1.55,24675.76,2.88,1.01,1.01,1.17,7335.88,,1.22,1.12,1.12,1.15,1623.94,1.52,1.57,1.04,0.98
29/07/2021,10:12:00 PM,10:14:24 PM,Penrith,NSW,9,185728195,R9 2125m Pace M,185728196,Harness,2125,Pace,40346340,7,Yankee Ideal,LOSER,4.7,WINNER,,786.81,7.2,2.98,4.5,4.53,3081.76,130,1.53,120,8.25,892.15,,1.6,1.29,1.32,1.43,466.97,4.2,4.4,1.04,0.98
29/07/2021,10:12:00 PM,10:14:24 PM,Penrith,NSW,9,185728195,R9 2125m Pace M,185728196,Harness,2125,Pace,36771003,8,Our Browneyed Girl,LOSER,48.43,LOSER,,178.72,100,22,55,56.47,191.04,990,46,95,160.68,42.07,,6.2,3.5,4,3.58,211.44,60,75,1.04,0.98
29/07/2021,1:28:00 PM,1:29:10 PM,Stawell,VIC,1,185731168,R1 1785m Pace M,185731169,Harness,1785,Pace,7171128,1,Our Summer Wind,LOSER,9.8,LOSER,3.53,371.46,10,7.8,9.4,8.81,880.27,1000,7,780,30.46,145.75,464.81,,,,,,8.8,9.2,1.02,0.99
29/07/2021,1:28:00 PM,1:29:10 PM,Stawell,VIC,1,185731168,R1 1785m Pace M,185731169,Harness,1785,Pace,11460925,2,Kempseys Delight,LOSER,22.66,WINNER,10.1,197.26,26,12,25,18.96,743.82,1000,14.5,1000,44.88,81.49,100.4,7.8,7.8,7.8,7.8,2.64,23,26,1.02,0.99
29/07/2021,1:28:00 PM,1:29:10 PM,Stawell,VIC,1,185731168,R1 1785m Pace M,185731169,Harness,1785,Pace,28459745,3,Illawong Phoenix,LOSER,9.5,LOSER,3.69,505.9,9.6,6.4,8,7.23,1870.12,880,7,170,17.09,457.65,531.44,4,2.62,3.65,2.94,66.34,6.6,7,1.02,0.99
29/07/2021,1:28:00 PM,1:29:10 PM,Stawell,VIC,1,185731168,R1 1785m Pace M,185731169,Harness,1785,Pace,28424668,4,Presidentialchange,WINNER,1.67,WINNER,1.33,2893.1,1.99,1.65,1.7,1.78,10749.7,2.14,1.01,1.01,1.34,6121.25,1099.19,1.37,1.26,1.26,1.27,1753.12,1.78,1.79,1.02,0.99
29/07/2021,1:28:00 PM,1:29:10 PM,Stawell,VIC,1,185731168,R1 1785m Pace M,185731169,Harness,1785,Pace,9107933,5,Johnny Redcoat,LOSER,21.75,LOSER,7.3,156.22,26,13.5,19,18.95,273.35,1000,8.8,500,37.54,94.46,252.03,,,,,,20,21,1.02,0.99
29/07/2021,1:28:00 PM,1:29:10 PM,Stawell,VIC,1,185731168,R1 1785m Pace M,185731169,Harness,1785,Pace,11496441,6,Forever And A Day,LOSER,8.88,LOSER,3.85,447.73,12.5,8.8,9.8,10.16,1149.47,1000,5.9,400,17.32,240.56,225.93,4,3.45,3.9,3.69,1.03,10,10.5,1.02,0.99
29/07/2021,2:03:00 PM,2:03:58 PM,Stawell,VIC,2,185731170,R2 2180m Pace M,185731171,Harness,2180,Pace,10862098,1,Creative Lad,WINNER,16.28,WINNER,4.12,279.07,13,7.6,13,9.4,1609.52,18,1.03,1.03,3.14,1485.03,408.16,4.3,3.05,4.2,4.04,87.17,8.4,9.4,1.04,0.97
29/07/2021,2:03:00 PM,2:03:58 PM,Stawell,VIC,2,185731170,R2 2180m Pace M,185731171,Harness,2180,Pace,16311313,2,Abbey Fields,LOSER,112.14,LOSER,38.01,131.62,520,44,520,95.77,221.74,700,22,140,82.83,87.06,31.92,48,36,48,38.05,1.11,70,100,1.04,0.97
29/07/2021,2:03:00 PM,2:03:58 PM,Stawell,VIC,2,185731170,R2 2180m Pace M,185731171,Harness,2180,Pace,37425479,3,Classact,LOSER,4.2,LOSER,2.16,1722.9,7.2,3.7,4.2,4.34,6046.24,1000,3.55,880,6.42,2020.74,954.92,2.34,2.1,2.28,2.27,193.17,3.9,4,1.04,0.97
29/07/2021,2:03:00 PM,2:03:58 PM,Stawell,VIC,2,185731170,R2 2180m Pace M,185731171,Harness,2180,Pace,40346341,4,Vapar Rocks,LOSER,4.7,WINNER,2.28,1149.33,5,3.25,4.6,3.81,3739.58,40,2.02,15,5.09,626.58,955.6,2.36,2.06,2.36,2.31,175.76,3.9,4.1,1.04,0.97
29/07/2021,2:03:00 PM,2:03:58 PM,Stawell,VIC,2,185731170,R2 2180m Pace M,185731171,Harness,2180,Pace,35585991,5,Local Icon,LOSER,4.97,LOSER,2.76,1328.5,15.5,4.6,4.8,6.52,4671.46,1000,3.25,130,9.38,366.29,1047.15,3.6,2.7,2.78,3.04,608.37,6,6.4,1.04,0.97
29/07/2021,2:03:00 PM,2:03:58 PM,Stawell,VIC,2,185731170,R2 2180m Pace M,185731171,Harness,2180,Pace,40346342,6,Four Ever A Star,LOSER,29.32,LOSER,14.5,171.17,60,26,28,34.98,434.99,1000,20,920,183.82,60.36,128.2,12.5,12.5,12.5,12.5,7.64,34,40,1.04,0.97
29/07/2021,2:03:00 PM,2:03:58 PM,Stawell,VIC,2,185731170,R2 2180m Pace M,185731171,Harness,2180,Pace,27944214,7,The Big End Oftown,LOSER,4.56,LOSER,2.48,1161.79,5.5,2.74,4.5,4.72,3359.88,690,3.05,490,6.67,447.57,230.27,2.92,2.48,2.52,2.53,92.66,5.1,5.5,1.04,0.97
29/07/2021,2:34:00 PM,2:34:44 PM,Stawell,VIC,3,185731172,R3 2180m Pace M,185731173,Harness,2180,Pace,18833896,1,Masake,LOSER,10.01,LOSER,5.4,563.25,18.5,11,11,12.77,659.08,690,7.4,690,14.57,495.91,340.05,5.4,5.1,5.4,5.19,7.06,12.5,15,1.03,0.96
29/07/2021,2:34:00 PM,2:34:44 PM,Stawell,VIC,3,185731172,R3 2180m Pace M,185731173,Harness,2180,Pace,3894310,2,Wanted Lady,LOSER,27.09,LOSER,50.89,217.47,65,30,32,34.57,286.5,920,11,910,69.56,61.07,38.06,,,,,,30,34,1.03,0.96
29/07/2021,2:34:00 PM,2:34:44 PM,Stawell,VIC,3,185731172,R3 2180m Pace M,185731173,Harness,2180,Pace,9614206,3,Security Check,LOSER,6.99,WINNER,3.37,504.15,8.2,5,6.6,6.79,1679.62,140,2.5,100,8.19,245.02,368.83,3,2.5,2.86,2.81,87.52,7,7.8,1.03,0.96
29/07/2021,2:34:00 PM,2:34:44 PM,Stawell,VIC,3,185731172,R3 2180m Pace M,185731173,Harness,2180,Pace,40346343,4,Miss Gabby Okane,LOSER,5.63,LOSER,2.96,837.79,6.4,4.2,5.8,4.98,2443.23,690,2.46,690,7.2,507.67,376.7,2.66,2.2,2.66,2.52,106.05,4.9,5.1,1.03,0.96
29/07/2021,2:34:00 PM,2:34:44 PM,Stawell,VIC,3,185731172,R3 2180m Pace M,185731173,Harness,2180,Pace,13309945,5,Glenferrie Devotee,LOSER,18.61,LOSER,10.24,261.84,60,19.5,21,24.85,365.99,1000,3.05,1000,16.07,278.5,105.7,,,,,,20,21,1.03,0.96
29/07/2021,2:34:00 PM,2:34:44 PM,Stawell,VIC,3,185731172,R3 2180m Pace M,185731173,Harness,2180,Pace,17845538,6,Good Guy Mack,WINNER,2.51,WINNER,1.48,1809.03,2.7,1.76,2.48,2.32,11430.5,5,1.01,1.01,2.04,4576.43,1314.73,1.78,1.44,1.55,1.58,1242.49,2.34,2.46,1.03,0.96
29/07/2021,2:34:00 PM,2:34:44 PM,Stawell,VIC,3,185731172,R3 2180m Pace M,185731173,Harness,2180,Pace,12862871,7,Real Dash,LOSER,9.2,LOSER,3.95,496.95,19,9.4,9.4,12.39,1081.39,900,6.6,710,24.67,207.24,336.4,5.5,3.9,4,4.79,96.48,11,12,1.03,0.96
29/07/2021,3:17:00 PM,3:17:41 PM,Stawell,VIC,4,185731174,R4 2180m Trot M,185731175,Harness,2180,Trot,36154762,2,Fremarkskuzo,LOSER,8.13,LOSER,2.03,758.96,12,8,9.4,10.09,695.02,700,6.2,700,16.82,155.77,811.37,2.42,2,2.12,2.14,286.93,11,11.5,1.01,0.98
29/07/2021,3:17:00 PM,3:17:41 PM,Stawell,VIC,4,185731174,R4 2180m Trot M,185731175,Harness,2180,Trot,36297129,3,Jazspur,WINNER,2.49,WINNER,1.28,1849.83,3.1,2.16,2.42,2.38,10322.03,2.5,1.01,1.01,1.4,4313.74,1733.79,1.36,1.23,1.28,1.27,670.51,2.24,2.26,1.01,0.98
29/07/2021,3:17:00 PM,3:17:41 PM,Stawell,VIC,4,185731174,R4 2180m Trot M,185731175,Harness,2180,Trot,13388518,4,Jack Of The Green,LOSER,15.99,LOSER,3.05,395.86,28,12.5,18.5,17.44,425.57,690,15,490,37.15,69.82,455.24,3.25,2.9,3.25,3.04,243.14,19.5,21,1.01,0.98
29/07/2021,3:17:00 PM,3:17:41 PM,Stawell,VIC,4,185731174,R4 2180m Trot M,185731175,Harness,2180,Trot,40346344,5,Good Question Ange,LOSER,45.54,LOSER,7.8,203.8,60,15,60,29.29,188.25,910,42,910,69.12,55.11,99.66,,,,,,48,50,1.01,0.98
29/07/2021,3:17:00 PM,3:17:41 PM,Stawell,VIC,4,185731174,R4 2180m Trot M,185731175,Harness,2180,Trot,16653666,6,The Girls Gotflair,LOSER,11.33,LOSER,3.6,613.23,17,8.6,12.5,13.86,434.88,690,7.6,690,16.3,184.47,512.92,3.75,3.2,3.45,3.59,302.5,14,15,1.01,0.98
29/07/2021,3:17:00 PM,3:17:41 PM,Stawell,VIC,4,185731174,R4 2180m Trot M,185731175,Harness,2180,Trot,23827443,7,Bank On Betty,LOSER,20.85,WINNER,4.2,237.57,50,19.5,23,29.37,240.12,740,6.8,740,40.84,96.12,277.12,4.4,4,4.4,4.39,39.91,28,30,1.01,0.98
29/07/2021,3:17:00 PM,3:17:41 PM,Stawell,VIC,4,185731174,R4 2180m Trot M,185731175,Harness,2180,Trot,16156943,8,Eoghan Omaille,LOSER,3.95,WINNER,1.57,1067.21,5.2,3.55,3.9,3.89,5474.12,880,2.68,120,11.42,340.33,999.28,1.66,1.5,1.63,1.61,218,3.8,3.85,1.01,0.98
29/07/2021,3:17:00 PM,3:17:41 PM,Stawell,VIC,4,185731174,R4 2180m Trot M,185731175,Harness,2180,Trot,4521338,9,Double Helix,LOSER,37.3,LOSER,6.7,283.53,42,21,42,30.89,142.93,910,32,910,132.78,38.55,66.78,5.7,5.6,5.7,5.67,10,38,44,1.01,0.98
29/07/2021,3:57:00 PM,3:57:34 PM,Stawell,VIC,5,185731176,R5 1785m Pace M,185731177,Harness,1785,Pace,21733332,1,Shargari,LOSER,120.69,LOSER,32.73,98.81,240,55,180,108.57,161.83,900,100,140,246.1,22,47.87,32,24,24,31.9,3.27,130,210,1.04,0.98
29/07/2021,3:57:00 PM,3:57:34 PM,Stawell,VIC,5,185731176,R5 1785m Pace M,185731177,Harness,1785,Pace,40346345,2,Starzzz On High,LOSER,118.67,LOSER,47.21,94.52,190,80,140,117.28,80.22,700,100,700,153.74,23.23,35.2,80,22,29,22.4,4.84,110,140,1.04,0.98
29/07/2021,3:57:00 PM,3:57:34 PM,Stawell,VIC,5,185731176,R5 1785m Pace M,185731177,Harness,1785,Pace,12525568,3,Twilight Willy,LOSER,63.66,LOSER,12.6,150.91,80,38,80,64.21,169.02,690,48,690,107.91,14.23,140.92,10,10,10,10,11.12,55,70,1.04,0.98
29/07/2021,3:57:00 PM,3:57:34 PM,Stawell,VIC,5,185731176,R5 1785m Pace M,185731177,Harness,1785,Pace,8480632,4,Irishmurphy,LOSER,42,LOSER,6.66,208.44,46,20,38,26.82,199.69,1000,21,400,73.67,115.73,193.31,6.2,4.2,4.6,5.54,47.19,29,30,1.04,0.98
29/07/2021,3:57:00 PM,3:57:34 PM,Stawell,VIC,5,185731176,R5 1785m Pace M,185731177,Harness,1785,Pace,27341395,5,Nevada Yankee,WINNER,3.52,WINNER,1.66,1847.39,3.6,2.44,3.6,3.32,5877.25,12,1.01,1.01,1.8,5870.23,1051.69,1.65,1.36,1.58,1.53,309.58,3.3,3.45,1.04,0.98
29/07/2021,3:57:00 PM,3:57:34 PM,Stawell,VIC,5,185731176,R5 1785m Pace M,185731177,Harness,1785,Pace,24888123,6,Sport Dreamer,LOSER,9.86,WINNER,2.72,829.44,17.5,9.6,10,12.97,992.31,100,1.68,100,13.34,341.87,629.38,3.35,2.52,2.52,2.65,8.87,12,12.5,1.04,0.98
29/07/2021,3:57:00 PM,3:57:34 PM,Stawell,VIC,5,185731176,R5 1785m Pace M,185731177,Harness,1785,Pace,16156937,7,Flaming Lucky,LOSER,26.31,WINNER,4.56,357.75,34,16.5,26,24.97,200.82,690,2.38,300,41.19,146.8,399.11,,,,,,24,27,1.04,0.98
29/07/2021,3:57:00 PM,3:57:34 PM,Stawell,VIC,5,185731176,R5 1785m Pace M,185731177,Harness,1785,Pace,10757291,8,Missy Deyo,LOSER,4.41,LOSER,1.6,1113.4,4.8,3.45,4.2,3.89,4393.76,780,2.02,200,5.35,897.81,931.74,1.64,1.53,1.62,1.57,185.65,3.65,3.9,1.04,0.98
29/07/2021,3:57:00 PM,3:57:34 PM,Stawell,VIC,5,185731176,R5 1785m Pace M,185731177,Harness,1785,Pace,36833273,9,Morgan Art,LOSER,3.26,LOSER,1.48,2516.5,5.8,3.3,3.4,3.89,4621.35,880,2.68,690,4.87,1212.07,1380.74,1.71,1.47,1.52,1.5,193.26,3.7,3.9,1.04,0.98
29/07/2021,4:37:00 PM,4:37:23 PM,Stawell,VIC,6,185731178,R6 1785m Pace M,185731179,Harness,1785,Pace,40346346,1,Jilliby Dyson,LOSER,2.9,LOSER,1.38,2303,3.9,2.44,2.88,2.95,7140.37,690,2.54,490,7.32,897.63,1743.13,1.48,1.38,1.38,1.42,401.03,2.88,2.96,1.02,0.98
29/07/2021,4:37:00 PM,4:37:23 PM,Stawell,VIC,6,185731178,R6 1785m Pace M,185731179,Harness,1785,Pace,27039008,2,Dream Asset,LOSER,30.56,LOSER,5.2,232.97,36,18,27,27.69,276.33,910,16.5,910,98.59,31.49,303.3,5.2,5.2,5.2,5.2,23.38,32,36,1.02,0.98
29/07/2021,4:37:00 PM,4:37:23 PM,Stawell,VIC,6,185731178,R6 1785m Pace M,185731179,Harness,1785,Pace,24138894,3,Eastbro Jesse,LOSER,51.05,LOSER,6.99,195.01,48,40,48,43.84,136.4,990,42,920,247.11,33.7,286.8,6.4,6.4,6.4,6.4,5,40,44,1.02,0.98
29/07/2021,4:37:00 PM,4:37:23 PM,Stawell,VIC,6,185731178,R6 1785m Pace M,185731179,Harness,1785,Pace,19597742,4,Sea Hawke,LOSER,18,LOSER,3.89,426.22,36,17.5,18.5,20.78,594.32,780,17,280,31.4,138.19,491.66,4.1,3.85,3.95,4.01,48,18,18.5,1.02,0.98
29/07/2021,4:37:00 PM,4:37:23 PM,Stawell,VIC,6,185731178,R6 1785m Pace M,185731179,Harness,1785,Pace,20587328,5,Morvah,LOSER,57.75,LOSER,15.23,161.79,75,19.5,60,37.56,255.96,690,19.5,690,77.43,23.11,126.98,23,4.4,16.5,10.94,0.39,44,48,1.02,0.98
29/07/2021,4:37:00 PM,4:37:23 PM,Stawell,VIC,6,185731178,R6 1785m Pace M,185731179,Harness,1785,Pace,5850451,6,Revitalise,WINNER,4.02,WINNER,1.7,1154.97,4.1,3,3.8,3.59,2927.51,4.2,1.01,1.01,1.82,3773.76,1156.74,1.78,1.49,1.7,1.63,47.87,3.75,3.85,1.02,0.98
29/07/2021,4:37:00 PM,4:37:23 PM,Stawell,VIC,6,185731178,R6 1785m Pace M,185731179,Harness,1785,Pace,35453071,7,Vanity Bay,LOSER,21.58,WINNER,4.01,276.49,22,15.5,20,18.04,266.2,480,2.02,120,8.24,773.91,481.14,,,,,,17.5,18,1.02,0.98
29/07/2021,4:37:00 PM,4:37:23 PM,Stawell,VIC,6,185731178,R6 1785m Pace M,185731179,Harness,1785,Pace,28101673,8,Mister Jimaringle,LOSER,13.28,WINNER,3.57,526.91,18.5,12.5,13.5,15.26,399.95,280,3.05,170,16.55,208.65,567.27,4,3.4,4,3.45,49.08,15.5,17,1.02,0.98
29/07/2021,4:37:00 PM,4:37:23 PM,Stawell,VIC,6,185731178,R6 1785m Pace M,185731179,Harness,1785,Pace,33024025,9,American Alli,LOSER,6.71,LOSER,2.15,1162.79,9,5,6.4,7.17,1751.75,1000,2.02,1000,12.09,630.4,842.25,2.78,1.99,2.02,2.15,201.44,6.6,6.8,1.02,0.98
29/07/2021,1:48:00 PM,1:48:31 PM,Tamworth,NSW,1,185728197,R1 1609m Pace M,185728198,Harness,1609,Pace,13083649,1,Advanced Warfare,LOSER,8.18,LOSER,,470.71,8.8,6.6,8.4,7.77,982.29,900,4.6,900,12.67,284.31,,2.34,2.24,2.34,2.29,9.47,7.8,8,1.04,0.99
29/07/2021,1:48:00 PM,1:48:31 PM,Tamworth,NSW,1,185728197,R1 1609m Pace M,185728198,Harness,1609,Pace,10585417,2,Our Bushwacker,WINNER,9,WINNER,,535.25,11.5,8.2,10,9.35,376.69,55,1.06,1.07,2.28,814.57,,2.56,2.5,2.5,2.53,127.26,8.2,9.6,1.04,0.99
29/07/2021,1:48:00 PM,1:48:31 PM,Tamworth,NSW,1,185728197,R1 1609m Pace M,185728198,Harness,1609,Pace,38514638,3,Major Noah William,WINNER,4.48,WINNER,,1218.44,4.9,3.45,4.2,4.48,3673.57,29,1.1,29,2.66,1445.11,,2.68,1.82,1.99,1.99,30.63,4.7,4.8,1.04,0.99
29/07/2021,1:48:00 PM,1:48:31 PM,Tamworth,NSW,1,185728197,R1 1609m Pace M,185728198,Harness,1609,Pace,9913102,4,Rory Mclory,LOSER,16,LOSER,,328.63,15,10.5,15,14.06,283.36,280,12.5,280,29.38,96.08,,,,,,,13,14,1.04,0.99
29/07/2021,1:48:00 PM,1:48:31 PM,Tamworth,NSW,1,185728197,R1 1609m Pace M,185728198,Harness,1609,Pace,27259406,5,Maywyns Honey,LOSER,27.65,LOSER,,228.26,34,18,32,27.85,173.86,780,12.5,12.5,49.96,59.77,,5.4,5.3,5.4,5.31,103.77,27,28,1.04,0.99
29/07/2021,1:48:00 PM,1:48:31 PM,Tamworth,NSW,1,185728197,R1 1609m Pace M,185728198,Harness,1609,Pace,28143522,6,Monsieur Darcy,LOSER,15.41,LOSER,,212.6,19,11.5,16.5,15.38,484.21,900,15,900,106.81,44.23,,3.65,3.6,3.65,3.6,100,17,18.5,1.04,0.99
29/07/2021,1:48:00 PM,1:48:31 PM,Tamworth,NSW,1,185728197,R1 1609m Pace M,185728198,Harness,1609,Pace,8264210,7,Laser Major,LOSER,5.48,WINNER,,1086.4,12.5,4.4,4.9,5.05,2415.08,30,5.2,28,6.12,226.43,,1.98,1.78,1.8,1.81,326.25,4.5,4.6,1.04,0.99
29/07/2021,1:48:00 PM,1:48:31 PM,Tamworth,NSW,1,185728197,R1 1609m Pace M,185728198,Harness,1609,Pace,12813155,8,Corporal Jujon,LOSER,4.73,LOSER,,1083.39,6.8,5.1,5.1,5.54,658.6,900,2.32,900,12.08,368.15,,2.32,2.02,2.02,2.15,1.16,5.5,5.6,1.04,0.99
29/07/2021,2:23:00 PM,2:24:14 PM,Tamworth,NSW,2,185728199,R2 1609m Pace M,185728200,Harness,1609,Pace,12043400,1,Redbank Olivia,WINNER,3.45,WINNER,,826.38,3.7,3.05,3.35,3.32,3664.14,6.2,1.01,1.01,1.71,3205.07,,2.04,1.88,1.88,2.02,100.68,3.05,3.2,1.07,0.97
29/07/2021,2:23:00 PM,2:24:14 PM,Tamworth,NSW,2,185728199,R2 1609m Pace M,185728200,Harness,1609,Pace,24226843,2,Stilton,LOSER,4.03,WINNER,,878.61,12,3.95,4.1,4.7,2694.09,490,1.5,90,2.93,1899.07,,2.06,1.67,1.68,1.7,122.87,4.6,4.7,1.07,0.97
29/07/2021,2:23:00 PM,2:24:14 PM,Tamworth,NSW,2,185728199,R2 1609m Pace M,185728200,Harness,1609,Pace,24940283,3,Seelsters Song,LOSER,34.99,LOSER,,118.82,48,29,36,34.8,46.55,950,40,950,91.92,18.82,,,,,,,28,48,1.07,0.97
29/07/2021,2:23:00 PM,2:24:14 PM,Tamworth,NSW,2,185728199,R2 1609m Pace M,185728200,Harness,1609,Pace,27004180,4,Mollidor,LOSER,6.07,LOSER,,511.55,6,4.5,5.9,5.2,646.24,690,3.25,490,7,448.76,,1.74,1.7,1.7,1.73,100,5.1,5.7,1.07,0.97
29/07/2021,2:23:00 PM,2:24:14 PM,Tamworth,NSW,2,185728199,R2 1609m Pace M,185728200,Harness,1609,Pace,27346093,5,Attahua Ace,LOSER,7.81,WINNER,,394.39,9.4,7,7.8,8.23,600.23,690,7.8,690,17.41,177.44,,,,,,,7.6,8.2,1.07,0.97
29/07/2021,2:23:00 PM,2:24:14 PM,Tamworth,NSW,2,185728199,R2 1609m Pace M,185728200,Harness,1609,Pace,23331630,6,Theagenes,LOSER,25.45,LOSER,,122,27,15.5,25,22.48,74.57,780,25,780,59.71,45.07,,,,,,,19.5,27,1.07,0.97
29/07/2021,2:23:00 PM,2:24:14 PM,Tamworth,NSW,2,185728199,R2 1609m Pace M,185728200,Harness,1609,Pace,1309303,7,Savannahs Boy,LOSER,48,LOSER,,89.55,60,38,60,48.26,43.07,940,55,940,246.75,23.99,,6.6,6.6,6.6,6.6,5,38,55,1.07,0.97
29/07/2021,2:23:00 PM,2:24:14 PM,Tamworth,NSW,2,185728199,R2 1609m Pace M,185728200,Harness,1609,Pace,8700605,8,Ark,LOSER,11.03,LOSER,,279.76,27,12,12.5,14.34,168.16,780,5,500,21.82,339.35,,3.1,2.74,3,2.83,598.91,15.5,17,1.07,0.97
29/07/2021,2:23:00 PM,2:24:14 PM,Tamworth,NSW,2,185728199,R2 1609m Pace M,185728200,Harness,1609,Pace,9578683,9,Burning Shadows,LOSER,57.66,LOSER,,75.89,90,46,75,58.56,35.31,780,70,780,161.43,12.48,,,,,,,42,70,1.07,0.97
29/07/2021,2:58:00 PM,2:58:38 PM,Tamworth,NSW,3,185728201,R3 1609m Pace M,185728202,Harness,1609,Pace,16025181,1,Mckinley,WINNER,1.86,WINNER,,2631.74,2.18,1.45,1.72,1.54,17733.41,4,1.01,1.02,1.44,4352.66,,1.21,1.09,1.21,1.13,1834.49,1.48,1.5,1.01,0.98
29/07/2021,2:58:00 PM,2:58:38 PM,Tamworth,NSW,3,185728201,R3 1609m Pace M,185728202,Harness,1609,Pace,10673056,2,Jackeroo Shannon,LOSER,18.12,LOSER,,267.12,48,17.5,19.5,32.44,201.6,690,14.5,690,72.76,33.6,,4,3.6,3.6,3.68,136.32,32,34,1.01,0.98
29/07/2021,2:58:00 PM,2:58:38 PM,Tamworth,NSW,3,185728201,R3 1609m Pace M,185728202,Harness,1609,Pace,10155261,3,It Aint Royal,LOSER,19,LOSER,,201.24,22,11.5,19,17.08,418.26,920,11,580,75.95,55.75,,,,,,,17.5,18,1.01,0.98
29/07/2021,2:58:00 PM,2:58:38 PM,Tamworth,NSW,3,185728201,R3 1609m Pace M,185728202,Harness,1609,Pace,38721420,4,Balboa Shannon,LOSER,19.74,WINNER,,239.43,23,5.5,20,17.48,335.76,490,2.1,490,19.46,144.87,,2.9,2.9,2.9,2.9,5,21,23,1.01,0.98
29/07/2021,2:58:00 PM,2:58:38 PM,Tamworth,NSW,3,185728201,R3 1609m Pace M,185728202,Harness,1609,Pace,25284505,5,Glen Innes Boy,LOSER,22.64,LOSER,,194.05,42,22,22,31.32,94,780,11,690,28.79,36.38,,4.1,3.95,3.95,3.99,27.17,34,36,1.01,0.98
29/07/2021,2:58:00 PM,2:58:38 PM,Tamworth,NSW,3,185728201,R3 1609m Pace M,185728202,Harness,1609,Pace,19393796,6,Navua Girl,LOSER,19.55,WINNER,,203.99,26,15,19.5,22.82,113.17,690,6.6,690,25.58,47.17,,,,,,,23,24,1.01,0.98
29/07/2021,2:58:00 PM,2:58:38 PM,Tamworth,NSW,3,185728201,R3 1609m Pace M,185728202,Harness,1609,Pace,16053383,7,Power To Bolt,LOSER,12,LOSER,,318.12,16.5,11.5,11.5,13.81,412.78,140,6.2,16,10.58,302.61,,2.54,2.06,2.06,2.17,650.37,14,15,1.01,0.98
29/07/2021,2:58:00 PM,2:58:38 PM,Tamworth,NSW,3,185728201,R3 1609m Pace M,185728202,Harness,1609,Pace,8758806,8,Miss Serendipity,LOSER,17.39,LOSER,,191.6,20,13,17.5,18.18,221.27,490,2.92,490,46.6,67.13,,3.25,2.76,2.92,2.92,58.35,18,19.5,1.01,0.98
29/07/2021,3:38:00 PM,3:38:45 PM,Tamworth,NSW,4,185728203,R4 1980m Pace M,185728204,Harness,1980,Pace,25522422,1,Write Time,LOSER,4.53,LOSER,,1063.44,4.7,3.85,4.6,4.33,1989.16,880,2.6,29,4.62,1162.87,,1.64,1.43,1.57,1.53,43.43,4.2,4.5,1.05,0.98
29/07/2021,3:38:00 PM,3:38:45 PM,Tamworth,NSW,4,185728203,R4 1980m Pace M,185728204,Harness,1980,Pace,27857957,2,Uncle Gregory,LOSER,44.52,WINNER,,168.12,110,42,100,65.17,85.89,940,38,940,83.84,49.34,,,,,,,60,70,1.05,0.98
29/07/2021,3:38:00 PM,3:38:45 PM,Tamworth,NSW,4,185728203,R4 1980m Pace M,185728204,Harness,1980,Pace,24632191,3,Ashincharge,LOSER,90.08,LOSER,,126.06,180,60,140,109.25,85.64,690,65,690,102.56,40.59,,11.5,11.5,11.5,11.5,5,100,110,1.05,0.98
29/07/2021,3:38:00 PM,3:38:45 PM,Tamworth,NSW,4,185728203,R4 1980m Pace M,185728204,Harness,1980,Pace,733774,4,Commanche,LOSER,5.1,LOSER,,1140.8,6.6,5,5,5.6,2165.39,880,3.5,690,17.76,259.53,,2.18,2.18,2.18,2.18,0.08,6,6.6,1.05,0.98
29/07/2021,3:38:00 PM,3:38:45 PM,Tamworth,NSW,4,185728203,R4 1980m Pace M,185728204,Harness,1980,Pace,7270388,5,Enemy Lines,LOSER,8.52,LOSER,,681.34,8.6,6.4,8.6,7.07,1598.81,690,8.4,490,14.44,155.75,,2.36,1.94,2.16,2.05,299.24,6.8,7,1.05,0.98
29/07/2021,3:38:00 PM,3:38:45 PM,Tamworth,NSW,4,185728203,R4 1980m Pace M,185728204,Harness,1980,Pace,1080563,6,Cronin,LOSER,20.07,LOSER,,210.9,70,20,21,29.18,317.72,750,16,690,29.61,114.85,,4.6,4.2,4.2,4.37,33.21,27,40,1.05,0.98
29/07/2021,3:38:00 PM,3:38:45 PM,Tamworth,NSW,4,185728203,R4 1980m Pace M,185728204,Harness,1980,Pace,27540136,8,Our Roys Dream,WINNER,2.49,WINNER,,2159.37,3.2,2.5,2.62,2.67,5897.92,2.92,1.01,1.01,1.45,5166.42,,1.59,1.28,1.29,1.37,196.67,2.58,2.7,1.05,0.98
29/07/2021,3:38:00 PM,3:38:45 PM,Tamworth,NSW,4,185728203,R4 1980m Pace M,185728204,Harness,1980,Pace,40346348,10,Hot Jiving,LOSER,37.69,WINNER,,214.15,44,15,44,24.59,307.74,690,3.1,490,24.29,319.42,,4.4,3.5,4.4,3.63,61.62,21,25,1.05,0.98
29/07/2021,4:18:00 PM,4:18:54 PM,Tamworth,NSW,5,185728205,R5 1609m Pace M,185728206,Harness,1609,Pace,22833265,1,Laydeenwaiting,LOSER,1.97,LOSER,,1200.14,2.24,1.67,1.97,2.03,11664.21,690,1.22,690,2.27,2659.8,,1.3,1.15,1.29,1.26,209.56,2,2.08,1.08,0.98
29/07/2021,4:18:00 PM,4:18:54 PM,Tamworth,NSW,5,185728205,R5 1609m Pace M,185728206,Harness,1609,Pace,7401127,2,Dark Side,LOSER,50.49,LOSER,,184.09,100,30,60,44.42,127.06,690,27,480,65.18,46.54,,10,6.8,7.2,7.68,30.7,36,40,1.08,0.98
29/07/2021,4:18:00 PM,4:18:54 PM,Tamworth,NSW,5,185728205,R5 1609m Pace M,185728206,Harness,1609,Pace,28230722,3,Gojoe,WINNER,8.52,WINNER,,376.11,11.5,7.4,9.4,8.51,1074.64,24,1.01,1.01,1.73,1925.68,,2.44,2.2,2.22,2.24,55.65,7.4,9.8,1.08,0.98
29/07/2021,4:18:00 PM,4:18:54 PM,Tamworth,NSW,5,185728205,R5 1609m Pace M,185728206,Harness,1609,Pace,39218499,4,Miss Maravu,LOSER,6.2,LOSER,,649.87,9.4,5.2,6.6,6.37,1029.23,690,5.4,690,15.48,180.72,,2.18,1.88,1.89,1.89,148,5.7,6.2,1.08,0.98
29/07/2021,4:18:00 PM,4:18:54 PM,Tamworth,NSW,5,185728205,R5 1609m Pace M,185728206,Harness,1609,Pace,20725197,5,Itzexceptional,LOSER,44.25,LOSER,,144.96,120,32,48,49.6,100.23,780,28,780,66.67,19.19,,16.5,7.4,16.5,7.75,5.16,40,50,1.08,0.98
29/07/2021,4:18:00 PM,4:18:54 PM,Tamworth,NSW,5,185728205,R5 1609m Pace M,185728206,Harness,1609,Pace,24625236,6,Rocknroll Rhylee,LOSER,15.9,LOSER,,191.99,28,16,16,19.76,228.17,780,8.8,690,23.86,74.8,,3.75,3.5,3.5,3.66,27.24,20,25,1.08,0.98
29/07/2021,4:18:00 PM,4:18:54 PM,Tamworth,NSW,5,185728205,R5 1609m Pace M,185728206,Harness,1609,Pace,40173441,7,Thunderboltshannon,LOSER,24,WINNER,,163.99,70,25,27,28.98,227.44,140,5.2,140,18.86,103.52,,4.7,3.45,3.45,4.13,123.81,26,29,1.08,0.98
29/07/2021,4:18:00 PM,4:18:54 PM,Tamworth,NSW,5,185728205,R5 1609m Pace M,185728206,Harness,1609,Pace,8365704,8,Sahara Jewel,LOSER,10.37,WINNER,,718.27,19,11,12,12.78,424.09,490,6,490,13.11,281.93,,2.72,2.62,2.68,2.66,212.02,13,13.5,1.08,0.98
29/07/2021,4:18:00 PM,4:18:54 PM,Tamworth,NSW,5,185728205,R5 1609m Pace M,185728206,Harness,1609,Pace,28658578,9,Sundowner Shannon,LOSER,29.12,LOSER,,175.71,34,15,25,24.94,407.15,690,6.4,490,31.68,107.6,,6.2,4,4,5.06,30.16,18.5,22,1.08,0.98
29/07/2021,4:58:00 PM,4:58:33 PM,Tamworth,NSW,6,185728207,R6 1980m Pace M,185728208,Harness,1980,Pace,40256778,1,Uptotrix,LOSER,9.6,LOSER,,337.23,14,7.8,9.8,9.14,806.07,690,1.6,490,6.82,554.34,,2.6,2.2,2.22,2.41,257.9,9,9.8,1.05,0.97
29/07/2021,4:58:00 PM,4:58:33 PM,Tamworth,NSW,6,185728207,R6 1980m Pace M,185728208,Harness,1980,Pace,30106283,2,Killara Insanity,LOSER,62.48,LOSER,,88.75,85,29,70,40.97,138.64,690,14,690,34.92,40.99,,,,,,,38,42,1.05,0.97
29/07/2021,4:58:00 PM,4:58:33 PM,Tamworth,NSW,6,185728207,R6 1980m Pace M,185728208,Harness,1980,Pace,20009608,3,Peggy Sue Shannon,WINNER,4.3,WINNER,,597.76,7.2,3.95,4.2,4.71,1780.07,28,1.01,1.01,1.76,2924.67,,2.02,1.8,1.8,1.82,34.57,4.8,5.1,1.05,0.97
29/07/2021,4:58:00 PM,4:58:33 PM,Tamworth,NSW,6,185728207,R6 1980m Pace M,185728208,Harness,1980,Pace,18965237,4,Presidentialattack,LOSER,4.47,LOSER,,487.09,5.9,3.45,4.4,3.96,2237.19,880,3.65,880,16.39,196.02,,1.63,1.52,1.56,1.56,50.29,3.65,3.9,1.05,0.97
29/07/2021,4:58:00 PM,4:58:33 PM,Tamworth,NSW,6,185728207,R6 1980m Pace M,185728208,Harness,1980,Pace,26721541,5,Diesel Don,LOSER,20.15,WINNER,,214,28,10.5,16.5,14.43,413.59,690,4,490,23.68,144.84,,3.7,3.7,3.7,3.7,13.59,14,15.5,1.05,0.97
29/07/2021,4:58:00 PM,4:58:33 PM,Tamworth,NSW,6,185728207,R6 1980m Pace M,185728208,Harness,1980,Pace,17508570,6,Sir Macador,LOSER,14.28,LOSER,,125.38,15.5,9.2,11.5,11.04,568.21,690,3,490,7.23,706.78,,,,,,,10,11,1.05,0.97
29/07/2021,4:58:00 PM,4:58:33 PM,Tamworth,NSW,6,185728207,R6 1980m Pace M,185728208,Harness,1980,Pace,11398779,7,Farrahfowler,LOSER,73.85,LOSER,,76.23,100,36,80,67.34,92.84,690,38,690,63.62,34.07,,,,,,,48,55,1.05,0.97
29/07/2021,4:58:00 PM,4:58:33 PM,Tamworth,NSW,6,185728207,R6 1980m Pace M,185728208,Harness,1980,Pace,20303524,8,Big Beat,LOSER,63.15,LOSER,,60.04,80,42,70,59.49,50.85,690,50,690,80.41,24.75,,,,,,,46,50,1.05,0.97
29/07/2021,4:58:00 PM,4:58:33 PM,Tamworth,NSW,6,185728207,R6 1980m Pace M,185728208,Harness,1980,Pace,23721186,9,A Paradigm Shift,LOSER,4.2,WINNER,,397.55,5,2.52,4.2,4.14,2113.07,490,1.36,490,4.32,949.57,,1.93,1.75,1.93,1.85,105.7,4.7,5,1.05,0.97
29/07/2021,5:25:00 PM,5:25:56 PM,Tamworth,NSW,7,185728209,R7 1609m Pace M,185728210,Harness,1609,Pace,27789845,1,Hand Writer,LOSER,36.92,LOSER,,81.41,36,18,28,26.11,96.82,780,15,780,99.44,28.36,,5,3.65,3.65,4.15,166.28,28,30,1.05,0.96
29/07/2021,5:25:00 PM,5:25:56 PM,Tamworth,NSW,7,185728209,R7 1609m Pace M,185728210,Harness,1609,Pace,22461991,2,Tralee Rocks,WINNER,2.42,WINNER,,1954.77,3.05,2.3,2.38,2.61,6405.55,3.5,1.02,1.04,2.1,4580.02,,1.59,1.3,1.4,1.41,116.52,2.56,2.78,1.05,0.96
29/07/2021,5:25:00 PM,5:25:56 PM,Tamworth,NSW,7,185728209,R7 1609m Pace M,185728210,Harness,1609,Pace,11229456,3,Zoemagic,LOSER,6.1,LOSER,,491,6.6,4.7,5.5,5.51,1052.65,290,2.5,85,9.86,153.41,,1.86,1.72,1.83,1.77,96.34,5.3,5.6,1.05,0.96
29/07/2021,5:25:00 PM,5:25:56 PM,Tamworth,NSW,7,185728209,R7 1609m Pace M,185728210,Harness,1609,Pace,26640428,4,The Narrator,LOSER,9.92,WINNER,,366.33,11,6.4,10,8.97,445.12,100,2.82,100,8.56,94.11,,2.3,2.3,2.3,2.3,5,8.4,9.2,1.05,0.96
29/07/2021,5:25:00 PM,5:25:56 PM,Tamworth,NSW,7,185728209,R7 1609m Pace M,185728210,Harness,1609,Pace,12084801,5,Bassey,LOSER,36.93,LOSER,,107.28,80,30,32,37.39,110.7,690,36,690,74.45,10.11,,6.2,6.2,6.2,6.2,9.43,36,48,1.05,0.96
29/07/2021,5:25:00 PM,5:25:56 PM,Tamworth,NSW,7,185728209,R7 1609m Pace M,185728210,Harness,1609,Pace,19308115,6,Point Oh Five,LOSER,128.56,LOSER,,69.3,140,70,90,101.39,20.36,630,110,610,186.28,5.91,,,,,,,95,140,1.05,0.96
29/07/2021,5:25:00 PM,5:25:56 PM,Tamworth,NSW,7,185728209,R7 1609m Pace M,185728210,Harness,1609,Pace,40256783,7,Akuma,LOSER,21.02,LOSER,,155.21,27,16,19.5,21.02,155.65,490,12,490,33.56,26.46,,3.95,3.7,3.75,3.77,96.35,19.5,21,1.05,0.96
29/07/2021,5:25:00 PM,5:25:56 PM,Tamworth,NSW,7,185728209,R7 1609m Pace M,185728210,Harness,1609,Pace,23721658,8,Mac Stubborn,LOSER,34.54,WINNER,,139.45,65,34,34,40.99,80.25,690,25,690,49.32,27.54,,5.7,5.4,5.7,5.66,10,42,46,1.05,0.96
29/07/2021,5:25:00 PM,5:25:56 PM,Tamworth,NSW,7,185728209,R7 1609m Pace M,185728210,Harness,1609,Pace,25102112,9,Broken Ark,LOSER,100,LOSER,,62.4,110,55,75,79.2,17.92,690,95,310,189.57,3.1,,,,,,,70,95,1.05,0.96
29/07/2021,5:25:00 PM,5:25:56 PM,Tamworth,NSW,7,185728209,R7 1609m Pace M,185728210,Harness,1609,Pace,23599658,10,Overthemoon,LOSER,6.87,LOSER,,565.14,6.4,4.9,6.2,5.59,843.58,690,2.84,490,12.72,206.38,,2.4,2,2.24,2.15,54.2,5.4,5.7,1.05,0.96
29/07/2021,5:57:00 PM,5:57:31 PM,Tamworth,NSW,8,185728211,R8 1980m Pace M,185728212,Harness,1980,Pace,936364,2,Gotta Rush,LOSER,4.55,LOSER,,998.7,6.2,3.65,4.3,4.07,3024.69,1000,3.5,1000,22.37,1060.13,,1.62,1.62,1.62,1.62,100,4.4,4.5,1.02,0.99
29/07/2021,5:57:00 PM,5:57:31 PM,Tamworth,NSW,8,185728211,R8 1980m Pace M,185728212,Harness,1980,Pace,40346349,3,Sammi Dance,LOSER,6.8,LOSER,,1104.61,8,5,6.6,6.87,1062.52,880,3,690,10.6,894.49,,2.44,1.88,2.4,2.19,217.94,7,7.4,1.02,0.99
29/07/2021,5:57:00 PM,5:57:31 PM,Tamworth,NSW,8,185728211,R8 1980m Pace M,185728212,Harness,1980,Pace,20358723,4,Casino Comedy,LOSER,18,WINNER,,329.69,46,17.5,19,23.13,408.84,690,24,280,56.53,47.02,,5.8,3.1,3.5,3.81,146.74,21,22,1.02,0.99
29/07/2021,5:57:00 PM,5:57:31 PM,Tamworth,NSW,8,185728211,R8 1980m Pace M,185728212,Harness,1980,Pace,10665112,5,Rolamax,LOSER,72.91,LOSER,,115.74,70,21,70,46.07,159.17,930,60,480,144.56,21.57,,,,,,,50,55,1.02,0.99
29/07/2021,5:57:00 PM,5:57:31 PM,Tamworth,NSW,8,185728211,R8 1980m Pace M,185728212,Harness,1980,Pace,3848259,6,With Authority,LOSER,22,LOSER,,183.06,30,13.5,26,23.54,292.64,910,17,300,31.6,90.89,,,,,,,24,25,1.02,0.99
29/07/2021,5:57:00 PM,5:57:31 PM,Tamworth,NSW,8,185728211,R8 1980m Pace M,185728212,Harness,1980,Pace,26411505,7,Montana Nights,LOSER,16.31,LOSER,,225.01,17,11.5,14,14.69,509.3,690,8.6,490,20.29,223.21,,3,2.64,2.68,2.83,149.34,15,15.5,1.02,0.99
29/07/2021,5:57:00 PM,5:57:31 PM,Tamworth,NSW,8,185728211,R8 1980m Pace M,185728212,Harness,1980,Pace,934165,8,Amused,LOSER,5.51,WINNER,,1028.1,6.6,2.94,5.7,4.8,1641.67,4.5,1.07,1.32,1.99,931.2,,2.46,1.59,2.4,2.36,167.13,4.9,5,1.02,0.99
29/07/2021,5:57:00 PM,5:57:31 PM,Tamworth,NSW,8,185728211,R8 1980m Pace M,185728212,Harness,1980,Pace,28290667,10,Im So Better,WINNER,3.85,WINNER,,1498.22,6.2,3.3,3.85,3.75,4642.89,12,1.4,4.1,2.71,579.1,,1.96,1.51,1.6,1.68,55.56,3.75,3.85,1.02,0.99
30/07/2021,5:55:00 PM,5:55:50 PM,Albion Park,QLD,1,185796429,R1 1660m Pace M,185796430,Harness,1660,Pace,17034233,1,The Hervey Bay,LOSER,10.12,LOSER,2,483.29,10.5,5.4,10,8.92,672.98,690,9.8,490,25.86,97.19,526.35,2.1,1.83,1.84,1.89,1619.82,9.4,9.8,1.03,0.97
30/07/2021,5:55:00 PM,5:55:50 PM,Albion Park,QLD,1,185796429,R1 1660m Pace M,185796430,Harness,1660,Pace,3678449,2,The Democrat,LOSER,53.76,LOSER,11.45,98,90,30,65,55.94,84.52,690,50,690,143.73,5.5,,7.2,7.2,7.2,7.2,5,50,55,1.03,0.97
30/07/2021,5:55:00 PM,5:55:50 PM,Albion Park,QLD,1,185796429,R1 1660m Pace M,185796430,Harness,1660,Pace,1527929,3,Captain Kirk,LOSER,42,LOSER,7.6,140.64,60,32,50,44.88,73.87,690,42,690,89.78,11.24,255.2,5.9,5.9,5.9,5.9,5,38,46,1.03,0.97
30/07/2021,5:55:00 PM,5:55:50 PM,Albion Park,QLD,1,185796429,R1 1660m Pace M,185796430,Harness,1660,Pace,38686805,4,Italian Lad,WINNER,1.7,WINNER,1.18,3846.07,2.42,1.71,1.79,1.83,11250.26,1.71,1.01,1.01,1.25,12732.94,1159.03,1.23,1.15,1.17,1.18,1072.82,1.87,1.92,1.03,0.97
30/07/2021,5:55:00 PM,5:55:50 PM,Albion Park,QLD,1,185796429,R1 1660m Pace M,185796430,Harness,1660,Pace,13088761,5,Paravani,LOSER,90.31,WINNER,13.8,78.77,130,50,120,90.63,53.34,690,26,690,59.27,45.17,24,9.2,8.4,9.2,9,5,95,110,1.03,0.97
30/07/2021,5:55:00 PM,5:55:50 PM,Albion Park,QLD,1,185796429,R1 1660m Pace M,185796430,Harness,1660,Pace,12490027,6,Saucy Dreams,LOSER,9.78,WINNER,2.34,441.38,12,8,9.6,9.52,904.74,690,5,490,27.3,114.85,790.22,2.4,2.22,2.3,2.32,43.64,8.2,9,1.03,0.97
30/07/2021,5:55:00 PM,5:55:50 PM,Albion Park,QLD,1,185796429,R1 1660m Pace M,185796430,Harness,1660,Pace,23912704,7,A Rainbow Delight,LOSER,130,LOSER,16.25,83.54,200,75,150,124.14,73.66,900,130,700,172.86,9.04,59.1,11,11,11,11,5,100,130,1.03,0.97
30/07/2021,5:55:00 PM,5:55:50 PM,Albion Park,QLD,1,185796429,R1 1660m Pace M,185796430,Harness,1660,Pace,18937629,8,Rocknroll Classic,LOSER,23,LOSER,3.05,167.35,34,17.5,22,21.48,319.37,690,23,690,57.89,38.43,440.13,3.85,2.96,3.05,3.19,911.4,19,23,1.03,0.97
30/07/2021,5:55:00 PM,5:55:50 PM,Albion Park,QLD,1,185796429,R1 1660m Pace M,185796430,Harness,1660,Pace,40363725,9,Game Set Major,LOSER,7.55,LOSER,1.92,575.7,8.4,4.3,8.2,6.95,1063.34,690,6,690,17.36,164.87,1037.84,2.02,1.74,1.99,1.88,199.55,6.8,7.2,1.03,0.97
30/07/2021,6:20:00 PM,6:20:52 PM,Albion Park,QLD,2,185796431,R2 1660m Pace M,185796432,Harness,1660,Pace,19647757,1,Ginatiano,LOSER,5.58,LOSER,2.11,981.17,9.2,5.5,5.5,6.58,997.55,12,1.47,12,4.39,943.59,538.62,2.42,1.9,2,2.12,338.52,7.4,7.8,1.03,0.97
30/07/2021,6:20:00 PM,6:20:52 PM,Albion Park,QLD,2,185796431,R2 1660m Pace M,185796432,Harness,1660,Pace,12571388,2,Betterthanspraying,LOSER,10.14,LOSER,3.08,356.91,19.5,9,9.8,11.17,1126.27,480,4.1,480,9.66,491.1,471.6,3.1,2.96,3,3.08,288.34,12,12.5,1.03,0.97
30/07/2021,6:20:00 PM,6:20:52 PM,Albion Park,QLD,2,185796431,R2 1660m Pace M,185796432,Harness,1660,Pace,13283218,3,Mach Torque,LOSER,21,LOSER,6.65,232.36,28,17,21,20.47,191.03,490,30,490,67.35,8.24,285.74,,,,,,19.5,23,1.03,0.97
30/07/2021,6:20:00 PM,6:20:52 PM,Albion Park,QLD,2,185796431,R2 1660m Pace M,185796432,Harness,1660,Pace,39820896,4,Nina Simone,LOSER,4.2,WINNER,1.8,1727.94,8.2,4,4.1,4.69,3502.49,10.5,1.12,1.14,2.24,2389.98,737.26,2.24,1.7,1.8,1.8,297.89,4.5,4.8,1.03,0.97
30/07/2021,6:20:00 PM,6:20:52 PM,Albion Park,QLD,2,185796431,R2 1660m Pace M,185796432,Harness,1660,Pace,21407694,5,Call Me Trish,LOSER,80.1,LOSER,12.85,57.2,100,65,90,80.26,39.49,690,130,690,241.73,2.1,95.22,,,,,,80,85,1.03,0.97
30/07/2021,6:20:00 PM,6:20:52 PM,Albion Park,QLD,2,185796431,R2 1660m Pace M,185796432,Harness,1660,Pace,23783464,6,Specialandiknowit,LOSER,120,LOSER,24.25,51.68,120,80,120,107.9,13.72,700,150,700,314.84,1.69,78.7,,,,,,85,100,1.03,0.97
30/07/2021,6:20:00 PM,6:20:52 PM,Albion Park,QLD,2,185796431,R2 1660m Pace M,185796432,Harness,1660,Pace,40363726,7,Dancintothebeat,LOSER,5,LOSER,2,1041.39,5.3,4.2,4.9,4.75,1226.02,170,3.25,140,6.79,159.46,883.73,1.77,1.75,1.76,1.76,21.56,4.4,4.6,1.03,0.97
30/07/2021,6:20:00 PM,6:20:52 PM,Albion Park,QLD,2,185796431,R2 1660m Pace M,185796432,Harness,1660,Pace,12110810,8,La Safron,LOSER,51.3,LOSER,9,116.45,80,48,65,62.35,83.41,690,34,690,64.66,22.93,94.02,10,7.8,9,8.9,381.39,50,55,1.03,0.97
30/07/2021,6:20:00 PM,6:20:52 PM,Albion Park,QLD,2,185796431,R2 1660m Pace M,185796432,Harness,1660,Pace,27131627,9,Albion Ark,LOSER,59.09,WINNER,9.59,139.49,130,48,70,79.99,62.18,690,90,690,130.47,4.18,102.25,10.5,9.2,9.2,9.7,64.88,85,100,1.03,0.97
30/07/2021,6:20:00 PM,6:20:52 PM,Albion Park,QLD,2,185796431,R2 1660m Pace M,185796432,Harness,1660,Pace,40363727,10,Braebeach,WINNER,4.82,WINNER,1.8,1295.79,5.3,2.38,4.8,3.79,6644.31,85,1.28,5,3.23,900.49,875.71,2.32,1.45,1.67,1.8,131.25,4,4.1,1.03,0.97
30/07/2021,6:50:00 PM,6:50:58 PM,Albion Park,QLD,3,185796433,R3 1660m Pace M,185796434,Harness,1660,Pace,9518741,1,Press Statement,LOSER,9.97,LOSER,1.78,630.44,8.8,4,8.8,6.72,2199.09,490,4.1,490,8.9,698.11,530.65,1.79,1.56,1.75,1.63,137.38,6.4,8,1.06,0.97
30/07/2021,6:50:00 PM,6:50:58 PM,Albion Park,QLD,3,185796433,R3 1660m Pace M,185796434,Harness,1660,Pace,40100034,2,Crossed Legs,LOSER,150,LOSER,10.64,30.57,190,55,190,111.05,57.7,700,85,700,176.12,24.46,35.16,8.4,8,8.2,8.14,19,95,110,1.06,0.97
30/07/2021,6:50:00 PM,6:50:58 PM,Albion Park,QLD,3,185796433,R3 1660m Pace M,185796434,Harness,1660,Pace,28370351,3,Charming Charlotte,WINNER,2.21,WINNER,1.24,3339.12,3.1,2.08,2.26,2.29,14318.1,2.28,1.01,1.01,1.38,13370.71,1359.46,1.34,1.19,1.23,1.24,605.49,2.1,2.18,1.06,0.97
30/07/2021,6:50:00 PM,6:50:58 PM,Albion Park,QLD,3,185796433,R3 1660m Pace M,185796434,Harness,1660,Pace,38204103,4,Snuggles Banyula,LOSER,38.21,WINNER,6.45,102.38,55,27,46,37,263.22,690,24,690,64.5,35.24,,5,5,5,5,9,34,40,1.06,0.97
30/07/2021,6:50:00 PM,6:50:58 PM,Albion Park,QLD,3,185796433,R3 1660m Pace M,185796434,Harness,1660,Pace,18855487,5,Ima Birubi Boy,LOSER,150,LOSER,14.04,57.52,180,75,170,115.29,63.95,1000,110,1000,236.05,19.54,64.11,,,,,,110,140,1.06,0.97
30/07/2021,6:50:00 PM,6:50:58 PM,Albion Park,QLD,3,185796433,R3 1660m Pace M,185796434,Harness,1660,Pace,11541637,7,Blissfulday,LOSER,26.23,LOSER,4.4,222.78,70,19.5,30,28.46,583.96,690,18,690,69.55,27.09,161.25,5.5,4.1,4.1,4.44,27.83,32,38,1.06,0.97
30/07/2021,6:50:00 PM,6:50:58 PM,Albion Park,QLD,3,185796433,R3 1660m Pace M,185796434,Harness,1660,Pace,17869459,8,Hit The Track,LOSER,41.69,LOSER,5.15,127.41,90,32,46,60.72,201.82,760,40,760,157.14,19.79,85.49,5.5,5.1,5.5,5.2,29.27,70,80,1.06,0.97
30/07/2021,6:50:00 PM,6:50:58 PM,Albion Park,QLD,3,185796433,R3 1660m Pace M,185796434,Harness,1660,Pace,28313934,9,Flo Ryda,LOSER,33.84,LOSER,7,152.11,80,22,32,46.89,305.42,690,29,690,72.74,42.57,48.69,6,5.1,5.4,5.68,103.47,55,70,1.06,0.97
30/07/2021,6:50:00 PM,6:50:58 PM,Albion Park,QLD,3,185796433,R3 1660m Pace M,185796434,Harness,1660,Pace,12566197,10,No Doubt,LOSER,2.96,WINNER,1.41,1678.57,3.95,2.98,2.98,3.26,8196.62,140,2.72,100,4.6,894.65,927.42,1.63,1.36,1.36,1.42,260.32,3.2,3.4,1.06,0.97
30/07/2021,7:22:00 PM,7:25:58 PM,Albion Park,QLD,4,185796435,R4 2138m Trot S,185796436,Harness,2138,Trot,23955020,1,Shegotsass,LOSER,46.41,LOSER,9.99,115.26,75,32,75,46.82,198.89,690,23,690,96.82,24.68,26.41,9.8,6.8,9.8,8.82,157.25,32,44,1.06,0.98
30/07/2021,7:22:00 PM,7:25:58 PM,Albion Park,QLD,4,185796435,R4 2138m Trot S,185796436,Harness,2138,Trot,15843196,2,Rosehill Magic,LOSER,75,LOSER,23.81,51.59,210,50,210,99.28,49.87,690,15,690,103.05,0.93,68.64,,,,,,65,100,1.06,0.98
30/07/2021,7:22:00 PM,7:25:58 PM,Albion Park,QLD,4,185796435,R4 2138m Trot S,185796436,Harness,2138,Trot,17441238,3,Havana Magic,LOSER,14.93,LOSER,4.07,433.55,21,13.5,17.5,16.49,564.78,690,19,350,205.93,3.06,354.59,4.4,3.9,4.1,4.09,150.22,17.5,20,1.06,0.98
30/07/2021,7:22:00 PM,7:25:58 PM,Albion Park,QLD,4,185796435,R4 2138m Trot S,185796436,Harness,2138,Trot,10921178,4,Down Under Rors,LOSER,25,LOSER,7.34,151.47,42,26,42,34.42,111.84,690,10.5,130,26.45,164.64,107.08,6,4.8,6,5.27,32.58,32,38,1.06,0.98
30/07/2021,7:22:00 PM,7:25:58 PM,Albion Park,QLD,4,185796435,R4 2138m Trot S,185796436,Harness,2138,Trot,8651416,5,Father Christmas,LOSER,23.81,LOSER,5.53,242.16,34,19.5,30,24.03,336.89,690,10,140,48.78,8.56,122.45,4.8,4,4.2,4.3,230.18,23,26,1.06,0.98
30/07/2021,7:22:00 PM,7:25:58 PM,Albion Park,QLD,4,185796435,R4 2138m Trot S,185796436,Harness,2138,Trot,25371528,6,Van Sank,WINNER,3.28,WINNER,1.5,3488.11,3.6,3,3.05,3.31,4595.55,3.5,1.01,1.01,1.48,9194.14,893.75,1.65,1.37,1.5,1.55,552.9,3.25,3.3,1.06,0.98
30/07/2021,7:22:00 PM,7:25:58 PM,Albion Park,QLD,4,185796435,R4 2138m Trot S,185796436,Harness,2138,Trot,14510017,7,Matatoki,LOSER,31.55,LOSER,7.7,191.39,46,24,42,31.03,180.3,690,20,130,23.6,103.24,91.34,,,,,,28,30,1.06,0.98
30/07/2021,7:22:00 PM,7:25:58 PM,Albion Park,QLD,4,185796435,R4 2138m Trot S,185796436,Harness,2138,Trot,8352970,8,Il Pirata,LOSER,5.37,WINNER,2.24,2426.53,10,5.5,6.2,6.82,1400.68,690,5.4,690,11.27,110.68,631.83,3,2.16,2.36,2.33,118.2,7.2,8,1.06,0.98
30/07/2021,7:22:00 PM,7:25:58 PM,Albion Park,QLD,4,185796435,R4 2138m Trot S,185796436,Harness,2138,Trot,19543899,9,Melpark Magic,LOSER,64.3,LOSER,11.25,84.68,100,42,85,60.77,100.18,690,50,690,151.63,6.06,34.9,,,,,,50,60,1.06,0.98
30/07/2021,7:22:00 PM,7:25:58 PM,Albion Park,QLD,4,185796435,R4 2138m Trot S,185796436,Harness,2138,Trot,17980280,10,Jansson,LOSER,48.17,LOSER,10.15,95.44,75,32,70,52.57,45.14,690,38,690,51.51,9.67,81.52,9,7.8,8.8,8.78,38.45,40,44,1.06,0.98
30/07/2021,7:22:00 PM,7:25:58 PM,Albion Park,QLD,4,185796435,R4 2138m Trot S,185796436,Harness,2138,Trot,807614,11,Aladdin Sane,LOSER,3.78,WINNER,1.84,1146.44,4.6,3.85,4,4.13,4781.61,90,2.8,60,5.16,1415.54,559.83,2.14,1.8,1.87,1.89,465.5,3.95,4.3,1.06,0.98
30/07/2021,7:22:00 PM,7:25:58 PM,Albion Park,QLD,4,185796435,R4 2138m Trot S,185796436,Harness,2138,Trot,35909495,12,Doug,LOSER,12.23,LOSER,3.75,378.32,11.5,6.2,11.5,10.24,898.41,690,4.4,490,15.97,904.95,102.83,3.75,2.88,3.75,3.17,123.84,9.6,10,1.06,0.98
30/07/2021,7:54:00 PM,7:58:11 PM,Albion Park,QLD,5,185796437,R5 1660m Pace M,185796438,Harness,1660,Pace,19375206,1,Sir Semper Fidelis,LOSER,39.33,LOSER,8.46,216.1,46,9.4,46,29.64,202.77,690,38,690,114.57,17.77,189.05,6.4,3.7,5.7,5.78,105,25,34,1.04,0.96
30/07/2021,7:54:00 PM,7:58:11 PM,Albion Park,QLD,5,185796437,R5 1660m Pace M,185796438,Harness,1660,Pace,8611068,2,Bukthsystem,LOSER,7.61,LOSER,2.84,1299.26,14,4.5,10.5,8.58,1907.32,490,4.1,490,7.76,581.07,327.64,3.2,2.18,2.72,2.8,69.75,7.6,8.2,1.04,0.96
30/07/2021,7:54:00 PM,7:58:11 PM,Albion Park,QLD,5,185796437,R5 1660m Pace M,185796438,Harness,1660,Pace,10108027,4,Archilles,LOSER,28.46,LOSER,5.8,202.23,28,19.5,21,23.6,270.85,910,23,690,62.23,43.3,176.51,6.6,5.1,5.1,6.28,46.31,24,26,1.04,0.96
30/07/2021,7:54:00 PM,7:58:11 PM,Albion Park,QLD,5,185796437,R5 1660m Pace M,185796438,Harness,1660,Pace,24465490,5,The Casual Goose,LOSER,4.71,WINNER,2.05,1118.56,12,5.1,5.1,6.53,2505.31,490,2.82,490,4.04,2462.74,934.82,2.1,1.95,2.1,2.01,266.1,6.4,6.8,1.04,0.96
30/07/2021,7:54:00 PM,7:58:11 PM,Albion Park,QLD,5,185796437,R5 1660m Pace M,185796438,Harness,1660,Pace,21526875,6,Devouged,LOSER,6.38,WINNER,2.26,2151.14,9,5.2,6.2,6.82,2872.65,490,4.4,490,7.74,240.26,174.57,2.74,2.22,2.22,2.23,18.03,8.2,9,1.04,0.96
30/07/2021,7:54:00 PM,7:58:11 PM,Albion Park,QLD,5,185796437,R5 1660m Pace M,185796438,Harness,1660,Pace,28036540,7,Rockindownunder,WINNER,6.48,WINNER,2.51,981.37,9.8,4.5,6,5.39,2932.1,20,1.01,1.01,1.39,4181.63,804.49,3.5,1.9,2.54,2.21,162.6,5.1,5.4,1.04,0.96
30/07/2021,7:54:00 PM,7:58:11 PM,Albion Park,QLD,5,185796437,R5 1660m Pace M,185796438,Harness,1660,Pace,12862931,8,Major Grandeur,LOSER,16.51,LOSER,3.55,464.25,21,11,15,13.74,667.03,690,3,490,36.78,94.87,78.67,3.5,2.8,3.5,3.06,40,14,18.5,1.04,0.96
30/07/2021,7:54:00 PM,7:58:11 PM,Albion Park,QLD,5,185796437,R5 1660m Pace M,185796438,Harness,1660,Pace,40363728,9,Stoker Ace,LOSER,4,LOSER,1.68,1469.1,6.2,3.75,4.1,4.05,5031.96,140,1.66,140,3.72,694.83,504.36,1.83,1.56,1.8,1.72,632.8,3.75,3.9,1.04,0.96
30/07/2021,7:54:00 PM,7:58:11 PM,Albion Park,QLD,5,185796437,R5 1660m Pace M,185796438,Harness,1660,Pace,22373193,10,Miss Fernandez,LOSER,50,LOSER,10.26,187.52,85,29,65,49.79,154.14,850,13,850,48.48,35.91,32.21,8.6,7,7,8.05,42.13,55,80,1.04,0.96
30/07/2021,8:24:00 PM,8:24:32 PM,Albion Park,QLD,6,185796439,R6 2138m Pace M,185796440,Harness,2138,Pace,24153717,1,Il Maximus,LOSER,14.22,LOSER,5.75,156.01,23,11,14.5,14.48,557.13,1000,6.8,1000,26.04,124.63,337.2,3.95,3.85,3.9,3.91,29.24,15,16,1.05,0.97
30/07/2021,8:24:00 PM,8:24:32 PM,Albion Park,QLD,6,185796439,R6 2138m Pace M,185796440,Harness,2138,Pace,28110332,2,Its Super Easy,LOSER,7.22,LOSER,2.76,277.08,10,6,7,7.55,1251.16,1000,3.85,1000,48.83,473.43,519,3,3,3,3,0.03,7.6,8.8,1.05,0.97
30/07/2021,8:24:00 PM,8:24:32 PM,Albion Park,QLD,6,185796439,R6 2138m Pace M,185796440,Harness,2138,Pace,40363729,3,Cala Jane,LOSER,8.8,LOSER,3,426.04,11.5,7,9.2,8.94,919.41,690,2,80,8.42,451.92,238.86,3,2.4,3,2.43,96.13,8.6,9.8,1.05,0.97
30/07/2021,8:24:00 PM,8:24:32 PM,Albion Park,QLD,6,185796439,R6 2138m Pace M,185796440,Harness,2138,Pace,21965412,4,Imfeelingit,LOSER,19.73,LOSER,5.5,217.88,29,15.5,22,19.35,192.53,1000,16.5,1000,55.95,80.57,270.67,,,,,,17.5,20,1.05,0.97
30/07/2021,8:24:00 PM,8:24:32 PM,Albion Park,QLD,6,185796439,R6 2138m Pace M,185796440,Harness,2138,Pace,14535265,5,Onya Doug,LOSER,6.31,WINNER,2.72,1159.08,9,5.3,8.4,7.43,458.85,1000,1.13,90,6.1,1966.18,474.59,2.94,2.28,2.48,2.33,95.8,7,7.6,1.05,0.97
30/07/2021,8:24:00 PM,8:24:32 PM,Albion Park,QLD,6,185796439,R6 2138m Pace M,185796440,Harness,2138,Pace,13363263,6,Royal Obsession,LOSER,16.56,WINNER,4.87,295.62,23,16,19.5,18.95,173.6,1000,8.8,690,39.94,90.98,346.06,,,,,,17.5,18.5,1.05,0.97
30/07/2021,8:24:00 PM,8:24:32 PM,Albion Park,QLD,6,185796439,R6 2138m Pace M,185796440,Harness,2138,Pace,23085199,7,Yep Got Chooks,WINNER,3.19,WINNER,1.7,2166.68,4.6,3,3.4,3.79,4036.75,18.5,1.01,1.01,2.22,6061.9,1160.96,1.87,1.7,1.73,1.78,68.74,3.85,3.95,1.05,0.97
30/07/2021,8:24:00 PM,8:24:32 PM,Albion Park,QLD,6,185796439,R6 2138m Pace M,185796440,Harness,2138,Pace,17114615,8,Gottahaveahobbie,LOSER,6.2,LOSER,2.23,616.85,6.4,5,6,5.62,1158.32,1000,3.7,1000,8.88,532.4,827.13,2.22,1.94,2.22,2.02,42.74,5.7,6,1.05,0.97
30/07/2021,8:24:00 PM,8:24:32 PM,Albion Park,QLD,6,185796439,R6 2138m Pace M,185796440,Harness,2138,Pace,9510472,9,Colonel Joy,LOSER,30.96,LOSER,7.22,158.55,40,22,40,28.29,133.66,1000,11,690,36.75,165.1,101.75,7.4,6,6,6.76,34.95,26,30,1.05,0.97
30/07/2021,8:55:00 PM,8:55:30 PM,Albion Park,QLD,7,185796441,R7 1660m Pace M,185796442,Harness,1660,Pace,16824268,1,Our Bondi Beach,LOSER,6.25,WINNER,2.3,530.11,8.4,5.2,6.2,5.79,3608.51,1000,4.2,1000,14.17,681.89,611.28,3,2.3,2.32,2.4,428.44,6.2,6.6,1.03,0.99
30/07/2021,8:55:00 PM,8:55:30 PM,Albion Park,QLD,7,185796441,R7 1660m Pace M,185796442,Harness,1660,Pace,12525362,2,Mark Of Integrity,LOSER,22.62,LOSER,12.55,288.52,30,13.5,30,23.22,324.8,1000,18.5,1000,61.23,84.08,34.56,,,,,,21,22,1.03,0.99
30/07/2021,8:55:00 PM,8:55:30 PM,Albion Park,QLD,7,185796441,R7 1660m Pace M,185796442,Harness,1660,Pace,17021930,3,At West Point,LOSER,2.15,LOSER,1.63,2662.87,3.55,2.36,2.36,2.81,7670.7,1000,2.08,130,3.74,2262.17,909.79,2.02,1.6,1.63,1.65,243.7,2.74,2.78,1.03,0.99
30/07/2021,8:55:00 PM,8:55:30 PM,Albion Park,QLD,7,185796441,R7 1660m Pace M,185796442,Harness,1660,Pace,10808457,4,Arthur Lowe,LOSER,34.86,LOSER,11.25,210.43,50,30,48,38.04,208.34,1000,24,1000,52.12,61.49,172.07,,,,,,30,32,1.03,0.99
30/07/2021,8:55:00 PM,8:55:30 PM,Albion Park,QLD,7,185796441,R7 1660m Pace M,185796442,Harness,1660,Pace,9426002,5,Kingofthestars,LOSER,114,LOSER,248.11,40.74,260,80,190,138.05,56.11,1000,34,1000,154.79,11,0.45,320,34,320,45.41,22.35,100,110,1.03,0.99
30/07/2021,8:55:00 PM,8:55:30 PM,Albion Park,QLD,7,185796441,R7 1660m Pace M,185796442,Harness,1660,Pace,8610996,6,Vinny Chase,LOSER,2.88,LOSER,2.38,3878.64,3.7,2.54,3.55,3.17,5641.63,1000,1.94,1000,3.34,2343.19,1398.42,6.8,1.76,2.12,2.07,313.48,3.35,3.45,1.03,0.99
30/07/2021,8:55:00 PM,8:55:30 PM,Albion Park,QLD,7,185796441,R7 1660m Pace M,185796442,Harness,1660,Pace,12118480,8,Midnight Man,WINNER,9.07,WINNER,4.18,683.27,18,9,10,9.94,1515.46,17,1.01,1.01,1.7,6358.42,421.24,9.2,3.45,3.6,4.3,38,9,10,1.03,0.99
30/07/2021,9:24:00 PM,9:25:16 PM,Albion Park,QLD,8,185796443,R8 2138m Trot M,185796444,Harness,2138,Trot,13223716,1,Chocolatehandful,LOSER,110,LOSER,21.89,45.9,140,75,140,96.28,31.1,690,100,690,231.61,36.84,45.33,,,,,,90,120,1.05,0.98
30/07/2021,9:24:00 PM,9:25:16 PM,Albion Park,QLD,8,185796443,R8 2138m Trot M,185796444,Harness,2138,Trot,36036905,2,Hattie,LOSER,65,LOSER,8,80.48,100,50,100,68.21,44.85,1000,65,700,504.06,16.65,0.8,9,8,9,8.91,8.8,55,75,1.05,0.98
30/07/2021,9:24:00 PM,9:25:16 PM,Albion Park,QLD,8,185796443,R8 2138m Trot M,185796444,Harness,2138,Trot,21970565,3,Bourbonontherocks,WINNER,13.55,WINNER,4.48,253.37,15,9.4,12.5,11.73,688.28,42,1.01,1.01,1.24,3458.62,435.82,3.4,3.1,3.15,3.28,106.26,12,13,1.05,0.98
30/07/2021,9:24:00 PM,9:25:16 PM,Albion Park,QLD,8,185796443,R8 2138m Trot M,185796444,Harness,2138,Trot,8591283,4,Mister Chisholm,LOSER,15.28,LOSER,4.02,250.6,16.5,8.4,16.5,11.88,258.26,690,9.8,690,32.66,104.44,279.49,4.4,4.4,4.4,4.4,30.01,11.5,13.5,1.05,0.98
30/07/2021,9:24:00 PM,9:25:16 PM,Albion Park,QLD,8,185796443,R8 2138m Trot M,185796444,Harness,2138,Trot,21336702,5,Ima Calvert Rose,LOSER,3.78,WINNER,2.61,2253.08,5.8,3.3,4.1,4.16,3549.58,690,2.4,690,3.94,1785.88,827.31,5.1,1.5,2.9,1.97,559.57,4.6,4.7,1.05,0.98
30/07/2021,9:24:00 PM,9:25:16 PM,Albion Park,QLD,8,185796443,R8 2138m Trot M,185796444,Harness,2138,Trot,20979390,6,Spiders Devil,LOSER,8.84,LOSER,2.87,334.1,10,7.8,8.2,8.86,727.63,690,8,690,16.15,105.28,180.7,3.1,2.4,2.4,2.46,53.25,8.6,9.4,1.05,0.98
30/07/2021,9:24:00 PM,9:25:16 PM,Albion Park,QLD,8,185796443,R8 2138m Trot M,185796444,Harness,2138,Trot,25102748,8,Rocket Nova,LOSER,60.17,LOSER,6.4,94.75,85,44,60,51.66,106.73,930,48,930,110.11,24.03,220.47,,,,,,46,48,1.05,0.98
30/07/2021,9:24:00 PM,9:25:16 PM,Albion Park,QLD,8,185796443,R8 2138m Trot M,185796444,Harness,2138,Trot,17427977,9,Just Call Me Molly,LOSER,6.76,WINNER,2.57,1137.48,8.6,4.5,8.2,7.23,976.29,490,2.1,490,7.81,460.31,210.05,2.76,2.28,2.3,2.31,78.18,6.8,7.4,1.05,0.98
30/07/2021,9:24:00 PM,9:25:16 PM,Albion Park,QLD,8,185796443,R8 2138m Trot M,185796444,Harness,2138,Trot,40363730,10,The Night King,LOSER,13,LOSER,3.72,276.59,19,9.2,12.5,11.78,363.64,490,10,490,54.81,25.76,243.33,,,,,,12.5,14,1.05,0.98
30/07/2021,9:24:00 PM,9:25:16 PM,Albion Park,QLD,8,185796443,R8 2138m Trot M,185796444,Harness,2138,Trot,23202382,11,Majestic Speed,LOSER,3.69,LOSER,1.72,1192.32,5,3.1,3.95,3.98,3564.08,690,2.92,490,10.77,392.44,677,1.76,1.56,1.76,1.72,846.61,3.7,3.9,1.05,0.98
30/07/2021,9:50:00 PM,9:50:48 PM,Albion Park,QLD,9,185796445,R9 1628m Trot S,185796446,Harness,1628,Trot,40272057,1,Bettatrix,LOSER,42,LOSER,9.89,105.16,50,17,42,38.22,390.79,1000,20,1000,84.02,61.62,123.68,11,7,9.8,8.68,79.36,34,42,1.02,0.98
30/07/2021,9:50:00 PM,9:50:48 PM,Albion Park,QLD,9,185796445,R9 1628m Trot S,185796446,Harness,1628,Trot,1158444,3,Banff,LOSER,3.47,LOSER,1.88,1696.17,4.9,2.52,3.6,4.09,4571.9,1000,3.4,1000,7.66,1263.52,421.27,1.95,1.8,1.82,1.81,111.68,4,4.2,1.02,0.98
30/07/2021,9:50:00 PM,9:50:48 PM,Albion Park,QLD,9,185796445,R9 1628m Trot S,185796446,Harness,1628,Trot,40363731,4,Flashy Seb,WINNER,3.32,WINNER,1.69,1234.81,3.95,2.94,3.4,3.5,3881.76,6.4,1.01,1.01,1.73,5226.26,676.68,1.72,1.6,1.67,1.69,148.75,3.6,3.75,1.02,0.98
30/07/2021,9:50:00 PM,9:50:48 PM,Albion Park,QLD,9,185796445,R9 1628m Trot S,185796446,Harness,1628,Trot,40363732,5,Confiscated,LOSER,2.36,WINNER,1.31,909.85,3.1,2.1,2.5,2.33,13364.08,170,1.28,170,2.52,4021.77,1147.08,1.44,1.29,1.32,1.33,814.97,2.16,2.24,1.02,0.98
30/07/2021,4:03:00 PM,4:03:20 PM,Alexandra Park,NZ,1,185797123,R1 2700m Pace S,185797124,Harness,2700,Pace,17220552,1,Machs Back,WINNER,,WINNER,,,6.6,4.6,5.3,5.39,415.71,6.2,2.1,2.1,4.02,189.96,,2.72,2.3,2.72,2.43,72.02,5.4,6.2,1.04,0.95
30/07/2021,4:03:00 PM,4:03:20 PM,Alexandra Park,NZ,1,185797123,R1 2700m Pace S,185797124,Harness,2700,Pace,36241346,3,Rough And Ready,LOSER,,WINNER,,,15.5,6.4,8.8,7.72,211.21,10,3,3,4.55,29.5,,3.4,2.9,3.4,3.07,15.02,7,8.4,1.04,0.95
30/07/2021,4:03:00 PM,4:03:20 PM,Alexandra Park,NZ,1,185797123,R1 2700m Pace S,185797124,Harness,2700,Pace,22153154,4,Callies Delight,LOSER,,LOSER,,,5.9,4.4,5.4,5.08,256.18,90,2,90,10.55,65.06,,2.8,2.32,2.8,2.46,25.02,5.3,5.9,1.04,0.95
30/07/2021,4:03:00 PM,4:03:20 PM,Alexandra Park,NZ,1,185797123,R1 2700m Pace S,185797124,Harness,2700,Pace,20137581,5,Warloch,LOSER,,LOSER,,,5.5,4.1,5.3,4.65,245.6,14.5,3.3,14.5,6.03,42.06,,2.76,2.06,2.56,2.36,42.11,5,5.5,1.04,0.95
30/07/2021,4:03:00 PM,4:03:20 PM,Alexandra Park,NZ,1,185797123,R1 2700m Pace S,185797124,Harness,2700,Pace,1194408,6,Fabrizio,LOSER,,LOSER,,,5,2.74,2.96,3.33,577.87,6.8,2.88,6.8,3.19,287.83,,1.96,1.81,1.81,1.95,5.32,3.05,3.15,1.04,0.95
30/07/2021,4:29:00 PM,4:30:05 PM,Alexandra Park,NZ,2,185797125,R2 2700m Trot S,185797126,Harness,2700,Trot,38923653,1,Drum N Bass,LOSER,,LOSER,,,8,6.2,6.2,7.01,338.7,880,13,880,49.26,38.97,,2.52,2.22,2.32,2.35,114.99,7.2,8,1.13,0.94
30/07/2021,4:29:00 PM,4:30:05 PM,Alexandra Park,NZ,2,185797125,R2 2700m Trot S,185797126,Harness,2700,Trot,18739526,2,Superfast Ninja,WINNER,,WINNER,,,7,5.7,6.4,6.35,255.6,6,1.06,1.4,3.23,236.74,,,,,,,6.2,6.8,1.13,0.94
30/07/2021,4:29:00 PM,4:30:05 PM,Alexandra Park,NZ,2,185797125,R2 2700m Trot S,185797126,Harness,2700,Trot,22461714,3,Miss Slippers,LOSER,,LOSER,,,7.6,5.8,7.4,6.09,193.34,200,5.4,200,11.77,7.03,,,,,,,5.8,7.4,1.13,0.94
30/07/2021,4:29:00 PM,4:30:05 PM,Alexandra Park,NZ,2,185797125,R2 2700m Trot S,185797126,Harness,2700,Trot,12166741,4,Still Eyre,LOSER,,LOSER,,,38,25,38,28.04,19.99,520,140,520,351.11,0.05,,8.4,7.8,7.8,8.09,55.76,25,40,1.13,0.94
30/07/2021,4:29:00 PM,4:30:05 PM,Alexandra Park,NZ,2,185797125,R2 2700m Trot S,185797126,Harness,2700,Trot,797790,5,High In The Sky,LOSER,,WINNER,,,29,16.5,18.5,17.66,21.18,140,30,140,41.49,5.46,,,,,,,18.5,29,1.13,0.94
30/07/2021,4:29:00 PM,4:30:05 PM,Alexandra Park,NZ,2,185797125,R2 2700m Trot S,185797126,Harness,2700,Trot,40359590,6,Scrappylittlenobody,LOSER,,LOSER,,,24,15,18,18.54,14.2,910,6,910,38.73,30.37,,5.6,4.2,4.6,4.42,381.23,18,24,1.13,0.94
30/07/2021,4:29:00 PM,4:30:05 PM,Alexandra Park,NZ,2,185797125,R2 2700m Trot S,185797126,Harness,2700,Trot,39436926,7,Aldebaran Flame,LOSER,,WINNER,,,5.2,3.55,3.75,4,535.34,80,3.3,29,3.8,56,,2,1.84,1.84,1.95,105.2,3.55,3.95,1.13,0.94
30/07/2021,4:29:00 PM,4:30:05 PM,Alexandra Park,NZ,2,185797125,R2 2700m Trot S,185797126,Harness,2700,Trot,27543734,8,Majestic Harry,LOSER,,LOSER,,,14,6.4,13.5,9.8,111.32,85,29,85,81,0.29,,3,2.28,2.98,2.93,57,10,14,1.13,0.94
30/07/2021,4:29:00 PM,4:30:05 PM,Alexandra Park,NZ,2,185797125,R2 2700m Trot S,185797126,Harness,2700,Trot,12413179,9,Saint Michel,LOSER,,LOSER,,,10,7.2,10,9.2,129.74,85,6,85,8.02,22.56,,2.82,2.82,2.82,2.82,50,8.2,9.4,1.13,0.94
30/07/2021,4:54:00 PM,4:54:49 PM,Alexandra Park,NZ,3,185797127,R3 2200m Pace M,185797128,Harness,2200,Pace,40359591,1,Korloff Noir,LOSER,,WINNER,,,12.5,5.3,9.4,6.08,35.48,6,3.95,6,5.33,34,,2.32,2.04,2.04,2.16,283.78,5.3,9.4,1.2,0.89
30/07/2021,4:54:00 PM,4:54:49 PM,Alexandra Park,NZ,3,185797127,R3 2200m Pace M,185797128,Harness,2200,Pace,3436545,2,Baba Yaga,LOSER,,LOSER,,,46,19.5,23,30.35,12.03,90,17.5,90,43.06,5.8,,,,,,,26,40,1.2,0.89
30/07/2021,4:54:00 PM,4:54:49 PM,Alexandra Park,NZ,3,185797127,R3 2200m Pace M,185797128,Harness,2200,Pace,2701897,3,Je Taime,LOSER,,LOSER,,,19.5,14,15.5,15.7,25.94,20,9.8,9.8,10.54,3.82,,,,,,,14,19,1.2,0.89
30/07/2021,4:54:00 PM,4:54:49 PM,Alexandra Park,NZ,3,185797127,R3 2200m Pace M,185797128,Harness,2200,Pace,15327831,4,Margot,LOSER,,LOSER,,,10.5,7.4,9.4,8.96,75.1,14,14,14,14,0.04,,2.86,2.62,2.86,2.85,20.95,7.8,10.5,1.2,0.89
30/07/2021,4:54:00 PM,4:54:49 PM,Alexandra Park,NZ,3,185797127,R3 2200m Pace M,185797128,Harness,2200,Pace,40359592,5,Midfrew Lucre,LOSER,,WINNER,,,5.6,4.1,4.9,4.72,286.31,5,3.2,3.3,3.21,32.25,,1.69,1.69,1.69,1.69,25,3.65,4.7,1.2,0.89
30/07/2021,4:54:00 PM,4:54:49 PM,Alexandra Park,NZ,3,185797127,R3 2200m Pace M,185797128,Harness,2200,Pace,17650452,6,Harvey Specter,LOSER,,LOSER,,,50,28,48,32.8,11.59,1000,55,1000,618.08,4.12,,6.4,6.4,6.4,6.4,6,27,55,1.2,0.89
30/07/2021,4:54:00 PM,4:54:49 PM,Alexandra Park,NZ,3,185797127,R3 2200m Pace M,185797128,Harness,2200,Pace,39307931,7,Magic Thompson,LOSER,,LOSER,,,100,55,65,69.91,6.5,,,,,,,,,,,,55,100,1.2,0.89
30/07/2021,4:54:00 PM,4:54:49 PM,Alexandra Park,NZ,3,185797127,R3 2200m Pace M,185797128,Harness,2200,Pace,40359593,8,Major Holiday,LOSER,,LOSER,,,29,14.5,17.5,17.3,20.4,32,10,30,14.52,12.7,,,,,,,17,29,1.2,0.89
30/07/2021,4:54:00 PM,4:54:49 PM,Alexandra Park,NZ,3,185797127,R3 2200m Pace M,185797128,Harness,2200,Pace,40359594,9,Matai Louis,WINNER,,WINNER,,,13.5,6.8,7.8,9.5,38.24,90,5.9,90,15.09,16.51,,,,,,,8.4,9.2,1.2,0.89
30/07/2021,4:54:00 PM,4:54:49 PM,Alexandra Park,NZ,3,185797127,R3 2200m Pace M,185797128,Harness,2200,Pace,40359595,10,Magic Four,LOSER,,LOSER,,,10.5,7,7.2,8.25,303.56,5.9,4.3,4.3,4.88,47,,,,,,,7.4,8,1.2,0.89
30/07/2021,4:54:00 PM,4:54:49 PM,Alexandra Park,NZ,3,185797127,R3 2200m Pace M,185797128,Harness,2200,Pace,10470744,11,Power Up,LOSER,,LOSER,,,9.8,7,9.8,7.66,32.72,90,2,90,2.95,278.66,,,,,,,7.8,9.8,1.2,0.89
30/07/2021,5:23:00 PM,5:23:42 PM,Alexandra Park,NZ,4,185797129,R4 2700m Trot S,185797130,Harness,2700,Trot,38256347,1,Jasinova,WINNER,,WINNER,,,9.8,6.2,8.2,7.19,60.7,9,1.01,1.04,3.66,203.29,,2.84,2.02,2.84,2.02,26.57,8,9.8,1.09,0.95
30/07/2021,5:23:00 PM,5:23:42 PM,Alexandra Park,NZ,4,185797129,R4 2700m Trot S,185797130,Harness,2700,Trot,36010235,2,I Got Music,LOSER,,LOSER,,,4.2,3.25,3.6,3.52,357.95,140,2.02,140,2.54,229.92,,1.67,1.67,1.67,1.67,27.38,3.45,3.75,1.09,0.95
30/07/2021,5:23:00 PM,5:23:42 PM,Alexandra Park,NZ,4,185797129,R4 2700m Trot S,185797130,Harness,2700,Trot,17090580,3,Safrakova,LOSER,,WINNER,,,16,10.5,14.5,13.8,31.74,120,8.4,120,11.13,29.07,,3.1,2.84,3.1,2.98,181.92,12,14.5,1.09,0.95
30/07/2021,5:23:00 PM,5:23:42 PM,Alexandra Park,NZ,4,185797129,R4 2700m Trot S,185797130,Harness,2700,Trot,21631013,4,Minnie Bow Tique,LOSER,,WINNER,,,9,7.2,7.8,8.09,183.23,120,2.98,120,4.31,168.49,,2.9,2.38,2.4,2.4,30.54,7.6,8.8,1.09,0.95
30/07/2021,5:23:00 PM,5:23:42 PM,Alexandra Park,NZ,4,185797129,R4 2700m Trot S,185797130,Harness,2700,Trot,37199442,5,My Royal Roxy,LOSER,,LOSER,,,9.4,4.7,5.9,6.73,373.17,540,5.9,29,25.32,36.85,,2.48,2,2.02,2.19,85.91,5.3,6,1.09,0.95
30/07/2021,5:23:00 PM,5:23:42 PM,Alexandra Park,NZ,4,185797129,R4 2700m Trot S,185797130,Harness,2700,Trot,11826435,6,Shay Scott,LOSER,,LOSER,,,90,42,85,51.82,5.82,940,85,940,449.9,1.5,,18,8.2,18,17.71,9.36,70,85,1.09,0.95
30/07/2021,5:23:00 PM,5:23:42 PM,Alexandra Park,NZ,4,185797129,R4 2700m Trot S,185797130,Harness,2700,Trot,7577927,7,Soledad,LOSER,,LOSER,,,21,15.5,21,17.56,11.58,140,36,140,64.02,7.25,,3.8,3.8,3.8,3.8,0.57,20,21,1.09,0.95
30/07/2021,5:23:00 PM,5:23:42 PM,Alexandra Park,NZ,4,185797129,R4 2700m Trot S,185797130,Harness,2700,Trot,35791161,8,Hill Of Peace,LOSER,,LOSER,,,10.5,6.8,9.2,8.71,30.27,820,15.5,820,20.24,16.65,,,,,,,8.4,10.5,1.09,0.95
30/07/2021,5:23:00 PM,5:23:42 PM,Alexandra Park,NZ,4,185797129,R4 2700m Trot S,185797130,Harness,2700,Trot,156226,9,Reign,LOSER,,LOSER,,,24,8.6,16,12.7,47.14,710,25,710,120.11,9.15,,3,3,3,3,26.54,13,15.5,1.09,0.95
30/07/2021,5:23:00 PM,5:23:42 PM,Alexandra Park,NZ,4,185797129,R4 2700m Trot S,185797130,Harness,2700,Trot,35596730,10,Cepheus,LOSER,,LOSER,,,80,48,80,60.91,10.4,900,19.5,900,31.79,11.59,,,,,,,65,80,1.09,0.95
30/07/2021,5:51:00 PM,5:53:06 PM,Alexandra Park,NZ,5,185797131,R5 2200m Pace M,185797132,Harness,2200,Pace,40359596,1,Betyahavtime,LOSER,,WINNER,,,13,9.6,10,11.19,132.63,140,2.08,2.08,5.65,85.99,,2.66,2.06,2.22,2.25,173.51,9.6,12.5,1.07,0.95
30/07/2021,5:51:00 PM,5:53:06 PM,Alexandra Park,NZ,5,185797131,R5 2200m Pace M,185797132,Harness,2200,Pace,26963755,2,Joshua Richard,LOSER,,LOSER,,,7.4,5.7,7,6.41,152.73,470,4.5,470,11.81,52.72,,1.99,1.81,1.81,1.81,6.86,5.7,6.2,1.07,0.95
30/07/2021,5:51:00 PM,5:53:06 PM,Alexandra Park,NZ,5,185797131,R5 2200m Pace M,185797132,Harness,2200,Pace,39592119,3,Jono B,LOSER,,LOSER,,,300,50,50,61.79,9.42,400,90,400,113.03,0.37,,,,,,,60,90,1.07,0.95
30/07/2021,5:51:00 PM,5:53:06 PM,Alexandra Park,NZ,5,185797131,R5 2200m Pace M,185797132,Harness,2200,Pace,40359597,4,Doctor Steve,LOSER,,LOSER,,,20,10.5,10.5,13.99,127.03,200,22,200,29.26,11.55,,2.84,2.48,2.72,2.54,143.92,14,14.5,1.07,0.95
30/07/2021,5:51:00 PM,5:53:06 PM,Alexandra Park,NZ,5,185797131,R5 2200m Pace M,185797132,Harness,2200,Pace,1535648,5,Ronda,LOSER,,LOSER,,,19,12.5,13.5,14.9,93.55,210,26,210,59.15,1.84,,,,,,,14.5,16.5,1.07,0.95
30/07/2021,5:51:00 PM,5:53:06 PM,Alexandra Park,NZ,5,185797131,R5 2200m Pace M,185797132,Harness,2200,Pace,39592113,6,Getn Wiggy Withit,LOSER,,WINNER,,,27,18,18,19.49,75.32,500,36,500,103.75,1.43,,3.9,3.4,3.9,3.65,53.08,19.5,27,1.07,0.95
30/07/2021,5:51:00 PM,5:53:06 PM,Alexandra Park,NZ,5,185797131,R5 2200m Pace M,185797132,Harness,2200,Pace,39085657,7,Manhattan,WINNER,,WINNER,,,2.38,1.69,1.86,1.82,2727.22,2.1,1.03,1.04,1.25,1285,,1.45,1.17,1.25,1.27,142.58,1.86,1.97,1.07,0.95
30/07/2021,5:51:00 PM,5:53:06 PM,Alexandra Park,NZ,5,185797131,R5 2200m Pace M,185797132,Harness,2200,Pace,39876770,9,Willsherocknroll,LOSER,,LOSER,,,70,46,50,51.19,13.4,300,80,300,100.65,1.06,,,,,,,50,70,1.07,0.95
30/07/2021,5:51:00 PM,5:53:06 PM,Alexandra Park,NZ,5,185797131,R5 2200m Pace M,185797132,Harness,2200,Pace,3892599,10,Rasana,LOSER,,LOSER,,,150,42,75,46.51,8.98,390,120,390,155,0.3,,,,,,,42,75,1.07,0.95
30/07/2021,6:17:00 PM,6:17:41 PM,Alexandra Park,NZ,6,185797133,R6 2700m Trot S,185797134,Harness,2700,Trot,24217034,1,Emma Frost,LOSER,,WINNER,,,8,5.7,6.2,6.92,346.35,550,7.6,550,129.32,0.2,,2.56,2.06,2.06,2.26,150.15,6,6.8,1.1,0.94
30/07/2021,6:17:00 PM,6:17:41 PM,Alexandra Park,NZ,6,185797133,R6 2700m Trot S,185797134,Harness,2700,Trot,36848444,2,Lexi T,LOSER,,LOSER,,,38,17.5,21,22.38,41.1,660,13,660,17.39,16.12,,7.6,7.6,7.6,7.6,6.01,21,38,1.1,0.94
30/07/2021,6:17:00 PM,6:17:41 PM,Alexandra Park,NZ,6,185797133,R6 2700m Trot S,185797134,Harness,2700,Trot,2952574,3,Silver Power,WINNER,,WINNER,,,9.2,7,7.4,7.6,78.55,4.9,1.01,1.05,3.07,84.5,,2.86,2.34,2.36,2.35,45.04,7.4,8.8,1.1,0.94
30/07/2021,6:17:00 PM,6:17:41 PM,Alexandra Park,NZ,6,185797133,R6 2700m Trot S,185797134,Harness,2700,Trot,21922998,4,In Sequence,LOSER,,WINNER,,,3.9,3.3,3.65,3.57,499.54,140,3.15,140,5.1,66.35,,1.79,1.62,1.7,1.75,39.03,3.5,3.75,1.1,0.94
30/07/2021,6:17:00 PM,6:17:41 PM,Alexandra Park,NZ,6,185797133,R6 2700m Trot S,185797134,Harness,2700,Trot,1293008,5,Invictus,LOSER,,LOSER,,,10,5.9,7.4,7.3,182.34,630,4.7,630,15.4,2,,2.54,2.08,2.22,2.09,27.78,6.8,8.2,1.1,0.94
30/07/2021,6:17:00 PM,6:17:41 PM,Alexandra Park,NZ,6,185797133,R6 2700m Trot S,185797134,Harness,2700,Trot,4702635,6,Sertorius,LOSER,,LOSER,,,18,13,17,16.38,52.12,140,17,44,27.78,1.52,,,,,,,14.5,18,1.1,0.94
30/07/2021,6:17:00 PM,6:17:41 PM,Alexandra Park,NZ,6,185797133,R6 2700m Trot S,185797134,Harness,2700,Trot,9925645,7,Kings Landing,LOSER,,LOSER,,,9.8,7.4,8,8.19,54.49,140,5.2,140,7.99,13.79,,,,,,,7.4,8,1.1,0.94
30/07/2021,6:17:00 PM,6:17:41 PM,Alexandra Park,NZ,6,185797133,R6 2700m Trot S,185797134,Harness,2700,Trot,19086639,8,Credit Master,LOSER,,LOSER,,,12,8,9,8.77,69.89,480,120,120,172.5,0.16,,3,2.62,3,2.91,40.74,9,12,1.1,0.94
30/07/2021,6:46:00 PM,6:46:40 PM,Alexandra Park,NZ,7,185797135,R7 2200m Pace M,185797136,Harness,2200,Pace,469306,1,Jack Tar,LOSER,,LOSER,,,4,2.74,3.2,3.28,746.17,810,2.54,140,7.96,31.88,,1.48,1.45,1.48,1.47,50.3,3.05,3.7,1.09,0.84
30/07/2021,6:46:00 PM,6:46:40 PM,Alexandra Park,NZ,7,185797135,R7 2200m Pace M,185797136,Harness,2200,Pace,23157229,2,Little Miss Perfect,LOSER,,LOSER,,,6.4,3.85,4.3,4.45,692.24,120,3.1,120,3.49,210.17,,1.85,1.67,1.85,1.74,104.13,4.4,6.6,1.09,0.84
30/07/2021,6:46:00 PM,6:46:40 PM,Alexandra Park,NZ,7,185797135,R7 2200m Pace M,185797136,Harness,2200,Pace,38256364,3,Run Mason Run,LOSER,,LOSER,,,29,19.5,19.5,22.39,39.92,860,4,860,18.12,98.57,,3.8,3.8,3.8,3.8,5,22,40,1.09,0.84
30/07/2021,6:46:00 PM,6:46:40 PM,Alexandra Park,NZ,7,185797135,R7 2200m Pace M,185797136,Harness,2200,Pace,8211700,4,Happy Place,LOSER,,LOSER,,,30,19.5,30,25.09,30.59,140,38,140,39.41,1.46,,5,4.6,4.8,4.81,49.12,22,30,1.09,0.84
30/07/2021,6:46:00 PM,6:46:40 PM,Alexandra Park,NZ,7,185797135,R7 2200m Pace M,185797136,Harness,2200,Pace,32639440,5,Stag Party,WINNER,,WINNER,,,9.4,5.1,6.8,6.59,426.36,9,1.24,1.24,3.43,81.63,,,,,,,8.6,9.4,1.09,0.84
30/07/2021,6:46:00 PM,6:46:40 PM,Alexandra Park,NZ,7,185797135,R7 2200m Pace M,185797136,Harness,2200,Pace,1071917,6,Platinum,LOSER,,WINNER,,,6.6,3.95,4.4,4.81,502.42,5.3,3.6,5.3,4.22,82.39,,,,,,,4.5,5.1,1.09,0.84
30/07/2021,6:46:00 PM,6:46:40 PM,Alexandra Park,NZ,7,185797135,R7 2200m Pace M,185797136,Harness,2200,Pace,10527474,7,Satchmo,LOSER,,LOSER,,,30,19,21,22.02,37.95,140,34,140,50.83,1.21,,8,8,8,8,8.02,21,34,1.09,0.84
30/07/2021,6:46:00 PM,6:46:40 PM,Alexandra Park,NZ,7,185797135,R7 2200m Pace M,185797136,Harness,2200,Pace,12238226,8,Lynton Creek,LOSER,,LOSER,,,110,48,100,67.55,14.42,300,140,300,246.67,0.06,,,,,,,50,90,1.09,0.84
30/07/2021,6:46:00 PM,6:46:40 PM,Alexandra Park,NZ,7,185797135,R7 2200m Pace M,185797136,Harness,2200,Pace,22638131,10,Ohoka Achilles,LOSER,,WINNER,,,55,28,29,29.37,126.74,280,34,280,46.56,5.06,,9.8,5.4,5.7,5.91,49.02,30,50,1.09,0.84
30/07/2021,7:11:00 PM,7:11:57 PM,Alexandra Park,NZ,8,185797137,R8 2200m Pace M,185797138,Harness,2200,Pace,40359598,1,Whooshka,LOSER,,WINNER,,,50,32,50,32.04,5.01,940,21,940,47.2,3.84,,,,,,,36,46,1.04,0.95
30/07/2021,7:11:00 PM,7:11:57 PM,Alexandra Park,NZ,8,185797137,R8 2200m Pace M,185797138,Harness,2200,Pace,39436923,2,Chris Kyle,LOSER,,LOSER,,,23,20,20,20.9,10.31,920,13,920,33.35,5.01,,4,3.85,3.85,3.93,18,19,23,1.04,0.95
30/07/2021,7:11:00 PM,7:11:57 PM,Alexandra Park,NZ,8,185797137,R8 2200m Pace M,185797138,Harness,2200,Pace,18380683,3,John Wayne,LOSER,,LOSER,,,10,7.4,8.4,8.53,31.93,700,6.6,700,11.88,50.26,,,,,,,9,9.6,1.04,0.95
30/07/2021,7:11:00 PM,7:11:57 PM,Alexandra Park,NZ,8,185797137,R8 2200m Pace M,185797138,Harness,2200,Pace,39669844,4,Arden Velocity,LOSER,,LOSER,,,23,16.5,23,18.06,11.14,920,36,920,94.87,1.22,,5.2,5.2,5.2,5.2,51.18,18,25,1.04,0.95
30/07/2021,7:11:00 PM,7:11:57 PM,Alexandra Park,NZ,8,185797137,R8 2200m Pace M,185797138,Harness,2200,Pace,40359599,5,I Expect Bettor,LOSER,,LOSER,,,40,36,40,38.05,5,960,19.5,960,36.72,6.48,,,,,,,36,50,1.04,0.95
30/07/2021,7:11:00 PM,7:11:57 PM,Alexandra Park,NZ,8,185797137,R8 2200m Pace M,185797138,Harness,2200,Pace,12566196,6,Art Nouveau,WINNER,,WINNER,,,9.6,5.9,7,7.81,359.61,11,1.01,1.01,2.31,238.22,,2.56,2.1,2.1,2.11,51,7.2,7.8,1.04,0.95
30/07/2021,7:11:00 PM,7:11:57 PM,Alexandra Park,NZ,8,185797137,R8 2200m Pace M,185797138,Harness,2200,Pace,40359600,7,Hesashorething,LOSER,,LOSER,,,24,24,24,24,5,920,15.5,920,71.94,5.72,,,,,,,26,38,1.04,0.95
30/07/2021,7:11:00 PM,7:11:57 PM,Alexandra Park,NZ,8,185797137,R8 2200m Pace M,185797138,Harness,2200,Pace,35596704,8,Commander Cathy,LOSER,,WINNER,,,5.8,4.7,5.1,5.11,209.06,4,1.92,3.6,3.19,290.32,,,,,,,5.3,5.8,1.04,0.95
30/07/2021,7:11:00 PM,7:11:57 PM,Alexandra Park,NZ,8,185797137,R8 2200m Pace M,185797138,Harness,2200,Pace,3214136,9,Melanion,LOSER,,LOSER,,,2.84,2.42,2.52,2.53,5002.18,140,2.14,140,3.37,117.84,,1.5,1.34,1.38,1.43,14.92,2.5,2.56,1.04,0.95
30/07/2021,7:39:00 PM,7:39:42 PM,Alexandra Park,NZ,9,185797139,R9 2200m Pace M,185797140,Harness,2200,Pace,27289984,1,The Blue Beat,LOSER,,LOSER,,,9.8,5,9.8,6.2,144.06,140,4,4.1,4.32,51.27,,2.96,2.96,2.96,2.96,35.94,5.4,8.4,1.09,0.94
30/07/2021,7:39:00 PM,7:39:42 PM,Alexandra Park,NZ,9,185797139,R9 2200m Pace M,185797140,Harness,2200,Pace,17650197,2,Drum Withers,LOSER,,WINNER,,,5.2,2.8,2.94,3.01,1390.91,5.7,2.88,5.7,4.18,450.62,,1.9,1.84,1.9,1.88,7.02,2.96,3.2,1.09,0.94
30/07/2021,7:39:00 PM,7:39:42 PM,Alexandra Park,NZ,9,185797139,R9 2200m Pace M,185797140,Harness,2200,Pace,36682288,3,Bet West,LOSER,,LOSER,,,14,10,14,12.62,30.71,820,18.5,820,29.42,6.59,,,,,,,11,14,1.09,0.94
30/07/2021,7:39:00 PM,7:39:42 PM,Alexandra Park,NZ,9,185797139,R9 2200m Pace M,185797140,Harness,2200,Pace,17006156,4,Governors Bay,LOSER,,LOSER,,,12,9.2,12,11.34,143.36,820,17,820,19.96,9.74,,,,,,,9,10.5,1.09,0.94
30/07/2021,7:39:00 PM,7:39:42 PM,Alexandra Park,NZ,9,185797139,R9 2200m Pace M,185797140,Harness,2200,Pace,12285810,5,Rory Mcilroy,LOSER,,LOSER,,,48,27,28,33.14,20.59,55,23,55,54.77,1.39,,,,,,,34,48,1.09,0.94
30/07/2021,7:39:00 PM,7:39:42 PM,Alexandra Park,NZ,9,185797139,R9 2200m Pace M,185797140,Harness,2200,Pace,40359601,7,Meetmeinsorrento,WINNER,,WINNER,,,5.9,4.1,4.4,5.01,552.03,3.35,1.24,1.24,2.49,114.14,,2.7,2.3,2.44,2.56,64.73,5.5,5.9,1.09,0.94
30/07/2021,7:39:00 PM,7:39:42 PM,Alexandra Park,NZ,9,185797139,R9 2200m Pace M,185797140,Harness,2200,Pace,16626166,8,Dun It Bad,LOSER,,LOSER,,,12.5,6,6.6,6.75,305.74,480,6.4,480,15.56,13.09,,4,3.15,3.15,3.16,5.04,6.4,6.8,1.09,0.94
30/07/2021,8:11:00 PM,8:11:39 PM,Alexandra Park,NZ,10,185797141,R10 2200m Trot S,185797142,Harness,2200,Trot,40359602,1,Rossellini,LOSER,,LOSER,,,32,18,20,20.57,73.11,1000,21,740,138.72,44.01,,5.5,4.1,4.1,4.35,102.99,16.5,20,1.08,0.95
30/07/2021,8:11:00 PM,8:11:39 PM,Alexandra Park,NZ,10,185797141,R10 2200m Trot S,185797142,Harness,2200,Trot,28073878,2,Storms Acoming,LOSER,,LOSER,,,25,18,19.5,20.35,81.14,500,12,130,17.07,8.18,,,,,,,19.5,24,1.08,0.95
30/07/2021,8:11:00 PM,8:11:39 PM,Alexandra Park,NZ,10,185797141,R10 2200m Trot S,185797142,Harness,2200,Trot,6720615,3,The Governator,LOSER,,WINNER,,,3,2.2,2.5,2.55,1469.73,3.5,1.25,3.5,2.53,503.71,,1.64,1.4,1.5,1.54,54.11,2.84,2.96,1.08,0.95
30/07/2021,8:11:00 PM,8:11:39 PM,Alexandra Park,NZ,10,185797141,R10 2200m Trot S,185797142,Harness,2200,Trot,28639950,4,Debbie Lee Galleon,LOSER,,WINNER,,,50,23,38,28.32,11.11,260,140,260,215.19,0.24,,,,,,,32,50,1.08,0.95
30/07/2021,8:11:00 PM,8:11:39 PM,Alexandra Park,NZ,10,185797141,R10 2200m Trot S,185797142,Harness,2200,Trot,40359603,5,Cyclone Lebron,LOSER,,LOSER,,,16,13.5,15,14.31,119.01,490,8.6,85,11.12,14.22,,,,,,,13.5,15,1.08,0.95
30/07/2021,8:11:00 PM,8:11:39 PM,Alexandra Park,NZ,10,185797141,R10 2200m Trot S,185797142,Harness,2200,Trot,40359604,6,Share The Love,LOSER,,LOSER,,,17.5,11,17.5,13.04,183.85,640,13.5,80,20.82,5.23,,3.55,3.55,3.55,3.55,2.19,12,13.5,1.08,0.95
30/07/2021,8:11:00 PM,8:11:39 PM,Alexandra Park,NZ,10,185797141,R10 2200m Trot S,185797142,Harness,2200,Trot,16503369,7,Cyber Attack,LOSER,,LOSER,,,9.6,7,7.2,7.68,238.49,880,5.6,700,91.13,14.99,,,,,,,7.6,8.6,1.08,0.95
30/07/2021,8:11:00 PM,8:11:39 PM,Alexandra Park,NZ,10,185797141,R10 2200m Trot S,185797142,Harness,2200,Trot,40183469,8,Aardiebythehill,WINNER,,WINNER,,,9.6,5.2,5.4,5.98,208.79,6.8,1.4,1.4,2.89,70.22,,,,,,,5.4,6.2,1.08,0.95
30/07/2021,8:11:00 PM,8:11:39 PM,Alexandra Park,NZ,10,185797141,R10 2200m Trot S,185797142,Harness,2200,Trot,40359605,9,Errol D,LOSER,,LOSER,,,12,7.2,9.4,8.86,65.42,630,48,140,126.82,0.35,,2.72,2.7,2.7,2.7,12.19,9.2,12,1.08,0.95
30/07/2021,6:30:00 PM,6:30:33 PM,Ballarat,VIC,1,185793014,R1 1710m Pace M,185793015,Harness,1710,Pace,39610809,1,Mirari,LOSER,16.46,LOSER,3.8,323.65,23,12.5,16.5,18,289,690,6,420,31.82,106.52,315.34,3.85,3.8,3.85,3.85,112.84,17.5,18,1.04,0.97
30/07/2021,6:30:00 PM,6:30:33 PM,Ballarat,VIC,1,185793014,R1 1710m Pace M,185793015,Harness,1710,Pace,40363500,2,Be A Good Scout,LOSER,12.1,WINNER,3.49,362.53,19.5,8.6,12,11.52,1168.04,690,5.2,120,28.01,89.8,460.2,3.6,2.88,2.9,3.09,35.51,9.8,10.5,1.04,0.97
30/07/2021,6:30:00 PM,6:30:33 PM,Ballarat,VIC,1,185793014,R1 1710m Pace M,185793015,Harness,1710,Pace,39989740,3,Lenny Tee,LOSER,3.31,LOSER,1.59,2534.77,4.1,2.36,3.3,3.65,3733.6,1000,1.62,1000,5.74,2141.4,938.73,1.7,1.42,1.48,1.5,51.63,4,4.1,1.04,0.97
30/07/2021,6:30:00 PM,6:30:33 PM,Ballarat,VIC,1,185793014,R1 1710m Pace M,185793015,Harness,1710,Pace,28396454,4,Marcys Star,LOSER,24,LOSER,5.25,143.26,30,19.5,24,23.38,417.12,1000,2.02,1000,82.56,95.5,334.97,,,,,,23,26,1.04,0.97
30/07/2021,6:30:00 PM,6:30:33 PM,Ballarat,VIC,1,185793014,R1 1710m Pace M,185793015,Harness,1710,Pace,28024171,5,Aboutagirl,LOSER,55,LOSER,11,111.85,60,22,55,36.41,314.09,920,20,260,77.57,68.94,52.69,5.5,5.5,5.5,5.5,5,32,34,1.04,0.97
30/07/2021,6:30:00 PM,6:30:33 PM,Ballarat,VIC,1,185793014,R1 1710m Pace M,185793015,Harness,1710,Pace,40363501,6,Scotts Rain,LOSER,3.89,WINNER,1.84,1547.31,5,3.55,3.8,3.97,3879.88,490,2,490,6.48,614.93,868.83,1.8,1.77,1.8,1.77,108.72,3.7,3.95,1.04,0.97
30/07/2021,6:30:00 PM,6:30:33 PM,Ballarat,VIC,1,185793014,R1 1710m Pace M,185793015,Harness,1710,Pace,39647873,7,Tsolakis,LOSER,21.69,LOSER,6.2,368.13,42,19.5,23,26.23,159.86,690,12,690,43.17,23.72,271.76,,,,,,27,28,1.04,0.97
30/07/2021,6:30:00 PM,6:30:33 PM,Ballarat,VIC,1,185793014,R1 1710m Pace M,185793015,Harness,1710,Pace,40363502,8,A Lil Bettor,LOSER,9.13,LOSER,3.05,377.38,11,7.6,9.2,8.64,526.93,1000,2,1000,25.09,306.25,260.27,3.05,3.05,3.05,3.05,5,8.2,9,1.04,0.97
30/07/2021,6:30:00 PM,6:30:33 PM,Ballarat,VIC,1,185793014,R1 1710m Pace M,185793015,Harness,1710,Pace,39317152,9,Ronzel Sonny,WINNER,10.11,WINNER,3.16,360.76,12,7.8,10,10.4,350.71,55,1.01,1.01,1.72,2277.07,390.39,2.8,2.8,2.8,2.8,3.79,9.6,11,1.04,0.97
30/07/2021,6:30:00 PM,6:30:33 PM,Ballarat,VIC,1,185793014,R1 1710m Pace M,185793015,Harness,1710,Pace,40363503,10,Eddy The Best,LOSER,48,LOSER,16.7,129.58,55,30,48,42.71,125.12,690,60,690,107.31,10.06,94.17,,,,,,46,50,1.04,0.97
30/07/2021,7:00:00 PM,7:00:40 PM,Ballarat,VIC,2,185793016,R2 2200m Trot M,185793017,Harness,2200,Trot,28368691,1,Beware The Fury,LOSER,15,LOSER,2.82,390.19,21,13.5,15,16.07,625.24,1000,7.2,1000,28.94,112.37,297.52,3.2,2.82,3.2,3.16,27.02,15,16.5,1.03,0.97
30/07/2021,7:00:00 PM,7:00:40 PM,Ballarat,VIC,2,185793016,R2 2200m Trot M,185793017,Harness,2200,Trot,24141128,2,Frosty Reception,LOSER,86.02,LOSER,17.6,84.53,120,50,100,68.66,41.42,930,50,930,187.14,9.13,62.28,,,,,,90,100,1.03,0.97
30/07/2021,7:00:00 PM,7:00:40 PM,Ballarat,VIC,2,185793016,R2 2200m Trot M,185793017,Harness,2200,Trot,13313867,3,Yankee Velvet,LOSER,86.64,LOSER,19.74,79.75,130,48,95,80.27,57.37,960,28,960,93.6,28.94,88.03,,,,,,100,120,1.03,0.97
30/07/2021,7:00:00 PM,7:00:40 PM,Ballarat,VIC,2,185793016,R2 2200m Trot M,185793017,Harness,2200,Trot,38475171,4,Coconut Sunrise,LOSER,32.59,LOSER,12.02,121.45,44,26,34,33.45,122.07,920,19.5,920,60.47,58.71,113.92,15.5,10.5,10.5,11.83,0.15,32,40,1.03,0.97
30/07/2021,7:00:00 PM,7:00:40 PM,Ballarat,VIC,2,185793016,R2 2200m Trot M,185793017,Harness,2200,Trot,10944797,5,Tension Seeker,WINNER,6.31,WINNER,2.48,714.72,6,4,5.5,5.23,1832.23,7,1.01,1.01,1.54,5333.95,708.24,5.3,1.63,2.18,2.08,217.99,5.3,5.6,1.03,0.97
30/07/2021,7:00:00 PM,7:00:40 PM,Ballarat,VIC,2,185793016,R2 2200m Trot M,185793017,Harness,2200,Trot,38448953,6,Reigning Lillies,LOSER,3.1,WINNER,1.53,1746.45,3.95,2.92,3.05,3.3,6662.03,490,2.02,490,7.82,1130.79,467.75,1.59,1.33,1.58,1.54,609.27,3.25,3.4,1.03,0.97
30/07/2021,7:00:00 PM,7:00:40 PM,Ballarat,VIC,2,185793016,R2 2200m Trot M,185793017,Harness,2200,Trot,40363504,7,Aru And Me,LOSER,130.06,LOSER,29.37,29.02,230,65,190,104.23,15.55,1000,30,1000,334.96,22.51,71.08,,,,,,130,180,1.03,0.97
30/07/2021,7:00:00 PM,7:00:40 PM,Ballarat,VIC,2,185793016,R2 2200m Trot M,185793017,Harness,2200,Trot,25964771,8,Querencia,LOSER,3.66,WINNER,1.58,1982.27,5.1,3.15,3.7,3.77,6153.24,690,1.7,490,5.38,1350.36,1200.84,1.87,1.55,1.55,1.58,41.21,3.7,3.9,1.03,0.97
30/07/2021,7:00:00 PM,7:00:40 PM,Ballarat,VIC,2,185793016,R2 2200m Trot M,185793017,Harness,2200,Trot,11727644,10,Well Deserved,LOSER,8.38,LOSER,2.46,780.22,10.5,6.2,8.2,7.24,2202.84,690,5.9,690,21.7,171.21,463.54,2.46,2.08,2.22,2.25,50.62,7.4,7.8,1.03,0.97
30/07/2021,7:00:00 PM,7:00:40 PM,Ballarat,VIC,2,185793016,R2 2200m Trot M,185793017,Harness,2200,Trot,38388096,11,Ellen Ruval,LOSER,175.31,LOSER,43.58,59.94,430,140,190,188.05,16.02,1000,170,1000,556.95,9.98,50,,,,,,190,200,1.03,0.97
30/07/2021,7:35:00 PM,7:35:54 PM,Ballarat,VIC,3,185793018,R3 2200m Trot M,185793019,Harness,2200,Trot,40272094,1,Hammer Son,LOSER,8.73,LOSER,2.04,346.65,16,8.8,9.8,10.56,1190.92,710,6.8,710,27.62,106.61,668.67,2.36,1.99,2.02,2.03,616.75,9.8,10.5,1.03,0.97
30/07/2021,7:35:00 PM,7:35:54 PM,Ballarat,VIC,3,185793018,R3 2200m Trot M,185793019,Harness,2200,Trot,40363505,2,Paris Faith,LOSER,24.41,LOSER,3.95,153.11,48,18.5,28,26.08,274.27,920,46,740,171.48,10.6,292.35,,,,,,22,23,1.03,0.97
30/07/2021,7:35:00 PM,7:35:54 PM,Ballarat,VIC,3,185793018,R3 2200m Trot M,185793019,Harness,2200,Trot,40363506,3,Columbias Deecee,LOSER,40.26,LOSER,5.3,105.04,110,28,46,44.25,198.97,930,50,930,189.76,17.41,106.4,4.6,2.74,4.5,3.77,25.02,40,70,1.03,0.97
30/07/2021,7:35:00 PM,7:35:54 PM,Ballarat,VIC,3,185793018,R3 2200m Trot M,185793019,Harness,2200,Trot,40363507,4,Igniting Stride,WINNER,1.56,WINNER,1.19,3663.28,1.77,1.42,1.67,1.6,15465.09,1.77,1.01,1.01,1.3,6207.94,1639.79,1.37,1.09,1.22,1.15,751.15,1.65,1.7,1.03,0.97
30/07/2021,7:35:00 PM,7:35:54 PM,Ballarat,VIC,3,185793018,R3 2200m Trot M,185793019,Harness,2200,Trot,39379155,5,Ikara,LOSER,13.35,WINNER,2.45,193.98,23,13,17,15.39,671.68,120,8,120,22.79,89.81,493.66,2.54,2.42,2.46,2.46,238.15,13,14.5,1.03,0.97
30/07/2021,7:35:00 PM,7:35:54 PM,Ballarat,VIC,3,185793018,R3 2200m Trot M,185793019,Harness,2200,Trot,40272096,7,Aldebaran Huey,LOSER,6.22,WINNER,1.84,753.51,10,6.2,7,7.42,2003.2,1000,2.4,900,17.74,326.44,878.54,1.83,1.72,1.83,1.77,527.66,7,7.6,1.03,0.97
30/07/2021,7:35:00 PM,7:35:54 PM,Ballarat,VIC,3,185793018,R3 2200m Trot M,185793019,Harness,2200,Trot,40363509,9,Kaylasister,LOSER,28.44,LOSER,4.22,133.28,65,24,29,30.21,321.75,920,26,690,123.81,12.39,219.49,4.1,3.9,4.1,4.03,14.73,34,42,1.03,0.97
30/07/2021,8:05:00 PM,8:05:51 PM,Ballarat,VIC,4,185793020,R4 2200m Trot S,185793021,Harness,2200,Trot,25000686,1,Hes Themightyspin,LOSER,6.98,WINNER,2.34,490.07,9.2,6.2,6.8,7.02,1522.84,490,2.9,350,4.32,1094.77,553.96,2.42,2.06,2.14,2.13,117.71,7.4,7.6,1.05,0.97
30/07/2021,8:05:00 PM,8:05:51 PM,Ballarat,VIC,4,185793020,R4 2200m Trot S,185793021,Harness,2200,Trot,28277002,2,Fling It Rainbow,LOSER,12.39,LOSER,2.77,358.81,22,10.5,12,12.51,698.39,1000,5.5,1000,14.6,201.44,548.81,2.82,2.74,2.82,2.81,37.57,10.5,11,1.05,0.97
30/07/2021,8:05:00 PM,8:05:51 PM,Ballarat,VIC,4,185793020,R4 2200m Trot S,185793021,Harness,2200,Trot,34140525,3,Majestic Jewel,LOSER,45.42,LOSER,7.13,94.19,55,23,55,34.98,154.04,1000,20,1000,104.16,16.1,241.5,,,,,,32,38,1.05,0.97
30/07/2021,8:05:00 PM,8:05:51 PM,Ballarat,VIC,4,185793020,R4 2200m Trot S,185793021,Harness,2200,Trot,28572209,4,Mielicki,LOSER,9.2,LOSER,2.59,757.29,9.8,3.4,9.8,6.9,903.62,1000,9.2,1000,68.61,69.44,504.69,2.12,1.97,2.12,2.09,60.39,6.4,6.8,1.05,0.97
30/07/2021,8:05:00 PM,8:05:51 PM,Ballarat,VIC,4,185793020,R4 2200m Trot S,185793021,Harness,2200,Trot,13672313,5,Wilcannia,LOSER,75,LOSER,13.9,66.24,95,48,90,65.02,82.16,1000,60,1000,172.46,9.74,131.58,,,,,,60,70,1.05,0.97
30/07/2021,8:05:00 PM,8:05:51 PM,Ballarat,VIC,4,185793020,R4 2200m Trot S,185793021,Harness,2200,Trot,2545061,6,Shadow Justice,LOSER,48,LOSER,7.91,99.25,50,29,50,36.9,167.78,1000,50,1000,184.01,7.66,251,,,,,,30,36,1.05,0.97
30/07/2021,8:05:00 PM,8:05:51 PM,Ballarat,VIC,4,185793020,R4 2200m Trot S,185793021,Harness,2200,Trot,37618540,7,Glengarriff,WINNER,2.27,WINNER,1.42,4287.29,3,2.2,2.36,2.46,8118.51,4.5,1.01,1.01,1.75,4553.25,777.94,1.49,1.29,1.44,1.44,600.48,2.5,2.74,1.05,0.97
30/07/2021,8:05:00 PM,8:05:51 PM,Ballarat,VIC,4,185793020,R4 2200m Trot S,185793021,Harness,2200,Trot,7603748,8,Jaden Gil,LOSER,7.4,WINNER,2.24,591.56,14,7.4,7.4,8.2,1022.3,1000,2.32,1000,7.47,419.28,730.55,2.8,1.96,2.02,2.07,363.18,8.4,9.2,1.05,0.97
30/07/2021,8:05:00 PM,8:05:51 PM,Ballarat,VIC,4,185793020,R4 2200m Trot S,185793021,Harness,2200,Trot,9005341,9,Columbias Deejay,LOSER,22.46,LOSER,3.95,158.08,34,14.5,23,17.97,351.3,1000,5,1000,22.69,132.74,452.26,4.3,3.45,3.45,3.86,38.95,15,17.5,1.05,0.97
30/07/2021,8:35:00 PM,8:35:51 PM,Ballarat,VIC,5,185793022,R5 2200m Pace M,185793023,Harness,2200,Pace,36341786,1,Courts Bliss,LOSER,50.54,LOSER,8.5,93.05,80,36,80,48.3,365.07,690,17.5,300,52.38,36.55,164.93,8.4,8,8,8.12,23.14,36,40,0.97,1.06
30/07/2021,8:35:00 PM,8:35:51 PM,Ballarat,VIC,5,185793022,R5 2200m Pace M,185793023,Harness,2200,Pace,10862099,2,Imagoldcloud,LOSER,17,LOSER,36.4,269.89,22,12,17,16.06,670.6,900,6.4,900,42.5,123.39,48.22,75,7.2,7.2,37.04,1.92,16,16,0.97,1.06
30/07/2021,8:35:00 PM,8:35:51 PM,Ballarat,VIC,5,185793022,R5 2200m Pace M,185793023,Harness,2200,Pace,31197731,3,Gozo Courage,LOSER,166.17,LOSER,23.24,21.94,230,70,230,132.26,33,840,55,700,108.53,15.96,69.16,14.5,12,14.5,13.54,9.85,140,160,0.97,1.06
30/07/2021,8:35:00 PM,8:35:51 PM,Ballarat,VIC,5,185793022,R5 2200m Pace M,185793023,Harness,2200,Pace,25964773,4,Best Back Bruce,LOSER,18.5,LOSER,4.05,271.44,26,12,19,19.1,417.01,690,5.7,690,24.2,104.51,130.23,4.1,4.1,4.1,4.1,0.18,20,22,0.97,1.06
30/07/2021,8:35:00 PM,8:35:51 PM,Ballarat,VIC,5,185793022,R5 2200m Pace M,185793023,Harness,2200,Pace,34975733,5,Tedkane,LOSER,5.18,LOSER,2.06,1735.78,13,5.2,5.7,6.12,5587.86,690,3.35,490,9.97,372.22,891.71,2.2,2,2,2,62.35,8.4,6.2,0.97,1.06
30/07/2021,8:35:00 PM,8:35:51 PM,Ballarat,VIC,5,185793022,R5 2200m Pace M,185793023,Harness,2200,Pace,28440198,6,Spacewriter,LOSER,10.77,LOSER,2.91,507.29,23,10,15.5,13.34,1254.42,690,9.8,690,23.26,101.91,364.03,3.7,3,3,3.19,156.19,17,16.5,0.97,1.06
30/07/2021,8:35:00 PM,8:35:51 PM,Ballarat,VIC,5,185793022,R5 2200m Pace M,185793023,Harness,2200,Pace,40363510,7,Keayang Alex,WINNER,4.2,WINNER,1.7,1189.71,4.5,2.82,4.1,3.8,5001.9,15,1.01,1.01,2.08,2450.72,935.6,1.8,1.5,1.68,1.69,263.67,4,3.25,0.97,1.06
30/07/2021,8:35:00 PM,8:35:51 PM,Ballarat,VIC,5,185793022,R5 2200m Pace M,185793023,Harness,2200,Pace,19769491,8,Searover,LOSER,15.75,WINNER,3.49,282.8,16,7.4,12.5,10.38,914.72,690,8,490,16.04,209.24,126.42,,,,,,8.8,9,0.97,1.06
30/07/2021,8:35:00 PM,8:35:51 PM,Ballarat,VIC,5,185793022,R5 2200m Pace M,185793023,Harness,2200,Pace,26585912,9,His Dream Lives On,LOSER,3.06,WINNER,1.57,3224.12,4,3.15,3.2,3.45,6139.09,130,1.08,130,3.66,3086.91,2696.33,1.58,1.52,1.57,1.56,1166.91,3.5,3.6,0.97,1.06
30/07/2021,9:06:00 PM,9:06:55 PM,Ballarat,VIC,6,185793024,R6 2200m Pace M,185793025,Harness,2200,Pace,733357,1,Headbanger,LOSER,75.17,LOSER,11.25,97.24,120,23,80,62.07,179.08,930,16,930,77.99,48.88,56.75,13.5,8.8,12.5,12.31,74.22,55,95,1.04,0.98
30/07/2021,9:06:00 PM,9:06:55 PM,Ballarat,VIC,6,185793024,R6 2200m Pace M,185793025,Harness,2200,Pace,28238038,2,Spring In His Step,LOSER,5.95,WINNER,2.82,706.3,8.2,4.9,6.2,6.17,2499.83,130,4.5,100,11.45,360.21,368.13,2.82,2.4,2.82,2.55,16.37,7,7.8,1.04,0.98
30/07/2021,9:06:00 PM,9:06:55 PM,Ballarat,VIC,6,185793024,R6 2200m Pace M,185793025,Harness,2200,Pace,39905490,3,Harryhoo,LOSER,114.57,LOSER,33.51,79.31,200,95,120,134.36,112.28,1000,22,930,104.67,28.12,71.53,24,24,24,24,1,160,200,1.04,0.98
30/07/2021,9:06:00 PM,9:06:55 PM,Ballarat,VIC,6,185793024,R6 2200m Pace M,185793025,Harness,2200,Pace,39539599,4,Pray Tell,LOSER,10.5,LOSER,4.3,429.6,12.5,8.8,10,9.78,2385.4,700,9.6,700,42.77,78.11,309.06,,,,,,9.2,9.6,1.04,0.98
30/07/2021,9:06:00 PM,9:06:55 PM,Ballarat,VIC,6,185793024,R6 2200m Pace M,185793025,Harness,2200,Pace,1359742,5,Starvin Marvin,LOSER,157.44,LOSER,25,15.26,250,70,160,125.77,71.38,1000,60,900,395.45,3.76,58.51,25,19.5,25,19.61,1.02,120,140,1.04,0.98
30/07/2021,9:06:00 PM,9:06:55 PM,Ballarat,VIC,6,185793024,R6 2200m Pace M,185793025,Harness,2200,Pace,2407530,6,Go Dancing,WINNER,3.57,WINNER,2.02,1258,4.1,2.68,3.6,3.5,5280.95,3.6,1.01,1.01,1.69,4787.93,602.66,2.04,1.67,2.02,1.9,79.61,3.3,3.6,1.04,0.98
30/07/2021,9:06:00 PM,9:06:55 PM,Ballarat,VIC,6,185793024,R6 2200m Pace M,185793025,Harness,2200,Pace,37258129,7,Captain Bellasario,LOSER,2.14,LOSER,1.52,3010.88,2.88,1.95,2.4,2.32,12037.36,980,1.58,980,5.77,1501.21,1611.42,1.59,1.42,1.51,1.5,763.89,2.22,2.26,1.04,0.98
30/07/2021,9:35:00 PM,9:36:05 PM,Ballarat,VIC,7,185793026,R7 2200m Trot M,185793027,Harness,2200,Trot,20587387,1,Margaret Ruth,LOSER,95,LOSER,10.5,59.85,95,50,95,59.7,84.36,930,42,770,181.77,25.19,188.77,11.5,7.4,11.5,9.91,39.06,48,55,1.05,0.97
30/07/2021,9:35:00 PM,9:36:05 PM,Ballarat,VIC,7,185793026,R7 2200m Trot M,185793027,Harness,2200,Trot,9291105,2,Sundons Courage,LOSER,27.2,LOSER,3.8,115.53,30,17.5,28,22.65,172.64,920,40,510,158.33,26.66,174.44,3.8,3.7,3.8,3.72,122.38,19.5,25,1.05,0.97
30/07/2021,9:35:00 PM,9:36:05 PM,Ballarat,VIC,7,185793026,R7 2200m Trot M,185793027,Harness,2200,Trot,12291589,3,Maori Law,WINNER,6.75,WINNER,2.3,633.34,14,6.2,7,8.12,1499.13,5.7,1.01,1.01,1.6,4843.1,518.25,2.2,2.18,2.18,2.19,150,8.8,9.4,1.05,0.97
30/07/2021,9:35:00 PM,9:36:05 PM,Ballarat,VIC,7,185793026,R7 2200m Trot M,185793027,Harness,2200,Trot,12446287,4,Pantzup,LOSER,85,LOSER,19.89,62.05,130,50,85,68.39,109.33,960,7.6,960,25.25,177.71,97.42,9.8,7.8,7.8,8.58,16.43,60,70,1.05,0.97
30/07/2021,9:35:00 PM,9:36:05 PM,Ballarat,VIC,7,185793026,R7 2200m Trot M,185793027,Harness,2200,Trot,17311025,6,Forget The Price Tag,LOSER,67.64,LOSER,504.3,99.83,80,36,75,48.44,202.47,940,5,940,31.18,96,,8.8,7.4,8.4,8.03,47.69,36,42,1.05,0.97
30/07/2021,9:35:00 PM,9:36:05 PM,Ballarat,VIC,7,185793026,R7 2200m Trot M,185793027,Harness,2200,Trot,255502,7,Jackson Square,LOSER,110,LOSER,37.76,43.92,120,55,120,70.87,32.05,1000,130,1000,923.37,14.19,48.58,65,10,38,10.52,5.09,60,75,1.05,0.97
30/07/2021,9:35:00 PM,9:36:05 PM,Ballarat,VIC,7,185793026,R7 2200m Trot M,185793027,Harness,2200,Trot,11274440,8,Red Hot Tooth,LOSER,9.16,LOSER,3.03,441.37,13,7.2,8.8,8.27,1097.78,890,14.5,890,97.99,45.42,188.12,2.64,2.5,2.5,2.5,65.57,8.6,9,1.05,0.97
30/07/2021,9:35:00 PM,9:36:05 PM,Ballarat,VIC,7,185793026,R7 2200m Trot M,185793027,Harness,2200,Trot,28368765,9,Always Ready,LOSER,4.1,LOSER,1.93,1238.04,5.1,3.3,4.1,4.06,3491.6,690,2.68,690,7.05,322.44,267.11,2.1,1.69,2.1,1.73,225.02,3.8,3.85,1.05,0.97
30/07/2021,9:35:00 PM,9:36:05 PM,Ballarat,VIC,7,185793026,R7 2200m Trot M,185793027,Harness,2200,Trot,10446588,10,Travel Bug,LOSER,79.96,LOSER,10.5,99.02,200,65,70,93.18,58.01,690,23,280,62.08,28,9.08,10.5,10.5,10.5,10.5,0.91,90,100,1.05,0.97
30/07/2021,9:35:00 PM,9:36:05 PM,Ballarat,VIC,7,185793026,R7 2200m Trot M,185793027,Harness,2200,Trot,40363511,11,Im Ready Jet,LOSER,21.58,WINNER,6.35,137.45,26,13,26,15.48,201.47,910,7.2,910,47.34,41.35,305.42,,,,,,14,14.5,1.05,0.97
30/07/2021,9:35:00 PM,9:36:05 PM,Ballarat,VIC,7,185793026,R7 2200m Trot M,185793027,Harness,2200,Trot,12862911,12,Mclovin,LOSER,3.56,WINNER,2,3227.05,5.6,3.3,3.3,3.95,6328.14,690,2.98,690,6.66,506.8,547.57,2.02,1.68,1.98,1.85,432.47,4.7,5.2,1.05,0.97
30/07/2021,9:35:00 PM,9:36:05 PM,Ballarat,VIC,7,185793026,R7 2200m Trot M,185793027,Harness,2200,Trot,25357177,13,Havehorsewilltravel,LOSER,9.32,LOSER,3.54,690.6,16,7.8,9.2,8.59,1335.64,890,16,890,48.14,38.19,325.63,2.74,2.68,2.7,2.71,53.7,8,9,1.05,0.97
30/07/2021,10:02:00 PM,10:02:46 PM,Ballarat,VIC,8,185793028,R8 2200m Pace M,185793029,Harness,2200,Pace,13029162,1,Chief Safari,WINNER,48.06,WINNER,8.77,107.73,75,27,44,44.53,300.29,110,1.06,1.5,4.36,915.28,9.99,,,,,,44,48,1.03,0.98
30/07/2021,10:02:00 PM,10:02:46 PM,Ballarat,VIC,8,185793028,R8 2200m Pace M,185793029,Harness,2200,Pace,11659824,2,Miss Dangerfield,LOSER,12.42,LOSER,4.22,273.07,24,11.5,14,15.1,1056.54,1000,2.2,1000,18.47,174.34,353.8,,,,,,14,15,1.03,0.98
30/07/2021,10:02:00 PM,10:02:46 PM,Ballarat,VIC,8,185793028,R8 2200m Pace M,185793029,Harness,2200,Pace,27355843,3,Van Niekerk,LOSER,3.9,LOSER,1.83,433.71,4.2,3.2,3.9,3.79,2799.51,690,3.8,690,8.94,682.84,679.04,1.6,1.59,1.6,1.6,0.32,3.85,4.2,1.03,0.98
30/07/2021,10:02:00 PM,10:02:46 PM,Ballarat,VIC,8,185793028,R8 2200m Pace M,185793029,Harness,2200,Pace,19180638,4,Dealmaker,LOSER,1.83,WINNER,1.3,2070.08,2.66,1.74,1.82,1.8,7651.06,16,1.07,16,1.62,4951.66,950.28,1.42,1.2,1.32,1.32,102.07,1.76,1.82,1.03,0.98
30/07/2021,10:02:00 PM,10:02:46 PM,Ballarat,VIC,8,185793028,R8 2200m Pace M,185793029,Harness,2200,Pace,26921063,6,Tophut Johny,LOSER,10.3,LOSER,3.46,197.61,11,6.6,10,9.26,916.01,1000,3.65,210,42.48,194.25,515,2.58,2.58,2.58,2.58,15,9.6,9.8,1.03,0.98
30/07/2021,7:15:00 PM,7:15:39 PM,Gloucester Park,WA,1,185788099,R1 2130m Pace M,185788100,Harness,2130,Pace,18294721,1,Delightfull,LOSER,5.78,LOSER,2.34,2230.76,7.2,5.2,7,6.02,2297.79,880,5.1,690,10.83,519.72,437.79,2.4,2,2.3,2.23,643.55,6.4,6.8,1.03,0.96
30/07/2021,7:15:00 PM,7:15:39 PM,Gloucester Park,WA,1,185788099,R1 2130m Pace M,185788100,Harness,2130,Pace,24783800,2,Deeorse,LOSER,2.58,WINNER,1.74,4219.61,4.8,2.58,2.64,3.22,8144.99,690,1.62,490,2.3,5441.13,993.76,2.62,1.51,1.56,1.68,1124.27,2.98,3.15,1.03,0.96
30/07/2021,7:15:00 PM,7:15:39 PM,Gloucester Park,WA,1,185788099,R1 2130m Pace M,185788100,Harness,2130,Pace,12247499,3,Rockmenow,LOSER,46.8,LOSER,10.71,134.71,90,40,60,65.3,63.34,930,21,930,280.19,36.91,155.51,10,9,9.2,9.44,20.04,70,80,1.03,0.96
30/07/2021,7:15:00 PM,7:15:39 PM,Gloucester Park,WA,1,185788099,R1 2130m Pace M,185788100,Harness,2130,Pace,12326722,4,Diamond Dove,LOSER,7.63,LOSER,2.31,677.48,10,6.4,7,7.62,1477.49,690,3.3,580,14.13,201.83,355.69,2.66,1.99,2.06,2.13,110.74,8,8.2,1.03,0.96
30/07/2021,7:15:00 PM,7:15:39 PM,Gloucester Park,WA,1,185788099,R1 2130m Pace M,185788100,Harness,2130,Pace,11988741,5,Batavia On Fire,WINNER,10.5,WINNER,2.83,367.21,10.5,6.4,10.5,8.73,594.11,17,1.01,1.01,1.47,3018.26,628.16,2.92,2.36,2.7,2.75,237.11,9.2,9.6,1.03,0.96
30/07/2021,7:15:00 PM,7:15:39 PM,Gloucester Park,WA,1,185788099,R1 2130m Pace M,185788100,Harness,2130,Pace,28161181,6,Blockjorg,LOSER,18.5,WINNER,5.55,209.04,25,14.5,19.5,17.59,364.63,1000,2.6,170,17.4,154.24,306.58,4,3.5,3.65,3.74,68.89,15,15.5,1.03,0.96
30/07/2021,7:15:00 PM,7:15:39 PM,Gloucester Park,WA,1,185788099,R1 2130m Pace M,185788100,Harness,2130,Pace,12502278,7,Bettor Be Lively,LOSER,15.57,LOSER,3.89,285.48,15.5,9,15,12.27,450.39,890,15.5,700,92,70.53,85.84,3.5,2.64,3.25,3.28,70.77,13.5,14,1.03,0.96
30/07/2021,7:15:00 PM,7:15:39 PM,Gloucester Park,WA,1,185788099,R1 2130m Pace M,185788100,Harness,2130,Pace,19647792,8,Robbie Easton,LOSER,11.5,LOSER,3.04,336.84,12.5,8,11.5,9.43,1204.09,690,5,690,17.8,100.16,217.81,3.2,2.84,2.84,2.95,386.55,9,10,1.03,0.96
30/07/2021,7:15:00 PM,7:15:39 PM,Gloucester Park,WA,1,185788099,R1 2130m Pace M,185788100,Harness,2130,Pace,11565371,9,Suzies Gem,LOSER,184.29,LOSER,91.25,59.69,690,320,500,384.36,16.07,700,12,700,99.14,64.58,22.71,36,34,34,34.21,5.5,350,460,1.03,0.96
30/07/2021,7:15:00 PM,7:15:39 PM,Gloucester Park,WA,1,185788099,R1 2130m Pace M,185788100,Harness,2130,Pace,10561631,10,C C Chevron,LOSER,40.35,LOSER,5,132.47,55,30,40,37.19,127.24,690,14.5,690,40.43,59.52,216.14,6,4.5,5.1,5.3,140.52,30,44,1.03,0.96
30/07/2021,7:47:00 PM,7:47:54 PM,Gloucester Park,WA,2,185788101,R2 2130m Pace M,185788102,Harness,2130,Pace,22758644,1,Machs Gold,LOSER,18.66,WINNER,2.86,290.59,19.5,12,17.5,14.38,909.19,27,1.01,1.13,2.65,4247.04,705.91,3.35,2.42,2.78,2.98,379.75,14,15,1.03,0.98
30/07/2021,7:47:00 PM,7:47:54 PM,Gloucester Park,WA,2,185788101,R2 2130m Pace M,185788102,Harness,2130,Pace,12757854,2,Baylan Jett,LOSER,6.14,LOSER,2.06,963.82,6.6,3.8,5.7,5.8,2193.61,690,4.8,690,13.8,256.84,620.63,2.14,1.92,1.94,1.95,231.95,6.2,6.6,1.03,0.98
30/07/2021,7:47:00 PM,7:47:54 PM,Gloucester Park,WA,2,185788101,R2 2130m Pace M,185788102,Harness,2130,Pace,7630945,3,Vespa,WINNER,3.19,WINNER,1.67,2419.91,5.8,3.1,3.1,3.45,6125.21,100,1.06,1.21,3.5,2205.69,879.81,1.67,1.48,1.66,1.61,1209.15,3.2,3.3,1.03,0.98
30/07/2021,7:47:00 PM,7:47:54 PM,Gloucester Park,WA,2,185788101,R2 2130m Pace M,185788102,Harness,2130,Pace,5783414,4,Free To Air,LOSER,99.56,WINNER,20.3,123.77,580,60,110,92.02,126.7,690,32,690,128.64,13.07,108,17,14,15.5,14.46,49.2,90,100,1.03,0.98
30/07/2021,7:47:00 PM,7:47:54 PM,Gloucester Park,WA,2,185788101,R2 2130m Pace M,185788102,Harness,2130,Pace,15920934,5,Extreme Prince,LOSER,71.94,LOSER,13.45,110.1,140,70,90,88.41,43.79,950,70,410,221.81,11.96,103.03,,,,,,75,80,1.03,0.98
30/07/2021,7:47:00 PM,7:47:54 PM,Gloucester Park,WA,2,185788101,R2 2130m Pace M,185788102,Harness,2130,Pace,22487608,6,Bettor Be Oscar,LOSER,9.3,LOSER,2.55,468.13,9.2,6.2,9,7.37,961.44,690,4.3,690,17.72,163.36,302.93,2.8,2.24,2.24,2.52,23.1,6.8,7.2,1.03,0.98
30/07/2021,7:47:00 PM,7:47:54 PM,Gloucester Park,WA,2,185788101,R2 2130m Pace M,185788102,Harness,2130,Pace,22989535,7,Henwood Bay,LOSER,13.5,LOSER,3.23,285.26,13.5,7.2,13,11.25,769.78,690,5.6,490,26.3,83.18,252.12,3.45,2.52,3.45,2.9,25.03,12,12.5,1.03,0.98
30/07/2021,7:47:00 PM,7:47:54 PM,Gloucester Park,WA,2,185788101,R2 2130m Pace M,185788102,Harness,2130,Pace,25295611,8,Advance Your Dream,LOSER,96.91,LOSER,27.08,73.27,220,110,210,153.97,65.59,1000,90,300,233.04,17.93,59.72,20,9.8,9.8,13.21,18.96,120,170,1.03,0.98
30/07/2021,7:47:00 PM,7:47:54 PM,Gloucester Park,WA,2,185788101,R2 2130m Pace M,185788102,Harness,2130,Pace,11282704,9,Destined To Rule,LOSER,53.78,LOSER,9,164.34,90,40,65,48.47,119.79,690,9,510,57.26,57.38,70.4,7.8,7.8,7.8,7.8,20,42,55,1.03,0.98
30/07/2021,7:47:00 PM,7:47:54 PM,Gloucester Park,WA,2,185788101,R2 2130m Pace M,185788102,Harness,2130,Pace,25422157,10,Pierre Whitby,LOSER,4.16,LOSER,1.82,2287.87,8.2,4.2,4.5,4.94,3659.9,690,3.1,690,5.79,749.57,820.94,2,1.71,1.83,1.83,288.63,5.1,5.2,1.03,0.98
30/07/2021,8:17:00 PM,8:17:38 PM,Gloucester Park,WA,3,185788103,R3 2130m Pace M,185788104,Harness,2130,Pace,16140359,1,Space Junk,LOSER,6.4,WINNER,1.56,651.2,8.8,4,6.4,6.4,3050.23,80,1.01,1.1,2.48,2184.96,918.28,1.65,1.55,1.57,1.56,661.7,6.4,6.6,1.02,0.98
30/07/2021,8:17:00 PM,8:17:38 PM,Gloucester Park,WA,3,185788103,R3 2130m Pace M,185788104,Harness,2130,Pace,10546183,2,Rocknroll Whitby,LOSER,110.04,LOSER,6.79,65.24,230,80,110,107.73,100.41,870,100,100,166.54,6.77,196.71,7.6,4.8,6,5.8,568.9,90,95,1.02,0.98
30/07/2021,8:17:00 PM,8:17:38 PM,Gloucester Park,WA,3,185788103,R3 2130m Pace M,185788104,Harness,2130,Pace,12050529,3,Tyler Brett,LOSER,14,LOSER,2.03,299.56,21,10.5,14.5,13.46,1162.01,490,7.2,490,16.15,87.95,1055.73,2.16,2.02,2.1,2.05,114.91,11.5,12,1.02,0.98
30/07/2021,8:17:00 PM,8:17:38 PM,Gloucester Park,WA,3,185788103,R3 2130m Pace M,185788104,Harness,2130,Pace,20705385,4,Miracle Moose,LOSER,1.46,WINNER,1.12,6930.29,1.85,1.45,1.54,1.59,16580.8,490,1.2,490,1.55,4147.61,3241.33,1.14,1.09,1.12,1.12,3605.06,1.63,1.66,1.02,0.98
30/07/2021,8:17:00 PM,8:17:38 PM,Gloucester Park,WA,3,185788103,R3 2130m Pace M,185788104,Harness,2130,Pace,18759711,5,Bracken Sky,WINNER,10.7,WINNER,2.16,434.98,23,8.8,11.5,10.27,2657.01,900,1.14,10.5,8.3,560.29,633.3,2.18,1.78,2.18,2.05,413.27,9,9.4,1.02,0.98
30/07/2021,8:17:00 PM,8:17:38 PM,Gloucester Park,WA,3,185788103,R3 2130m Pace M,185788104,Harness,2130,Pace,10469920,6,Lightning Jolt,LOSER,180,LOSER,20.22,43.24,200,100,200,127.61,57.28,790,30,100,123.76,13.24,64.66,19.5,19.5,19.5,19.5,0.05,160,180,1.02,0.98
30/07/2021,8:17:00 PM,8:17:38 PM,Gloucester Park,WA,3,185788103,R3 2130m Pace M,185788104,Harness,2130,Pace,17034267,7,Ultimate Offer,LOSER,83.27,LOSER,6.91,58.19,290,50,120,89.66,90.73,930,20,930,126.85,7.13,198.28,8,5.2,7,7.58,188.05,85,120,1.02,0.98
30/07/2021,8:17:00 PM,8:17:38 PM,Gloucester Park,WA,3,185788103,R3 2130m Pace M,185788104,Harness,2130,Pace,12050944,8,Thereugo,LOSER,50.27,LOSER,4.95,102.07,90,40,65,54.81,150.49,930,80,930,253.81,8.87,224.86,4.5,4.5,4.5,4.5,5,55,70,1.02,0.98
30/07/2021,8:47:00 PM,8:47:40 PM,Gloucester Park,WA,4,185788105,R4 2503m Pace S,185788106,Harness,2503,Pace,27341073,1,Awaitinginstructions,LOSER,3.75,WINNER,1.43,787.8,5.8,3.5,3.55,4.15,7165.69,490,2.06,120,3.56,1324.93,863.75,1.64,1.35,1.41,1.5,1357.12,4,4.1,1.03,0.99
30/07/2021,8:47:00 PM,8:47:40 PM,Gloucester Park,WA,4,185788105,R4 2503m Pace S,185788106,Harness,2503,Pace,7293951,2,Disco Spirit,LOSER,70,LOSER,18.25,89.14,450,70,70,119.89,105.29,900,55,900,224.57,1.84,79.74,16.5,9.8,16.5,11.68,41.73,130,350,1.03,0.99
30/07/2021,8:47:00 PM,8:47:40 PM,Gloucester Park,WA,4,185788105,R4 2503m Pace S,185788106,Harness,2503,Pace,13088790,3,Nearis Green,LOSER,16.65,LOSER,3.19,288.04,18,10,18,12.27,1493.39,690,15.5,690,64.22,32.87,482.74,2.9,2.8,2.9,2.8,2.45,13,13.5,1.03,0.99
30/07/2021,8:47:00 PM,8:47:40 PM,Gloucester Park,WA,4,185788105,R4 2503m Pace S,185788106,Harness,2503,Pace,16311213,4,Hit The Sky,LOSER,23.55,WINNER,3.91,256.39,32,14.5,24,20.21,800.77,690,12,490,51.1,43.79,260.44,5.6,3.7,3.7,4.16,167.22,20,22,1.03,0.99
30/07/2021,8:47:00 PM,8:47:40 PM,Gloucester Park,WA,4,185788105,R4 2503m Pace S,185788106,Harness,2503,Pace,21570816,5,Perlee Gates,LOSER,118.29,LOSER,14.75,45.24,260,100,130,141.14,67.56,770,85,700,426.71,1.3,113.74,9.8,9,9.6,9.64,30,120,140,1.03,0.99
30/07/2021,8:47:00 PM,8:47:40 PM,Gloucester Park,WA,4,185788105,R4 2503m Pace S,185788106,Harness,2503,Pace,11475447,6,Disco Under Fire,LOSER,81.98,LOSER,11.5,90.58,150,60,70,96.28,63.51,690,19,690,54.37,46.48,158.81,11.5,10,11,10.89,21.23,90,100,1.03,0.99
30/07/2021,8:47:00 PM,8:47:40 PM,Gloucester Park,WA,4,185788105,R4 2503m Pace S,185788106,Harness,2503,Pace,10556108,7,Powerplay,LOSER,6.47,LOSER,1.93,717.92,7.2,5,6.4,6.07,3363.93,690,3.8,490,22.49,75.96,908.78,2.2,1.73,1.93,1.93,870.59,6.2,6.4,1.03,0.99
30/07/2021,8:47:00 PM,8:47:40 PM,Gloucester Park,WA,4,185788105,R4 2503m Pace S,185788106,Harness,2503,Pace,35534056,8,Caveman,LOSER,27.46,LOSER,3.66,184.4,32,13,28,17.86,1229.14,690,5.6,690,18.34,201.97,378.97,3.55,2.7,3.55,3.09,341.3,21,23,1.03,0.99
30/07/2021,8:47:00 PM,8:47:40 PM,Gloucester Park,WA,4,185788105,R4 2503m Pace S,185788106,Harness,2503,Pace,38263063,9,Minstrel,WINNER,2.3,WINNER,1.39,4443.72,2.94,2.22,2.48,2.47,26262.67,5.2,1.01,1.01,1.9,5387.34,2801.15,1.48,1.24,1.34,1.35,933.88,2.42,2.44,1.03,0.99
30/07/2021,9:17:00 PM,9:17:56 PM,Gloucester Park,WA,5,185788107,R5 2536m Pace M,185788108,Harness,2536,Pace,8568084,1,Argyle Red,LOSER,130,LOSER,32.95,74.44,250,130,200,163.81,83.35,790,38,790,123.97,31.48,38.83,24,24,24,24,5,160,170,1.02,0.99
30/07/2021,9:17:00 PM,9:17:56 PM,Gloucester Park,WA,5,185788107,R5 2536m Pace M,185788108,Harness,2536,Pace,9370906,2,Vultan Tin,LOSER,8.71,LOSER,3.11,679,9.8,3.85,8.4,7.66,2093.84,880,5.5,880,20.16,246.61,201.15,3.15,2.52,3.1,2.62,151.9,8.6,9,1.02,0.99
30/07/2021,9:17:00 PM,9:17:56 PM,Gloucester Park,WA,5,185788107,R5 2536m Pace M,185788108,Harness,2536,Pace,24140884,3,Ideal Liner,LOSER,50.65,LOSER,14.93,119.41,70,32,46,44.58,313.24,930,16.5,930,50.37,69.55,70.85,11,9.2,9.2,10.55,68.79,44,50,1.02,0.99
30/07/2021,9:17:00 PM,9:17:56 PM,Gloucester Park,WA,5,185788107,R5 2536m Pace M,185788108,Harness,2536,Pace,12576360,4,Vampiro,WINNER,2.26,WINNER,1.49,2815.61,2.86,2.16,2.18,2.31,15363.86,2.3,1.01,1.01,1.35,7799.11,1529,1.57,1.48,1.51,1.53,263.55,2.22,2.28,1.02,0.99
30/07/2021,9:17:00 PM,9:17:56 PM,Gloucester Park,WA,5,185788107,R5 2536m Pace M,185788108,Harness,2536,Pace,13179469,5,Jack Farthing,LOSER,61.99,LOSER,26.69,135.84,100,42,55,62.5,221.68,940,22,940,81.06,45.18,63.39,,,,,,70,80,1.02,0.99
30/07/2021,9:17:00 PM,9:17:56 PM,Gloucester Park,WA,5,185788107,R5 2536m Pace M,185788108,Harness,2536,Pace,13218356,6,Major Times,LOSER,3.21,LOSER,2,2923.01,7,3.3,3.65,3.63,7991.36,690,2.6,690,4.62,1453.44,536.9,2.2,1.92,1.92,1.97,429.71,3.35,3.4,1.02,0.99
30/07/2021,9:17:00 PM,9:17:56 PM,Gloucester Park,WA,5,185788107,R5 2536m Pace M,185788108,Harness,2536,Pace,35608583,7,Patronus Star,LOSER,9.88,WINNER,6.81,439.86,9.6,5.3,9.6,7.02,2538.98,690,9.6,490,14.41,316.67,193.72,85,2.58,85,3.98,124.67,8.6,9.4,1.02,0.99
30/07/2021,9:43:00 PM,9:43:49 PM,Gloucester Park,WA,6,185788109,R6 2130m Pace M,185788110,Harness,2130,Pace,28364530,1,Fifty Five Reborn,WINNER,2.58,WINNER,1.31,1284.31,3.95,2.56,2.66,2.79,7654.02,12,1.02,1.02,2.18,3524.3,1497.18,1.52,1.23,1.33,1.32,466.92,2.64,2.66,1.02,0.98
30/07/2021,9:43:00 PM,9:43:49 PM,Gloucester Park,WA,6,185788109,R6 2130m Pace M,185788110,Harness,2130,Pace,21570820,2,The Verandah,LOSER,40,LOSER,4.91,137.99,60,38,40,45.8,172.08,690,40,580,98.21,22.7,237.27,6,4.7,5.1,5.49,134.16,50,60,1.02,0.98
30/07/2021,9:43:00 PM,9:43:49 PM,Gloucester Park,WA,6,185788109,R6 2130m Pace M,185788110,Harness,2130,Pace,2417218,3,The Kraken,LOSER,78.98,WINNER,32.95,75.13,600,40,55,74.26,181.01,1000,2.1,65,37.68,49.39,41.5,,,,,,95,130,1.02,0.98
30/07/2021,9:43:00 PM,9:43:49 PM,Gloucester Park,WA,6,185788109,R6 2130m Pace M,185788110,Harness,2130,Pace,23651564,4,Back In Twenty,LOSER,12.88,LOSER,2.54,279.4,12.5,4.5,12.5,7.92,803.4,490,10,490,33.26,62.46,763.66,2.4,1.72,2.4,2.16,75.32,9.4,10,1.02,0.98
30/07/2021,9:43:00 PM,9:43:49 PM,Gloucester Park,WA,6,185788109,R6 2130m Pace M,185788110,Harness,2130,Pace,28230742,5,Little Bitof Fun,LOSER,37.06,LOSER,5.72,102.27,44,27,27,33.97,245.97,920,26,920,57.04,99.1,262.8,,,,,,32,36,1.02,0.98
30/07/2021,9:43:00 PM,9:43:49 PM,Gloucester Park,WA,6,185788109,R6 2130m Pace M,185788110,Harness,2130,Pace,28170544,6,Alta Camino,LOSER,641.51,LOSER,54.12,29.95,520,160,520,251.26,7.37,900,300,300,485.65,20.38,42.77,,,,,,210,470,1.02,0.98
30/07/2021,9:43:00 PM,9:43:49 PM,Gloucester Park,WA,6,185788109,R6 2130m Pace M,185788110,Harness,2130,Pace,23103599,7,Im Spiderman,LOSER,490.63,LOSER,49.74,25.22,460,170,460,227.34,8.13,990,300,300,415.07,18.52,45.05,,,,,,190,220,1.02,0.98
30/07/2021,9:43:00 PM,9:43:49 PM,Gloucester Park,WA,6,185788109,R6 2130m Pace M,185788110,Harness,2130,Pace,23814209,8,Bee Jays Boy,LOSER,627.99,LOSER,46.74,18.65,400,160,380,216.67,38.22,900,300,300,414.54,33.09,34.69,,,,,,200,210,1.02,0.98
30/07/2021,9:43:00 PM,9:43:49 PM,Gloucester Park,WA,6,185788109,R6 2130m Pace M,185788110,Harness,2130,Pace,24368842,9,Al Guerrero,LOSER,65,LOSER,10.05,60.17,75,30,70,42.1,165.73,920,65,920,106.28,18.61,192.96,,,,,,42,46,1.02,0.98
30/07/2021,9:43:00 PM,9:43:49 PM,Gloucester Park,WA,6,185788109,R6 2130m Pace M,185788110,Harness,2130,Pace,17567710,10,Euphoric Moment,LOSER,27.88,LOSER,4.1,185.36,50,28,30,35.62,236.4,90,27,90,58.73,60.55,415.22,4.4,4.1,4.2,4.21,140.97,34,36,1.02,0.98
30/07/2021,9:43:00 PM,9:43:49 PM,Gloucester Park,WA,6,185788109,R6 2130m Pace M,185788110,Harness,2130,Pace,39446989,11,Alta Blues,LOSER,2.39,WINNER,1.43,5435.3,2.84,2.2,2.66,2.63,10569.5,100,1.1,100,1.94,5482.39,862.02,1.6,1.35,1.43,1.47,647.37,2.66,2.72,1.02,0.98
30/07/2021,9:43:00 PM,9:43:49 PM,Gloucester Park,WA,6,185788109,R6 2130m Pace M,185788110,Harness,2130,Pace,27355816,12,Medieval Man,LOSER,30.66,LOSER,13.94,187.29,110,34,36,47.59,219.56,780,16,780,38.65,93.82,137.73,25,5.3,17.5,6.3,70.97,38,40,1.02,0.98
30/07/2021,10:16:00 PM,10:16:49 PM,Gloucester Park,WA,7,185788111,R7 2130m Pace M,185788112,Harness,2130,Pace,26963905,1,Southern Belle,LOSER,11.5,LOSER,2.5,631.46,23,9.2,10,10.84,2191.34,690,4.3,490,22.71,91.39,1025.09,2.96,2.42,2.52,2.53,407.64,10.5,11.5,1.04,0.97
30/07/2021,10:16:00 PM,10:16:49 PM,Gloucester Park,WA,7,185788111,R7 2130m Pace M,185788112,Harness,2130,Pace,27302530,2,Soho Party Girl,LOSER,42.97,LOSER,6.4,124.63,85,30,44,41.97,243.36,690,38,170,61.86,37.23,174.59,6,5.9,6,5.97,13.79,60,85,1.04,0.97
30/07/2021,10:16:00 PM,10:16:49 PM,Gloucester Park,WA,7,185788111,R7 2130m Pace M,185788112,Harness,2130,Pace,12502157,3,Truleylucky,LOSER,218.48,LOSER,21.15,24.45,230,75,210,150.12,63.61,700,210,700,293.99,5.68,72.34,16,16,16,16,3.79,170,210,1.04,0.97
30/07/2021,10:16:00 PM,10:16:49 PM,Gloucester Park,WA,7,185788111,R7 2130m Pace M,185788112,Harness,2130,Pace,25649866,4,Blissfullabbey,LOSER,62.56,WINNER,8.1,108.41,120,36,65,46.58,106.26,690,13.5,690,43.99,60.81,187.73,6.4,6.4,6.4,6.4,3.79,50,65,1.04,0.97
30/07/2021,10:16:00 PM,10:16:49 PM,Gloucester Park,WA,7,185788111,R7 2130m Pace M,185788112,Harness,2130,Pace,36036936,5,Mini Mine Yet,WINNER,3.13,WINNER,1.41,2775.09,6.6,2.92,3.05,3.29,9369.89,170,1.01,1.01,1.82,4456,1216.68,1.69,1.38,1.38,1.49,329.5,2.92,3.05,1.04,0.97
30/07/2021,10:16:00 PM,10:16:49 PM,Gloucester Park,WA,7,185788111,R7 2130m Pace M,185788112,Harness,2130,Pace,23104849,6,My Prayer,LOSER,23.7,LOSER,4.27,253.4,65,16,21,23.22,402.32,690,12.5,490,34.77,91.18,349.74,,,,,,21,23,1.04,0.97
30/07/2021,10:16:00 PM,10:16:49 PM,Gloucester Park,WA,7,185788111,R7 2130m Pace M,185788112,Harness,2130,Pace,20137401,7,Mandy Joan,LOSER,4.26,LOSER,1.72,2818.99,6.2,2.86,4.5,4.74,6484.69,690,2.38,490,4.06,2126.37,1205.83,1.9,1.4,1.79,1.64,178.25,4.8,5.2,1.04,0.97
30/07/2021,10:16:00 PM,10:16:49 PM,Gloucester Park,WA,7,185788111,R7 2130m Pace M,185788112,Harness,2130,Pace,4017486,8,Star Of Diamonds,LOSER,3.76,WINNER,1.65,2535.61,3.95,2.12,3.75,3.28,8875.03,100,1.05,70,3.29,1704.83,1704.13,2.64,1.2,2.64,1.47,525.52,3.4,3.55,1.04,0.97
30/07/2021,10:16:00 PM,10:16:49 PM,Gloucester Park,WA,7,185788111,R7 2130m Pace M,185788112,Harness,2130,Pace,10981442,9,Talkerup,LOSER,113.93,LOSER,10.46,63.58,190,85,110,127.76,83.12,700,15,700,64.43,79.44,142.38,13,11,11,12.26,29.79,120,130,1.04,0.97
30/07/2021,10:42:00 PM,10:42:41 PM,Gloucester Park,WA,8,185788113,R8 2130m Pace M,185788114,Harness,2130,Pace,23402449,1,My Sweet Deal,LOSER,6.69,LOSER,1.99,471.58,7.4,4.6,6.2,6.06,1130.39,490,3.1,490,6.54,972.95,498.13,1.99,1.76,1.81,1.8,66.02,5.9,6,1.04,0.98
30/07/2021,10:42:00 PM,10:42:41 PM,Gloucester Park,WA,8,185788113,R8 2130m Pace M,185788114,Harness,2130,Pace,12992483,2,Heza Head Honcho,LOSER,38,LOSER,10.16,45.38,90,38,38,46.79,173.81,780,10,780,41.24,74.01,147.98,9.8,9.8,9.8,9.8,0.11,50,55,1.04,0.98
30/07/2021,10:42:00 PM,10:42:41 PM,Gloucester Park,WA,8,185788113,R8 2130m Pace M,185788114,Harness,2130,Pace,28864911,3,Our Mista Kalle,LOSER,6.17,LOSER,2.86,1286.6,9.8,5.4,9.6,8.2,562.91,490,3.8,490,8.51,837.46,488.67,2.32,2.32,2.32,2.32,0.03,8,9,1.04,0.98
30/07/2021,10:42:00 PM,10:42:41 PM,Gloucester Park,WA,8,185788113,R8 2130m Pace M,185788114,Harness,2130,Pace,13224964,4,Regal Cheval,LOSER,16.43,LOSER,3.42,248.59,38,15.5,16.5,18.46,286.99,490,6.6,490,70.47,31.08,378.57,4.7,3.8,3.8,4.07,35.22,16.5,17.5,1.04,0.98
30/07/2021,10:42:00 PM,10:42:41 PM,Gloucester Park,WA,8,185788113,R8 2130m Pace M,185788114,Harness,2130,Pace,19451042,5,Tubbs Farquhar,LOSER,130,LOSER,12.91,37.19,140,70,130,103.97,46.85,1000,170,1000,498.04,0.96,58.77,,,,,,75,110,1.04,0.98
30/07/2021,10:42:00 PM,10:42:41 PM,Gloucester Park,WA,8,185788113,R8 2130m Pace M,185788114,Harness,2130,Pace,10585390,6,Alta Intrigue,LOSER,2.44,WINNER,1.33,1957.38,2.76,2.36,2.42,2.51,7652.02,70,1.19,20,2.44,3710.27,1458,1.51,1.25,1.31,1.31,466,2.52,2.62,1.04,0.98
30/07/2021,10:42:00 PM,10:42:41 PM,Gloucester Park,WA,8,185788113,R8 2130m Pace M,185788114,Harness,2130,Pace,23294784,7,Alice Kay,LOSER,5.75,WINNER,1.84,566.33,5.7,4.3,5.7,5.02,4279.9,480,1.72,470,2.42,3346.94,848.81,1.95,1.95,1.95,1.95,0.05,5,5.2,1.04,0.98
30/07/2021,10:42:00 PM,10:42:41 PM,Gloucester Park,WA,8,185788113,R8 2130m Pace M,185788114,Harness,2130,Pace,18759615,8,Whoswhointhezoo,WINNER,12.07,WINNER,3.55,324.68,23,9.6,16,13.51,904.25,120,1.02,3,3.52,1529.13,228.69,3.1,3,3,3.02,13.63,20,21,1.04,0.98
30/07/2021,11:10:00 PM,11:10:55 PM,Gloucester Park,WA,9,185788115,R9 1730m Pace M,185788116,Harness,1730,Pace,34985092,1,Royal Essence,LOSER,2.27,WINNER,1.19,5217.36,3,2.02,2.46,2.34,6948.55,170,2.1,100,3.44,4030.35,1082.16,1.22,1.14,1.2,1.18,564,2.3,2.32,1.02,0.99
30/07/2021,11:10:00 PM,11:10:55 PM,Gloucester Park,WA,9,185788115,R9 1730m Pace M,185788116,Harness,1730,Pace,6941087,2,Diamond Daze,LOSER,90.74,LOSER,10.15,69.97,220,80,180,105.11,137.64,1000,75,1000,228.73,6.46,134.83,9.4,6.8,8,7.88,18.44,120,150,1.02,0.99
30/07/2021,11:10:00 PM,11:10:55 PM,Gloucester Park,WA,9,185788115,R9 1730m Pace M,185788116,Harness,1730,Pace,38484029,3,Quick Mamba,LOSER,130,LOSER,20.95,44.69,400,100,150,127.07,156.46,1000,75,1000,232.4,5.05,,,,,,,140,190,1.02,0.99
30/07/2021,11:10:00 PM,11:10:55 PM,Gloucester Park,WA,9,185788115,R9 1730m Pace M,185788116,Harness,1730,Pace,28467492,4,Star For Me,LOSER,110,LOSER,14.8,42.31,480,75,140,102.04,121.04,1000,90,1000,502.85,2.8,33.04,6.6,6.6,6.6,6.6,21,90,120,1.02,0.99
30/07/2021,11:10:00 PM,11:10:55 PM,Gloucester Park,WA,9,185788115,R9 1730m Pace M,185788116,Harness,1730,Pace,35921070,5,Lamour Dottie,LOSER,18.51,LOSER,2.62,326.41,50,13.5,17,16.65,813.35,780,13.5,690,34.46,128.64,666.2,2.96,2.46,2.48,2.49,11.02,16,18,1.02,0.99
30/07/2021,11:10:00 PM,11:10:55 PM,Gloucester Park,WA,9,185788115,R9 1730m Pace M,185788116,Harness,1730,Pace,28400863,6,Our Star Billing,LOSER,28.11,LOSER,3.39,247.49,36,22,29,24.96,450.58,730,23,730,84.05,35.03,491.26,,,,,,26,28,1.02,0.99
30/07/2021,11:10:00 PM,11:10:55 PM,Gloucester Park,WA,9,185788115,R9 1730m Pace M,185788116,Harness,1730,Pace,39317053,7,Captains Beachbabe,LOSER,17.77,WINNER,2.89,289.99,32,16.5,19.5,18.69,638.27,780,16,780,75.14,38.32,674.18,3,3,3,3,0.04,19.5,21,1.02,0.99
30/07/2021,11:10:00 PM,11:10:55 PM,Gloucester Park,WA,9,185788115,R9 1730m Pace M,185788116,Harness,1730,Pace,37765378,8,Black Jack Baby,WINNER,2.41,WINNER,1.25,2030.95,2.66,1.96,2.42,2.44,7332.08,2.8,1.01,1.01,1.39,7974.41,1185.98,1.3,1.15,1.29,1.25,295.19,2.44,2.48,1.02,0.99
30/07/2021,11:40:00 PM,11:40:53 PM,Gloucester Park,WA,10,185788117,R10 2130m Pace M,185788118,Harness,2130,Pace,39017863,1,Seven No Trumps,WINNER,1.7,WINNER,1.37,3152.47,2.24,1.67,1.73,1.82,17263.12,8,1.01,1.02,2.29,2623.65,852.99,1.42,1.21,1.35,1.33,572.03,1.87,1.9,1.02,0.99
30/07/2021,11:40:00 PM,11:40:53 PM,Gloucester Park,WA,10,185788117,R10 2130m Pace M,185788118,Harness,2130,Pace,40363810,2,Hoppys Way,LOSER,9.84,LOSER,2.76,255.07,12,4,9.8,8.12,1666.34,70,1.46,60,2.68,2707.72,413.57,3.35,2.48,2.88,2.93,270.24,9.6,10.5,1.02,0.99
30/07/2021,11:40:00 PM,11:40:53 PM,Gloucester Park,WA,10,185788117,R10 2130m Pace M,185788118,Harness,2130,Pace,39098046,3,Jamie Kim,LOSER,13,LOSER,4.5,342.05,19.5,9,13,13.88,1019.06,460,4.5,460,18.35,227.66,78.86,4.8,4.5,4.7,4.74,79.42,12.5,13.5,1.02,0.99
30/07/2021,11:40:00 PM,11:40:53 PM,Gloucester Park,WA,10,185788117,R10 2130m Pace M,185788118,Harness,2130,Pace,38484023,4,Hokulani,LOSER,95,LOSER,22.5,99.66,110,48,110,64.66,125.74,690,19.5,300,116.24,22.34,75.18,13,10.5,13,11.43,7.99,70,75,1.02,0.99
30/07/2021,11:40:00 PM,11:40:53 PM,Gloucester Park,WA,10,185788117,R10 2130m Pace M,185788118,Harness,2130,Pace,1514969,5,Make Your Mark,LOSER,21.08,WINNER,47.36,221.46,30,17,27,20.33,350.17,460,4.7,460,12.5,165.59,34.62,4.8,4.8,4.8,4.8,5,17,19.5,1.02,0.99
30/07/2021,11:40:00 PM,11:40:53 PM,Gloucester Park,WA,10,185788117,R10 2130m Pace M,185788118,Harness,2130,Pace,40363811,6,Dontbesillychilli,LOSER,4.01,LOSER,2.15,1815.03,8.6,4.5,5.5,4.99,4685.08,460,2.24,460,5,783.85,651.12,2.48,2.06,2.22,2.16,214.26,4.5,4.6,1.02,0.99
30/07/2021,11:40:00 PM,11:40:53 PM,Gloucester Park,WA,10,185788117,R10 2130m Pace M,185788118,Harness,2130,Pace,12927463,7,Hope,LOSER,210,LOSER,208.62,33.33,200,75,180,123.49,66.67,700,55,700,170.08,10.31,0.53,310,24,310,30.35,17.35,110,130,1.02,0.99
30/07/2021,12:03:00 PM,12:04:08 PM,Mildura,VIC,1,185799499,R1 2190m Pace M,185799500,Harness,2190,Pace,16480614,1,Bailieborough,LOSER,35.45,LOSER,5.33,123.94,32,20,30,25.05,73.96,690,18,690,44.8,33.15,277.05,3.65,3.65,3.65,3.65,17.06,23,26,1.05,0.96
30/07/2021,12:03:00 PM,12:04:08 PM,Mildura,VIC,1,185799499,R1 2190m Pace M,185799500,Harness,2190,Pace,9175621,2,Stealth Mode,LOSER,97.19,LOSER,14.61,61.88,120,28,110,69.35,216.64,930,29,690,139.88,29.17,63.6,18.5,9.8,18.5,13.98,14.65,100,110,1.05,0.96
30/07/2021,12:03:00 PM,12:04:08 PM,Mildura,VIC,1,185799499,R1 2190m Pace M,185799500,Harness,2190,Pace,39797260,3,Gilded,LOSER,5.7,WINNER,1.81,589.53,6.8,5.1,5.2,5.62,573.16,60,1.24,60,4.45,421.62,420.43,1.75,1.66,1.75,1.68,52,5.6,5.9,1.05,0.96
30/07/2021,12:03:00 PM,12:04:08 PM,Mildura,VIC,1,185799499,R1 2190m Pace M,185799500,Harness,2190,Pace,13829840,4,Fire House Rock,WINNER,9.67,WINNER,2.31,301.51,13,6.8,8.4,9.37,311.95,60,1.01,1.01,2.58,662.63,815.22,2.58,2.52,2.56,2.55,11.03,8,8.8,1.05,0.96
30/07/2021,12:03:00 PM,12:04:08 PM,Mildura,VIC,1,185799499,R1 2190m Pace M,185799500,Harness,2190,Pace,40363714,5,American Beau,LOSER,3.18,LOSER,1.57,2141.98,5.3,3.6,4.2,4.05,1397.95,690,2.5,690,4.37,1759.41,920.33,1.61,1.55,1.61,1.57,51.09,3.7,4.1,1.05,0.96
30/07/2021,12:03:00 PM,12:04:08 PM,Mildura,VIC,1,185799499,R1 2190m Pace M,185799500,Harness,2190,Pace,8434623,6,Waratah Beach,LOSER,29.03,LOSER,5.23,96.89,38,18,32,30.59,55.68,690,2.84,690,44.8,51.43,120.35,8.6,6,8.6,7.31,10.04,26,34,1.05,0.96
30/07/2021,12:03:00 PM,12:04:08 PM,Mildura,VIC,1,185799499,R1 2190m Pace M,185799500,Harness,2190,Pace,27956148,7,Kick It To Jack,LOSER,2.79,WINNER,1.34,994.51,3.05,2.4,2.74,2.71,6637.57,780,1.36,690,3.38,4936.73,946.67,1.48,1.3,1.3,1.39,99.75,2.64,2.86,1.05,0.96
30/07/2021,12:03:00 PM,12:04:08 PM,Mildura,VIC,1,185799499,R1 2190m Pace M,185799500,Harness,2190,Pace,3603705,8,Unethical,LOSER,120,LOSER,23.62,21.18,200,28,130,121.1,20.39,690,9.2,690,67.63,26.87,44.18,,,,,,130,170,1.05,0.96
30/07/2021,12:38:00 PM,12:38:55 PM,Mildura,VIC,2,185799501,R2 2190m Pace M,185799502,Harness,2190,Pace,39208073,1,Four Starzzz Ruby,LOSER,3.06,WINNER,1.42,1365.73,3.2,2.76,3.05,2.98,2396.45,690,2.32,150,6.45,619.65,644.52,1.57,1.33,1.42,1.4,262.72,2.76,2.98,1.03,0.95
30/07/2021,12:38:00 PM,12:38:55 PM,Mildura,VIC,2,185799501,R2 2190m Pace M,185799502,Harness,2190,Pace,39160952,2,Aussie Cash,LOSER,17,WINNER,4.28,123.85,29,11.5,15,22.5,181.65,1000,3.85,1000,16.06,236.46,99.28,,,,,,23,27,1.03,0.95
30/07/2021,12:38:00 PM,12:38:55 PM,Mildura,VIC,2,185799501,R2 2190m Pace M,185799502,Harness,2190,Pace,40112079,3,Fabulous Kayjay,WINNER,3.06,WINNER,1.41,691.55,3.3,2.74,2.94,2.92,3170.85,3.4,1.01,1.01,1.71,3409.47,1375.35,1.88,1.36,1.37,1.53,205.07,2.9,2.96,1.03,0.95
30/07/2021,12:38:00 PM,12:38:55 PM,Mildura,VIC,2,185799501,R2 2190m Pace M,185799502,Harness,2190,Pace,36317967,4,Mods,LOSER,13.33,LOSER,3.59,218.77,21,8.2,12.5,16.32,663.95,1000,7.6,140,25.92,136.98,186.96,,,,,,16.5,20,1.03,0.95
30/07/2021,12:38:00 PM,12:38:55 PM,Mildura,VIC,2,185799501,R2 2190m Pace M,185799502,Harness,2190,Pace,26207330,5,Wheresmilzee,LOSER,70,LOSER,11.15,73.96,100,28,60,70.38,25.57,1000,55,1000,199.12,8.5,151.46,8.2,8.2,8.2,8.2,28,65,100,1.03,0.95
30/07/2021,12:38:00 PM,12:38:55 PM,Mildura,VIC,2,185799501,R2 2190m Pace M,185799502,Harness,2190,Pace,13097600,6,Three Strikes Mach,LOSER,28.21,LOSER,5.1,91.17,32,14.5,28,28.66,176.7,1000,10,1000,51.07,62.07,216.54,4.1,3.25,4.1,3.88,5.47,24,29,1.03,0.95
30/07/2021,12:38:00 PM,12:38:55 PM,Mildura,VIC,2,185799501,R2 2190m Pace M,185799502,Harness,2190,Pace,16554439,7,Fiery Mac,LOSER,85.97,LOSER,8.4,57.2,95,27,85,80.47,71,1000,32,1000,91.99,86.2,228.9,8.4,8.4,8.4,8.4,9.38,85,95,1.03,0.95
30/07/2021,12:38:00 PM,12:38:55 PM,Mildura,VIC,2,185799501,R2 2190m Pace M,185799502,Harness,2190,Pace,39594498,8,Robert Crocka,LOSER,6.68,LOSER,2.14,242.67,7.6,6,6.6,6.63,1191.7,1000,4.4,1000,22.66,191.67,915.84,2.48,1.72,2.1,1.77,159.14,6.8,7.4,1.03,0.95
30/07/2021,1:13:00 PM,1:15:09 PM,Mildura,VIC,3,185799503,R3 1790m Pace M,185799504,Harness,1790,Pace,16327453,1,Mista Pumblechook,LOSER,1.75,WINNER,1.21,2524.12,2.78,1.63,1.74,1.8,11007.31,100,1.5,100,1.78,2643.79,1373.98,1.34,1.16,1.16,1.23,1561.86,1.75,1.83,1.04,0.98
30/07/2021,1:13:00 PM,1:15:09 PM,Mildura,VIC,3,185799503,R3 1790m Pace M,185799504,Harness,1790,Pace,17567729,2,Ollie And Brock,LOSER,17.5,WINNER,3.36,218.06,19.5,10,19.5,16.48,224.8,140,16.5,140,24.57,38.09,379.95,2.98,2.98,2.98,2.98,30,17.5,18.5,1.04,0.98
30/07/2021,1:13:00 PM,1:15:09 PM,Mildura,VIC,3,185799503,R3 1790m Pace M,185799504,Harness,1790,Pace,12853079,3,Abstract Hanover,LOSER,27.84,LOSER,4.77,148.06,32,8.2,29,24.33,88.39,690,20,300,53.52,63.79,140.38,3.95,3.7,3.7,3.73,127,24,27,1.04,0.98
30/07/2021,1:13:00 PM,1:15:09 PM,Mildura,VIC,3,185799503,R3 1790m Pace M,185799504,Harness,1790,Pace,13904000,4,Ironbark Fella,LOSER,35.68,LOSER,6.25,146.02,44,8.2,44,37.93,118.02,690,34,300,67.17,48.39,58.26,4.1,4.1,4.1,4.1,10,26,30,1.04,0.98
30/07/2021,1:13:00 PM,1:15:09 PM,Mildura,VIC,3,185799503,R3 1790m Pace M,185799504,Harness,1790,Pace,6998004,5,Graffiti Lombo,LOSER,6.64,LOSER,2.15,984.45,9.4,6,7.4,7.62,445.7,880,5.3,540,15.8,335.89,814.55,2.28,1.99,2.1,2.21,368.25,7.8,8.2,1.04,0.98
30/07/2021,1:13:00 PM,1:15:09 PM,Mildura,VIC,3,185799503,R3 1790m Pace M,185799504,Harness,1790,Pace,15843410,6,Trump The Ace,LOSER,107.29,LOSER,18.46,50.54,130,36,120,104.87,27.69,700,120,700,307.19,1.64,76.08,,,,,,110,120,1.04,0.98
30/07/2021,1:13:00 PM,1:15:09 PM,Mildura,VIC,3,185799503,R3 1790m Pace M,185799504,Harness,1790,Pace,38352117,7,Lilbitahenrytee,WINNER,12.5,WINNER,3.09,219.33,13.5,6.8,13,11.18,377.83,13.5,1.01,1.01,2.49,1231.82,178.66,3.15,2.36,2.42,2.42,243.01,11,12,1.04,0.98
30/07/2021,1:13:00 PM,1:15:09 PM,Mildura,VIC,3,185799503,R3 1790m Pace M,185799504,Harness,1790,Pace,36010208,8,Mac A Boy,LOSER,162.97,LOSER,42.22,25.82,220,38,210,148.83,49.26,700,130,700,179.89,14.55,41.44,75,7.6,75,13.28,6,120,150,1.04,0.98
30/07/2021,1:13:00 PM,1:15:09 PM,Mildura,VIC,3,185799503,R3 1790m Pace M,185799504,Harness,1790,Pace,35382086,9,Hidden Figure,LOSER,15.06,LOSER,2.96,166.3,15.5,8.2,15.5,13.5,251.18,420,13,420,54.37,17.97,338.3,3.6,2.64,2.64,2.66,2.8,13.5,14,1.04,0.98
30/07/2021,1:13:00 PM,1:15:09 PM,Mildura,VIC,3,185799503,R3 1790m Pace M,185799504,Harness,1790,Pace,39378653,10,Two Jacs,LOSER,86.11,LOSER,12.8,44.94,90,36,90,69.08,35.95,690,55,300,103.79,6.57,109.81,,,,,,60,75,1.04,0.98
30/07/2021,1:48:00 PM,1:49:07 PM,Mildura,VIC,4,185799505,R4 1790m Pace M,185799506,Harness,1790,Pace,13127034,1,Friends,LOSER,16,LOSER,4.69,259.9,29,10.5,17,16.78,340.33,910,10,720,53.2,146.24,253.33,5.1,4.6,4.7,4.91,19.09,16,16.5,1.01,0.98
30/07/2021,1:48:00 PM,1:49:07 PM,Mildura,VIC,4,185799505,R4 1790m Pace M,185799506,Harness,1790,Pace,37081769,2,Thelongroadnowhere,LOSER,33.81,LOSER,54.57,175.05,50,22,40,33.27,201.5,750,32,750,73.15,41,30.55,130,16,130,51.63,0.47,36,40,1.01,0.98
30/07/2021,1:48:00 PM,1:49:07 PM,Mildura,VIC,4,185799505,R4 1790m Pace M,185799506,Harness,1790,Pace,28310939,3,Without Hesitation,LOSER,11.11,LOSER,3.85,374.73,18.5,6.8,10,12.03,687.97,690,7.2,490,31.93,61.77,342.76,4.3,3.6,3.6,4.2,251.09,13.5,14.5,1.01,0.98
30/07/2021,1:48:00 PM,1:49:07 PM,Mildura,VIC,4,185799505,R4 1790m Pace M,185799506,Harness,1790,Pace,26993877,4,The Queen Of Heart,WINNER,1.62,WINNER,1.33,5070.49,2,1.48,1.63,1.7,16228.29,1.76,1.01,1.01,1.29,7074.43,907.4,1.37,1.26,1.35,1.32,1016.04,1.74,1.75,1.01,0.98
30/07/2021,1:48:00 PM,1:49:07 PM,Mildura,VIC,4,185799505,R4 1790m Pace M,185799506,Harness,1790,Pace,24153768,5,Abstract Art,LOSER,8.8,WINNER,2.73,489.43,11.5,6.6,9.6,7.67,1219.65,780,5.4,490,20.89,166.44,723.83,3.6,2.6,2.94,3.1,62.81,6.6,7,1.01,0.98
30/07/2021,1:48:00 PM,1:49:07 PM,Mildura,VIC,4,185799505,R4 1790m Pace M,185799506,Harness,1790,Pace,40363715,6,Tact Tory,LOSER,55.45,LOSER,11.96,73.01,80,16.5,55,48.9,98.47,940,22,690,97.61,44.3,5,12,6.4,6.4,11.96,5.03,50,55,1.01,0.98
30/07/2021,1:48:00 PM,1:49:07 PM,Mildura,VIC,4,185799505,R4 1790m Pace M,185799506,Harness,1790,Pace,28152881,7,Last Artist,LOSER,10.5,LOSER,3.29,349.4,11.5,8.4,10.5,9.66,779.13,890,6.6,890,23,153.31,616.83,3.45,3.2,3.4,3.32,61.93,9.8,10.5,1.01,0.98
30/07/2021,2:23:00 PM,2:24:08 PM,Mildura,VIC,5,185799507,R5 1790m Pace M,185799508,Harness,1790,Pace,40363716,1,Ashleys Blue Chip,LOSER,4.54,LOSER,2.39,881.8,5.1,2.74,4.6,4.25,4241.69,1000,2.5,60,26.2,281.15,560.88,2.44,2.16,2.28,2.34,235.46,4.7,4.8,1.01,0.99
30/07/2021,2:23:00 PM,2:24:08 PM,Mildura,VIC,5,185799507,R5 1790m Pace M,185799508,Harness,1790,Pace,3196735,2,Benatar,LOSER,3.49,LOSER,1.79,1464.43,3.35,2.34,3.35,2.98,5632.66,690,2.92,490,7.82,262.01,812.4,1.8,1.68,1.73,1.8,25.44,2.94,3,1.01,0.99
30/07/2021,2:23:00 PM,2:24:08 PM,Mildura,VIC,5,185799507,R5 1790m Pace M,185799508,Harness,1790,Pace,39967737,3,Highchair,LOSER,259.23,LOSER,343.26,31.18,690,160,280,245.51,22.08,700,75,700,224.12,16.28,0.63,670,140,400,329.35,0.61,200,230,1.01,0.99
30/07/2021,2:23:00 PM,2:24:08 PM,Mildura,VIC,5,185799507,R5 1790m Pace M,185799508,Harness,1790,Pace,9149995,4,Fortitudo,LOSER,220.55,LOSER,297.37,35.53,360,130,220,185.85,35.32,690,95,280,229.52,9.26,0.61,670,130,130,288.35,0.6,150,170,1.01,0.99
30/07/2021,2:23:00 PM,2:24:08 PM,Mildura,VIC,5,185799507,R5 1790m Pace M,185799508,Harness,1790,Pace,17452893,5,Have A Crack,WINNER,6.1,WINNER,2.87,948.73,16.5,5.6,5.9,6.96,2304.9,16.5,1.01,1.01,1.72,2264.56,477.32,3.15,3.15,3.15,3.15,11.07,5.9,6,1.01,0.99
30/07/2021,2:23:00 PM,2:24:08 PM,Mildura,VIC,5,185799507,R5 1790m Pace M,185799508,Harness,1790,Pace,27341396,6,Lizzadro,LOSER,4,WINNER,2.49,1162.44,6.2,4.1,4.2,4.58,2053.39,490,1.39,130,7.29,870.41,549.75,2.58,2.18,2.46,2.47,186.47,4.8,5,1.01,0.99
30/07/2021,2:23:00 PM,2:24:08 PM,Mildura,VIC,5,185799507,R5 1790m Pace M,185799508,Harness,1790,Pace,18740919,7,Rainbow Rain,LOSER,17,LOSER,6.45,191.65,21,9.6,17,16.04,275.36,690,15.5,490,34.99,127.78,97.19,5.1,5.1,5.1,5.1,23.79,14.5,15,1.01,0.99
30/07/2021,2:58:00 PM,3:00:16 PM,Mildura,VIC,6,185799509,R6 1790m Pace M,185799510,Harness,1790,Pace,13178406,1,Dontshowyouraces,LOSER,68.52,LOSER,7.4,100.97,75,21,75,53.72,65.34,1000,50,1000,337.78,32.29,172.11,,,,,,50,60,1.04,0.98
30/07/2021,2:58:00 PM,3:00:16 PM,Mildura,VIC,6,185799509,R6 1790m Pace M,185799510,Harness,1790,Pace,20520540,2,Apache Wind,LOSER,4.32,WINNER,1.63,806.64,4.5,3.85,4,4.18,1675.92,140,1.5,140,5.55,686.73,815.57,1.63,1.38,1.63,1.48,291.54,4,4.3,1.04,0.98
30/07/2021,2:58:00 PM,3:00:16 PM,Mildura,VIC,6,185799509,R6 1790m Pace M,185799510,Harness,1790,Pace,35261177,3,Deekays Major,LOSER,8.49,LOSER,1.91,422.21,8.6,5.9,7.4,7.12,715.52,900,8.2,690,45.54,116.19,929.62,1.91,1.67,1.8,1.75,61.47,6.2,6.8,1.04,0.98
30/07/2021,2:58:00 PM,3:00:16 PM,Mildura,VIC,6,185799509,R6 1790m Pace M,185799510,Harness,1790,Pace,13320227,4,Trooper Mossman,LOSER,43.2,LOSER,6.3,86.01,44,24,36,37.39,67.39,690,3.1,300,21.62,117.67,237.38,4.8,4.7,4.8,4.73,17,36,42,1.04,0.98
30/07/2021,2:58:00 PM,3:00:16 PM,Mildura,VIC,6,185799509,R6 1790m Pace M,185799510,Harness,1790,Pace,17847667,5,Whereyagoinbabe,LOSER,22.42,LOSER,3.6,123.47,34,12.5,23,22.3,148.32,910,22,910,94.54,34.05,254.02,3.75,3.7,3.7,3.73,13.78,21,25,1.04,0.98
30/07/2021,2:58:00 PM,3:00:16 PM,Mildura,VIC,6,185799509,R6 1790m Pace M,185799510,Harness,1790,Pace,385474,6,On My Oath,WINNER,1.97,WINNER,1.18,2700.64,2.2,1.84,1.97,2.01,8846.71,2.86,1.01,1.01,1.32,6783.43,1125.58,1.23,1.18,1.19,1.2,961.82,2.04,2.08,1.04,0.98
30/07/2021,2:58:00 PM,3:00:16 PM,Mildura,VIC,6,185799509,R6 1790m Pace M,185799510,Harness,1790,Pace,15475144,7,Bezzaboma,LOSER,37.33,LOSER,6.3,121.4,85,32,42,42.58,104.17,930,16.5,100,138.98,24.8,131.57,5,5,5,5,5,36,40,1.04,0.98
30/07/2021,2:58:00 PM,3:00:16 PM,Mildura,VIC,6,185799509,R6 1790m Pace M,185799510,Harness,1790,Pace,28719451,8,Little Miss Daisy,LOSER,61.57,WINNER,8.4,100.53,80,48,70,56.21,106.53,780,44,780,97.55,29.13,107.17,,,,,,50,60,1.04,0.98
30/07/2021,3:33:00 PM,3:33:59 PM,Mildura,VIC,7,185799511,R7 2190m Pace M,185799512,Harness,2190,Pace,39378654,1,Geronimo Dan,LOSER,29.14,LOSER,9.54,105.63,36,18,28,28.4,223.97,690,34,490,97.59,18.32,68.66,9.8,9.4,9.8,9.54,23.09,18,23,1.03,0.96
30/07/2021,3:33:00 PM,3:33:59 PM,Mildura,VIC,7,185799511,R7 2190m Pace M,185799512,Harness,2190,Pace,23631058,2,Dragontown,LOSER,22.01,LOSER,7.58,107.78,36,16,22,19.36,242.01,1000,11,1000,33.1,154.5,276.48,7,7,7,7,10,20,23,1.03,0.96
30/07/2021,3:33:00 PM,3:33:59 PM,Mildura,VIC,7,185799511,R7 2190m Pace M,185799512,Harness,2190,Pace,23317495,3,Targaryen Hanover,LOSER,5,WINNER,4.08,600.2,6.8,4.1,5,5.43,1180.75,1000,2.12,220,4.18,1288.74,588.24,9.8,2.46,3.35,3.67,138.9,6,6.8,1.03,0.96
30/07/2021,3:33:00 PM,3:33:59 PM,Mildura,VIC,7,185799511,R7 2190m Pace M,185799512,Harness,2190,Pace,26801370,4,Keayang Shady,WINNER,2.35,WINNER,1.73,2940.43,2.74,1.99,2.5,2.45,3293.07,5,1.01,1.01,1.96,4266.18,765.5,1.84,1.57,1.64,1.7,65.3,2.4,2.42,1.03,0.96
30/07/2021,3:33:00 PM,3:33:59 PM,Mildura,VIC,7,185799511,R7 2190m Pace M,185799512,Harness,2190,Pace,10630711,5,Tossup,LOSER,17,LOSER,6.55,172.65,17.5,11,16.5,14.84,239.63,1000,11,490,48.88,55.13,219.35,,,,,,14,15.5,1.03,0.96
30/07/2021,3:33:00 PM,3:33:59 PM,Mildura,VIC,7,185799511,R7 2190m Pace M,185799512,Harness,2190,Pace,13192150,6,Sheer Modern,LOSER,5.15,LOSER,3.08,1106.72,8,4.8,5.2,5.56,1541.39,1000,3.4,1000,7.09,633.82,489.16,3.15,2.78,2.78,2.8,34.62,6.2,6.8,1.03,0.96
30/07/2021,3:33:00 PM,3:33:59 PM,Mildura,VIC,7,185799511,R7 2190m Pace M,185799512,Harness,2190,Pace,10767300,7,Heza Reddy,LOSER,8.17,LOSER,3.97,438.89,10.5,6.8,8,9.02,405.9,880,8.4,880,45.58,92.86,71.64,4.6,2.96,4.6,3.89,233.02,9.2,9.6,1.03,0.96
30/07/2021,4:13:00 PM,4:13:45 PM,Mildura,VIC,8,185799513,R8 1790m Pace M,185799514,Harness,1790,Pace,40363717,1,Goodtime Maddie,LOSER,10.5,WINNER,3.51,427.79,13,8.8,10.5,10.53,541.47,490,1.16,490,9.21,747.94,237.99,3.25,2.88,3.05,2.98,43.29,11,12.5,1.04,0.95
30/07/2021,4:13:00 PM,4:13:45 PM,Mildura,VIC,8,185799513,R8 1790m Pace M,185799514,Harness,1790,Pace,28152946,2,Wild Man,LOSER,15.18,WINNER,4.62,176.15,18,6,15.5,13.23,457.37,690,2.1,120,9.38,276.42,419.9,,,,,,16,19.5,1.04,0.95
30/07/2021,4:13:00 PM,4:13:45 PM,Mildura,VIC,8,185799513,R8 1790m Pace M,185799514,Harness,1790,Pace,19356416,3,Sirbenjaminbutton,LOSER,4.02,LOSER,2.01,2061.19,13,4.3,4.3,5.21,2374.41,780,3.05,780,6.05,658.46,815.5,4.3,1.92,1.92,2.2,452.45,4.7,5,1.04,0.95
30/07/2021,4:13:00 PM,4:13:45 PM,Mildura,VIC,8,185799513,R8 1790m Pace M,185799514,Harness,1790,Pace,22106577,4,Neds Beach,LOSER,26,LOSER,5.22,167.13,28,12.5,22,23.63,189.81,690,21,690,86.72,25.49,281.05,4.6,4.6,4.6,4.6,0.18,23,26,1.04,0.95
30/07/2021,4:13:00 PM,4:13:45 PM,Mildura,VIC,8,185799513,R8 1790m Pace M,185799514,Harness,1790,Pace,28506967,5,Boss Major,LOSER,26.61,LOSER,6.15,221.42,26,13.5,25,19.49,198.89,690,10.5,690,39.5,67.51,236.1,4.4,4.4,4.4,4.4,0.57,18,21,1.04,0.95
30/07/2021,4:13:00 PM,4:13:45 PM,Mildura,VIC,8,185799513,R8 1790m Pace M,185799514,Harness,1790,Pace,17089352,6,Lara Bay,LOSER,19.44,LOSER,5.13,267.97,26,12.5,19,17.91,257.11,690,8,490,38.89,135.06,305.02,4.5,4.5,4.5,4.5,5,18,19.5,1.04,0.95
30/07/2021,4:13:00 PM,4:13:45 PM,Mildura,VIC,8,185799513,R8 1790m Pace M,185799514,Harness,1790,Pace,14983940,8,Lenard Ess,WINNER,3.02,WINNER,1.59,1345.83,3.2,2.4,2.94,2.83,9259.58,14,1.01,1.4,1.71,4045.34,1207.99,1.6,1.47,1.58,1.5,472.57,2.76,2.86,1.04,0.95
30/07/2021,4:13:00 PM,4:13:45 PM,Mildura,VIC,8,185799513,R8 1790m Pace M,185799514,Harness,1790,Pace,27606005,9,Classic Reactor,LOSER,43.61,LOSER,15.06,156.54,44,19.5,44,32.68,285.02,690,36,300,71.99,23.29,132.45,27,5.2,13.5,7.3,9.51,29,34,1.04,0.95
30/07/2021,4:13:00 PM,4:13:45 PM,Mildura,VIC,8,185799513,R8 1790m Pace M,185799514,Harness,1790,Pace,11244528,10,King Solomon,LOSER,11.31,LOSER,3.44,297.2,14,8.2,11,11.47,380.16,690,9,490,26.4,81.88,426.1,3,2.98,3,3,5.22,11.5,13.5,1.04,0.95
30/07/2021,4:13:00 PM,4:13:45 PM,Mildura,VIC,8,185799513,R8 1790m Pace M,185799514,Harness,1790,Pace,39078567,11,Magic In Her Moves,LOSER,49.98,LOSER,13.65,121.75,48,18,48,31.58,148.35,690,17,140,47.16,43.02,35.89,24,5.6,13.5,7.75,6.81,27,34,1.04,0.95
30/07/2021,4:53:00 PM,4:53:51 PM,Mildura,VIC,9,185799515,R9 1790m Pace M,185799516,Harness,1790,Pace,26014743,1,Mach Hu,WINNER,1.61,WINNER,1.25,4972.88,2.22,1.45,1.52,1.76,10887.98,3.15,1.01,1.01,1.42,10094.78,1204.96,1.32,1.2,1.23,1.26,2006.37,1.68,1.7,1.02,0.99
30/07/2021,4:53:00 PM,4:53:51 PM,Mildura,VIC,9,185799515,R9 1790m Pace M,185799516,Harness,1790,Pace,24374096,2,Moonlight Jack,LOSER,6.83,LOSER,2.64,849.97,7,4.7,6.6,6.25,1397.73,880,5.5,780,24.04,173.73,332.51,2.82,2.4,2.82,2.6,146.68,6.4,7,1.02,0.99
30/07/2021,4:53:00 PM,4:53:51 PM,Mildura,VIC,9,185799515,R9 1790m Pace M,185799516,Harness,1790,Pace,35441616,3,Puopolo,LOSER,19.62,LOSER,6.42,364.7,23,7.2,20,18.77,295.2,900,7,900,43.39,96.44,97.31,5.8,3.45,5.4,5.34,199.66,21,22,1.02,0.99
30/07/2021,4:53:00 PM,4:53:51 PM,Mildura,VIC,9,185799515,R9 1790m Pace M,185799516,Harness,1790,Pace,8497684,4,Good Onya,LOSER,6.05,WINNER,2.26,871.56,6.2,4.7,6.2,5.79,705.95,170,3.4,130,12,230.28,770.03,2.2,2.1,2.14,2.16,159.58,5.7,6,1.02,0.99
30/07/2021,4:53:00 PM,4:53:51 PM,Mildura,VIC,9,185799515,R9 1790m Pace M,185799516,Harness,1790,Pace,19452808,6,Shadow Terror,LOSER,59.42,LOSER,19.5,140.5,110,22,60,55.36,92.66,1000,25,25,70.58,76.78,60.65,19.5,8,19.5,14.82,5.89,65,70,1.02,0.99
30/07/2021,4:53:00 PM,4:53:51 PM,Mildura,VIC,9,185799515,R9 1790m Pace M,185799516,Harness,1790,Pace,20459257,7,Loyola Golf,LOSER,38.32,LOSER,10.4,179.41,60,30,38,42.87,79.96,750,20,750,83.03,63.99,59.02,11.5,8.4,8.4,10.42,56.82,50,55,1.02,0.99
30/07/2021,4:53:00 PM,4:53:51 PM,Mildura,VIC,9,185799515,R9 1790m Pace M,185799516,Harness,1790,Pace,36580796,8,Ohoka Diesel,LOSER,72.93,LOSER,21.76,131.87,120,70,75,79.1,64.53,960,36,450,59.17,25.43,74.91,34,12.5,12.5,15.85,273.83,80,85,1.02,0.99
30/07/2021,5:32:00 PM,5:33:03 PM,Mildura,VIC,10,185799517,R10 1790m Pace M,185799518,Harness,1790,Pace,17526049,1,Outa Control,LOSER,67.4,LOSER,5.9,121.51,90,29,75,61.68,140.91,690,16.5,690,47.1,25.25,281.96,5.8,4.9,5.5,5.39,447.73,50,65,1.02,0.98
30/07/2021,5:32:00 PM,5:33:03 PM,Mildura,VIC,10,185799517,R10 1790m Pace M,185799518,Harness,1790,Pace,28310943,2,Loyola Rocknrolla,LOSER,113.83,WINNER,8.9,72.64,200,42,130,125.61,97.78,690,15,480,60.31,38.4,195.57,9.4,7.8,7.8,8.72,430.68,130,180,1.02,0.98
30/07/2021,5:32:00 PM,5:33:03 PM,Mildura,VIC,10,185799517,R10 1790m Pace M,185799518,Harness,1790,Pace,9484470,3,Hillbilly Time,LOSER,1.57,LOSER,1.16,3160.28,2.14,1.52,1.56,1.61,25919.95,690,1.52,480,4.48,2839.04,1402.02,1.22,1.12,1.15,1.18,10233.67,1.57,1.6,1.02,0.98
30/07/2021,5:32:00 PM,5:33:03 PM,Mildura,VIC,10,185799517,R10 1790m Pace M,185799518,Harness,1790,Pace,24008091,4,Lochster,LOSER,7.54,WINNER,1.73,513.4,8.2,3.95,7.4,6.93,1454.37,780,2.62,780,11.15,252.7,616.87,1.84,1.71,1.79,1.76,299.37,7.4,7.6,1.02,0.98
30/07/2021,5:32:00 PM,5:33:03 PM,Mildura,VIC,10,185799517,R10 1790m Pace M,185799518,Harness,1790,Pace,10663476,5,Glam Rock,WINNER,11.26,WINNER,2.4,494.61,16.5,5.4,10.5,11.71,1388.53,12,1.01,1.01,1.73,4858.68,750.72,2.84,2.24,2.44,2.56,176.06,13.5,14.5,1.02,0.98
30/07/2021,5:32:00 PM,5:33:03 PM,Mildura,VIC,10,185799517,R10 1790m Pace M,185799518,Harness,1790,Pace,24539956,6,Old Tanner Burn,LOSER,15.9,LOSER,2.82,202.35,16.5,7.8,16,13.12,1031.29,1000,4,1000,40.38,143.03,475.76,2.82,2.34,2.82,2.54,119.08,13.5,14.5,1.02,0.98
30/07/2021,5:32:00 PM,5:33:03 PM,Mildura,VIC,10,185799517,R10 1790m Pace M,185799518,Harness,1790,Pace,40112081,7,Eezee Street,LOSER,110,LOSER,11.75,65.88,130,19.5,130,82.89,61.57,930,26,930,311.9,20.43,82.87,8.6,6.4,8.6,8.28,31.54,85,110,1.02,0.98
30/07/2021,5:32:00 PM,5:33:03 PM,Mildura,VIC,10,185799517,R10 1790m Pace M,185799518,Harness,1790,Pace,11298335,8,Headmaster,LOSER,34,LOSER,4.61,143.04,44,19,30,28.56,234.3,690,13,690,48.25,27.4,148.49,5.5,3.65,4,4.2,83.95,27,28,1.02,0.98
30/07/2021,5:32:00 PM,5:33:03 PM,Mildura,VIC,10,185799517,R10 1790m Pace M,185799518,Harness,1790,Pace,7092577,9,Stuart,LOSER,50,LOSER,5.9,136.98,80,22,55,43.44,257.52,930,20,770,293.45,25.4,232.39,6.6,4.8,5.1,5.12,70.02,40,42,1.02,0.98
30/07/2021,6:03:00 PM,6:03:58 PM,Mildura,VIC,11,185799519,R11 1790m Pace M,185799520,Harness,1790,Pace,5780296,1,Havelock,LOSER,13.11,LOSER,2.33,244.56,18,10.5,14,15.51,308.44,900,13,900,60.51,67.63,745.88,2.7,2.32,2.32,2.36,120.49,16,17.5,0.96,0.97
30/07/2021,6:03:00 PM,6:03:58 PM,Mildura,VIC,11,185799519,R11 1790m Pace M,185799520,Harness,1790,Pace,40363719,2,Cemetery Bay,LOSER,24,WINNER,3.4,235.35,25,10,21,19,208.23,420,5.6,140,22.5,55.36,291.49,3.15,2.38,3.1,2.78,42.24,20,24,0.96,0.97
30/07/2021,6:03:00 PM,6:03:58 PM,Mildura,VIC,11,185799519,R11 1790m Pace M,185799520,Harness,1790,Pace,40363720,3,Agent Callan,LOSER,71.9,WINNER,6.5,76.91,100,40,70,71.98,45.1,1000,8.2,90,88.07,37.9,149.75,4.8,4.7,4.7,4.73,5.27,90,110,0.96,0.97
30/07/2021,6:03:00 PM,6:03:58 PM,Mildura,VIC,11,185799519,R11 1790m Pace M,185799520,Harness,1790,Pace,40363721,4,Auckland Lass,LOSER,117.54,LOSER,11.3,64.31,180,95,120,119.44,22.92,690,65,180,137.85,22.45,103.47,9.6,9.6,9.6,9.6,7.6,120,130,0.96,0.97
30/07/2021,6:03:00 PM,6:03:58 PM,Mildura,VIC,11,185799519,R11 1790m Pace M,185799520,Harness,1790,Pace,28430046,5,Giannis Ay Macray,LOSER,12.5,LOSER,2.25,433.3,15,9.6,12.5,12.14,404.4,690,6.4,490,27.42,110.62,883.31,2.44,2.24,2.4,2.33,93.26,12,13,0.96,0.97
30/07/2021,6:03:00 PM,6:03:58 PM,Mildura,VIC,11,185799519,R11 1790m Pace M,185799520,Harness,1790,Pace,40363722,6,Mamma Kass,LOSER,80,LOSER,278.5,61.79,180,29,180,83.44,91.79,1000,190,1000,445.62,6.14,,560,5.1,560,86.82,17.01,42,70,0.96,0.97
30/07/2021,6:03:00 PM,6:03:58 PM,Mildura,VIC,11,185799519,R11 1790m Pace M,185799520,Harness,1790,Pace,40363723,7,Pennies Following,LOSER,61.45,LOSER,5.6,76.95,110,40,60,62.9,57.58,1000,8.2,1000,113.16,22.49,105.77,4.7,4.6,4.7,4.69,5.33,65,70,0.96,0.97
30/07/2021,6:03:00 PM,6:03:58 PM,Mildura,VIC,11,185799519,R11 1790m Pace M,185799520,Harness,1790,Pace,39890271,8,Cherokee Joe,WINNER,1.36,WINNER,1.11,3547.14,2.16,1.36,1.36,1.44,15515.1,1.99,1.01,1.04,1.28,7544.99,1773.56,1.29,1.08,1.09,1.11,2499.71,1.49,1.39,0.96,0.97
30/07/2021,6:03:00 PM,6:03:58 PM,Mildura,VIC,11,185799519,R11 1790m Pace M,185799520,Harness,1790,Pace,40112088,9,Kitch Macray,LOSER,46.71,LOSER,5.7,107.78,60,19.5,48,44.35,80.93,690,28,690,55.46,33.07,326.59,4.3,3.85,4.3,3.99,41.43,46,55,0.96,0.97
30/07/2021,6:03:00 PM,6:03:58 PM,Mildura,VIC,11,185799519,R11 1790m Pace M,185799520,Harness,1790,Pace,40363724,10,Trebek,LOSER,93.62,LOSER,10.47,66.41,170,50,95,75.07,192.57,790,90,100,119.13,23.31,110.61,11.5,7.8,9.6,10.27,255.3,65,75,0.96,0.97
30/07/2021,5:10:00 PM,5:10:42 PM,Newcastle,NSW,1,185781631,R1 1609m Pace M,185781632,Harness,1609,Pace,23401729,1,Ultra Bliss,LOSER,4.96,WINNER,,1037.01,4.9,2.24,4.6,3.9,5637.48,140,2.5,130,5.41,454.05,,1.97,1.31,1.97,1.69,507.77,4.6,4.9,1.04,0.94
30/07/2021,5:10:00 PM,5:10:42 PM,Newcastle,NSW,1,185781631,R1 1609m Pace M,185781632,Harness,1609,Pace,27132929,2,Ruby Baby,LOSER,11.5,LOSER,,565.15,16.5,10.5,12.5,13.08,301.19,780,8.8,780,28.92,128.71,,3.4,2.82,2.84,3.01,83.69,12,14,1.04,0.94
30/07/2021,5:10:00 PM,5:10:42 PM,Newcastle,NSW,1,185781631,R1 1609m Pace M,185781632,Harness,1609,Pace,27290030,3,Huey Lewis,LOSER,23,LOSER,,257.11,42,13.5,28,30.61,143.25,780,19.5,300,33.23,85.51,,3.8,3.6,3.75,3.73,3.48,26,30,1.04,0.94
30/07/2021,5:10:00 PM,5:10:42 PM,Newcastle,NSW,1,185781631,R1 1609m Pace M,185781632,Harness,1609,Pace,1309906,4,Pops Boy,WINNER,2.41,WINNER,,1827.07,3.2,1.99,2.3,2.2,7166.6,2.66,1.01,1.01,1.38,3701.6,,1.26,1.21,1.24,1.23,53.97,2.14,2.36,1.04,0.94
30/07/2021,5:10:00 PM,5:10:42 PM,Newcastle,NSW,1,185781631,R1 1609m Pace M,185781632,Harness,1609,Pace,20232649,5,Mammals Riddle,LOSER,11.03,LOSER,,416.19,19.5,9.6,11.5,13.51,433.66,480,3.15,480,27.91,158.38,,3,2.36,2.68,2.9,47.75,11.5,13,1.04,0.94
30/07/2021,5:10:00 PM,5:10:42 PM,Newcastle,NSW,1,185781631,R1 1609m Pace M,185781632,Harness,1609,Pace,573934,6,Bite The Bullet,LOSER,10.92,WINNER,,527.36,28,11,11,15.08,551.45,490,10,480,19.37,92.91,,3.6,2.72,3,3.03,16.87,14.5,15.5,1.04,0.94
30/07/2021,5:10:00 PM,5:10:42 PM,Newcastle,NSW,1,185781631,R1 1609m Pace M,185781632,Harness,1609,Pace,22847092,7,Showem Simon,LOSER,220.2,LOSER,,69.87,300,80,250,156.2,37.39,700,220,700,312.47,5.85,,32,19.5,19.5,31.71,15.52,190,210,1.04,0.94
30/07/2021,5:10:00 PM,5:10:42 PM,Newcastle,NSW,1,185781631,R1 1609m Pace M,185781632,Harness,1609,Pace,11866087,8,Lightning Bob,LOSER,13.65,LOSER,,372.94,17.5,10.5,16.5,14.73,230.76,490,12.5,490,25.61,117.54,,3.6,3.15,3.15,3.19,7.27,14,16,1.04,0.94
30/07/2021,5:40:00 PM,5:40:23 PM,Newcastle,NSW,2,185781633,R2 1609m Pace M,185781634,Harness,1609,Pace,27592402,1,Blazing Shannon,WINNER,3.61,WINNER,,1404.04,4.7,2.98,3.75,3.32,6075.84,6.4,1.01,1.01,1.74,3134.96,,1.62,1.45,1.59,1.51,399.57,3.45,3.4,1.05,0.98
30/07/2021,5:40:00 PM,5:40:23 PM,Newcastle,NSW,2,185781633,R2 1609m Pace M,185781634,Harness,1609,Pace,14120186,2,Misterfire,LOSER,19.46,LOSER,,221.05,30,10.5,27,19.25,292.43,780,19,490,50.43,58.17,,7.6,3.55,3.95,3.95,50.22,18.5,26,1.05,0.98
30/07/2021,5:40:00 PM,5:40:23 PM,Newcastle,NSW,2,185781633,R2 1609m Pace M,185781634,Harness,1609,Pace,13220616,3,Buddy Claydon,LOSER,19.89,LOSER,,240.48,32,16.5,29,23.65,205.07,780,19.5,780,46.36,49.16,,4.8,4.5,4.8,4.64,14.62,21,28,1.05,0.98
30/07/2021,5:40:00 PM,5:40:23 PM,Newcastle,NSW,2,185781633,R2 1609m Pace M,185781634,Harness,1609,Pace,37228342,4,Roclea Ruler,LOSER,10.12,LOSER,,654.42,15.5,7.2,11,11.61,626.63,780,7.6,490,20.04,129.62,,3,2.8,2.82,2.83,42.9,10,11.5,1.05,0.98
30/07/2021,5:40:00 PM,5:40:23 PM,Newcastle,NSW,2,185781633,R2 1609m Pace M,185781634,Harness,1609,Pace,27973245,5,Soho Brandenburg,LOSER,3.1,LOSER,,2259.69,4.9,3.15,3.25,3.82,2805.57,880,2.32,880,5.96,1012.79,,1.8,1.57,1.57,1.61,12.62,3.65,3.9,1.05,0.98
30/07/2021,5:40:00 PM,5:40:23 PM,Newcastle,NSW,2,185781633,R2 1609m Pace M,185781634,Harness,1609,Pace,20414156,6,Our Chance Todream,LOSER,24.19,LOSER,,208.61,34,12,34,23.12,172.28,780,18.5,690,52.25,56.4,,4.4,4.3,4.4,4.34,10,23,27,1.05,0.98
30/07/2021,5:40:00 PM,5:40:23 PM,Newcastle,NSW,2,185781633,R2 1609m Pace M,185781634,Harness,1609,Pace,21530600,7,Cc Jones,LOSER,53.32,LOSER,,168.03,90,19.5,85,45,93.55,750,38,750,84.47,49.38,,11,6.4,11,9.19,9.91,55,60,1.05,0.98
30/07/2021,5:40:00 PM,5:40:23 PM,Newcastle,NSW,2,185781633,R2 1609m Pace M,185781634,Harness,1609,Pace,31196804,8,Rocknroll Swinger,LOSER,8.56,WINNER,,587.76,10,6.2,9.4,8.16,644.7,140,1.13,90,4.01,1162.3,,3.1,2.4,2.4,2.51,1.35,8.8,9.2,1.05,0.98
30/07/2021,5:40:00 PM,5:40:23 PM,Newcastle,NSW,2,185781633,R2 1609m Pace M,185781634,Harness,1609,Pace,13388425,9,Brexitt,LOSER,7.91,WINNER,,689.87,14,7.4,8.4,8.82,1032.29,690,6.4,490,16.7,138.33,,4.1,2.16,2.22,2.37,1122.35,8.8,9.2,1.05,0.98
30/07/2021,6:13:00 PM,6:13:26 PM,Newcastle,NSW,3,185781635,R3 1609m Pace M,185781636,Harness,1609,Pace,39519134,1,Samuel John,LOSER,124.27,LOSER,,77.14,180,70,140,125.61,38.63,790,90,700,166.58,7.53,,8.6,6,8.6,7.46,22.06,100,120,1.02,0.95
30/07/2021,6:13:00 PM,6:13:26 PM,Newcastle,NSW,3,185781635,R3 1609m Pace M,185781636,Harness,1609,Pace,38553647,2,Skyfall Benchmark,WINNER,1.71,WINNER,,3490.96,2.08,1.64,1.72,1.81,9252.57,3.1,1.01,1.01,1.61,3046.19,,1.29,1.2,1.23,1.25,648.7,1.71,1.75,1.02,0.95
30/07/2021,6:13:00 PM,6:13:26 PM,Newcastle,NSW,3,185781635,R3 1609m Pace M,185781636,Harness,1609,Pace,38686828,3,Ideal Mondo,LOSER,10,WINNER,,437.67,12.5,8,10.5,10.23,406.13,780,7.6,780,15.46,333.22,,2.46,2.02,2.02,2.05,151.15,11.5,12,1.02,0.95
30/07/2021,6:13:00 PM,6:13:26 PM,Newcastle,NSW,3,185781635,R3 1609m Pace M,185781636,Harness,1609,Pace,38848075,4,Iambecauseofyou,LOSER,5.9,WINNER,,918.42,6.2,4.8,5.8,5.59,403.04,130,1.51,100,3.42,971.53,,1.99,1.67,1.88,1.85,111.02,5.7,6.2,1.02,0.95
30/07/2021,6:13:00 PM,6:13:26 PM,Newcastle,NSW,3,185781635,R3 1609m Pace M,185781636,Harness,1609,Pace,19506029,5,Write About Her,LOSER,37.76,LOSER,,109.68,44,18,38,26.63,202.28,780,25,780,39.15,66.46,,4,3.25,4,3.58,1.96,36,50,1.02,0.95
30/07/2021,6:13:00 PM,6:13:26 PM,Newcastle,NSW,3,185781635,R3 1609m Pace M,185781636,Harness,1609,Pace,25864991,6,Rocknroll Tony,LOSER,80,LOSER,,104.46,130,70,85,85.08,16.63,690,50,690,97.63,12.6,,12,12,12,12,5,80,100,1.02,0.95
30/07/2021,6:13:00 PM,6:13:26 PM,Newcastle,NSW,3,185781635,R3 1609m Pace M,185781636,Harness,1609,Pace,16385188,7,Wallaroy Boy,LOSER,203.2,LOSER,,48.02,340,90,180,154.06,24.71,700,170,700,603.36,0.72,,,,,,,110,330,1.02,0.95
30/07/2021,6:13:00 PM,6:13:26 PM,Newcastle,NSW,3,185781635,R3 1609m Pace M,185781636,Harness,1609,Pace,26813941,8,Sunny Town,LOSER,48.15,LOSER,,97.28,75,44,50,53.4,48.06,780,42,780,90.2,7.12,,,,,,,46,75,1.02,0.95
30/07/2021,6:13:00 PM,6:13:26 PM,Newcastle,NSW,3,185781635,R3 1609m Pace M,185781636,Harness,1609,Pace,19283335,10,Nifty Studleigh,LOSER,10.5,LOSER,,408.27,12.5,8.6,12,10.84,331.55,780,8,780,43.86,68.5,,2.5,1.96,2.3,2.41,99.14,11,12.5,1.02,0.95
30/07/2021,6:42:00 PM,6:42:40 PM,Newcastle,NSW,4,185781637,R4 2030m Pace M,185781638,Harness,2030,Pace,24826178,1,Azur Express,LOSER,8.6,LOSER,,578.97,10.5,5,9.6,8.11,957.26,1000,2.56,1000,16.8,201.41,,2.7,2.04,2.32,2.42,398.63,8.2,9.6,1.06,0.97
30/07/2021,6:42:00 PM,6:42:40 PM,Newcastle,NSW,4,185781637,R4 2030m Pace M,185781638,Harness,2030,Pace,2538478,2,Sergei,LOSER,32.84,LOSER,,168.16,44,27,44,34.15,218.2,690,16,300,44.42,30.93,,,,,,,30,36,1.06,0.97
30/07/2021,6:42:00 PM,6:42:40 PM,Newcastle,NSW,4,185781637,R4 2030m Pace M,185781638,Harness,2030,Pace,25091520,3,The Choreographer,LOSER,2.81,LOSER,,4932.72,4.9,3.05,3.2,3.56,4926.16,690,2.66,490,3.89,1438.75,,1.78,1.56,1.71,1.71,606.9,3.55,3.6,1.06,0.97
30/07/2021,6:42:00 PM,6:42:40 PM,Newcastle,NSW,4,185781637,R4 2030m Pace M,185781638,Harness,2030,Pace,17439673,4,Mondooley Heaven,LOSER,23.81,LOSER,,217.67,48,17,24,27.35,395.97,690,42,300,91.32,5.44,,6,5,5.8,5.62,88.93,30,32,1.06,0.97
30/07/2021,6:42:00 PM,6:42:40 PM,Newcastle,NSW,4,185781637,R4 2030m Pace M,185781638,Harness,2030,Pace,40363512,5,Itz Georgiaonmymind,LOSER,19.51,LOSER,,234.86,23,12,17.5,16.97,669.21,900,10.5,690,63.79,93.75,,3.95,3.45,3.8,3.61,83.49,17.5,21,1.06,0.97
30/07/2021,6:42:00 PM,6:42:40 PM,Newcastle,NSW,4,185781637,R4 2030m Pace M,185781638,Harness,2030,Pace,20482518,6,Our Dream To Reality,LOSER,292.11,LOSER,,30.2,410,140,380,229.31,31.94,700,280,700,346.32,4.55,,22,22,22,22,5,220,350,1.06,0.97
30/07/2021,6:42:00 PM,6:42:40 PM,Newcastle,NSW,4,185781637,R4 2030m Pace M,185781638,Harness,2030,Pace,13220621,7,Master Catch,LOSER,6.62,WINNER,,627.79,8.6,5.2,6.2,6.11,2138.73,1000,1.81,1000,8.7,868.69,,2.1,2.08,2.08,2.08,50,5.7,6.2,1.06,0.97
30/07/2021,6:42:00 PM,6:42:40 PM,Newcastle,NSW,4,185781637,R4 2030m Pace M,185781638,Harness,2030,Pace,24074958,8,Major Bob,WINNER,4.7,WINNER,,1037.28,5.5,3.8,4.4,4.17,3440.91,12,1.01,1.01,1.79,3655.2,,2.08,1.7,1.9,1.81,81.01,4.2,4.4,1.06,0.97
30/07/2021,6:42:00 PM,6:42:40 PM,Newcastle,NSW,4,185781637,R4 2030m Pace M,185781638,Harness,2030,Pace,2316584,9,Sky Diamond,LOSER,48.75,LOSER,,165.48,90,23,80,47.11,217.65,690,27,690,49.85,37.81,,8.6,5.6,8.6,6.24,94.78,44,50,1.06,0.97
30/07/2021,6:42:00 PM,6:42:40 PM,Newcastle,NSW,4,185781637,R4 2030m Pace M,185781638,Harness,2030,Pace,17020711,10,Its Allabout Alice,LOSER,13.59,WINNER,,343.65,13.5,7.2,13.5,10.4,940.45,690,13,690,22.8,145.79,,3.1,2.6,2.74,2.81,135.7,11.5,13.5,1.06,0.97
30/07/2021,7:10:00 PM,7:10:52 PM,Newcastle,NSW,5,185781639,R5 1609m Pace M,185781640,Harness,1609,Pace,24339254,1,Illgiveuadaisyaday,WINNER,1.68,WINNER,,4095.39,2.18,1.8,1.81,1.92,7268.96,1.89,1.01,1.01,1.25,6797.68,,1.31,1.19,1.29,1.26,218.48,1.94,1.99,1.02,0.98
30/07/2021,7:10:00 PM,7:10:52 PM,Newcastle,NSW,5,185781639,R5 1609m Pace M,185781640,Harness,1609,Pace,27767855,3,Waiting For Love,LOSER,20.59,WINNER,,326.67,18.5,14,18,15.86,110.28,1000,5.6,1000,44.33,85.38,,3.65,2.62,2.94,2.79,358.55,16.5,17.5,1.02,0.98
30/07/2021,7:10:00 PM,7:10:52 PM,Newcastle,NSW,5,185781639,R5 1609m Pace M,185781640,Harness,1609,Pace,35909525,4,Magic Shoos,LOSER,45.06,LOSER,,100.81,95,44,65,51.39,41.87,780,26,26,149.87,20.33,,,,,,,48,65,1.02,0.98
30/07/2021,7:10:00 PM,7:10:52 PM,Newcastle,NSW,5,185781639,R5 1609m Pace M,185781640,Harness,1609,Pace,19541699,5,Louth Park Watch,LOSER,9.93,WINNER,,404.13,13,7.2,10,11.14,478.67,1000,6,1000,57.33,48.95,,2.8,2.8,2.8,2.8,9.36,11.5,12,1.02,0.98
30/07/2021,7:10:00 PM,7:10:52 PM,Newcastle,NSW,5,185781639,R5 1609m Pace M,185781640,Harness,1609,Pace,25190260,6,Hasler,LOSER,7.33,LOSER,,519.14,6.8,4.6,6.8,5.51,1532.11,1000,5.9,1000,17.16,562.34,,1.81,1.6,1.81,1.65,172.02,5.2,5.4,1.02,0.98
30/07/2021,7:10:00 PM,7:10:52 PM,Newcastle,NSW,5,185781639,R5 1609m Pace M,185781640,Harness,1609,Pace,5828626,7,Eagle Falls,LOSER,17.17,LOSER,,328.97,21,10.5,15,15.18,147.22,1000,15.5,1000,89.58,34.72,,2.8,2.8,2.8,2.8,5,15.5,16.5,1.02,0.98
30/07/2021,7:10:00 PM,7:10:52 PM,Newcastle,NSW,5,185781639,R5 1609m Pace M,185781640,Harness,1609,Pace,26207247,9,Miss Trocadero,LOSER,52.51,LOSER,,83.21,85,46,70,57.32,44.21,1000,44,1000,176.05,16.68,,6.6,5.4,6.2,5.63,70.39,50,55,1.02,0.98
30/07/2021,7:10:00 PM,7:10:52 PM,Newcastle,NSW,5,185781639,R5 1609m Pace M,185781640,Harness,1609,Pace,13488526,10,Roll With Annie,LOSER,15.62,LOSER,,324.1,26,15,16.5,16.83,116.05,1000,11,1000,49.33,80.1,,2.92,2.8,2.8,2.86,39.27,16,17,1.02,0.98
30/07/2021,7:42:00 PM,7:42:22 PM,Newcastle,NSW,6,185781641,R6 1609m Pace M,185781642,Harness,1609,Pace,28309627,1,Rosarito Rock,LOSER,18.96,LOSER,,254.99,22,11,18.5,17.2,210.37,1000,8.4,1000,154.79,44.33,,2.8,2.18,2.38,2.31,289.86,18,21,1.04,0.99
30/07/2021,7:42:00 PM,7:42:22 PM,Newcastle,NSW,6,185781641,R6 1609m Pace M,185781642,Harness,1609,Pace,21912599,2,Bettor B Nice,LOSER,58.92,LOSER,,85.84,130,55,60,70.33,14.58,1000,44,1000,95.72,31.24,,,,,,,65,85,1.04,0.99
30/07/2021,7:42:00 PM,7:42:22 PM,Newcastle,NSW,6,185781641,R6 1609m Pace M,185781642,Harness,1609,Pace,11037032,3,Zac Mccool,LOSER,70,LOSER,,73.18,80,38,65,56.6,47.33,1000,55,1000,166.87,3.19,,,,,,,65,80,1.04,0.99
30/07/2021,7:42:00 PM,7:42:22 PM,Newcastle,NSW,6,185781641,R6 1609m Pace M,185781642,Harness,1609,Pace,13283260,4,Tapthekeg,LOSER,14.8,WINNER,,196.55,18.5,10.5,15,12.59,215.41,1000,6,1000,49.59,226.97,,,,,,,12.5,14,1.04,0.99
30/07/2021,7:42:00 PM,7:42:22 PM,Newcastle,NSW,6,185781641,R6 1609m Pace M,185781642,Harness,1609,Pace,17668168,5,Yesnomaybeso,WINNER,3.05,WINNER,,1225.61,3.55,2.7,3.05,3.05,1380.98,2.82,1.01,1.01,1.48,4046.3,,1.37,1.27,1.3,1.32,492.22,3.15,3.25,1.04,0.99
30/07/2021,7:42:00 PM,7:42:22 PM,Newcastle,NSW,6,185781641,R6 1609m Pace M,185781642,Harness,1609,Pace,16124583,6,Grosestar,LOSER,2.18,WINNER,,2441.48,2.88,1.97,2.14,2.11,4879.78,490,2.08,490,3.96,756.19,,1.23,1.17,1.2,1.2,671.06,2,2.02,1.04,0.99
30/07/2021,7:42:00 PM,7:42:22 PM,Newcastle,NSW,6,185781641,R6 1609m Pace M,185781642,Harness,1609,Pace,9465534,7,Sultan Fella,LOSER,44,LOSER,,91.58,60,29,44,41.09,73.38,1000,28,1000,41.25,36.4,,,,,,,42,50,1.04,0.99
30/07/2021,7:42:00 PM,7:42:22 PM,Newcastle,NSW,6,185781641,R6 1609m Pace M,185781642,Harness,1609,Pace,8528034,8,Scotlynn Jiggs,LOSER,28.03,LOSER,,182.61,50,20,27,34.24,96.41,1000,15,1000,46.07,47.17,,4.1,4,4.1,4.08,22,30,36,1.04,0.99
30/07/2021,8:12:00 PM,8:12:40 PM,Newcastle,NSW,7,185781643,R7 1609m Pace M,185781644,Harness,1609,Pace,28253040,1,Mystic Eagle,LOSER,90,LOSER,,64.22,130,42,130,67.45,67.4,690,85,690,236.17,2.78,,9.2,8.4,9.2,8.87,25,70,110,1.05,0.99
30/07/2021,8:12:00 PM,8:12:40 PM,Newcastle,NSW,7,185781643,R7 1609m Pace M,185781644,Harness,1609,Pace,38848065,2,Takeme Tothe Beach,LOSER,23.88,WINNER,,299.4,40,20,23,24.5,461.2,690,5.8,690,24.22,41.53,,5.3,4.8,5,4.98,146.31,26,29,1.05,0.99
30/07/2021,8:12:00 PM,8:12:40 PM,Newcastle,NSW,7,185781643,R7 1609m Pace M,185781644,Harness,1609,Pace,28737944,3,Mannho,LOSER,2.2,LOSER,,3227.65,3.2,2.04,2.2,2.25,14170.95,490,2.32,490,6.67,846.26,,1.55,1.31,1.37,1.43,412.27,2.1,2.12,1.05,0.99
30/07/2021,8:12:00 PM,8:12:40 PM,Newcastle,NSW,7,185781643,R7 1609m Pace M,185781644,Harness,1609,Pace,12462445,4,Sunday Sesh,LOSER,36,LOSER,,144.06,42,22,34,26.16,161.77,140,1.22,130,7,177.98,,4.4,3.15,4.3,4.07,79,25,29,1.05,0.99
30/07/2021,8:12:00 PM,8:12:40 PM,Newcastle,NSW,7,185781643,R7 1609m Pace M,185781644,Harness,1609,Pace,37454805,5,My Classy Mate,LOSER,12.69,LOSER,,330.9,22,12,12.5,13.82,876.97,490,8.4,490,23.47,42.38,,3.4,3.4,3.4,3.4,0.24,12.5,14,1.05,0.99
30/07/2021,8:12:00 PM,8:12:40 PM,Newcastle,NSW,7,185781643,R7 1609m Pace M,185781644,Harness,1609,Pace,12580967,6,Fantasy Money,LOSER,4.29,WINNER,,1523.66,6,3.9,4.6,4.99,2830.5,140,1.42,140,3.29,510.07,,1.84,1.52,1.78,1.61,82.24,5.3,5.6,1.05,0.99
30/07/2021,8:12:00 PM,8:12:40 PM,Newcastle,NSW,7,185781643,R7 1609m Pace M,185781644,Harness,1609,Pace,25463716,7,Classic Arc,LOSER,9.74,LOSER,,482.13,14.5,9.4,10.5,10.2,604.61,490,5.7,490,32.61,36.93,,2.78,2.46,2.78,2.47,14.42,9.4,10,1.05,0.99
30/07/2021,8:12:00 PM,8:12:40 PM,Newcastle,NSW,7,185781643,R7 1609m Pace M,185781644,Harness,1609,Pace,1417332,8,Rococo,WINNER,28,WINNER,,222.75,75,14.5,28,33.13,308.54,50,1.01,1.02,1.37,1220.9,,7.6,6.6,6.8,7.3,19.33,50,75,1.05,0.99
30/07/2021,8:12:00 PM,8:12:40 PM,Newcastle,NSW,7,185781643,R7 1609m Pace M,185781644,Harness,1609,Pace,9332710,9,Sky Operative,LOSER,25,LOSER,,200.41,32,15,25,23.91,184.98,940,22,690,45.02,32.72,,4.2,4.1,4.2,4.16,13.32,24,28,1.05,0.99
30/07/2021,8:12:00 PM,8:12:40 PM,Newcastle,NSW,7,185781643,R7 1609m Pace M,185781644,Harness,1609,Pace,35896596,10,Favouritehighlight,LOSER,21.18,LOSER,,216.55,28,9.4,26,21.29,211.91,690,30,300,108.09,4.75,,4.6,4.6,4.6,4.6,8,23,25,1.05,0.99
30/07/2021,8:42:00 PM,8:42:38 PM,Newcastle,NSW,8,185781645,R8 1609m Pace M,185781646,Harness,1609,Pace,35695577,1,Mister Operative,LOSER,19.85,LOSER,,229.32,28,11.5,19,18.02,273.86,780,22,480,57.67,34.16,,3.9,3.65,3.9,3.73,143.79,18.5,21,1.02,0.98
30/07/2021,8:42:00 PM,8:42:38 PM,Newcastle,NSW,8,185781645,R8 1609m Pace M,185781646,Harness,1609,Pace,23202290,2,Lovelaine,LOSER,3.59,WINNER,,1096.19,4.9,3,3.6,3.56,2572.24,1000,1.54,130,7.32,1353.56,,1.8,1.5,1.76,1.76,793.4,3.75,3.85,1.02,0.98
30/07/2021,8:42:00 PM,8:42:38 PM,Newcastle,NSW,8,185781645,R8 1609m Pace M,185781646,Harness,1609,Pace,11612913,3,Cozzas Grin,LOSER,80,WINNER,,60.74,120,42,80,63.16,103.21,1000,38,1000,158.85,12.93,,9.4,9,9,9.2,7.57,70,75,1.02,0.98
30/07/2021,8:42:00 PM,8:42:38 PM,Newcastle,NSW,8,185781645,R8 1609m Pace M,185781646,Harness,1609,Pace,20044650,4,Breezer Boy,WINNER,2.73,WINNER,,811.31,3.45,2.34,2.8,2.8,4397.2,3.2,1.01,1.01,1.61,4058.1,,1.59,1.45,1.45,1.46,84.76,2.96,3,1.02,0.98
30/07/2021,8:42:00 PM,8:42:38 PM,Newcastle,NSW,8,185781645,R8 1609m Pace M,185781646,Harness,1609,Pace,38707079,5,Walmara,LOSER,19.52,LOSER,,203.54,29,12,19.5,19.21,168.91,780,6.6,480,55.48,62.75,,,,,,,17.5,21,1.02,0.98
30/07/2021,8:42:00 PM,8:42:38 PM,Newcastle,NSW,8,185781645,R8 1609m Pace M,185781646,Harness,1609,Pace,21695366,7,Shes Heavenly,LOSER,44,LOSER,,124.95,50,21,48,34.54,108.48,780,21,780,83.14,44.53,,5.6,5.6,5.6,5.6,9,34,38,1.02,0.98
30/07/2021,8:42:00 PM,8:42:38 PM,Newcastle,NSW,8,185781645,R8 1609m Pace M,185781646,Harness,1609,Pace,19463916,8,Cameos Kiwi,LOSER,24.97,LOSER,,145.76,30,18.5,24,24.58,293.06,690,44,690,86.71,21.25,,,,,,,21,22,1.02,0.98
30/07/2021,8:42:00 PM,8:42:38 PM,Newcastle,NSW,8,185781645,R8 1609m Pace M,185781646,Harness,1609,Pace,12822256,9,Casual River,LOSER,5.85,LOSER,,803.72,13,5.2,6,7.5,1163.82,690,5.4,130,13.15,184.92,,2.52,2.04,2.04,2.11,51.22,7.4,7.8,1.02,0.98
30/07/2021,8:42:00 PM,8:42:38 PM,Newcastle,NSW,8,185781645,R8 1609m Pace M,185781646,Harness,1609,Pace,11298337,10,Cloudin Up,LOSER,11.5,LOSER,,297.1,24,11.5,11.5,14.37,777.69,780,10.5,480,43.75,53.77,,,,,,,13,13.5,1.02,0.98
30/07/2021,9:12:00 PM,9:12:50 PM,Newcastle,NSW,9,185781647,R9 1609m Pace M,185781648,Harness,1609,Pace,38848100,1,Louigi,LOSER,20.84,WINNER,,142.98,30,13.5,15.5,18.5,293.28,60,2,60,12.45,232.37,,3.45,3.45,3.45,3.45,5,19,24,1.04,0.99
30/07/2021,9:12:00 PM,9:12:50 PM,Newcastle,NSW,9,185781647,R9 1609m Pace M,185781648,Harness,1609,Pace,39879766,2,Spirit Inside,LOSER,4.4,WINNER,,1446.39,5.5,3.45,4.6,4.19,2087.56,44,2.4,44,3.89,788.25,,1.65,1.4,1.49,1.57,912.59,4.6,5,1.04,0.99
30/07/2021,9:12:00 PM,9:12:50 PM,Newcastle,NSW,9,185781647,R9 1609m Pace M,185781648,Harness,1609,Pace,40363513,3,Glenfrankie,LOSER,36.57,LOSER,,148.78,110,29,42,40.72,168.37,70,15.5,60,35.03,43.88,,5,4.5,5,4.74,48.79,29,32,1.04,0.99
30/07/2021,9:12:00 PM,9:12:50 PM,Newcastle,NSW,9,185781647,R9 1609m Pace M,185781648,Harness,1609,Pace,40186642,4,Sweetly Spoken,LOSER,17.46,LOSER,,211.29,22,14,15.5,17.2,181.02,690,5.7,690,29.96,157.23,,3.3,2.92,2.92,2.97,0.26,17.5,18.5,1.04,0.99
30/07/2021,9:12:00 PM,9:12:50 PM,Newcastle,NSW,9,185781647,R9 1609m Pace M,185781648,Harness,1609,Pace,40363514,5,Artful Babe,WINNER,8.77,WINNER,,356.47,9.2,5.8,8.8,7.82,494.57,16.5,1.06,1.07,2.09,308.48,,2.1,1.86,1.97,1.99,104.86,8,8.2,1.04,0.99
30/07/2021,9:12:00 PM,9:12:50 PM,Newcastle,NSW,9,185781647,R9 1609m Pace M,185781648,Harness,1609,Pace,38416643,6,Siangdi,LOSER,1.9,LOSER,,4439.83,2.9,1.91,2.28,2.21,8382.82,490,1.65,490,2.61,2826.94,,1.42,1.22,1.37,1.32,245.46,2.04,2.08,1.04,0.99
30/07/2021,9:12:00 PM,9:12:50 PM,Newcastle,NSW,9,185781647,R9 1609m Pace M,185781648,Harness,1609,Pace,40363515,7,Carrara Babe,LOSER,167.14,LOSER,,18.38,210,85,130,133.98,25.69,850,110,700,275.34,3.39,,,,,,,110,120,1.04,0.99
30/07/2021,9:12:00 PM,9:12:50 PM,Newcastle,NSW,9,185781647,R9 1609m Pace M,185781648,Harness,1609,Pace,40363516,8,Roclea Image,LOSER,18.33,LOSER,,192.39,29,15,18,18.42,213.8,190,8.2,190,22.52,87.73,,3.55,3.3,3.5,3.35,76.6,19.5,20,1.04,0.99
30/07/2021,6:55:00 PM,6:55:58 PM,Parkes,NSW,1,185798775,R1 1660m Pace M,185798776,Harness,1660,Pace,40365324,1,Beatboxer,LOSER,2.82,LOSER,,1168.35,3.2,2.3,2.86,2.75,7186.51,690,2.64,690,6.33,1239.06,,1.51,1.32,1.44,1.45,103.55,2.68,2.98,1.03,0.96
30/07/2021,6:55:00 PM,6:55:58 PM,Parkes,NSW,1,185798775,R1 1660m Pace M,185798776,Harness,1660,Pace,14582821,3,Harley James,LOSER,64.58,WINNER,,108.83,170,70,120,82.65,116.87,690,2.32,690,35.06,65.79,,10.5,10,10,10.21,25.48,75,80,1.03,0.96
30/07/2021,6:55:00 PM,6:55:58 PM,Parkes,NSW,1,185798775,R1 1660m Pace M,185798776,Harness,1660,Pace,13739877,4,Kempley Princess,WINNER,23.74,WINNER,,282.58,70,24,26,27.01,289.68,38,1.01,1.01,2.63,1504.62,,5.1,5,5,5.03,24.51,32,27,1.03,0.96
30/07/2021,6:55:00 PM,6:55:58 PM,Parkes,NSW,1,185798775,R1 1660m Pace M,185798776,Harness,1660,Pace,24417540,5,Rocco Variety,LOSER,9.4,LOSER,,396.53,19.5,9,9.4,11.04,795.74,690,5.4,490,22.57,110.16,,3.05,2.42,2.42,2.54,55.05,11,12.5,1.03,0.96
30/07/2021,6:55:00 PM,6:55:58 PM,Parkes,NSW,1,185798775,R1 1660m Pace M,185798776,Harness,1660,Pace,39528423,6,Caribbean Pat,LOSER,78.07,LOSER,,87.82,120,50,110,66.39,79.65,690,70,690,116.02,25.53,,,,,,,60,70,1.03,0.96
30/07/2021,6:55:00 PM,6:55:58 PM,Parkes,NSW,1,185798775,R1 1660m Pace M,185798776,Harness,1660,Pace,23331631,7,Sporty Mickilla,LOSER,11.78,WINNER,,255.16,13.5,7.6,11,10.06,1203.63,690,6.2,490,25.03,79.53,,2.82,2,2.1,2.27,1741.98,9.6,10.5,1.03,0.96
30/07/2021,6:55:00 PM,6:55:58 PM,Parkes,NSW,1,185798775,R1 1660m Pace M,185798776,Harness,1660,Pace,23084651,8,The Handsome One,LOSER,3.8,LOSER,,1254.59,4.2,3.3,3.9,3.83,3217.95,1000,2.3,1000,9.08,886.67,,1.7,1.57,1.58,1.6,103.43,3.8,3.95,1.03,0.96
30/07/2021,6:55:00 PM,6:55:58 PM,Parkes,NSW,1,185798775,R1 1660m Pace M,185798776,Harness,1660,Pace,2674177,9,La Peregrina,LOSER,85.47,LOSER,,82.67,130,36,120,57.27,118.39,750,38,750,131.84,46.17,,6.2,6.2,6.2,6.2,18.95,70,75,1.03,0.96
30/07/2021,6:55:00 PM,6:55:58 PM,Parkes,NSW,1,185798775,R1 1660m Pace M,185798776,Harness,1660,Pace,10896782,10,Im Major Harry,LOSER,6.22,LOSER,,1217.96,9.6,6.2,7.2,7.46,1807.2,1000,2,1000,11.32,436.93,,2.56,2.08,2.08,2.27,85.13,8,8.4,1.03,0.96
30/07/2021,7:30:00 PM,7:31:04 PM,Parkes,NSW,2,185798777,R2 2040m Pace M,185798778,Harness,2040,Pace,7948433,1,Double Standards,LOSER,8.8,LOSER,,352.22,18.5,8.8,9.6,9.92,509.98,690,8,690,19.64,98.52,,2.96,2.82,2.86,2.85,222.44,9.4,9.6,1.07,0.96
30/07/2021,7:30:00 PM,7:31:04 PM,Parkes,NSW,2,185798777,R2 2040m Pace M,185798778,Harness,2040,Pace,27259388,2,Old Farm Way,LOSER,38.26,LOSER,,98.49,48,21,44,32.92,48.13,1000,7.4,690,40.28,40.56,,,,,,,29,32,1.07,0.96
30/07/2021,7:30:00 PM,7:31:04 PM,Parkes,NSW,2,185798777,R2 2040m Pace M,185798778,Harness,2040,Pace,8563571,3,Peggyville,LOSER,14.86,LOSER,,226.3,28,11,12.5,13.29,162.85,690,8,490,30.57,55.97,,,,,,,14,15,1.07,0.96
30/07/2021,7:30:00 PM,7:31:04 PM,Parkes,NSW,2,185798777,R2 2040m Pace M,185798778,Harness,2040,Pace,24527157,4,Warraderry,LOSER,6.07,LOSER,,590.79,8.8,5.7,6.2,7.09,236.42,690,5.1,490,22.25,82.35,,2.24,2.24,2.24,2.24,10,6.2,7,1.07,0.96
30/07/2021,7:30:00 PM,7:31:04 PM,Parkes,NSW,2,185798777,R2 2040m Pace M,185798778,Harness,2040,Pace,25522415,5,Four Starzzz Lil,LOSER,7.78,LOSER,,270.99,10,6.6,6.8,7.25,509.02,1000,6.8,1000,107.73,120.69,,2.6,2.6,2.6,2.6,800,7.6,8.6,1.07,0.96
30/07/2021,7:30:00 PM,7:31:04 PM,Parkes,NSW,2,185798777,R2 2040m Pace M,185798778,Harness,2040,Pace,13275893,6,Whiskiesonthebeach,LOSER,9.04,LOSER,,310.77,7.6,4.6,7.4,5.53,546.25,490,1.59,490,2.98,3926.15,,2.62,2.1,2.44,2.31,65.18,6.2,7,1.07,0.96
30/07/2021,7:30:00 PM,7:31:04 PM,Parkes,NSW,2,185798777,R2 2040m Pace M,185798778,Harness,2040,Pace,6920088,7,Promise To Rock,LOSER,21.79,LOSER,,189.86,42,22,25,28.64,62.2,690,15,300,48.23,34.21,,4.4,4.3,4.4,4.36,16,23,26,1.07,0.96
30/07/2021,7:30:00 PM,7:31:04 PM,Parkes,NSW,2,185798777,R2 2040m Pace M,185798778,Harness,2040,Pace,13738524,8,Goodtime Hero,WINNER,15,WINNER,,234.7,19,15.5,18.5,17.28,277.54,23,1.01,1.01,1.4,1498.71,,4.4,4.4,4.4,4.4,50,16,19,1.07,0.96
30/07/2021,7:30:00 PM,7:31:04 PM,Parkes,NSW,2,185798777,R2 2040m Pace M,185798778,Harness,2040,Pace,28546212,9,Itsallaboutned,LOSER,6,WINNER,,618.1,8,5.4,5.7,6.21,532.83,690,3,690,8.2,182.5,,2.26,2.24,2.24,2.25,43.26,6,6.2,1.07,0.96
30/07/2021,7:30:00 PM,7:31:04 PM,Parkes,NSW,2,185798777,R2 2040m Pace M,185798778,Harness,2040,Pace,28350675,10,Drive To The Beach,LOSER,8,WINNER,,505.94,10,5.1,8.2,7.84,255.69,490,6.6,120,28.08,120.7,,2.58,2.22,2.58,2.27,48.95,7.6,9.4,1.07,0.96
30/07/2021,7:58:00 PM,8:02:47 PM,Parkes,NSW,3,185798779,R3 1660m Pace M,185798780,Harness,1660,Pace,38196984,1,Jessejames Shannon,LOSER,136.94,LOSER,,62.91,200,48,150,85.23,108.26,700,36,700,85.09,10,,8.2,7.4,8,8,40,75,80,1.05,0.97
30/07/2021,7:58:00 PM,8:02:47 PM,Parkes,NSW,3,185798779,R3 1660m Pace M,185798780,Harness,1660,Pace,27885713,2,Lou Cee,LOSER,14.23,WINNER,,189.8,20,10,17,13.95,439.93,60,1.63,50,10.95,201.47,,3.2,3.1,3.2,3.13,40.18,13.5,15,1.05,0.97
30/07/2021,7:58:00 PM,8:02:47 PM,Parkes,NSW,3,185798779,R3 1660m Pace M,185798780,Harness,1660,Pace,38778814,3,Tackas Princess,LOSER,10.14,WINNER,,287.11,13.5,7.6,10.5,10.48,894.58,65,1.71,27,7.16,133.18,,3.65,2.5,2.64,2.64,162.18,11,13,1.05,0.97
30/07/2021,7:58:00 PM,8:02:47 PM,Parkes,NSW,3,185798779,R3 1660m Pace M,185798780,Harness,1660,Pace,28260767,4,Miss Nea Star,LOSER,263.12,LOSER,,57.79,800,26,580,76.55,362.43,1000,55,1000,428.27,49.52,,30,5.3,30,10.94,74.88,30,36,1.05,0.97
30/07/2021,7:58:00 PM,8:02:47 PM,Parkes,NSW,3,185798779,R3 1660m Pace M,185798780,Harness,1660,Pace,8742939,5,Rick,WINNER,4.9,WINNER,,455.79,10,4.8,5.4,6.2,1350.27,100,1.03,1.12,2.76,976.37,,2.44,2.02,2.02,2.18,70.77,6.8,7,1.05,0.97
30/07/2021,7:58:00 PM,8:02:47 PM,Parkes,NSW,3,185798779,R3 1660m Pace M,185798780,Harness,1660,Pace,36024177,6,Cullens Maori,LOSER,19.25,LOSER,,366.16,32,17.5,26,22.95,327.69,190,18.5,130,29.18,36.91,,4.6,4.3,4.3,4.4,20,22,24,1.05,0.97
30/07/2021,7:58:00 PM,8:02:47 PM,Parkes,NSW,3,185798779,R3 1660m Pace M,185798780,Harness,1660,Pace,27334926,7,Jogalong Blue,LOSER,46.49,LOSER,,178.88,75,40,60,55.39,437.53,300,3,300,25.04,89.41,,7.4,4.8,4.8,6.01,442.07,44,48,1.05,0.97
30/07/2021,7:58:00 PM,8:02:47 PM,Parkes,NSW,3,185798779,R3 1660m Pace M,185798780,Harness,1660,Pace,25912287,8,Dynamite Dee,LOSER,23,LOSER,,194.26,34,19.5,23,25.49,412.86,690,6.8,690,47.07,59.59,,,,,,,25,27,1.05,0.97
30/07/2021,7:58:00 PM,8:02:47 PM,Parkes,NSW,3,185798779,R3 1660m Pace M,185798780,Harness,1660,Pace,2268311,9,Sharp Shooter,LOSER,5.37,LOSER,,707.94,6.4,3.55,6,5.06,1546.74,930,5.3,690,15.6,1102.16,,2.26,1.91,1.91,2.19,177.96,4.6,5.4,1.05,0.97
30/07/2021,7:58:00 PM,8:02:47 PM,Parkes,NSW,3,185798779,R3 1660m Pace M,185798780,Harness,1660,Pace,38618970,10,Speak With Sam,LOSER,2.5,LOSER,,1678.11,3.25,2.38,2.68,2.61,6304.68,490,1.95,490,6.72,625.54,,2.24,1.4,1.43,1.54,744.45,2.74,2.8,1.05,0.97
30/07/2021,8:28:00 PM,8:28:56 PM,Parkes,NSW,4,185798781,R4 2040m Pace M,185798782,Harness,2040,Pace,28392584,1,She Owns The Day,LOSER,90,LOSER,,72.9,150,60,140,87.74,65.64,690,17.5,300,62.93,24.25,,6.2,6.2,6.2,6.2,20,65,140,1.07,0.98
30/07/2021,8:28:00 PM,8:28:56 PM,Parkes,NSW,4,185798781,R4 2040m Pace M,185798782,Harness,2040,Pace,28101797,2,Miss Pau,LOSER,33.85,LOSER,,152.66,55,28,34,37.24,187.25,1000,19.5,920,159.62,45.76,,3.85,3.65,3.7,3.69,20,36,40,1.07,0.98
30/07/2021,8:28:00 PM,8:28:56 PM,Parkes,NSW,4,185798781,R4 2040m Pace M,185798782,Harness,2040,Pace,24527158,3,Terryrama,LOSER,5,LOSER,,756.4,7,4.6,5.1,5.41,1578.77,1000,4.5,1000,58.72,393.07,,1.94,1.59,1.94,1.9,256.48,5.8,6.2,1.07,0.98
30/07/2021,8:28:00 PM,8:28:56 PM,Parkes,NSW,4,185798781,R4 2040m Pace M,185798782,Harness,2040,Pace,39088101,4,All Spruced Up,LOSER,60.27,LOSER,,97.21,80,18,70,51.85,49.59,920,22,690,88.95,29.82,,5.7,5.6,5.7,5.63,20,55,60,1.07,0.98
30/07/2021,8:28:00 PM,8:28:56 PM,Parkes,NSW,4,185798781,R4 2040m Pace M,185798782,Harness,2040,Pace,11659898,5,He Said She Said,LOSER,7.35,WINNER,,698.07,8.2,5.3,7.6,6.55,878.37,690,3.2,490,8.35,277.54,,2.06,1.62,2.06,1.63,17.53,5.5,7,1.07,0.98
30/07/2021,8:28:00 PM,8:28:56 PM,Parkes,NSW,4,185798781,R4 2040m Pace M,185798782,Harness,2040,Pace,23814289,6,Camanchi Warrior,LOSER,38.08,WINNER,,145.66,55,25,36,40.95,95.98,690,10.5,300,20.03,201.11,,,,,,,40,46,1.07,0.98
30/07/2021,8:28:00 PM,8:28:56 PM,Parkes,NSW,4,185798781,R4 2040m Pace M,185798782,Harness,2040,Pace,28170421,7,Myra Dawn,WINNER,1.89,WINNER,,5393.69,2.5,1.75,2.02,1.9,11850.18,2.22,1.01,1.01,1.43,4256.58,,1.29,1.13,1.18,1.2,923.7,1.83,1.87,1.07,0.98
30/07/2021,8:28:00 PM,8:28:56 PM,Parkes,NSW,4,185798781,R4 2040m Pace M,185798782,Harness,2040,Pace,12975956,8,Lucky Lyla,LOSER,11.47,LOSER,,475.17,16.5,4.5,10.5,10.59,974.85,690,5,490,8.6,439.85,,2.52,2.16,2.24,2.2,43.99,12,14.5,1.07,0.98
30/07/2021,9:01:00 PM,9:02:22 PM,Parkes,NSW,5,185798783,R5 1660m Pace M,185798784,Harness,1660,Pace,26678887,1,Sport Cadet,WINNER,2.13,WINNER,,2414.59,3.4,2.12,2.22,2.33,7099.27,2.78,1.01,1.01,1.5,4915.06,,1.57,1.35,1.5,1.46,116.23,2.44,2.58,1.07,0.97
30/07/2021,9:01:00 PM,9:02:22 PM,Parkes,NSW,5,185798783,R5 1660m Pace M,185798784,Harness,1660,Pace,17311111,2,Caesars Rockstar,LOSER,42,LOSER,,79.33,44,19.5,44,25.76,125.89,910,22,690,89.1,32.11,,4.5,4.5,4.5,4.5,5,22,38,1.07,0.97
30/07/2021,9:01:00 PM,9:02:22 PM,Parkes,NSW,5,185798783,R5 1660m Pace M,185798784,Harness,1660,Pace,18933931,3,Negative Nancy,LOSER,15.63,LOSER,,315.63,27,12.5,15.5,16.03,366.25,690,15.5,490,43.72,46.41,,4,3,3.3,3.53,106.78,14.5,16.5,1.07,0.97
30/07/2021,9:01:00 PM,9:02:22 PM,Parkes,NSW,5,185798783,R5 1660m Pace M,185798784,Harness,1660,Pace,19215407,4,Dinosaurus Rex,LOSER,23,LOSER,,179.42,25,13.5,24,18.46,148.26,690,28,690,75.21,20.46,,3.75,3.5,3.75,3.56,32.58,14.5,17.5,1.07,0.97
30/07/2021,9:01:00 PM,9:02:22 PM,Parkes,NSW,5,185798783,R5 1660m Pace M,185798784,Harness,1660,Pace,20963015,5,Regretable,LOSER,17.61,LOSER,,269.8,15.5,6,15,10.6,478.5,690,15.5,690,45.92,45.79,,,,,,,9.2,9.8,1.07,0.97
30/07/2021,9:01:00 PM,9:02:22 PM,Parkes,NSW,5,185798783,R5 1660m Pace M,185798784,Harness,1660,Pace,10561619,6,Limbo Larry,LOSER,32,LOSER,,87.88,34,19.5,34,25.45,64.62,690,36,690,118.72,9.89,,,,,,,21,27,1.07,0.97
30/07/2021,9:01:00 PM,9:02:22 PM,Parkes,NSW,5,185798783,R5 1660m Pace M,185798784,Harness,1660,Pace,15947516,7,Royal Feeling,LOSER,5,WINNER,,738.21,6.6,4.5,4.8,5.22,2030.29,690,3,690,6.19,401.71,,2.16,1.76,1.83,1.86,646.87,5.1,5.5,1.07,0.97
30/07/2021,9:01:00 PM,9:02:22 PM,Parkes,NSW,5,185798783,R5 1660m Pace M,185798784,Harness,1660,Pace,40113689,8,Dixiedolittle,LOSER,7.63,WINNER,,695.3,16,7.2,10.5,10.99,521.34,690,2.4,490,9.2,490.22,,3,2.78,3,2.78,25.11,10.5,12,1.07,0.97
30/07/2021,9:01:00 PM,9:02:22 PM,Parkes,NSW,5,185798783,R5 1660m Pace M,185798784,Harness,1660,Pace,40365325,9,Tessfeelsgood,LOSER,62.04,LOSER,,73.87,75,24,70,39.77,73.36,690,40,690,126.22,10.57,,,,,,,30,32,1.07,0.97
30/07/2021,9:29:00 PM,9:30:51 PM,Parkes,NSW,6,185798785,R6 1660m Pace M,185798786,Harness,1660,Pace,28246583,1,Watch And Weep,WINNER,3.11,WINNER,,2446.62,5.3,3.45,3.8,4,3993.14,3.65,1.01,1.01,1.99,4082.87,,1.75,1.63,1.64,1.71,1350.72,3.65,4.2,1.07,0.95
30/07/2021,9:29:00 PM,9:30:51 PM,Parkes,NSW,6,185798785,R6 1660m Pace M,185798786,Harness,1660,Pace,11338384,2,Pom Pay,LOSER,9.4,WINNER,,245.91,14.5,8.2,8.8,9.86,815.55,690,3.9,690,15.04,108.38,,2.7,2.7,2.7,2.7,63.37,9.4,12.5,1.07,0.95
30/07/2021,9:29:00 PM,9:30:51 PM,Parkes,NSW,6,185798785,R6 1660m Pace M,185798786,Harness,1660,Pace,28091438,3,More Than A Woman,LOSER,220,LOSER,,16.87,340,50,70,120.75,68.42,700,170,700,487.7,0.99,,,,,,,200,300,1.07,0.95
30/07/2021,9:29:00 PM,9:30:51 PM,Parkes,NSW,6,185798785,R6 1660m Pace M,185798786,Harness,1660,Pace,29059570,4,Remember Bubbles,LOSER,6.13,LOSER,,256.68,6.4,4.9,5.8,5.49,1261.36,690,3.75,690,9.95,236.85,,2.4,2.06,2.06,2.21,14.33,5.2,5.6,1.07,0.95
30/07/2021,9:29:00 PM,9:30:51 PM,Parkes,NSW,6,185798785,R6 1660m Pace M,185798786,Harness,1660,Pace,22970859,5,Shez On Target,LOSER,14,LOSER,,267.24,24,14.5,14.5,17.64,511.49,690,14,690,50.43,31.64,,,,,,,18.5,19,1.07,0.95
30/07/2021,9:29:00 PM,9:30:51 PM,Parkes,NSW,6,185798785,R6 1660m Pace M,185798786,Harness,1660,Pace,23390459,6,Lettuceroll,LOSER,42,LOSER,,133.51,46,21,32,28.13,70.92,690,32,690,57.32,20.4,,5.8,5.8,5.8,5.8,5,32,46,1.07,0.95
30/07/2021,9:29:00 PM,9:30:51 PM,Parkes,NSW,6,185798785,R6 1660m Pace M,185798786,Harness,1660,Pace,38553684,7,Chase The Feeling,LOSER,6.8,LOSER,,396.14,8,4.2,7,6.1,1014.55,880,6.6,490,20.02,198.88,,2.32,2.14,2.32,2.29,5.41,5.2,5.6,1.07,0.95
30/07/2021,9:29:00 PM,9:30:51 PM,Parkes,NSW,6,185798785,R6 1660m Pace M,185798786,Harness,1660,Pace,36386736,8,Burrabadine Dancer,LOSER,56.46,LOSER,,87.41,95,38,50,51.79,314.43,920,48,920,129.85,16.23,,,,,,,50,85,1.07,0.95
30/07/2021,9:29:00 PM,9:30:51 PM,Parkes,NSW,6,185798785,R6 1660m Pace M,185798786,Harness,1660,Pace,26608798,9,Key Defender,LOSER,5.65,WINNER,,514.89,6.4,4.1,5.2,5.27,2346.67,490,1.7,120,5.1,514.22,,2.54,1.99,2.32,2.35,351,5.4,5.8,1.07,0.95
30/07/2021,9:29:00 PM,9:30:51 PM,Parkes,NSW,6,185798785,R6 1660m Pace M,185798786,Harness,1660,Pace,40365326,10,Eagle Art,LOSER,85.66,LOSER,,58.69,120,40,120,77.05,57.24,690,110,690,209.79,3.64,,,,,,,70,100,1.07,0.95
30/07/2021,9:55:00 PM,9:56:07 PM,Parkes,NSW,7,185798787,R7 1660m Pace M,185798788,Harness,1660,Pace,28143513,1,Girl Just Fly,LOSER,2.91,WINNER,,2216.33,4.4,2.58,2.84,2.77,7092.38,1000,2.08,470,5,799.66,,1.59,1.37,1.43,1.46,268.13,2.74,2.86,1.08,0.94
30/07/2021,9:55:00 PM,9:56:07 PM,Parkes,NSW,7,185798787,R7 1660m Pace M,185798788,Harness,1660,Pace,19769601,2,Saint Breeny,LOSER,8.7,LOSER,,625.48,10.5,5.8,9.2,8.15,720.84,880,6.8,290,41.09,65.23,,2.94,2.16,2.62,2.58,74.54,7,10.5,1.08,0.94
30/07/2021,9:55:00 PM,9:56:07 PM,Parkes,NSW,7,185798787,R7 1660m Pace M,185798788,Harness,1660,Pace,40365327,3,Tintin On Theriver,LOSER,5.6,LOSER,,2291.31,7.8,5,6.4,5.64,2184.74,1000,5,130,26.5,235.19,,2.2,1.91,2.04,1.97,241.73,5.2,5.7,1.08,0.94
30/07/2021,9:55:00 PM,9:56:07 PM,Parkes,NSW,7,185798787,R7 1660m Pace M,185798788,Harness,1660,Pace,36514013,4,Classic Beesmack,WINNER,14.99,WINNER,,275.99,18,5.5,12,13.12,610.9,19,1.01,1.01,1.51,2303.59,,,,,,,16,18.5,1.08,0.94
30/07/2021,9:55:00 PM,9:56:07 PM,Parkes,NSW,7,185798787,R7 1660m Pace M,185798788,Harness,1660,Pace,40365328,5,Delightful Rainbow,LOSER,43.55,LOSER,,122.29,44,26,36,32.35,78.4,690,14,300,47.04,29,,,,,,,32,34,1.08,0.94
30/07/2021,9:55:00 PM,9:56:07 PM,Parkes,NSW,7,185798787,R7 1660m Pace M,185798788,Harness,1660,Pace,40365329,6,Wheres Our Money,LOSER,39.95,LOSER,,151.91,48,21,42,35.08,91.58,690,20,690,51.72,21.95,,,,,,,38,46,1.08,0.94
30/07/2021,9:55:00 PM,9:56:07 PM,Parkes,NSW,7,185798787,R7 1660m Pace M,185798788,Harness,1660,Pace,40365330,7,Jayjaybenny,LOSER,5.29,WINNER,,2054.92,13.5,5.4,6.6,7.28,1079.82,690,3.05,490,6.77,702.36,,3.5,2.2,2.2,2.63,304.51,7.2,8.6,1.08,0.94
30/07/2021,9:55:00 PM,9:56:07 PM,Parkes,NSW,7,185798787,R7 1660m Pace M,185798788,Harness,1660,Pace,40365331,8,Caribbean Delight,LOSER,144.28,LOSER,,66.18,250,80,250,142.14,22.85,700,20,700,131.53,27.06,,,,,,,150,190,1.08,0.94
30/07/2021,9:55:00 PM,9:56:07 PM,Parkes,NSW,7,185798787,R7 1660m Pace M,185798788,Harness,1660,Pace,37619878,9,Soho Osaka,LOSER,20.42,LOSER,,180.18,18.5,7.2,18.5,13.91,302.74,690,4,690,11.9,326.4,,,,,,,12.5,14.5,1.08,0.94
30/07/2021,9:55:00 PM,9:56:07 PM,Parkes,NSW,7,185798787,R7 1660m Pace M,185798788,Harness,1660,Pace,40365332,10,Kulani Courage,LOSER,45.16,LOSER,,114.79,44,20,44,30.86,76.2,690,12.5,690,31.18,45.44,,,,,,,30,36,1.08,0.94
30/07/2021,10:27:00 PM,10:27:55 PM,Parkes,NSW,8,185798789,R8 1660m Pace M,185798790,Harness,1660,Pace,28286309,1,Jaytees Hat,LOSER,10.5,LOSER,,207.05,14.5,7.8,10.5,9.13,1174.36,690,5.9,490,32.79,41.11,,3.15,2.84,3.1,3.05,92.2,9,9.8,1.07,1.01
30/07/2021,10:27:00 PM,10:27:55 PM,Parkes,NSW,8,185798789,R8 1660m Pace M,185798790,Harness,1660,Pace,27078534,2,Maudies Delight,LOSER,1.75,LOSER,,2556.7,2.7,1.63,1.68,1.77,11476.67,490,1.59,310,2.72,1803.35,,1.49,1.38,1.38,1.42,350.22,1.77,1.84,1.07,1.01
30/07/2021,10:27:00 PM,10:27:55 PM,Parkes,NSW,8,185798789,R8 1660m Pace M,185798790,Harness,1660,Pace,10896849,3,Jiggy Rhythm,WINNER,9.92,WINNER,,215.81,12.5,7.8,9.6,9.67,951.46,46,1.01,1.01,2.44,2009.38,,,,,,,9.8,11,1.07,1.01
30/07/2021,10:27:00 PM,10:27:55 PM,Parkes,NSW,8,185798789,R8 1660m Pace M,185798790,Harness,1660,Pace,8744579,4,Grinorama,LOSER,130,LOSER,,20.73,170,60,170,118.27,35.88,700,10,700,27.58,119.97,,,,,,,75,85,1.07,1.01
30/07/2021,10:27:00 PM,10:27:55 PM,Parkes,NSW,8,185798789,R8 1660m Pace M,185798790,Harness,1660,Pace,19750822,7,Feeling Hall Good,LOSER,8.2,LOSER,,450.01,11,3.8,8.8,8.05,1463.55,690,4.5,490,15.12,134.79,,2.84,2.64,2.64,2.66,50.2,7.6,9.4,1.07,1.01
30/07/2021,10:27:00 PM,10:27:55 PM,Parkes,NSW,8,185798789,R8 1660m Pace M,185798790,Harness,1660,Pace,36610523,8,Moreartsthanclass,LOSER,15.5,LOSER,,152.75,24,11.5,15.5,15.26,617.11,490,3,490,11.07,276.47,,5.9,3.9,5.9,3.92,53.59,12.5,13.5,1.07,1.01
30/07/2021,10:27:00 PM,10:27:55 PM,Parkes,NSW,8,185798789,R8 1660m Pace M,185798790,Harness,1660,Pace,26709797,9,Toolittletoolate,LOSER,19.53,WINNER,,198.44,25,11,18,17.54,482.55,170,1.17,110,6.06,247.58,,4.6,3.85,4.6,4.08,141.92,14,13,1.07,1.01
30/07/2021,1:03:00 PM,1:03:52 PM,Wagga,NSW,1,185781613,R1 1740m Pace M,185781614,Harness,1740,Pace,27223779,1,Tubbee Tee,LOSER,38,LOSER,,80.2,42,18.5,38,31.7,126.12,1000,14,1000,55.26,65.83,,5.4,5.4,5.4,5.4,5,30,36,1.06,0.95
30/07/2021,1:03:00 PM,1:03:52 PM,Wagga,NSW,1,185781613,R1 1740m Pace M,185781614,Harness,1740,Pace,20137612,2,Cams Pearl,LOSER,45.63,LOSER,,129.06,50,27,46,45.64,257.71,1000,5.5,1000,38.18,95.92,,7.4,7.4,7.4,7.4,5,38,46,1.06,0.95
30/07/2021,1:03:00 PM,1:03:52 PM,Wagga,NSW,1,185781613,R1 1740m Pace M,185781614,Harness,1740,Pace,23926959,3,Heza Conman,LOSER,12.9,WINNER,,438.61,19.5,9.2,12.5,13.13,460.19,1000,6,1000,27.08,119.22,,3.45,3.15,3.25,3.28,161.38,12,13.5,1.06,0.95
30/07/2021,1:03:00 PM,1:03:52 PM,Wagga,NSW,1,185781613,R1 1740m Pace M,185781614,Harness,1740,Pace,22941460,4,Jesszz Reflection,LOSER,20.45,LOSER,,221.28,28,9.8,19.5,21.44,227.4,1000,8.8,1000,85.22,36.63,,3.9,3.85,3.9,3.89,15,21,24,1.06,0.95
30/07/2021,1:03:00 PM,1:03:52 PM,Wagga,NSW,1,185781613,R1 1740m Pace M,185781614,Harness,1740,Pace,28507037,5,Sokys Falcon,LOSER,34.71,LOSER,,115.29,46,19.5,30,28.89,136.11,1000,50,1000,126.81,18.68,,5.2,4.2,5.2,4.6,15,26,27,1.06,0.95
30/07/2021,1:03:00 PM,1:03:52 PM,Wagga,NSW,1,185781613,R1 1740m Pace M,185781614,Harness,1740,Pace,28587484,6,Roll Play,LOSER,6.62,LOSER,,1056.72,10,6.4,6.4,7.52,1084.13,690,4.3,690,38.43,94.17,,2.58,2.34,2.34,2.35,5.11,7.4,8.2,1.06,0.95
30/07/2021,1:03:00 PM,1:03:52 PM,Wagga,NSW,1,185781613,R1 1740m Pace M,185781614,Harness,1740,Pace,10321161,7,The Right Reason,LOSER,57.95,LOSER,,90.98,85,19.5,60,50.17,78.43,1000,70,1000,291.04,6.1,,,,,,,55,75,1.06,0.95
30/07/2021,1:03:00 PM,1:03:52 PM,Wagga,NSW,1,185781613,R1 1740m Pace M,185781614,Harness,1740,Pace,24839504,8,Forged In Fire,LOSER,6.81,LOSER,,527.6,7,4.8,6.8,5.99,2120.98,1000,4.5,1000,18.76,232.87,,2.5,2.2,2.36,2.37,182.42,5.5,6.4,1.06,0.95
30/07/2021,1:03:00 PM,1:03:52 PM,Wagga,NSW,1,185781613,R1 1740m Pace M,185781614,Harness,1740,Pace,5444666,9,Girls Love Pearls,WINNER,3.99,WINNER,,957.94,4.2,2.46,3.95,3.66,4108.51,6.4,1.01,1.01,1.71,4020.3,,1.87,1.51,1.69,1.7,560.54,3.65,3.95,1.06,0.95
30/07/2021,1:03:00 PM,1:03:52 PM,Wagga,NSW,1,185781613,R1 1740m Pace M,185781614,Harness,1740,Pace,22282219,10,Endless,LOSER,3.75,WINNER,,2277.95,15,3.2,3.5,5.04,4261.13,1000,2.5,1000,8.09,380,,2.2,1.8,1.8,1.97,172.64,4.6,5,1.06,0.95
30/07/2021,1:38:00 PM,1:38:26 PM,Wagga,NSW,2,185781615,R2 2270m Pace M,185781616,Harness,2270,Pace,10120430,1,Dawn Ofa New Brew,LOSER,5.06,LOSER,,901.18,5.8,3.7,5.4,4.49,3074.14,490,3.9,490,11.33,580.65,,2.04,1.59,1.95,1.78,302.19,5.1,5.4,1.05,0.98
30/07/2021,1:38:00 PM,1:38:26 PM,Wagga,NSW,2,185781615,R2 2270m Pace M,185781616,Harness,2270,Pace,19662979,2,Glamors Symbol,LOSER,11.8,WINNER,,444.41,13.5,8.4,11.5,10.64,915.98,140,1.28,140,8.5,524.34,,3.15,2.98,3.15,3.04,248.15,10.5,11,1.05,0.98
30/07/2021,1:38:00 PM,1:38:26 PM,Wagga,NSW,2,185781615,R2 2270m Pace M,185781616,Harness,2270,Pace,21444762,3,Chubbs,LOSER,20,LOSER,,257.4,28,11.5,19,19.6,297.02,490,6.2,490,20.13,190.1,,4.2,4.1,4.1,4.11,25,16.5,19,1.05,0.98
30/07/2021,1:38:00 PM,1:38:26 PM,Wagga,NSW,2,185781615,R2 2270m Pace M,185781616,Harness,2270,Pace,23389017,4,Develstix,LOSER,27.37,LOSER,,210.75,50,29,32,35.67,114.29,690,18.5,300,39.85,62.76,,,,,,,29,34,1.05,0.98
30/07/2021,1:38:00 PM,1:38:26 PM,Wagga,NSW,2,185781615,R2 2270m Pace M,185781616,Harness,2270,Pace,20948240,5,Light Up Billy,LOSER,5.6,LOSER,,1167.58,6.8,5.2,5.6,5.71,545.17,490,5.4,490,10.53,212.67,,2.36,2.3,2.36,2.3,10.09,5.5,5.9,1.05,0.98
30/07/2021,1:38:00 PM,1:38:26 PM,Wagga,NSW,2,185781615,R2 2270m Pace M,185781616,Harness,2270,Pace,28003735,6,Takidah,LOSER,67.96,WINNER,,69.66,75,27,60,47.64,82.27,690,2.1,300,27.69,57.62,,8.2,8.2,8.2,8.2,20,48,50,1.05,0.98
30/07/2021,1:38:00 PM,1:38:26 PM,Wagga,NSW,2,185781615,R2 2270m Pace M,185781616,Harness,2270,Pace,40363710,7,Inverloch Dreaming,WINNER,3.46,WINNER,,1751.37,5.5,3.2,3.65,3.71,2913.79,5.7,1.01,1.01,2,9285.52,,1.8,1.37,1.76,1.72,116.14,3.6,3.65,1.05,0.98
30/07/2021,1:38:00 PM,1:38:26 PM,Wagga,NSW,2,185781615,R2 2270m Pace M,185781616,Harness,2270,Pace,17567747,8,Auckland Star,LOSER,50.08,LOSER,,84.3,60,34,48,41.84,93.34,690,2.6,300,18.97,93.23,,13.5,7.2,7.2,8.91,9.73,44,48,1.05,0.98
30/07/2021,1:38:00 PM,1:38:26 PM,Wagga,NSW,2,185781615,R2 2270m Pace M,185781616,Harness,2270,Pace,13443531,9,Hayaku Harry,LOSER,30.51,LOSER,,167.24,36,19.5,36,26.07,287.77,690,13,300,39.25,26.61,,,,,,,25,32,1.05,0.98
30/07/2021,1:38:00 PM,1:38:26 PM,Wagga,NSW,2,185781615,R2 2270m Pace M,185781616,Harness,2270,Pace,36421995,10,Run Viv Run,LOSER,9.86,LOSER,,444.07,10.5,4.1,9.2,7.85,506.45,880,3.85,780,13.32,353.86,,2.62,2.62,2.62,2.62,50.24,8.6,9,1.05,0.98
30/07/2021,2:13:00 PM,2:13:36 PM,Wagga,NSW,3,185781617,R3 1740m Pace M,185781618,Harness,1740,Pace,31371653,1,Betterthantheboyz,LOSER,5.79,WINNER,,743.72,6,4.1,5.8,5.27,1409.47,150,1.14,100,4.2,799.43,,2.08,1.82,1.88,1.93,266.2,5.2,5.6,0.99,0.95
30/07/2021,2:13:00 PM,2:13:36 PM,Wagga,NSW,3,185781617,R3 1740m Pace M,185781618,Harness,1740,Pace,25284760,2,Jacks Last Hoo Raa,WINNER,4.71,WINNER,,1212.64,6,4.4,4.7,4.8,2492.74,7.2,1.01,1.01,2.1,3788.36,,2.08,1.73,2.08,1.86,55.71,6.2,5,0.99,0.95
30/07/2021,2:13:00 PM,2:13:36 PM,Wagga,NSW,3,185781617,R3 1740m Pace M,185781618,Harness,1740,Pace,38123594,3,Andreamer,LOSER,11.14,WINNER,,438.28,22,11,11.5,14.23,810.22,690,11,690,29.81,74.46,,3.9,3.55,3.55,3.71,100.36,14,16.5,0.99,0.95
30/07/2021,2:13:00 PM,2:13:36 PM,Wagga,NSW,3,185781617,R3 1740m Pace M,185781618,Harness,1740,Pace,28420039,4,Artimos,LOSER,85,LOSER,,107.12,150,46,70,100.72,82.13,690,42,690,124.04,7.96,,,,,,,95,100,0.99,0.95
30/07/2021,2:13:00 PM,2:13:36 PM,Wagga,NSW,3,185781617,R3 1740m Pace M,185781618,Harness,1740,Pace,9982648,5,Imperious,LOSER,54.29,LOSER,,146.63,120,38,55,49.33,150.83,690,65,690,99.59,10.77,,9.6,8.4,8.8,9.11,28.25,44,50,0.99,0.95
30/07/2021,2:13:00 PM,2:13:36 PM,Wagga,NSW,3,185781617,R3 1740m Pace M,185781618,Harness,1740,Pace,38417424,6,Tashs Mate,LOSER,20,LOSER,,355.92,32,13.5,20,23.31,333.46,690,29,690,54,35.55,,6.8,5.1,6.8,5.59,118.87,23,27,0.99,0.95
30/07/2021,2:13:00 PM,2:13:36 PM,Wagga,NSW,3,185781617,R3 1740m Pace M,185781618,Harness,1740,Pace,28368730,7,Grinforawin,LOSER,13.38,LOSER,,497.8,32,13,14,19.46,1182.22,1000,1.53,1000,35.44,233.13,,4.8,3.6,3.6,3.78,267.5,14.5,15,0.99,0.95
30/07/2021,2:13:00 PM,2:13:36 PM,Wagga,NSW,3,185781617,R3 1740m Pace M,185781618,Harness,1740,Pace,40363711,8,Treacheroustimes,LOSER,10.58,LOSER,,437.57,11.5,5.4,10.5,8.25,1600.98,690,11.5,690,35.17,54.45,,3,2.16,2.98,2.48,728.03,10,12,0.99,0.95
30/07/2021,2:13:00 PM,2:13:36 PM,Wagga,NSW,3,185781617,R3 1740m Pace M,185781618,Harness,1740,Pace,28013854,9,Menames Needy,LOSER,8.49,LOSER,,498.72,10.5,6.4,8,7.98,576.25,690,7,690,27.54,50.18,,2.54,2.5,2.54,2.5,465.19,8,8.6,0.99,0.95
30/07/2021,2:13:00 PM,2:13:36 PM,Wagga,NSW,3,185781617,R3 1740m Pace M,185781618,Harness,1740,Pace,1548008,10,Crafty Match,LOSER,7.09,LOSER,,1087.26,10.5,4.1,5.9,5.81,2944.88,690,3.2,490,13.45,147.67,,2.4,1.92,2.04,2.09,196.34,5.2,5.5,0.99,0.95
30/07/2021,2:48:00 PM,2:49:10 PM,Wagga,NSW,4,185781619,R4 1740m Pace M,185781620,Harness,1740,Pace,19847198,1,Reibey Beach,LOSER,9.79,WINNER,,447.75,10.5,7.2,9.4,8.77,919.25,1000,3,1000,10.19,278.07,,2.58,1.96,2.08,2.18,821.3,8,8.4,1.02,0.99
30/07/2021,2:48:00 PM,2:49:10 PM,Wagga,NSW,4,185781619,R4 1740m Pace M,185781620,Harness,1740,Pace,36620992,2,Shark Dancer,WINNER,3.51,WINNER,,2018.82,5.5,3.3,3.75,3.6,4931.12,3.85,1.01,1.01,1.74,4878.5,,1.51,1.48,1.51,1.49,231.92,3.55,3.8,1.02,0.99
30/07/2021,2:48:00 PM,2:49:10 PM,Wagga,NSW,4,185781619,R4 1740m Pace M,185781620,Harness,1740,Pace,36342258,3,Rockin In Chelsea,LOSER,54.82,LOSER,,126.79,120,55,75,69.63,73.35,690,50,690,77,36.26,,10,10,10,10,17,60,75,1.02,0.99
30/07/2021,2:48:00 PM,2:49:10 PM,Wagga,NSW,4,185781619,R4 1740m Pace M,185781620,Harness,1740,Pace,28093413,4,Susan Joy,LOSER,37.28,LOSER,,204.39,48,30,44,38.93,202.9,690,22,690,45.26,44.31,,6.8,5.1,5.1,6.27,104.46,55,44,1.02,0.99
30/07/2021,2:48:00 PM,2:49:10 PM,Wagga,NSW,4,185781619,R4 1740m Pace M,185781620,Harness,1740,Pace,37019476,5,Most Certain Micky,LOSER,185.92,LOSER,,43.08,590,95,280,187.86,28.15,900,160,900,222.84,28.23,,21,19,21,19.76,10,170,210,1.02,0.99
30/07/2021,2:48:00 PM,2:49:10 PM,Wagga,NSW,4,185781619,R4 1740m Pace M,185781620,Harness,1740,Pace,19393895,6,Isntthatright,LOSER,7.18,LOSER,,1180.65,11.5,7.6,8,9.52,842.75,690,6,690,37.49,84.59,,3.3,3.15,3.25,3.22,120.06,9.6,10,1.02,0.99
30/07/2021,2:48:00 PM,2:49:10 PM,Wagga,NSW,4,185781619,R4 1740m Pace M,185781620,Harness,1740,Pace,37258848,7,Playa Blanca,LOSER,26,LOSER,,211.53,110,25,29,31.56,217.9,690,20,690,51.84,44.47,,9.4,9.4,9.4,9.4,31.73,50,34,1.02,0.99
30/07/2021,2:48:00 PM,2:49:10 PM,Wagga,NSW,4,185781619,R4 1740m Pace M,185781620,Harness,1740,Pace,29907414,8,Valley Of Terror,LOSER,10.5,LOSER,,344.64,11,6.2,10,9.48,1112.02,690,8.8,490,25.07,92.42,,3.65,2.22,2.4,3.44,96.06,9.4,10.5,1.02,0.99
30/07/2021,2:48:00 PM,2:49:10 PM,Wagga,NSW,4,185781619,R4 1740m Pace M,185781620,Harness,1740,Pace,38869605,9,Kickatinalongpony,LOSER,16.43,WINNER,,340.18,27,16,19.5,19.67,422.71,1000,15.5,490,28.59,114.66,,3.65,3.6,3.6,3.61,55.33,20,21,1.02,0.99
30/07/2021,2:48:00 PM,2:49:10 PM,Wagga,NSW,4,185781619,R4 1740m Pace M,185781620,Harness,1740,Pace,40363712,10,Louthario,LOSER,3.61,LOSER,,2055.25,3.75,2.02,3.55,3.26,6765.09,690,2.98,690,5.46,387.75,,1.87,1.37,1.71,1.47,467.08,3.4,3.45,1.02,0.99
30/07/2021,3:23:00 PM,3:23:47 PM,Wagga,NSW,5,185781621,R5 2270m Pace M,185781622,Harness,2270,Pace,40186660,1,Bettorz Beach,LOSER,2.57,LOSER,,4000.8,4.2,2.58,2.84,3.02,5827.53,690,1.97,690,2.93,3153.79,,1.67,1.4,1.46,1.45,757.81,2.96,3,0.97,0.96
30/07/2021,3:23:00 PM,3:23:47 PM,Wagga,NSW,5,185781621,R5 2270m Pace M,185781622,Harness,2270,Pace,35523828,2,Heza Blaster,LOSER,4.4,WINNER,,1982.89,4.9,2.5,4.4,3.96,4118.44,490,1.09,490,2.17,2668.44,,1.92,1.55,1.83,1.9,212.27,4,4.7,0.97,0.96
30/07/2021,3:23:00 PM,3:23:47 PM,Wagga,NSW,5,185781621,R5 2270m Pace M,185781622,Harness,2270,Pace,22347731,3,Heres Your Bonus,WINNER,55,WINNER,,139.41,85,19,55,45.34,89.65,920,1.01,1.01,2.88,1454.62,,,,,,,60,80,0.97,0.96
30/07/2021,3:23:00 PM,3:23:47 PM,Wagga,NSW,5,185781621,R5 2270m Pace M,185781622,Harness,2270,Pace,642078,4,Cassius,LOSER,10,LOSER,,395.51,10.5,6.2,10,8.4,969.13,690,1.43,490,9.78,386.33,,3.2,2.6,2.62,2.73,10.14,9,9.2,0.97,0.96
30/07/2021,3:23:00 PM,3:23:47 PM,Wagga,NSW,5,185781621,R5 2270m Pace M,185781622,Harness,2270,Pace,38139235,5,Redbank Molly,LOSER,59.48,LOSER,,130.98,85,17,65,62.53,82.82,950,55,950,97.84,24.64,,,,,,,60,75,0.97,0.96
30/07/2021,3:23:00 PM,3:23:47 PM,Wagga,NSW,5,185781621,R5 2270m Pace M,185781622,Harness,2270,Pace,26422127,6,Angelic Miss,LOSER,18,LOSER,,202.66,30,12.5,18,18.67,652.87,690,25,690,67.48,38.58,,4.8,3.95,4.3,4.37,56.73,16,16.5,0.97,0.96
30/07/2021,3:23:00 PM,3:23:47 PM,Wagga,NSW,5,185781621,R5 2270m Pace M,185781622,Harness,2270,Pace,24517142,7,The Clock Winder,LOSER,49.55,LOSER,,84.74,55,16.5,46,38.79,184.45,920,6.2,100,103.93,45.23,,,,,,,38,44,0.97,0.96
30/07/2021,3:23:00 PM,3:23:47 PM,Wagga,NSW,5,185781621,R5 2270m Pace M,185781622,Harness,2270,Pace,22153142,8,Bently Bullet,LOSER,14.54,WINNER,,238.26,21,11,14.5,13.89,883.77,690,1.31,620,16.53,192.02,,3.35,3.35,3.35,3.35,9.48,23,14.5,0.97,0.96
30/07/2021,3:23:00 PM,3:23:47 PM,Wagga,NSW,5,185781621,R5 2270m Pace M,185781622,Harness,2270,Pace,15424563,9,Dust To Diamonds,LOSER,9,LOSER,,315.52,17,7.8,8.8,9.73,1874.86,75,1.04,75,3.87,731.43,,3.15,2.06,2.08,2.38,1060.23,11.5,9,0.97,0.96
30/07/2021,3:23:00 PM,3:23:47 PM,Wagga,NSW,5,185781621,R5 2270m Pace M,185781622,Harness,2270,Pace,1117014,10,Hilly,LOSER,52.13,LOSER,,80.61,60,22,60,40.84,150.39,920,60,920,113.99,11.09,,7.2,5.9,5.9,6.83,89.73,50,60,0.97,0.96
30/07/2021,4:00:00 PM,4:00:28 PM,Wagga,NSW,6,185781623,R6 2270m Pace M,185781624,Harness,2270,Pace,24540407,1,Sedso,LOSER,25.31,LOSER,,168.77,50,24,26,25.98,164.79,690,24,300,43.81,47.89,,,,,,,25,26,1.08,0.95
30/07/2021,4:00:00 PM,4:00:28 PM,Wagga,NSW,6,185781623,R6 2270m Pace M,185781624,Harness,2270,Pace,22212133,2,Just Smokin,LOSER,33.55,WINNER,,135.86,50,22,34,38.18,62.92,690,13,300,56.8,68,,7.2,7.2,7.2,7.2,6,34,40,1.08,0.95
30/07/2021,4:00:00 PM,4:00:28 PM,Wagga,NSW,6,185781623,R6 2270m Pace M,185781624,Harness,2270,Pace,26608805,3,Heavenly Wisdom,LOSER,5.1,LOSER,,739.07,6.6,3.85,5.3,5.51,880.81,1000,4.1,1000,9.57,434.35,,2.32,2,2.1,2.1,413.66,5.2,5.9,1.08,0.95
30/07/2021,4:00:00 PM,4:00:28 PM,Wagga,NSW,6,185781623,R6 2270m Pace M,185781624,Harness,2270,Pace,38338834,4,Mastablasta,LOSER,14.58,LOSER,,187.04,13.5,9,13.5,10.87,327.56,710,3.7,400,11.83,405.83,,3.4,3.4,3.4,3.4,0.11,10,11,1.08,0.95
30/07/2021,4:00:00 PM,4:00:28 PM,Wagga,NSW,6,185781623,R6 2270m Pace M,185781624,Harness,2270,Pace,7407310,5,Smokin Tally,LOSER,8.44,LOSER,,472.44,14.5,7.2,7.6,9.55,478.14,490,5.2,490,28.58,60.17,,2.88,2.68,2.68,2.87,19.55,10,11,1.08,0.95
30/07/2021,4:00:00 PM,4:00:28 PM,Wagga,NSW,6,185781623,R6 2270m Pace M,185781624,Harness,2270,Pace,13434605,6,Nifty Jolt,LOSER,11.2,LOSER,,263.85,13.5,7.4,11,11.63,407.6,490,4.2,490,24.39,79.39,,,,,,,11.5,13.5,1.08,0.95
30/07/2021,4:00:00 PM,4:00:28 PM,Wagga,NSW,6,185781623,R6 2270m Pace M,185781624,Harness,2270,Pace,10948633,7,Louie Finn,LOSER,16.21,LOSER,,169.41,21,9.6,16.5,16.34,93,710,16.5,690,58.37,50.24,,,,,,,14.5,15.5,1.08,0.95
30/07/2021,4:00:00 PM,4:00:28 PM,Wagga,NSW,6,185781623,R6 2270m Pace M,185781624,Harness,2270,Pace,10831134,8,Fastestgirlintown,LOSER,25.47,LOSER,,192.36,36,22,27,32.16,141.51,690,25,690,55.27,40.89,,,,,,,30,36,1.08,0.95
30/07/2021,4:00:00 PM,4:00:28 PM,Wagga,NSW,6,185781623,R6 2270m Pace M,185781624,Harness,2270,Pace,6656423,9,Flaneur,WINNER,4.29,WINNER,,473.13,6.6,3.65,4,4.25,2073.72,34,1.03,1.03,2.93,1246.27,,2,1.66,1.73,1.89,615.22,4,4.5,1.08,0.95
30/07/2021,4:00:00 PM,4:00:28 PM,Wagga,NSW,6,185781623,R6 2270m Pace M,185781624,Harness,2270,Pace,40363713,10,Glenfield Grey,LOSER,8.97,WINNER,,475.98,8.6,4.2,8,5.98,1461.27,50,1.05,30,2.19,4071.41,,2.16,2.06,2.16,2.13,34.76,5.7,6.8,1.08,0.95
30/07/2021,4:40:00 PM,4:40:58 PM,Wagga,NSW,7,185781625,R7 1740m Pace M,185781626,Harness,1740,Pace,24796689,1,Major Monty,LOSER,74.63,LOSER,,115,95,38,95,60.08,162.86,760,65,760,103.37,32.79,,14,9,9.2,9.68,88.98,55,70,1.04,0.98
30/07/2021,4:40:00 PM,4:40:58 PM,Wagga,NSW,7,185781625,R7 1740m Pace M,185781626,Harness,1740,Pace,3170090,2,Ab Fab,LOSER,17.4,LOSER,,241.5,17.5,9,17.5,12.71,638.81,420,12,280,23.8,122,,3.25,2.74,3.2,2.98,182.06,14,16.5,1.04,0.98
30/07/2021,4:40:00 PM,4:40:58 PM,Wagga,NSW,7,185781625,R7 1740m Pace M,185781626,Harness,1740,Pace,16723088,3,Illtellyounothing,LOSER,24,LOSER,,230.79,24,8.2,23,16.13,494.8,490,7.2,300,20.18,179.07,,4.2,4.1,4.1,4.15,55,16,17.5,1.04,0.98
30/07/2021,4:40:00 PM,4:40:58 PM,Wagga,NSW,7,185781625,R7 1740m Pace M,185781626,Harness,1740,Pace,26801352,4,Fleetwood Rock,LOSER,55,WINNER,,149.12,55,18.5,55,32.16,183.57,690,48,690,77.01,18.79,,6,4.8,6,5.2,165.47,40,44,1.04,0.98
30/07/2021,4:40:00 PM,4:40:58 PM,Wagga,NSW,7,185781625,R7 1740m Pace M,185781626,Harness,1740,Pace,17636540,5,Goodtime Junior,LOSER,40.95,LOSER,,189.61,65,26,44,49.09,106.26,690,40,300,58.17,47.48,,9.2,7.4,8.8,8.92,55.02,40,44,1.04,0.98
30/07/2021,4:40:00 PM,4:40:58 PM,Wagga,NSW,7,185781625,R7 1740m Pace M,185781626,Harness,1740,Pace,27483333,6,Rise Above This,LOSER,13.44,LOSER,,356.12,19.5,10.5,14.5,15.84,535.87,280,13,190,27.14,101.05,,3.75,3.5,3.65,3.57,74.11,13,14.5,1.04,0.98
30/07/2021,4:40:00 PM,4:40:58 PM,Wagga,NSW,7,185781625,R7 1740m Pace M,185781626,Harness,1740,Pace,8949255,7,Redbank Harry,LOSER,49.43,LOSER,,140.61,90,22,70,70.46,110,690,38,300,83.27,29.5,,,,,,,65,75,1.04,0.98
30/07/2021,4:40:00 PM,4:40:58 PM,Wagga,NSW,7,185781625,R7 1740m Pace M,185781626,Harness,1740,Pace,37717808,8,B K Swy,WINNER,2.47,WINNER,,3646.88,5.1,2.76,2.78,3.23,4636.99,3.55,1.01,1.01,1.98,5261.56,,1.61,1.5,1.55,1.56,215.14,2.92,3,1.04,0.98
30/07/2021,4:40:00 PM,4:40:58 PM,Wagga,NSW,7,185781625,R7 1740m Pace M,185781626,Harness,1740,Pace,39575126,9,Louis Litt,LOSER,5.76,LOSER,,1195.7,7.2,3.4,6,5.72,1615.99,70,3.8,27,7.33,512.07,,2.08,1.72,1.8,1.81,1714.29,6.2,6.8,1.04,0.98
30/07/2021,4:40:00 PM,4:40:58 PM,Wagga,NSW,7,185781625,R7 1740m Pace M,185781626,Harness,1740,Pace,27290355,10,Dancing Chick,LOSER,3.79,WINNER,,2012.41,4.7,3.45,3.85,4.18,4806.65,140,1.85,130,3.27,1769.66,,1.87,1.65,1.65,1.7,272.74,4.1,4.2,1.04,0.98
30/07/2021,5:17:00 PM,5:17:33 PM,Wagga,NSW,8,185781627,R8 1740m Pace M,185781628,Harness,1740,Pace,11415554,1,Dashofluck,LOSER,56.25,LOSER,,121.81,90,36,80,56.33,89.31,1000,50,1000,201.55,43.4,,9.4,5.9,7.6,6.86,33.24,70,85,1.03,0.96
30/07/2021,5:17:00 PM,5:17:33 PM,Wagga,NSW,8,185781627,R8 1740m Pace M,185781628,Harness,1740,Pace,2549443,2,Rossini,WINNER,2.3,WINNER,,2538.92,2.7,1.6,2.38,2.33,10897.98,3.25,1.01,1.01,1.56,4938.12,,1.59,1.17,1.38,1.35,887.89,2.36,2.5,1.03,0.96
30/07/2021,5:17:00 PM,5:17:33 PM,Wagga,NSW,8,185781627,R8 1740m Pace M,185781628,Harness,1740,Pace,15586698,3,Zhukov Leis,LOSER,46.06,LOSER,,138.99,85,27,85,46.43,191.58,690,6.4,690,19.83,198.38,,5.6,4,5.6,4.67,1.31,55,65,1.03,0.96
30/07/2021,5:17:00 PM,5:17:33 PM,Wagga,NSW,8,185781627,R8 1740m Pace M,185781628,Harness,1740,Pace,22361359,4,Rocky Branach,LOSER,21.49,LOSER,,309.48,50,15.5,21,20.33,359.89,690,12,690,29.1,74.41,,3.8,3.35,3.35,3.39,208.17,23,28,1.03,0.96
30/07/2021,5:17:00 PM,5:17:33 PM,Wagga,NSW,8,185781627,R8 1740m Pace M,185781628,Harness,1740,Pace,20486363,6,Are Doubleyou,LOSER,6.4,WINNER,,745.7,7.6,4.9,5.7,5.92,1705.78,690,5,490,8.7,388.78,,1.87,1.8,1.8,1.82,15.87,5.9,6,1.03,0.96
30/07/2021,5:17:00 PM,5:17:33 PM,Wagga,NSW,8,185781627,R8 1740m Pace M,185781628,Harness,1740,Pace,11565397,7,Machkori,LOSER,13,LOSER,,243.49,44,12,12,14.95,565.18,780,6.4,690,17.66,177.33,,3.35,2.7,3.35,3.1,27.62,13.5,15,1.03,0.96
30/07/2021,5:17:00 PM,5:17:33 PM,Wagga,NSW,8,185781627,R8 1740m Pace M,185781628,Harness,1740,Pace,9675899,8,Our Sir Ivanhoe,LOSER,342.11,LOSER,,55.21,1000,55,540,296.79,59.84,700,280,700,372.06,24.38,,50,40,50,48.19,17.06,210,230,1.03,0.96
30/07/2021,5:17:00 PM,5:17:33 PM,Wagga,NSW,8,185781627,R8 1740m Pace M,185781628,Harness,1740,Pace,18426145,9,Run Business Run,LOSER,48.32,LOSER,,108.42,90,27,85,61.28,103.94,780,30,690,73.96,25.64,,,,,,,65,80,1.03,0.96
30/07/2021,5:17:00 PM,5:17:33 PM,Wagga,NSW,8,185781627,R8 1740m Pace M,185781628,Harness,1740,Pace,27932766,10,Metal Rock,LOSER,3.96,WINNER,,899.76,6.8,3.65,3.85,4.11,2837.6,690,2.4,490,5.95,888.71,,1.74,1.45,1.45,1.48,11.71,3.8,4,1.03,0.96
31/07/2021,5:13:00 PM,5:14:13 PM,Albion Park,QLD,1,185814056,R1 2138m Pace M,185814057,Harness,2138,Pace,27152402,1,Mach Da Vinci,LOSER,2.29,WINNER,1.27,2516.9,3.4,2.1,2.52,2.67,10404.19,120,1.41,120,2.71,4090.3,845.3,1.42,1.17,1.17,1.24,750.27,2.5,2.64,1.05,0.96
31/07/2021,5:13:00 PM,5:14:13 PM,Albion Park,QLD,1,185814056,R1 2138m Pace M,185814057,Harness,2138,Pace,24608333,2,Ragnarr,LOSER,48,LOSER,6.35,148.87,100,18.5,48,59.7,152.97,690,14,680,46.07,54.56,285.86,7,4.8,5.8,5.79,135.37,50,80,1.05,0.96
31/07/2021,5:13:00 PM,5:14:13 PM,Albion Park,QLD,1,185814056,R1 2138m Pace M,185814057,Harness,2138,Pace,40198178,3,The Croupier,LOSER,46,LOSER,7.1,183.9,100,21,46,59.21,117.71,980,23,980,88.43,21.75,134.02,7.4,5.1,5.3,5.58,98.6,65,90,1.05,0.96
31/07/2021,5:13:00 PM,5:14:13 PM,Albion Park,QLD,1,185814056,R1 2138m Pace M,185814057,Harness,2138,Pace,10687063,4,Jumping Jack Jimmy,LOSER,34,LOSER,6.05,182.57,95,19,34,49.83,184.61,980,21,980,98.88,30.67,272.27,6.6,4.6,4.7,5.03,135.44,70,90,1.05,0.96
31/07/2021,5:13:00 PM,5:14:13 PM,Albion Park,QLD,1,185814056,R1 2138m Pace M,185814057,Harness,2138,Pace,12990651,5,Make Mine Heaven,LOSER,16.33,LOSER,2.89,242.76,32,14,14,23.01,841.45,690,10,680,31.89,140.66,491.36,4,2.6,2.6,2.95,220.45,21,32,1.05,0.96
31/07/2021,5:13:00 PM,5:14:13 PM,Albion Park,QLD,1,185814056,R1 2138m Pace M,185814057,Harness,2138,Pace,24326313,6,Tommy Lincoln,LOSER,3.61,WINNER,1.89,1214.7,4.4,2.96,3.9,3.72,11714.99,490,3.05,490,7.93,812.17,669.46,8.2,1.53,1.81,1.75,802.47,3.6,3.8,1.05,0.96
31/07/2021,5:13:00 PM,5:14:13 PM,Albion Park,QLD,1,185814056,R1 2138m Pace M,185814057,Harness,2138,Pace,18097933,7,El Gran Senor,LOSER,156.31,LOSER,44.67,95.58,330,180,220,278.36,34.17,990,95,990,172.82,53.91,43.92,17,6.6,6.6,9.93,43.04,260,330,1.05,0.96
31/07/2021,5:13:00 PM,5:14:13 PM,Albion Park,QLD,1,185814056,R1 2138m Pace M,185814057,Harness,2138,Pace,5154438,8,Crunch Time,WINNER,4.76,WINNER,13.13,929.63,10,3.8,5,4.82,6089.88,12.5,1.01,1.01,2.4,4512.98,131.21,85,1.42,3.25,6.18,529.86,4,4.2,1.05,0.96
31/07/2021,5:13:00 PM,5:14:13 PM,Albion Park,QLD,1,185814056,R1 2138m Pace M,185814057,Harness,2138,Pace,24075002,9,Nowhere Creek,LOSER,37.89,LOSER,3.46,221.69,80,19.5,42,48.6,167.41,980,16.5,380,75.47,73.39,271.62,8.2,3.3,3.7,5.09,268.23,55,80,1.05,0.96
31/07/2021,5:13:00 PM,5:14:13 PM,Albion Park,QLD,1,185814056,R1 2138m Pace M,185814057,Harness,2138,Pace,19709853,10,Just Joshin,LOSER,160,LOSER,31.63,39.76,330,120,160,210.72,35.99,990,90,690,238.72,10.86,45.08,55,7.6,8,12.43,62.52,180,290,1.05,0.96
31/07/2021,5:43:00 PM,5:44:00 PM,Albion Park,QLD,2,185814058,R2 2138m Pace M,185814059,Harness,2138,Pace,13321635,1,My Mastercraftsman,LOSER,25,LOSER,4.85,158.67,44,19.5,25,31.01,622.15,690,11,690,41.2,88.18,680.65,7,4.8,5.2,5.26,654.85,34,36,1.02,0.97
31/07/2021,5:43:00 PM,5:44:00 PM,Albion Park,QLD,2,185814058,R2 2138m Pace M,185814059,Harness,2138,Pace,28091525,2,Kensington Bill,LOSER,5.33,WINNER,1.86,1017.99,6.6,5.2,5.3,5.67,2221.07,490,2.08,480,6.59,580.83,951.14,2.2,1.75,1.9,1.9,390.09,5.8,6,1.02,0.97
31/07/2021,5:43:00 PM,5:44:00 PM,Albion Park,QLD,2,185814058,R2 2138m Pace M,185814059,Harness,2138,Pace,16492632,3,Majordoit,LOSER,2.57,LOSER,1.43,1971.2,5.4,2.54,2.56,2.97,10283.92,490,1.9,490,4.53,1722.13,1339.14,1.46,1.4,1.43,1.43,592.99,2.86,2.92,1.02,0.97
31/07/2021,5:43:00 PM,5:44:00 PM,Albion Park,QLD,2,185814058,R2 2138m Pace M,185814059,Harness,2138,Pace,13757769,4,Our Wall Street Wolf,LOSER,17.45,LOSER,4.33,475.51,28,15,18,18.35,599.26,480,21,480,58.89,40.83,314.3,4.5,4.4,4.4,4.42,5,16,17.5,1.02,0.97
31/07/2021,5:43:00 PM,5:44:00 PM,Albion Park,QLD,2,185814058,R2 2138m Pace M,185814059,Harness,2138,Pace,13609414,5,Subtle Delight,LOSER,46.87,LOSER,9.34,152.96,65,30,48,47.01,94,690,34,510,77.48,26.38,53.55,6.8,6.8,6.8,6.8,0.73,46,55,1.02,0.97
31/07/2021,5:43:00 PM,5:44:00 PM,Albion Park,QLD,2,185814058,R2 2138m Pace M,185814059,Harness,2138,Pace,9503356,6,Dream To Share,LOSER,96.52,LOSER,16.24,92.45,150,36,80,86.81,69.05,690,110,690,275.56,5.79,77.49,13,13,13,13,10.59,85,120,1.02,0.97
31/07/2021,5:43:00 PM,5:44:00 PM,Albion Park,QLD,2,185814058,R2 2138m Pace M,185814059,Harness,2138,Pace,16342683,7,Bettor Vision,LOSER,7.99,LOSER,2.6,582.21,8.6,4.8,7.8,7.37,1451.47,290,2.5,280,7.8,538.73,368.92,2.5,1.96,2.38,2.15,93.35,8,8.6,1.02,0.97
31/07/2021,5:43:00 PM,5:44:00 PM,Albion Park,QLD,2,185814058,R2 2138m Pace M,185814059,Harness,2138,Pace,21746376,8,Montana Chief,LOSER,8.69,WINNER,2.31,521.71,13.5,7.6,8.8,8.4,1383.09,100,3.2,100,9.27,230.26,519.58,2.66,2.3,2.3,2.39,325.35,7.8,8.2,1.02,0.97
31/07/2021,5:43:00 PM,5:44:00 PM,Albion Park,QLD,2,185814058,R2 2138m Pace M,185814059,Harness,2138,Pace,18144923,9,Smokin By,WINNER,8.31,WINNER,3.07,978.22,10,5.3,8.2,8.42,1602.68,10.5,1.01,1.02,1.51,2614.95,376.3,2.92,2.5,2.92,2.52,123.13,8.4,9,1.02,0.97
31/07/2021,6:13:00 PM,6:14:30 PM,Albion Park,QLD,3,185814060,R3 2138m Pace M,185814061,Harness,2138,Pace,11735692,1,Rocknroll Icon,LOSER,12.48,WINNER,4.17,400.28,27,13,15,17.02,952.54,490,2.84,490,23.71,161.63,288.06,4.6,3.65,3.65,4.09,113.19,17,19,1.05,0.97
31/07/2021,6:13:00 PM,6:14:30 PM,Albion Park,QLD,3,185814060,R3 2138m Pace M,185814061,Harness,2138,Pace,18129867,2,Kid Montana,LOSER,8.8,LOSER,3.55,527.21,15,8.8,9.4,11.91,2103.45,490,7,480,20.34,96.71,386.71,3.65,3.2,3.65,3.38,120.81,12,13,1.05,0.97
31/07/2021,6:13:00 PM,6:14:30 PM,Albion Park,QLD,3,185814060,R3 2138m Pace M,185814061,Harness,2138,Pace,10941759,3,Our Uncle Sam,LOSER,5.9,LOSER,2.25,848.42,8.4,5.5,6,5.87,2592.49,1000,5.3,1000,64.5,191.93,674.39,2.46,2.12,2.12,2.12,70.74,5.7,5.9,1.05,0.97
31/07/2021,6:13:00 PM,6:14:30 PM,Albion Park,QLD,3,185814060,R3 2138m Pace M,185814061,Harness,2138,Pace,18040183,4,Uncle Jord,WINNER,9.4,WINNER,2.71,507.59,16.5,7.6,9.2,10,1594.38,30,1.05,1.12,3.24,567.55,580.3,2.74,2.54,2.6,2.61,194.2,9.8,10.5,1.05,0.97
31/07/2021,6:13:00 PM,6:14:30 PM,Albion Park,QLD,3,185814060,R3 2138m Pace M,185814061,Harness,2138,Pace,22970694,5,Blacksadance,LOSER,8.05,LOSER,2.2,544.67,7.2,3.8,7.2,5.75,3004.77,280,3.1,170,9.89,157.54,700.13,2.3,1.98,2.3,2.11,379.02,5.7,6.2,1.05,0.97
31/07/2021,6:13:00 PM,6:14:30 PM,Albion Park,QLD,3,185814060,R3 2138m Pace M,185814061,Harness,2138,Pace,12397155,6,Alta Orlando,WINNER,8.6,WINNER,2.71,434.74,10,4.1,8.6,6.84,1635.58,60,1.04,1.65,3.47,1465.14,605.14,2.66,1.97,2.66,2.07,190.33,6.8,8,1.05,0.97
31/07/2021,6:13:00 PM,6:14:30 PM,Albion Park,QLD,3,185814060,R3 2138m Pace M,185814061,Harness,2138,Pace,12853124,7,Scoob Operator,LOSER,26,LOSER,6,246.36,26,11.5,25,19.11,824.87,490,4.4,490,30.01,73.12,179.01,4.7,4.1,4.6,4.25,63,18.5,20,1.05,0.97
31/07/2021,6:13:00 PM,6:14:30 PM,Albion Park,QLD,3,185814060,R3 2138m Pace M,185814061,Harness,2138,Pace,24252603,8,Bright Energy,LOSER,3.96,LOSER,1.61,1424.33,5.9,3.9,4.1,4.14,5204.45,170,1.88,60,2.86,1684.63,994.96,2,1.58,1.67,1.7,1713.53,3.9,4.1,1.05,0.97
31/07/2021,6:38:00 PM,6:38:49 PM,Albion Park,QLD,4,185814062,R4 1660m Pace M,185814063,Harness,1660,Pace,35790842,1,Our Action Man,WINNER,3.05,WINNER,1.52,2329.68,4.1,2.76,3.15,3.33,6806.58,3.15,1.01,1.01,1.53,8665.73,919.74,1.5,1.27,1.43,1.43,384.55,3.15,3.35,1.05,0.97
31/07/2021,6:38:00 PM,6:38:49 PM,Albion Park,QLD,4,185814062,R4 1660m Pace M,185814063,Harness,1660,Pace,24986261,2,The Ideal Dancer,LOSER,25,LOSER,4.33,174.66,48,22,25,27.77,538.53,690,18.5,690,57.08,42.79,208.02,5.9,4.1,4.3,4.74,1193.52,26,29,1.05,0.97
31/07/2021,6:38:00 PM,6:38:49 PM,Albion Park,QLD,4,185814062,R4 1660m Pace M,185814063,Harness,1660,Pace,23246998,3,Rock Fisherman,LOSER,81.7,LOSER,24.22,433.02,560,6.8,390,18.55,2860.18,1000,11.5,1000,127.29,236.38,30.82,30,2.12,30,6.64,440.01,7.4,8,1.05,0.97
31/07/2021,6:38:00 PM,6:38:49 PM,Albion Park,QLD,4,185814062,R4 1660m Pace M,185814063,Harness,1660,Pace,25067403,4,El Aguila,LOSER,15.79,LOSER,5.02,293.94,27,15,15,18.24,665.17,780,17,780,68.19,39.51,360.38,3.7,3.6,3.6,3.6,5.18,18.5,19.5,1.05,0.97
31/07/2021,6:38:00 PM,6:38:49 PM,Albion Park,QLD,4,185814062,R4 1660m Pace M,185814063,Harness,1660,Pace,25064669,5,Good As It Gets,LOSER,13,LOSER,3.54,415.77,20,11.5,13.5,14.42,1389.58,780,9.4,780,42.83,102.43,316.18,,,,,,12.5,14,1.05,0.97
31/07/2021,6:38:00 PM,6:38:49 PM,Albion Park,QLD,4,185814062,R4 1660m Pace M,185814063,Harness,1660,Pace,17635806,6,Rocknroll Dude,LOSER,72.28,LOSER,10.2,127.88,150,29,80,90.78,71.46,690,5,480,36.74,145.99,161.18,9.4,9.4,9.4,9.4,1.46,85,110,1.05,0.97
31/07/2021,6:38:00 PM,6:38:49 PM,Albion Park,QLD,4,185814062,R4 1660m Pace M,185814063,Harness,1660,Pace,10199184,7,One Last Roll,LOSER,131.34,LOSER,24.92,56.21,200,80,170,126.39,70.51,960,50,460,174.26,17.64,71.61,,,,,,160,190,1.05,0.97
31/07/2021,6:38:00 PM,6:38:49 PM,Albion Park,QLD,4,185814062,R4 1660m Pace M,185814063,Harness,1660,Pace,16421351,8,Life Lavros,LOSER,2.66,WINNER,1.34,2078.14,3.6,2.36,2.62,2.9,12540.09,200,2.02,200,2.71,2726.63,1687.57,1.45,1.3,1.3,1.39,1191.99,3.1,3.3,1.05,0.97
31/07/2021,6:38:00 PM,6:38:49 PM,Albion Park,QLD,4,185814062,R4 1660m Pace M,185814063,Harness,1660,Pace,25979867,9,Soho Sinatra,LOSER,10.6,WINNER,3.01,451.15,16,9.2,9.2,11.95,2011.97,780,6.6,580,25.18,140.1,130.84,3.4,2.62,2.62,3.08,628.35,12.5,14,1.05,0.97
31/07/2021,7:05:00 PM,7:05:59 PM,Albion Park,QLD,5,185814064,R5 1660m Pace M,185814065,Harness,1660,Pace,13673113,1,Itsmegs,LOSER,76.57,LOSER,10.84,110.89,100,38,85,68.98,151.64,940,70,940,153.27,27.23,99.96,,,,,,85,90,1.03,0.98
31/07/2021,7:05:00 PM,7:05:59 PM,Albion Park,QLD,5,185814064,R5 1660m Pace M,185814065,Harness,1660,Pace,27849360,2,Lavazza,LOSER,161.85,LOSER,13.5,60.56,200,75,200,134.79,26.27,700,48,700,145.84,51.01,8.11,13.5,9.2,13.5,12.02,2.9,130,140,1.03,0.98
31/07/2021,7:05:00 PM,7:05:59 PM,Albion Park,QLD,5,185814064,R5 1660m Pace M,185814065,Harness,1660,Pace,26992630,3,Kay Nora Shannon,LOSER,92.73,LOSER,18.67,171.35,400,85,90,143.38,208.85,230,15,230,35.51,67.91,55.95,16,12.5,16,14.98,20,150,170,1.03,0.98
31/07/2021,7:05:00 PM,7:05:59 PM,Albion Park,QLD,5,185814064,R5 1660m Pace M,185814065,Harness,1660,Pace,17773878,5,Our Stella Rose,LOSER,19,LOSER,3.21,394.07,32,12,17.5,15.59,1040.34,780,19,780,75.35,44.98,172.43,2.98,2.8,2.92,2.9,18.63,16.5,18,1.03,0.98
31/07/2021,7:05:00 PM,7:05:59 PM,Albion Park,QLD,5,185814064,R5 1660m Pace M,185814065,Harness,1660,Pace,531738,6,Quick Step,LOSER,2.31,LOSER,1.54,6786.5,3.4,2.66,2.66,2.94,8969.11,490,1.13,490,2.72,4720.92,1231.4,1.63,1.4,1.53,1.57,1585.3,2.86,2.94,1.03,0.98
31/07/2021,7:05:00 PM,7:05:59 PM,Albion Park,QLD,5,185814064,R5 1660m Pace M,185814065,Harness,1660,Pace,23379646,7,Voodoo Lou,LOSER,4.1,WINNER,1.59,1131.29,4.4,2.7,4,3.7,5179.17,100,4.1,100,6.26,608.25,951.54,1.68,1.43,1.56,1.61,993.07,3.7,3.85,1.03,0.98
31/07/2021,7:05:00 PM,7:05:59 PM,Albion Park,QLD,5,185814064,R5 1660m Pace M,185814065,Harness,1660,Pace,25521980,8,Raani,LOSER,7.56,WINNER,1.68,725.59,12,6.6,7.2,7.63,2212.27,150,6.2,130,10.85,202.15,987.87,2.22,1.68,1.8,1.77,273.87,7.4,8,1.03,0.98
31/07/2021,7:05:00 PM,7:05:59 PM,Albion Park,QLD,5,185814064,R5 1660m Pace M,185814065,Harness,1660,Pace,38262314,9,Sport Mental,WINNER,6.2,WINNER,1.91,792.91,7.2,5.1,5.8,5.55,2156.67,28,1.01,1.01,2.08,2684.64,507.53,2.1,1.62,1.95,1.92,453.33,5.4,5.7,1.03,0.98
31/07/2021,7:35:00 PM,7:36:12 PM,Albion Park,QLD,6,185814066,R6 1660m Pace M,185814067,Harness,1660,Pace,25357178,1,Simon,LOSER,8.27,LOSER,2.12,660.76,11,7,10.5,8.85,2408.32,1000,3.05,480,10.56,654.33,958.29,2.36,2,2.22,2.18,663.14,8.6,9.6,1.03,0.97
31/07/2021,7:35:00 PM,7:36:12 PM,Albion Park,QLD,6,185814066,R6 1660m Pace M,185814067,Harness,1660,Pace,8624653,2,No Confession,LOSER,162.6,LOSER,47.29,159.43,290,160,260,229.12,61.43,1000,50,1000,162.77,60.36,43.78,,,,,,170,190,1.03,0.97
31/07/2021,7:35:00 PM,7:36:12 PM,Albion Park,QLD,6,185814066,R6 1660m Pace M,185814067,Harness,1660,Pace,17399061,3,First String,LOSER,3.1,LOSER,1.71,2164.14,3.6,2.1,2.96,3.07,8570.85,1000,2.4,1000,5.55,951.53,432.41,1.71,1.32,1.71,1.47,751.56,3.15,3.3,1.03,0.97
31/07/2021,7:35:00 PM,7:36:12 PM,Albion Park,QLD,6,185814066,R6 1660m Pace M,185814067,Harness,1660,Pace,27500734,4,Slick Blaster,LOSER,14.82,WINNER,4.3,296.88,20,10,20,15.99,667.58,1000,14.5,690,40.92,82.88,145.42,3.35,2.88,3.3,3.09,1158.69,14,15,1.03,0.97
31/07/2021,7:35:00 PM,7:36:12 PM,Albion Park,QLD,6,185814066,R6 1660m Pace M,185814067,Harness,1660,Pace,18953344,5,Make Mine Memphis,WINNER,6.03,WINNER,2.06,1008.99,9.4,5.9,6.8,7.36,3914.12,13,1.01,1.01,1.66,4050.1,910.84,2.2,1.94,2.14,2.07,193.66,7.2,7.6,1.03,0.97
31/07/2021,7:35:00 PM,7:36:12 PM,Albion Park,QLD,6,185814066,R6 1660m Pace M,185814067,Harness,1660,Pace,28424653,6,Crazy Shippo,LOSER,14.81,LOSER,41.75,793.54,60,16.5,27,26.24,698.83,1000,7.4,1000,28.83,172.46,47.79,110,9.8,110,40.66,0.82,22,25,1.03,0.97
31/07/2021,7:35:00 PM,7:36:12 PM,Albion Park,QLD,6,185814066,R6 1660m Pace M,185814067,Harness,1660,Pace,384751,7,Blue Moon Rising,LOSER,17.91,LOSER,4.18,394.3,27,12,20,18.52,1073.73,1000,3.15,780,53.55,50.11,266.42,3.9,3.6,3.9,3.75,10,15,17,1.03,0.97
31/07/2021,7:35:00 PM,7:36:12 PM,Albion Park,QLD,6,185814066,R6 1660m Pace M,185814067,Harness,1660,Pace,22213023,8,Double Or Nothing,LOSER,3.88,WINNER,1.49,2295.14,5.8,3.45,3.9,3.87,6912.41,1000,1.73,490,3.61,1967.04,714.7,1.84,1.37,1.52,1.51,457.94,3.7,3.8,1.03,0.97
31/07/2021,8:07:00 PM,8:07:43 PM,Albion Park,QLD,7,185814068,R7 1660m Pace M,185814069,Harness,1660,Pace,24796702,1,Ale Ale Kai,LOSER,19.4,LOSER,4,315.7,18,12.5,16,14.99,804.06,780,18.5,490,66.98,68.14,261.49,4.5,4,4,4.16,86.97,14.5,15.5,1.02,0.98
31/07/2021,8:07:00 PM,8:07:43 PM,Albion Park,QLD,7,185814068,R7 1660m Pace M,185814069,Harness,1660,Pace,26801333,2,Total Diva,LOSER,43.2,LOSER,12.98,121.94,65,16,44,36.6,551.14,690,19,690,37.12,52.09,112.91,,,,,,34,42,1.02,0.98
31/07/2021,8:07:00 PM,8:07:43 PM,Albion Park,QLD,7,185814068,R7 1660m Pace M,185814069,Harness,1660,Pace,28727698,3,Oaxacan Dream,LOSER,13.63,WINNER,5.8,723.66,16,7.8,14.5,12.67,706.82,85,1.28,36,12.46,367.39,199.26,4.2,3.75,4,3.92,42,14,14.5,1.02,0.98
31/07/2021,8:07:00 PM,8:07:43 PM,Albion Park,QLD,7,185814068,R7 1660m Pace M,185814069,Harness,1660,Pace,23183985,4,Miss Ruby Sunshine,WINNER,1.57,WINNER,1.29,4658.92,2.3,1.61,1.61,1.74,17720.63,5,1.01,1.03,1.27,9663.56,938.5,1.33,1.25,1.33,1.3,806.37,1.65,1.66,1.02,0.98
31/07/2021,8:07:00 PM,8:07:43 PM,Albion Park,QLD,7,185814068,R7 1660m Pace M,185814069,Harness,1660,Pace,13262341,5,Arma Naughty,LOSER,15.64,LOSER,5.64,695.26,36,16,24,25.51,505.27,790,13,790,27.73,258.95,182.54,6.4,5,5.6,5.85,200.8,28,32,1.02,0.98
31/07/2021,8:07:00 PM,8:07:43 PM,Albion Park,QLD,7,185814068,R7 1660m Pace M,185814069,Harness,1660,Pace,17006157,6,With The Band,LOSER,6.4,LOSER,2.54,862.72,6.4,4.4,6.2,5.27,3212.17,690,5.5,490,10.98,319.67,724.34,2.4,2.16,2.4,2.32,136.37,5.9,6.2,1.02,0.98
31/07/2021,8:07:00 PM,8:07:43 PM,Albion Park,QLD,7,185814068,R7 1660m Pace M,185814069,Harness,1660,Pace,28152896,7,Ajay Breezy Rose,LOSER,27.47,LOSER,7.25,291.25,75,24,32,30.34,282.33,690,25,500,40.73,64.57,191.66,,,,,,28,32,1.02,0.98
31/07/2021,8:37:00 PM,8:38:05 PM,Albion Park,QLD,8,185814070,R8 2647m Trot S,185814071,Harness,2647,Trot,8421356,1,Majestic Ess Jay,LOSER,11.29,WINNER,4.01,317.62,16,8,10,10.16,1735.28,690,2.6,48,9.1,321.89,426.12,4.2,3.35,3.9,3.97,139.72,8.6,9.4,1.03,0.98
31/07/2021,8:37:00 PM,8:38:05 PM,Albion Park,QLD,8,185814070,R8 2647m Trot S,185814071,Harness,2647,Trot,9355749,2,Justabitnoisy,LOSER,36,LOSER,13.75,177.56,85,38,38,41.99,152.81,930,1.54,46,47.37,122.31,116.32,,,,,,36,38,1.03,0.98
31/07/2021,8:37:00 PM,8:38:05 PM,Albion Park,QLD,8,185814070,R8 2647m Trot S,185814071,Harness,2647,Trot,4097210,3,Kingdom Come,LOSER,7.3,LOSER,3.55,515.15,9.4,6.6,7,7.51,1995.16,690,4.8,34,10.28,904.76,442.77,3.7,3.15,3.55,3.22,364.84,7.4,7.6,1.03,0.98
31/07/2021,8:37:00 PM,8:38:05 PM,Albion Park,QLD,8,185814070,R8 2647m Trot S,185814071,Harness,2647,Trot,12925243,4,More Shades Of Gold,LOSER,9.71,LOSER,3.85,693.61,18.5,9,10,12.01,1401.83,690,1.63,490,5.36,1017.07,348.26,5.5,3.55,3.65,3.76,319.37,10,10.5,1.03,0.98
31/07/2021,8:37:00 PM,8:38:05 PM,Albion Park,QLD,8,185814070,R8 2647m Trot S,185814071,Harness,2647,Trot,8168606,5,Gee Up Neddy,LOSER,24,LOSER,7.5,132.65,24,9.4,24,17.74,460.3,900,8.4,690,41.61,58.93,252.08,5,4.9,4.9,4.9,313.29,20,24,1.03,0.98
31/07/2021,8:37:00 PM,8:38:05 PM,Albion Park,QLD,8,185814070,R8 2647m Trot S,185814071,Harness,2647,Trot,8667753,6,Our Overanova,WINNER,4,WINNER,2.36,857.49,5.1,3.45,4.1,4.43,2854.23,4,1.02,1.03,1.56,8482.59,793.36,2.34,1.72,2.3,2.23,132.8,4.5,4.7,1.03,0.98
31/07/2021,8:37:00 PM,8:38:05 PM,Albion Park,QLD,8,185814070,R8 2647m Trot S,185814071,Harness,2647,Trot,23926974,7,Majestic Simon,LOSER,3.03,LOSER,1.88,1455.18,3.5,2.18,2.76,2.66,6284.04,690,2.7,690,12.42,986.5,464.33,1.84,1.58,1.84,1.76,149.87,2.64,2.72,1.03,0.98
31/07/2021,9:05:00 PM,9:06:05 PM,Albion Park,QLD,9,185814072,R9 1660m Pace M,185814073,Harness,1660,Pace,38554987,1,Zenxena,LOSER,68.5,LOSER,11,153.41,190,46,170,68.92,148.04,690,34,300,90.51,33.38,38.26,14,8,9.8,10.11,100.21,70,85,1.02,0.98
31/07/2021,9:05:00 PM,9:06:05 PM,Albion Park,QLD,9,185814072,R9 1660m Pace M,185814073,Harness,1660,Pace,40372320,3,Gotta Beauty,LOSER,123.68,LOSER,38.64,45.84,330,85,280,119.38,74.39,700,85,700,150.8,15.77,50.84,60,19,60,51.4,3.69,90,140,1.02,0.98
31/07/2021,9:05:00 PM,9:06:05 PM,Albion Park,QLD,9,185814072,R9 1660m Pace M,185814073,Harness,1660,Pace,38936331,4,Misty Creek,LOSER,18.39,LOSER,3.95,273.39,40,19,22,25.4,510.03,780,11,690,35.61,85.79,341.7,6,3.45,3.55,3.7,1124.69,22,24,1.02,0.98
31/07/2021,9:05:00 PM,9:06:05 PM,Albion Park,QLD,9,185814072,R9 1660m Pace M,185814073,Harness,1660,Pace,39317047,5,My Ultimate Levi,LOSER,6.4,WINNER,1.48,898.43,9.4,4.8,6.6,6.06,4340.15,100,2.74,100,6.37,768.56,1781.13,1.58,1.25,1.48,1.46,2020.63,5.6,6,1.02,0.98
31/07/2021,9:05:00 PM,9:06:05 PM,Albion Park,QLD,9,185814072,R9 1660m Pace M,185814073,Harness,1660,Pace,40372321,6,My Ultimate Baxter,WINNER,1.23,WINNER,1.09,6446.53,1.38,1.19,1.27,1.27,21196.47,1.51,1.01,1.01,1.17,12054.45,366.82,1.1,1.05,1.09,1.07,1655.97,1.3,1.32,1.02,0.98
31/07/2021,6:43:00 PM,6:44:25 PM,Globe Derby,SA,1,185818829,R1 2230m Pace M,185818830,Harness,2230,Pace,9503438,1,Tulhurst Ace,LOSER,34.9,LOSER,7.24,125.28,36,15,34,24.27,278.58,910,38,910,95.79,24.87,226.72,7.6,6.2,7.2,6.83,71.67,25,26,1.03,0.98
31/07/2021,6:43:00 PM,6:44:25 PM,Globe Derby,SA,1,185818829,R1 2230m Pace M,185818830,Harness,2230,Pace,9293741,2,Futurist,LOSER,18.92,LOSER,7.67,307.11,34,16,24,23.45,248.57,910,18,500,104.02,60.09,157.3,7,5.5,5.9,6.07,47.92,25,28,1.03,0.98
31/07/2021,6:43:00 PM,6:44:25 PM,Globe Derby,SA,1,185818829,R1 2230m Pace M,185818830,Harness,2230,Pace,16125563,3,Breach The Beach,LOSER,28.64,LOSER,10,205.56,40,20,32,27.4,295.76,920,26,920,91.78,23.47,106.05,8.4,8.4,8.4,8.4,20,24,27,1.03,0.98
31/07/2021,6:43:00 PM,6:44:25 PM,Globe Derby,SA,1,185818829,R1 2230m Pace M,185818830,Harness,2230,Pace,23826371,4,Yankee Lincoln,LOSER,3.13,LOSER,1.73,1191.32,4.3,2.44,3.05,2.92,4086.62,490,2.3,490,6.63,360.01,812.78,1.77,1.62,1.76,1.73,924.78,2.66,2.74,1.03,0.98
31/07/2021,6:43:00 PM,6:44:25 PM,Globe Derby,SA,1,185818829,R1 2230m Pace M,185818830,Harness,2230,Pace,18739610,5,Culture King,LOSER,11.85,WINNER,4.6,501.63,19.5,11.5,12,12.69,1004.71,690,3.3,490,12.4,282.57,239.76,4.5,4.2,4.2,4.23,4.78,12,12.5,1.03,0.98
31/07/2021,6:43:00 PM,6:44:25 PM,Globe Derby,SA,1,185818829,R1 2230m Pace M,185818830,Harness,2230,Pace,10147791,6,Van Mara,WINNER,2.07,WINNER,1.57,2966.72,2.7,1.56,2.2,2.34,7357.24,2.34,1.01,1.01,1.41,3983.24,1269.4,1.74,1.5,1.51,1.67,1037.89,2.5,2.6,1.03,0.98
31/07/2021,6:43:00 PM,6:44:25 PM,Globe Derby,SA,1,185818829,R1 2230m Pace M,185818830,Harness,2230,Pace,13443739,7,Ellmers Hoofing It,LOSER,21.22,LOSER,8.2,251.94,38,20,25,23.89,184.82,920,21,920,94.34,19.27,111.68,,,,,,22,25,1.03,0.98
31/07/2021,7:12:00 PM,7:12:40 PM,Globe Derby,SA,2,185818831,R2 2230m Trot S,185818832,Harness,2230,Trot,39610803,1,Aldebaran Dianna,WINNER,2.19,WINNER,1.38,1656.48,3.6,2.1,2.24,2.41,1538.16,2.8,1.01,1.03,1.8,2831.24,1347.44,1.52,1.35,1.38,1.42,220.45,2.34,2.4,1.02,0.97
31/07/2021,7:12:00 PM,7:12:40 PM,Globe Derby,SA,2,185818831,R2 2230m Trot S,185818832,Harness,2230,Trot,26435640,2,Winsome Ruby,LOSER,145.82,LOSER,33.67,13.45,180,90,100,132.25,30.78,700,100,700,482.95,1.28,58.81,,,,,,95,170,1.02,0.97
31/07/2021,7:12:00 PM,7:12:40 PM,Globe Derby,SA,2,185818831,R2 2230m Trot S,185818832,Harness,2230,Trot,39989673,3,Super Angus,LOSER,14.5,LOSER,4.1,240.14,14,6.8,12,9.54,683.08,890,7,700,77.88,28.61,412.09,2.9,2.9,2.9,2.9,3.79,11,11.5,1.02,0.97
31/07/2021,7:12:00 PM,7:12:40 PM,Globe Derby,SA,2,185818831,R2 2230m Trot S,185818832,Harness,2230,Trot,28329823,4,Romances,LOSER,2.5,WINNER,1.53,1340.9,2.9,1.94,2.48,2.51,1382.82,170,1.92,65,3.56,1499.91,1095.63,1.54,1.43,1.53,1.52,112.71,2.44,2.54,1.02,0.97
31/07/2021,7:12:00 PM,7:12:40 PM,Globe Derby,SA,2,185818831,R2 2230m Trot S,185818832,Harness,2230,Trot,23957733,5,Bacardi Bindi,LOSER,49.83,LOSER,12,93.54,65,40,50,42.72,17.74,780,26,780,169.37,5.5,153.26,,,,,,40,55,1.02,0.97
31/07/2021,7:12:00 PM,7:12:40 PM,Globe Derby,SA,2,185818831,R2 2230m Trot S,185818832,Harness,2230,Trot,23294159,6,Ceejay Success,LOSER,38,LOSER,7.4,96.3,42,23,38,32.64,36.88,740,25,740,58.43,24.92,183.1,7.6,7.4,7.6,7.59,93.94,32,38,1.02,0.97
31/07/2021,7:12:00 PM,7:12:40 PM,Globe Derby,SA,2,185818831,R2 2230m Trot S,185818832,Harness,2230,Trot,12863595,7,Muscletonian,LOSER,35.64,LOSER,11.35,127.05,38,24,38,34.1,67.67,730,23,690,60.81,26.9,160.44,,,,,,34,38,1.02,0.97
31/07/2021,7:47:00 PM,7:47:40 PM,Globe Derby,SA,3,185818833,R3 1800m Pace M,185818834,Harness,1800,Pace,27399199,1,Delightful Gnp,LOSER,4.79,LOSER,1.6,436.94,5,2.14,4.7,4,3287.09,1000,4.1,1000,21.52,405.93,901.71,1.65,1.33,1.53,1.51,440.22,3.95,3.35,1.03,1.02
31/07/2021,7:47:00 PM,7:47:40 PM,Globe Derby,SA,3,185818833,R3 1800m Pace M,185818834,Harness,1800,Pace,4603348,2,Above Average,LOSER,46.97,LOSER,9.03,120.83,70,32,46,39.87,208.71,690,11,200,37.66,131.21,128.98,,,,,,42,46,1.03,1.02
31/07/2021,7:47:00 PM,7:47:40 PM,Globe Derby,SA,3,185818833,R3 1800m Pace M,185818834,Harness,1800,Pace,22821933,3,Ammicchi,LOSER,16.36,LOSER,4.03,225.08,22,12.5,15.5,16.76,864.1,690,13.5,690,49.17,38.72,341.41,3.8,2.98,3.05,3.24,54.53,12.5,13.5,1.03,1.02
31/07/2021,7:47:00 PM,7:47:40 PM,Globe Derby,SA,3,185818833,R3 1800m Pace M,185818834,Harness,1800,Pace,6385482,4,Artillery,WINNER,2.86,WINNER,1.41,1456.06,3.95,2.84,3.1,3.28,4873.43,4.5,1.07,1.07,1.96,4294.73,974.97,1.5,1.4,1.44,1.44,493.15,3.25,3.4,1.03,1.02
31/07/2021,7:47:00 PM,7:47:40 PM,Globe Derby,SA,3,185818833,R3 1800m Pace M,185818834,Harness,1800,Pace,12909267,5,Clarenden Hustler,LOSER,154.79,LOSER,26,29.67,200,95,95,114.02,24.65,700,50,700,211.52,31.91,,,,,,,95,170,1.03,1.02
31/07/2021,7:47:00 PM,7:47:40 PM,Globe Derby,SA,3,185818833,R3 1800m Pace M,185818834,Harness,1800,Pace,21051052,6,Sabreur,LOSER,46.38,LOSER,10.14,142.93,130,44,48,56.05,86.21,690,40,690,66.87,29.72,105.94,,,,,,55,70,1.03,1.02
31/07/2021,7:47:00 PM,7:47:40 PM,Globe Derby,SA,3,185818833,R3 1800m Pace M,185818834,Harness,1800,Pace,15007121,7,Charming Major,LOSER,47.09,WINNER,7.55,111.64,90,38,44,45.59,89.2,690,22,300,56.61,47.8,87.25,7,6,6,6.28,100,42,48,1.03,1.02
31/07/2021,7:47:00 PM,7:47:40 PM,Globe Derby,SA,3,185818833,R3 1800m Pace M,185818834,Harness,1800,Pace,25900087,8,Dungeon Dragon,LOSER,10.97,LOSER,2.51,310.28,13,6.6,10.5,10.2,2311.14,690,10,490,36.39,95.26,857.34,2.74,1.91,2.74,2.39,662.7,10.5,11.5,1.03,1.02
31/07/2021,7:47:00 PM,7:47:40 PM,Globe Derby,SA,3,185818833,R3 1800m Pace M,185818834,Harness,1800,Pace,27850963,9,Gordon Girl,WINNER,3.79,WINNER,1.75,1334.64,4.9,3.8,4,4.37,2594.47,16,1.56,1.62,3.12,1260.29,864.63,1.84,1.61,1.7,1.7,221.56,4.6,4.8,1.03,1.02
31/07/2021,8:20:00 PM,8:20:52 PM,Globe Derby,SA,4,185818835,R4 1800m Pace M,185818836,Harness,1800,Pace,21090058,1,Springfield Desire,LOSER,185.42,LOSER,42.1,22.3,250,110,180,164.97,69.6,700,44,700,104.53,12.03,31.32,,,,,,150,170,1,0.99
31/07/2021,8:20:00 PM,8:20:52 PM,Globe Derby,SA,4,185818835,R4 1800m Pace M,185818836,Harness,1800,Pace,4272495,2,Shadow Hunter,LOSER,12,LOSER,4.57,698.55,19,12,13,16.02,697.42,690,6.6,360,14.92,197.15,262.37,4.3,4.3,4.3,4.3,0.48,15,16,1,0.99
31/07/2021,8:20:00 PM,8:20:52 PM,Globe Derby,SA,4,185818835,R4 1800m Pace M,185818836,Harness,1800,Pace,35818970,3,On The Case,LOSER,25.71,LOSER,8.26,262.79,32,12.5,28,23.21,313.28,910,5,910,22.39,290.13,245.91,5.4,4.9,5.2,5.16,6.23,19.5,22,1,0.99
31/07/2021,8:20:00 PM,8:20:52 PM,Globe Derby,SA,4,185818835,R4 1800m Pace M,185818836,Harness,1800,Pace,7534037,4,Sutter Man,LOSER,24,WINNER,6.73,89.32,25,7,25,18.62,567.62,490,8.8,490,23.61,60.43,274.34,,,,,,14.5,17,1,0.99
31/07/2021,8:20:00 PM,8:20:52 PM,Globe Derby,SA,4,185818835,R4 1800m Pace M,185818836,Harness,1800,Pace,35382083,5,Master Caribbean,LOSER,1.67,LOSER,1.33,1976.07,2,1.53,1.69,1.63,12355.69,690,1.56,490,2.62,2446.19,1502.87,1.46,1.22,1.37,1.36,960.15,1.7,1.65,1,0.99
31/07/2021,8:20:00 PM,8:20:52 PM,Globe Derby,SA,4,185818835,R4 1800m Pace M,185818836,Harness,1800,Pace,4639601,6,Easy Rolling,WINNER,5.32,WINNER,2.19,656.28,7.4,4.7,5.8,6.05,1036.06,10,1.01,1.04,1.95,1361.06,253.4,2.34,2,2.14,2.13,611.62,6.4,6.6,1,0.99
31/07/2021,8:20:00 PM,8:20:52 PM,Globe Derby,SA,4,185818835,R4 1800m Pace M,185818836,Harness,1800,Pace,28343914,8,Rocknroll Yankee,LOSER,21,LOSER,4.42,202,22,11.5,18,17.85,132.13,690,7.4,690,88.41,46.78,244.18,4.8,4.2,4.2,4.61,61.81,17.5,18,1,0.99
31/07/2021,8:50:00 PM,8:51:38 PM,Globe Derby,SA,5,185818837,R5 2645m Trot S,185818838,Harness,2645,Trot,10842637,1,Enrolled,LOSER,60.29,LOSER,8.4,89.89,70,25,55,43.9,104.05,130,50,130,65.85,2.26,241.55,10,8.4,8.4,9.58,53.6,42,48,1.04,0.97
31/07/2021,8:50:00 PM,8:51:38 PM,Globe Derby,SA,5,185818837,R5 2645m Trot S,185818838,Harness,2645,Trot,9349077,2,Springbank Eden,LOSER,290,LOSER,19.75,16.64,260,95,160,136.79,32.96,690,100,690,206.04,8.89,48.64,,,,,,130,240,1.04,0.97
31/07/2021,8:50:00 PM,8:51:38 PM,Globe Derby,SA,5,185818837,R5 2645m Trot S,185818838,Harness,2645,Trot,12775127,3,Its Elvis,LOSER,3.71,WINNER,1.61,1018.71,6.8,3.3,3.75,3.86,4220.36,65,1.29,21,3.19,3708.57,529.28,1.79,1.61,1.79,1.72,405.81,3.75,4,1.04,0.97
31/07/2021,8:50:00 PM,8:51:38 PM,Globe Derby,SA,5,185818837,R5 2645m Trot S,185818838,Harness,2645,Trot,13418577,4,Redriverdebba,LOSER,6.75,LOSER,2.03,527.53,6.4,4.3,5.6,5.6,1250.96,690,2.5,690,8.67,374.02,597.14,2.32,2,2.14,2.06,33.05,5.5,5.7,1.04,0.97
31/07/2021,8:50:00 PM,8:51:38 PM,Globe Derby,SA,5,185818837,R5 2645m Trot S,185818838,Harness,2645,Trot,10855819,5,Miracle Rising,LOSER,94.4,WINNER,8.89,59.99,90,42,55,63.49,53.94,690,30,140,66.19,13.46,156.79,,,,,,55,75,1.04,0.97
31/07/2021,8:50:00 PM,8:51:38 PM,Globe Derby,SA,5,185818837,R5 2645m Trot S,185818838,Harness,2645,Trot,1339101,6,Spud,LOSER,15,LOSER,4.3,219.68,21,8.6,16.5,17.06,672.31,490,12.5,490,18.99,34.18,171.27,4.6,2.36,3.75,3.25,364.67,16,19,1.04,0.97
31/07/2021,8:50:00 PM,8:51:38 PM,Globe Derby,SA,5,185818837,R5 2645m Trot S,185818838,Harness,2645,Trot,11704214,7,Foursharesmorebeers,LOSER,13.5,LOSER,3.42,298.37,20,9,14.5,15.11,1001.25,100,1.42,100,9.06,225.55,300.96,3.4,3.2,3.4,3.35,19.69,14.5,15.5,1.04,0.97
31/07/2021,8:50:00 PM,8:51:38 PM,Globe Derby,SA,5,185818837,R5 2645m Trot S,185818838,Harness,2645,Trot,10944913,8,Southern Alps,WINNER,4.32,WINNER,1.87,813.37,9.2,4.7,4.7,5.09,1447.22,5.4,1.01,1.01,1.38,1133.33,770.38,1.97,1.67,1.76,1.84,387.23,4.8,5.1,1.04,0.97
31/07/2021,8:50:00 PM,8:51:38 PM,Globe Derby,SA,5,185818837,R5 2645m Trot S,185818838,Harness,2645,Trot,10948608,9,Galleons Victory,LOSER,5.88,LOSER,2,996.35,6.2,2.82,6,4.97,5040.52,490,1.8,140,4.52,625.37,570.48,2.08,1.6,1.8,1.8,527.31,4.9,5.3,1.04,0.97
31/07/2021,9:20:00 PM,9:22:34 PM,Globe Derby,SA,6,185818839,R6 1800m Pace M,185818840,Harness,1800,Pace,36526732,1,Jaydes Terror,LOSER,13.03,LOSER,3.84,314.11,17,5.2,14.5,11.31,749.19,690,5.2,690,63.15,37.82,243.1,4.3,3.2,4,3.97,254.91,11,12.5,1.02,0.98
31/07/2021,9:20:00 PM,9:22:34 PM,Globe Derby,SA,6,185818839,R6 1800m Pace M,185818840,Harness,1800,Pace,40372318,2,Summerdays,LOSER,6.05,LOSER,2.84,533.93,7.6,4.2,6.2,6.2,1958.9,690,2.88,490,10.98,435.94,581.76,2.66,2.18,2.66,2.47,238.36,5.9,6.2,1.02,0.98
31/07/2021,9:20:00 PM,9:22:34 PM,Globe Derby,SA,6,185818839,R6 1800m Pace M,185818840,Harness,1800,Pace,39326180,3,Whistle On By,LOSER,31.69,WINNER,13.8,102.77,44,20,27,25.26,156.65,690,4.5,690,22.23,69.58,85.1,,,,,,24,25,1.02,0.98
31/07/2021,9:20:00 PM,9:22:34 PM,Globe Derby,SA,6,185818839,R6 1800m Pace M,185818840,Harness,1800,Pace,13146392,4,Childers Road,WINNER,2.2,WINNER,1.54,1645.22,3.1,1.91,2.16,2.09,10979.4,8.8,1.01,1.01,2.33,2438.27,996.88,1.7,1.33,1.52,1.52,1818.2,2.04,2.08,1.02,0.98
31/07/2021,9:20:00 PM,9:22:34 PM,Globe Derby,SA,6,185818839,R6 1800m Pace M,185818840,Harness,1800,Pace,27757629,5,Heza Western,LOSER,5.8,LOSER,2.66,646.79,9.8,5,5.8,6,1165.49,690,1.56,490,4.73,496.23,407.47,3.4,2.48,2.48,2.69,83.35,6.6,6.8,1.02,0.98
31/07/2021,9:20:00 PM,9:22:34 PM,Globe Derby,SA,6,185818839,R6 1800m Pace M,185818840,Harness,1800,Pace,35935796,6,Lillyshelaine,LOSER,37.92,LOSER,27.82,137.37,150,29,29,49.45,212.97,690,24,690,89.58,44.82,46.19,29,16.5,29,19.53,33,55,60,1.02,0.98
31/07/2021,9:20:00 PM,9:22:34 PM,Globe Derby,SA,6,185818839,R6 1800m Pace M,185818840,Harness,1800,Pace,28170400,7,Northern Terror,LOSER,12,LOSER,4.5,271.84,21,12,13.5,14.98,932.02,690,3.9,440,22.45,121.91,200.16,5.5,4.4,4.5,4.69,168.25,16,18,1.02,0.98
31/07/2021,9:50:00 PM,9:50:35 PM,Globe Derby,SA,7,185818841,R7 1800m Pace M,185818842,Harness,1800,Pace,25295680,2,Make Haste,LOSER,25.57,WINNER,7,207.85,30,14.5,29,24.27,128.4,570,12.5,570,53.25,33.66,206.63,5.9,5.8,5.9,5.88,34.08,25,27,1.02,0.98
31/07/2021,9:50:00 PM,9:50:35 PM,Globe Derby,SA,7,185818841,R7 1800m Pace M,185818842,Harness,1800,Pace,16549357,3,Masonjon,LOSER,16.28,LOSER,5.19,226.21,16.5,8.6,16,12.16,618.81,890,6.8,690,31.88,103.34,242.06,3.55,3.5,3.5,3.55,56.53,11,12,1.02,0.98
31/07/2021,9:50:00 PM,9:50:35 PM,Globe Derby,SA,7,185818841,R7 1800m Pace M,185818842,Harness,1800,Pace,22213371,4,Crowded Reactor,LOSER,4.3,LOSER,2.32,709.93,13,3.9,3.95,5.36,3071.96,700,4,700,14.01,193.7,787.93,2.8,2.14,2.14,2.4,128.49,4.7,5.1,1.02,0.98
31/07/2021,9:50:00 PM,9:50:35 PM,Globe Derby,SA,7,185818841,R7 1800m Pace M,185818842,Harness,1800,Pace,39527924,5,Bottle Rock,LOSER,6.2,LOSER,2.25,613.26,6,2.98,6,5.03,1070.46,200,3.15,140,15.71,60.29,304.2,2.24,2.02,2.08,2.07,347.7,5.6,5.7,1.02,0.98
31/07/2021,9:50:00 PM,9:50:35 PM,Globe Derby,SA,7,185818841,R7 1800m Pace M,185818842,Harness,1800,Pace,19932807,6,Crookwell Jake,WINNER,2.88,WINNER,1.4,2713.85,2.3,1.83,2.02,1.96,8114.58,3.75,1.01,1.01,1.53,3174.19,1479.32,1.6,1.25,1.39,1.48,381.7,2,2.04,1.02,0.98
31/07/2021,10:22:00 PM,10:22:44 PM,Globe Derby,SA,8,185818843,R8 1800m Pace M,185818844,Harness,1800,Pace,38554700,1,Carijoy,LOSER,23,WINNER,5.07,212.74,34,11.5,25,23.09,165.22,690,3.65,120,34.78,83.02,378.38,4.7,3.95,4.6,4.56,58,26,29,1.02,0.98
31/07/2021,10:22:00 PM,10:22:44 PM,Globe Derby,SA,8,185818843,R8 1800m Pace M,185818844,Harness,1800,Pace,13942129,2,Althegirlsinmylife,LOSER,125.98,LOSER,47.3,47.8,730,130,300,201.53,30.15,900,120,700,171.78,10.97,32.96,,,,,,190,300,1.02,0.98
31/07/2021,10:22:00 PM,10:22:44 PM,Globe Derby,SA,8,185818843,R8 1800m Pace M,185818844,Harness,1800,Pace,38263049,3,Her Heart Of Gold,LOSER,5.93,LOSER,1.91,644.68,7,5.1,5.7,5.94,1139.54,690,3.75,490,16.93,166.53,622.83,2.06,1.64,1.72,1.7,107.32,5.4,5.8,1.02,0.98
31/07/2021,10:22:00 PM,10:22:44 PM,Globe Derby,SA,8,185818843,R8 1800m Pace M,185818844,Harness,1800,Pace,6111440,4,Premonition,WINNER,1.57,WINNER,1.12,2659.34,1.71,1.31,1.39,1.4,17733.54,2.28,1.01,1.05,1.21,4070.73,1743.66,1.21,1.1,1.11,1.12,2137.49,1.39,1.4,1.02,0.98
31/07/2021,10:22:00 PM,10:22:44 PM,Globe Derby,SA,8,185818843,R8 1800m Pace M,185818844,Harness,1800,Pace,491100,5,Speak Easy,LOSER,21.01,LOSER,4.51,194.49,27,6.6,27,18.76,451.79,690,20,490,69.26,29.92,115.03,4.2,3.45,4.2,3.85,215.32,17.5,19.5,1.02,0.98
31/07/2021,10:22:00 PM,10:22:44 PM,Globe Derby,SA,8,185818843,R8 1800m Pace M,185818844,Harness,1800,Pace,24239475,6,Nevada Esmeralda,LOSER,68.76,LOSER,16.5,102.56,220,75,110,89.61,35.93,690,27,640,185.34,20.81,72.66,,,,,,85,110,1.02,0.98
31/07/2021,5:23:00 PM,5:23:49 PM,Melton,VIC,1,185814026,R1 1720m Pace M,185814027,Harness,1720,Pace,40372324,1,Mister Fortunia,LOSER,14.29,LOSER,2.86,513.29,16.5,9.8,15,12.93,1797.92,690,9.8,690,48.79,53.66,615.13,3.4,2.7,2.86,2.91,310.92,13,14.5,1.03,0.99
31/07/2021,5:23:00 PM,5:23:49 PM,Melton,VIC,1,185814026,R1 1720m Pace M,185814027,Harness,1720,Pace,36418802,2,Chase The Hat Trick,LOSER,7.47,WINNER,1.99,610.89,8.8,5.9,7.4,7.32,1868.6,690,2.56,490,6.83,842.76,949.71,2.38,1.98,2.1,2.08,548.12,7,7.2,1.03,0.99
31/07/2021,5:23:00 PM,5:23:49 PM,Melton,VIC,1,185814026,R1 1720m Pace M,185814027,Harness,1720,Pace,26070402,3,Onesmartfella,LOSER,2.63,WINNER,1.38,1852.65,3.75,2.42,2.6,2.69,13569.11,690,2.28,490,4.18,1042.33,753.17,1.42,1.31,1.4,1.39,530.79,2.54,2.6,1.03,0.99
31/07/2021,5:23:00 PM,5:23:49 PM,Melton,VIC,1,185814026,R1 1720m Pace M,185814027,Harness,1720,Pace,24730204,4,Batman Barry,LOSER,17.91,LOSER,3.79,286.25,19.5,11.5,17.5,15.72,653.15,690,14.5,490,34.77,100.61,380.07,4.4,3.95,3.95,4.3,64.19,14,15,1.03,0.99
31/07/2021,5:23:00 PM,5:23:49 PM,Melton,VIC,1,185814026,R1 1720m Pace M,185814027,Harness,1720,Pace,28535680,6,La Puddie,LOSER,25,LOSER,5.08,288.63,25,14,25,17.8,761.82,780,6,580,20.22,210.13,191.03,4.7,3.4,4.2,4.44,117.59,16,16.5,1.03,0.99
31/07/2021,5:23:00 PM,5:23:49 PM,Melton,VIC,1,185814026,R1 1720m Pace M,185814027,Harness,1720,Pace,4792486,7,The Last Chance,LOSER,58.73,LOSER,10.6,127.05,80,23,60,40.21,190.53,920,55,480,144.9,15.75,133.98,,,,,,50,55,1.03,0.99
31/07/2021,5:23:00 PM,5:23:49 PM,Melton,VIC,1,185814026,R1 1720m Pace M,185814027,Harness,1720,Pace,16112377,9,Letsrockletsroll,WINNER,4.3,WINNER,1.71,1284.3,5.1,3.25,4.3,4.25,8735.64,4.8,1.01,1.01,1.61,2395.1,818.52,1.8,1.6,1.8,1.72,273.53,4.7,4.9,1.03,0.99
31/07/2021,5:23:00 PM,5:23:49 PM,Melton,VIC,1,185814026,R1 1720m Pace M,185814027,Harness,1720,Pace,37398314,10,Foolish Pleasure,LOSER,20,LOSER,5.08,328.68,38,19,20,23.96,429.84,780,20,690,50.89,37.49,342.92,,,,,,25,26,1.03,0.99
31/07/2021,5:23:00 PM,5:23:49 PM,Melton,VIC,1,185814026,R1 1720m Pace M,185814027,Harness,1720,Pace,22257690,11,Streitkid,LOSER,131.9,LOSER,21.58,101.81,230,90,120,135.15,70,1000,75,1000,849.57,7.31,66.95,,,,,,150,160,1.03,0.99
31/07/2021,6:03:00 PM,6:04:13 PM,Melton,VIC,2,185814028,R2 1720m Trot M,185814029,Harness,1720,Trot,10391445,1,Stunning Jasper,LOSER,260,LOSER,27,64.5,300,110,260,178.09,124.14,730,60,700,209.08,6.15,105.62,27,14.5,27,23.58,120.66,150,190,1.05,0.98
31/07/2021,6:03:00 PM,6:04:13 PM,Melton,VIC,2,185814028,R2 1720m Trot M,185814029,Harness,1720,Trot,40372325,2,Naked Ambition,LOSER,17.37,WINNER,3.76,298.47,22,12.5,19,15,820,490,3.8,490,9.39,343.76,464.14,3.8,3.25,3.75,3.49,216.87,14.5,19,1.05,0.98
31/07/2021,6:03:00 PM,6:04:13 PM,Melton,VIC,2,185814028,R2 1720m Trot M,185814029,Harness,1720,Trot,688537,3,Elegant Jet,LOSER,72.86,LOSER,8.5,121.23,90,27,80,42.71,155.32,740,28,740,120.49,15.58,206.86,8,7.6,7.6,7.78,27.88,44,48,1.05,0.98
31/07/2021,6:03:00 PM,6:04:13 PM,Melton,VIC,2,185814028,R2 1720m Trot M,185814029,Harness,1720,Trot,36610589,5,Queen Of Crime,WINNER,2.86,WINNER,1.49,4845.37,3.1,2.16,2.86,2.69,9259.7,3.5,1.01,1.01,1.56,7399.42,1153.53,1.6,1.35,1.53,1.52,932.89,2.66,2.74,1.05,0.98
31/07/2021,6:03:00 PM,6:04:13 PM,Melton,VIC,2,185814028,R2 1720m Trot M,185814029,Harness,1720,Trot,36758081,6,Bullion Harry,LOSER,13.33,LOSER,2.7,420.26,17.5,9,13.5,12.84,1388.38,890,6.8,890,26.88,92.89,684.42,2.84,2.7,2.84,2.82,5.82,14,15,1.05,0.98
31/07/2021,6:03:00 PM,6:04:13 PM,Melton,VIC,2,185814028,R2 1720m Trot M,185814029,Harness,1720,Trot,28210630,7,Aldebaran Zeus,LOSER,4.44,WINNER,1.72,1248.55,4.9,3.8,4.4,4.39,3508.71,880,4.3,880,14.19,176.46,675.91,1.77,1.63,1.7,1.68,461.23,4.2,4.3,1.05,0.98
31/07/2021,6:03:00 PM,6:04:13 PM,Melton,VIC,2,185814028,R2 1720m Trot M,185814029,Harness,1720,Trot,22941489,8,Icicle,LOSER,292.77,LOSER,22.28,55.05,410,180,260,232.88,30.36,700,100,140,322.05,3.32,84.07,,,,,,230,260,1.05,0.98
31/07/2021,6:03:00 PM,6:04:13 PM,Melton,VIC,2,185814028,R2 1720m Trot M,185814029,Harness,1720,Trot,4509938,9,Bromwich,LOSER,11.07,LOSER,2.83,624.91,18,10.5,11,11.89,1112.31,990,9.2,890,55.87,65.14,471.46,3,2.72,2.72,2.85,38.25,11.5,13,1.05,0.98
31/07/2021,6:03:00 PM,6:04:13 PM,Melton,VIC,2,185814028,R2 1720m Trot M,185814029,Harness,1720,Trot,27592642,10,Celtic Cash,LOSER,6,LOSER,2.04,945.11,7.6,5.5,6,6.33,2996.91,880,3.75,690,11.76,403.09,833.47,2.38,2.04,2.04,2.08,139.85,6,6.6,1.05,0.98
31/07/2021,6:03:00 PM,6:04:13 PM,Melton,VIC,2,185814028,R2 1720m Trot M,185814029,Harness,1720,Trot,1459348,11,Carnera,LOSER,356.76,LOSER,37.93,65.61,620,170,330,343.91,5.47,700,690,690,693.03,1.44,70.88,50,42,50,47.05,37.91,260,470,1.05,0.98
31/07/2021,6:30:00 PM,6:30:48 PM,Melton,VIC,3,185814030,R3 2240m Pace M,185814031,Harness,2240,Pace,40372326,1,Diamond Party,WINNER,4.76,WINNER,1.82,999.1,5.1,3.45,4.7,4.33,4607.88,16,1.01,1.01,2.55,3533.9,624.91,1.76,1.54,1.73,1.73,452.35,4.2,4.5,1.04,0.98
31/07/2021,6:30:00 PM,6:30:48 PM,Melton,VIC,3,185814030,R3 2240m Pace M,185814031,Harness,2240,Pace,24553879,2,Shady Dancer,LOSER,225.7,LOSER,50.63,46.59,570,60,440,230.19,115.45,700,100,700,244.52,19.13,39.07,18,9.6,18,11.9,25.97,320,420,1.04,0.98
31/07/2021,6:30:00 PM,6:30:48 PM,Melton,VIC,3,185814030,R3 2240m Pace M,185814031,Harness,2240,Pace,24553961,3,She Will Rock,LOSER,28.71,WINNER,4.5,168.58,60,20,24,28.86,633.81,690,2.1,620,35.27,103.81,267.19,5,4,4,4.74,178.38,27,29,1.04,0.98
31/07/2021,6:30:00 PM,6:30:48 PM,Melton,VIC,3,185814030,R3 2240m Pace M,185814031,Harness,2240,Pace,11777355,4,Pick Up Line,LOSER,26.11,LOSER,6.45,395.89,95,32,36,39.47,98.81,690,16.5,510,29.49,134.42,185.2,,,,,,34,40,1.04,0.98
31/07/2021,6:30:00 PM,6:30:48 PM,Melton,VIC,3,185814030,R3 2240m Pace M,185814031,Harness,2240,Pace,19156071,5,Larajay Macray,LOSER,18.5,LOSER,4.5,582.84,55,19,21,27.51,535.84,690,9.4,280,26.84,103.46,319.73,5.9,4.5,4.6,5.22,32,26,32,1.04,0.98
31/07/2021,6:30:00 PM,6:30:48 PM,Melton,VIC,3,185814030,R3 2240m Pace M,185814031,Harness,2240,Pace,21530528,6,Mornings,LOSER,41.89,LOSER,6.76,133.95,60,32,55,41.26,114.37,690,38,690,92.24,28.61,250.3,,,,,,40,44,1.04,0.98
31/07/2021,6:30:00 PM,6:30:48 PM,Melton,VIC,3,185814030,R3 2240m Pace M,185814031,Harness,2240,Pace,28170288,7,Still Hungover,LOSER,8.2,LOSER,2.6,875.94,8.6,4.2,8.6,6.7,1777.84,690,1.6,42,4.09,1780.47,1114.91,2.26,2.02,2.26,2.14,361.65,7,7.2,1.04,0.98
31/07/2021,6:30:00 PM,6:30:48 PM,Melton,VIC,3,185814030,R3 2240m Pace M,185814031,Harness,2240,Pace,20241104,8,Enchanted Stride,LOSER,3.02,WINNER,1.5,2286.85,4.3,3,3.1,3.29,5906.25,490,1.84,220,4.17,2585.32,1234.17,1.52,1.45,1.48,1.48,506.68,3.15,3.25,1.04,0.98
31/07/2021,6:30:00 PM,6:30:48 PM,Melton,VIC,3,185814030,R3 2240m Pace M,185814031,Harness,2240,Pace,13041980,9,Chevrons Reward,LOSER,4.39,LOSER,1.99,1322.98,5.5,4.4,4.6,4.74,1663.68,690,3.45,490,7.21,564.18,912.33,1.9,1.8,1.89,1.87,324.25,4.9,5.1,1.04,0.98
31/07/2021,6:58:00 PM,6:58:59 PM,Melton,VIC,4,185814032,R4 1720m Pace M,185814033,Harness,1720,Pace,40372327,1,Imprincessnatalie,LOSER,52.53,LOSER,16.5,92.61,80,25,60,37.24,173.35,1000,24,1000,262.14,30.88,56.74,10.5,6.6,7.2,7.08,203.56,46,55,1.01,0.97
31/07/2021,6:58:00 PM,6:58:59 PM,Melton,VIC,4,185814032,R4 1720m Pace M,185814033,Harness,1720,Pace,39496495,2,Im Princess Bella,LOSER,24.37,LOSER,4.2,112.98,25,12,22,17.52,724.66,1000,5.1,1000,89.22,80.75,71.83,5,3.95,4.2,4.22,454.04,13,14.5,1.01,0.97
31/07/2021,6:58:00 PM,6:58:59 PM,Melton,VIC,4,185814032,R4 1720m Pace M,185814033,Harness,1720,Pace,378364,3,Interest Free,WINNER,2.01,WINNER,1.48,4626.21,2.62,1.97,2.06,2.12,8432.89,2.08,1.01,1.01,1.24,13877.15,1462.46,1.5,1.28,1.45,1.47,71.03,2.16,2.18,1.01,0.97
31/07/2021,6:58:00 PM,6:58:59 PM,Melton,VIC,4,185814032,R4 1720m Pace M,185814033,Harness,1720,Pace,40372328,4,Lightning Jash,LOSER,4.96,LOSER,2.6,766.84,5.5,2.8,4.7,4.88,1480.19,1000,3.65,1000,40.1,178.86,566.7,2.72,2.22,2.66,2.68,20.33,5.1,5.4,1.01,0.97
31/07/2021,6:58:00 PM,6:58:59 PM,Melton,VIC,4,185814032,R4 1720m Pace M,185814033,Harness,1720,Pace,39803071,5,Ozzie Joy,LOSER,6.97,LOSER,3.05,402.98,13,6.4,6.4,7.38,3036,1000,6.8,1000,65.71,177.47,329.26,3.05,2.66,2.84,2.68,310.54,7,7.4,1.01,0.97
31/07/2021,6:58:00 PM,6:58:59 PM,Melton,VIC,4,185814032,R4 1720m Pace M,185814033,Harness,1720,Pace,38835828,6,Solesseo Matuca,LOSER,9.93,WINNER,3.75,738.94,10.5,5.2,10.5,8.47,2355.33,1000,7.6,1000,66.21,106.43,211.57,3.8,3.25,3.25,3.35,333.4,9.2,9.4,1.01,0.97
31/07/2021,7:28:00 PM,7:28:51 PM,Melton,VIC,5,185814034,R5 1720m Pace M,185814035,Harness,1720,Pace,15449548,1,Smart Little Shard,LOSER,67.88,LOSER,14.95,136.36,100,48,80,76.23,50.21,940,44,480,83.14,63.99,99.95,20,12.5,20,15.15,0.17,70,100,1.07,0.95
31/07/2021,7:28:00 PM,7:28:51 PM,Melton,VIC,5,185814034,R5 1720m Pace M,185814035,Harness,1720,Pace,36010209,2,Ozzie Battler,LOSER,22.42,LOSER,4.87,177.12,36,12.5,20,20.17,304.75,780,10.5,780,31.78,180.43,298.9,,,,,,22,34,1.07,0.95
31/07/2021,7:28:00 PM,7:28:51 PM,Melton,VIC,5,185814034,R5 1720m Pace M,185814035,Harness,1720,Pace,26532188,3,Im No Outlaw,LOSER,22,LOSER,5.33,277.52,27,7.6,22,17.64,538.37,780,10,780,40.54,51.83,251.67,,,,,,17.5,26,1.07,0.95
31/07/2021,7:28:00 PM,7:28:51 PM,Melton,VIC,5,185814034,R5 1720m Pace M,185814035,Harness,1720,Pace,23922269,4,Sahara Sirocco,LOSER,3.45,WINNER,1.56,1975.46,4.6,3.05,3.5,3.44,7214.09,1000,3.35,1000,7.7,1036.16,1104.88,1.58,1.46,1.48,1.53,58.2,3.15,3.35,1.07,0.95
31/07/2021,7:28:00 PM,7:28:51 PM,Melton,VIC,5,185814034,R5 1720m Pace M,185814035,Harness,1720,Pace,22970748,5,Idealsomemagic,LOSER,15.92,WINNER,3.35,346.12,150,14.5,16,17.97,575.73,600,11,600,126.2,34.56,529.86,3.35,3.35,3.35,3.35,11.36,15,18,1.07,0.95
31/07/2021,7:28:00 PM,7:28:51 PM,Melton,VIC,5,185814034,R5 1720m Pace M,185814035,Harness,1720,Pace,16297541,7,Jamieson Steele,LOSER,9.86,LOSER,2.62,506.27,18,7.4,9.8,10.22,2038.49,890,1.96,700,32.39,103.99,659.5,,,,,,9.2,10.5,1.07,0.95
31/07/2021,7:28:00 PM,7:28:51 PM,Melton,VIC,5,185814034,R5 1720m Pace M,185814035,Harness,1720,Pace,19072760,8,Vandanta,WINNER,7,WINNER,2.22,531.9,9.8,5.7,7,7.54,3583.86,15,1.01,1.02,1.5,1772.07,558.72,2.7,2.06,2.22,2.33,574.24,6.8,7.8,1.07,0.95
31/07/2021,7:28:00 PM,7:28:51 PM,Melton,VIC,5,185814034,R5 1720m Pace M,185814035,Harness,1720,Pace,22458281,9,Malcolms Rhythm,LOSER,3.15,LOSER,1.35,3192.2,3.6,2.68,3.3,3.29,7571.4,690,1.96,490,5.95,735.07,1040.13,1.53,1.29,1.45,1.42,734.54,3.2,3.35,1.07,0.95
31/07/2021,7:59:00 PM,7:59:53 PM,Melton,VIC,6,185814036,R6 2240m Pace M,185814037,Harness,2240,Pace,12055130,1,Love Ina Chevy,LOSER,56.8,LOSER,9.43,171.33,70,44,65,53.08,274.07,690,16,690,35.19,112.61,88.72,9.2,7.4,9.2,7.66,284.73,48,60,1.06,0.93
31/07/2021,7:59:00 PM,7:59:53 PM,Melton,VIC,6,185814036,R6 2240m Pace M,185814037,Harness,2240,Pace,12276522,2,Bettor Be The Bomb,LOSER,2.88,WINNER,1.45,2288.02,3.55,2,2.9,2.96,7892.89,690,1.93,270,5.05,1115.01,1521.14,1.52,1.4,1.49,1.49,657.95,3.1,3.7,1.06,0.93
31/07/2021,7:59:00 PM,7:59:53 PM,Melton,VIC,6,185814036,R6 2240m Pace M,185814037,Harness,2240,Pace,18863914,3,Sahara Tiger,LOSER,9.32,LOSER,3.22,589,20,9.4,9.4,11.88,1825.45,790,4.1,790,14.38,351.44,442.51,4.3,3.1,3.1,3.37,47.63,11,12,1.06,0.93
31/07/2021,7:59:00 PM,7:59:53 PM,Melton,VIC,6,185814036,R6 2240m Pace M,185814037,Harness,2240,Pace,19258116,4,Sirletic,LOSER,15.79,LOSER,4.8,405.04,21,13.5,13.5,15.31,720.25,690,12,500,30.45,85.56,116.37,,,,,,14.5,15.5,1.06,0.93
31/07/2021,7:59:00 PM,7:59:53 PM,Melton,VIC,6,185814036,R6 2240m Pace M,185814037,Harness,2240,Pace,24021194,5,Boy From Bondi,LOSER,10.75,LOSER,3.32,417.75,12.5,6.8,10.5,9.75,1634.54,690,7.2,490,24.08,91.29,414.74,3.2,2.72,3.2,2.72,10.03,9,9.8,1.06,0.93
31/07/2021,7:59:00 PM,7:59:53 PM,Melton,VIC,6,185814036,R6 2240m Pace M,185814037,Harness,2240,Pace,5750434,6,Triple Eight,WINNER,6.42,WINNER,2.37,651.08,7,4.6,6,5.97,1938.2,10.5,1.01,1.01,2.82,2400.19,784.38,2.42,1.92,2.42,2.15,203.93,6,6.8,1.06,0.93
31/07/2021,7:59:00 PM,7:59:53 PM,Melton,VIC,6,185814036,R6 2240m Pace M,185814037,Harness,2240,Pace,13535768,7,Bulletproof Boy,LOSER,110,LOSER,14.01,63.39,110,34,110,68.21,63.25,930,65,930,279.19,6.62,138.62,,,,,,75,85,1.06,0.93
31/07/2021,7:59:00 PM,7:59:53 PM,Melton,VIC,6,185814036,R6 2240m Pace M,185814037,Harness,2240,Pace,11018934,8,Bernie Winkle,LOSER,16.72,LOSER,3.25,469.25,26,10.5,15,14.37,1094.95,690,4.5,490,13.34,421.57,112.27,3.25,2.86,3.05,3.12,279.69,11,13.5,1.06,0.93
31/07/2021,7:59:00 PM,7:59:53 PM,Melton,VIC,6,185814036,R6 2240m Pace M,185814037,Harness,2240,Pace,20587393,9,Torrid Saint,LOSER,6.4,WINNER,1.97,1064.01,8.6,4.7,6.4,6.02,2816.96,780,2.02,580,6.97,874.37,910.34,2.2,1.96,1.97,1.98,218.96,5.8,6.2,1.06,0.93
31/07/2021,8:30:00 PM,8:31:45 PM,Melton,VIC,7,185814038,R7 2240m Trot M,185814039,Harness,2240,Trot,28339009,1,Scruffy Doolan,LOSER,45.69,LOSER,10.85,182.01,100,27,44,54.75,84.93,850,70,850,283.65,3.33,173.64,8.4,5,8.4,7.28,31.61,42,55,1.06,0.94
31/07/2021,8:30:00 PM,8:31:45 PM,Melton,VIC,7,185814038,R7 2240m Trot M,185814039,Harness,2240,Trot,19248891,2,Imsettogo,LOSER,5.45,LOSER,2.2,575.59,5.7,3.6,5.4,4.8,1992.93,690,3.05,490,6.73,441.91,408.81,2.06,2,2.04,2.04,129.43,4.8,5.3,1.06,0.94
31/07/2021,8:30:00 PM,8:31:45 PM,Melton,VIC,7,185814038,R7 2240m Trot M,185814039,Harness,2240,Trot,18697022,3,Zarem,LOSER,8.6,LOSER,2.43,1006.88,9.8,7.2,8.6,8.15,1943.8,690,4.6,490,18.07,95.68,464.12,2.7,2.4,2.5,2.44,241.78,7.8,8.6,1.06,0.94
31/07/2021,8:30:00 PM,8:31:45 PM,Melton,VIC,7,185814038,R7 2240m Trot M,185814039,Harness,2240,Trot,12741038,4,Imperial Whiz,LOSER,40.45,LOSER,9.1,185.01,55,38,38,44.52,294.6,690,2.5,210,14.6,135.53,105.28,8.4,8.4,8.4,8.4,15.16,44,46,1.06,0.94
31/07/2021,8:30:00 PM,8:31:45 PM,Melton,VIC,7,185814038,R7 2240m Trot M,185814039,Harness,2240,Trot,21411252,5,Royal Charlotte,LOSER,11.5,LOSER,3.55,351.67,13,9,11.5,10.55,800.87,690,3.95,690,17.01,169,85.85,3.6,3.4,3.4,3.49,18.79,10,11,1.06,0.94
31/07/2021,8:30:00 PM,8:31:45 PM,Melton,VIC,7,185814038,R7 2240m Trot M,185814039,Harness,2240,Trot,8619089,6,Norquay,LOSER,47.41,LOSER,8.5,134.95,75,40,42,52.21,140.96,690,36,300,62.49,16.32,219.74,8.4,6.8,8.4,7.62,26,55,80,1.06,0.94
31/07/2021,8:30:00 PM,8:31:45 PM,Melton,VIC,7,185814038,R7 2240m Trot M,185814039,Harness,2240,Trot,23957735,7,Is That A Bid,LOSER,16.12,WINNER,4.53,629.57,21,13,17.5,17.06,1053.74,130,5.6,5.6,16.31,112.55,297.67,4.8,4,4.8,4.41,214.3,19,21,1.06,0.94
31/07/2021,8:30:00 PM,8:31:45 PM,Melton,VIC,7,185814038,R7 2240m Trot M,185814039,Harness,2240,Trot,26070325,8,Cyclone S Adams,LOSER,80.82,LOSER,27,144.53,380,24,85,70.92,181.96,920,200,920,406.88,11.23,24.98,75,6.6,27,19.47,96.48,36,44,1.06,0.94
31/07/2021,8:30:00 PM,8:31:45 PM,Melton,VIC,7,185814038,R7 2240m Trot M,185814039,Harness,2240,Trot,27857967,10,Gunning,LOSER,90,LOSER,11.5,66.88,90,27,90,69.81,113.02,950,120,690,357.46,2.72,8.7,11.5,11,11.5,11.1,6.31,80,100,1.06,0.94
31/07/2021,8:30:00 PM,8:31:45 PM,Melton,VIC,7,185814038,R7 2240m Trot M,185814039,Harness,2240,Trot,36136233,11,Robbie Royale,LOSER,6.65,WINNER,2.64,399.39,10,5.7,6.8,7.4,2461.86,140,1.5,130,6.19,303.31,440.2,2.9,2.78,2.8,2.89,91.59,8.4,9,1.06,0.94
31/07/2021,8:30:00 PM,8:31:45 PM,Melton,VIC,7,185814038,R7 2240m Trot M,185814039,Harness,2240,Trot,39803068,12,Kyvalley Chief,WINNER,3.9,WINNER,1.81,1033.28,5.2,3.6,3.9,4.27,4260.36,50,1.01,1.01,1.82,1383.38,1429.07,2,1.77,1.77,1.88,98.94,4.1,4.9,1.06,0.94
31/07/2021,8:30:00 PM,8:31:45 PM,Melton,VIC,7,185814038,R7 2240m Trot M,185814039,Harness,2240,Trot,39528261,13,Brandlo Prince,LOSER,12,LOSER,3.07,231.29,14,9.6,12,10.49,782.76,490,3.2,290,14.79,88.77,641.52,3.2,2.9,2.96,3.09,133,9.8,10.5,1.06,0.94
31/07/2021,8:57:00 PM,8:58:46 PM,Melton,VIC,8,185814040,R8 2240m Pace M,185814041,Harness,2240,Pace,13829851,1,Idle Times,LOSER,187.54,LOSER,20.7,28.92,260,44,260,111.89,11.97,950,28,950,205.41,15.38,51.12,,,,,,130,230,1.02,0.98
31/07/2021,8:57:00 PM,8:58:46 PM,Melton,VIC,8,185814040,R8 2240m Pace M,185814041,Harness,2240,Pace,26397867,2,Stingray Tara,LOSER,25.18,WINNER,4.08,151.53,32,13.5,25,23.61,172.3,690,23,690,68.36,24.91,131.1,4.6,2.78,3.65,3.09,22.89,27,32,1.02,0.98
31/07/2021,8:57:00 PM,8:58:46 PM,Melton,VIC,8,185814040,R8 2240m Pace M,185814041,Harness,2240,Pace,11533305,3,Carload,LOSER,74.21,LOSER,12.8,99.68,100,60,75,83.76,47.9,940,44,940,139.18,16.16,,,,,,,85,90,1.02,0.98
31/07/2021,8:57:00 PM,8:58:46 PM,Melton,VIC,8,185814040,R8 2240m Pace M,185814041,Harness,2240,Pace,23173733,4,Arocknatthepark,LOSER,14.49,LOSER,2.74,367.62,16,12.5,14,14.56,175.52,690,2.42,690,7.12,726.36,466.84,3.1,2.74,2.84,2.8,10.49,14.5,15,1.02,0.98
31/07/2021,8:57:00 PM,8:58:46 PM,Melton,VIC,8,185814040,R8 2240m Pace M,185814041,Harness,2240,Pace,18277157,5,Hugo Rocks,LOSER,53.62,LOSER,5.63,91.01,70,27,55,44.31,50.95,690,24,690,122.37,13.25,305.98,6,5.9,6,5.96,14,50,75,1.02,0.98
31/07/2021,8:57:00 PM,8:58:46 PM,Melton,VIC,8,185814040,R8 2240m Pace M,185814041,Harness,2240,Pace,27379942,7,Soextra,LOSER,17.31,LOSER,3.9,350,40,18,18,23.31,310.1,690,7.6,360,20.59,143.7,208.39,3.85,3.6,3.6,3.79,21.83,25,26,1.02,0.98
31/07/2021,8:57:00 PM,8:58:46 PM,Melton,VIC,8,185814040,R8 2240m Pace M,185814041,Harness,2240,Pace,20945815,8,Fynn Frost,LOSER,52.35,LOSER,6.1,127.01,55,12,55,28.86,136.83,690,10,690,33.07,92.7,185.67,4.1,2.86,4.1,3.36,0.47,32,34,1.02,0.98
31/07/2021,8:57:00 PM,8:58:46 PM,Melton,VIC,8,185814040,R8 2240m Pace M,185814041,Harness,2240,Pace,26696014,9,Tango Tara,WINNER,1.6,WINNER,1.13,2763.69,1.95,1.55,1.6,1.63,16813.91,2.8,1.01,1.01,1.43,7773.82,1740.76,1.17,1.11,1.13,1.13,277.09,1.58,1.59,1.02,0.98
31/07/2021,8:57:00 PM,8:58:46 PM,Melton,VIC,8,185814040,R8 2240m Pace M,185814041,Harness,2240,Pace,24444142,11,Huli Nien,LOSER,7.2,WINNER,1.88,607.92,7.8,5.7,6.8,6.62,1235.45,220,4.2,220,24.66,142.6,943.32,1.95,1.87,1.88,1.94,46.02,6.6,7,1.02,0.98
31/07/2021,8:57:00 PM,8:58:46 PM,Melton,VIC,8,185814040,R8 2240m Pace M,185814041,Harness,2240,Pace,40372329,12,Im Shadow Boxer,LOSER,61.43,LOSER,7.4,85.57,75,15,70,41.86,137.15,690,23,690,125.66,13.21,260.08,6.4,6.4,6.4,6.4,15,55,70,1.02,0.98
31/07/2021,9:28:00 PM,9:28:41 PM,Melton,VIC,9,185814042,R9 2240m Trot M,185814043,Harness,2240,Trot,8733651,1,Fear Not,LOSER,126.24,LOSER,14,48.5,140,70,110,92.67,107.22,700,42,700,148.2,11.44,89.24,14,8.6,14,8.72,32.85,85,110,1.02,0.98
31/07/2021,9:28:00 PM,9:28:41 PM,Melton,VIC,9,185814042,R9 2240m Trot M,185814043,Harness,2240,Trot,18697028,2,Georgias Pride,LOSER,33.59,LOSER,5.76,260.94,60,36,48,45.92,347.07,690,15.5,690,44.15,62.32,224.55,,,,,,46,50,1.02,0.98
31/07/2021,9:28:00 PM,9:28:41 PM,Melton,VIC,9,185814042,R9 2240m Trot M,185814043,Harness,2240,Trot,27744220,3,Zigzagzoo,LOSER,3.7,WINNER,1.55,1449.56,5.1,2.5,3.65,4.01,3447,140,1.81,120,3.15,1007.03,841.4,1.65,1.34,1.47,1.43,227.06,4,4.2,1.02,0.98
31/07/2021,9:28:00 PM,9:28:41 PM,Melton,VIC,9,185814042,R9 2240m Trot M,185814043,Harness,2240,Trot,12757845,4,Prosthesis,LOSER,15.22,LOSER,3.17,300,17.5,11,15.5,14.66,452.95,900,9.8,710,82.4,41.83,471.84,3.05,2.6,2.6,2.81,6.03,15,15.5,1.02,0.98
31/07/2021,9:28:00 PM,9:28:41 PM,Melton,VIC,9,185814042,R9 2240m Trot M,185814043,Harness,2240,Trot,36241397,5,Aldebaran Tess,WINNER,2.17,WINNER,1.34,2148.4,2.3,2,2.12,2.09,10437.04,3,1.01,1.01,1.57,5944.43,1136.78,1.4,1.23,1.4,1.36,627.76,2.02,2.04,1.02,0.98
31/07/2021,9:28:00 PM,9:28:41 PM,Melton,VIC,9,185814042,R9 2240m Trot M,185814043,Harness,2240,Trot,11891396,8,Daquiri,LOSER,37.27,LOSER,5.65,135.89,46,28,36,35.24,75.77,690,17,440,47.87,49.41,176.97,6,5.2,5.2,5.78,27.6,32,38,1.02,0.98
31/07/2021,9:28:00 PM,9:28:41 PM,Melton,VIC,9,185814042,R9 2240m Trot M,185814043,Harness,2240,Trot,25763455,9,Kyvalley Finn,LOSER,17.09,WINNER,3.2,304.67,22,14,17,18.08,793.23,690,6.8,360,28.05,91.16,487.21,3.6,3.4,3.6,3.43,25,20,22,1.02,0.98
31/07/2021,9:28:00 PM,9:28:41 PM,Melton,VIC,9,185814042,R9 2240m Trot M,185814043,Harness,2240,Trot,22551693,10,Moonshine Linda,LOSER,17.68,LOSER,4.16,570.71,29,19.5,20,22.35,294.81,690,15.5,420,28.23,190.54,139.09,3.75,3.6,3.75,3.65,5,23,26,1.02,0.98
31/07/2021,9:28:00 PM,9:28:41 PM,Melton,VIC,9,185814042,R9 2240m Trot M,185814043,Harness,2240,Trot,21317249,11,Gil Favor,LOSER,32,LOSER,4.35,219.19,50,10.5,48,19.12,1030.73,690,17,690,53.76,110.2,238.29,4.5,2.64,4.3,3.51,243.35,19.5,22,1.02,0.98
31/07/2021,9:58:00 PM,9:58:50 PM,Melton,VIC,10,185814044,R10 1720m Pace M,185814045,Harness,1720,Pace,40372330,1,Balenciago,WINNER,2.81,WINNER,1.41,3297.63,2.52,1.68,2.44,2.15,14261.48,4.8,1.04,1.87,2.15,2034.95,775.1,1.6,1.17,1.37,1.38,1052.69,2.28,2.42,1.04,0.95
31/07/2021,9:58:00 PM,9:58:50 PM,Melton,VIC,10,185814044,R10 1720m Pace M,185814045,Harness,1720,Pace,26721538,2,Jemstone Glory,LOSER,39.86,LOSER,6.2,165.66,60,27,34,37.13,153.79,300,38,300,73.92,17.86,200.65,4.9,4.9,4.9,4.9,57.42,38,40,1.04,0.95
31/07/2021,9:58:00 PM,9:58:50 PM,Melton,VIC,10,185814044,R10 1720m Pace M,185814045,Harness,1720,Pace,658334,3,Highclere,LOSER,42.25,LOSER,7.4,173.39,75,34,38,41.58,66.53,690,40,690,96.45,9.53,182.63,6.2,6.2,6.2,6.2,5,40,46,1.04,0.95
31/07/2021,9:58:00 PM,9:58:50 PM,Melton,VIC,10,185814044,R10 1720m Pace M,185814045,Harness,1720,Pace,23626899,5,Whats Stanley Got,LOSER,15.68,WINNER,3.87,328.81,40,14,18.5,18.71,1065,70,2.12,2.88,13.39,129.41,467.17,3.6,3.6,3.6,3.6,5,13.5,17,1.04,0.95
31/07/2021,9:58:00 PM,9:58:50 PM,Melton,VIC,10,185814044,R10 1720m Pace M,185814045,Harness,1720,Pace,24632189,6,Better Exclusive,LOSER,13.94,LOSER,3.79,420.81,27,15,15,16.73,540.79,220,13.5,220,21.11,120.98,415.93,3.85,3.35,3.35,3.4,26.03,15.5,16.5,1.04,0.95
31/07/2021,9:58:00 PM,9:58:50 PM,Melton,VIC,10,185814044,R10 1720m Pace M,185814045,Harness,1720,Pace,19248706,7,Toby Ogara,LOSER,37.86,LOSER,8.85,178.09,120,34,46,48.15,122.7,300,34,280,53.46,38.32,187.74,11.5,7.6,7.6,10.69,50.1,38,50,1.04,0.95
31/07/2021,9:58:00 PM,9:58:50 PM,Melton,VIC,10,185814044,R10 1720m Pace M,185814045,Harness,1720,Pace,33025822,8,Wheres Seggy,LOSER,3.37,WINNER,1.36,1477.15,4.9,3.2,3.3,3.56,3513.7,100,1.81,100,3.26,599.36,1362.14,1.39,1.33,1.36,1.37,609.67,3.55,3.7,1.04,0.95
31/07/2021,9:58:00 PM,9:58:50 PM,Melton,VIC,10,185814044,R10 1720m Pace M,185814045,Harness,1720,Pace,16195376,9,Ideal Suspect,LOSER,56.7,LOSER,8.52,88.13,85,46,46,54.95,116.47,690,26,690,123.6,9.4,41.19,7.4,4.9,7,5.8,200.95,60,70,1.04,0.95
31/07/2021,9:58:00 PM,9:58:50 PM,Melton,VIC,10,185814044,R10 1720m Pace M,185814045,Harness,1720,Pace,4970148,10,Willem,LOSER,20.41,LOSER,4.34,164.01,50,19,20,23.7,445.74,490,6.8,490,18.62,202.58,432.13,5.1,3.9,3.95,4.67,83.04,20,24,1.04,0.95
31/07/2021,9:58:00 PM,9:58:50 PM,Melton,VIC,10,185814044,R10 1720m Pace M,185814045,Harness,1720,Pace,16249378,11,Stormont Star,LOSER,35.7,LOSER,6,150.14,70,30,32,35.9,99.68,780,14,780,45.85,87.81,206.34,,,,,,30,36,1.04,0.95
31/07/2021,5:53:00 PM,5:53:34 PM,Menangle,NSW,1,185813988,R1 1609m Pace M,185813989,Harness,1609,Pace,10125793,1,Warfare,LOSER,28,LOSER,,237.94,38,8.2,28,26.4,189.02,780,23,780,50.31,54.09,,5,2.54,5,3.9,105.07,26,28,1.03,0.99
31/07/2021,5:53:00 PM,5:53:34 PM,Menangle,NSW,1,185813988,R1 1609m Pace M,185813989,Harness,1609,Pace,16492747,3,Pump The Brakes,WINNER,4.14,WINNER,,1704.24,6.6,3.7,4.1,4.38,4176.04,4.3,1.01,1.01,1.43,2893.14,,1.78,1.55,1.6,1.63,241.53,4.2,4.3,1.03,0.99
31/07/2021,5:53:00 PM,5:53:34 PM,Menangle,NSW,1,185813988,R1 1609m Pace M,185813989,Harness,1609,Pace,1283989,4,Battle Born,LOSER,13.31,LOSER,,496.63,16.5,8.8,16.5,11.32,572.37,780,6,490,26.32,51.96,,2.74,2.46,2.6,2.52,42.16,10,11,1.03,0.99
31/07/2021,5:53:00 PM,5:53:34 PM,Menangle,NSW,1,185813988,R1 1609m Pace M,185813989,Harness,1609,Pace,12928156,5,Makoa,LOSER,7.2,LOSER,,887.39,10.5,7,7.2,7.85,593.31,690,5.7,490,32.92,34.7,,2.46,2.06,2.06,2.09,11.03,7.4,7.8,1.03,0.99
31/07/2021,5:53:00 PM,5:53:34 PM,Menangle,NSW,1,185813988,R1 1609m Pace M,185813989,Harness,1609,Pace,10494845,6,Hickstead,LOSER,17.5,WINNER,,336.94,19,13,17.5,15.55,220.31,780,10.5,780,40.04,49.39,,4.2,3.5,3.5,4.12,56.33,15.5,16,1.03,0.99
31/07/2021,5:53:00 PM,5:53:34 PM,Menangle,NSW,1,185813988,R1 1609m Pace M,185813989,Harness,1609,Pace,21723902,7,Petes Said So,LOSER,12.93,LOSER,,535,40,12,14,17.11,625.16,780,7.6,780,95.17,39.72,,4.4,3,3,3.3,224.62,15.5,16,1.03,0.99
31/07/2021,5:53:00 PM,5:53:34 PM,Menangle,NSW,1,185813988,R1 1609m Pace M,185813989,Harness,1609,Pace,22282229,9,Ziggy Rocks,LOSER,2.56,WINNER,,3208.46,2.96,1.9,2.56,2.52,7328.14,690,2.5,690,3.35,1701,,1.4,1.24,1.35,1.28,1207.54,2.6,2.64,1.03,0.99
31/07/2021,6:23:00 PM,6:23:50 PM,Menangle,NSW,2,185813990,R2 2300m Pace M,185813991,Harness,2300,Pace,40372315,1,Katchar Shoobee,LOSER,22.22,LOSER,,177.32,27,9.6,22,21.81,126.44,690,8.4,140,24.72,68.75,,3.35,2.6,3.05,3.05,207.03,21,23,1.04,0.99
31/07/2021,6:23:00 PM,6:23:50 PM,Menangle,NSW,2,185813990,R2 2300m Pace M,185813991,Harness,2300,Pace,24138895,2,Joes A Character,LOSER,8.85,LOSER,,651.47,11,7.2,8.6,8.19,1296.27,290,3.1,290,6.23,634.63,,2.5,2.06,2.14,2.2,1803.77,8.2,9,1.04,0.99
31/07/2021,6:23:00 PM,6:23:50 PM,Menangle,NSW,2,185813990,R2 2300m Pace M,185813991,Harness,2300,Pace,27107180,3,Hughie Junior,WINNER,24.25,WINNER,,262.33,40,15.5,25,22.62,157.98,300,1.14,4.9,7.84,145.66,,,,,,,19.5,22,1.04,0.99
31/07/2021,6:23:00 PM,6:23:50 PM,Menangle,NSW,2,185813990,R2 2300m Pace M,185813991,Harness,2300,Pace,37258141,4,Experia,LOSER,1.67,WINNER,,6723.91,2.98,1.79,1.79,1.91,7162.37,490,1.36,490,2.09,4254.41,,1.45,1.21,1.45,1.38,593.75,1.96,1.98,1.04,0.99
31/07/2021,6:23:00 PM,6:23:50 PM,Menangle,NSW,2,185813990,R2 2300m Pace M,185813991,Harness,2300,Pace,10410267,5,Swaggie Shannon,LOSER,9.42,LOSER,,502.87,9.4,4.4,9.4,6.5,1167.92,420,5.2,280,13.63,115.29,,1.99,1.81,1.99,1.88,17.6,6.2,6.4,1.04,0.99
31/07/2021,6:23:00 PM,6:23:50 PM,Menangle,NSW,2,185813990,R2 2300m Pace M,185813991,Harness,2300,Pace,36306862,6,Ardens Ace,LOSER,12.83,WINNER,,551.97,14,10.5,12.5,12.19,294.47,70,1.28,1.35,3.59,456.12,,2.54,2.5,2.54,2.51,17,11.5,12.5,1.04,0.99
31/07/2021,6:23:00 PM,6:23:50 PM,Menangle,NSW,2,185813990,R2 2300m Pace M,185813991,Harness,2300,Pace,22638128,7,Prosecution Witness,LOSER,23,LOSER,,234,60,21,24,27.09,191.64,690,14.5,690,31.04,52.56,,,,,,,27,32,1.04,0.99
31/07/2021,6:23:00 PM,6:23:50 PM,Menangle,NSW,2,185813990,R2 2300m Pace M,185813991,Harness,2300,Pace,11164901,9,God Sake,LOSER,246.84,LOSER,,13.43,230,55,150,156.56,25.02,700,95,690,162.59,15.87,,13,13,13,13,5,170,180,1.04,0.99
31/07/2021,6:23:00 PM,6:23:50 PM,Menangle,NSW,2,185813990,R2 2300m Pace M,185813991,Harness,2300,Pace,22970719,10,Que Sera,LOSER,110,LOSER,,58.05,140,32,130,56.06,68,780,50,700,226.99,4.76,,,,,,,60,80,1.04,0.99
31/07/2021,6:48:00 PM,6:48:57 PM,Menangle,NSW,3,185813992,R3 2300m Pace M,185813993,Harness,2300,Pace,9248917,1,Little Rascal,LOSER,14,LOSER,,425.83,20,5.6,14,13.58,1211.35,80,8.8,55,19.73,61.99,,3.3,2.25,3.3,2.29,11.28,15,20,1.05,0.99
31/07/2021,6:48:00 PM,6:48:57 PM,Menangle,NSW,3,185813992,R3 2300m Pace M,185813993,Harness,2300,Pace,31375102,3,Burnham Boy,LOSER,3.2,WINNER,,2233.02,3.4,2.62,3.2,3.16,7882.87,20,2.24,3,2.93,1674.26,,2.06,1.71,1.91,1.91,442.53,3.1,3.35,1.05,0.99
31/07/2021,6:48:00 PM,6:48:57 PM,Menangle,NSW,3,185813992,R3 2300m Pace M,185813993,Harness,2300,Pace,13224847,5,Pocket Of Terror,LOSER,3.05,LOSER,,2738.85,6.8,2.88,3.1,3.09,8570.26,130,2.96,60,4.32,1092.93,,2.39,1.83,1.86,1.89,179.78,2.94,3,1.05,0.99
31/07/2021,6:48:00 PM,6:48:57 PM,Menangle,NSW,3,185813992,R3 2300m Pace M,185813993,Harness,2300,Pace,9230437,6,Rays Choice,LOSER,19.25,LOSER,,217.99,19,7,17.5,16.06,604.12,130,2.98,80,13.44,108.74,,5.16,5.16,5.16,5.16,4.55,16,17,1.05,0.99
31/07/2021,6:48:00 PM,6:48:57 PM,Menangle,NSW,3,185813992,R3 2300m Pace M,185813993,Harness,2300,Pace,12242854,7,Double Encounter,WINNER,12.5,WINNER,,342.73,17.5,7.8,13,13.98,681.17,13,1.12,1.36,3.25,583.85,,3.38,3.38,3.38,3.38,7.05,13.5,15,1.05,0.99
31/07/2021,6:48:00 PM,6:48:57 PM,Menangle,NSW,3,185813992,R3 2300m Pace M,185813993,Harness,2300,Pace,24540398,8,Max Delight,LOSER,5.9,LOSER,,1186.1,7.6,4.8,5.9,5.59,3932.37,1000,4,930,14.38,280.59,,3,2.58,2.62,2.66,143.35,5.3,5.6,1.05,0.99
31/07/2021,7:17:00 PM,7:17:45 PM,Menangle,NSW,4,185813994,R4 1609m Pace M,185813995,Harness,1609,Pace,22846732,1,Lets Go To Brazil,LOSER,3.44,WINNER,,1717.23,3.7,3.05,3.55,3.29,5838.81,490,3,130,4.53,908.16,,1.66,1.57,1.57,1.61,657.95,3.25,3.35,1.04,0.98
31/07/2021,7:17:00 PM,7:17:45 PM,Menangle,NSW,4,185813994,R4 1609m Pace M,185813995,Harness,1609,Pace,11465142,2,Gottashopearly,LOSER,11.13,LOSER,,548.6,14.5,9.6,11.5,11.22,524.41,490,10.5,490,34.54,33.96,,3.1,2.84,2.84,3.03,39.11,10,11.5,1.04,0.98
31/07/2021,7:17:00 PM,7:17:45 PM,Menangle,NSW,4,185813994,R4 1609m Pace M,185813995,Harness,1609,Pace,12827996,3,Shadow Eclipse,LOSER,17,LOSER,,240.78,22,11.5,16.5,17.99,324.09,780,2.08,780,40.48,106.7,,4.1,4.1,4.1,4.1,5,18,21,1.04,0.98
31/07/2021,7:17:00 PM,7:17:45 PM,Menangle,NSW,4,185813994,R4 1609m Pace M,185813995,Harness,1609,Pace,24916436,4,Queenofdance,LOSER,9.4,LOSER,,431.4,9.8,5.3,9.8,7.1,2065.01,690,4,670,23.82,209.21,,2.66,2.08,2.36,2.21,41.14,7.8,8.2,1.04,0.98
31/07/2021,7:17:00 PM,7:17:45 PM,Menangle,NSW,4,185813994,R4 1609m Pace M,185813995,Harness,1609,Pace,33950726,6,Rhianna Reigns,LOSER,4.06,LOSER,,959.7,6.2,3.9,3.9,4.39,2216.59,490,2.54,490,5.46,385.09,,2.8,1.71,1.8,2,119.08,3.95,4.1,1.04,0.98
31/07/2021,7:17:00 PM,7:17:45 PM,Menangle,NSW,4,185813994,R4 1609m Pace M,185813995,Harness,1609,Pace,10842642,7,Top The Ace,LOSER,9.53,WINNER,,792.4,16,5.8,10,11.64,366.7,350,1.81,130,6.59,240.32,,3.1,2.74,2.84,2.81,11.97,12.5,13,1.04,0.98
31/07/2021,7:17:00 PM,7:17:45 PM,Menangle,NSW,4,185813994,R4 1609m Pace M,185813995,Harness,1609,Pace,27200104,8,Alta Downs,LOSER,29,LOSER,,161,36,17.5,29,28.14,147.05,850,15,780,33.94,80.97,,4.4,4.4,4.4,4.4,5,28,32,1.04,0.98
31/07/2021,7:17:00 PM,7:17:45 PM,Menangle,NSW,4,185813994,R4 1609m Pace M,185813995,Harness,1609,Pace,13146414,9,Schouten Island,WINNER,12.44,WINNER,,324.95,15.5,8.6,12.5,12.37,667.57,21,1.01,1.01,2,1535.61,,,,,,,13,13.5,1.04,0.98
31/07/2021,7:42:00 PM,7:42:48 PM,Menangle,NSW,5,185813996,R5 1609m Pace M,185813997,Harness,1609,Pace,23278747,1,Vincenzina,LOSER,27.57,LOSER,,349.8,34,20,26,25.28,213.27,780,11,780,43.28,40.79,,4.8,4.2,4.3,4.38,289.51,24,25,1.04,0.98
31/07/2021,7:42:00 PM,7:42:48 PM,Menangle,NSW,5,185813996,R5 1609m Pace M,185813997,Harness,1609,Pace,12586619,2,Never Been Said,WINNER,2.7,WINNER,,3822.41,4.5,2.66,2.76,3.1,5602.47,8.8,1.01,1.01,2.14,3092.18,,1.61,1.51,1.51,1.56,1071.96,3.1,3.15,1.04,0.98
31/07/2021,7:42:00 PM,7:42:48 PM,Menangle,NSW,5,185813996,R5 1609m Pace M,185813997,Harness,1609,Pace,36610543,3,Viva Las Vegas,LOSER,19.58,WINNER,,306.31,19.5,12.5,18.5,15.54,427.47,780,2.92,280,21.4,166.98,,4,3.15,3.55,3.41,141.84,16,17.5,1.04,0.98
31/07/2021,7:42:00 PM,7:42:48 PM,Menangle,NSW,5,185813996,R5 1609m Pace M,185813997,Harness,1609,Pace,887884,4,Bankers Gold,LOSER,28.88,WINNER,,486.29,60,23,36,38.03,355.07,780,2.22,690,23.35,188.64,,7.4,7,7.4,7.19,110.31,38,48,1.04,0.98
31/07/2021,7:42:00 PM,7:42:48 PM,Menangle,NSW,5,185813996,R5 1609m Pace M,185813997,Harness,1609,Pace,12741267,5,Benalong Valley,LOSER,11.84,LOSER,,926.59,24,12.5,15.5,17.53,737.19,780,7.4,690,19.13,217.01,,3.65,3.3,3.3,3.36,25.5,13.5,15,1.04,0.98
31/07/2021,7:42:00 PM,7:42:48 PM,Menangle,NSW,5,185813996,R5 1609m Pace M,185813997,Harness,1609,Pace,22862339,7,Forever Yin,LOSER,13.5,LOSER,,465.24,13.5,9.4,13,11.09,788.68,780,9.4,780,18.26,303.83,,3,2.5,2.6,2.6,5.72,10,10.5,1.04,0.98
31/07/2021,7:42:00 PM,7:42:48 PM,Menangle,NSW,5,185813996,R5 1609m Pace M,185813997,Harness,1609,Pace,18953333,8,Pay Me Overs,LOSER,34.26,LOSER,,593.9,70,36,44,43.25,314.84,780,9,780,25.68,393.93,,7.2,6.8,7.2,7.03,205.16,40,46,1.04,0.98
31/07/2021,7:42:00 PM,7:42:48 PM,Menangle,NSW,5,185813996,R5 1609m Pace M,185813997,Harness,1609,Pace,27602062,9,He Bettor Step Aside,LOSER,57.35,LOSER,,156.13,75,27,75,43.63,66.41,690,14.5,690,55.44,57.94,,9.2,5.3,6.8,6.87,11.05,36,44,1.04,0.98
31/07/2021,7:42:00 PM,7:42:48 PM,Menangle,NSW,5,185813996,R5 1609m Pace M,185813997,Harness,1609,Pace,2077448,11,Always Rockin,LOSER,16.7,LOSER,,403.65,18.5,6.6,15.5,12.95,936.45,900,11,710,47.04,128.06,,3.55,2.94,3.55,3.4,117.96,13,14.5,1.04,0.98
31/07/2021,7:42:00 PM,7:42:48 PM,Menangle,NSW,5,185813996,R5 1609m Pace M,185813997,Harness,1609,Pace,23585081,12,Mighty Flying Art,LOSER,3.32,LOSER,,2623.29,4.6,2.5,3.5,3.31,4271.43,690,1.53,690,2.79,1967.74,,1.73,1.41,1.71,1.55,1725.6,3.5,3.7,1.04,0.98
31/07/2021,8:15:00 PM,8:15:30 PM,Menangle,NSW,6,185813998,R6 2300m Trot M,185813999,Harness,2300,Trot,26337375,2,In The Valley,LOSER,37.7,LOSER,,260.23,48,23,36,36.66,100.18,1000,15,1000,60.52,40.47,,7.4,5.2,7.2,7.34,5.23,32,36,1.03,0.97
31/07/2021,8:15:00 PM,8:15:30 PM,Menangle,NSW,6,185813998,R6 2300m Trot M,185813999,Harness,2300,Trot,12930214,3,Ymbro Wasted,LOSER,22.09,LOSER,,249.87,50,18,23,26.84,179.1,1000,21,1000,58.38,59.64,,5.6,4.6,5.2,5.19,5.29,20,23,1.03,0.97
31/07/2021,8:15:00 PM,8:15:30 PM,Menangle,NSW,6,185813998,R6 2300m Trot M,185813999,Harness,2300,Trot,24633243,4,Major Thomas,LOSER,12.3,LOSER,,418.36,17.5,12,13,13.75,331.09,1000,9,1000,31.8,122.6,,3.7,3.15,3.7,3.69,20.9,13,14,1.03,0.97
31/07/2021,8:15:00 PM,8:15:30 PM,Menangle,NSW,6,185813998,R6 2300m Trot M,185813999,Harness,2300,Trot,13326154,5,Drop The Hammer,LOSER,2,WINNER,,2415.15,2.2,1.39,2.02,1.94,10975.88,100,1.19,19.5,2.16,4334.34,,1.44,1.2,1.29,1.25,119.74,1.99,2.08,1.03,0.97
31/07/2021,8:15:00 PM,8:15:30 PM,Menangle,NSW,6,185813998,R6 2300m Trot M,185813999,Harness,2300,Trot,888643,7,Caligula,WINNER,2.71,WINNER,,1486.27,7,2.62,2.66,2.83,1799.61,6.2,1.01,1.04,1.61,3640.48,,1.43,1.37,1.42,1.39,584.05,2.72,2.86,1.03,0.97
31/07/2021,8:45:00 PM,8:45:35 PM,Menangle,NSW,7,185814000,R7 1609m Pace M,185814001,Harness,1609,Pace,23068626,2,Madazalways,LOSER,7.93,LOSER,,418.75,9.4,4.7,7.2,6.84,1812.01,690,4.5,490,8.15,518.59,,1.65,1.5,1.54,1.6,251.85,7,7.4,1.02,0.97
31/07/2021,8:45:00 PM,8:45:35 PM,Menangle,NSW,7,185814000,R7 1609m Pace M,185814001,Harness,1609,Pace,18953334,3,True Confessions,LOSER,16.87,WINNER,,223.35,22,8.8,16,16.17,550.06,140,11,130,23.54,93.13,,2.86,2.16,2.38,2.3,411.28,14,14.5,1.02,0.97
31/07/2021,8:45:00 PM,8:45:35 PM,Menangle,NSW,7,185814000,R7 1609m Pace M,185814001,Harness,1609,Pace,38687303,4,Balducci,WINNER,1.46,WINNER,,3733.28,1.8,1.43,1.48,1.5,11507.07,1.57,1.01,1.01,1.22,3700.45,,1.16,1.09,1.12,1.11,286.22,1.54,1.58,1.02,0.97
31/07/2021,8:45:00 PM,8:45:35 PM,Menangle,NSW,7,185814000,R7 1609m Pace M,185814001,Harness,1609,Pace,8646839,5,Jedi Mind,LOSER,93.86,LOSER,,89.94,150,36,140,102.24,72.32,950,65,950,174.41,13.89,,7,7,7,7,21.83,80,90,1.02,0.97
31/07/2021,8:45:00 PM,8:45:35 PM,Menangle,NSW,7,185814000,R7 1609m Pace M,185814001,Harness,1609,Pace,13028331,6,Elms Creek,LOSER,59.08,LOSER,,84.36,85,18.5,75,53.85,72.61,930,32,930,131.21,17.17,,,,,,,42,75,1.02,0.97
31/07/2021,8:45:00 PM,8:45:35 PM,Menangle,NSW,7,185814000,R7 1609m Pace M,185814001,Harness,1609,Pace,24265616,7,Eye Can Run,LOSER,16.5,LOSER,,334.97,27,12.5,17.5,16.14,430.94,780,9.6,780,47.24,63.62,,2.92,2.34,2.34,2.49,25.15,16,17.5,1.02,0.97
31/07/2021,8:45:00 PM,8:45:35 PM,Menangle,NSW,7,185814000,R7 1609m Pace M,185814001,Harness,1609,Pace,38397590,8,Ball Of Art,LOSER,29.1,LOSER,,206.46,32,16,29,25.87,168.4,920,22,920,82.15,31.79,,,,,,,22,26,1.02,0.97
31/07/2021,8:45:00 PM,8:45:35 PM,Menangle,NSW,7,185814000,R7 1609m Pace M,185814001,Harness,1609,Pace,19976474,9,Rock Of Delight,LOSER,46,WINNER,,105.24,120,22,46,54.91,104.57,780,16,780,67.85,46.46,,,,,,,75,110,1.02,0.97
31/07/2021,9:13:00 PM,9:14:49 PM,Menangle,NSW,8,185814002,R8 2300m Trot M,185814003,Harness,2300,Trot,36527035,1,Young Son,LOSER,114.66,WINNER,,58.28,220,44,70,80.84,59.99,630,29,630,74.69,11.38,,10,7.6,10,9.81,5,80,150,1.05,0.97
31/07/2021,9:13:00 PM,9:14:49 PM,Menangle,NSW,8,185814002,R8 2300m Trot M,185814003,Harness,2300,Trot,8746888,2,Kyvalley Boomerang,WINNER,25.91,WINNER,,149.56,55,26,36,32.54,375.48,65,1.04,1.12,2.55,1049.2,,5.5,5.3,5.5,5.37,101.22,32,38,1.05,0.97
31/07/2021,9:13:00 PM,9:14:49 PM,Menangle,NSW,8,185814002,R8 2300m Trot M,185814003,Harness,2300,Trot,19798350,3,Do Ball,LOSER,22.02,LOSER,,236.95,32,14,18,20.09,247.8,210,17.5,210,29.61,26.62,,3.8,3.8,3.8,3.8,5,19.5,26,1.05,0.97
31/07/2021,9:13:00 PM,9:14:49 PM,Menangle,NSW,8,185814002,R8 2300m Trot M,185814003,Harness,2300,Trot,40372317,4,Sekkie Monkey,LOSER,7.85,WINNER,,434.6,10,7.4,7.8,8.39,1984.98,70,4.1,48,7.19,171.99,,3.2,2.36,3.05,2.89,498.49,8.2,9.2,1.05,0.97
31/07/2021,9:13:00 PM,9:14:49 PM,Menangle,NSW,8,185814002,R8 2300m Trot M,185814003,Harness,2300,Trot,8292333,5,Law Legend,LOSER,22.84,LOSER,,171.62,44,25,28,33.01,309.56,100,6.4,50,17.02,73.1,,5.8,4.9,5.8,5.06,31.76,34,36,1.05,0.97
31/07/2021,9:13:00 PM,9:14:49 PM,Menangle,NSW,8,185814002,R8 2300m Trot M,185814003,Harness,2300,Trot,26337696,6,Rolling Secret,LOSER,5.82,LOSER,,495.93,7,5.3,5.5,5.85,1226.02,490,1.5,490,5.3,755.9,,2.02,1.97,1.99,2.01,169.35,6.2,6.4,1.05,0.97
31/07/2021,9:13:00 PM,9:14:49 PM,Menangle,NSW,8,185814002,R8 2300m Trot M,185814003,Harness,2300,Trot,28373345,7,Affaire De Cover,LOSER,2.62,LOSER,,2854.18,3.45,2,2.64,2.63,9129.23,1000,2.02,1000,5.47,1657.25,,1.53,1.37,1.45,1.48,172.01,2.54,2.58,1.05,0.97
31/07/2021,9:13:00 PM,9:14:49 PM,Menangle,NSW,8,185814002,R8 2300m Trot M,185814003,Harness,2300,Trot,21412065,8,Riteur,LOSER,17,LOSER,,197.23,20,12,17,14.43,643.94,490,2.44,490,11.68,480.29,,3.85,3.5,3.85,3.68,16.04,13,18,1.05,0.97
31/07/2021,9:13:00 PM,9:14:49 PM,Menangle,NSW,8,185814002,R8 2300m Trot M,185814003,Harness,2300,Trot,24265662,9,Orlando Storm,LOSER,65,LOSER,,102.78,80,42,60,54.52,110.97,590,30,590,71.84,12.83,,,,,,,55,95,1.05,0.97
31/07/2021,9:13:00 PM,9:14:49 PM,Menangle,NSW,8,185814002,R8 2300m Trot M,185814003,Harness,2300,Trot,28315977,10,Sunny Gee,LOSER,8,LOSER,,421.86,7.6,5,7.6,6.56,1521.44,880,2.76,880,13.93,588.9,,2.48,2.08,2.24,2.25,226.94,6.4,6.6,1.05,0.97
31/07/2021,8:14:00 PM,8:15:00 PM,Northam,WA,1,185819276,R1 2190m Pace M,185819277,Harness,2190,Pace,39317054,1,Thats So Fetch,LOSER,174.54,LOSER,9,18.64,290,110,110,168.56,32.86,880,340,780,362.61,31.83,123.06,14,8.6,9,10.77,642.51,140,170,1.01,0.99
31/07/2021,8:14:00 PM,8:15:00 PM,Northam,WA,1,185819276,R1 2190m Pace M,185819277,Harness,2190,Pace,39326184,2,Hillview Bondi,WINNER,1.16,WINNER,1.07,4135.95,1.5,1.14,1.16,1.16,15519.53,1.17,1.01,1.01,1.06,5752.87,,1.09,1.04,1.04,1.05,3014.99,1.14,1.15,1.01,0.99
31/07/2021,8:14:00 PM,8:15:00 PM,Northam,WA,1,185819276,R1 2190m Pace M,185819277,Harness,2190,Pace,39317059,3,Testarudo,LOSER,19.65,LOSER,3.5,253.89,22,10.5,19,18.5,167.2,690,16.5,690,118.16,10.93,319.22,2.98,2.46,2.5,2.51,114.71,21,22,1.01,0.99
31/07/2021,8:14:00 PM,8:15:00 PM,Northam,WA,1,185819276,R1 2190m Pace M,185819277,Harness,2190,Pace,36852554,4,Go Widgie,LOSER,85,LOSER,12.64,69.69,200,44,85,111.71,28.99,690,130,690,207.73,6.14,108.98,7.6,7.6,7.6,7.6,1,120,130,1.01,0.99
31/07/2021,8:14:00 PM,8:15:00 PM,Northam,WA,1,185819276,R1 2190m Pace M,185819277,Harness,2190,Pace,37425528,5,Goodealehmaddie,LOSER,17.04,WINNER,2.62,300.56,20,6,18.5,16.05,276.93,690,13.5,690,35.7,72.44,,2.68,2.44,2.54,2.45,219.71,18,19.5,1.01,0.99
31/07/2021,8:14:00 PM,8:15:00 PM,Northam,WA,1,185819276,R1 2190m Pace M,185819277,Harness,2190,Pace,39150281,6,Mybrotherskeeper,LOSER,68.04,LOSER,10.7,121.39,250,42,70,92.57,44.36,900,110,900,244.55,1.55,121,,,,,,100,130,1.01,0.99
31/07/2021,8:14:00 PM,8:15:00 PM,Northam,WA,1,185819276,R1 2190m Pace M,185819277,Harness,2190,Pace,616701,7,Royal Order,LOSER,79.06,LOSER,11.63,74.04,250,44,80,111.44,36.98,740,150,480,247.45,1.88,86.83,8.4,7.2,8.4,8.22,113.78,150,160,1.01,0.99
31/07/2021,8:40:00 PM,8:40:33 PM,Northam,WA,2,185819278,R2 2190m Pace M,185819279,Harness,2190,Pace,6887758,1,Seger,LOSER,6.8,LOSER,1.99,517.42,8,5.3,6.6,6.05,105.62,490,2.92,490,19.31,161.94,622.34,,,,,,6,6.6,1.06,0.98
31/07/2021,8:40:00 PM,8:40:33 PM,Northam,WA,2,185819278,R2 2190m Pace M,185819279,Harness,2190,Pace,7388261,2,Changingoftheguard,WINNER,3.05,WINNER,1.44,1156.88,3.15,2.44,3.05,2.8,567.05,3.2,1.01,1.01,1.58,1537.11,582.39,1.46,1.28,1.32,1.34,24,2.82,2.98,1.06,0.98
31/07/2021,8:40:00 PM,8:40:33 PM,Northam,WA,2,185819278,R2 2190m Pace M,185819279,Harness,2190,Pace,27341074,3,Miracle Max,LOSER,4.3,LOSER,1.57,910.02,4.4,2.78,3.85,3.69,234.65,690,3,690,12.42,206.02,1197.57,1.76,1.5,1.5,1.51,2.15,3.8,4.1,1.06,0.98
31/07/2021,8:40:00 PM,8:40:33 PM,Northam,WA,2,185819278,R2 2190m Pace M,185819279,Harness,2190,Pace,13942222,4,Seven Demerits,LOSER,5.84,WINNER,1.82,517.39,6.4,5,5.5,5.81,608.45,140,1.83,140,8.1,135.4,814.14,1.95,1.67,1.68,1.69,52.68,5.4,5.8,1.06,0.98
31/07/2021,8:40:00 PM,8:40:33 PM,Northam,WA,2,185819278,R2 2190m Pace M,185819279,Harness,2190,Pace,23600500,5,Sono Abruzzese,LOSER,15.52,WINNER,3.8,214.89,42,18,18,29.04,232.5,360,10.5,360,22.09,51.38,331.8,5.6,3.15,3.15,3.83,25,18.5,23,1.06,0.98
31/07/2021,8:40:00 PM,8:40:33 PM,Northam,WA,2,185819278,R2 2190m Pace M,185819279,Harness,2190,Pace,12324956,6,Murihiku Miss,LOSER,814.7,LOSER,54.4,12.4,360,200,240,267.13,1.44,990,320,690,720.37,12.27,42.68,,,,,,240,320,1.06,0.98
31/07/2021,8:40:00 PM,8:40:33 PM,Northam,WA,2,185819278,R2 2190m Pace M,185819279,Harness,2190,Pace,23178785,7,Hilo Tyson,LOSER,43.72,LOSER,5.57,79.72,50,26,42,38.84,145.18,690,42,690,55.9,10.54,345.48,4.5,4.5,4.5,4.5,25,34,40,1.06,0.98
31/07/2021,8:40:00 PM,8:40:33 PM,Northam,WA,2,185819278,R2 2190m Pace M,185819279,Harness,2190,Pace,22461863,8,Rather Sentimental,LOSER,805.89,LOSER,49.96,9.33,360,190,360,287.36,6.23,980,360,980,804.83,9.15,44.33,,,,,,250,350,1.06,0.98
31/07/2021,9:09:00 PM,9:09:33 PM,Northam,WA,3,185819280,R3 2190m Pace M,185819281,Harness,2190,Pace,26225509,1,Star Of Madonna,WINNER,3.45,WINNER,1.48,1517.88,5.2,2.92,3.2,3.44,2708.76,5,1.03,1.03,2.14,1401.03,1653.2,1.56,1.4,1.53,1.5,208.25,3.55,3.9,1.04,0.96
31/07/2021,9:09:00 PM,9:09:33 PM,Northam,WA,3,185819280,R3 2190m Pace M,185819281,Harness,2190,Pace,40372371,2,Gods Plan,LOSER,5.35,WINNER,2.19,839.55,7.6,4.4,5.2,4.91,925.82,140,4.6,70,7.42,153.91,757.72,2.18,1.83,1.91,1.83,25.68,5,5.2,1.04,0.96
31/07/2021,9:09:00 PM,9:09:33 PM,Northam,WA,3,185819280,R3 2190m Pace M,185819281,Harness,2190,Pace,12827901,3,Wilkins Medinahall,LOSER,110,LOSER,18.24,51.71,250,75,100,112.85,34.27,690,50,690,77.74,35.48,78.72,17,14,14,15.22,30.05,80,100,1.04,0.96
31/07/2021,9:09:00 PM,9:09:33 PM,Northam,WA,3,185819280,R3 2190m Pace M,185819281,Harness,2190,Pace,37467859,4,Patrikiar,LOSER,16.5,LOSER,5.53,216.15,21,13.5,18.5,18.02,144.58,720,8.2,690,57.75,40.24,193.14,,,,,,17.5,19.5,1.04,0.96
31/07/2021,9:09:00 PM,9:09:33 PM,Northam,WA,3,185819280,R3 2190m Pace M,185819281,Harness,2190,Pace,5870193,5,Captain Casual,LOSER,9,LOSER,2.76,247.11,14,7.2,7.8,9.13,749.97,480,7.6,360,21.74,78.91,493.91,2.92,2.52,2.52,2.74,10.92,8.8,9.4,1.04,0.96
31/07/2021,9:09:00 PM,9:09:33 PM,Northam,WA,3,185819280,R3 2190m Pace M,185819281,Harness,2190,Pace,2341315,6,Bells Fool,LOSER,36.71,LOSER,12.45,133.74,110,30,40,56.82,142.95,690,32,690,41.82,75.42,155.9,,,,,,34,40,1.04,0.96
31/07/2021,9:09:00 PM,9:09:33 PM,Northam,WA,3,185819280,R3 2190m Pace M,185819281,Harness,2190,Pace,36841141,7,Baltic Ace,LOSER,8.16,LOSER,2.98,501.75,13.5,4.2,10.5,7.49,1099.25,130,6,70,10.9,83.95,178.39,2.22,1.92,2.22,2.04,43.89,5.5,5.9,1.04,0.96
31/07/2021,9:09:00 PM,9:09:33 PM,Northam,WA,3,185819280,R3 2190m Pace M,185819281,Harness,2190,Pace,37081840,8,The Monies On,LOSER,26.12,LOSER,10.19,179.46,44,26,32,34.76,182.51,230,25,130,30.62,59.92,179.69,6.8,4.5,5,4.77,156.88,30,32,1.04,0.96
31/07/2021,9:09:00 PM,9:09:33 PM,Northam,WA,3,185819280,R3 2190m Pace M,185819281,Harness,2190,Pace,19866078,9,Girlfromdandalup,LOSER,81.87,LOSER,13.9,70.78,100,55,75,74,59.76,160,80,85,85.48,32.82,72.16,11.5,11,11,11.25,10,80,85,1.04,0.96
31/07/2021,9:09:00 PM,9:09:33 PM,Northam,WA,3,185819280,R3 2190m Pace M,185819281,Harness,2190,Pace,28342587,10,Mary Joe,LOSER,8.01,WINNER,2.85,383.64,13.5,7.4,7.8,9.85,705.03,130,4.5,100,10.39,93.46,224.46,3.2,2.36,2.76,2.4,102.88,8.8,9.6,1.04,0.96
31/07/2021,9:42:00 PM,9:42:32 PM,Northam,WA,4,185819282,R4 2190m Pace M,185819283,Harness,2190,Pace,28342491,1,Caulonia Arty,LOSER,70,LOSER,7.61,74,85,42,85,54.63,63.46,750,25,750,124.27,18.41,331.26,10,6.2,10,9.13,24.23,75,80,1.04,0.96
31/07/2021,9:42:00 PM,9:42:32 PM,Northam,WA,4,185819282,R4 2190m Pace M,185819283,Harness,2190,Pace,34173393,2,Bazza Mac,LOSER,9.07,LOSER,2.81,454.2,13,9,9.4,9.75,529.57,14.5,4.9,12.5,7.07,284.05,273.93,2.96,2.5,2.5,2.53,6.89,10.5,11.5,1.04,0.96
31/07/2021,9:42:00 PM,9:42:32 PM,Northam,WA,4,185819282,R4 2190m Pace M,185819283,Harness,2190,Pace,23585062,3,Kiwi Jewel,LOSER,6.6,WINNER,2.36,619.85,8.4,4.7,6.6,6.67,1068.59,25,1.42,1.49,4.24,191.4,209.36,2.2,1.85,2.08,1.91,109.79,6.6,8,1.04,0.96
31/07/2021,9:42:00 PM,9:42:32 PM,Northam,WA,4,185819282,R4 2190m Pace M,185819283,Harness,2190,Pace,37081781,4,Aussie Edition,LOSER,2.65,WINNER,1.31,2215.21,4.1,2.18,2.4,2.41,5869.03,7.6,1.6,2.1,2.78,1358.1,1830.08,1.4,1.22,1.34,1.33,162.08,2.26,2.36,1.04,0.96
31/07/2021,9:42:00 PM,9:42:32 PM,Northam,WA,4,185819282,R4 2190m Pace M,185819283,Harness,2190,Pace,24540497,5,The Great Dane,LOSER,8.12,LOSER,2.76,530.13,24,8.6,9,11.79,1379.27,690,5.2,690,11.06,589.9,133.12,3.35,2.4,2.4,2.68,60.18,8.8,9.8,1.04,0.96
31/07/2021,9:42:00 PM,9:42:32 PM,Northam,WA,4,185819282,R4 2190m Pace M,185819283,Harness,2190,Pace,23617655,6,Missplay,LOSER,16.66,LOSER,3.64,241.59,17,11,16,14.21,236.15,90,5.8,90,14.96,87.72,447.69,,,,,,14.5,15.5,1.04,0.96
31/07/2021,9:42:00 PM,9:42:32 PM,Northam,WA,4,185819282,R4 2190m Pace M,185819283,Harness,2190,Pace,27212808,7,Livy Jay,LOSER,11.27,LOSER,3.13,516.83,10.5,4.4,10,8.23,491.56,500,1.82,500,14.09,385.89,270.94,9.6,1.75,9.6,3.06,58.98,9.8,10.5,1.04,0.96
31/07/2021,9:42:00 PM,9:42:32 PM,Northam,WA,4,185819282,R4 2190m Pace M,185819283,Harness,2190,Pace,18576295,8,Ideal Extra,LOSER,78.71,LOSER,26.5,58,85,48,75,71.09,50.54,130,32,130,68.72,21.48,73.26,,,,,,75,90,1.04,0.96
31/07/2021,9:42:00 PM,9:42:32 PM,Northam,WA,4,185819282,R4 2190m Pace M,185819283,Harness,2190,Pace,23814210,9,Major Jade,WINNER,26.63,WINNER,4.9,137.1,48,16,24,21.39,163.38,29,12.5,29,22.29,18.77,341.5,4.3,4.3,4.3,4.3,2.99,26,27,1.04,0.96
31/07/2021,10:10:00 PM,10:10:34 PM,Northam,WA,5,185819284,R5 2190m Pace M,185819285,Harness,2190,Pace,28424745,1,Nuclear Poker,LOSER,22.57,LOSER,3.5,272.13,30,14.5,22,21.81,490.17,690,3.25,300,24.88,49,412.75,3.5,3.25,3.45,3.33,158.05,20,22,1.04,0.98
31/07/2021,10:10:00 PM,10:10:34 PM,Northam,WA,5,185819284,R5 2190m Pace M,185819285,Harness,2190,Pace,23103589,2,Our Burling,LOSER,3.6,LOSER,1.49,1124.38,3.8,2.52,3.6,3.31,3188.31,780,2.42,780,5.45,842.62,1025.83,1.55,1.29,1.41,1.43,93.46,3.45,3.7,1.04,0.98
31/07/2021,10:10:00 PM,10:10:34 PM,Northam,WA,5,185819284,R5 2190m Pace M,185819285,Harness,2190,Pace,36770952,3,Tiza New Day,LOSER,74.1,WINNER,14.49,115.01,130,60,60,84.38,94.36,890,2.06,300,33.5,43.93,124.82,,,,,,85,110,1.04,0.98
31/07/2021,10:10:00 PM,10:10:34 PM,Northam,WA,5,185819284,R5 2190m Pace M,185819285,Harness,2190,Pace,14425782,4,Phar From Kalahari,LOSER,9.76,LOSER,2.4,444.74,20,8.8,9.6,11.34,1564.63,490,9.2,490,28.65,55.08,399.51,3.05,2.36,2.38,2.42,163.18,9,9.8,1.04,0.98
31/07/2021,10:10:00 PM,10:10:34 PM,Northam,WA,5,185819284,R5 2190m Pace M,185819285,Harness,2190,Pace,12863205,5,Kennys Revenge,LOSER,108.43,LOSER,63.78,67.16,360,100,110,141.17,57.58,840,480,700,647.08,0.66,35.58,,,,,,160,250,1.04,0.98
31/07/2021,10:10:00 PM,10:10:34 PM,Northam,WA,5,185819284,R5 2190m Pace M,185819285,Harness,2190,Pace,38484037,6,Smooth Rye,WINNER,2.71,WINNER,1.48,1871.99,3.45,2.42,2.64,2.58,7966.44,3.4,1.01,1.01,1.71,2273.87,463.84,1.7,1.31,1.37,1.54,901.47,2.5,2.56,1.04,0.98
31/07/2021,10:10:00 PM,10:10:34 PM,Northam,WA,5,185819284,R5 2190m Pace M,185819285,Harness,2190,Pace,28343033,7,Star Of The Class,LOSER,7.53,LOSER,1.73,817.36,11,7,7.6,8.14,891.52,290,2,130,5.21,379,1115.68,2.46,1.64,1.79,1.97,893.79,8.2,8.6,1.04,0.98
31/07/2021,10:10:00 PM,10:10:34 PM,Northam,WA,5,185819284,R5 2190m Pace M,185819285,Harness,2190,Pace,27341177,8,Batavia Silverline,LOSER,46.88,LOSER,287.8,144.38,70,44,48,53.19,109.36,690,65,690,124.72,8.86,,,,,,,50,60,1.04,0.98
31/07/2021,10:10:00 PM,10:10:34 PM,Northam,WA,5,185819284,R5 2190m Pace M,185819285,Harness,2190,Pace,12571513,9,Impressive Signs,LOSER,130.16,LOSER,27.56,52.15,260,120,150,182.09,56.83,900,340,700,606.34,0.76,80.69,,,,,,180,230,1.04,0.98
31/07/2021,10:10:00 PM,10:10:34 PM,Northam,WA,5,185819284,R5 2190m Pace M,185819285,Harness,2190,Pace,22054343,10,Ideal Charm,LOSER,37.28,WINNER,273,138.76,80,36,38,44.02,118.5,300,2.1,130,19.23,70.27,,6.2,5.1,6.2,5.97,1.43,42,46,1.04,0.98
31/07/2021,10:40:00 PM,10:40:54 PM,Northam,WA,6,185819286,R6 2150m Pace S,185819287,Harness,2150,Pace,26122967,1,Rollyourown,LOSER,81.56,LOSER,11.94,111.58,100,44,85,80.97,82.52,620,18.5,620,90.04,24.77,67.63,12,7.2,10,10.6,109.45,90,100,1.02,0.98
31/07/2021,10:40:00 PM,10:40:54 PM,Northam,WA,6,185819286,R6 2150m Pace S,185819287,Harness,2150,Pace,19086429,2,Thewizard,WINNER,5.34,WINNER,1.75,1037.89,8.8,4.8,5,5.92,1816.85,70,1.03,1.04,2.1,923.55,1154.63,2.08,1.74,1.76,1.86,1435.16,5.9,5.9,1.02,0.98
31/07/2021,10:40:00 PM,10:40:54 PM,Northam,WA,6,185819286,R6 2150m Pace S,185819287,Harness,2150,Pace,20256275,3,How Gouda She,LOSER,38.42,WINNER,7.07,187.73,46,22,40,39.23,138.08,580,12,580,46.79,23.61,248.65,,,,,,40,46,1.02,0.98
31/07/2021,10:40:00 PM,10:40:54 PM,Northam,WA,6,185819286,R6 2150m Pace S,185819287,Harness,2150,Pace,20957694,4,Over Armed,LOSER,42,LOSER,5.58,158.25,42,19.5,42,32.36,62.76,570,14,570,64.48,14.91,368.67,5.6,5.2,5.6,5.43,13.51,38,40,1.02,0.98
31/07/2021,10:40:00 PM,10:40:54 PM,Northam,WA,6,185819286,R6 2150m Pace S,185819287,Harness,2150,Pace,21771282,5,Libba Racy,LOSER,245.63,LOSER,28.85,36.12,410,240,250,312.54,30.05,700,390,700,635.07,0.7,83.11,29,22,29,24.73,35.69,260,360,1.02,0.98
31/07/2021,10:40:00 PM,10:40:54 PM,Northam,WA,6,185819286,R6 2150m Pace S,185819287,Harness,2150,Pace,38108285,6,Jill Mach,LOSER,9.52,WINNER,3.07,762.46,23,7.8,11,13.96,1197.95,140,15,140,42.13,19.91,546.79,3.4,2.84,2.84,3.31,27.79,10.5,11,1.02,0.98
31/07/2021,10:40:00 PM,10:40:54 PM,Northam,WA,6,185819286,R6 2150m Pace S,185819287,Harness,2150,Pace,35460755,7,The Situation,LOSER,14.5,LOSER,3.64,386.54,17,12,14.5,14.76,239.02,130,19.5,130,41.74,20.1,523.9,3.6,3.55,3.6,3.6,11.05,15.5,16.5,1.02,0.98
31/07/2021,10:40:00 PM,10:40:54 PM,Northam,WA,6,185819286,R6 2150m Pace S,185819287,Harness,2150,Pace,27943981,8,The Rock Inn,LOSER,7.6,LOSER,2.18,731.59,15.5,6.6,7.6,8.52,1560.92,490,9.6,140,25.3,118.62,851.27,2.54,2.12,2.18,2.16,71.31,6.8,7.2,1.02,0.98
31/07/2021,10:40:00 PM,10:40:54 PM,Northam,WA,6,185819286,R6 2150m Pace S,185819287,Harness,2150,Pace,21677684,9,The Party Boy,LOSER,120,LOSER,17.49,50.03,190,110,140,129.93,22.72,790,210,700,552.14,0.8,108.9,,,,,,120,150,1.02,0.98
31/07/2021,10:40:00 PM,10:40:54 PM,Northam,WA,6,185819286,R6 2150m Pace S,185819287,Harness,2150,Pace,28708236,10,Gee Smith,LOSER,2.61,LOSER,1.49,2042.02,2.7,1.69,2.52,2.08,12492.87,6,1.04,5.8,1.46,1514.92,1640.97,1.58,1.21,1.5,1.43,1825.28,2.26,2.32,1.02,0.98
31/07/2021,10:40:00 PM,10:40:54 PM,Northam,WA,6,185819286,R6 2150m Pace S,185819287,Harness,2150,Pace,11406791,11,Thejewelinhereye,LOSER,34,LOSER,5.87,167.98,34,24,34,30.52,105.08,580,44,580,99.57,8.8,293.23,5.5,4.6,5.5,4.8,35.49,34,36,1.02,0.98
31/07/2021,11:15:00 PM,11:15:26 PM,Northam,WA,7,185819288,R7 2190m Pace M,185819289,Harness,2190,Pace,39170129,1,Robo Reactor,LOSER,3.3,LOSER,1.99,1539.92,5.5,3.35,3.4,3.68,1669.94,360,2.2,360,3.92,439.09,778.52,2.2,1.85,1.87,1.88,52.41,3.75,3.9,1.01,0.98
31/07/2021,11:15:00 PM,11:15:26 PM,Northam,WA,7,185819288,R7 2190m Pace M,185819289,Harness,2190,Pace,40372372,2,Silent Reaction,WINNER,13,WINNER,4.56,248.88,14.5,10,12.5,11.43,374.56,13.5,1.04,8.6,1.97,504.22,310.49,4.3,3.65,3.7,3.75,422.46,10.5,11,1.01,0.98
31/07/2021,11:15:00 PM,11:15:26 PM,Northam,WA,7,185819288,R7 2190m Pace M,185819289,Harness,2190,Pace,37017026,3,Paroquet,LOSER,21,LOSER,6.6,213.11,20,7.8,16,13.91,165.36,490,9.2,490,36.85,18.98,158.36,5,2.8,2.8,3.71,203.79,15,16.5,1.01,0.98
31/07/2021,11:15:00 PM,11:15:26 PM,Northam,WA,7,185819288,R7 2190m Pace M,185819289,Harness,2190,Pace,24705993,4,Magical Mysty,LOSER,14.71,LOSER,6.1,422.6,26,16.5,16.5,20.06,303,910,9.2,690,35.96,133.14,140.79,4.5,4,4.1,4.09,203.79,17,18,1.01,0.98
31/07/2021,11:15:00 PM,11:15:26 PM,Northam,WA,7,185819288,R7 2190m Pace M,185819289,Harness,2190,Pace,28373363,5,Mega Mach,LOSER,3.08,LOSER,1.83,1527,3.2,2,2.9,2.76,3885.76,780,2.74,780,11.46,507.57,973.18,1.81,1.6,1.61,1.72,88.48,2.78,2.82,1.01,0.98
31/07/2021,11:15:00 PM,11:15:26 PM,Northam,WA,7,185819288,R7 2190m Pace M,185819289,Harness,2190,Pace,22397083,6,Remarkable Star,LOSER,95,LOSER,53.32,65.05,150,80,110,107.35,115.76,690,85,690,185.55,1.59,41.15,17.5,17.5,17.5,17.5,3.24,95,100,1.01,0.98
31/07/2021,11:15:00 PM,11:15:26 PM,Northam,WA,7,185819288,R7 2190m Pace M,185819289,Harness,2190,Pace,28467047,7,The Bands Playing,LOSER,5.93,WINNER,3.33,563.82,6.8,5.2,5.7,5.99,835.68,48,1.08,1.53,4.35,446.74,276.77,3.7,2.66,3,3.32,344.08,6.4,6.8,1.01,0.98
31/07/2021,11:40:00 PM,11:40:42 PM,Northam,WA,8,185819290,R8 2190m Pace M,185819291,Harness,2190,Pace,40372373,1,Hilo Louisa,LOSER,36.68,LOSER,8.36,180.78,70,23,34,30.27,243.53,690,29,300,46.46,23.3,143.98,9.2,7.2,7.2,8.67,74.78,28,32,1,0.99
31/07/2021,11:40:00 PM,11:40:42 PM,Northam,WA,8,185819290,R8 2190m Pace M,185819291,Harness,2190,Pace,8741393,2,Harrier Jet,WINNER,2.68,WINNER,1.46,1256.51,3.25,2.38,2.52,2.7,7501.79,6.2,1.01,1.03,1.94,959,1376.84,1.77,1.45,1.47,1.48,177.92,2.92,2.82,1,0.99
31/07/2021,11:40:00 PM,11:40:42 PM,Northam,WA,8,185819290,R8 2190m Pace M,185819291,Harness,2190,Pace,38629273,3,Sweetest Thing,LOSER,12.74,LOSER,4.2,482.96,25,10.5,13,12.47,1140.62,690,17.5,300,28.26,73.06,397.86,4.5,3.45,4.2,3.81,319.13,11,12,1,0.99
31/07/2021,11:40:00 PM,11:40:42 PM,Northam,WA,8,185819290,R8 2190m Pace M,185819291,Harness,2190,Pace,40372374,4,Carla Mila,LOSER,88.09,LOSER,49.47,106.97,180,55,150,74.46,181.36,690,50,690,82.47,40,38.28,65,36,65,46.55,0.05,80,120,1,0.99
31/07/2021,11:40:00 PM,11:40:42 PM,Northam,WA,8,185819290,R8 2190m Pace M,185819291,Harness,2190,Pace,39528401,5,Cutting Roses,LOSER,19.45,LOSER,5.27,231.1,28,12.5,18.5,16.96,529.65,690,13,690,39.09,25.33,335.75,5,4.9,5,4.92,30,16.5,17,1,0.99
31/07/2021,11:40:00 PM,11:40:42 PM,Northam,WA,8,185819290,R8 2190m Pace M,185819291,Harness,2190,Pace,40372375,6,Cheese And Biccys,LOSER,2.42,WINNER,1.48,1483.78,2.44,1.62,2.42,2.15,8895.11,65,1.32,55,1.7,2118.46,1329.14,1.44,1.19,1.41,1.37,466.75,2.2,2.22,1,0.99
